-0.0772161
-0.0853166
-0.0846048
-0.0748831
-0.0502474
-0.0140847
0.0165662
0.0259920
0.0162745
0.0050730
0.0076413
0.0237104
0.0419386
0.0537492
0.0599312
0.0647901
0.0680665
0.0658365
0.0583274
0.0527878
0.0562358
0.0672264
0.0779610
0.0842753
0.0897591
0.0977292
0.1019997
0.0910172
0.0632546
0.0349261
0.0267936
0.0413679
0.0568603
0.0488868
0.0185926
-0.0062042
-0.0027180
0.0166891
0.0145086
-0.0280711
-0.0848066
-0.1127149
-0.1059643
-0.1067642
-0.1512643
-0.2147841
-0.2352318
-0.1998506
-0.1847427
-0.2727217
-0.4253779
-0.4718945
-0.2687637
0.1197144
0.4293341
0.4186174
0.0954057
-0.2837190
-0.4412632
-0.3041840
-0.0184059
0.2226684
0.3355087
0.3502176
0.3130342
0.2291224
0.0964414
-0.0456053
-0.1330879
-0.1393847
-0.0999859
-0.0698902
-0.0685430
-0.0752614
-0.0689761
-0.0556488
-0.0534344
-0.0638687
-0.0698362
-0.0598913
-0.0439555
-0.0402021
-0.0517517
-0.0630774
-0.0593801
-0.0445752
-0.0374393
-0.0517959
-0.0827886
-0.1120752
-0.1245750
-0.1200940
-0.1107071
-0.1085845
-0.1161407
-0.1265246
-0.1323211
-0.1330298
-0.1340072
-0.1390294
-0.1455069
-0.1478838
-0.1448444
-0.1415060
-0.1441240
-0.1538309
-0.1663952
-0.1770945
-0.1841482
-0.1873397
-0.1850834
-0.1745061
-0.1546305
-0.1290189
-0.1049574
-0.0891047
-0.0820557
-0.0763935
-0.0623374
-0.0382973
-0.0147795
-0.0028412
0.0030418
0.0239148
0.0696565
0.1154958
0.1191481
0.0711489
0.0186196
0.0183002
0.0604147
0.0612807
-0.0401844
-0.1783598
-0.1866693
0.0370874
0.3879841
0.6056139
0.4994535
0.1325839
-0.2248073
-0.3293091
-0.1561050
0.1230001
0.3203520
0.3748646
0.3384088
0.2705044
0.1788275
0.0519924
-0.0874234
-0.1875006
-0.2182956
-0.2004384
-0.1780990
-0.1737476
-0.1763018
-0.1664479
-0.1415783
-0.1138044
-0.0920869
-0.0737122
-0.0517623
-0.0250070
0.0017496
0.0245058
0.0448317
0.0681375
0.0979186
0.1310679
0.1585572
0.1723173
0.1730401
0.1703402
0.1731647
0.1801875
0.1820600
0.1738010
0.1618263
0.1555593
0.1536855
0.1437765
0.1176681
0.0835291
0.0581001
0.0477029
0.0418772
0.0277520
0.0062607
-0.0111351
-0.0204090
-0.0325546
-0.0590799
-0.0938629
-0.1165221
-0.1153735
-0.1017678
-0.0970646
-0.1076171
-0.1183696
-0.1122997
-0.0908657
-0.0705207
-0.0613614
-0.0557301
-0.0400771
-0.0130232
0.0140636
0.0334558
0.0517550
0.0805636
0.1193319
0.1524402
0.1644019
0.1553407
0.1399676
0.1328805
0.1361458
0.1394645
0.1300052
0.1028572
0.0649858
0.0298394
0.0058404
-0.0107893
-0.0294043
-0.0503166
-0.0620539
-0.0592014
-0.0589689
-0.0863716
-0.1361717
-0.1630364
-0.1319026
-0.0811711
-0.1085500
-0.2615200
-0.4405945
-0.4472497
-0.1674364
0.2849985
0.6315718
0.6621853
0.4158750
0.1319305
0.0278298
0.1286872
0.2980932
0.4010103
0.4138011
0.3917000
0.3722154
0.3383982
0.2646788
0.1662222
0.0876172
0.0549388
0.0553421
0.0619898
0.0642867
0.0676464
0.0741250
0.0759684
0.0677931
0.0551170
0.0461308
0.0406280
0.0331642
0.0245106
0.0226116
0.0305524
0.0394925
0.0383562
0.0278578
0.0192548
0.0190460
0.0206791
0.0150215
0.0051691
0.0042854
0.0178338
0.0336045
0.0341724
0.0174777
-0.0001518
-0.0028037
0.0071492
0.0134047
0.0061809
-0.0061363
-0.0070620
0.0093445
0.0326640
0.0476395
0.0482771
0.0399783
0.0308632
0.0242824
0.0199743
0.0198130
0.0292624
0.0514074
0.0798630
0.1002694
0.1025873
0.0931995
0.0912893
0.1083896
0.1321229
0.1368911
0.1147744
0.0899237
0.0923269
0.1173885
0.1246038
0.0863916
0.0293370
0.0071009
0.0280684
0.0326486
-0.0310350
-0.1127235
-0.0777720
0.1471138
0.4494583
0.5878882
0.4056557
-0.0067957
-0.3731937
-0.4628668
-0.2671223
0.0352264
0.2573395
0.3371858
0.3200940
0.2603070
0.1694515
0.0473957
-0.0746423
-0.1449691
-0.1393759
-0.0833101
-0.0241199
0.0103929
0.0238513
0.0321562
0.0428850
0.0525424
0.0552412
0.0492188
0.0379655
0.0291770
0.0315400
0.0485977
0.0747790
0.0997723
0.1179240
0.1316322
0.1446217
0.1545743
0.1556368
0.1473464
0.1368850
0.1305350
0.1257892
0.1155080
0.0988984
0.0838401
0.0764164
0.0716972
0.0593696
0.0378839
0.0180527
0.0099648
0.0096269
0.0034122
-0.0144967
-0.0341943
-0.0424979
-0.0400159
-0.0407061
-0.0543649
-0.0742854
-0.0848570
-0.0781324
-0.0590791
-0.0368482
-0.0171183
-0.0040016
-0.0022531
-0.0110743
-0.0190895
-0.0144537
-0.0017019
0.0001401
-0.0172104
-0.0347386
-0.0271726
-0.0002083
0.0091641
-0.0196316
-0.0551382
-0.0497012
-0.0141560
-0.0280173
-0.1432951
-0.2820059
-0.2709246
-0.0169409
0.3540780
0.5689467
0.4489853
0.0853199
-0.2362041
-0.2878434
-0.0787047
0.2001721
0.3745853
0.4138009
0.3855443
0.3378675
0.2570162
0.1252315
-0.0223519
-0.1211843
-0.1447800
-0.1267597
-0.1144733
-0.1181525
-0.1158648
-0.0967354
-0.0800523
-0.0880332
-0.1135945
-0.1274835
-0.1141873
-0.0892607
-0.0774761
-0.0818866
-0.0826132
-0.0640095
-0.0343289
-0.0148436
-0.0145923
-0.0219814
-0.0204350
-0.0063956
0.0106596
0.0215769
0.0252744
0.0236614
0.0149372
-0.0034261
-0.0266971
-0.0431909
-0.0455167
-0.0401371
-0.0431383
-0.0658455
-0.1051233
-0.1470225
-0.1780872
-0.1933609
-0.1970400
-0.1989131
-0.2090859
-0.2309920
-0.2560997
-0.2678969
-0.2564423
-0.2307550
-0.2130781
-0.2166686
-0.2299708
-0.2271758
-0.1965040
-0.1550918
-0.1322638
-0.1390364
-0.1583474
-0.1663437
-0.1584810
-0.1499402
-0.1528342
-0.1608552
-0.1599055
-0.1480056
-0.1366755
-0.1332911
-0.1311946
-0.1227838
-0.1161574
-0.1284750
-0.1625336
-0.2004967
-0.2268942
-0.2485556
-0.2785031
-0.3042629
-0.2950144
-0.2551048
-0.2534145
-0.3625739
-0.5516303
-0.6634235
-0.5416817
-0.1999411
0.1540791
0.2913762
0.1695056
-0.0374018
-0.1153661
-0.0065428
0.1700930
0.2670954
0.2474280
0.1775918
0.1204107
0.0704462
-0.0073007
-0.1096943
-0.1922233
-0.2247801
-0.2257690
-0.2324433
-0.2523588
-0.2593538
-0.2333728
-0.1887294
-0.1572516
-0.1526986
-0.1608988
-0.1614109
-0.1488885
-0.1310635
-0.1140727
-0.0971527
-0.0794466
-0.0648072
-0.0577337
-0.0586712
-0.0660321
-0.0797242
-0.0985149
-0.1152072
-0.1198813
-0.1104977
-0.0972315
-0.0926310
-0.0985220
-0.1063912
-0.1107493
-0.1170055
-0.1322098
-0.1511035
-0.1584352
-0.1475472
-0.1314546
-0.1296417
-0.1453503
-0.1626335
-0.1678061
-0.1668857
-0.1748816
-0.1915380
-0.1988011
-0.1859202
-0.1666441
-0.1602604
-0.1604193
-0.1398939
-0.0926543
-0.0548688
-0.0639797
-0.1011523
-0.1013211
-0.0353552
0.0391685
0.0444059
0.0025770
0.0494429
0.2850508
0.6139578
0.7799954
0.6008731
0.1694327
-0.2017002
-0.2493012
0.0254375
0.3958607
0.6299972
0.6555573
0.5396424
0.3686553
0.1832945
0.0054065
-0.1282514
-0.1883639
-0.1920232
-0.1906685
-0.2151886
-0.2488072
-0.2599452
-0.2469112
-0.2358453
-0.2412587
-0.2471085
-0.2324985
-0.2028916
-0.1829625
-0.1825425
-0.1832711
-0.1633178
-0.1259528
-0.0946170
-0.0828451
-0.0787355
-0.0619668
-0.0294615
0.0019240
0.0159696
0.0143954
0.0129039
0.0248007
0.0513846
0.0851607
0.1173248
0.1415569
0.1547685
0.1578778
0.1556197
0.1533677
0.1531905
0.1533743
0.1514036
0.1460482
0.1362466
0.1197025
0.0945904
0.0627743
0.0298934
0.0013173
-0.0214927
-0.0399225
-0.0542025
-0.0622513
-0.0635376
-0.0629848
-0.0686234
-0.0841352
-0.1050262
-0.1240257
-0.1391547
-0.1524661
-0.1594840
-0.1459967
-0.1044899
-0.0545678
-0.0349845
-0.0623264
-0.1008157
-0.0927068
-0.0320687
0.0050869
-0.0648540
-0.2137552
-0.2782101
-0.0955254
0.3156976
0.7252612
0.8717461
0.6915963
0.3707459
0.1692919
0.1991538
0.3676019
0.5107014
0.5503666
0.5197156
0.4724054
0.4098660
0.3047331
0.1657410
0.0485102
0.0002831
0.0125733
0.0381858
0.0446325
0.0375430
0.0350429
0.0360966
0.0244180
-0.0033385
-0.0270595
-0.0252839
-0.0012153
0.0200198
0.0188622
0.0006950
-0.0134796
-0.0112076
0.0007976
0.0088139
0.0094781
0.0115206
0.0220363
0.0359825
0.0422741
0.0384794
0.0350295
0.0426288
0.0579381
0.0662053
0.0595594
0.0494023
0.0562300
0.0864308
0.1224762
0.1390734
0.1282323
0.1055979
0.0917864
0.0907553
0.0892240
0.0754562
0.0537441
0.0382244
0.0355057
0.0378983
0.0342449
0.0235401
0.0146773
0.0142587
0.0189079
0.0213644
0.0213559
0.0264632
0.0415419
0.0601539
0.0692197
0.0619145
0.0438450
0.0256450
0.0111397
-0.0049973
-0.0278012
-0.0524693
-0.0665379
-0.0621492
-0.0452610
-0.0317978
-0.0345465
-0.0536865
-0.0789428
-0.0990233
-0.1081842
-0.1057054
-0.0930451
-0.0741724
-0.0571956
-0.0510408
-0.0570425
-0.0647333
-0.0600087
-0.0400388
-0.0183739
-0.0116002
-0.0202498
-0.0265858
-0.0148090
0.0082976
0.0184830
0.0021925
-0.0249920
-0.0343659
-0.0177297
0.0032142
0.0060171
-0.0009495
0.0116947
0.0517568
0.0873156
0.0850080
0.0596735
0.0620824
0.1047706
0.1197624
0.0264706
-0.1443053
-0.2214931
-0.0334626
0.4019718
0.8430570
1.0101292
0.8245379
0.4665745
0.2010090
0.1529662
0.2487435
0.3445009
0.3759835
0.3769621
0.3869348
0.3842919
0.3202911
0.1926902
0.0585767
-0.0250623
-0.0542775
-0.0643463
-0.0779287
-0.0843059
-0.0681376
-0.0405969
-0.0296094
-0.0451500
-0.0675875
-0.0734510
-0.0633205
-0.0562924
-0.0610391
-0.0630517
-0.0444961
-0.0099799
0.0157873
0.0164422
0.0038518
0.0053717
0.0335627
0.0732921
0.0996386
0.1046130
0.1025564
0.1101929
0.1258406
0.1314922
0.1145689
0.0843839
0.0649302
0.0716431
0.0965030
0.1162704
0.1144661
0.0949064
0.0752445
0.0697072
0.0785810
0.0914741
0.0966762
0.0867415
0.0596224
0.0202872
-0.0176238
-0.0366873
-0.0281705
-0.0009882
0.0247737
0.0356715
0.0352853
0.0353831
0.0388256
0.0357407
0.0180589
-0.0064450
-0.0200361
-0.0152912
-0.0048631
-0.0075604
-0.0266486
-0.0462601
-0.0497950
-0.0376843
-0.0238803
-0.0176291
-0.0146334
-0.0080055
-0.0029865
-0.0143968
-0.0483222
-0.0907694
-0.1190283
-0.1246396
-0.1225587
-0.1360323
-0.1730340
-0.2182234
-0.2470558
-0.2466034
-0.2237727
-0.1966460
-0.1802611
-0.1793004
-0.1898371
-0.2041246
-0.2138692
-0.2130248
-0.2017420
-0.1882315
-0.1836015
-0.1916242
-0.2037236
-0.2067827
-0.1971348
-0.1846013
-0.1802276
-0.1817483
-0.1760157
-0.1572767
-0.1378477
-0.1347116
-0.1474171
-0.1579922
-0.1566027
-0.1585579
-0.1837270
-0.2207894
-0.2298667
-0.1947291
-0.1619318
-0.1994399
-0.3002743
-0.3449143
-0.1964366
0.1460920
0.5015663
0.6426740
0.4956129
0.2049233
-0.0031145
-0.0184300
0.0882485
0.1766269
0.1838891
0.1540070
0.1469581
0.1550891
0.1216403
0.0222913
-0.0977822
-0.1722038
-0.1825751
-0.1678690
-0.1724498
-0.2000725
-0.2223370
-0.2197591
-0.2017424
-0.1877966
-0.1813363
-0.1693850
-0.1434274
-0.1117987
-0.0896886
-0.0822825
-0.0815091
-0.0765028
-0.0625981
-0.0408551
-0.0146124
0.0101036
0.0244529
0.0234925
0.0146475
0.0150647
0.0359232
0.0696153
0.0957566
0.1009202
0.0902294
0.0785485
0.0737083
0.0725282
0.0717403
0.0754134
0.0863564
0.0939582
0.0799368
0.0406739
-0.0016394
-0.0187180
-0.0081948
0.0012864
-0.0175472
-0.0575054
-0.0851039
-0.0823508
-0.0696526
-0.0781154
-0.1053869
-0.1153407
-0.0873104
-0.0508255
-0.0529250
-0.0935886
-0.1171970
-0.0832709
-0.0292963
-0.0311910
-0.0937680
-0.1130554
0.0117672
0.2251956
0.3129639
0.0957370
-0.3647263
-0.7736852
-0.8407895
-0.5216822
-0.0357370
0.3363530
0.4638963
0.4035760
0.2804164
0.1674993
0.0696960
-0.0212865
-0.0915502
-0.1221954
-0.1181466
-0.1060163
-0.1075339
-0.1221078
-0.1333888
-0.1270012
-0.1022871
-0.0722900
-0.0539200
-0.0538362
-0.0610695
-0.0564610
-0.0328326
-0.0037614
0.0119703
0.0136111
0.0201107
0.0462063
0.0824627
0.1057520
0.1080799
0.1070546
0.1239817
0.1569793
0.1827857
0.1840712
0.1673909
0.1509889
0.1413244
0.1297452
0.1111002
0.0956099
0.0954302
0.1040896
0.0996530
0.0717590
0.0381083
0.0254630
0.0355796
0.0398949
0.0138488
-0.0299563
-0.0539782
-0.0423272
-0.0236132
-0.0370155
-0.0809073
-0.1112731
-0.0972026
-0.0634729
-0.0596278
-0.0902791
-0.1022768
-0.0591965
-0.0115480
-0.0538840
-0.1938793
-0.2902883
-0.1669633
0.1913776
0.5772525
0.7261120
0.5571542
0.2451485
0.0533343
0.1039720
0.3094114
0.4975291
0.5696845
0.5368811
0.4457015
0.3157726
0.1543073
-0.0046092
-0.1100844
-0.1445776
-0.1432920
-0.1530546
-0.1812562
-0.1961835
-0.1728254
-0.1247454
-0.0871046
-0.0781617
-0.0862513
-0.0906550
-0.0849169
-0.0769210
-0.0736007
-0.0728729
-0.0693073
-0.0617181
-0.0531467
-0.0466507
-0.0435447
-0.0437355
-0.0448561
-0.0419004
-0.0310685
-0.0150174
-0.0018488
0.0032423
0.0041976
0.0097081
0.0227138
0.0365236
0.0423133
0.0386558
0.0317817
0.0274346
0.0250328
0.0201782
0.0101665
-0.0050894
-0.0256967
-0.0513068
-0.0769366
-0.0929243
-0.0934177
-0.0850273
-0.0831330
-0.0966961
-0.1182302
-0.1321179
-0.1328294
-0.1308963
-0.1380157
-0.1490800
-0.1450900
-0.1164005
-0.0790534
-0.0622689
-0.0786966
-0.1108090
-0.1292321
-0.1220991
-0.1029826
-0.0918721
-0.0947280
-0.1044223
-0.1158159
-0.1311260
-0.1491927
-0.1575863
-0.1434715
-0.1115020
-0.0837248
-0.0779653
-0.0899495
-0.1012000
-0.1021958
-0.1010086
-0.1075041
-0.1160371
-0.1114161
-0.0909500
-0.0723184
-0.0744304
-0.0942722
-0.1097047
-0.1059967
-0.0933981
-0.0936137
-0.1117292
-0.1283473
-0.1218373
-0.0939560
-0.0686110
-0.0661356
-0.0834308
-0.1009727
-0.1051031
-0.0986125
-0.0905678
-0.0823421
-0.0685851
-0.0499578
-0.0385725
-0.0469960
-0.0734487
-0.1014209
-0.1148630
-0.1120773
-0.1039853
-0.1009641
-0.1040036
-0.1082336
-0.1114839
-0.1162940
-0.1238515
-0.1288604
-0.1229598
-0.1038755
-0.0804434
-0.0672632
-0.0728223
-0.0916540
-0.1082513
-0.1100804
-0.0980791
-0.0845646
-0.0806240
-0.0861593
-0.0929866
-0.0964207
-0.1006605
-0.1110796
-0.1235638
-0.1257720
-0.1105132
-0.0853546
-0.0660603
-0.0608627
-0.0636524
-0.0632301
-0.0568207
-0.0521196
-0.0564527
-0.0660672
-0.0676785
-0.0514387
-0.0231918
-0.0032130
-0.0091549
-0.0367572
-0.0596360
-0.0550180
-0.0318027
-0.0250274
-0.0536939
-0.0896539
-0.0866078
