-0.0644272
-0.0950383
-0.1366188
-0.1374607
-0.1296087
-0.1807746
-0.2782052
-0.3343990
-0.3036074
-0.2329360
-0.1933076
-0.2056086
-0.2412424
-0.2595301
-0.2380024
-0.1913358
-0.1616092
-0.1706772
-0.1900853
-0.1796655
-0.1436407
-0.1210423
-0.1302793
-0.1540692
-0.1751584
-0.1947943
-0.2099613
-0.1988115
-0.1449547
-0.0669701
-0.0103606
-0.0045953
-0.0303890
-0.0435744
-0.0423706
-0.0869061
-0.2059322
-0.2837302
-0.1095000
0.3941076
1.0045615
1.3300918
1.1536843
0.6451543
0.2130435
0.1394845
0.3602298
0.5904229
0.6335186
0.5366175
0.4568736
0.4412529
0.3928951
0.2322558
0.0175299
-0.1268276
-0.1585115
-0.1454422
-0.1574735
-0.1808433
-0.1630177
-0.1124669
-0.1074414
-0.1922028
-0.2963055
-0.2972343
-0.1649305
-0.0083566
0.0424587
-0.0235713
-0.1059370
-0.1244729
-0.1016896
-0.1037659
-0.1360304
-0.1327651
-0.0466806
0.0815460
0.1608340
0.1474926
0.0866637
0.0538690
0.0744587
0.1160662
0.1458725
0.1652756
0.1843400
0.1921729
0.1751402
0.1495571
0.1482365
0.1716564
0.1733427
0.1085895
-0.0073431
-0.1027897
-0.1179554
-0.0660934
-0.0191992
-0.0321761
-0.0898408
-0.1338331
-0.1316762
-0.1059483
-0.0987033
-0.1226990
-0.1528030
-0.1550091
-0.1158127
-0.0480599
0.0228436
0.0753121
0.0980224
0.0888541
0.0573607
0.0293496
0.0364455
0.0875300
0.1510406
0.1763458
0.1390585
0.0641580
0.0033116
-0.0097710
0.0167887
0.0486837
0.0601247
0.0504423
0.0291977
-0.0041272
-0.0553532
-0.1152013
-0.1593790
-0.1748736
-0.1751700
-0.1803312
-0.1900724
-0.1894985
-0.1792488
-0.1844524
-0.2244061
-0.2805687
-0.3092434
-0.2907987
-0.2546012
-0.2409438
-0.2434418
-0.2129625
-0.1302746
-0.0525162
-0.0553197
-0.1298048
-0.1741485
-0.1153388
-0.0214086
-0.0463405
-0.2385069
-0.4278384
-0.3545874
0.0587619
0.5781776
0.8380440
0.6729678
0.2684312
-0.0207485
0.0097149
0.2748049
0.5443645
0.6762069
0.6934491
0.6726930
0.6163802
0.4635376
0.2039440
-0.0631343
-0.2071656
-0.1921202
-0.1051836
-0.0620076
-0.1006910
-0.1732712
-0.2211622
-0.2356058
-0.2425825
-0.2480260
-0.2191730
-0.1271981
0.0005928
0.0871755
0.0745785
-0.0159640
-0.1002041
-0.1091147
-0.0478898
0.0215766
0.0490456
0.0413105
0.0427161
0.0790580
0.1279232
0.1458302
0.1189535
0.0793890
0.0706384
0.1041468
0.1542644
0.1907662
0.2088002
0.2268300
0.2602518
0.2993442
0.3126218
0.2733990
0.1861709
0.0876062
0.0198511
0.0003999
0.0143421
0.0314430
0.0295333
0.0055650
-0.0296956
-0.0633653
-0.0862636
-0.0917656
-0.0777618
-0.0550805
-0.0481855
-0.0758718
-0.1273450
-0.1648117
-0.1578663
-0.1151782
-0.0770125
-0.0742004
-0.0976180
-0.1124852
-0.1016093
-0.0852504
-0.0895351
-0.1012893
-0.0744848
0.0063758
0.0837536
0.0750771
-0.0289223
-0.1350491
-0.1404855
-0.0508671
0.0214330
-0.0089615
-0.0917667
-0.1042551
-0.0257792
0.0005219
-0.1658781
-0.4412124
-0.5294024
-0.2152761
0.3597158
0.7676035
0.6787377
0.1768879
-0.3197504
-0.4437312
-0.1757389
0.2149197
0.4669658
0.5294522
0.5047259
0.4717334
0.4146293
0.2982048
0.1484861
0.0291405
-0.0356968
-0.0799988
-0.1384801
-0.1974378
-0.2158337
-0.1810876
-0.1254300
-0.0884340
-0.0801309
-0.0882042
-0.1066866
-0.1379172
-0.1674891
-0.1599870
-0.0970705
-0.0126860
0.0298758
0.0049112
-0.0406318
-0.0314672
0.0540478
0.1526793
0.1736333
0.0880443
-0.0415778
-0.1215884
-0.1129022
-0.0554426
-0.0155072
-0.0203841
-0.0461501
-0.0576892
-0.0479946
-0.0374258
-0.0434343
-0.0591248
-0.0628684
-0.0452803
-0.0221837
-0.0189151
-0.0431778
-0.0758871
-0.0897738
-0.0766911
-0.0563460
-0.0574712
-0.0891315
-0.1309642
-0.1539769
-0.1508197
-0.1413731
-0.1464633
-0.1611621
-0.1604682
-0.1302928
-0.0859500
-0.0567941
-0.0561718
-0.0707364
-0.0787312
-0.0747846
-0.0738777
-0.0915191
-0.1229134
-0.1440630
-0.1340898
-0.0972979
-0.0650950
-0.0750895
-0.1409687
-0.2351478
-0.3026425
-0.3026820
-0.2449866
-0.1838983
-0.1713655
-0.2132424
-0.2711444
-0.3038785
-0.3026502
-0.2863706
-0.2703280
-0.2486900
-0.2096003
-0.1593654
-0.1222450
-0.1170293
-0.1434348
-0.1944151
-0.2683818
-0.3535191
-0.4049769
-0.3637795
-0.2192857
-0.0461045
0.0465738
0.0168004
-0.0701133
-0.1210621
-0.1287607
-0.1751907
-0.3017998
-0.3997871
-0.2812631
0.1114893
0.5879892
0.8418875
0.7220496
0.3677046
0.0719122
0.0221521
0.1771452
0.3682713
0.4767403
0.4982927
0.4742241
0.4156911
0.3126421
0.1825264
0.0694785
-0.0063207
-0.0700129
-0.1484145
-0.2222782
-0.2445295
-0.2039066
-0.1488336
-0.1352011
-0.1600371
-0.1646888
-0.1080664
-0.0236408
0.0111653
-0.0369384
-0.1114953
-0.1185408
-0.0229292
0.1147095
0.1992647
0.1943058
0.1494647
0.1375354
0.1732941
0.2028077
0.1720098
0.0945917
0.0412395
0.0631286
0.1371587
0.1927031
0.1858374
0.1384470
0.1063563
0.1194539
0.1580859
0.1814202
0.1689105
0.1323453
0.0954932
0.0705741
0.0545352
0.0405822
0.0272779
0.0178427
0.0155446
0.0214060
0.0342650
0.0510397
0.0662302
0.0712669
0.0572876
0.0247602
-0.0069647
-0.0071506
0.0373540
0.0981661
0.1215437
0.0810794
0.0143083
-0.0049199
0.0595096
0.1610752
0.2083148
0.1517783
0.0304042
-0.0704707
-0.1011009
-0.0815931
-0.0619597
-0.0653236
-0.0780236
-0.0828065
-0.0827035
-0.0888874
-0.0991667
-0.1010817
-0.0929812
-0.0898766
-0.1040701
-0.1277545
-0.1422815
-0.1404314
-0.1297207
-0.1144225
-0.0877909
-0.0503505
-0.0251729
-0.0377825
-0.0805016
-0.1136332
-0.1112680
-0.0926776
-0.0915455
-0.1024222
-0.0873119
-0.0480625
-0.0616951
-0.1949548
-0.3716696
-0.3721710
-0.0292136
0.5561565
1.0334925
1.0896831
0.7364112
0.3018437
0.1291212
0.2869295
0.5682168
0.7360021
0.7331173
0.6590435
0.5981311
0.5246797
0.3757489
0.1679746
0.0013290
-0.0470453
-0.0015845
0.0486352
0.0447566
-0.0008058
-0.0445413
-0.0653911
-0.0709226
-0.0700817
-0.0608622
-0.0437810
-0.0303687
-0.0288452
-0.0294968
-0.0158868
0.0110207
0.0313312
0.0325645
0.0278616
0.0387641
0.0644886
0.0802382
0.0688291
0.0448365
0.0396813
0.0661436
0.1052729
0.1284735
0.1250255
0.1042479
0.0782249
0.0537437
0.0415381
0.0592433
0.1108162
0.1648514
0.1696967
0.1033363
0.0062121
-0.0468014
-0.0144241
0.0710232
0.1330335
0.1197951
0.0446846
-0.0360990
-0.0786849
-0.0827173
-0.0755933
-0.0773787
-0.0857602
-0.0886001
-0.0808477
-0.0665694
-0.0510625
-0.0376600
-0.0313172
-0.0388666
-0.0612332
-0.0870312
-0.0994314
-0.0931705
-0.0829717
-0.0899962
-0.1179190
-0.1461227
-0.1509377
-0.1325964
-0.1161855
-0.1236783
-0.1481844
-0.1601836
-0.1397915
-0.0998254
-0.0744123
-0.0855441
-0.1232381
-0.1583585
-0.1708848
-0.1626987
-0.1462446
-0.1283372
-0.1084555
-0.0883716
-0.0766952
-0.0819609
-0.1039200
-0.1339827
-0.1635025
-0.1894156
-0.2111881
-0.2249100
-0.2244634
-0.2095341
-0.1885685
-0.1695436
-0.1493713
-0.1186935
-0.0797273
-0.0534458
-0.0607743
-0.0959111
-0.1260261
-0.1235905
-0.0952732
-0.0708784
-0.0657309
-0.0679994
-0.0703682
-0.0974264
-0.1745381
-0.2675954
-0.2883981
-0.1950538
-0.0771433
-0.0898378
-0.2659296
-0.4139306
-0.2626509
0.2541173
0.8711312
1.1903544
1.0311419
0.5843530
0.2211429
0.1627966
0.3387420
0.5308806
0.6039420
0.5807579
0.5382183
0.4913601
0.3971854
0.2383120
0.0635788
-0.0584184
-0.1049561
-0.1080438
-0.1107625
-0.1298330
-0.1575566
-0.1839999
-0.2086177
-0.2356361
-0.2645857
-0.2837630
-0.2717210
-0.2137935
-0.1271858
-0.0651421
-0.0782694
-0.1599971
-0.2376845
-0.2338771
-0.1424781
-0.0369828
0.0036939
-0.0260689
-0.0605683
-0.0401137
0.0255819
0.0764287
0.0737816
0.0390430
0.0210802
0.0401132
0.0738907
0.0914018
0.0848527
0.0656899
0.0425536
0.0159305
-0.0084975
-0.0154079
0.0032521
0.0327879
0.0470716
0.0360331
0.0142747
-0.0007785
-0.0117553
-0.0342430
-0.0701790
-0.0997411
-0.1047797
-0.0932031
-0.0911400
-0.1119054
-0.1413438
-0.1577175
-0.1594225
-0.1643253
-0.1826089
-0.2004097
-0.1969485
-0.1721734
-0.1468559
-0.1344728
-0.1239592
-0.0988799
-0.0679631
-0.0629674
-0.1007951
-0.1556665
-0.1793773
-0.1504231
-0.0965442
-0.0650301
-0.0751063
-0.1050184
-0.1231323
-0.1222353
-0.1189761
-0.1270848
-0.1418411
-0.1516615
-0.1555970
-0.1624928
-0.1765022
-0.1910749
-0.1982299
-0.1978824
-0.1945380
-0.1889672
-0.1792785
-0.1695116
-0.1697721
-0.1832018
-0.1973224
-0.1961296
-0.1810087
-0.1715686
-0.1807166
-0.1946985
-0.1868981
-0.1510826
-0.1117669
-0.0969722
-0.1076642
-0.1224751
-0.1284644
-0.1335474
-0.1441342
-0.1452594
-0.1209283
-0.0907960
-0.1019423
-0.1685255
-0.2366802
-0.2412569
-0.2014066
-0.2228687
-0.3669109
-0.5252875
-0.4781398
-0.1205605
0.3753294
0.6683519
0.5519571
0.1509725
-0.1960334
-0.2480128
-0.0482990
0.1801317
0.2811952
0.2812547
0.2867198
0.3269178
0.3317882
0.2418899
0.0936513
-0.0208522
-0.0541379
-0.0375137
-0.0234952
-0.0242263
-0.0194316
-0.0043501
-0.0016011
-0.0235830
-0.0460853
-0.0360851
0.0025188
0.0291088
0.0150516
-0.0216609
-0.0398375
-0.0248898
-0.0009570
0.0074206
0.0109525
0.0402888
0.0992610
0.1486956
0.1454750
0.0920209
0.0372638
0.0277169
0.0640466
0.1077405
0.1235008
0.1087780
0.0856872
0.0742304
0.0776847
0.0878644
0.0961043
0.0984090
0.0965400
0.0984932
0.1141422
0.1438525
0.1713837
0.1750404
0.1506660
0.1199692
0.1091623
0.1184223
0.1184719
0.0823236
0.0184651
-0.0330874
-0.0401709
-0.0114871
0.0124957
0.0007237
-0.0393082
-0.0734836
-0.0774628
-0.0571462
-0.0352589
-0.0249506
-0.0211572
-0.0146889
-0.0074608
-0.0102050
-0.0279529
-0.0524315
-0.0697501
-0.0727142
-0.0637781
-0.0489086
-0.0335505
-0.0246706
-0.0298426
-0.0476879
-0.0613852
-0.0507874
-0.0160874
0.0158287
0.0172181
-0.0080082
-0.0262584
-0.0143947
0.0086878
0.0020823
-0.0455173
-0.0983719
-0.1175847
-0.1107291
-0.1161068
-0.1373345
-0.1243162
-0.0476852
0.0225334
-0.0357117
-0.2359180
-0.3940858
-0.2626573
0.2076272
0.7570155
1.0134388
0.8264968
0.4031382
0.1077717
0.1385332
0.4017437
0.6688816
0.8039092
0.8235943
0.7862505
0.6910927
0.5073637
0.2614069
0.0450901
-0.0698923
-0.0997355
-0.1152247
-0.1557831
-0.1969280
-0.1988027
-0.1632775
-0.1301270
-0.1282532
-0.1478927
-0.1610595
-0.1553306
-0.1401065
-0.1277112
-0.1192449
-0.1086625
-0.0919846
-0.0682670
-0.0364449
0.0026915
0.0422066
0.0721687
0.0894706
0.1016524
0.1181393
0.1393242
0.1577099
0.1694178
0.1801536
0.1968960
0.2158819
0.2233853
0.2104980
0.1854819
0.1683306
0.1709641
0.1829110
0.1789685
0.1441385
0.0919743
0.0555306
0.0557773
0.0773572
0.0790273
0.0334403
-0.0422241
-0.1000484
-0.1108150
-0.0974467
-0.1106059
-0.1671278
-0.2211767
-0.2092417
-0.1245550
-0.0330969
-0.0047750
-0.0367982
-0.0637734
-0.0456964
-0.0205004
-0.0422039
-0.0749807
0.0061979
0.2702323
0.5937742
0.7191739
0.4900655
0.0307342
-0.3334359
-0.3502851
-0.0389893
0.3708314
0.6642607
0.7865198
0.7945930
0.7295219
0.5788839
0.3464770
0.1038278
-0.0594822
-0.1219833
-0.1397787
-0.1710739
-0.2150892
-0.2349921
-0.2201567
-0.2010002
-0.2050659
-0.2223989
-0.2264059
-0.2147161
-0.2101329
-0.2226189
-0.2288838
-0.2001199
-0.1409275
-0.0874421
-0.0674141
-0.0728126
-0.0754035
-0.0607620
-0.0393435
-0.0281088
-0.0299358
-0.0317584
-0.0165206
0.0245719
0.0843857
0.1389203
0.1595130
0.1363502
0.0921187
0.0647106
0.0701557
0.0858436
0.0766746
0.0361557
-0.0070671
-0.0267539
-0.0346937
-0.0680882
-0.1411104
-0.2191162
-0.2495107
-0.2169565
-0.1615890
-0.1401125
-0.1718450
-0.2254299
-0.2559701
-0.2501044
-0.2326554
-0.2324110
-0.2471946
-0.2461724
-0.2057384
-0.1395655
-0.0903542
-0.0915203
-0.1376909
-0.1918406
-0.2183676
-0.2082748
-0.1772566
-0.1475537
-0.1338477
-0.1386295
-0.1515261
-0.1541557
-0.1361189
-0.1110128
-0.1078406
-0.1367660
-0.1692304
-0.1681912
-0.1405286
-0.1390843
-0.1938988
-0.2538096
-0.2315201
-0.1207990
-0.0367888
-0.0940496
-0.2420705
-0.2730721
-0.0428764
0.3243634
0.5065495
0.2970025
-0.1651518
-0.5103895
-0.4891633
-0.1866000
0.1118984
0.2284076
0.2288088
0.2719773
0.3892789
0.4576388
0.3676237
0.1603212
-0.0243990
-0.1015461
-0.1047007
-0.1064117
-0.1205805
-0.1086757
-0.0597358
-0.0246547
-0.0599641
-0.1579781
-0.2505932
-0.2764270
-0.2306664
-0.1527222
-0.0840400
-0.0465184
-0.0467100
-0.0786087
-0.1176721
-0.1271727
-0.0850997
-0.0049607
0.0772565
0.1376778
0.1804023
0.2173520
0.2401601
0.2222622
0.1524041
0.0622582
0.0146138
0.0575525
0.1821824
0.3194195
0.3822235
0.3267240
0.1881313
0.0587063
0.0172258
0.0658793
0.1338004
0.1479686
0.1022578
0.0528326
0.0464834
0.0644856
0.0473439
-0.0296526
-0.1216044
-0.1629922
-0.1421933
-0.1124308
-0.1273737
-0.1794746
-0.2125089
-0.1889938
-0.1315542
-0.0947824
-0.1064828
-0.1445230
-0.1664842
-0.1523708
-0.1172184
-0.0888064
-0.0769916
-0.0633249
-0.0221655
0.0420404
0.0807045
0.0417321
-0.0607212
-0.1298385
-0.0747900
0.0666028
0.1228294
-0.0427691
-0.3417517
-0.4785383
-0.2151513
0.3628948
0.8717148
0.9545729
0.5975115
0.1267089
-0.0935332
0.0478626
0.3866829
0.6872234
0.8283177
0.8180363
0.7022873
0.5118029
0.2841851
0.0842190
-0.0310990
-0.0603940
-0.0531300
-0.0579320
-0.0860003
-0.1213552
-0.1483986
-0.1604701
-0.1544906
-0.1346212
-0.1201156
-0.1333578
-0.1716289
-0.1997947
-0.1833828
-0.1288827
-0.0826493
-0.0867266
-0.1399314
-0.2029528
-0.2342864
-0.2171329
-0.1603648
-0.0872377
-0.0248785
0.0077825
0.0125368
0.0098854
0.0170515
0.0295883
0.0330545
0.0320442
0.0532835
0.1089116
0.1652355
0.1678828
0.1054006
0.0341537
0.0235028
0.0778709
0.1291601
0.1141193
0.0479991
0.0067113
0.0375353
0.1032002
0.1236194
0.0644413
-0.0296535
-0.0897723
-0.0969381
-0.0917791
-0.1169932
-0.1654369
-0.1924245
-0.1725300
-0.1328242
-0.1255983
-0.1717242
-0.2349870
-0.2527708
-0.1920067
-0.0782170
0.0256534
0.0683198
0.0445658
-0.0096993
-0.0515331
-0.0631162
-0.0578140
-0.0603065
-0.0812001
-0.1081322
-0.1193203
-0.1055214
-0.0789790
-0.0602957
-0.0562414
