-0.0087683
0.0013593
0.0204247
0.0378664
0.0479097
0.0554034
0.0673105
0.0806157
0.0821261
0.0619053
0.0260407
-0.0061206
-0.0193991
-0.0178998
-0.0213490
-0.0447116
-0.0819932
-0.1127306
-0.1249190
-0.1274522
-0.1358490
-0.1488480
-0.1485033
-0.1277083
-0.1085648
-0.1195853
-0.1540351
-0.1678473
-0.1341897
-0.0917290
-0.1111663
-0.1976475
-0.2438269
-0.1167895
0.1884437
0.4969506
0.5864175
0.3899631
0.0653544
-0.1436028
-0.1143450
0.0803973
0.2822190
0.4016535
0.4587408
0.5005930
0.5202575
0.4725436
0.3494192
0.2094567
0.1236823
0.1061143
0.1104803
0.0898971
0.0449151
0.0092512
0.0013730
0.0043664
-0.0073373
-0.0346338
-0.0558594
-0.0570857
-0.0494495
-0.0531738
-0.0714495
-0.0876202
-0.0870912
-0.0747837
-0.0671884
-0.0711871
-0.0767780
-0.0712003
-0.0551751
-0.0413667
-0.0386351
-0.0421661
-0.0402251
-0.0275774
-0.0095471
0.0060734
0.0181227
0.0322442
0.0537377
0.0815953
0.1089248
0.1282437
0.1369972
0.1392726
0.1420808
0.1486635
0.1550840
0.1544375
0.1445913
0.1299375
0.1144220
0.0954892
0.0689908
0.0396667
0.0206947
0.0181166
0.0191191
0.0038226
-0.0294442
-0.0586605
-0.0653257
-0.0617823
-0.0764998
-0.1059330
-0.0956502
0.0061854
0.1669339
0.2578096
0.1535097
-0.1380053
-0.4481304
-0.5661859
-0.4036048
-0.0565037
0.2812192
0.4633500
0.4673940
0.3604289
0.2191882
0.0861892
-0.0211038
-0.0892926
-0.1102124
-0.0941746
-0.0674618
-0.0511109
-0.0452886
-0.0367752
-0.0183760
0.0031731
0.0170066
0.0201653
0.0172069
0.0113372
0.0012408
-0.0124414
-0.0219573
-0.0183943
-0.0028561
0.0119807
0.0142126
0.0055940
-0.0006669
0.0044545
0.0149080
0.0168245
0.0059148
-0.0057298
-0.0024240
0.0167823
0.0354311
0.0362767
0.0189031
-0.0008107
-0.0077767
-0.0019134
0.0049150
0.0033854
-0.0044378
-0.0098695
-0.0078851
-0.0009766
0.0052312
0.0071570
0.0039304
-0.0040874
-0.0149634
-0.0242441
-0.0270684
-0.0222710
-0.0130468
-0.0026838
0.0087326
0.0215389
0.0320357
0.0350241
0.0322836
0.0343498
0.0486001
0.0664836
0.0696014
0.0526052
0.0345448
0.0382182
0.0581694
0.0609694
0.0267993
-0.0167787
-0.0213691
0.0150778
0.0259088
-0.0523310
-0.1805359
-0.2162894
-0.0465213
0.2702113
0.5157431
0.4946915
0.2166321
-0.1066574
-0.2482731
-0.1510305
0.0618319
0.2320911
0.3007655
0.3083786
0.3018495
0.2752427
0.2007414
0.0875320
-0.0145216
-0.0660678
-0.0748145
-0.0751635
-0.0840165
-0.0891809
-0.0770740
-0.0564468
-0.0472837
-0.0541146
-0.0614478
-0.0558517
-0.0432439
-0.0384939
-0.0426436
-0.0389790
-0.0136631
0.0253134
0.0548410
0.0612908
0.0543103
0.0550024
0.0732566
0.0991689
0.1153846
0.1145920
0.1041535
0.0963989
0.0971772
0.1032014
0.1073131
0.1045335
0.0947087
0.0822630
0.0739808
0.0745894
0.0819750
0.0869257
0.0798918
0.0595143
0.0338500
0.0121262
-0.0040877
-0.0200575
-0.0386683
-0.0547832
-0.0608687
-0.0568343
-0.0508491
-0.0492925
-0.0487468
-0.0410885
-0.0255367
-0.0114823
-0.0074682
-0.0104862
-0.0102679
-0.0033744
0.0021311
-0.0013026
-0.0078911
-0.0034297
0.0166987
0.0396884
0.0488586
0.0420570
0.0321736
0.0308708
0.0377153
0.0464764
0.0548087
0.0612540
0.0578218
0.0379110
0.0143480
0.0155060
0.0481195
0.0690157
0.0188820
-0.0973586
-0.1753649
-0.0897882
0.1688362
0.4430306
0.5218279
0.3275022
-0.0058231
-0.2435976
-0.2447825
-0.0546092
0.1733577
0.3233290
0.3837073
0.3968382
0.3806343
0.3152596
0.1911190
0.0436021
-0.0701947
-0.1209321
-0.1245186
-0.1144608
-0.1072759
-0.0975430
-0.0778739
-0.0535334
-0.0363631
-0.0307939
-0.0305935
-0.0277745
-0.0207489
-0.0130920
-0.0072237
-0.0017560
0.0054954
0.0140464
0.0214157
0.0266610
0.0320735
0.0407603
0.0527898
0.0643758
0.0712010
0.0721646
0.0692782
0.0641391
0.0558243
0.0433034
0.0292611
0.0195860
0.0179290
0.0215598
0.0239747
0.0214120
0.0152382
0.0075449
-0.0033140
-0.0200399
-0.0394682
-0.0517422
-0.0494834
-0.0374284
-0.0300818
-0.0379727
-0.0570366
-0.0729179
-0.0750818
-0.0647947
-0.0494241
-0.0323650
-0.0119766
0.0105089
0.0269727
0.0299572
0.0227570
0.0175640
0.0217053
0.0284467
0.0248599
0.0082109
-0.0093344
-0.0142457
-0.0072602
-0.0019969
-0.0085342
-0.0225166
-0.0327238
-0.0362063
-0.0409304
-0.0529429
-0.0656423
-0.0660164
-0.0507064
-0.0321336
-0.0271173
-0.0409839
-0.0639648
-0.0815552
-0.0865091
-0.0819004
-0.0758140
-0.0746067
-0.0796860
-0.0885343
-0.0980599
-0.1066347
-0.1119911
-0.1077931
-0.0863191
-0.0484337
-0.0089872
0.0142616
0.0195951
0.0233088
0.0368942
0.0475243
0.0336849
0.0017914
-0.0100087
0.0176821
0.0387184
-0.0234837
-0.1718430
-0.2821031
-0.1948783
0.1122042
0.4563716
0.5863761
0.4075131
0.0695511
-0.1730184
-0.1831476
-0.0259605
0.1417880
0.2310475
0.2619416
0.2811384
0.2837652
0.2308737
0.1183421
-0.0027143
-0.0773622
-0.0999527
-0.1059680
-0.1227254
-0.1436039
-0.1487747
-0.1348538
-0.1149417
-0.0977638
-0.0794916
-0.0564638
-0.0353917
-0.0247551
-0.0214401
-0.0137829
0.0026989
0.0195546
0.0279695
0.0317771
0.0424256
0.0627415
0.0817886
0.0877444
0.0815221
0.0738762
0.0716085
0.0721587
0.0724767
0.0774011
0.0937511
0.1174003
0.1324038
0.1266393
0.1058574
0.0877537
0.0818485
0.0795104
0.0667700
0.0439393
0.0266213
0.0258456
0.0324997
0.0271764
0.0043600
-0.0196569
-0.0258115
-0.0138596
0.0015678
0.0138298
0.0323722
0.0624339
0.0857005
0.0758055
0.0350203
0.0010007
0.0045071
0.0281848
0.0277939
-0.0001027
0.0057363
0.0981299
0.2217709
0.2174575
-0.0370805
-0.4783986
-0.8647190
-0.9550868
-0.6982515
-0.2578799
0.1337600
0.3422827
0.3761871
0.3123638
0.2109422
0.0981055
-0.0045635
-0.0683139
-0.0805553
-0.0639516
-0.0582548
-0.0826201
-0.1208623
-0.1432932
-0.1375220
-0.1159048
-0.0977076
-0.0896257
-0.0837149
-0.0698348
-0.0470013
-0.0235257
-0.0083901
-0.0030676
-0.0007824
0.0068923
0.0224682
0.0410153
0.0556863
0.0641056
0.0688503
0.0724143
0.0736268
0.0701977
0.0635346
0.0583890
0.0566670
0.0535012
0.0421843
0.0232383
0.0060418
-0.0006678
0.0010829
0.0005323
-0.0090312
-0.0220248
-0.0276196
-0.0240292
-0.0220373
-0.0323249
-0.0517568
-0.0662857
-0.0678896
-0.0646843
-0.0709650
-0.0890274
-0.1054949
-0.1069300
-0.0951902
-0.0835629
-0.0794454
-0.0761630
-0.0638934
-0.0445979
-0.0311622
-0.0320976
-0.0418533
-0.0489012
-0.0505198
-0.0552185
-0.0703665
-0.0912049
-0.1046837
-0.1029507
-0.0909403
-0.0809729
-0.0815286
-0.0912298
-0.1020561
-0.1076821
-0.1094534
-0.1142258
-0.1251108
-0.1348954
-0.1321963
-0.1162863
-0.1018742
-0.1027900
-0.1114472
-0.1036250
-0.0699437
-0.0353895
-0.0339689
-0.0632032
-0.0813686
-0.0650989
-0.0583687
-0.1322837
-0.2787968
-0.3661462
-0.2432072
0.0893544
0.4295009
0.5299416
0.3225845
-0.0158736
-0.2272402
-0.1965115
-0.0162673
0.1474106
0.2195336
0.2415358
0.2681397
0.2842208
0.2359443
0.1163425
-0.0124044
-0.0842650
-0.0954668
-0.0933350
-0.1121203
-0.1392657
-0.1455115
-0.1294360
-0.1176753
-0.1269859
-0.1421404
-0.1368916
-0.1074828
-0.0758430
-0.0620005
-0.0624411
-0.0584743
-0.0394802
-0.0117812
0.0131676
0.0323586
0.0505538
0.0704332
0.0884148
0.1002961
0.1076006
0.1164554
0.1314209
0.1518130
0.1732764
0.1912620
0.2028398
0.2065734
0.2018239
0.1884308
0.1673196
0.1418682
0.1180570
0.1011234
0.0902736
0.0774195
0.0537771
0.0193569
-0.0150292
-0.0369744
-0.0437530
-0.0431432
-0.0433200
-0.0448682
-0.0450004
-0.0470211
-0.0595283
-0.0834203
-0.1040121
-0.1027384
-0.0774714
-0.0450351
-0.0190847
0.0088965
0.0542220
0.0986946
0.0751604
-0.0875712
-0.3879575
-0.7176123
-0.9155986
-0.8757134
-0.6192195
-0.2750896
0.0100775
0.1575807
0.1796655
0.1409523
0.1018555
0.0858521
0.0824465
0.0709093
0.0422768
0.0053099
-0.0237181
-0.0359274
-0.0357641
-0.0337345
-0.0350054
-0.0365059
-0.0345067
-0.0318670
-0.0348640
-0.0432118
-0.0464346
-0.0327753
-0.0015039
0.0353300
0.0639800
0.0809442
0.0935567
0.1102546
0.1322308
0.1546554
0.1737980
0.1908327
0.2089328
0.2285215
0.2463254
0.2582764
0.2624682
0.2598481
0.2532581
0.2460066
0.2403698
0.2366139
0.2335066
0.2299512
0.2255434
0.2187977
0.2054113
0.1804217
0.1439410
0.1042847
0.0729319
0.0544294
0.0417078
0.0231213
-0.0052668
-0.0354646
-0.0564470
-0.0664528
-0.0748097
-0.0911776
-0.1144397
-0.1337992
-0.1405838
-0.1372309
-0.1337641
-0.1367157
-0.1433456
-0.1465707
-0.1434344
-0.1374198
-0.1337087
-0.1342719
-0.1376471
-0.1413767
-0.1430942
-0.1402596
-0.1312783
-0.1180229
-0.1061533
-0.1011282
-0.1030739
-0.1057267
-0.1006222
-0.0826425
-0.0528294
-0.0178625
0.0125327
0.0296912
0.0304947
0.0187589
0.0011493
-0.0185807
-0.0399072
-0.0599463
-0.0710773
-0.0685746
-0.0602504
-0.0626360
-0.0830319
-0.1083701
-0.1188328
-0.1132002
-0.1124569
-0.1319123
-0.1561655
-0.1549739
-0.1259437
-0.1063010
-0.1281762
-0.1703101
-0.1783243
-0.1421878
-0.1300263
-0.2109779
-0.3402248
-0.3563010
-0.1334934
0.2572499
0.5685247
0.5866615
0.3274367
0.0157976
-0.1255716
-0.0575460
0.0945433
0.2036534
0.2531338
0.2964718
0.3505692
0.3652884
0.2939226
0.1617343
0.0450788
-0.0074154
-0.0147180
-0.0258250
-0.0606004
-0.0983864
-0.1148891
-0.1128300
-0.1122740
-0.1223294
-0.1331620
-0.1337599
-0.1280205
-0.1291425
-0.1425909
-0.1597601
-0.1676396
-0.1606056
-0.1420478
-0.1185835
-0.0962979
-0.0809613
-0.0767183
-0.0816027
-0.0862572
-0.0808226
-0.0643517
-0.0457270
-0.0337330
-0.0271772
-0.0170203
0.0013847
0.0206594
0.0286212
0.0229201
0.0158080
0.0225582
0.0461445
0.0749732
0.0948813
0.1009145
0.0972246
0.0889850
0.0778200
0.0642421
0.0504152
0.0380703
0.0252934
0.0081508
-0.0141782
-0.0375756
-0.0568964
-0.0705039
-0.0803102
-0.0886276
-0.0961105
-0.1017940
-0.1038371
-0.1013277
-0.0972008
-0.0978014
-0.1055516
-0.1123515
-0.1070227
-0.0936612
-0.0948990
-0.1226468
-0.1432608
-0.0907250
0.0608340
0.2337892
0.2803070
0.1105767
-0.2000069
-0.4442258
-0.4442002
-0.1938426
0.1493740
0.4041497
0.4943786
0.4585419
0.3674887
0.2586866
0.1429606
0.0407485
-0.0170657
-0.0233460
-0.0096821
-0.0152715
-0.0469866
-0.0797876
-0.0931065
-0.0942167
-0.1016396
-0.1163834
-0.1217156
-0.1095627
-0.0947218
-0.0963861
-0.1123597
-0.1213253
-0.1102891
-0.0906482
-0.0820668
-0.0862137
-0.0850530
-0.0652025
-0.0359159
-0.0177643
-0.0176854
-0.0222863
-0.0158373
0.0018012
0.0187017
0.0274895
0.0319399
0.0376261
0.0428327
0.0428348
0.0396104
0.0412726
0.0511776
0.0623639
0.0659888
0.0626353
0.0608466
0.0646853
0.0673337
0.0595527
0.0415946
0.0228265
0.0102986
0.0018833
-0.0078455
-0.0186203
-0.0252922
-0.0266797
-0.0292416
-0.0397971
-0.0569304
-0.0727066
-0.0823686
-0.0890344
-0.0975657
-0.1067058
-0.1106932
-0.1080503
-0.1049919
-0.1081857
-0.1163252
-0.1218636
-0.1208102
-0.1178846
-0.1204534
-0.1290593
-0.1363675
-0.1354868
-0.1272580
-0.1183225
-0.1136939
-0.1132409
-0.1143213
-0.1140486
-0.1073846
-0.0868348
-0.0496393
-0.0059180
0.0256491
0.0348370
0.0305394
0.0290763
0.0320999
0.0242216
-0.0014547
-0.0229154
-0.0110230
0.0216892
0.0106002
-0.0951868
-0.2471401
-0.2998548
-0.1351456
0.1995487
0.4912377
0.5282487
0.2859716
-0.0499594
-0.2469918
-0.2147112
-0.0439609
0.1156817
0.1939198
0.2200140
0.2394702
0.2452911
0.1975634
0.0883308
-0.0361008
-0.1184812
-0.1426873
-0.1370593
-0.1356537
-0.1471779
-0.1598076
-0.1636969
-0.1603744
-0.1541483
-0.1435185
-0.1239407
-0.0944925
-0.0581753
-0.0180677
0.0227108
0.0578369
0.0792257
0.0844225
0.0810424
0.0812104
0.0910326
0.1062316
0.1177274
0.1201642
0.1149304
0.1068226
0.0997010
0.0950169
0.0923277
0.0898079
0.0851528
0.0776850
0.0697651
0.0649143
0.0639060
0.0632818
0.0581364
0.0459542
0.0277410
0.0066963
-0.0130516
-0.0271516
-0.0326667
-0.0305174
-0.0260834
-0.0262233
-0.0347348
-0.0501510
-0.0672481
-0.0798700
-0.0825115
-0.0713764
-0.0468648
-0.0158607
0.0107409
0.0256575
0.0308613
0.0341790
0.0398055
0.0437471
0.0399943
0.0299754
0.0229443
0.0255126
0.0325808
0.0317760
0.0175231
-0.0021962
-0.0156369
-0.0217784
-0.0302778
-0.0462461
-0.0608586
-0.0627006
-0.0557910
-0.0576439
-0.0759861
-0.0949631
-0.0939510
-0.0776952
-0.0741192
-0.0949359
-0.1109354
-0.0868731
-0.0421193
-0.0501789
-0.1504760
-0.2659866
-0.2458901
-0.0215236
0.2862099
0.4478486
0.3372198
0.0598550
-0.1417236
-0.1106551
0.1015759
0.3222766
0.4362769
0.4605366
0.4639440
0.4598620
0.4026874
0.2702162
0.1111887
-0.0013645
-0.0442946
-0.0534980
-0.0679563
-0.0873068
-0.0903625
-0.0765975
-0.0699449
-0.0846448
-0.1055904
-0.1105582
-0.1007014
-0.0959981
-0.1040575
-0.1079310
-0.0899204
-0.0570784
-0.0327893
-0.0269199
-0.0256849
-0.0134139
0.0053739
0.0136309
0.0071773
0.0022358
0.0151116
0.0420589
0.0661082
0.0802873
0.0951274
0.1212956
0.1526174
0.1730008
0.1768704
0.1748128
0.1777477
0.1819940
0.1745601
0.1500976
0.1173905
0.0892457
0.0703243
0.0564716
0.0424038
0.0264910
0.0094980
-0.0071004
-0.0208886
-0.0305074
-0.0399395
-0.0568475
-0.0821174
-0.1035695
-0.1069329
-0.0939969
-0.0828633
-0.0860615
-0.0946366
-0.0917624
-0.0783330
-0.0726618
-0.0814314
-0.0845000
-0.0632462
-0.0382191
-0.0542191
-0.1129830
-0.1375152
-0.0386305
0.1668138
0.3252343
0.2697688
-0.0094192
-0.3285403
-0.4590274
-0.3183992
-0.0182516
0.2597023
0.4159386
0.4674275
0.4666512
0.4257814
0.3287389
0.1896414
0.0650347
0.0006071
-0.0163539
-0.0367803
-0.0883271
-0.1476928
-0.1743455
-0.1586198
-0.1281301
-0.1131628
-0.1173721
-0.1245977
-0.1248828
-0.1237294
-0.1266168
-0.1252087
-0.1070284
-0.0749216
-0.0471346
-0.0359812
-0.0339259
-0.0257514
-0.0093340
0.0030100
0.0028785
-0.0016464
0.0045024
0.0243254
0.0444293
0.0515004
0.0489591
0.0507022
0.0582651
0.0539590
0.0248504
-0.0125470
-0.0246892
0.0003507
0.0375182
0.0529491
0.0399043
0.0217357
