-0.1930921
-0.1799491
-0.1687134
-0.1648475
-0.1715265
-0.1824377
-0.1830556
-0.1622941
-0.1242915
-0.0875124
-0.0697898
-0.0726760
-0.0807777
-0.0775934
-0.0622514
-0.0496370
-0.0531813
-0.0684162
-0.0758170
-0.0613712
-0.0333699
-0.0164404
-0.0276654
-0.0593610
-0.0865373
-0.0908636
-0.0759780
-0.0597146
-0.0543574
-0.0573023
-0.0599594
-0.0609353
-0.0664434
-0.0788250
-0.0897499
-0.0883515
-0.0746516
-0.0608564
-0.0577909
-0.0625604
-0.0626555
-0.0518465
-0.0386311
-0.0366389
-0.0480005
-0.0594581
-0.0564022
-0.0391753
-0.0232009
-0.0227689
-0.0363479
-0.0489459
-0.0480686
-0.0358684
-0.0253528
-0.0257864
-0.0331939
-0.0358884
-0.0288816
-0.0211355
-0.0265607
-0.0474611
-0.0690903
-0.0734431
-0.0587187
-0.0423240
-0.0421201
-0.0560380
-0.0643159
-0.0535451
-0.0347329
-0.0321320
-0.0536969
-0.0781329
-0.0763606
-0.0446584
-0.0112015
-0.0072716
-0.0348102
-0.0658407
-0.0729926
-0.0567253
-0.0409744
-0.0449142
-0.0628396
-0.0723191
-0.0593612
-0.0331798
-0.0165443
-0.0231939
-0.0450521
-0.0606698
-0.0557826
-0.0361682
-0.0208281
-0.0226511
-0.0363393
-0.0460228
-0.0438277
-0.0384392
-0.0441088
-0.0630405
-0.0814117
-0.0832306
-0.0663314
-0.0437336
-0.0305684
-0.0310448
-0.0368992
-0.0353121
-0.0171335
0.0192341
0.0668289
0.1115852
0.1389636
0.1443046
0.1375475
0.1347976
0.1432150
0.1556359
0.1622640
0.1665874
0.1852494
0.2283945
0.2812917
0.3112208
0.2978333
0.2565384
0.2272467
0.2366560
0.2725950
0.2975312
0.2862612
0.2476646
0.2098919
0.1882269
0.1702782
0.1312046
0.0607095
-0.0245989
-0.0931003
-0.1229127
-0.1191569
-0.1086693
-0.1139036
-0.1294780
-0.1313091
-0.1187015
-0.1418458
-0.2619904
-0.4624666
-0.6103803
-0.5474755
-0.2513782
0.1004876
0.2620381
0.1384009
-0.1259321
-0.2867051
-0.2229992
-0.0141732
0.1887664
0.3289455
0.4576904
0.6079035
0.7070396
0.6462455
0.4175316
0.1452408
-0.0294413
-0.0758899
-0.0736033
-0.1023081
-0.1599008
-0.1916271
-0.1733314
-0.1405337
-0.1389443
-0.1699147
-0.1975010
-0.1980122
-0.1850429
-0.1845721
-0.1995437
-0.2087049
-0.1953202
-0.1672208
-0.1471203
-0.1490524
-0.1672932
-0.1847914
-0.1883916
-0.1771002
-0.1601647
-0.1492861
-0.1503827
-0.1595647
-0.1665627
-0.1638523
-0.1534039
-0.1438300
-0.1407963
-0.1415411
-0.1393175
-0.1316143
-0.1226628
-0.1189463
-0.1237856
-0.1353936
-0.1479660
-0.1545716
-0.1513455
-0.1406196
-0.1294573
-0.1240131
-0.1252992
-0.1307938
-0.1392065
-0.1515539
-0.1666303
-0.1775478
-0.1763982
-0.1635091
-0.1492953
-0.1439425
-0.1461913
-0.1455417
-0.1358168
-0.1231299
-0.1183200
-0.1237263
-0.1306762
-0.1299346
-0.1219092
-0.1151794
-0.1164926
-0.1243400
-0.1323858
-0.1370721
-0.1401063
-0.1442546
-0.1489661
-0.1509528
-0.1478276
-0.1404567
-0.1328758
-0.1305135
-0.1366758
-0.1487673
-0.1587147
-0.1593842
-0.1511922
-0.1413461
-0.1363908
-0.1366082
-0.1381153
-0.1392461
-0.1434319
-0.1552528
-0.1735473
-0.1881661
-0.1836849
-0.1481563
-0.0819221
-0.0009667
0.0694391
0.1096899
0.1189579
0.1130271
0.1067532
0.0998459
0.0833087
0.0584323
0.0421805
0.0491819
0.0725709
0.0901535
0.0904097
0.0857400
0.0952349
0.1187464
0.1366327
0.1364669
0.1309515
0.1409717
0.1647853
0.1761389
0.1575325
0.1262851
0.1173846
0.1428063
0.1782730
0.1932614
0.1853254
0.1769140
0.1828055
0.1922461
0.1872530
0.1702095
0.1633193
0.1811510
0.2126922
0.2351830
0.2396867
0.2355387
0.2323193
0.2275326
0.2158279
0.2028902
0.2017918
0.2163961
0.2349876
0.2429222
0.2381121
0.2309084
0.2304045
0.2345250
0.2342952
0.2251794
0.2121638
0.2048508
0.2093767
0.2238306
0.2386845
0.2426025
0.2328953
0.2226526
0.2332092
0.2740951
0.3309671
0.3776586
0.4007984
0.4090794
0.4175970
0.4280487
0.4290258
0.4140160
0.3931586
0.3844765
0.3965817
0.4235028
0.4541248
0.4803691
0.4949851
0.4895471
0.4636516
0.4346873
0.4283893
0.4534213
0.4888728
0.5028787
0.4834477
0.4466815
0.4137949
0.3844530
0.3375793
0.2592754
0.1664284
0.0973793
0.0758578
0.0858537
0.0877609
0.0622916
0.0325681
0.0312203
0.0420063
-0.0097063
-0.1798194
-0.4056003
-0.5060564
-0.3278665
0.0823318
0.4681143
0.5652983
0.3384002
0.0143066
-0.1261658
0.0118099
0.2995670
0.5559417
0.7165778
0.8270539
0.9114515
0.9057172
0.7398005
0.4526863
0.1842003
0.0469449
0.0295988
0.0368357
0.0037122
-0.0520126
-0.0812376
-0.0743171
-0.0642547
-0.0756716
-0.0959487
-0.1008987
-0.0907909
-0.0863865
-0.0961478
-0.1042144
-0.0946185
-0.0746441
-0.0641658
-0.0682732
-0.0726802
-0.0661700
-0.0561056
-0.0559110
-0.0647844
-0.0694474
-0.0647227
-0.0626675
-0.0757648
-0.0959588
-0.0993461
-0.0743102
-0.0389348
-0.0237576
-0.0380768
-0.0595394
-0.0594220
-0.0337461
-0.0052101
0.0035563
-0.0062673
-0.0137323
-0.0029875
0.0185881
0.0277039
0.0097896
-0.0251030
-0.0516931
-0.0533193
-0.0345816
-0.0117386
0.0048053
0.0159986
0.0255942
0.0323176
0.0335392
0.0337681
0.0431684
0.0641757
0.0834366
0.0845771
0.0706132
0.0662535
0.0908395
0.1320252
0.1553079
0.1422276
0.1124488
0.1021982
0.1238558
0.1539473
0.1621618
0.1452770
0.1260202
0.1216322
0.1241931
0.1172950
0.1040353
0.1058748
0.1324937
0.1640174
0.1712922
0.1487559
0.1182814
0.1015252
0.0977442
0.0926946
0.0819047
0.0758176
0.0824156
0.0941449
0.0982262
0.0947215
0.0946540
0.1000270
0.0969207
0.0760814
0.0529742
0.0545375
0.0854238
0.1189166
0.1273532
0.1132977
0.1008610
0.1002657
0.0947932
0.0683191
0.0350570
0.0276188
0.0551742
0.0874697
0.0903150
0.0689284
0.0606971
0.0843692
0.1130505
0.1088953
0.0745071
0.0521003
0.0700727
0.1060506
0.1141365
0.0817007
0.0445352
0.0427365
0.0732824
0.0971187
0.0888481
0.0649957
0.0573483
0.0694676
0.0735922
0.0494690
0.0125890
-0.0035311
0.0139081
0.0453136
0.0642810
0.0656462
0.0632369
0.0646369
0.0576039
0.0266125
-0.0208704
-0.0531197
-0.0433868
0.0030659
0.0555618
0.0893992
0.1046152
0.1128900
0.1135157
0.0915142
0.0419313
-0.0104591
-0.0256520
0.0122291
0.0737396
0.1091344
0.0954520
0.0542126
0.0228256
0.0171578
0.0276801
0.0443111
0.0711151
0.1133402
0.1606109
0.1937834
0.2073321
0.2153549
0.2305866
0.2439564
0.2341611
0.1962848
0.1502816
0.1172601
0.0985929
0.0892146
0.1021367
0.1573921
0.2399205
0.2886790
0.2518321
0.1526624
0.0777796
0.0823471
0.1151115
0.0605035
-0.1351507
-0.3941730
-0.5823010
-0.6480722
-0.6643080
-0.7219850
-0.8070517
-0.8149502
-0.6882925
-0.5063272
-0.4076388
-0.4312018
-0.4689070
-0.3979252
-0.2439247
-0.1747361
-0.3123057
-0.5694673
-0.7078615
-0.5722567
-0.2553227
-0.0169374
-0.0436631
-0.2935826
-0.5641337
-0.6838645
-0.6256365
-0.4590050
-0.2432583
-0.0000064
0.2270790
0.3407969
0.2614048
0.0256286
-0.2193895
-0.3439960
-0.3515780
-0.3522796
-0.4265436
-0.5367616
-0.5863700
-0.5496632
-0.5101832
-0.5554165
-0.6544268
-0.6758914
-0.5391234
-0.3232639
-0.1981081
-0.2465997
-0.3780643
-0.4281841
-0.3303541
-0.1703401
-0.0775351
-0.0884857
-0.1336064
-0.1421345
-0.1261535
-0.1470539
-0.2220183
-0.2969506
-0.3166153
-0.2955212
-0.2979424
-0.3557559
-0.4279160
-0.4473139
-0.3942918
-0.3126670
-0.2592894
-0.2517768
-0.2682985
-0.2844441
-0.2951644
-0.3030833
-0.3033597
-0.2918970
-0.2807146
-0.2904677
-0.3254812
-0.3653638
-0.3857992
-0.3822723
-0.3691086
-0.3596265
-0.3538358
-0.3453948
-0.3340297
-0.3253320
-0.3188978
-0.3029301
-0.2660445
-0.2130141
-0.1628720
-0.1294427
-0.1080469
-0.0846387
-0.0551110
-0.0311573
-0.0266267
-0.0398663
-0.0507463
-0.0373089
0.0016895
0.0415746
0.0538191
0.0354088
0.0127623
0.0136734
0.0381213
0.0605951
0.0599362
0.0421622
0.0316984
0.0428537
0.0648010
0.0763943
0.0712350
0.0618928
0.0609527
0.0674922
0.0763822
0.0909811
0.1148236
0.1344558
0.1260725
0.0865134
0.0487000
0.0539946
0.1075785
0.1686070
0.1899494
0.1651677
0.1305340
0.1211234
0.1336599
0.1391248
0.1251223
0.1116744
0.1219115
0.1493787
0.1655775
0.1561006
0.1376692
0.1353401
0.1493997
0.1532052
0.1263871
0.0854082
0.0725485
0.1098756
0.1690503
0.1957797
0.1658534
0.1102055
0.0804849
0.0948673
0.1245374
0.1322093
0.1150706
0.1025273
0.1141977
0.1318896
0.1226004
0.0844944
0.0551782
0.0682097
0.1122210
0.1448035
0.1418237
0.1191419
0.1043357
0.1010492
0.0917953
0.0701098
0.0561225
0.0741355
0.1205784
0.1634479
0.1755543
0.1615699
0.1464450
0.1417235
0.1334302
0.1055378
0.0675249
0.0514878
0.0813277
0.1453052
0.1983699
0.1957829
0.1337318
0.0604462
0.0398773
0.0950035
0.1850635
0.2420280
0.2315359
0.1782469
0.1332218
0.1210647
0.1243526
0.1203325
0.1227609
0.1716333
0.2764162
0.3838582
0.4214916
0.3759521
0.3140446
0.3145414
0.3828125
0.4447083
0.4296874
0.3520425
0.2976760
0.3290222
0.4168700
0.4790138
0.4779023
0.4572672
0.4760293
0.5289637
0.5568725
0.5284722
0.4828599
0.4762875
0.5040326
0.5012747
0.4249513
0.3126917
0.2413015
0.2355272
0.2438928
0.2118244
0.1533682
0.1259974
0.1471268
0.1706233
0.1539426
0.1154179
0.0949044
0.0739524
-0.0170860
-0.1877482
-0.3102997
-0.2053180
0.1695183
0.6344823
0.9252489
0.9260283
0.7544853
0.6161647
0.6019360
0.6480183
0.6695769
0.6802171
0.7541918
0.8972762
1.0006390
0.9413070
0.7125369
0.4340964
0.2356413
0.1485608
0.1167542
0.0876461
0.0621544
0.0587264
0.0641890
0.0462004
0.0034743
-0.0231656
0.0020470
0.0648076
0.1144117
0.1189110
0.0963352
0.0879704
0.1086798
0.1333533
0.1311000
0.1011285
0.0690457
0.0570239
0.0683131
0.0962690
0.1346976
0.1760088
0.2088285
0.2245030
0.2235449
0.2123951
0.1956081
0.1738554
0.1497386
0.1343633
0.1450239
0.1905605
0.2554102
0.3014506
0.2926208
0.2231826
0.1250281
0.0472685
0.0221377
0.0417517
0.0667240
0.0632802
0.0326430
-0.0023216
-0.0381363
-0.1039812
-0.2228982
-0.3664727
-0.4643876
-0.4670907
-0.3945353
-0.3151346
-0.2751816
-0.2562942
-0.2102730
-0.1308479
-0.0722333
-0.0844982
-0.1417201
-0.1557150
-0.0666099
0.0920227
0.2244316
0.2600996
0.2032609
0.1059498
0.0113301
-0.0680902
-0.1293278
-0.1610597
-0.1600776
-0.1527487
-0.1755430
-0.2279272
-0.2630923
-0.2415558
-0.1861983
-0.1664100
-0.2238434
-0.3222531
-0.3749591
-0.3209752
-0.1793365
-0.0387989
0.0043976
-0.0877419
-0.2708369
-0.4481469
-0.5322834
-0.4988577
-0.3961223
-0.3009503
-0.2554118
-0.2427049
-0.2242920
-0.1906430
-0.1644042
-0.1608147
-0.1657394
-0.1600084
-0.1504789
-0.1618175
-0.2005267
-0.2399071
-0.2465340
-0.2176170
-0.1856634
-0.1838066
-0.2101968
-0.2314460
-0.2190254
-0.1750720
-0.1231889
-0.0851965
-0.0720944
-0.0868465
-0.1237312
-0.1674557
-0.2022315
-0.2225674
-0.2310957
-0.2287010
-0.2137306
-0.1911472
-0.1763625
-0.1850274
-0.2168898
-0.2501884
-0.2569915
-0.2296481
-0.1899913
-0.1660067
-0.1611593
-0.1553947
-0.1365586
-0.1198913
-0.1303389
-0.1716019
-0.2191497
-0.2422957
-0.2301220
-0.1970113
-0.1654334
-0.1453888
-0.1323652
-0.1218884
-0.1162433
-0.1134060
-0.1008222
-0.0717587
-0.0419039
-0.0356480
-0.0554402
-0.0768718
-0.0790233
-0.0713867
-0.0821155
-0.1199312
-0.1546129
-0.1434986
-0.0804411
-0.0111141
0.0105712
-0.0208695
-0.0607268
-0.0679595
-0.0440835
-0.0121538
0.0229912
0.0701877
0.1105929
0.0861987
-0.0488544
-0.2634243
-0.4497697
-0.5060170
-0.4248809
-0.2936604
-0.2020735
-0.1608260
-0.1204682
-0.0553481
-0.0012525
-0.0046103
-0.0556068
-0.0883965
-0.0430027
0.0814698
0.2293387
0.3308273
0.3393439
0.2417313
0.0584910
-0.1480052
-0.2797201
-0.2587798
-0.1055397
0.0524589
0.0833205
-0.0241800
-0.1528090
-0.1897950
-0.1636222
-0.2262160
-0.4758263
-0.7979020
-0.9169574
-0.6502403
-0.1192949
0.3197331
0.3836608
0.1037636
-0.2348440
-0.3695658
-0.2599281
-0.0412432
0.1595494
0.3235148
0.4752199
0.5791199
0.5494266
0.3605972
0.1052353
-0.0861836
-0.1667447
-0.1898359
-0.2195003
-0.2613599
-0.2871065
-0.2911857
-0.2951089
-0.3071926
-0.3056445
-0.2705455
-0.2199321
-0.1982050
-0.2250591
-0.2675296
-0.2759531
-0.2432368
-0.2107288
-0.2126239
-0.2345248
-0.2390713
-0.2165466
-0.1911491
-0.1837175
-0.1866038
-0.1778617
-0.1496754
-0.1179736
-0.1061280
-0.1203854
-0.1435770
-0.1560697
-0.1581692
-0.1635072
-0.1748888
-0.1805251
-0.1742026
-0.1646321
-0.1608658
-0.1607876
-0.1596764
-0.1608281
-0.1718121
-0.1950009
-0.2235578
-0.2432863
-0.2419442
-0.2235647
-0.2091890
-0.2147487
-0.2324199
-0.2426253
-0.2387029
-0.2285792
-0.2169153
-0.1985297
-0.1687468
-0.1312289
-0.0962840
-0.0759256
-0.0752195
-0.0832442
-0.0796907
-0.0563118
-0.0247356
0.0007644
0.0176854
0.0278934
0.0294380
0.0245827
0.0244222
0.0352181
0.0480998
0.0502922
0.0400355
0.0255687
0.0162940
0.0172935
0.0247695
0.0268916
0.0182644
0.0109932
0.0194441
0.0376451
0.0470517
0.0441278
0.0426843
0.0486722
0.0500506
0.0354319
0.0103033
-0.0079095
-0.0034921
0.0249765
0.0570627
0.0632697
0.0371961
0.0072084
0.0039373
0.0248178
0.0434402
0.0441980
0.0334575
0.0248614
0.0269135
0.0380622
0.0446377
0.0330444
0.0109554
0.0030705
0.0186626
0.0392919
0.0466544
0.0446513
0.0441971
0.0444889
0.0411283
0.0376184
0.0387157
0.0446910
0.0567147
0.0740990
0.0859391
0.0826971
0.0742531
0.0764455
0.0835318
0.0780648
0.0645280
0.0655774
0.0850991
0.1016118
0.1000359
0.0874160
0.0776171
0.0798873
0.0974788
0.1191433
0.1223709
0.1045430
0.0957499
0.1184081
0.1518151
0.1614397
0.1448490
0.1237691
0.1113421
0.1125676
0.1341301
0.1671175
0.1829992
0.1714215
0.1573003
0.1594900
0.1632574
0.1551588
0.1501623
0.1608798
0.1750720
0.1839674
0.1953885
0.2037583
0.1912210
0.1702801
0.1736102
0.1927846
0.1889728
0.1726052
0.1983882
0.2677658
0.3171870
0.3206643
0.3192619
0.3329123
0.3362783
0.3362661
0.3674239
0.3975950
0.3641749
0.3198893
0.3839600
0.5063114
0.4645453
0.1877793
