0.0192786
0.0202910
0.0049562
-0.0175800
-0.0321047
-0.0268549
-0.0019087
0.0279173
0.0404217
0.0222789
-0.0181718
-0.0557569
-0.0695497
-0.0603517
-0.0463564
-0.0421140
-0.0447749
-0.0425640
-0.0334626
-0.0300266
-0.0441784
-0.0712193
-0.0933089
-0.0982960
-0.0910511
-0.0845384
-0.0831285
-0.0790825
-0.0652501
-0.0466128
-0.0357797
-0.0382178
-0.0451821
-0.0420910
-0.0221487
0.0088144
0.0384529
0.0565621
0.0595564
0.0510608
0.0403726
0.0378077
0.0473867
0.0627384
0.0719430
0.0680533
0.0546823
0.0410120
0.0328300
0.0302163
0.0329046
0.0438705
0.0645421
0.0875634
0.0982163
0.0857775
0.0534551
0.0162311
-0.0109220
-0.0224341
-0.0215654
-0.0136202
-0.0012204
0.0153743
0.0360109
0.0591020
0.0799187
0.0887051
0.0730976
0.0283436
-0.0312449
-0.0742651
-0.0739009
-0.0337582
0.0093274
0.0151240
-0.0221763
-0.0668115
-0.0762848
-0.0450098
-0.0107719
-0.0154589
-0.0611490
-0.1085493
-0.1183331
-0.0892388
-0.0531756
-0.0379114
-0.0419521
-0.0462006
-0.0417389
-0.0385561
-0.0491186
-0.0718170
-0.0942036
-0.1072006
-0.1101175
-0.1042987
-0.0904106
-0.0750067
-0.0723007
-0.0903137
-0.1156954
-0.1213089
-0.0950372
-0.0576053
-0.0446101
-0.0693380
-0.1079866
-0.1247715
-0.1088808
-0.0826639
-0.0745446
-0.0891067
-0.1061968
-0.1057792
-0.0889229
-0.0746075
-0.0799533
-0.1049049
-0.1325906
-0.1413237
-0.1187531
-0.0703708
-0.0167080
0.0213966
0.0394787
0.0519578
0.0752065
0.1072536
0.1275489
0.1202887
0.0967009
0.0888466
0.1174181
0.1670214
0.1977572
0.1837844
0.1394234
0.1052955
0.1084817
0.1370020
0.1530903
0.1300902
0.0755792
0.0193814
-0.0187345
-0.0473079
-0.0889966
-0.1504257
-0.2102000
-0.2400105
-0.2365156
-0.2270839
-0.2400192
-0.2720049
-0.2926296
-0.2836531
-0.2653513
-0.2729939
-0.3091706
-0.3364145
-0.3301204
-0.3275566
-0.3940995
-0.5215061
-0.5746089
-0.3782103
0.1124243
0.7263111
1.1809303
1.2918064
1.0936269
0.7706339
0.4861299
0.2837249
0.1288552
0.0029011
-0.0692158
-0.0705773
-0.0367557
-0.0300316
-0.0777755
-0.1521500
-0.2110023
-0.2449431
-0.2761833
-0.3201729
-0.3636095
-0.3837836
-0.3793168
-0.3718147
-0.3786164
-0.3923104
-0.3910243
-0.3651411
-0.3292861
-0.3082814
-0.3142071
-0.3377651
-0.3597165
-0.3688352
-0.3692412
-0.3720542
-0.3812173
-0.3880907
-0.3803918
-0.3565187
-0.3300261
-0.3181638
-0.3250591
-0.3370507
-0.3359312
-0.3168373
-0.2923333
-0.2791994
-0.2825727
-0.2932197
-0.2983995
-0.2935529
-0.2839011
-0.2766476
-0.2727106
-0.2658517
-0.2499529
-0.2279284
-0.2132520
-0.2201866
-0.2493701
-0.2826116
-0.2952750
-0.2779584
-0.2468691
-0.2301326
-0.2412722
-0.2664219
-0.2791302
-0.2675037
-0.2453016
-0.2365208
-0.2511464
-0.2767148
-0.2911881
-0.2814209
-0.2502473
-0.2103022
-0.1743753
-0.1499781
-0.1379312
-0.1328935
-0.1270051
-0.1167651
-0.1070222
-0.1055167
-0.1121131
-0.1161168
-0.1077190
-0.0915270
-0.0843982
-0.0966935
-0.1171412
-0.1206190
-0.0937598
-0.0519703
-0.0281590
-0.0426182
-0.0838486
-0.1191414
-0.1234158
-0.0980777
-0.0647726
-0.0445120
-0.0430138
-0.0518163
-0.0587473
-0.0568279
-0.0467959
-0.0346963
-0.0272619
-0.0272135
-0.0313442
-0.0339128
-0.0332081
-0.0339409
-0.0408713
-0.0499761
-0.0493552
-0.0321471
-0.0074370
0.0059704
-0.0010143
-0.0165702
-0.0195799
-0.0030371
0.0166756
0.0162457
-0.0093746
-0.0405281
-0.0522798
-0.0383186
-0.0140514
0.0018291
0.0047989
0.0031718
0.0040693
0.0054420
0.0015834
-0.0078288
-0.0169043
-0.0201016
-0.0168432
-0.0099214
-0.0024881
0.0018366
-0.0011136
-0.0115167
-0.0209003
-0.0173270
0.0003869
0.0160096
0.0099669
-0.0172297
-0.0398213
-0.0307392
0.0086434
0.0468482
0.0537574
0.0327964
0.0186060
0.0418401
0.0986226
0.1565346
0.1883087
0.1954239
0.1985827
0.2108044
0.2257016
0.2319064
0.2333953
0.2503419
0.2983769
0.3679461
0.4257505
0.4390208
0.4019183
0.3408041
0.2930704
0.2771276
0.2795482
0.2711638
0.2375455
0.1940419
0.1688986
0.1710991
0.1783983
0.1606041
0.1125135
0.0582141
0.0224248
0.0049551
-0.0106881
-0.0289587
-0.0349358
-0.0191231
0.0018811
0.0034118
-0.0111124
-0.0116014
0.0075103
-0.0088283
-0.1281199
-0.3263602
-0.4481584
-0.3096388
0.1294144
0.6939635
1.1100544
1.2109226
1.0441683
0.7933435
0.6095085
0.5178510
0.4620956
0.4032252
0.3570729
0.3502829
0.3691623
0.3668112
0.3123252
0.2193858
0.1261773
0.0578537
0.0139407
-0.0155424
-0.0338851
-0.0402810
-0.0399594
-0.0423600
-0.0487893
-0.0489040
-0.0343911
-0.0133449
-0.0049157
-0.0179695
-0.0390608
-0.0456711
-0.0309472
-0.0117549
-0.0100098
-0.0275484
-0.0430818
-0.0358304
-0.0098685
0.0091113
0.0022729
-0.0205730
-0.0311269
-0.0135899
0.0184305
0.0375345
0.0321463
0.0169327
0.0139324
0.0274462
0.0411948
0.0391497
0.0242922
0.0138941
0.0189124
0.0326699
0.0402421
0.0348327
0.0222553
0.0118940
0.0074186
0.0066230
0.0067879
0.0074237
0.0084982
0.0084312
0.0049549
-0.0026784
-0.0126178
-0.0203090
-0.0188674
-0.0022262
0.0279284
0.0581591
0.0715867
0.0652448
0.0574870
0.0717342
0.1097420
0.1446557
0.1460458
0.1128565
0.0780674
0.0775856
0.1149652
0.1591032
0.1768094
0.1647957
0.1478862
0.1487445
0.1644106
0.1734530
0.1615577
0.1358288
0.1151777
0.1111877
0.1203783
0.1326724
0.1434361
0.1554637
0.1706981
0.1832715
0.1830646
0.1661625
0.1405463
0.1207817
0.1169289
0.1276772
0.1427334
0.1514850
0.1506747
0.1453546
0.1430969
0.1468043
0.1518896
0.1494939
0.1333443
0.1059350
0.0790554
0.0660090
0.0702906
0.0817953
0.0863662
0.0798604
0.0711480
0.0701706
0.0749493
0.0736126
0.0601053
0.0448274
0.0453560
0.0655327
0.0875196
0.0892072
0.0696281
0.0528872
0.0636467
0.0995660
0.1304957
0.1259775
0.0838668
0.0330678
0.0088771
0.0237740
0.0588326
0.0817874
0.0748613
0.0481229
0.0277755
0.0308985
0.0498521
0.0610049
0.0499645
0.0281581
0.0218773
0.0430565
0.0732696
0.0810345
0.0560027
0.0229258
0.0190390
0.0581138
0.1182877
0.1645642
0.1809633
0.1802291
0.1854731
0.2068125
0.2363118
0.2606077
0.2735660
0.2785286
0.2847354
0.3031613
0.3388570
0.3805210
0.4009087
0.3781701
0.3222091
0.2738852
0.2682372
0.2963846
0.3107410
0.2736022
0.1968748
0.1263784
0.0885412
0.0641807
0.0208746
-0.0398804
-0.0837808
-0.0907320
-0.0819241
-0.0883083
-0.1051730
-0.1003926
-0.0685625
-0.0515806
-0.0858111
-0.1440043
-0.1649913
-0.1499629
-0.1908235
-0.3547338
-0.5399066
-0.5014428
-0.0781702
0.5995638
1.1663206
1.3205859
1.0748181
0.7069734
0.4793688
0.4254645
0.4033659
0.3104658
0.1987608
0.1806996
0.2682482
0.3454691
0.2958271
0.1246547
-0.0582629
-0.1582417
-0.1761621
-0.1773052
-0.2079731
-0.2576430
-0.2900412
-0.2883982
-0.2638947
-0.2342430
-0.2096419
-0.1981722
-0.2097644
-0.2447234
-0.2833754
-0.2981030
-0.2789910
-0.2429896
-0.2154023
-0.2063434
-0.2086664
-0.2148138
-0.2276234
-0.2516772
-0.2793841
-0.2930435
-0.2823194
-0.2551450
-0.2279589
-0.2083944
-0.1930007
-0.1806913
-0.1802249
-0.1995309
-0.2323007
-0.2622551
-0.2801804
-0.2901035
-0.2962829
-0.2906033
-0.2609416
-0.2123232
-0.1721525
-0.1674238
-0.1971776
-0.2327837
-0.2472682
-0.2402436
-0.2311732
-0.2331670
-0.2411641
-0.2457136
-0.2494713
-0.2631602
-0.2878103
-0.3082859
-0.3074070
-0.2835919
-0.2512950
-0.2248941
-0.2057899
-0.1869009
-0.1665410
-0.1528408
-0.1535814
-0.1658618
-0.1794968
-0.1892534
-0.1998194
-0.2174325
-0.2386433
-0.2496224
-0.2376192
-0.2036145
-0.1636544
-0.1368330
-0.1309454
-0.1391498
-0.1492321
-0.1545843
-0.1571432
-0.1633780
-0.1795721
-0.2082359
-0.2441593
-0.2724829
-0.2746074
-0.2421957
-0.1886335
-0.1440889
-0.1330060
-0.1527743
-0.1768052
-0.1824052
-0.1747538
-0.1791840
-0.2091254
-0.2464247
-0.2577980
-0.2302483
-0.1869347
-0.1662924
-0.1859298
-0.2274889
-0.2558813
-0.2516708
-0.2249445
-0.2012768
-0.1982324
-0.2146230
-0.2365619
-0.2495487
-0.2470225
-0.2327978
-0.2174217
-0.2100636
-0.2114987
-0.2144142
-0.2109538
-0.2005213
-0.1907093
-0.1903985
-0.2012207
-0.2158894
-0.2256723
-0.2289056
-0.2303175
-0.2320418
-0.2285060
-0.2132867
-0.1906369
-0.1768066
-0.1861599
-0.2142422
-0.2364367
-0.2279390
-0.1882494
-0.1447701
-0.1292157
-0.1496146
-0.1857300
-0.2096838
-0.2080199
-0.1853867
-0.1533644
-0.1201541
-0.0884779
-0.0573053
-0.0229020
0.0186945
0.0654482
0.1050711
0.1220563
0.1140089
0.0996878
0.1046933
0.1360990
0.1742326
0.1926885
0.1848940
0.1683491
0.1642016
0.1759299
0.1877249
0.1804276
0.1479375
0.1006315
0.0553393
0.0215263
-0.0050929
-0.0366021
-0.0793482
-0.1245637
-0.1534787
-0.1549584
-0.1385883
-0.1266174
-0.1310200
-0.1425864
-0.1463400
-0.1427201
-0.1450895
-0.1585252
-0.1751584
-0.1984537
-0.2583194
-0.3754262
-0.4976135
-0.4897456
-0.2249579
0.2847683
0.8487923
1.2117137
1.2343002
0.9809094
0.6418683
0.3781520
0.2340625
0.1705681
0.1459896
0.1488209
0.1703878
0.1789505
0.1399690
0.0562002
-0.0288023
-0.0741265
-0.0818545
-0.0873967
-0.1146068
-0.1512827
-0.1706549
-0.1663828
-0.1568470
-0.1579721
-0.1625031
-0.1517252
-0.1235721
-0.1012718
-0.1101660
-0.1481815
-0.1840512
-0.1866749
-0.1542225
-0.1130114
-0.0905055
-0.0923018
-0.1032992
-0.1060534
-0.0961781
-0.0828288
-0.0773919
-0.0822922
-0.0899202
-0.0912318
-0.0841614
-0.0738193
-0.0664974
-0.0646304
-0.0659131
-0.0652978
-0.0584934
-0.0455994
-0.0320492
-0.0252634
-0.0291737
-0.0403925
-0.0489364
-0.0449870
-0.0287140
-0.0136743
-0.0165150
-0.0405521
-0.0711450
-0.0896661
-0.0914682
-0.0883638
-0.0936235
-0.1062894
-0.1116820
-0.0977268
-0.0696551
-0.0463092
-0.0410831
-0.0486998
-0.0527515
-0.0442435
-0.0291907
-0.0183104
-0.0130998
-0.0044571
0.0156007
0.0421109
0.0582490
0.0505707
0.0247785
0.0042725
0.0091403
0.0353545
0.0569986
0.0517601
0.0251474
0.0081027
0.0273732
0.0759563
0.1151375
0.1107145
0.0683127
0.0288705
0.0267104
0.0549797
0.0756561
0.0616044
0.0243924
-0.0000236
0.0104123
0.0429595
0.0668557
0.0670486
0.0569082
0.0573667
0.0693383
0.0729330
0.0532831
0.0212063
0.0048343
0.0220972
0.0629291
0.0978225
0.1034916
0.0815552
0.0536721
0.0395690
0.0408133
0.0449827
0.0416789
0.0316461
0.0225049
0.0198855
0.0235890
0.0300772
0.0370426
0.0452311
0.0554887
0.0645954
0.0661145
0.0565872
0.0399334
0.0250806
0.0199248
0.0266991
0.0402429
0.0501357
0.0479439
0.0351278
0.0225847
0.0203789
0.0282694
0.0371414
0.0388851
0.0338945
0.0291308
0.0294044
0.0315364
0.0290078
0.0224842
0.0217486
0.0336059
0.0507426
0.0588852
0.0559074
0.0581682
0.0835414
0.1298690
0.1743820
0.1961343
0.1974118
0.2000457
0.2196098
0.2468466
0.2597456
0.2534516
0.2511542
0.2805460
0.3424089
0.4068201
0.4392396
0.4278382
0.3883871
0.3483155
0.3263890
0.3220929
0.3196745
0.3026514
0.2680096
0.2290202
0.2031672
0.1939332
0.1840332
0.1509456
0.0917059
0.0281675
-0.0159105
-0.0372283
-0.0452581
-0.0392110
-0.0099367
0.0312727
0.0451693
0.0064477
-0.0524239
-0.0672948
-0.0291814
-0.0255622
-0.1534235
-0.3712061
-0.4660020
-0.2218203
0.3514572
0.9738286
1.3112047
1.2494506
0.9560078
0.6862768
0.5558885
0.5055025
0.4476112
0.3922826
0.4096055
0.5021563
0.5654364
0.4935714
0.3016576
0.1149545
0.0377735
0.0550769
0.0707480
0.0228775
-0.0590042
-0.1043722
-0.0854680
-0.0394995
-0.0181781
-0.0323393
-0.0520028
-0.0513839
-0.0398396
-0.0446816
-0.0731459
-0.1019878
-0.1039712
-0.0767676
-0.0432071
-0.0275167
-0.0339243
-0.0460941
-0.0450684
-0.0277529
-0.0081119
-0.0012698
-0.0094009
-0.0239116
-0.0365154
-0.0436299
-0.0431185
-0.0337887
-0.0197904
-0.0111645
-0.0160284
-0.0314362
-0.0434432
-0.0393363
-0.0219837
-0.0092794
-0.0145768
-0.0294623
-0.0335335
-0.0226191
-0.0183120
-0.0423249
-0.0858675
-0.1136809
-0.1010484
-0.0626524
-0.0405144
-0.0621354
-0.1120358
-0.1472544
-0.1407057
-0.1048479
-0.0710792
-0.0529463
-0.0373460
-0.0083668
0.0308773
0.0628602
0.0748522
0.0687855
0.0553859
0.0432931
0.0348641
0.0310407
0.0369619
0.0581353
0.0899645
0.1160582
0.1215026
0.1063297
0.0833242
0.0647393
0.0536446
0.0456881
0.0361137
0.0263059
0.0247899
0.0390887
0.0650140
0.0873272
0.0933991
0.0839720
0.0694687
0.0591488
0.0551683
0.0532111
0.0465058
0.0321536
0.0157093
0.0076911
0.0143832
0.0327116
0.0522263
0.0596554
0.0454101
0.0125825
-0.0208254
-0.0351329
-0.0263641
-0.0070888
0.0094269
0.0207364
0.0301909
0.0357802
0.0284842
0.0029820
-0.0303644
-0.0483721
-0.0371373
-0.0118554
-0.0048799
-0.0277520
-0.0530143
-0.0442302
-0.0013490
0.0342407
0.0225773
-0.0323625
-0.0861840
-0.0986056
-0.0722592
-0.0453463
-0.0466509
-0.0649008
-0.0688207
-0.0503093
-0.0329755
-0.0367226
-0.0494909
-0.0443993
-0.0169446
0.0068305
-0.0001687
-0.0347191
-0.0649826
-0.0641101
-0.0401799
-0.0271046
-0.0434918
-0.0684636
-0.0666587
-0.0320501
0.0044398
0.0107946
-0.0115610
-0.0302627
-0.0130333
0.0433425
0.1088379
0.1447255
0.1372185
0.1078661
0.0905076
0.1021817
0.1374377
0.1817492
0.2226716
0.2528093
0.2697607
0.2728063
0.2587408
0.2262617
0.1848744
0.1497606
0.1239807
0.0954697
0.0570721
0.0195607
-0.0036103
-0.0173542
-0.0412507
-0.0866362
-0.1430717
-0.1885412
-0.2129460
-0.2300715
-0.2591725
-0.2926341
-0.2967939
-0.2581031
-0.2139265
-0.2126142
-0.2490210
-0.2719479
-0.2652501
-0.2906021
-0.4149253
-0.5919516
-0.6417563
-0.3847322
0.1753678
0.8014501
1.1845415
1.1835047
0.9127010
0.6014438
0.3907772
0.2718068
0.1782830
0.0870879
0.0248151
0.0110811
0.0192647
-0.0053755
-0.0900097
-0.2002647
-0.2725791
-0.2809838
-0.2579937
-0.2503681
-0.2756098
-0.3239727
-0.3750998
-0.4022362
-0.3864654
-0.3416606
-0.3056019
-0.2977231
-0.3069916
-0.3237287
-0.3517730
-0.3824907
-0.3919355
-0.3756963
-0.3553241
-0.3432646
-0.3356197
-0.3400598
-0.3649301
-0.3794749
-0.3440153
-0.2881746
-0.2880451
-0.3428362
-0.3524536
-0.2610994
