-0.2794614
-0.2947752
-0.3012280
-0.3100245
-0.3173812
-0.3074584
-0.2783390
-0.2524425
-0.2533330
-0.2776123
-0.2987828
-0.2985319
-0.2856256
-0.2799087
-0.2847277
-0.2846799
-0.2702582
-0.2546380
-0.2586116
-0.2827663
-0.3041087
-0.3032326
-0.2881679
-0.2843775
-0.3030629
-0.3272880
-0.3327530
-0.3168143
-0.3003476
-0.3020904
-0.3183569
-0.3314422
-0.3328449
-0.3311770
-0.3374735
-0.3498093
-0.3571613
-0.3552937
-0.3526906
-0.3597153
-0.3762127
-0.3925515
-0.4001028
-0.3967512
-0.3831529
-0.3588400
-0.3249710
-0.2883119
-0.2582286
-0.2388544
-0.2262144
-0.2137800
-0.1990877
-0.1838544
-0.1695605
-0.1556039
-0.1416976
-0.1296626
-0.1216431
-0.1178080
-0.1169417
-0.1182245
-0.1208577
-0.1225239
-0.1202364
-0.1132129
-0.1035999
-0.0940952
-0.0866943
-0.0845440
-0.0920371
-0.1092216
-0.1267393
-0.1313641
-0.1198054
-0.1043689
-0.1004817
-0.1090533
-0.1160191
-0.1110818
-0.1019251
-0.1044631
-0.1210136
-0.1354219
-0.1325641
-0.1171020
-0.1070270
-0.1110985
-0.1201702
-0.1223151
-0.1190709
-0.1203822
-0.1274399
-0.1298210
-0.1215224
-0.1117069
-0.1128214
-0.1222405
-0.1248363
-0.1146861
-0.1053176
-0.1121949
-0.1304346
-0.1392999
-0.1287122
-0.1118531
-0.1065903
-0.1118815
-0.1122735
-0.1034397
-0.1009466
-0.1177039
-0.1411848
-0.1445617
-0.1199024
-0.0896508
-0.0801967
-0.0917301
-0.1028080
-0.1006467
-0.0948264
-0.0979902
-0.1042153
-0.0973351
-0.0766045
-0.0609875
-0.0639281
-0.0739708
-0.0700015
-0.0512208
-0.0398785
-0.0515779
-0.0731293
-0.0784388
-0.0613958
-0.0421080
-0.0396630
-0.0492688
-0.0531209
-0.0466981
-0.0427516
-0.0493640
-0.0556768
-0.0464988
-0.0245024
-0.0078687
-0.0069096
-0.0131252
-0.0152391
-0.0170007
-0.0291653
-0.0470804
-0.0490878
-0.0231905
0.0124888
0.0260853
0.0083544
-0.0156442
-0.0141632
0.0183445
0.0612083
0.0954997
0.1229687
0.1562380
0.1983945
0.2381429
0.2614657
0.2621828
0.2434974
0.2175752
0.2052455
0.2262663
0.2796960
0.3357667
0.3579458
0.3386143
0.3078476
0.3010129
0.3206897
0.3374079
0.3265685
0.2950710
0.2673557
0.2536419
0.2417875
0.2172103
0.1785402
0.1308176
0.0761277
0.0220944
-0.0087834
0.0027059
0.0414097
0.0630415
0.0446598
0.0163217
0.0161566
0.0153973
-0.0712874
-0.2629812
-0.4148294
-0.3052869
0.1288138
0.6540642
0.8910564
0.6464641
0.0997703
-0.3535104
-0.4462566
-0.2281363
0.0608495
0.2526525
0.3609967
0.4661211
0.5623326
0.5609476
0.4207112
0.2225373
0.0927857
0.0747986
0.1029389
0.0966356
0.0502652
0.0180070
0.0315853
0.0614733
0.0614625
0.0288472
0.0035050
0.0149668
0.0486143
0.0685987
0.0613913
0.0454677
0.0423763
0.0508367
0.0538124
0.0436062
0.0315241
0.0329998
0.0490914
0.0654580
0.0670762
0.0516024
0.0299499
0.0167086
0.0197270
0.0358599
0.0546100
0.0662251
0.0674043
0.0600223
0.0461231
0.0268227
0.0064524
-0.0060745
-0.0045493
0.0057284
0.0103745
-0.0002315
-0.0212846
-0.0404030
-0.0528759
-0.0659875
-0.0870114
-0.1110516
-0.1253450
-0.1247371
-0.1179018
-0.1160451
-0.1191300
-0.1176900
-0.1070513
-0.0940838
-0.0869153
-0.0813394
-0.0628285
-0.0233249
0.0271017
0.0680672
0.0877069
0.0919831
0.0959317
0.1086098
0.1281506
0.1489809
0.1691315
0.1884547
0.2027247
0.2046545
0.1929798
0.1782100
0.1754690
0.1900551
0.2115655
0.2241854
0.2224695
0.2151312
0.2130298
0.2161646
0.2154476
0.2065564
0.1978009
0.2011497
0.2167996
0.2304913
0.2278867
0.2098423
0.1912191
0.1851080
0.1906736
0.1972653
0.1978637
0.1953066
0.1955436
0.1984682
0.1983190
0.1920542
0.1840916
0.1815360
0.1864354
0.1943556
0.1997066
0.2006040
0.1985762
0.1956179
0.1928778
0.1910944
0.1904893
0.1904890
0.1915045
0.1972354
0.2121883
0.2339035
0.2491474
0.2432696
0.2169802
0.1915854
0.1921284
0.2226436
0.2600711
0.2755899
0.2621492
0.2393284
0.2312253
0.2422745
0.2566412
0.2591758
0.2524405
0.2513021
0.2637592
0.2813239
0.2890099
0.2819801
0.2701802
0.2675600
0.2787259
0.2959033
0.3066356
0.3032975
0.2871004
0.2662013
0.2510784
0.2493048
0.2610440
0.2779572
0.2879154
0.2832179
0.2654933
0.2428205
0.2225732
0.2077096
0.1991812
0.1990263
0.2081139
0.2206821
0.2243805
0.2097989
0.1812835
0.1560049
0.1491953
0.1597395
0.1721384
0.1734873
0.1666247
0.1645796
0.1734365
0.1846008
0.1860094
0.1786449
0.1779316
0.1975465
0.2341823
0.2705802
0.2925642
0.3002760
0.3025277
0.3040303
0.3020243
0.2946623
0.2881130
0.2921412
0.3095704
0.3327029
0.3506740
0.3585775
0.3583069
0.3522990
0.3398787
0.3210244
0.3007801
0.2852757
0.2721591
0.2492230
0.2077210
0.1565422
0.1166511
0.0968579
0.0794289
0.0388342
-0.0235836
-0.0738322
-0.0838982
-0.0704233
-0.0777824
-0.1177360
-0.1464802
-0.1265180
-0.1041342
-0.1822587
-0.3808118
-0.5415998
-0.4340682
-0.0032605
0.4991672
0.6849369
0.3726719
-0.2329285
-0.7164997
-0.8091076
-0.5740098
-0.2673546
-0.0647549
0.0507594
0.1678932
0.2862664
0.3132264
0.1948740
-0.0001167
-0.1455087
-0.1834923
-0.1630055
-0.1621575
-0.2006017
-0.2384092
-0.2412705
-0.2219512
-0.2158528
-0.2343318
-0.2555228
-0.2555861
-0.2361583
-0.2184164
-0.2183477
-0.2337571
-0.2517642
-0.2620371
-0.2619843
-0.2548514
-0.2475116
-0.2485630
-0.2632436
-0.2870832
-0.3061220
-0.3070718
-0.2895011
-0.2678574
-0.2601949
-0.2735351
-0.2991006
-0.3211944
-0.3308770
-0.3316347
-0.3324524
-0.3364901
-0.3382704
-0.3329950
-0.3271490
-0.3362639
-0.3692017
-0.4148087
-0.4471819
-0.4475741
-0.4225307
-0.3994581
-0.4025023
-0.4317268
-0.4656128
-0.4831491
-0.4822565
-0.4768341
-0.4783834
-0.4834139
-0.4790433
-0.4583090
-0.4274633
-0.3983820
-0.3760742
-0.3553115
-0.3287550
-0.2962581
-0.2654415
-0.2447933
-0.2379488
-0.2437358
-0.2586872
-0.2777681
-0.2941584
-0.3010853
-0.2951696
-0.2779665
-0.2547787
-0.2330318
-0.2211095
-0.2251784
-0.2432393
-0.2621638
-0.2650496
-0.2464308
-0.2207667
-0.2120967
-0.2318929
-0.2674267
-0.2939435
-0.2981904
-0.2881628
-0.2800927
-0.2796699
-0.2794161
-0.2730793
-0.2671193
-0.2737870
-0.2939808
-0.3118770
-0.3100474
-0.2888980
-0.2678614
-0.2661828
-0.2843342
-0.3057936
-0.3155420
-0.3140654
-0.3129355
-0.3193778
-0.3278249
-0.3266580
-0.3114783
-0.2906529
-0.2781963
-0.2815393
-0.2952459
-0.3054216
-0.3009259
-0.2827223
-0.2636067
-0.2573550
-0.2661721
-0.2791375
-0.2845466
-0.2831328
-0.2861957
-0.2995405
-0.3123237
-0.3060054
-0.2750990
-0.2360603
-0.2128878
-0.2143163
-0.2270727
-0.2313599
-0.2202648
-0.2025291
-0.1890882
-0.1815988
-0.1754485
-0.1702242
-0.1724046
-0.1864654
-0.2056521
-0.2144425
-0.2017612
-0.1722275
-0.1439154
-0.1337411
-0.1436317
-0.1602851
-0.1682238
-0.1628822
-0.1513852
-0.1424506
-0.1379865
-0.1350880
-0.1335799
-0.1376785
-0.1488445
-0.1597057
-0.1590298
-0.1436984
-0.1231805
-0.1098701
-0.1059907
-0.1023100
-0.0894991
-0.0680800
-0.0458995
-0.0276534
-0.0092708
0.0172857
0.0550319
0.0978799
0.1341267
0.1536141
0.1537292
0.1416947
0.1319398
0.1384648
0.1657078
0.2050039
0.2408840
0.2623216
0.2686888
0.2661798
0.2609400
0.2567686
0.2567199
0.2620761
0.2677983
0.2623249
0.2369305
0.1961919
0.1547758
0.1201783
0.0822594
0.0280566
-0.0316444
-0.0614183
-0.0390475
0.0085741
0.0244087
-0.0140227
-0.0623628
-0.0646719
-0.0412334
-0.0887420
-0.2585990
-0.4404740
-0.4154134
-0.0721740
0.4272747
0.7375172
0.6240716
0.1794382
-0.2599861
-0.4122543
-0.2648062
-0.0149376
0.1589718
0.2394007
0.3076949
0.3988966
0.4560267
0.4143254
0.2892035
0.1604684
0.0865256
0.0583105
0.0355443
0.0038156
-0.0186149
-0.0178007
-0.0059545
-0.0018997
-0.0041610
0.0037765
0.0250594
0.0391795
0.0257729
-0.0077273
-0.0309626
-0.0236622
0.0027537
0.0203073
0.0167859
0.0061548
0.0066481
0.0159943
0.0151418
-0.0049611
-0.0280409
-0.0289841
-0.0030491
0.0274789
0.0374782
0.0251056
0.0094018
0.0047465
0.0053088
-0.0023814
-0.0177617
-0.0252076
-0.0150066
0.0014575
0.0026509
-0.0187250
-0.0470893
-0.0611261
-0.0566938
-0.0498744
-0.0580081
-0.0808112
-0.1019693
-0.1079830
-0.1028429
-0.1030411
-0.1189637
-0.1425070
-0.1537975
-0.1402040
-0.1080721
-0.0749777
-0.0512743
-0.0318281
-0.0068825
0.0224031
0.0441487
0.0518041
0.0549807
0.0698124
0.0996632
0.1298949
0.1434852
0.1388853
0.1293520
0.1262286
0.1278170
0.1268067
0.1244694
0.1312337
0.1518923
0.1749475
0.1814892
0.1648227
0.1385468
0.1239993
0.1308277
0.1504915
0.1671741
0.1726306
0.1697710
0.1641343
0.1559072
0.1426714
0.1280908
0.1229986
0.1345276
0.1552835
0.1671954
0.1586735
0.1371479
0.1221370
0.1250470
0.1378368
0.1438968
0.1388045
0.1357487
0.1479295
0.1690097
0.1769004
0.1585050
0.1266685
0.1085088
0.1176012
0.1412286
0.1562258
0.1542440
0.1476241
0.1508253
0.1610068
0.1612349
0.1417149
0.1128331
0.0945707
0.0956228
0.1066348
0.1134587
0.1128581
0.1125921
0.1182350
0.1246119
0.1228236
0.1138434
0.1106241
0.1239066
0.1475310
0.1618277
0.1534695
0.1302600
0.1140044
0.1189845
0.1392154
0.1570895
0.1622474
0.1595668
0.1592188
0.1627770
0.1628190
0.1555286
0.1488317
0.1543244
0.1726347
0.1910732
0.1972373
0.1922682
0.1880425
0.1922750
0.1997229
0.1999387
0.1921018
0.1885248
0.2010809
0.2254113
0.2423834
0.2376056
0.2180912
0.2064464
0.2175260
0.2427810
0.2598632
0.2572863
0.2467226
0.2486643
0.2674316
0.2850741
0.2829921
0.2668640
0.2643848
0.2962548
0.3530689
0.4047981
0.4318394
0.4421716
0.4563899
0.4799585
0.4960450
0.4874592
0.4616381
0.4481699
0.4696101
0.5175438
0.5604391
0.5739676
0.5604980
0.5397229
0.5263408
0.5218041
0.5243973
0.5369029
0.5571171
0.5656022
0.5361669
0.4662341
0.3897272
0.3464919
0.3371390
0.3212874
0.2701155
0.2100685
0.1944260
0.2296597
0.2537632
0.2094643
0.1278628
0.1030089
0.1652775
0.2091037
0.0976119
-0.1445103
-0.2838740
-0.0836271
0.4234508
0.8976020
0.9707771
0.5811851
0.0282091
-0.3029265
-0.2629107
-0.0002139
0.2493534
0.3873719
0.4703683
0.5611070
0.6241298
0.5802964
0.4250154
0.2511071
0.1531212
0.1361325
0.1329918
0.0946308
0.0396204
0.0148581
0.0302325
0.0494905
0.0390818
0.0070475
-0.0135759
-0.0083887
0.0045975
0.0025849
-0.0139933
-0.0275099
-0.0292890
-0.0291609
-0.0391071
-0.0563042
-0.0678650
-0.0687772
-0.0685302
-0.0783331
-0.0957784
-0.1065355
-0.1015871
-0.0896624
-0.0897821
-0.1114066
-0.1433745
-0.1631980
-0.1575127
-0.1343688
-0.1163728
-0.1210065
-0.1459564
-0.1731449
-0.1874039
-0.1905565
-0.1963594
-0.2130506
-0.2339797
-0.2466125
-0.2485431
-0.2515612
-0.2690055
-0.3005802
-0.3316202
-0.3476239
-0.3475228
-0.3408117
-0.3334676
-0.3215199
-0.3004997
-0.2768595
-0.2637457
-0.2644398
-0.2649087
-0.2473424
-0.2102880
-0.1711073
-0.1466948
-0.1352942
-0.1221584
-0.1021882
-0.0894295
-0.0985445
-0.1209566
-0.1290288
-0.1075333
-0.0748402
-0.0657013
-0.0933535
-0.1340791
-0.1516062
-0.1337878
-0.1021342
-0.0867254
-0.0962092
-0.1142756
-0.1219579
-0.1179923
-0.1162651
-0.1274882
-0.1471981
-0.1610092
-0.1591115
-0.1456304
-0.1353027
-0.1404721
-0.1594758
-0.1779319
-0.1832183
-0.1776213
-0.1750311
-0.1840368
-0.1969759
-0.1987726
-0.1862978
-0.1751614
-0.1837600
-0.2112494
-0.2357046
-0.2367511
-0.2171089
-0.1974020
-0.1911987
-0.1919190
-0.1871461
-0.1796622
-0.1859288
-0.2127919
-0.2425470
-0.2477926
-0.2213930
-0.1868864
-0.1752104
-0.1922560
-0.2138367
-0.2142314
-0.1956631
-0.1850025
-0.2023001
-0.2376037
-0.2614470
-0.2560941
-0.2334142
-0.2214322
-0.2347116
-0.2595923
-0.2692426
-0.2521650
-0.2237659
-0.2094704
-0.2188827
-0.2386318
-0.2491202
-0.2449387
-0.2376716
-0.2404919
-0.2525125
-0.2596819
-0.2508406
-0.2310036
-0.2167626
-0.2187469
-0.2306674
-0.2365274
-0.2273608
-0.2099271
-0.1995083
-0.2044303
-0.2171526
-0.2213085
-0.2092250
-0.1918294
-0.1877440
-0.2007016
-0.2104045
-0.1900453
-0.1344643
-0.0691497
-0.0285351
-0.0240830
-0.0349677
-0.0318531
-0.0083670
0.0148763
0.0178645
0.0070453
0.0083328
0.0363505
0.0769507
0.1022737
0.0993176
0.0808931
0.0709981
0.0832091
0.1124038
0.1419539
0.1549801
0.1418486
0.1048794
0.0592895
0.0233410
0.0000371
-0.0286147
-0.0795116
-0.1400859
-0.1744133
-0.1659199
-0.1437897
-0.1501451
-0.1828430
-0.1944603
-0.1651907
-0.1597452
-0.2702876
-0.4797993
-0.6088202
-0.4548954
-0.0181957
0.4316119
0.5601757
0.2682047
-0.2140362
-0.5366193
-0.5303554
-0.3041404
-0.0769303
0.0453975
0.1180489
0.2234434
0.3431992
0.3817460
0.2898516
0.1283926
0.0044728
-0.0323309
-0.0162124
-0.0046084
-0.0164735
-0.0323814
-0.0346393
-0.0299134
-0.0348186
-0.0521415
-0.0677391
-0.0670036
-0.0487661
-0.0236156
-0.0039853
0.0021454
-0.0066425
-0.0231198
-0.0333127
-0.0275658
-0.0115081
-0.0010292
-0.0038190
-0.0100878
-0.0054509
0.0094617
0.0171353
0.0022575
-0.0292539
-0.0526607
-0.0474349
-0.0179093
0.0105390
0.0160380
-0.0013706
-0.0258075
-0.0444628
-0.0556842
-0.0617562
-0.0618042
-0.0550731
-0.0477287
-0.0518994
-0.0754456
-0.1116182
-0.1405363
-0.1453960
-0.1294419
-0.1139994
-0.1169282
-0.1348598
-0.1489244
-0.1458139
-0.1301699
-0.1171068
-0.1148823
-0.1151593
-0.1003870
-0.0621713
-0.0120777
0.0280174
0.0461130
0.0483154
0.0484116
0.0542559
0.0653004
0.0784569
0.0925535
0.1077677
0.1219020
0.1280831
0.1197408
0.1008244
0.0871791
0.0916609
0.1094773
0.1245516
0.1294945
0.1318051
0.1388471
0.1441923
0.1348218
0.1101415
0.0887578
0.0923872
0.1216919
0.1514937
0.1554755
0.1344773
0.1128567
0.1068456
0.1077528
0.1014122
0.0922893
0.0964764
0.1164811
0.1353098
0.1358466
0.1184643
0.0983272
0.0894645
0.0923429
0.0963294
0.0948992
0.0950356
0.1059276
0.1220855
0.1283398
0.1209463
0.1115608
0.1088191
0.1088133
0.1070209
0.1069099
0.1121126
0.1209279
0.1310614
0.1384256
0.1323106
0.1085180
0.0869369
0.0940042
0.1239989
0.1424457
0.1354838
0.1282325
0.1402672
