0.4117044
0.4313565
0.4395079
0.4221490
0.3919343
0.3737421
0.3774516
0.3886951
0.3872796
0.3711495
0.3579610
0.3631500
0.3812463
0.3930655
0.3900288
0.3857897
0.4003535
0.4353559
0.4704995
0.4859987
0.4843589
0.4854328
0.5010948
0.5206843
0.5251534
0.5126376
0.5039569
0.5206082
0.5606498
0.5999046
0.6158196
0.6063655
0.5853143
0.5641700
0.5435343
0.5203537
0.4966635
0.4768323
0.4588237
0.4337012
0.3954327
0.3483770
0.3031591
0.2671238
0.2408555
0.2214621
0.2045239
0.1831580
0.1518110
0.1155810
0.0913306
0.0913559
0.1058337
0.1108035
0.0987039
0.0908087
0.1037058
0.1054248
0.0317550
-0.1255584
-0.2494328
-0.1537483
0.2488472
0.8227051
1.2737576
1.3700597
1.1201156
0.7438046
0.4748231
0.3909759
0.4161845
0.4486361
0.4579177
0.4664383
0.4769300
0.4523969
0.3657543
0.2429081
0.1398008
0.0846474
0.0580366
0.0291882
-0.0043681
-0.0229049
-0.0205992
-0.0188542
-0.0393984
-0.0747928
-0.0958631
-0.0860047
-0.0587348
-0.0388642
-0.0342093
-0.0332254
-0.0272046
-0.0245785
-0.0384794
-0.0656471
-0.0856397
-0.0820391
-0.0593113
-0.0356241
-0.0223651
-0.0158034
-0.0085819
-0.0032822
-0.0093828
-0.0279643
-0.0451542
-0.0446913
-0.0259366
-0.0060847
-0.0031754
-0.0182003
-0.0352462
-0.0387049
-0.0290336
-0.0214285
-0.0299950
-0.0537412
-0.0772726
-0.0841335
-0.0699815
-0.0451872
-0.0269606
-0.0285673
-0.0525868
-0.0903706
-0.1264028
-0.1452566
-0.1384667
-0.1084267
-0.0674338
-0.0323171
-0.0171148
-0.0267932
-0.0544857
-0.0840807
-0.0985129
-0.0904042
-0.0674997
-0.0464735
-0.0381788
-0.0377668
-0.0311695
-0.0130230
0.0034792
-0.0016077
-0.0315041
-0.0634928
-0.0677712
-0.0378952
-0.0006249
0.0081568
-0.0211835
-0.0621036
-0.0786898
-0.0614148
-0.0343305
-0.0273429
-0.0450343
-0.0658997
-0.0706768
-0.0657906
-0.0746422
-0.1073902
-0.1451749
-0.1580877
-0.1368668
-0.1023720
-0.0830423
-0.0874269
-0.1025199
-0.1157853
-0.1305611
-0.1555325
-0.1844176
-0.1963521
-0.1811766
-0.1589219
-0.1646040
-0.2098728
-0.2646115
-0.2832810
-0.2503649
-0.1955847
-0.1624187
-0.1656459
-0.1842162
-0.1932183
-0.1942907
-0.2091982
-0.2474579
-0.2893561
-0.3053491
-0.2884834
-0.2618810
-0.2539355
-0.2706430
-0.2942899
-0.3049756
-0.2980709
-0.2816727
-0.2641628
-0.2496904
-0.2436146
-0.2548994
-0.2873948
-0.3286939
-0.3519366
-0.3339794
-0.2756394
-0.2049450
-0.1578151
-0.1504543
-0.1665286
-0.1714662
-0.1434142
-0.0942193
-0.0603779
-0.0705147
-0.1187459
-0.1683429
-0.1809002
-0.1431825
-0.0706156
0.0079633
0.0658851
0.0857586
0.0632443
0.0107472
-0.0463824
-0.0862773
-0.1076370
-0.1278963
-0.1614791
-0.2023926
-0.2328344
-0.2475662
-0.2624634
-0.2952817
-0.3434669
-0.3879110
-0.4160699
-0.4318919
-0.4410006
-0.4375918
-0.4172235
-0.3969798
-0.4051955
-0.4442284
-0.4786480
-0.4790135
-0.4714451
-0.5134398
-0.5994338
-0.6072420
-0.3809082
0.1047590
0.6692177
1.0407972
1.0639753
0.8012612
0.4442848
0.1452669
-0.0608469
-0.2013872
-0.2836238
-0.2893365
-0.2287501
-0.1611547
-0.1464896
-0.1900193
-0.2492902
-0.2889900
-0.3123645
-0.3377102
-0.3624708
-0.3660571
-0.3428757
-0.3158208
-0.3104776
-0.3250286
-0.3354991
-0.3278458
-0.3140876
-0.3129836
-0.3228330
-0.3225945
-0.2990251
-0.2641777
-0.2414999
-0.2390934
-0.2430648
-0.2368786
-0.2210804
-0.2099642
-0.2113927
-0.2154293
-0.2053835
-0.1779307
-0.1486467
-0.1361921
-0.1426151
-0.1516758
-0.1470592
-0.1302839
-0.1184424
-0.1241673
-0.1399803
-0.1449309
-0.1273554
-0.0992661
-0.0857456
-0.0995956
-0.1283596
-0.1479086
-0.1475369
-0.1390749
-0.1411335
-0.1573742
-0.1729693
-0.1717651
-0.1539510
-0.1350591
-0.1287360
-0.1330538
-0.1348021
-0.1254731
-0.1101929
-0.1000724
-0.0978282
-0.0937150
-0.0765041
-0.0472237
-0.0203213
-0.0103746
-0.0179262
-0.0294004
-0.0314238
-0.0240960
-0.0184562
-0.0212306
-0.0251735
-0.0173107
0.0039706
0.0236307
0.0243520
0.0053603
-0.0159577
-0.0224886
-0.0153680
-0.0105996
-0.0181392
-0.0287325
-0.0251898
-0.0048810
0.0145572
0.0145834
-0.0024303
-0.0155125
-0.0096787
0.0059871
0.0086576
-0.0106064
-0.0338596
-0.0339941
-0.0043516
0.0325366
0.0467027
0.0292055
-0.0021695
-0.0229050
-0.0237759
-0.0133095
-0.0032986
0.0032247
0.0095044
0.0154213
0.0157038
0.0088146
0.0033538
0.0101968
0.0273149
0.0369542
0.0229723
-0.0087168
-0.0311798
-0.0218093
0.0133153
0.0431632
0.0417236
0.0132881
-0.0139564
-0.0186071
-0.0067333
-0.0004758
-0.0099728
-0.0224598
-0.0200765
-0.0029187
0.0112141
0.0093805
0.0002633
0.0045790
0.0305299
0.0636539
0.0834445
0.0873719
0.0939235
0.1208002
0.1634975
0.1988149
0.2088175
0.1981973
0.1872584
0.1909770
0.2083375
0.2312194
0.2578844
0.2918109
0.3274775
0.3448395
0.3261837
0.2792511
0.2363694
0.2237762
0.2328937
0.2285534
0.1885992
0.1306121
0.0930950
0.0907959
0.0962890
0.0712765
0.0120639
-0.0449704
-0.0648522
-0.0521934
-0.0405037
-0.0490404
-0.0635893
-0.0632636
-0.0526227
-0.0527003
-0.0653746
-0.0688171
-0.0607742
-0.0887117
-0.2018683
-0.3569377
-0.3949622
-0.1576200
0.3446939
0.8881521
1.1873649
1.1174018
0.7991680
0.4748374
0.3055361
0.2824878
0.3053844
0.3111188
0.3133786
0.3395997
0.3669459
0.3391212
0.2352902
0.1015284
0.0074605
-0.0195551
-0.0108926
-0.0142491
-0.0451310
-0.0807939
-0.0926615
-0.0767033
-0.0530927
-0.0429405
-0.0496716
-0.0612913
-0.0660683
-0.0634897
-0.0612674
-0.0644876
-0.0693323
-0.0675451
-0.0563556
-0.0425967
-0.0355815
-0.0363046
-0.0361814
-0.0279793
-0.0159459
-0.0117541
-0.0201065
-0.0314232
-0.0312606
-0.0161818
0.0020736
0.0089546
0.0020824
-0.0078388
-0.0106263
-0.0084417
-0.0118647
-0.0252789
-0.0396582
-0.0419827
-0.0306013
-0.0188348
-0.0224785
-0.0444204
-0.0722254
-0.0906498
-0.0957104
-0.0958805
-0.1003793
-0.1087566
-0.1133863
-0.1098806
-0.1008732
-0.0887752
-0.0692301
-0.0366817
0.0037230
0.0348787
0.0430322
0.0341606
0.0308574
0.0496151
0.0824449
0.1046213
0.1011523
0.0819501
0.0684412
0.0683620
0.0690524
0.0561711
0.0339786
0.0224623
0.0348815
0.0620698
0.0813915
0.0799055
0.0657883
0.0563769
0.0581031
0.0616482
0.0561173
0.0433933
0.0353747
0.0389139
0.0477574
0.0510055
0.0470305
0.0452605
0.0530375
0.0636325
0.0618653
0.0430618
0.0226328
0.0217108
0.0427274
0.0636308
0.0600730
0.0323581
0.0068475
0.0090652
0.0368950
0.0623430
0.0596322
0.0296881
-0.0036182
-0.0185503
-0.0134075
-0.0008130
0.0094108
0.0169292
0.0231593
0.0239370
0.0135544
-0.0063368
-0.0257320
-0.0346678
-0.0305784
-0.0169655
0.0020282
0.0220471
0.0343628
0.0273307
-0.0023074
-0.0401804
-0.0620480
-0.0548385
-0.0290089
-0.0076733
-0.0038807
-0.0104931
-0.0121301
-0.0042642
0.0017787
-0.0074647
-0.0306653
-0.0496641
-0.0440983
-0.0076347
0.0487182
0.1057253
0.1464110
0.1610685
0.1491085
0.1208173
0.0961423
0.0963411
0.1312417
0.1916762
0.2544361
0.2965746
0.3074007
0.2898448
0.2547103
0.2164922
0.1910867
0.1880590
0.1987753
0.1960669
0.1553499
0.0807195
0.0060163
-0.0357632
-0.0441589
-0.0485604
-0.0734101
-0.1113133
-0.1351843
-0.1333913
-0.1239580
-0.1313855
-0.1577273
-0.1845938
-0.1986417
-0.2024617
-0.1995250
-0.1853556
-0.1682612
-0.1882350
-0.2843399
-0.4228504
-0.4714954
-0.2838677
0.1588665
0.6880709
1.0502922
1.0939057
0.8702037
0.5619226
0.3222366
0.1818198
0.0898183
0.0111377
-0.0354285
-0.0235032
0.0247943
0.0472136
0.0033245
-0.0844645
-0.1580429
-0.1864576
-0.1938241
-0.2249795
-0.2920026
-0.3616769
-0.3935282
-0.3821280
-0.3572997
-0.3462298
-0.3433604
-0.3222694
-0.2738612
-0.2243660
-0.2106675
-0.2414470
-0.2893829
-0.3217539
-0.3315082
-0.3338956
-0.3387041
-0.3367681
-0.3173034
-0.2905537
-0.2824092
-0.3040171
-0.3341173
-0.3395565
-0.3124249
-0.2789403
-0.2679643
-0.2771839
-0.2785067
-0.2552289
-0.2241516
-0.2157153
-0.2378045
-0.2677616
-0.2808227
-0.2785829
-0.2827068
-0.3033860
-0.3236961
-0.3205553
-0.2957947
-0.2769584
-0.2855797
-0.3122416
-0.3290893
-0.3233038
-0.3101264
-0.3112075
-0.3267191
-0.3352940
-0.3206163
-0.2916754
-0.2723215
-0.2730304
-0.2789216
-0.2680465
-0.2374364
-0.2061078
-0.1931530
-0.1978800
-0.2033621
-0.1957775
-0.1765200
-0.1566758
-0.1441868
-0.1388682
-0.1378727
-0.1412785
-0.1491998
-0.1552237
-0.1481757
-0.1240198
-0.0942999
-0.0785005
-0.0859820
-0.1061987
-0.1177422
-0.1075503
-0.0822454
-0.0615279
-0.0598698
-0.0732451
-0.0831361
-0.0737852
-0.0460970
-0.0157300
0.0012768
0.0013874
-0.0057433
-0.0080432
-0.0028043
0.0020367
-0.0012679
-0.0091979
-0.0092502
0.0058105
0.0281728
0.0417877
0.0387309
0.0271450
0.0222719
0.0304352
0.0432161
0.0479693
0.0425889
0.0371840
0.0407590
0.0497793
0.0533164
0.0478539
0.0420715
0.0451682
0.0538696
0.0552100
0.0427092
0.0267650
0.0255618
0.0448649
0.0694885
0.0780426
0.0656828
0.0484750
0.0438421
0.0506147
0.0526580
0.0407490
0.0253605
0.0250161
0.0446416
0.0698396
0.0839229
0.0876330
0.0978305
0.1261732
0.1634632
0.1891045
0.1941603
0.1898395
0.1924073
0.2048688
0.2175128
0.2240876
0.2320922
0.2548061
0.2945255
0.3356330
0.3553376
0.3423062
0.3062447
0.2704144
0.2539937
0.2581571
0.2656571
0.2546988
0.2179779
0.1704618
0.1351593
0.1181902
0.1011367
0.0631420
0.0088927
-0.0327024
-0.0406046
-0.0265725
-0.0213218
-0.0377228
-0.0569358
-0.0559442
-0.0410421
-0.0409388
-0.0659094
-0.0908768
-0.0947075
-0.1063739
-0.1803329
-0.3056924
-0.3564384
-0.1731586
0.2756908
0.8157701
1.1734700
1.1848422
0.9141476
0.5760440
0.3493614
0.2647573
0.2498758
0.2456426
0.2561312
0.2999559
0.3502890
0.3462160
0.2573726
0.1202734
0.0054501
-0.0444197
-0.0407754
-0.0232909
-0.0199752
-0.0333579
-0.0532457
-0.0703999
-0.0784420
-0.0737594
-0.0605971
-0.0516419
-0.0562432
-0.0684012
-0.0718235
-0.0583475
-0.0377765
-0.0272023
-0.0325954
-0.0437274
-0.0470563
-0.0405985
-0.0334694
-0.0319082
-0.0304953
-0.0202625
-0.0024857
0.0111444
0.0126990
0.0076378
0.0073989
0.0149657
0.0214445
0.0171174
0.0036495
-0.0062811
-0.0017857
0.0143880
0.0278583
0.0266937
0.0123924
-0.0034232
-0.0112283
-0.0112580
-0.0112106
-0.0188282
-0.0353196
-0.0530084
-0.0598395
-0.0495752
-0.0291311
-0.0142501
-0.0158427
-0.0296472
-0.0393363
-0.0308296
-0.0050179
0.0235387
0.0414676
0.0494972
0.0587448
0.0752078
0.0922141
0.1000850
0.0996268
0.1016406
0.1130529
0.1266275
0.1268089
0.1064910
0.0774276
0.0619899
0.0726221
0.0998431
0.1220970
0.1268676
0.1202286
0.1164146
0.1212716
0.1274793
0.1246228
0.1122577
0.1020107
0.1055327
0.1203850
0.1307147
0.1244625
0.1081774
0.1010534
0.1137372
0.1355323
0.1440471
0.1271385
0.0952585
0.0724057
0.0742738
0.0945571
0.1125513
0.1132628
0.0988681
0.0822298
0.0733587
0.0731042
0.0758957
0.0753660
0.0691872
0.0614643
0.0598432
0.0680461
0.0811029
0.0891854
0.0866279
0.0771179
0.0698689
0.0700477
0.0730384
0.0700655
0.0603195
0.0542698
0.0614229
0.0768070
0.0847657
0.0768601
0.0617663
0.0551777
0.0624377
0.0739370
0.0772146
0.0713348
0.0673694
0.0741883
0.0860877
0.0884479
0.0764495
0.0641286
0.0713251
0.1029437
0.1437796
0.1734257
0.1849592
0.1899799
0.2063975
0.2399230
0.2765541
0.2950852
0.2886330
0.2727780
0.2716189
0.2968813
0.3401558
0.3815879
0.4034477
0.3981083
0.3689029
0.3274897
0.2901571
0.2714757
0.2742600
0.2834464
0.2757387
0.2416804
0.1964649
0.1636015
0.1494719
0.1404258
0.1241239
0.1043045
0.0899447
0.0780534
0.0579749
0.0316924
0.0173748
0.0240310
0.0302505
0.0053983
-0.0438902
-0.0688207
-0.0430361
-0.0228575
-0.1015471
-0.2745083
-0.3715386
-0.1779492
0.3412610
0.9478976
1.2954148
1.2137581
0.8400911
0.4728569
0.3065544
0.3109636
0.3430940
0.3298031
0.3149137
0.3537562
0.4153411
0.4137674
0.3138905
0.1729842
0.0744400
0.0417550
0.0311374
-0.0025675
-0.0533566
-0.0821641
-0.0718875
-0.0471841
-0.0403639
-0.0537769
-0.0652738
-0.0613589
-0.0514138
-0.0505568
-0.0603313
-0.0706102
-0.0737970
-0.0716858
-0.0706186
-0.0740071
-0.0801298
-0.0852436
-0.0866317
-0.0821512
-0.0700715
-0.0535098
-0.0432906
-0.0495499
-0.0682761
-0.0818832
-0.0776184
-0.0625661
-0.0565586
-0.0712723
-0.0981948
-0.1160754
-0.1098545
-0.0847445
-0.0626010
-0.0625645
-0.0852524
-0.1174284
-0.1489796
-0.1787656
-0.2034272
-0.2084185
-0.1779087
-0.1156832
-0.0542343
-0.0372713
-0.0838312
-0.1646530
-0.2201777
-0.2118884
-0.1578403
-0.1133550
-0.1161773
-0.1532741
-0.1797128
-0.1651258
-0.1209120
-0.0852259
-0.0834412
-0.1042857
-0.1158112
-0.1022788
-0.0795169
-0.0736461
-0.0921747
-0.1200002
-0.1376717
-0.1373178
-0.1236794
-0.1058584
-0.0894483
-0.0756838
-0.0678397
-0.0745954
-0.1006098
-0.1338563
-0.1502274
-0.1357265
-0.1016581
-0.0753243
-0.0763448
-0.1007411
-0.1254474
-0.1304402
-0.1201553
-0.1200144
-0.1462571
-0.1824998
-0.1945160
-0.1682369
-0.1260623
-0.1041548
-0.1181507
-0.1513762
-0.1725374
-0.1647552
-0.1401914
-0.1261564
-0.1367306
-0.1615488
-0.1822684
-0.1920131
-0.1947914
-0.1944057
-0.1921239
-0.1907329
-0.1932710
-0.1992480
-0.2058440
-0.2099160
-0.2067493
-0.1922446
-0.1699221
-0.1512385
-0.1459261
-0.1553258
-0.1750139
-0.1978805
-0.2148909
-0.2208141
-0.2203998
-0.2218201
-0.2242061
-0.2200676
-0.2097400
-0.2034427
-0.2073151
-0.2159738
-0.2207549
-0.2185555
-0.2120369
-0.2065727
-0.2049479
-0.1996603
-0.1758666
-0.1302616
-0.0813583
-0.0508043
-0.0389275
-0.0286440
-0.0090507
0.0146374
0.0305387
0.0315514
0.0229215
0.0246783
0.0572523
0.1160496
0.1694837
0.1909371
0.1836443
0.1674918
0.1541183
0.1437535
0.1333006
0.1174189
0.0928336
0.0681959
0.0562031
0.0515644
0.0343966
0.0002975
-0.0334927
-0.0573059
-0.0809829
-0.1091797
-0.1287635
-0.1294992
-0.1154888
-0.0921731
-0.0666033
-0.0589425
-0.0805493
-0.1038111
-0.0970149
-0.0869335
-0.1291135
-0.2083206
-0.2381026
-0.1863459
-0.1318330
-0.1517093
