-0.4026890
-0.5039951
-0.3109963
-0.2557583
-0.3884025
-0.4216885
-0.2934234
-0.2295612
-0.3098562
-0.3676741
-0.3229770
-0.2919338
-0.3429237
-0.4031748
-0.4278770
-0.4492634
-0.4518301
-0.3837765
-0.2883848
-0.2625313
-0.3003138
-0.3207969
-0.3185113
-0.3456991
-0.3813365
-0.3577569
-0.2912828
-0.2619725
-0.2853889
-0.3084558
-0.3057733
-0.2912850
-0.2678366
-0.2416317
-0.2456368
-0.2820005
-0.2919849
-0.2457578
-0.2041644
-0.2277906
-0.2829274
-0.3009883
-0.2769551
-0.2493845
-0.2315722
-0.2150875
-0.1988692
-0.1745374
-0.1242102
-0.0598617
-0.0190919
-0.0044061
0.0208142
0.0635216
0.0876761
0.0829856
0.0857724
0.1156047
0.1489594
0.1710017
0.1996577
0.2441420
0.2866750
0.3145384
0.3294570
0.3257161
0.3009091
0.2834440
0.3063204
0.3577485
0.3942692
0.3930594
0.3592686
0.3004717
0.2279929
0.1608862
0.0949611
-0.0030507
-0.1329789
-0.2270976
-0.2281497
-0.1772063
-0.1702077
-0.2352680
-0.3003706
-0.2938409
-0.2529775
-0.3087224
-0.5336312
-0.7895604
-0.7796053
-0.3434588
0.2880292
0.6247823
0.3737458
-0.2582415
-0.7504543
-0.7386481
-0.2913981
0.2299193
0.5291621
0.5942534
0.6019678
0.6569037
0.6721874
0.5142112
0.2042284
-0.0849582
-0.2129783
-0.1946848
-0.1439203
-0.1489373
-0.2138503
-0.2819948
-0.2972018
-0.2585558
-0.2197619
-0.2250739
-0.2562857
-0.2589078
-0.2081205
-0.1314346
-0.0786742
-0.0837011
-0.1386195
-0.1906745
-0.1834559
-0.1166093
-0.0464277
-0.0162992
-0.0115108
0.0031307
0.0299823
0.0458838
0.0418214
0.0321379
0.0355739
0.0613289
0.1037394
0.1435179
0.1654266
0.1759972
0.1903381
0.2063532
0.2118651
0.2111260
0.2187289
0.2303748
0.2265630
0.2048663
0.1831159
0.1705876
0.1608789
0.1543644
0.1633054
0.1891799
0.2121482
0.2081968
0.1694880
0.1123361
0.0711661
0.0717346
0.1002766
0.1145982
0.0971154
0.0773645
0.0860628
0.1081533
0.1054480
0.0721728
0.0429269
0.0489567
0.0827113
0.1051719
0.0829003
0.0231124
-0.0285441
-0.0361017
-0.0146509
-0.0049149
-0.0118659
0.0011514
0.0514121
0.1007870
0.0988215
0.0439142
-0.0154745
-0.0327118
-0.0068120
0.0210332
0.0125560
-0.0228702
-0.0351223
0.0081276
0.0809431
0.1281987
0.1209667
0.0682818
-0.0069692
-0.0768059
-0.1050344
-0.0702203
0.0024044
0.0545898
0.0506738
0.0105028
-0.0163421
-0.0036649
0.0246493
0.0213529
-0.0259496
-0.0692537
-0.0496443
0.0290219
0.0993361
0.1097229
0.0811355
0.0723481
0.1100836
0.1712479
0.2198319
0.2425604
0.2537958
0.2779638
0.3251793
0.3788894
0.4102584
0.4053493
0.3754683
0.3472341
0.3497286
0.3998646
0.4834891
0.5571676
0.5862934
0.5781214
0.5628670
0.5508332
0.5293998
0.4971474
0.4744859
0.4738622
0.4776137
0.4550060
0.3922190
0.2996210
0.1960574
0.0940501
0.0031729
-0.0578125
-0.0698487
-0.0470256
-0.0425676
-0.0902437
-0.1491843
-0.1549770
-0.1364709
-0.2194201
-0.4522731
-0.6530384
-0.5192291
0.0494391
0.7567395
1.1032943
0.8277110
0.1657433
-0.3492515
-0.3567849
0.0592148
0.5414956
0.8345192
0.9483856
1.0041066
1.0240905
0.9237559
0.6607405
0.3229203
0.0555709
-0.0691044
-0.0934348
-0.1018551
-0.1327232
-0.1671581
-0.1802157
-0.1721487
-0.1507201
-0.1162882
-0.0818411
-0.0832462
-0.1414331
-0.2226713
-0.2608299
-0.2215022
-0.1324471
-0.0531010
-0.0244042
-0.0441615
-0.0781162
-0.0921330
-0.0790542
-0.0567636
-0.0425077
-0.0340161
-0.0143859
0.0306291
0.0968970
0.1550559
0.1661203
0.1202147
0.0580552
0.0358335
0.0656223
0.1065888
0.1192232
0.1107742
0.1167612
0.1502466
0.1848206
0.1877931
0.1613815
0.1432670
0.1626564
0.2018433
0.2150648
0.1869386
0.1538042
0.1559875
0.1857008
0.2015281
0.1845911
0.1575209
0.1482183
0.1547964
0.1541810
0.1343343
0.1077476
0.0933657
0.0908430
0.0801062
0.0501014
0.0195554
0.0168771
0.0433723
0.0723658
0.0850235
0.0887075
0.0940834
0.0924779
0.0698829
0.0335230
0.0099997
0.0174885
0.0461112
0.0663542
0.0568008
0.0256924
0.0026333
0.0051829
0.0189649
0.0184150
0.0018332
-0.0056650
0.0167080
0.0600662
0.0912609
0.0785939
0.0176021
-0.0596450
-0.1044220
-0.0903864
-0.0338767
0.0264474
0.0632397
0.0696149
0.0477797
0.0050244
-0.0405081
-0.0642000
-0.0528538
-0.0174072
0.0142186
0.0208547
0.0092972
0.0082299
0.0326246
0.0579645
0.0442934
-0.0120553
-0.0650958
-0.0639893
-0.0008379
0.0912961
0.1756407
0.2364910
0.2744972
0.2916307
0.2866493
0.2636592
0.2398429
0.2365118
0.2588414
0.2914885
0.3201856
0.3493674
0.3878736
0.4235144
0.4270611
0.3847252
0.3198394
0.2801830
0.3025933
0.3793973
0.4516494
0.4470376
0.3435941
0.1975552
0.0941430
0.0636060
0.0524733
-0.0152475
-0.1510592
-0.2849968
-0.3414481
-0.3242376
-0.3071298
-0.3361409
-0.3727868
-0.3675382
-0.3677332
-0.4827509
-0.7060605
-0.8233959
-0.5878036
-0.0222705
0.4980128
0.5400074
0.0277418
-0.6495911
-0.9734088
-0.7500159
-0.2302451
0.1962229
0.3727778
0.4272870
0.5164894
0.6095822
0.5509913
0.2818906
-0.0641592
-0.2922845
-0.3368625
-0.2990528
-0.3104493
-0.3917959
-0.4584379
-0.4415002
-0.3693724
-0.3246635
-0.3485532
-0.4090474
-0.4520558
-0.4600449
-0.4560360
-0.4637765
-0.4761180
-0.4660861
-0.4264890
-0.3885318
-0.3890684
-0.4203258
-0.4271907
-0.3638815
-0.2470747
-0.1449639
-0.1155303
-0.1581780
-0.2209562
-0.2493834
-0.2290590
-0.1855165
-0.1491909
-0.1283273
-0.1163796
-0.1126518
-0.1229149
-0.1446251
-0.1651557
-0.1754735
-0.1755670
-0.1652031
-0.1393088
-0.0976012
-0.0540090
-0.0315594
-0.0459159
-0.0909179
-0.1394016
-0.1634888
-0.1581884
-0.1419053
-0.1320522
-0.1271087
-0.1177123
-0.1081525
-0.1163209
-0.1512606
-0.1962511
-0.2186495
-0.2005282
-0.1617132
-0.1460980
-0.1755335
-0.2203090
-0.2292624
-0.1920360
-0.1567976
-0.1755486
-0.2403537
-0.2877656
-0.2677613
-0.1994458
-0.1520179
-0.1714382
-0.2321037
-0.2668987
-0.2418578
-0.1893197
-0.1633150
-0.1759989
-0.1923120
-0.1806543
-0.1505035
-0.1358615
-0.1536944
-0.1866956
-0.2026739
-0.1854013
-0.1471960
-0.1147579
-0.1058903
-0.1211754
-0.1525362
-0.1895042
-0.2158593
-0.2126356
-0.1750192
-0.1224997
-0.0837642
-0.0710098
-0.0724919
-0.0691991
-0.0561874
-0.0478036
-0.0614636
-0.0944965
-0.1205083
-0.1156616
-0.0874399
-0.0678228
-0.0742934
-0.0848267
-0.0580037
0.0231586
0.1295346
0.2079794
0.2280275
0.2105332
0.2071078
0.2456301
0.2989919
0.3157525
0.2810350
0.2376581
0.2424437
0.3064292
0.3836299
0.4188371
0.4029845
0.3771573
0.3816885
0.4099910
0.4228712
0.4029073
0.3746709
0.3635719
0.3533404
0.3045397
0.2090491
0.1045498
0.0299465
-0.0168234
-0.0645854
-0.1239344
-0.1770890
-0.2145263
-0.2572336
-0.3194487
-0.3637365
-0.3382196
-0.2765975
-0.3133719
-0.5309072
-0.7873653
-0.7738792
-0.3214217
0.3485806
0.7459613
0.5447662
-0.0935438
-0.6486495
-0.7057901
-0.2942325
0.2177432
0.5161474
0.5911554
0.6215157
0.6947596
0.7072823
0.5264500
0.1840420
-0.1325642
-0.2653803
-0.2293945
-0.1691597
-0.1972217
-0.2941088
-0.3594856
-0.3356630
-0.2638562
-0.2278390
-0.2636079
-0.3313739
-0.3638026
-0.3305393
-0.2593005
-0.2029386
-0.1885140
-0.1974764
-0.1946900
-0.1714394
-0.1513441
-0.1541022
-0.1649959
-0.1491520
-0.0924680
-0.0202747
0.0268888
0.0330763
0.0196746
0.0182002
0.0346163
0.0475834
0.0423206
0.0350534
0.0538107
0.1000417
0.1426120
0.1533689
0.1399190
0.1356764
0.1588379
0.1873984
0.1809298
0.1298313
0.0776489
0.0833600
0.1569389
0.2402429
0.2606215
0.2019598
0.1172036
0.0723118
0.0836294
0.1108584
0.1065475
0.0680454
0.0389324
0.0597828
0.1210983
0.1685898
0.1541002
0.0791742
-0.0077879
-0.0515766
-0.0311240
0.0276353
0.0747826
0.0784525
0.0498704
0.0263784
0.0304846
0.0503871
0.0607842
0.0542965
0.0451346
0.0449237
0.0450642
0.0301079
0.0055975
0.0005872
0.0329618
0.0780281
0.0879486
0.0478975
-0.0007440
-0.0058098
0.0343309
0.0701354
0.0610996
0.0213361
-0.0026440
0.0106160
0.0365525
0.0416883
0.0276773
0.0247043
0.0439211
0.0552040
0.0256434
-0.0294932
-0.0550508
-0.0195097
0.0459436
0.0834220
0.0741819
0.0535330
0.0608411
0.0898250
0.0999222
0.0732749
0.0461874
0.0730568
0.1622486
0.2611778
0.3115810
0.3103746
0.3044107
0.3292010
0.3678666
0.3767279
0.3426311
0.3041998
0.3142466
0.3851749
0.4755394
0.5312928
0.5364683
0.5185358
0.5071061
0.4994806
0.4743582
0.4314086
0.4018328
0.4134896
0.4524278
0.4693405
0.4279893
0.3418729
0.2546829
0.1856944
0.1089379
-0.0029829
-0.1268964
-0.2049335
-0.2150070
-0.1996461
-0.2060401
-0.2182991
-0.1895840
-0.1471970
-0.2151999
-0.4700246
-0.7679783
-0.7866043
-0.3239083
0.4231058
0.9388734
0.8242014
0.1778122
-0.4738233
-0.6426139
-0.2774414
0.2773091
0.6617824
0.7959113
0.8243123
0.8558119
0.8305973
0.6404389
0.3118471
0.0123792
-0.1197105
-0.1099593
-0.0963959
-0.1709984
-0.2980487
-0.3775673
-0.3574149
-0.2728379
-0.1962642
-0.1702517
-0.1886260
-0.2245017
-0.2610886
-0.2951292
-0.3219883
-0.3279921
-0.2992052
-0.2354384
-0.1563617
-0.0946628
-0.0772376
-0.1042567
-0.1455517
-0.1642463
-0.1483298
-0.1174209
-0.0973225
-0.0904849
-0.0737967
-0.0253509
0.0472182
0.1064795
0.1170927
0.0805989
0.0359456
0.0222698
0.0432304
0.0710470
0.0814911
0.0769132
0.0742695
0.0794405
0.0818270
0.0734207
0.0643316
0.0712776
0.0917860
0.1001104
0.0767604
0.0372261
0.0198596
0.0431898
0.0845764
0.1061573
0.0942755
0.0654235
0.0386643
0.0148028
-0.0132317
-0.0382238
-0.0383862
-0.0029302
0.0475322
0.0740684
0.0552172
0.0060058
-0.0401249
-0.0628901
-0.0648932
-0.0568869
-0.0445930
-0.0313008
-0.0234431
-0.0253657
-0.0307478
-0.0269096
-0.0119299
-0.0044686
-0.0282322
-0.0804055
-0.1198322
-0.0998354
-0.0209985
0.0552175
0.0584267
-0.0203211
-0.1152583
-0.1483233
-0.1043531
-0.0409141
-0.0237516
-0.0586555
-0.0940133
-0.0881632
-0.0599704
-0.0609860
-0.1044105
-0.1416256
-0.1186473
-0.0441081
0.0154319
0.0087681
-0.0443132
-0.0791505
-0.0615355
-0.0233406
-0.0181121
-0.0524000
-0.0779471
-0.0547049
-0.0051007
0.0110345
-0.0276497
-0.0708755
-0.0489587
0.0495332
0.1638574
0.2251417
0.2249738
0.2138326
0.2365842
0.2822340
0.3040401
0.2807376
0.2431578
0.2378587
0.2771762
0.3344055
0.3793310
0.4027038
0.4053810
0.3813550
0.3274301
0.2654889
0.2359967
0.2565150
0.2932624
0.2898098
0.2271987
0.1412689
0.0712425
0.0071111
-0.0875252
-0.2039869
-0.2751964
-0.2587156
-0.2129634
-0.2471317
-0.3837613
-0.5106884
-0.5127120
-0.4372620
-0.4633444
-0.6636040
-0.8395677
-0.6853558
-0.1570651
0.3759772
0.4363291
-0.0775196
-0.7524305
-1.0418051
-0.7713790
-0.2417487
0.1421500
0.2715887
0.3377572
0.5033224
0.6734899
0.6274555
0.3122030
-0.0756867
-0.3042886
-0.3387021
-0.3235717
-0.3761651
-0.4629023
-0.4877685
-0.4431351
-0.4189294
-0.4728100
-0.5450405
-0.5333917
-0.4309206
-0.3480672
-0.3862021
-0.5141737
-0.5957676
-0.5362198
-0.3812978
-0.2648276
-0.2715857
-0.3629929
-0.4302708
-0.4045754
-0.3105450
-0.2243014
-0.1950730
-0.2115743
-0.2326933
-0.2346871
-0.2241346
-0.2157351
-0.2103402
-0.1964236
-0.1661030
-0.1255537
-0.0917973
-0.0808999
-0.0958236
-0.1212305
-0.1309336
-0.1073294
-0.0602577
-0.0258276
-0.0380988
-0.0952175
-0.1563904
-0.1792606
-0.1601049
-0.1310444
-0.1185523
-0.1160321
-0.1040971
-0.0876685
-0.0956526
-0.1400929
-0.1897834
-0.1991531
-0.1617923
-0.1213700
-0.1222220
-0.1585407
-0.1856702
-0.1788256
-0.1629221
-0.1751111
-0.2112119
-0.2287894
-0.2034759
-0.1636761
-0.1572941
-0.1931128
-0.2315124
-0.2350745
-0.2138259
-0.2078431
-0.2297618
-0.2414144
-0.1980483
-0.1094592
-0.0427874
-0.0580028
-0.1455205
-0.2338201
-0.2579067
-0.2164637
-0.1623952
-0.1427419
-0.1527405
-0.1493261
-0.1055886
-0.0453487
-0.0199559
-0.0535380
-0.1175364
-0.1611477
-0.1613598
-0.1375010
-0.1193165
-0.1099619
-0.0864804
-0.0336747
0.0306614
0.0683166
0.0553100
0.0004485
-0.0668456
-0.1191541
-0.1414382
-0.1307396
-0.0967587
-0.0596475
-0.0343750
-0.0116414
0.0376452
0.1288757
0.2356383
0.3049353
0.3070340
0.2669119
0.2392694
0.2522486
0.2833800
0.2952463
0.2869361
0.2974725
0.3563352
0.4421517
0.5009210
0.5022110
0.4671555
0.4389665
0.4355650
0.4397944
0.4310199
0.4114630
0.3940448
0.3744784
0.3323121
0.2627717
0.1927568
0.1516193
0.1315881
0.0935215
0.0153847
-0.0792847
-0.1508585
-0.1894827
-0.2138355
-0.2306329
-0.2263405
-0.2164483
-0.2742490
-0.4565916
-0.6818205
-0.7286151
-0.4290868
0.1106227
0.5255004
0.4914438
0.0373777
-0.4561377
-0.5890446
-0.2788349
0.2193695
0.5907790
0.7257065
0.7239375
0.7017090
0.6534936
0.5037949
0.2430324
-0.0320022
-0.2075161
-0.2513860
-0.2156469
-0.1672818
-0.1394521
-0.1392817
-0.1703721
-0.2296733
-0.2937436
-0.3290412
-0.3222902
-0.2929447
-0.2702908
-0.2629599
-0.2564858
-0.2366932
-0.2059462
-0.1745972
-0.1455690
-0.1156426
-0.0887043
-0.0774462
-0.0872780
-0.1034251
-0.1008341
-0.0684824
-0.0213855
0.0131581
0.0208063
0.0117926
0.0094046
0.0286785
0.0653337
0.1022404
0.1247298
0.1313208
0.1325564
0.1398398
0.1536791
0.1627870
0.1568994
0.1407230
0.1314718
0.1393714
0.1531055
0.1506914
0.1267779
0.1035431
0.1071816
0.1334798
0.1451059
0.1110167
0.0467746
0.0059300
0.0248302
0.0798852
0.1081853
0.0728586
0.0021824
-0.0412616
-0.0274370
0.0120480
0.0232870
-0.0081680
-0.0432077
-0.0378018
0.0022572
0.0246552
-0.0096387
-0.0769353
-0.1094788
-0.0651377
0.0265762
0.0927926
0.0902018
0.0443911
0.0145524
0.0251194
0.0420326
0.0194201
-0.0394161
-0.0800680
-0.0583909
0.0062289
0.0493857
0.0319447
-0.0191226
-0.0461097
-0.0289301
-0.0048688
-0.0175551
-0.0589236
-0.0763899
-0.0375854
0.0263663
0.0534667
0.0223938
-0.0216597
-0.0181978
0.0388890
0.0921835
0.0812709
0.0057181
-0.0746643
-0.0971711
-0.0502916
0.0232362
0.0674847
0.0574195
0.0144878
-0.0103811
0.0271343
0.1304535
0.2537945
0.3332754
