-0.0773776
-0.1068339
-0.1258460
-0.1306024
-0.1304253
-0.1309092
-0.1293350
-0.1237294
-0.1182459
-0.1174723
-0.1203768
-0.1234853
-0.1271564
-0.1338353
-0.1402281
-0.1363348
-0.1160992
-0.0876483
-0.0690030
-0.0717295
-0.0897108
-0.1050160
-0.1044237
-0.0899382
-0.0745457
-0.0695220
-0.0756390
-0.0842509
-0.0849686
-0.0732404
-0.0534194
-0.0361215
-0.0312105
-0.0405748
-0.0564170
-0.0674859
-0.0684834
-0.0639690
-0.0629068
-0.0693899
-0.0790022
-0.0842509
-0.0829775
-0.0807989
-0.0852312
-0.0978888
-0.1128066
-0.1222638
-0.1239422
-0.1224207
-0.1238721
-0.1291473
-0.1317469
-0.1229931
-0.1003865
-0.0715402
-0.0489817
-0.0394188
-0.0374643
-0.0307604
-0.0123452
0.0120177
0.0295125
0.0335628
0.0308904
0.0346175
0.0504890
0.0707470
0.0819206
0.0780077
0.0655786
0.0567312
0.0580265
0.0658184
0.0708052
0.0666649
0.0557245
0.0476812
0.0521216
0.0700262
0.0913078
0.1017638
0.0946017
0.0761618
0.0597860
0.0535389
0.0544218
0.0548446
0.0530880
0.0548838
0.0643487
0.0760372
0.0788594
0.0681241
0.0518345
0.0435784
0.0491320
0.0605186
0.0635119
0.0514522
0.0325065
0.0235077
0.0352344
0.0616251
0.0829381
0.0816945
0.0584984
0.0327720
0.0255442
0.0391647
0.0544005
0.0496568
0.0237940
-0.0013523
-0.0021206
0.0237462
0.0553459
0.0690395
0.0594013
0.0404893
0.0289525
0.0282589
0.0293822
0.0241791
0.0151398
0.0115420
0.0180231
0.0289414
0.0342361
0.0299221
0.0220219
0.0198113
0.0252361
0.0297913
0.0231384
0.0051737
-0.0117285
-0.0140273
-0.0006782
0.0155672
0.0210885
0.0149258
0.0084002
0.0113745
0.0204659
0.0226130
0.0104084
-0.0078123
-0.0147086
-0.0007728
0.0261420
0.0479568
0.0527751
0.0451987
0.0417748
0.0560004
0.0860800
0.1166807
0.1339479
0.1399333
0.1512521
0.1814481
0.2243487
0.2571152
0.2623264
0.2471477
0.2385009
0.2578708
0.3017497
0.3474233
0.3751622
0.3811385
0.3705129
0.3460536
0.3096535
0.2712517
0.2461441
0.2384120
0.2321065
0.2067913
0.1624612
0.1222232
0.1057066
0.1042002
0.0897749
0.0490906
-0.0000077
-0.0300717
-0.0355049
-0.0337050
-0.0380790
-0.0430500
-0.0406666
-0.0390497
-0.0492237
-0.0593141
-0.0460087
-0.0239079
-0.0607293
-0.2025644
-0.3689187
-0.3556069
0.0020262
0.6388562
1.2482119
1.4985103
1.2921812
0.8251843
0.4015631
0.1948940
0.1744738
0.2199058
0.2628851
0.3112599
0.3741640
0.4115151
0.3714395
0.2559200
0.1257279
0.0404087
0.0074833
-0.0064184
-0.0287260
-0.0572292
-0.0764562
-0.0814406
-0.0790811
-0.0746539
-0.0672846
-0.0583712
-0.0562334
-0.0676629
-0.0881661
-0.1055944
-0.1129786
-0.1134677
-0.1118087
-0.1058860
-0.0909701
-0.0701321
-0.0548207
-0.0534241
-0.0627491
-0.0736234
-0.0827144
-0.0943360
-0.1095619
-0.1177865
-0.1047168
-0.0704779
-0.0361130
-0.0269460
-0.0480148
-0.0786217
-0.0933177
-0.0867688
-0.0754968
-0.0762203
-0.0868249
-0.0914651
-0.0823517
-0.0714192
-0.0772970
-0.1025854
-0.1289149
-0.1369644
-0.1284727
-0.1238105
-0.1374519
-0.1603540
-0.1701733
-0.1572426
-0.1359048
-0.1281570
-0.1385528
-0.1492662
-0.1411308
-0.1163062
-0.0956044
-0.0928461
-0.0966681
-0.0827654
-0.0435789
-0.0004853
0.0172274
0.0038080
-0.0166446
-0.0166291
0.0049317
0.0230267
0.0165544
-0.0066601
-0.0189022
-0.0047325
0.0219077
0.0351533
0.0269810
0.0135646
0.0125938
0.0209480
0.0197567
-0.0005672
-0.0264434
-0.0351748
-0.0199841
0.0034195
0.0151472
0.0109791
0.0007993
-0.0085321
-0.0209827
-0.0400134
-0.0559115
-0.0522148
-0.0260501
0.0028586
0.0083684
-0.0162596
-0.0510045
-0.0689571
-0.0623541
-0.0472829
-0.0439639
-0.0560715
-0.0705356
-0.0736915
-0.0633421
-0.0464062
-0.0305216
-0.0209586
-0.0225149
-0.0388307
-0.0674321
-0.0974044
-0.1153913
-0.1157033
-0.1041319
-0.0911293
-0.0819446
-0.0744440
-0.0656492
-0.0580951
-0.0588722
-0.0731424
-0.0981969
-0.1221946
-0.1294414
-0.1113627
-0.0761028
-0.0461539
-0.0420002
-0.0650771
-0.0970830
-0.1173655
-0.1211281
-0.1198825
-0.1245898
-0.1312341
-0.1260513
-0.1046055
-0.0816680
-0.0789680
-0.1038207
-0.1417235
-0.1691693
-0.1717610
-0.1513615
-0.1206370
-0.0937785
-0.0803015
-0.0827538
-0.0969444
-0.1142772
-0.1259695
-0.1272544
-0.1185941
-0.1032417
-0.0843614
-0.0646778
-0.0467734
-0.0307087
-0.0115470
0.0168893
0.0531881
0.0853884
0.1007508
0.0994573
0.0964889
0.1080374
0.1360320
0.1666231
0.1834532
0.1811362
0.1656437
0.1445198
0.1210435
0.0981160
0.0817041
0.0743585
0.0670379
0.0447149
0.0033421
-0.0432264
-0.0779451
-0.0999464
-0.1234946
-0.1573570
-0.1920589
-0.2128690
-0.2208762
-0.2311615
-0.2482352
-0.2547967
-0.2360111
-0.2088903
-0.2094686
-0.2454036
-0.2796059
-0.2802566
-0.2772724
-0.3340073
-0.4409971
-0.4581478
-0.2100319
0.3289280
0.9505081
1.3431400
1.3308127
0.9942466
0.5678155
0.2348018
0.0273285
-0.1049542
-0.1809234
-0.1706574
-0.0708018
0.0468517
0.0861985
0.0179186
-0.0970376
-0.1756692
-0.1921467
-0.1846318
-0.1968339
-0.2303893
-0.2566201
-0.2595123
-0.2528613
-0.2575553
-0.2746777
-0.2869688
-0.2812240
-0.2623358
-0.2456861
-0.2407120
-0.2443145
-0.2480682
-0.2483102
-0.2481524
-0.2517071
-0.2586098
-0.2638133
-0.2610382
-0.2471395
-0.2260478
-0.2089271
-0.2067174
-0.2191605
-0.2324637
-0.2315486
-0.2160753
-0.2026072
-0.2084296
-0.2321112
-0.2511996
-0.2420233
-0.2038567
-0.1624542
-0.1471101
-0.1636483
-0.1912370
-0.2052832
-0.2008762
-0.1929933
-0.1966248
-0.2102239
-0.2193622
-0.2145341
-0.2024923
-0.1985333
-0.2088792
-0.2236924
-0.2285499
-0.2203295
-0.2092520
-0.2063013
-0.2112869
-0.2135087
-0.2023348
-0.1766246
-0.1451199
-0.1186158
-0.1016229
-0.0910587
-0.0818814
-0.0724885
-0.0645149
-0.0590678
-0.0544462
-0.0472858
-0.0358670
-0.0230835
-0.0156763
-0.0183127
-0.0274813
-0.0331280
-0.0283336
-0.0170111
-0.0104682
-0.0155572
-0.0264074
-0.0289330
-0.0152455
0.0059703
0.0157460
0.0039743
-0.0186837
-0.0309841
-0.0234996
-0.0081949
-0.0043600
-0.0169434
-0.0312375
-0.0292628
-0.0098397
0.0094204
0.0107110
-0.0049438
-0.0195714
-0.0188354
-0.0073847
-0.0017749
-0.0106090
-0.0250872
-0.0290072
-0.0155701
0.0064604
0.0217648
0.0223932
0.0129000
0.0028013
-0.0040014
-0.0106660
-0.0195961
-0.0267226
-0.0253617
-0.0143368
-0.0006035
0.0061052
0.0012188
-0.0108494
-0.0202249
-0.0200456
-0.0126436
-0.0075363
-0.0131285
-0.0295448
-0.0477414
-0.0551326
-0.0450640
-0.0241083
-0.0090112
-0.0124498
-0.0304807
-0.0463736
-0.0482987
-0.0415925
-0.0416232
-0.0550310
-0.0703940
-0.0696943
-0.0492117
-0.0263611
-0.0226784
-0.0405559
-0.0605640
-0.0630629
-0.0489835
-0.0363564
-0.0385343
-0.0497069
-0.0519767
-0.0338709
-0.0004844
0.0335656
0.0595158
0.0815465
0.1083143
0.1392355
0.1621579
0.1659199
0.1541470
0.1453812
0.1588470
0.1985383
0.2496101
0.2905728
0.3101311
0.3120158
0.3039829
0.2861942
0.2544619
0.2128043
0.1760859
0.1569775
0.1531599
0.1505916
0.1381497
0.1159232
0.0892425
0.0589480
0.0219954
-0.0191290
-0.0537647
-0.0739703
-0.0838534
-0.0910928
-0.0916374
-0.0743278
-0.0447972
-0.0320643
-0.0567463
-0.0974116
-0.1098410
-0.0910809
-0.1069087
-0.2223866
-0.3895987
-0.4267641
-0.1541540
0.4177352
1.0393192
1.3886554
1.3150747
0.9371667
0.5167142
0.2465399
0.1493631
0.1436162
0.1639293
0.2038490
0.2670014
0.3173723
0.2996075
0.2004477
0.0703930
-0.0230700
-0.0561162
-0.0573595
-0.0648648
-0.0867562
-0.1044634
-0.1032291
-0.0902344
-0.0839532
-0.0922013
-0.1046971
-0.1066974
-0.0967318
-0.0879399
-0.0920600
-0.1051238
-0.1111584
-0.0994082
-0.0766196
-0.0618452
-0.0680917
-0.0879664
-0.0990418
-0.0865785
-0.0606011
-0.0465166
-0.0574701
-0.0794729
-0.0864986
-0.0681198
-0.0392711
-0.0234848
-0.0292770
-0.0440595
-0.0498839
-0.0426474
-0.0339051
-0.0349563
-0.0433989
-0.0477738
-0.0424196
-0.0335218
-0.0311970
-0.0393172
-0.0536523
-0.0672909
-0.0767313
-0.0838047
-0.0920204
-0.1007759
-0.1045731
-0.0996303
-0.0902664
-0.0862386
-0.0928464
-0.1042338
-0.1071877
-0.0929917
-0.0671349
-0.0461183
-0.0411395
-0.0442784
-0.0345615
-0.0003785
0.0459252
0.0781717
0.0807175
0.0622673
0.0468082
0.0513781
0.0711400
0.0853771
0.0790572
0.0586757
0.0458082
0.0552889
0.0810512
0.1028845
0.1053241
0.0903672
0.0738120
0.0695006
0.0762353
0.0808009
0.0744631
0.0639919
0.0635969
0.0776298
0.0951803
0.1020792
0.0952460
0.0839771
0.0787783
0.0805670
0.0813511
0.0752396
0.0668171
0.0659385
0.0747757
0.0840283
0.0836873
0.0744733
0.0661228
0.0662823
0.0733052
0.0786754
0.0749645
0.0628844
0.0519727
0.0527322
0.0661263
0.0813610
0.0853166
0.0744113
0.0574841
0.0474314
0.0490711
0.0543971
0.0514701
0.0394346
0.0318612
0.0413772
0.0627301
0.0764926
0.0706078
0.0539769
0.0459369
0.0541959
0.0660643
0.0624780
0.0401943
0.0182046
0.0194692
0.0461000
0.0758092
0.0845077
0.0695781
0.0487452
0.0391813
0.0417072
0.0444468
0.0380869
0.0260596
0.0204415
0.0283628
0.0436204
0.0535585
0.0534828
0.0508544
0.0544151
0.0627128
0.0661560
0.0593806
0.0499656
0.0545672
0.0849323
0.1354729
0.1855624
0.2172659
0.2309547
0.2409593
0.2566123
0.2718756
0.2752222
0.2667296
0.2624952
0.2815111
0.3274925
0.3827789
0.4209420
0.4267406
0.4042004
0.3674697
0.3285243
0.2944791
0.2698826
0.2549075
0.2432454
0.2276127
0.2074620
0.1870920
0.1661149
0.1367512
0.0936264
0.0440463
0.0044377
-0.0148829
-0.0186557
-0.0170801
-0.0103324
0.0079042
0.0289639
0.0254990
-0.0146517
-0.0581686
-0.0572998
-0.0233283
-0.0430649
-0.1815151
-0.3577733
-0.3529479
0.0071583
0.6519030
1.2630081
1.5069190
1.2977878
0.8434544
0.4434845
0.2526398
0.2284341
0.2604301
0.2996851
0.3584017
0.4301489
0.4594021
0.3976677
0.2645495
0.1325317
0.0551412
0.0251179
0.0047993
-0.0200688
-0.0322925
-0.0208329
-0.0039813
-0.0063110
-0.0260124
-0.0392296
-0.0328438
-0.0201554
-0.0214335
-0.0374013
-0.0485031
-0.0386651
-0.0143521
0.0028915
0.0006514
-0.0128456
-0.0227896
-0.0269032
-0.0336902
-0.0446543
-0.0479437
-0.0332612
-0.0076338
0.0088063
0.0024662
-0.0197591
-0.0363524
-0.0319805
-0.0131116
-0.0006664
-0.0058957
-0.0177033
-0.0178542
-0.0049495
0.0036672
-0.0061661
-0.0277797
-0.0412514
-0.0365682
-0.0259645
-0.0308614
-0.0560774
-0.0808069
-0.0806360
-0.0574698
-0.0399950
-0.0515241
-0.0838638
-0.1082735
-0.1077974
-0.0920109
-0.0808403
-0.0800040
-0.0758494
-0.0536597
-0.0180800
0.0089000
0.0123343
0.0026005
0.0037590
0.0251824
0.0512145
0.0602091
0.0488798
0.0355905
0.0421098
0.0726540
0.1084797
0.1235138
0.1082564
0.0782083
0.0569927
0.0531533
0.0564139
0.0539503
0.0450242
0.0396103
0.0464206
0.0631928
0.0775808
0.0784930
0.0672493
0.0554049
0.0511435
0.0515904
0.0496901
0.0435748
0.0360094
0.0289497
0.0228635
0.0187706
0.0172950
0.0171081
0.0163274
0.0140401
0.0100661
0.0058268
0.0051780
0.0101479
0.0152174
0.0105676
-0.0067177
-0.0275403
-0.0385299
-0.0336995
-0.0192883
-0.0091642
-0.0134085
-0.0281314
-0.0387420
-0.0369050
-0.0309084
-0.0336935
-0.0437696
-0.0463589
-0.0342808
-0.0206465
-0.0266177
-0.0580864
-0.0961499
-0.1116526
-0.0917142
-0.0529304
-0.0257768
-0.0254586
-0.0418414
-0.0575560
-0.0679466
-0.0790058
-0.0927104
-0.1023752
-0.1011660
-0.0904449
-0.0795176
-0.0777898
-0.0848388
-0.0884053
-0.0768025
-0.0544538
-0.0404664
-0.0498238
-0.0791649
-0.1112304
-0.1286978
-0.1233106
-0.0974103
-0.0601076
-0.0204408
0.0164291
0.0465024
0.0652533
0.0732721
0.0797381
0.0936516
0.1132938
0.1299769
0.1400919
0.1473829
0.1553373
0.1642465
0.1751653
0.1899525
0.2056829
0.2132365
0.2041163
0.1790673
0.1504349
0.1334151
0.1296437
0.1201368
0.0820810
0.0147976
-0.0574483
-0.1099780
-0.1373023
-0.1470559
-0.1463481
-0.1416258
-0.1426382
-0.1545374
-0.1684644
-0.1703449
-0.1614213
-0.1624984
-0.1898673
-0.2276974
-0.2368859
-0.2058360
-0.1869876
-0.2521035
-0.3865145
-0.4427983
-0.2422589
0.2492685
0.8483677
1.2691813
1.3253903
1.0426201
0.6044355
0.2064908
-0.0493778
-0.1578886
-0.1544730
-0.0802046
0.0143010
0.0712815
0.0585807
-0.0057544
-0.0757360
-0.1228970
-0.1533702
-0.1868199
-0.2300662
-0.2709793
-0.2908260
-0.2816052
-0.2544049
-0.2305322
-0.2241137
-0.2349692
-0.2550596
-0.2748774
-0.2854763
-0.2841117
-0.2792203
-0.2812563
-0.2871964
-0.2826107
-0.2609823
-0.2332901
-0.2165640
-0.2190405
-0.2363013
-0.2548875
-0.2603346
-0.2494880
-0.2352119
-0.2326245
-0.2413419
-0.2467533
-0.2368467
-0.2130119
-0.1882383
-0.1796904
-0.1967553
-0.2287928
-0.2500018
-0.2444530
-0.2224550
-0.2063604
-0.2058999
-0.2135256
-0.2172386
-0.2106141
-0.1957639
-0.1831573
-0.1839696
-0.1979676
-0.2138302
-0.2236129
-0.2297159
-0.2359621
-0.2410941
-0.2437989
-0.2450342
-0.2430554
-0.2352415
-0.2259114
-0.2219276
-0.2196037
-0.2075526
-0.1847120
-0.1647138
-0.1595108
-0.1669014
-0.1747589
-0.1701265
-0.1468220
-0.1136084
-0.0919844
-0.0958422
-0.1157638
-0.1314835
-0.1344395
-0.1292390
-0.1207643
-0.1116007
-0.1056956
-0.1029480
-0.0959652
-0.0820245
-0.0708650
-0.0707402
-0.0748457
-0.0716858
-0.0613242
-0.0524963
-0.0508996
-0.0563781
-0.0625774
-0.0556977
-0.0266089
0.0111677
0.0303121
0.0224243
0.0076526
0.0066735
0.0180073
0.0277536
0.0265509
0.0128513
-0.0054676
-0.0101734
0.0108513
0.0443827
0.0642097
0.0622487
0.0521411
0.0455748
0.0428405
0.0427303
0.0430727
0.0360518
0.0211352
0.0154983
0.0321618
0.0561130
0.0625309
0.0502137
0.0375015
0.0351619
0.0417697
0.0533162
0.0594481
0.0458872
0.0189484
0.0093831
0.0327283
0.0653330
0.0779181
0.0709623
0.0596560
0.0493583
0.0436660
0.0491557
0.0552514
0.0397298
0.0096518
0.0024486
0.0309055
0.0640080
0.0763103
0.0761665
0.0741564
0.0697950
0.0791764
0.1232155
0.1792110
0.2019767
0.1995519
0.2213552
0.2667977
0.2849812
0.2721417
0.2783263
0.3073395
0.3154417
0.3229721
0.3965851
0.4848363
0.4218148
0.1723633
