-0.0946774
-0.0863889
-0.1398514
-0.1493155
-0.1198324
-0.1322806
-0.1943887
-0.2413970
-0.2564082
-0.2825464
-0.3244743
-0.3344855
-0.3038077
-0.2869700
-0.3172536
-0.3597868
-0.3718934
-0.3686098
-0.4031666
-0.4914250
-0.5549893
-0.4471851
-0.0881853
0.3876462
0.6669576
0.5176281
0.0237037
-0.4775668
-0.6979463
-0.6194325
-0.4382577
-0.3406042
-0.3462506
-0.3422241
-0.2400506
-0.0841377
0.0017735
-0.0411580
-0.1493929
-0.2252571
-0.2422215
-0.2410627
-0.2547885
-0.2737722
-0.2740956
-0.2509412
-0.2217158
-0.2089104
-0.2194918
-0.2372114
-0.2403999
-0.2268303
-0.2112657
-0.2018591
-0.1948888
-0.1909048
-0.1957660
-0.2023827
-0.1908406
-0.1544059
-0.1119013
-0.0879668
-0.0902872
-0.1077737
-0.1209913
-0.1143030
-0.0884933
-0.0619400
-0.0510773
-0.0519334
-0.0487520
-0.0354661
-0.0185428
-0.0040622
0.0065137
0.0116423
0.0114316
0.0111226
0.0144751
0.0175684
0.0162943
0.0147432
0.0189710
0.0276529
0.0350713
0.0376139
0.0323200
0.0165274
-0.0049389
-0.0193408
-0.0193796
-0.0120728
-0.0102607
-0.0201728
-0.0386518
-0.0551595
-0.0551623
-0.0309098
0.0073980
0.0383920
0.0503783
0.0498372
0.0493161
0.0547398
0.0652143
0.0770555
0.0860826
0.0920123
0.1008876
0.1173907
0.1356860
0.1440980
0.1380813
0.1235810
0.1099329
0.1043911
0.1095073
0.1191500
0.1206831
0.1084924
0.0931804
0.0909987
0.1056943
0.1252478
0.1341303
0.1255991
0.1062184
0.0921749
0.0964766
0.1150720
0.1289261
0.1231671
0.1011532
0.0785863
0.0689867
0.0759738
0.0924396
0.1037329
0.0977569
0.0764986
0.0544458
0.0437576
0.0443454
0.0485309
0.0503103
0.0492846
0.0500954
0.0582486
0.0723086
0.0813944
0.0758921
0.0600388
0.0484963
0.0506640
0.0626758
0.0734816
0.0740616
0.0624244
0.0452514
0.0343485
0.0370366
0.0496902
0.0623772
0.0676544
0.0633753
0.0515656
0.0383156
0.0308170
0.0301784
0.0299845
0.0251501
0.0188452
0.0175268
0.0225506
0.0298146
0.0345846
0.0340549
0.0283020
0.0211645
0.0174636
0.0176020
0.0173318
0.0134789
0.0071626
0.0017344
0.0009499
0.0079123
0.0208777
0.0309076
0.0296214
0.0199367
0.0138325
0.0181143
0.0265210
0.0272084
0.0152198
-0.0026547
-0.0129723
-0.0065182
0.0127991
0.0303413
0.0340240
0.0241859
0.0097147
-0.0016121
-0.0064426
-0.0042328
0.0028452
0.0110630
0.0205856
0.0377824
0.0680634
0.1075194
0.1447475
0.1704366
0.1838111
0.1909177
0.1971705
0.2001900
0.1917273
0.1713723
0.1573877
0.1755734
0.2317988
0.2986598
0.3347353
0.3191580
0.2684940
0.2212310
0.2043453
0.2118321
0.2154771
0.1970209
0.1664629
0.1465014
0.1446282
0.1475695
0.1396709
0.1167870
0.0815140
0.0359597
-0.0131121
-0.0482776
-0.0530180
-0.0336191
-0.0210696
-0.0391337
-0.0710003
-0.0750324
-0.0473065
-0.0524358
-0.1546156
-0.3023663
-0.3147721
-0.0359884
0.4730231
0.9193942
0.9961587
0.6441947
0.1056385
-0.2860118
-0.3755290
-0.2625130
-0.1406378
-0.0940566
-0.0594494
0.0442720
0.1945872
0.2865963
0.2504746
0.1220613
-0.0009176
-0.0533788
-0.0464897
-0.0310401
-0.0366307
-0.0527896
-0.0581745
-0.0513760
-0.0481403
-0.0584638
-0.0763219
-0.0891308
-0.0891991
-0.0761328
-0.0551499
-0.0355851
-0.0267528
-0.0315461
-0.0440577
-0.0542543
-0.0559196
-0.0518541
-0.0514460
-0.0604903
-0.0725091
-0.0733474
-0.0565644
-0.0319298
-0.0162276
-0.0167864
-0.0253529
-0.0269602
-0.0144666
0.0037199
0.0103318
-0.0033200
-0.0257157
-0.0339790
-0.0162676
0.0159733
0.0385522
0.0358413
0.0123805
-0.0134147
-0.0260725
-0.0257360
-0.0253297
-0.0350156
-0.0509281
-0.0608778
-0.0591230
-0.0521991
-0.0508799
-0.0595004
-0.0732823
-0.0838596
-0.0870507
-0.0860176
-0.0858706
-0.0846752
-0.0726533
-0.0430995
-0.0026939
0.0318857
0.0478602
0.0464958
0.0410794
0.0456151
0.0631001
0.0829893
0.0916353
0.0867481
0.0804504
0.0871092
0.1091545
0.1349851
0.1491566
0.1448123
0.1286943
0.1146662
0.1104873
0.1109139
0.1059038
0.0949731
0.0896678
0.1003926
0.1232525
0.1419063
0.1421382
0.1247388
0.1049489
0.0985616
0.1072047
0.1178283
0.1174420
0.1066042
0.0968304
0.0970136
0.1054469
0.1139098
0.1159074
0.1102523
0.0990075
0.0839753
0.0663573
0.0504777
0.0456272
0.0592599
0.0861644
0.1079499
0.1077046
0.0856424
0.0589614
0.0464644
0.0532967
0.0687837
0.0777439
0.0746466
0.0673778
0.0669179
0.0745862
0.0816907
0.0810310
0.0752105
0.0722385
0.0752076
0.0783818
0.0735101
0.0598939
0.0478804
0.0501500
0.0676600
0.0861946
0.0900827
0.0786075
0.0655889
0.0628373
0.0676066
0.0680617
0.0589641
0.0490680
0.0516824
0.0683334
0.0843163
0.0836219
0.0678795
0.0560169
0.0626362
0.0800610
0.0861601
0.0694690
0.0430330
0.0318108
0.0472954
0.0757932
0.0926068
0.0875553
0.0741330
0.0716627
0.0815410
0.0868854
0.0760591
0.0600317
0.0612349
0.0872025
0.1203129
0.1352853
0.1247317
0.1052622
0.0987071
0.1102834
0.1280645
0.1420613
0.1573905
0.1852074
0.2254275
0.2651839
0.2938030
0.3129181
0.3290829
0.3407158
0.3379190
0.3167917
0.2915787
0.2881965
0.3213080
0.3767246
0.4197845
0.4248090
0.3966222
0.3619040
0.3404992
0.3281391
0.3085175
0.2795503
0.2614425
0.2730884
0.3021616
0.3090959
0.2691070
0.2044771
0.1615454
0.1544569
0.1478867
0.1074695
0.0550117
0.0490065
0.1051631
0.1606640
0.1428076
0.0651173
0.0186964
0.0490478
0.0734826
-0.0240919
-0.2044294
-0.2344570
0.0930629
0.6885414
1.1638818
1.1555181
0.6615222
0.0426880
-0.3127339
-0.3111236
-0.1510980
-0.0514516
-0.0345696
0.0219052
0.1803574
0.3504581
0.3994473
0.3052661
0.1674378
0.0856945
0.0663172
0.0530634
0.0167642
-0.0149074
-0.0087210
0.0230153
0.0374375
0.0146938
-0.0221062
-0.0409800
-0.0392675
-0.0382232
-0.0488543
-0.0583472
-0.0519336
-0.0361480
-0.0317888
-0.0477030
-0.0694385
-0.0753711
-0.0601870
-0.0398521
-0.0343497
-0.0476088
-0.0652044
-0.0703738
-0.0599315
-0.0442223
-0.0344324
-0.0327793
-0.0344276
-0.0360907
-0.0408163
-0.0537753
-0.0734244
-0.0884268
-0.0862560
-0.0661488
-0.0420949
-0.0318872
-0.0438201
-0.0730615
-0.1067497
-0.1301452
-0.1318326
-0.1102252
-0.0785003
-0.0604404
-0.0753985
-0.1220699
-0.1757488
-0.2052681
-0.1981690
-0.1715790
-0.1567153
-0.1704867
-0.2013489
-0.2220339
-0.2150019
-0.1859355
-0.1545009
-0.1339069
-0.1207701
-0.1053344
-0.0889820
-0.0860024
-0.1050104
-0.1328531
-0.1439874
-0.1271501
-0.0978809
-0.0814177
-0.0861027
-0.0981621
-0.1021676
-0.1007045
-0.1086449
-0.1296730
-0.1462832
-0.1387448
-0.1109032
-0.0893724
-0.0949910
-0.1208610
-0.1432740
-0.1508192
-0.1558664
-0.1759243
-0.2084524
-0.2290857
-0.2161719
-0.1757005
-0.1397133
-0.1382809
-0.1724737
-0.2149352
-0.2364135
-0.2313052
-0.2186727
-0.2206593
-0.2406241
-0.2613683
-0.2639374
-0.2476360
-0.2305483
-0.2303567
-0.2470204
-0.2661290
-0.2768390
-0.2820711
-0.2904387
-0.3021882
-0.3069438
-0.2955736
-0.2722251
-0.2527347
-0.2504521
-0.2642237
-0.2811694
-0.2905541
-0.2930909
-0.2966665
-0.3056231
-0.3161709
-0.3211985
-0.3177302
-0.3096748
-0.3040247
-0.3042303
-0.3072661
-0.3079984
-0.3063762
-0.3085898
-0.3198756
-0.3368514
-0.3482239
-0.3438205
-0.3239287
-0.3007815
-0.2901416
-0.2989840
-0.3196911
-0.3364486
-0.3382989
-0.3271791
-0.3147389
-0.3117593
-0.3189372
-0.3261807
-0.3216670
-0.3035612
-0.2828503
-0.2730904
-0.2770861
-0.2847763
-0.2843792
-0.2744722
-0.2644766
-0.2636828
-0.2704408
-0.2729436
-0.2615356
-0.2399409
-0.2225690
-0.2195690
-0.2253519
-0.2230990
-0.2007394
-0.1623673
-0.1242499
-0.0994003
-0.0853444
-0.0674706
-0.0357605
0.0021254
0.0266874
0.0267674
0.0128008
0.0085581
0.0295643
0.0695798
0.1074892
0.1270771
0.1306843
0.1339826
0.1474328
0.1636971
0.1647837
0.1419753
0.1072987
0.0834729
0.0817729
0.0906861
0.0881020
0.0647494
0.0326085
0.0079119
-0.0100460
-0.0352895
-0.0698292
-0.0928066
-0.0849490
-0.0588208
-0.0497034
-0.0720462
-0.0999908
-0.1068910
-0.1151676
-0.1749551
-0.2724826
-0.2810137
-0.0548852
0.3927917
0.8224370
0.9281499
0.6042860
0.0562259
-0.3690530
-0.4727389
-0.3338418
-0.1733425
-0.1203813
-0.1231637
-0.0639370
0.0814821
0.2173918
0.2402066
0.1454637
0.0184077
-0.0586074
-0.0707139
-0.0541409
-0.0431542
-0.0449485
-0.0525261
-0.0617795
-0.0714230
-0.0770926
-0.0751142
-0.0701553
-0.0716033
-0.0803023
-0.0843690
-0.0731241
-0.0527486
-0.0417531
-0.0493872
-0.0636475
-0.0650372
-0.0500461
-0.0358438
-0.0403189
-0.0606424
-0.0748108
-0.0645816
-0.0348736
-0.0087501
-0.0035475
-0.0141197
-0.0209971
-0.0132463
0.0001169
0.0021145
-0.0116164
-0.0269210
-0.0258351
-0.0057239
0.0172822
0.0240957
0.0114270
-0.0059518
-0.0115257
-0.0042362
0.0014467
-0.0086180
-0.0339119
-0.0601070
-0.0721805
-0.0664327
-0.0516844
-0.0408168
-0.0413589
-0.0525292
-0.0686023
-0.0831752
-0.0910909
-0.0894684
-0.0789989
-0.0633955
-0.0460859
-0.0278428
-0.0086418
0.0091559
0.0218102
0.0291584
0.0367467
0.0503550
0.0674593
0.0762736
0.0670246
0.0456097
0.0329075
0.0459577
0.0790526
0.1067779
0.1082742
0.0873998
0.0670210
0.0641232
0.0731170
0.0748053
0.0600246
0.0412513
0.0390806
0.0585619
0.0820477
0.0869911
0.0693103
0.0471204
0.0415918
0.0556468
0.0718244
0.0702378
0.0483796
0.0238132
0.0174738
0.0338507
0.0573358
0.0678290
0.0593400
0.0431917
0.0342422
0.0355636
0.0370525
0.0282594
0.0113276
0.0000809
0.0058053
0.0247416
0.0410190
0.0421741
0.0308183
0.0206582
0.0218113
0.0305225
0.0330360
0.0198398
-0.0029239
-0.0163038
-0.0048969
0.0273172
0.0573325
0.0615145
0.0365432
0.0034048
-0.0108284
0.0019511
0.0227376
0.0238320
-0.0027462
-0.0357813
-0.0454208
-0.0230735
0.0106995
0.0279452
0.0205605
0.0043736
-0.0019300
0.0021810
0.0014684
-0.0137022
-0.0332710
-0.0378151
-0.0210102
0.0026000
0.0134518
0.0073628
-0.0026094
-0.0029554
0.0054596
0.0103871
0.0035108
-0.0098364
-0.0163044
-0.0080976
0.0100965
0.0265617
0.0329575
0.0294153
0.0220999
0.0179267
0.0202202
0.0262333
0.0283128
0.0205742
0.0072149
0.0032682
0.0234661
0.0676048
0.1173352
0.1503178
0.1601876
0.1625136
0.1789021
0.2139602
0.2490553
0.2602924
0.2425897
0.2156661
0.2072697
0.2309928
0.2777587
0.3244778
0.3497872
0.3457181
0.3201078
0.2896808
0.2677110
0.2548561
0.2421133
0.2244220
0.2094346
0.2079919
0.2158132
0.2125822
0.1858978
0.1507141
0.1327708
0.1314857
0.1142790
0.0601932
-0.0003119
-0.0112756
0.0374608
0.0858567
0.0712362
0.0093701
-0.0248137
-0.0068365
-0.0150445
-0.1255898
-0.2581099
-0.1890945
0.2187715
0.8017097
1.1655952
1.0220003
0.4604071
-0.1298885
-0.4093409
-0.3509498
-0.1743222
-0.0721480
-0.0428811
0.0254563
0.1720845
0.3095891
0.3356087
0.2495546
0.1388087
0.0750681
0.0548718
0.0370378
0.0064785
-0.0168799
-0.0172081
-0.0059396
-0.0019012
-0.0046122
0.0004609
0.0163396
0.0277101
0.0219301
0.0068576
0.0003220
0.0063818
0.0110446
0.0026993
-0.0104429
-0.0087663
0.0150371
0.0456993
0.0601863
0.0505801
0.0307684
0.0214200
0.0297621
0.0440489
0.0467819
0.0329219
0.0157592
0.0151186
0.0384971
0.0723385
0.0924957
0.0856737
0.0619598
0.0453876
0.0509602
0.0710584
0.0846656
0.0787822
0.0594791
0.0428602
0.0379981
0.0403546
0.0402169
0.0338999
0.0246918
0.0149124
0.0016004
-0.0175281
-0.0361511
-0.0418364
-0.0285131
-0.0048679
0.0121553
0.0130399
0.0044597
0.0021820
0.0154177
0.0382015
0.0560231
0.0608512
0.0597149
0.0685061
0.0968078
0.1377570
0.1723100
0.1847046
0.1759680
0.1630616
0.1633330
0.1783340
0.1934111
0.1943956
0.1840537
0.1799412
0.1952194
0.2233416
0.2438380
0.2430803
0.2271360
0.2129514
0.2089817
0.2081980
0.2008821
0.1901414
0.1897452
0.2063820
0.2288240
0.2387454
0.2311999
0.2201270
0.2215703
0.2339432
0.2389374
0.2231117
0.1957636
0.1817715
0.1959736
0.2268985
0.2477684
0.2427708
0.2206291
0.2026561
0.2002130
0.2058966
0.2057137
0.1966932
0.1901373
0.1976700
0.2162011
0.2289491
0.2221949
0.2002177
0.1821643
0.1831593
0.1986145
0.2082955
0.1971605
0.1722853
0.1576052
0.1701073
0.2012315
0.2234072
0.2158508
0.1832210
0.1486874
0.1307123
0.1289496
0.1318221
0.1331510
0.1372498
0.1486278
0.1619729
0.1666034
0.1599467
0.1520969
0.1542126
0.1641349
0.1671486
0.1523179
0.1264640
0.1101025
0.1190100
0.1495655
0.1813826
0.1938809
0.1815237
0.1553274
0.1313817
0.1179763
0.1124181
0.1083327
0.1043441
0.1047354
0.1119712
0.1203608
0.1194776
0.1049312
0.0844319
0.0709459
0.0694398
0.0722933
0.0693659
0.0615110
0.0615832
0.0809954
0.1165416
0.1521753
0.1738968
0.1817500
0.1867978
0.1978254
0.2130092
0.2244741
0.2281820
0.2268176
0.2241570
0.2208134
0.2179415
0.2221922
0.2410535
0.2705900
0.2916434
0.2848129
0.2515823
0.2165091
0.2034105
0.2098396
0.2100216
0.1848457
0.1442325
0.1148217
0.1078150
0.1062231
0.0861260
0.0441938
-0.0018151
-0.0359272
-0.0579209
-0.0734352
-0.0811035
-0.0787731
-0.0763457
-0.0877938
-0.1085613
-0.1179748
-0.1176901
-0.1528743
-0.2606377
-0.3828638
-0.3611934
-0.0722108
0.4061587
0.7875256
0.7861101
0.3672873
-0.2067580
-0.5925629
-0.6381579
-0.4587917
-0.2720814
-0.1865103
-0.1513577
-0.0776119
0.0353005
0.1035555
0.0636970
-0.0544477
-0.1609002
-0.1937340
-0.1651953
-0.1315276
-0.1335015
-0.1683012
-0.2064847
-0.2245749
-0.2221014
-0.2157020
-0.2215554
-0.2411615
-0.2604786
-0.2627954
-0.2443408
-0.2178654
-0.2004796
-0.1985018
-0.2049976
-0.2107789
-0.2147065
-0.2219278
-0.2343328
-0.2459770
-0.2485506
-0.2397855
-0.2257766
-0.2161314
-0.2172471
-0.2283445
-0.2418586
-0.2484263
-0.2444278
-0.2358249
-0.2325511
-0.2372523
-0.2412147
-0.2345845
-0.2203945
-0.2142160
-0.2268641
-0.2498729
-0.2631625
-0.2581881
-0.2489842
-0.2559305
-0.2800570
-0.2988881
-0.2903840
-0.2581439
-0.2291409
-0.2269459
-0.2503782
