-0.1587058
-0.1009626
-0.0715186
-0.0864640
-0.1095110
-0.1071845
-0.0890771
-0.0864286
-0.1062584
-0.1217718
-0.1066485
-0.0679429
-0.0393372
-0.0451518
-0.0767538
-0.1052784
-0.1123676
-0.1034046
-0.0929854
-0.0859172
-0.0773153
-0.0665604
-0.0626407
-0.0732375
-0.0931010
-0.1076953
-0.1079504
-0.0986283
-0.0914669
-0.0921298
-0.0957283
-0.0945895
-0.0883955
-0.0855312
-0.0947550
-0.1158950
-0.1384298
-0.1491993
-0.1423676
-0.1226537
-0.0992203
-0.0773691
-0.0574715
-0.0410173
-0.0335270
-0.0379305
-0.0464177
-0.0439212
-0.0229180
0.0067207
0.0258090
0.0243270
0.0099360
-0.0024328
-0.0066262
-0.0080185
-0.0118521
-0.0142127
-0.0077623
0.0063400
0.0171893
0.0156604
0.0038981
-0.0084866
-0.0151042
-0.0166687
-0.0155758
-0.0111334
-0.0024097
0.0067610
0.0096259
0.0040929
-0.0042649
-0.0087476
-0.0093871
-0.0113655
-0.0160328
-0.0175155
-0.0109187
-0.0015830
-0.0016644
-0.0162820
-0.0361311
-0.0467409
-0.0439842
-0.0370617
-0.0353931
-0.0362560
-0.0295985
-0.0143731
-0.0043692
-0.0133035
-0.0361222
-0.0511767
-0.0435653
-0.0224777
-0.0106483
-0.0176717
-0.0294720
-0.0269315
-0.0105553
-0.0001202
-0.0092661
-0.0268203
-0.0290672
-0.0086678
0.0155046
0.0201542
0.0043761
-0.0109274
-0.0089740
0.0044047
0.0113206
0.0059091
0.0008676
0.0094547
0.0273101
0.0376066
0.0325778
0.0236694
0.0272392
0.0438113
0.0572008
0.0550370
0.0452601
0.0475179
0.0688978
0.0931746
0.0979224
0.0814850
0.0691783
0.0899873
0.1475506
0.2163527
0.2671660
0.2940281
0.3139014
0.3413836
0.3690132
0.3763436
0.3566954
0.3295470
0.3233940
0.3483601
0.3890155
0.4230912
0.4417965
0.4490101
0.4464922
0.4303921
0.4054661
0.3930633
0.4121528
0.4510718
0.4697956
0.4402232
0.3795864
0.3312512
0.3105232
0.2839397
0.2148655
0.1205550
0.0609851
0.0640777
0.0841185
0.0588033
-0.0021979
-0.0242491
0.0183000
0.0299141
-0.1077688
-0.3527338
-0.4706758
-0.2518533
0.2294639
0.6208045
0.6058621
0.2174083
-0.1860968
-0.2598397
0.0294701
0.4398071
0.7371873
0.8913914
1.0001848
1.0931121
1.0775329
0.8756377
0.5562190
0.2875555
0.1716952
0.1603084
0.1390043
0.0633062
-0.0126534
-0.0258149
0.0139540
0.0436834
0.0265747
-0.0133237
-0.0329096
-0.0241225
-0.0147222
-0.0265516
-0.0498698
-0.0606355
-0.0511459
-0.0357290
-0.0313742
-0.0414803
-0.0584519
-0.0742594
-0.0840057
-0.0837989
-0.0723480
-0.0558745
-0.0469941
-0.0552037
-0.0786781
-0.1062112
-0.1262161
-0.1334737
-0.1299095
-0.1223266
-0.1191773
-0.1256925
-0.1394485
-0.1519995
-0.1574501
-0.1592130
-0.1657293
-0.1787162
-0.1885212
-0.1843956
-0.1689158
-0.1585726
-0.1677419
-0.1934911
-0.2185766
-0.2286844
-0.2234594
-0.2097007
-0.1880918
-0.1527321
-0.1050589
-0.0627665
-0.0479105
-0.0643121
-0.0907322
-0.1003244
-0.0857500
-0.0617015
-0.0437832
-0.0314915
-0.0162357
-0.0010929
-0.0024575
-0.0281590
-0.0606372
-0.0710095
-0.0510451
-0.0246468
-0.0230100
-0.0514359
-0.0858274
-0.1007064
-0.0941003
-0.0824484
-0.0774774
-0.0759859
-0.0717497
-0.0690955
-0.0788559
-0.1035466
-0.1323741
-0.1519312
-0.1582333
-0.1566423
-0.1533005
-0.1502914
-0.1480608
-0.1482081
-0.1519118
-0.1578014
-0.1638023
-0.1702140
-0.1785490
-0.1872904
-0.1913978
-0.1877988
-0.1803364
-0.1772921
-0.1835030
-0.1956056
-0.2052957
-0.2069862
-0.2025050
-0.1989160
-0.2015813
-0.2084805
-0.2113010
-0.2034613
-0.1881221
-0.1774188
-0.1818303
-0.1994634
-0.2166821
-0.2203193
-0.2093834
-0.1949100
-0.1894197
-0.1971713
-0.2129456
-0.2272709
-0.2322857
-0.2258395
-0.2133218
-0.2048265
-0.2069522
-0.2158936
-0.2207778
-0.2157063
-0.2068157
-0.2047652
-0.2112404
-0.2168495
-0.2135105
-0.2047719
-0.1997139
-0.1986821
-0.1912901
-0.1705764
-0.1437266
-0.1230046
-0.1080191
-0.0842635
-0.0419848
0.0086903
0.0464828
0.0601426
0.0551804
0.0411153
0.0215731
0.0024242
0.0017932
0.0379155
0.1025691
0.1562469
0.1615368
0.1222941
0.0817454
0.0772237
0.1012283
0.1129326
0.0857856
0.0355160
-0.0024168
-0.0169888
-0.0344736
-0.0853241
-0.1647493
-0.2343910
-0.2647653
-0.2687345
-0.2833347
-0.3183051
-0.3371255
-0.3067397
-0.2652992
-0.3131928
-0.5041996
-0.7419344
-0.8193707
-0.6043282
-0.1968965
0.1239447
0.1421379
-0.0981172
-0.3429024
-0.3735960
-0.1896685
0.0465687
0.2098621
0.3184854
0.4465494
0.5803950
0.6089368
0.4560519
0.1851513
-0.0530765
-0.1648383
-0.1824332
-0.1944571
-0.2376081
-0.2762488
-0.2717869
-0.2391514
-0.2234904
-0.2404049
-0.2613139
-0.2563634
-0.2329605
-0.2219001
-0.2351436
-0.2515427
-0.2447788
-0.2141634
-0.1814076
-0.1632480
-0.1565380
-0.1499754
-0.1414330
-0.1376376
-0.1403271
-0.1402142
-0.1270555
-0.1021996
-0.0779962
-0.0656721
-0.0659475
-0.0710961
-0.0735670
-0.0712750
-0.0659753
-0.0588825
-0.0489399
-0.0350631
-0.0194872
-0.0082115
-0.0068785
-0.0149869
-0.0243694
-0.0250388
-0.0138226
0.0030792
0.0168014
0.0245088
0.0302519
0.0376221
0.0440028
0.0440646
0.0381622
0.0347248
0.0429983
0.0643265
0.0917258
0.1172635
0.1378919
0.1536878
0.1629003
0.1620085
0.1514240
0.1387935
0.1338592
0.1394771
0.1491150
0.1541143
0.1523796
0.1484281
0.1455480
0.1409129
0.1306543
0.1182101
0.1135427
0.1220763
0.1369330
0.1457491
0.1446426
0.1410906
0.1413142
0.1397118
0.1269504
0.1073124
0.0994437
0.1142258
0.1367917
0.1399963
0.1171421
0.0923585
0.0914799
0.1083227
0.1117183
0.0875875
0.0615521
0.0689131
0.1077766
0.1371685
0.1260570
0.0915858
0.0763209
0.0933008
0.1107384
0.0966058
0.0639433
0.0561737
0.0908703
0.1353660
0.1455739
0.1171336
0.0846113
0.0749433
0.0790065
0.0748752
0.0641741
0.0688769
0.0954638
0.1202114
0.1184091
0.0970950
0.0851267
0.0938043
0.1023757
0.0884193
0.0612169
0.0520816
0.0741301
0.1048166
0.1133493
0.0961005
0.0755947
0.0691212
0.0707626
0.0672608
0.0606427
0.0649114
0.0839093
0.1038295
0.1109623
0.1084504
0.1082567
0.1116017
0.1085596
0.0993413
0.1056317
0.1501885
0.2264441
0.2981677
0.3343703
0.3394578
0.3423323
0.3582241
0.3708512
0.3569671
0.3221175
0.3019327
0.3253497
0.3824904
0.4341602
0.4507899
0.4366925
0.4169070
0.4081889
0.4082520
0.4084844
0.4071935
0.4072666
0.4073534
0.4013150
0.3832843
0.3471692
0.2841668
0.1921599
0.0920371
0.0233193
0.0091131
0.0271888
0.0318048
0.0098833
-0.0028731
0.0175642
0.0179848
-0.0953857
-0.3252743
-0.5093370
-0.4336281
-0.0566788
0.3944017
0.5941562
0.4113954
0.0311567
-0.2187473
-0.1547339
0.1467777
0.4845786
0.7338412
0.8993147
1.0127765
1.0413359
0.9226604
0.6641868
0.3686946
0.1521436
0.0516847
0.0213952
0.0019558
-0.0241593
-0.0414277
-0.0409501
-0.0357593
-0.0426143
-0.0626598
-0.0838172
-0.0951954
-0.0945688
-0.0860551
-0.0762704
-0.0717074
-0.0746683
-0.0804947
-0.0823406
-0.0802978
-0.0822980
-0.0927867
-0.1032601
-0.0997251
-0.0804500
-0.0610997
-0.0581358
-0.0698053
-0.0791161
-0.0757171
-0.0685260
-0.0723486
-0.0860529
-0.0918204
-0.0776869
-0.0545188
-0.0452264
-0.0598856
-0.0877906
-0.1136464
-0.1334365
-0.1493686
-0.1559487
-0.1429343
-0.1145527
-0.0954759
-0.1073929
-0.1418062
-0.1664784
-0.1624094
-0.1459097
-0.1456664
-0.1626697
-0.1658596
-0.1317706
-0.0779329
-0.0451624
-0.0490171
-0.0615946
-0.0470936
-0.0062262
0.0260024
0.0244593
0.0030815
-0.0058098
0.0076740
0.0223647
0.0166212
-0.0048549
-0.0211274
-0.0237689
-0.0239022
-0.0309127
-0.0358850
-0.0243211
-0.0003439
0.0122679
-0.0040352
-0.0399992
-0.0699100
-0.0793745
-0.0768715
-0.0780138
-0.0852278
-0.0879989
-0.0804532
-0.0719459
-0.0771874
-0.0985634
-0.1220851
-0.1316425
-0.1255810
-0.1178725
-0.1230588
-0.1407922
-0.1558732
-0.1539058
-0.1366202
-0.1206935
-0.1208271
-0.1350909
-0.1487373
-0.1520500
-0.1511038
-0.1582027
-0.1734730
-0.1810216
-0.1663352
-0.1353974
-0.1124849
-0.1177415
-0.1484416
-0.1826261
-0.1987135
-0.1903846
-0.1661559
-0.1404394
-0.1262469
-0.1309378
-0.1523789
-0.1781888
-0.1928513
-0.1891413
-0.1728123
-0.1557648
-0.1462064
-0.1463347
-0.1561040
-0.1736701
-0.1913201
-0.1969009
-0.1852013
-0.1667296
-0.1590409
-0.1668745
-0.1753809
-0.1678377
-0.1478801
-0.1374274
-0.1502242
-0.1724825
-0.1751548
-0.1441603
-0.0934654
-0.0478211
-0.0180715
0.0030465
0.0253392
0.0488707
0.0674952
0.0774567
0.0778840
0.0674400
0.0483871
0.0342371
0.0449146
0.0870624
0.1407113
0.1722948
0.1646689
0.1332127
0.1110261
0.1189026
0.1490295
0.1740952
0.1697348
0.1314640
0.0755886
0.0243978
-0.0140502
-0.0535881
-0.1135388
-0.1918965
-0.2601995
-0.2921365
-0.2937216
-0.2936178
-0.3031548
-0.3049932
-0.2979662
-0.3374820
-0.4889487
-0.7168836
-0.8490789
-0.7106018
-0.3243253
0.0491691
0.1232608
-0.1401707
-0.4825673
-0.5915727
-0.3857024
-0.0486447
0.1967114
0.3042522
0.3822146
0.4997973
0.5781591
0.4908709
0.2332615
-0.0522222
-0.2185196
-0.2492195
-0.2396615
-0.2713064
-0.3364599
-0.3808820
-0.3834572
-0.3710832
-0.3711110
-0.3787031
-0.3760899
-0.3629976
-0.3529265
-0.3492615
-0.3427530
-0.3323366
-0.3321518
-0.3498799
-0.3690126
-0.3656837
-0.3399770
-0.3174874
-0.3171890
-0.3294877
-0.3341271
-0.3307859
-0.3373323
-0.3580978
-0.3694761
-0.3472503
-0.3003739
-0.2640065
-0.2588573
-0.2697162
-0.2699980
-0.2572531
-0.2518694
-0.2635553
-0.2741299
-0.2609287
-0.2282733
-0.2038561
-0.2052544
-0.2210526
-0.2289240
-0.2232366
-0.2159650
-0.2148283
-0.2124888
-0.2004604
-0.1840949
-0.1750641
-0.1727635
-0.1633278
-0.1392217
-0.1115321
-0.0963121
-0.0929850
-0.0848122
-0.0614262
-0.0331381
-0.0180175
-0.0195363
-0.0242624
-0.0208182
-0.0130212
-0.0100555
-0.0093735
0.0020778
0.0287580
0.0557372
0.0626368
0.0464889
0.0254825
0.0190967
0.0288699
0.0418786
0.0499041
0.0586065
0.0755830
0.0944713
0.0980444
0.0789330
0.0525406
0.0438467
0.0610751
0.0867646
0.0975979
0.0899831
0.0809207
0.0838808
0.0908124
0.0838656
0.0619390
0.0466508
0.0577703
0.0881942
0.1108029
0.1094170
0.0951718
0.0888158
0.0937443
0.0952933
0.0850712
0.0751004
0.0815742
0.1010371
0.1129568
0.1061029
0.0925704
0.0899490
0.0965249
0.0945867
0.0777851
0.0639271
0.0733695
0.1006768
0.1182144
0.1086690
0.0849212
0.0722764
0.0773762
0.0840966
0.0792036
0.0712253
0.0772784
0.0972101
0.1111071
0.1035992
0.0822610
0.0665293
0.0637219
0.0645069
0.0613884
0.0617102
0.0757285
0.0971038
0.1058413
0.0936078
0.0789224
0.0899251
0.1336208
0.1889618
0.2319126
0.2608377
0.2912043
0.3284727
0.3556686
0.3525146
0.3221621
0.2919200
0.2871949
0.3101482
0.3457847
0.3821114
0.4160272
0.4411794
0.4424675
0.4128552
0.3722294
0.3564399
0.3799759
0.4155297
0.4210618
0.3870176
0.3451427
0.3236456
0.3042423
0.2420294
0.1308890
0.0295503
0.0024517
0.0399451
0.0632689
0.0212176
-0.0408956
-0.0421101
0.0061940
-0.0207792
-0.2106871
-0.4535503
-0.4922010
-0.1819033
0.3104543
0.6159162
0.5039558
0.1057869
-0.2169544
-0.2147027
0.0578889
0.3723668
0.5886387
0.7452286
0.9167555
1.0576735
1.0357563
0.7997128
0.4615590
0.1943535
0.0742599
0.0456677
0.0223937
-0.0159742
-0.0357625
-0.0220122
-0.0047504
-0.0156356
-0.0471146
-0.0690112
-0.0710518
-0.0701839
-0.0791381
-0.0866415
-0.0767792
-0.0561763
-0.0483617
-0.0632319
-0.0840444
-0.0886869
-0.0756971
-0.0620677
-0.0593776
-0.0610266
-0.0544534
-0.0389278
-0.0261782
-0.0263786
-0.0386419
-0.0547265
-0.0671537
-0.0719982
-0.0677197
-0.0554730
-0.0402289
-0.0289008
-0.0266551
-0.0356351
-0.0555012
-0.0816964
-0.1032218
-0.1074791
-0.0922201
-0.0711893
-0.0623950
-0.0689999
-0.0759489
-0.0688507
-0.0527820
-0.0460843
-0.0551890
-0.0625564
-0.0452173
-0.0024905
0.0417145
0.0655300
0.0719607
0.0804014
0.0993285
0.1158065
0.1144168
0.0997007
0.0922662
0.1036378
0.1226181
0.1305345
0.1249387
0.1206502
0.1272492
0.1336248
0.1215338
0.0918828
0.0690234
0.0746662
0.1018793
0.1216094
0.1152929
0.0949447
0.0868894
0.0993642
0.1134504
0.1076720
0.0853704
0.0713119
0.0822067
0.1071221
0.1204605
0.1105105
0.0897529
0.0774538
0.0779722
0.0797740
0.0723698
0.0582420
0.0471639
0.0436412
0.0438365
0.0426484
0.0387335
0.0316803
0.0190934
0.0010409
-0.0140491
-0.0136281
0.0054487
0.0295817
0.0383866
0.0230081
-0.0068938
-0.0342246
-0.0495302
-0.0533875
-0.0474604
-0.0298614
-0.0022114
0.0230281
0.0289823
0.0101301
-0.0216751
-0.0495335
-0.0675409
-0.0810236
-0.0925804
-0.0947428
-0.0806195
-0.0577522
-0.0438476
-0.0470966
-0.0567231
-0.0582096
-0.0545497
-0.0641640
-0.0950908
-0.1278757
-0.1320232
-0.0995903
-0.0562073
-0.0354226
-0.0459721
-0.0691168
-0.0856846
-0.0972090
-0.1158008
-0.1384664
-0.1412490
-0.1031143
-0.0318053
0.0394820
0.0817721
0.0938758
0.0961789
0.1052654
0.1188397
0.1246347
0.1185902
0.1100001
0.1100676
0.1202166
0.1342412
0.1492061
0.1688864
0.1941417
0.2135019
0.2101084
0.1820027
0.1526909
0.1538594
0.1919445
0.2337921
0.2329574
0.1748930
0.0927240
0.0320668
0.0012231
-0.0346376
-0.1048753
-0.1885324
-0.2337610
-0.2237757
-0.2050878
-0.2326692
-0.2961379
-0.3303268
-0.3123415
-0.3196432
-0.4465966
-0.6540959
-0.7466790
-0.5544466
-0.1469879
0.1757223
0.1494329
-0.1924667
-0.5430132
-0.6129515
-0.3828233
-0.0640821
0.1536296
0.2721113
0.4041112
0.5780713
0.6765679
0.5710849
0.2787565
-0.0421555
-0.2403074
-0.2913412
-0.2768899
-0.2775389
-0.3067191
-0.3335572
-0.3380442
-0.3309549
-0.3336539
-0.3544884
-0.3836356
-0.4010227
-0.3892725
-0.3492054
-0.3070208
-0.2975725
-0.3310862
-0.3787362
-0.3999098
-0.3846540
-0.3609975
-0.3569716
-0.3648396
-0.3539106
-0.3157086
-0.2817317
-0.2883554
-0.3323530
-0.3736906
-0.3819135
-0.3674422
-0.3606334
-0.3695391
-0.3721119
-0.3499445
-0.3156456
-0.2972119
-0.3022288
-0.3110222
-0.3068756
-0.3004605
-0.3140746
-0.3469283
-0.3696605
-0.3578695
-0.3221542
-0.2957759
-0.2956602
-0.3060200
-0.3032800
-0.2877386
-0.2809613
-0.2944014
-0.3117153
