-0.0292966
-0.1351662
-0.0457342
-0.0415737
-0.1417456
-0.1474144
-0.0450573
-0.0322674
-0.1782550
-0.3385817
-0.4086691
-0.4343495
-0.4604868
-0.4629594
-0.4486542
-0.4654577
-0.4990897
-0.4878191
-0.4396125
-0.4221993
-0.4469228
-0.4648422
-0.4610113
-0.4579404
-0.4478030
-0.4105641
-0.3756033
-0.3830980
-0.4095233
-0.4057366
-0.3798759
-0.3724406
-0.3794226
-0.3669599
-0.3351084
-0.3081967
-0.2877977
-0.2645368
-0.2487131
-0.2477948
-0.2435290
-0.2245995
-0.2073457
-0.1970076
-0.1699957
-0.1213179
-0.0847521
-0.0777458
-0.0701132
-0.0358081
0.0046499
0.0198525
0.0102089
-0.0055590
-0.0140299
-0.0035987
0.0296245
0.0631910
0.0678603
0.0498570
0.0410652
0.0485851
0.0504590
0.0391839
0.0307340
0.0303730
0.0257900
0.0147631
0.0079288
0.0057841
0.0005304
-0.0052324
-0.0071211
-0.0154786
-0.0372635
-0.0543557
-0.0464849
-0.0231294
-0.0079717
-0.0051318
-0.0035384
-0.0002974
0.0014451
0.0036522
0.0053882
0.0002594
-0.0045459
0.0119078
0.0504706
0.0805396
0.0790326
0.0600622
0.0504050
0.0547438
0.0595285
0.0549690
0.0425607
0.0343284
0.0473421
0.0819975
0.1077907
0.0940046
0.0539096
0.0325644
0.0486230
0.0735466
0.0727703
0.0451131
0.0165470
0.0124491
0.0379282
0.0714641
0.0807642
0.0580281
0.0322462
0.0329048
0.0530983
0.0654797
0.0616572
0.0547596
0.0530722
0.0529795
0.0525818
0.0544498
0.0583060
0.0627329
0.0688629
0.0757538
0.0820104
0.0962784
0.1306164
0.1774904
0.2115803
0.2228133
0.2290646
0.2461931
0.2640857
0.2654578
0.2540254
0.2510936
0.2725501
0.3158875
0.3618794
0.3867969
0.3821471
0.3622688
0.3445849
0.3291349
0.3096591
0.2936720
0.2908486
0.2889091
0.2653905
0.2216449
0.1818254
0.1563390
0.1286577
0.0857446
0.0440553
0.0321963
0.0532826
0.0760801
0.0712001
0.0532559
0.0659343
0.1056304
0.0831158
-0.0818375
-0.3095993
-0.3599764
-0.0484703
0.5312848
1.0402960
1.1750006
0.9192053
0.5271424
0.2772179
0.2499909
0.3293889
0.3806809
0.3863589
0.4055416
0.4510120
0.4602050
0.3826937
0.2488149
0.1324913
0.0728816
0.0526865
0.0366556
0.0095296
-0.0204146
-0.0399293
-0.0462997
-0.0453940
-0.0393902
-0.0259495
-0.0118087
-0.0140590
-0.0381380
-0.0649777
-0.0719592
-0.0585628
-0.0402086
-0.0259987
-0.0160109
-0.0127981
-0.0198611
-0.0310738
-0.0335799
-0.0211927
0.0009276
0.0218267
0.0312494
0.0265941
0.0174070
0.0168524
0.0264732
0.0366962
0.0424353
0.0472282
0.0511453
0.0484930
0.0417369
0.0445070
0.0638866
0.0893914
0.1056386
0.1087371
0.1059550
0.1051350
0.1072040
0.1057785
0.0960294
0.0876541
0.1016149
0.1440752
0.1894698
0.2025204
0.1757257
0.1352555
0.1121192
0.1166469
0.1376706
0.1555202
0.1561525
0.1411171
0.1247532
0.1183176
0.1196728
0.1205236
0.1171030
0.1101930
0.1023321
0.0991557
0.1050882
0.1134663
0.1108296
0.0968597
0.0898524
0.1038416
0.1276664
0.1358993
0.1176908
0.0893007
0.0790616
0.1002525
0.1358190
0.1523433
0.1344957
0.1015432
0.0820552
0.0785335
0.0706385
0.0503993
0.0366707
0.0490184
0.0792952
0.0979264
0.0846835
0.0487623
0.0187398
0.0125072
0.0181181
0.0095692
-0.0188131
-0.0444848
-0.0474796
-0.0361283
-0.0313304
-0.0357574
-0.0346020
-0.0234541
-0.0196138
-0.0407379
-0.0797932
-0.1073362
-0.0998459
-0.0655102
-0.0384958
-0.0436768
-0.0711314
-0.0927328
-0.0982393
-0.1008538
-0.1085341
-0.1084175
-0.0876366
-0.0556518
-0.0334198
-0.0265119
-0.0197817
0.0019790
0.0348735
0.0600748
0.0662284
0.0644179
0.0752247
0.1009301
0.1207195
0.1194819
0.1105381
0.1171350
0.1377387
0.1454448
0.1227517
0.0844763
0.0609657
0.0642854
0.0750887
0.0627310
0.0190985
-0.0295162
-0.0514478
-0.0513286
-0.0706004
-0.1374973
-0.2257165
-0.2780126
-0.2712431
-0.2445780
-0.2531008
-0.2977507
-0.3188342
-0.2760110
-0.2271102
-0.2884447
-0.4830538
-0.6463821
-0.5424113
-0.1118647
0.4132145
0.6836347
0.5410179
0.1499300
-0.1736407
-0.2509463
-0.1552787
-0.0672135
-0.0627983
-0.0716754
-0.0181408
0.0568712
0.0449068
-0.0889455
-0.2592483
-0.3568171
-0.3593937
-0.3316066
-0.3374760
-0.3782777
-0.4133449
-0.4183137
-0.4069713
-0.4021769
-0.4047406
-0.4010110
-0.3893020
-0.3807848
-0.3763783
-0.3625766
-0.3373021
-0.3232819
-0.3412818
-0.3780203
-0.3954648
-0.3719759
-0.3250806
-0.2917078
-0.2910855
-0.3091973
-0.3169618
-0.2997168
-0.2661917
-0.2315421
-0.2012631
-0.1764181
-0.1640318
-0.1687949
-0.1779451
-0.1692956
-0.1379118
-0.1043663
-0.0908458
-0.0954841
-0.0962152
-0.0774371
-0.0480402
-0.0312809
-0.0374791
-0.0507479
-0.0482517
-0.0304246
-0.0211608
-0.0339269
-0.0492381
-0.0373005
0.0020360
0.0345141
0.0287013
-0.0092147
-0.0416028
-0.0383706
-0.0074673
0.0151675
0.0061174
-0.0202878
-0.0328927
-0.0246886
-0.0202259
-0.0398553
-0.0690137
-0.0730302
-0.0385471
0.0080530
0.0254359
-0.0009438
-0.0424904
-0.0548447
-0.0234286
0.0216108
0.0394717
0.0228287
0.0004462
-0.0010969
0.0129375
0.0179106
0.0046929
-0.0058969
0.0136919
0.0611969
0.0971251
0.0830123
0.0287390
-0.0089342
0.0157850
0.0859470
0.1366453
0.1199046
0.0481385
-0.0247874
-0.0564537
-0.0470411
-0.0253333
-0.0139668
-0.0135574
-0.0162947
-0.0216332
-0.0293041
-0.0251739
0.0085904
0.0659255
0.1132950
0.1232516
0.1049880
0.0926526
0.1060415
0.1304467
0.1360834
0.1123340
0.0789907
0.0635919
0.0712915
0.0825221
0.0806929
0.0743710
0.0862360
0.1254935
0.1791940
0.2280751
0.2624807
0.2829119
0.2932690
0.2974411
0.2992736
0.3029645
0.3127191
0.3302019
0.3517543
0.3712298
0.3867670
0.4007603
0.4118081
0.4128868
0.4017492
0.3875163
0.3800131
0.3750596
0.3577186
0.3215707
0.2795574
0.2507751
0.2366515
0.2163959
0.1735331
0.1244990
0.1060739
0.1261803
0.1428955
0.1146643
0.0650522
0.0634061
0.1235615
0.1506433
0.0361841
-0.1806952
-0.2846953
-0.0691802
0.4308706
0.9157020
1.0678296
0.8358289
0.4647366
0.2480198
0.2700425
0.3945174
0.4636525
0.4579792
0.4600019
0.5124101
0.5579453
0.5150021
0.3766874
0.2150943
0.1020986
0.0500895
0.0310727
0.0281183
0.0470504
0.0870767
0.1254429
0.1387587
0.1249544
0.0955157
0.0577037
0.0165890
-0.0124678
-0.0095512
0.0269899
0.0710883
0.0889165
0.0684232
0.0273735
-0.0069777
-0.0227268
-0.0261586
-0.0249157
-0.0179558
-0.0048646
0.0044607
-0.0010231
-0.0180348
-0.0319169
-0.0351548
-0.0353708
-0.0428649
-0.0558717
-0.0616672
-0.0501087
-0.0240657
0.0028230
0.0179946
0.0194474
0.0134976
0.0055133
-0.0034862
-0.0125792
-0.0199874
-0.0280443
-0.0422052
-0.0604764
-0.0692722
-0.0569347
-0.0300622
-0.0103544
-0.0133742
-0.0328747
-0.0478115
-0.0441608
-0.0277445
-0.0138169
-0.0067049
0.0026970
0.0165595
0.0173317
-0.0120775
-0.0571542
-0.0753839
-0.0399500
0.0247664
0.0590888
0.0214952
-0.0736161
-0.1688672
-0.2128262
-0.1989648
-0.1617606
-0.1393342
-0.1412794
-0.1486043
-0.1382725
-0.1068874
-0.0757773
-0.0741426
-0.1105913
-0.1581396
-0.1749170
-0.1469158
-0.1056440
-0.0951879
-0.1240923
-0.1592734
-0.1686538
-0.1589166
-0.1610687
-0.1820266
-0.1857202
-0.1352014
-0.0505562
-0.0077660
-0.0667527
-0.2046322
-0.3320172
-0.3765201
-0.3423834
-0.2889309
-0.2638536
-0.2660443
-0.2659270
-0.2484189
-0.2304750
-0.2393449
-0.2777548
-0.3139732
-0.3099554
-0.2615330
-0.2090996
-0.2032072
-0.2537971
-0.3128104
-0.3145560
-0.2420297
-0.1518445
-0.1234944
-0.1803510
-0.2684462
-0.3170289
-0.3097469
-0.2863619
-0.2833015
-0.2921476
-0.2822369
-0.2484460
-0.2181783
-0.2096007
-0.1983885
-0.1421072
-0.0395708
0.0467448
0.0414057
-0.0668452
-0.2017236
-0.2565090
-0.1810716
-0.0258092
0.0912269
0.0708830
-0.0895556
-0.2920774
-0.4187546
-0.4295169
-0.3824261
-0.3573270
-0.3698014
-0.3732534
-0.3400702
-0.3127393
-0.3510686
-0.4396886
-0.4878360
-0.4449010
-0.3889054
-0.4468693
-0.6125758
-0.6910711
-0.4813507
-0.0168615
0.4210723
0.5601089
0.3922390
0.1497309
0.0418815
0.0584791
0.0479702
-0.0552545
-0.1439564
-0.0873541
0.0857795
0.2038767
0.1427887
-0.0475836
-0.2207416
-0.2984204
-0.3215253
-0.3552119
-0.3954069
-0.3919056
-0.3339780
-0.2722819
-0.2535873
-0.2664088
-0.2722195
-0.2705963
-0.2977895
-0.3564593
-0.3814541
-0.3064693
-0.1566363
-0.0442050
-0.0598486
-0.1820429
-0.3051519
-0.3468222
-0.3130731
-0.2632578
-0.2340050
-0.2121303
-0.1721238
-0.1176746
-0.0770496
-0.0696470
-0.0904530
-0.1209548
-0.1379999
-0.1123712
-0.0233811
0.1049657
0.1929258
0.1600224
0.0084280
-0.1568996
-0.2104800
-0.1196675
0.0250005
0.0970325
0.0525677
-0.0381514
-0.0723197
-0.0182007
0.0645183
0.0967605
0.0605277
0.0096318
0.0119353
0.0849008
0.1804336
0.2268890
0.1903873
0.1035234
0.0366058
0.0366124
0.0887598
0.1345930
0.1275182
0.0727843
0.0160954
-0.0036760
0.0125388
0.0368332
0.0516448
0.0650383
0.0902949
0.1225610
0.1437242
0.1444726
0.1319883
0.1173901
0.1053745
0.0993364
0.1081249
0.1380099
0.1780507
0.2022791
0.1939211
0.1659053
0.1498131
0.1616605
0.1846357
0.1909119
0.1752184
0.1577400
0.1554156
0.1619100
0.1612486
0.1528061
0.1524790
0.1699801
0.1939115
0.2040909
0.1945416
0.1778301
0.1666173
0.1583218
0.1440933
0.1285884
0.1297009
0.1548467
0.1862964
0.1991451
0.1908615
0.1835903
0.1956050
0.2183717
0.2274733
0.2125249
0.1892336
0.1805093
0.1911157
0.2064310
0.2144818
0.2211514
0.2390864
0.2675425
0.2925741
0.3069926
0.3205850
0.3453552
0.3766276
0.3965831
0.3959469
0.3863619
0.3891124
0.4141936
0.4523844
0.4862288
0.5057700
0.5128879
0.5136952
0.5115302
0.5078289
0.5043054
0.4991573
0.4830442
0.4454120
0.3886996
0.3346173
0.3111415
0.3271154
0.3567724
0.3547972
0.2975240
0.2127913
0.1594443
0.1674017
0.2030962
0.2078780
0.1708221
0.1439708
0.1687130
0.1990430
0.1341881
-0.0473394
-0.2021693
-0.1169788
0.2760499
0.7842487
1.0871889
1.0092773
0.6666323
0.3469204
0.2529593
0.3625035
0.5112242
0.5747859
0.5576615
0.5315793
0.5287826
0.5136683
0.4427554
0.3251525
0.2145182
0.1529162
0.1342221
0.1196481
0.0793628
0.0175922
-0.0355184
-0.0520915
-0.0302807
0.0043607
0.0199170
0.0030659
-0.0333011
-0.0641813
-0.0735488
-0.0645293
-0.0527750
-0.0511645
-0.0596943
-0.0686294
-0.0701752
-0.0661933
-0.0650863
-0.0726786
-0.0863058
-0.0965691
-0.0949682
-0.0815347
-0.0652675
-0.0556020
-0.0536558
-0.0539882
-0.0544983
-0.0601613
-0.0738917
-0.0861353
-0.0788365
-0.0430379
0.0076299
0.0434392
0.0417178
0.0056960
-0.0394178
-0.0690709
-0.0773509
-0.0737152
-0.0668512
-0.0563212
-0.0390251
-0.0186844
-0.0056483
-0.0078009
-0.0228684
-0.0400701
-0.0499283
-0.0531339
-0.0594668
-0.0774256
-0.1051842
-0.1319311
-0.1474329
-0.1502976
-0.1482883
-0.1512229
-0.1622645
-0.1751093
-0.1805219
-0.1763814
-0.1704203
-0.1722822
-0.1836783
-0.1972582
-0.2046914
-0.2048897
-0.2038491
-0.2065533
-0.2103194
-0.2084024
-0.2003317
-0.1946564
-0.1977186
-0.2024570
-0.1952413
-0.1755273
-0.1621668
-0.1734641
-0.2023491
-0.2186265
-0.1999935
-0.1574327
-0.1240996
-0.1192000
-0.1296195
-0.1312506
-0.1216326
-0.1201993
-0.1356982
-0.1467672
-0.1264030
-0.0810381
-0.0509618
-0.0661749
-0.1101629
-0.1371118
-0.1233953
-0.0922352
-0.0826315
-0.1003540
-0.1096376
-0.0751725
-0.0049908
0.0541344
0.0612060
0.0165786
-0.0428828
-0.0754484
-0.0611886
-0.0085990
0.0548062
0.1002843
0.1162203
0.1149377
0.1197291
0.1418051
0.1700909
0.1851375
0.1814411
0.1723249
0.1730175
0.1852046
0.2031501
0.2294146
0.2718886
0.3210213
0.3419257
0.3050908
0.2271148
0.1680093
0.1759136
0.2354559
0.2800959
0.2594514
0.1883320
0.1228702
0.0932855
0.0743089
0.0282824
-0.0354824
-0.0645456
-0.0301439
0.0280303
0.0416362
-0.0074971
-0.0711208
-0.1062082
-0.1406797
-0.2340096
-0.3656967
-0.3975384
-0.1931592
0.2108222
0.5811367
0.6733044
0.4545166
0.1326264
-0.0423604
0.0018259
0.1372812
0.2074432
0.1884769
0.1748040
0.2353543
0.3217421
0.3269522
0.2111145
0.0452688
-0.0663467
-0.0864447
-0.0599136
-0.0468329
-0.0615860
-0.0786072
-0.0793863
-0.0779455
-0.1010519
-0.1537913
-0.2102029
-0.2354477
-0.2146534
-0.1628622
-0.1115593
-0.0856879
-0.0886867
-0.1052254
-0.1182364
-0.1245814
-0.1330450
-0.1460998
-0.1481118
-0.1193068
-0.0637330
-0.0165280
-0.0144844
-0.0574237
-0.1040542
-0.1111542
-0.0760261
-0.0357941
-0.0236901
-0.0314917
-0.0218854
0.0225691
0.0717708
0.0774899
0.0291674
-0.0283002
-0.0384574
0.0075270
0.0616641
0.0704490
0.0302713
-0.0130902
-0.0173438
0.0126855
0.0382992
0.0362589
0.0227862
0.0257375
0.0436524
0.0446909
0.0065935
-0.0523796
-0.0897155
-0.0832459
-0.0532419
-0.0393799
-0.0609230
-0.1029610
-0.1381812
-0.1555072
-0.1657043
-0.1837603
-0.2107377
-0.2328518
-0.2359606
-0.2210079
-0.2064674
-0.2136014
-0.2453092
-0.2795730
-0.2888466
-0.2689527
-0.2449436
-0.2428973
-0.2575619
-0.2563339
-0.2202756
-0.1754915
-0.1729134
-0.2328677
-0.3162600
-0.3590297
-0.3355101
-0.2822979
-0.2583046
-0.2867412
-0.3396296
-0.3733220
-0.3704774
-0.3476079
-0.3316463
-0.3367259
-0.3595496
-0.3866621
-0.4021521
-0.3953945
-0.3705352
-0.3486994
-0.3525847
-0.3824812
-0.4101637
-0.4039122
-0.3627952
-0.3228572
-0.3247135
-0.3735755
-0.4322374
-0.4543996
-0.4258346
-0.3748935
-0.3448439
-0.3557930
-0.3905474
-0.4138610
-0.4041427
-0.3686971
-0.3321140
-0.3122277
-0.3063420
-0.2977688
-0.2737653
-0.2378855
-0.2071199
-0.1977408
-0.2116348
-0.2331999
-0.2393722
-0.2166408
-0.1725638
-0.1309911
-0.1134269
-0.1241069
-0.1543571
-0.1991079
-0.2609366
-0.3321899
-0.3805612
-0.3701543
-0.3074400
-0.2562496
-0.2852238
-0.3906501
-0.4855000
-0.4860511
-0.4106706
-0.3710708
-0.4479877
-0.5868202
-0.6467468
-0.5664937
-0.4583812
-0.5011849
-0.7284880
-0.9489606
-0.9113879
-0.5603013
-0.1148445
0.1197428
0.0202966
-0.2703739
-0.5059998
-0.5586181
-0.4819541
-0.3936883
-0.3384233
-0.2750555
-0.1673611
-0.0502588
0.0001769
-0.0572278
