-0.2316333
-0.2066163
-0.1784924
-0.1933797
-0.2434124
-0.2808922
-0.2821332
-0.2648783
-0.2528999
-0.2549970
-0.2733081
-0.3017654
-0.3157215
-0.2894522
-0.2301386
-0.1773403
-0.1638275
-0.1867021
-0.2154559
-0.2181713
-0.1843093
-0.1341778
-0.1024945
-0.1008218
-0.0999824
-0.0619710
0.0129211
0.0821610
0.1039488
0.0768071
0.0384936
0.0317221
0.0666037
0.1089501
0.1084150
0.0462345
-0.0439838
-0.1053284
-0.1062739
-0.0623701
-0.0176003
-0.0062125
-0.0239524
-0.0318477
0.0045416
0.0745105
0.1273053
0.1234517
0.0751827
0.0297312
0.0184688
0.0321347
0.0448796
0.0512415
0.0695226
0.1087174
0.1431491
0.1340792
0.0789591
0.0253695
0.0235821
0.0715760
0.1208176
0.1338216
0.1196328
0.1083238
0.1065038
0.0925589
0.0513881
-0.0003994
-0.0297647
-0.0221424
0.0057063
0.0268981
0.0309511
0.0251624
0.0173005
0.0086911
0.0035726
0.0113799
0.0326521
0.0523417
0.0569974
0.0525450
0.0538971
0.0604606
0.0565969
0.0406473
0.0395131
0.0779440
0.1334204
0.1397426
0.0543595
-0.0783496
-0.1514863
-0.1010266
0.0185846
0.0836243
0.0323875
-0.0662052
-0.0877560
0.0095195
0.1359408
0.1627624
0.0534967
-0.1049282
-0.1955881
-0.1803546
-0.1101627
-0.0453629
0.0049407
0.0566007
0.0914453
0.0609812
-0.0435088
-0.1495793
-0.1591923
-0.0499739
0.0916051
0.1481491
0.0820632
-0.0341249
-0.0937192
-0.0541379
0.0389215
0.1087673
0.1133178
0.0602107
-0.0169767
-0.0798386
-0.0940429
-0.0448963
0.0410474
0.0993039
0.0729196
-0.0325164
-0.1418676
-0.1705680
-0.1013761
-0.0014469
0.0414646
0.0009211
-0.0705480
-0.1010033
-0.0687172
-0.0124210
0.0175444
0.0083919
-0.0137023
-0.0211865
-0.0147308
-0.0141483
-0.0274794
-0.0390090
-0.0306421
-0.0078965
0.0040406
-0.0090884
-0.0296820
-0.0226569
0.0278840
0.0962687
0.1311930
0.0987564
0.0140367
-0.0703206
-0.1098905
-0.1044456
-0.0889774
-0.0916617
-0.1048110
-0.0990309
-0.0630152
-0.0228774
-0.0164499
-0.0490543
-0.0826194
-0.0756422
-0.0307195
0.0075641
0.0048271
-0.0222599
-0.0265550
0.0110619
0.0552366
0.0544778
0.0007962
-0.0583237
-0.0700078
-0.0314512
0.0107458
0.0124819
-0.0267418
-0.0755174
-0.1100281
-0.1295137
-0.1367809
-0.1184500
-0.0507325
0.0831934
0.2876150
0.5562761
0.8627656
1.1448470
1.3154831
1.3145985
1.1628568
0.9580616
0.8043649
0.7363570
0.7091474
0.6561059
0.5484177
0.4021865
0.2461863
0.0993485
-0.0231681
-0.1003294
-0.1162245
-0.0807553
-0.0316415
-0.0106716
-0.0367102
-0.0992384
-0.1715910
-0.2261288
-0.2428218
-0.2176172
-0.1709144
-0.1406499
-0.1530909
-0.1962785
-0.2302424
-0.2298614
-0.2130253
-0.2178885
-0.2523920
-0.2764591
-0.2436804
-0.1595838
-0.0883608
-0.0931172
-0.1703975
-0.2507857
-0.2669285
-0.2169498
-0.1587967
-0.1480763
-0.1879987
-0.2370655
-0.2550063
-0.2356879
-0.2017008
-0.1781810
-0.1758087
-0.1917632
-0.2160880
-0.2339606
-0.2296629
-0.1980113
-0.1525848
-0.1157901
-0.0971217
-0.0852028
-0.0651633
-0.0400011
-0.0271695
-0.0327412
-0.0364807
-0.0109606
0.0440688
0.0939426
0.1023907
0.0706977
0.0361749
0.0295591
0.0414803
0.0384412
0.0077403
-0.0250947
-0.0275376
-0.0001762
0.0236206
0.0164453
-0.0138663
-0.0373052
-0.0368271
-0.0215166
-0.0064718
0.0081047
0.0293178
0.0502258
0.0513533
0.0285346
0.0082164
0.0223992
0.0691470
0.1084510
0.1023113
0.0535954
-0.0002187
-0.0278381
-0.0302190
-0.0257494
-0.0208640
-0.0067568
0.0172505
0.0320743
0.0209096
-0.0034076
-0.0073088
0.0231428
0.0605779
0.0644249
0.0278710
-0.0128474
-0.0191212
0.0067258
0.0256393
0.0076562
-0.0339721
-0.0578961
-0.0391206
0.0073464
0.0448474
0.0492031
0.0234130
-0.0116952
-0.0320601
-0.0200364
0.0257543
0.0813910
0.1047946
0.0659816
-0.0213932
-0.1012240
-0.1162613
-0.0559055
0.0333271
0.0842894
0.0590726
-0.0290031
-0.1316780
-0.1991050
-0.2058784
-0.1604004
-0.0975867
-0.0570793
-0.0568940
-0.0817571
-0.0981899
-0.0845636
-0.0488979
-0.0188953
-0.0155452
-0.0355047
-0.0562220
-0.0558721
-0.0299952
0.0058090
0.0257782
0.0105296
-0.0366845
-0.0852228
-0.0945844
-0.0480426
0.0258920
0.0701825
0.0460050
-0.0317628
-0.1054485
-0.1239998
-0.0855010
-0.0335112
-0.0127436
-0.0290805
-0.0525844
-0.0558147
-0.0430086
-0.0391365
-0.0554950
-0.0747326
-0.0730743
-0.0518484
-0.0387869
-0.0560396
-0.0930996
-0.1178588
-0.1108861
-0.0756747
-0.0069262
0.1404105
0.4252262
0.8441954
1.2839665
1.5702356
1.5888723
1.3736441
1.0772083
0.8497991
0.7354617
0.6729237
0.5828998
0.4455517
0.2981086
0.1762389
0.0770512
-0.0181248
-0.1012388
-0.1369674
-0.1086124
-0.0521110
-0.0299556
-0.0695683
-0.1374783
-0.1808238
-0.1864577
-0.1863711
-0.2063931
-0.2278659
-0.2140786
-0.1661278
-0.1311723
-0.1472879
-0.1944875
-0.2171915
-0.1919086
-0.1539320
-0.1492425
-0.1760867
-0.1942645
-0.1876505
-0.1899527
-0.2320708
-0.2821371
-0.2706793
-0.1826413
-0.0973961
-0.1099638
-0.2171602
-0.3089129
-0.2855798
-0.1688929
-0.0778682
-0.0994855
-0.2037572
-0.2916013
-0.3049814
-0.2689390
-0.2352966
-0.2170456
-0.1923992
-0.1516736
-0.1108636
-0.0795987
-0.0428933
0.0097280
0.0533474
0.0506784
0.0060323
-0.0266794
-0.0038855
0.0524618
0.0793423
0.0499290
0.0045846
-0.0051430
0.0153447
0.0156435
-0.0234269
-0.0545582
-0.0225877
0.0570864
0.1057956
0.0708634
-0.0141613
-0.0733558
-0.0786600
-0.0716574
-0.0935517
-0.1200076
-0.0900166
0.0068343
0.0998539
0.1090575
0.0349720
-0.0422935
-0.0527949
-0.0081855
0.0243378
0.0057727
-0.0348002
-0.0436957
-0.0089470
0.0292895
0.0290925
-0.0066656
-0.0387477
-0.0372707
-0.0091187
0.0178843
0.0268051
0.0215830
0.0113556
-0.0046320
-0.0325020
-0.0684862
-0.0946369
-0.0934609
-0.0674396
-0.0422991
-0.0471086
-0.0868097
-0.1328684
-0.1442938
-0.1039905
-0.0384527
-0.0000097
-0.0237800
-0.0971907
-0.1711154
-0.2025628
-0.1877254
-0.1554700
-0.1336124
-0.1257335
-0.1177081
-0.0974317
-0.0630147
-0.0182251
0.0284711
0.0579869
0.0454514
-0.0146528
-0.0861088
-0.1054311
-0.0308004
0.1227830
0.3039152
0.4809140
0.6682749
0.8893895
1.1180144
1.2713265
1.2721430
1.1195056
0.8947345
0.6963096
0.5672875
0.4806077
0.3857520
0.2632813
0.1361997
0.0373130
-0.0261983
-0.0746536
-0.1272293
-0.1768882
-0.1968500
-0.1720696
-0.1214858
-0.0849859
-0.0869316
-0.1156182
-0.1416779
-0.1535478
-0.1674045
-0.1998929
-0.2387155
-0.2505542
-0.2202782
-0.1747596
-0.1596191
-0.1919207
-0.2415851
-0.2629365
-0.2413609
-0.2043559
-0.1883844
-0.2017477
-0.2230574
-0.2305334
-0.2248638
-0.2224126
-0.2325167
-0.2471796
-0.2520797
-0.2428155
-0.2280360
-0.2189458
-0.2188287
-0.2224339
-0.2223081
-0.2141471
-0.1986062
-0.1813841
-0.1708348
-0.1708813
-0.1734746
-0.1608425
-0.1207320
-0.0619346
-0.0119550
0.0058654
-0.0040989
-0.0103879
0.0171951
0.0766465
0.1313679
0.1412707
0.0987299
0.0350940
-0.0073536
-0.0097681
0.0138942
0.0363023
0.0415484
0.0319531
0.0164278
-0.0014286
-0.0220360
-0.0411866
-0.0491229
-0.0408113
-0.0243939
-0.0153849
-0.0214488
-0.0347145
-0.0404546
-0.0324731
-0.0183125
-0.0092692
-0.0074460
-0.0051319
0.0031225
0.0112106
0.0076593
-0.0093831
-0.0273790
-0.0323895
-0.0250409
-0.0196907
-0.0268797
-0.0400554
-0.0432522
-0.0310029
-0.0159313
-0.0137224
-0.0234362
-0.0281097
-0.0156666
0.0062081
0.0205223
0.0230624
0.0265204
0.0406351
0.0552218
0.0508301
0.0253710
0.0014865
0.0016087
0.0197628
0.0269137
0.0064533
-0.0234170
-0.0308674
-0.0120851
-0.0017867
-0.0355033
-0.1036055
-0.1471601
-0.0983021
0.0772107
0.3686005
0.7308759
1.0928354
1.3637602
1.4626287
1.3696272
1.1550640
0.9411089
0.8140648
0.7639470
0.7098616
0.5854202
0.3991976
0.2162118
0.0904082
0.0217223
-0.0262879
-0.0796709
-0.1317176
-0.1612008
-0.1618509
-0.1493649
-0.1441251
-0.1533261
-0.1699182
-0.1834654
-0.1886152
-0.1857744
-0.1784902
-0.1714007
-0.1681110
-0.1690236
-0.1719204
-0.1758187
-0.1835081
-0.1985510
-0.2194479
-0.2384266
-0.2479070
-0.2483406
-0.2480802
-0.2541783
-0.2639860
-0.2677204
-0.2599782
-0.2472202
-0.2419447
-0.2490737
-0.2593333
-0.2576262
-0.2385989
-0.2132652
-0.1988224
-0.2012267
-0.2087436
-0.2039778
-0.1818426
-0.1537747
-0.1335813
-0.1212766
-0.1038532
-0.0725683
-0.0368636
-0.0178490
-0.0268108
-0.0515645
-0.0659847
-0.0534998
-0.0208509
0.0103867
0.0237871
0.0194682
0.0089158
0.0021907
0.0004212
-0.0020851
-0.0106259
-0.0243825
-0.0362405
-0.0384011
-0.0297867
-0.0184842
-0.0152864
-0.0229973
-0.0325567
-0.0319563
-0.0197800
-0.0077841
-0.0078362
-0.0174675
-0.0218157
-0.0109877
0.0073654
0.0156338
0.0054357
-0.0138823
-0.0265276
-0.0269305
-0.0222465
-0.0196652
-0.0162247
-0.0047448
0.0119073
0.0177065
-0.0020234
-0.0438480
-0.0862151
-0.1064978
-0.0974058
-0.0682790
-0.0345322
-0.0084305
0.0027061
-0.0040159
-0.0247621
-0.0477120
-0.0594831
-0.0561279
-0.0462152
-0.0401112
-0.0369520
-0.0260292
-0.0022842
0.0234924
0.0340338
0.0239271
0.0039818
-0.0135184
-0.0287404
-0.0488847
-0.0717477
-0.0826448
-0.0713187
-0.0468360
-0.0288702
-0.0250098
-0.0239011
-0.0136414
-0.0000935
0.0006895
-0.0145257
-0.0307924
-0.0359398
-0.0381941
-0.0539091
-0.0814454
-0.0994939
-0.0956350
-0.0864110
-0.0975450
-0.1268918
-0.1405870
-0.1123661
-0.0576359
-0.0172789
-0.0108075
-0.0190948
-0.0172003
-0.0100531
-0.0206118
-0.0473799
-0.0538260
-0.0112539
0.0581423
0.0979778
0.0793671
0.0327918
0.0097872
0.0210177
0.0263922
-0.0123333
-0.0823483
-0.1326361
-0.1299421
-0.0900788
-0.0529829
-0.0386873
-0.0365498
-0.0313356
-0.0256001
-0.0309754
-0.0459535
-0.0534508
-0.0417073
-0.0200825
-0.0087931
-0.0164550
-0.0347022
-0.0551204
-0.0820131
-0.1177341
-0.1342503
-0.0698187
0.1313710
0.4661948
0.8565046
1.1887831
1.3772487
1.4009376
1.2962608
1.1264894
0.9553527
0.8282875
0.7532537
0.6909249
0.5781307
0.3828219
0.1446711
-0.0468469
-0.1266808
-0.1111360
-0.0795969
-0.0994192
-0.1698013
-0.2359252
-0.2494313
-0.2106865
-0.1595592
-0.1373523
-0.1592985
-0.2111625
-0.2604003
-0.2749508
-0.2470941
-0.2063523
-0.1988493
-0.2405173
-0.2922550
-0.2957660
-0.2411999
-0.1880373
-0.2022914
-0.2725493
-0.3068307
-0.2300302
-0.0812205
0.0055865
-0.0674523
-0.2524991
-0.3897413
-0.3584720
-0.1944263
-0.0547402
-0.0668846
-0.2119627
-0.3518688
-0.3640431
-0.2482914
-0.1101708
-0.0523336
-0.0870689
-0.1465313
-0.1627196
-0.1281046
-0.0835064
-0.0619981
-0.0561078
-0.0378898
0.0008663
0.0374949
0.0451870
0.0223723
-0.0080905
-0.0238515
-0.0211756
-0.0103266
-0.0014067
0.0008755
-0.0060419
-0.0218193
-0.0369845
-0.0343204
-0.0044671
0.0387643
0.0639976
0.0484614
-0.0002274
-0.0493104
-0.0679359
-0.0494311
-0.0106359
0.0247042
0.0398778
0.0289198
-0.0034791
-0.0411901
-0.0608385
-0.0462413
-0.0038713
0.0384665
0.0541800
0.0421798
0.0274191
0.0350974
0.0646282
0.0909330
0.0912791
0.0682346
0.0448290
0.0396846
0.0505995
0.0621448
0.0641606
0.0585150
0.0501254
0.0388663
0.0248763
0.0179557
0.0331399
0.0725746
0.1152640
0.1310696
0.1073059
0.0599807
0.0181405
-0.0008853
-0.0002652
0.0076402
0.0152476
0.0213291
0.0237807
0.0166626
-0.0043120
-0.0357121
-0.0670223
-0.0861181
-0.0843557
-0.0605439
-0.0244691
0.0047319
0.0105469
-0.0054153
-0.0219255
-0.0180289
0.0034655
0.0162294
-0.0017600
-0.0419025
-0.0712920
-0.0671338
-0.0410755
-0.0247911
-0.0324916
-0.0438857
-0.0283459
0.0169797
0.0593250
0.0625360
0.0235788
-0.0265412
-0.0565087
-0.0644525
-0.0723819
-0.0950933
-0.1205248
-0.1231459
-0.0941185
-0.0543233
-0.0360705
-0.0525228
-0.0853258
-0.1016807
-0.0842960
-0.0476884
-0.0276318
-0.0523850
-0.1173922
-0.1826723
-0.1974873
-0.1381084
-0.0316289
0.0575877
0.0778034
0.0423331
0.0376497
0.1680952
0.4723906
0.8798889
1.2478879
1.4527685
1.4610937
1.3283988
1.1407945
0.9589069
0.8047440
0.6799186
0.5795058
0.4893497
0.3860359
0.2545778
0.1081568
-0.0170593
-0.0920912
-0.1193250
-0.1254697
-0.1339475
-0.1484731
-0.1617716
-0.1723008
-0.1865550
-0.2074600
-0.2275442
-0.2366283
-0.2331134
-0.2241482
-0.2159611
-0.2080064
-0.1975956
-0.1870735
-0.1833154
-0.1903071
-0.2038779
-0.2141846
-0.2133559
-0.2021773
-0.1909105
-0.1921218
-0.2088413
-0.2285088
-0.2324864
-0.2161198
-0.1984012
-0.2058568
-0.2433050
-0.2837551
-0.2927627
-0.2634892
-0.2237300
-0.2066177
-0.2181443
-0.2368190
-0.2412268
-0.2296766
-0.2110384
-0.1855738
-0.1462657
-0.0999085
-0.0750037
-0.0950265
-0.1407414
-0.1493599
-0.0669643
0.0884059
0.2192776
0.2195491
0.0706292
-0.1251272
-0.2153536
-0.1214015
0.0916886
0.2647145
0.2733498
0.1239749
-0.0646884
-0.1686955
-0.1525050
-0.0719340
-0.0029641
0.0234713
0.0245512
0.0235882
0.0204926
0.0044923
-0.0158243
-0.0088426
0.0473652
0.1310136
0.1826109
0.1527221
0.0485650
-0.0666932
-0.1245297
-0.1060210
-0.0512705
-0.0178303
-0.0307401
-0.0700365
-0.0997477
-0.1026198
-0.0874936
-0.0711148
-0.0600208
-0.0489227
-0.0299523
-0.0009281
0.0302841
0.0448757
0.0213055
-0.0447335
-0.1244312
-0.1687205
-0.1497117
-0.0923556
-0.0564031
-0.0782842
-0.1317102
-0.1525528
-0.1051602
-0.0201739
0.0355486
0.0222489
-0.0430557
-0.1138498
-0.1583592
-0.1719313
-0.1569651
-0.1092645
-0.0327455
0.0411955
0.0651809
0.0157541
-0.0800553
-0.1637380
-0.1937376
-0.1757058
-0.1470765
-0.1360963
-0.1388494
-0.1346485
-0.1175497
-0.1045318
-0.1065568
-0.0917725
0.0135409
0.2718207
0.6676234
1.0896358
1.3880197
1.4677068
1.3437223
1.1166427
0.8948603
0.7301163
0.6103202
0.4983826
0.3731348
0.2411935
0.1221945
0.0287666
-0.0421175
-0.1034549
-0.1647985
-0.2218400
-0.2585728
-0.2622593
-0.2380991
-0.2078135
-0.1917926
-0.1929596
-0.1991473
-0.1992727
-0.1932206
-0.1858222
-0.1773335
-0.1660761
-0.1588203
-0.1700215
-0.2048943
-0.2463727
-0.2664150
-0.2532127
-0.2238228
-0.2068017
-0.2143459
-0.2346326
-0.2493088
-0.2522395
-0.2491492
-0.2450982
-0.2398255
-0.2349759
-0.2381008
-0.2538973
-0.2740735
-0.2820170
-0.2693038
-0.2446835
