-0.2294369
-0.2371239
-0.1681058
-0.1267211
-0.1373570
-0.1469774
-0.1323662
-0.1211051
-0.1238525
-0.1210952
-0.1130699
-0.1210941
-0.1392619
-0.1365219
-0.1084856
-0.0843527
-0.0815429
-0.0894613
-0.0966365
-0.1018121
-0.1012860
-0.0940388
-0.0942588
-0.1117066
-0.1262381
-0.1093969
-0.0675140
-0.0388869
-0.0496369
-0.0907818
-0.1356180
-0.1638014
-0.1697082
-0.1534668
-0.0952025
0.0607485
0.3650245
0.7823504
1.1693779
1.3667123
1.3232731
1.1275566
0.9249206
0.8079576
0.7682751
0.7323550
0.6411697
0.5014239
0.3635156
0.2605881
0.1841066
0.1141822
0.0504427
0.0050414
-0.0181320
-0.0265695
-0.0310807
-0.0413947
-0.0619031
-0.0871676
-0.1077684
-0.1217094
-0.1333931
-0.1429541
-0.1460201
-0.1436660
-0.1436668
-0.1516789
-0.1678315
-0.1896757
-0.2110151
-0.2209443
-0.2126856
-0.1919425
-0.1704464
-0.1545237
-0.1453711
-0.1444784
-0.1504322
-0.1547608
-0.1495111
-0.1368126
-0.1251265
-0.1189178
-0.1164278
-0.1133986
-0.1046330
-0.0866014
-0.0631481
-0.0446403
-0.0377288
-0.0392158
-0.0414597
-0.0392175
-0.0308995
-0.0196009
-0.0133539
-0.0163679
-0.0184716
-0.0021204
0.0358729
0.0760602
0.0944198
0.0855975
0.0666343
0.0609253
0.0785866
0.1088008
0.1314314
0.1384928
0.1414349
0.1538451
0.1718971
0.1788387
0.1657812
0.1403700
0.1159191
0.0986569
0.0857323
0.0706387
0.0501126
0.0284872
0.0142269
0.0102815
0.0104636
0.0072901
-0.0002099
-0.0086819
-0.0161082
-0.0224983
-0.0290439
-0.0390828
-0.0551645
-0.0720171
-0.0772621
-0.0638549
-0.0398325
-0.0229901
-0.0269620
-0.0519289
-0.0847469
-0.1073317
-0.1092180
-0.0941209
-0.0728818
-0.0516073
-0.0303146
-0.0106442
0.0021318
0.0057363
0.0041966
0.0027444
0.0026131
0.0016588
-0.0021818
-0.0076987
-0.0088958
0.0011278
0.0217355
0.0424021
0.0524024
0.0511527
0.0458511
0.0412791
0.0359663
0.0270220
0.0149637
0.0037981
-0.0022288
-0.0031092
-0.0045861
-0.0122230
-0.0234973
-0.0303707
-0.0316504
-0.0377523
-0.0587167
-0.0896753
-0.1120107
-0.1093340
-0.0824608
-0.0503188
-0.0351825
-0.0432576
-0.0591589
-0.0623649
-0.0490628
-0.0345968
-0.0348800
-0.0497178
-0.0652929
-0.0695263
-0.0635720
-0.0599405
-0.0691838
-0.0868563
-0.0954298
-0.0824700
-0.0559855
-0.0381457
-0.0434007
-0.0647138
-0.0809646
-0.0766676
-0.0558990
-0.0383338
-0.0398508
-0.0560110
-0.0675435
-0.0634950
-0.0545226
-0.0593526
-0.0811002
-0.1022962
-0.1036498
-0.0846158
-0.0639880
-0.0603927
-0.0726235
-0.0810632
-0.0702787
-0.0475910
-0.0344216
-0.0399207
-0.0494891
-0.0423351
-0.0164620
0.0075685
0.0068308
-0.0215870
-0.0576854
-0.0776977
-0.0768168
-0.0719321
-0.0807570
-0.1009923
-0.1139507
-0.1074494
-0.0901260
-0.0814756
-0.0903685
-0.1055411
-0.1076810
-0.0912260
-0.0731067
-0.0764530
-0.1044070
-0.1339333
-0.1388322
-0.1163071
-0.0871854
-0.0719700
-0.0714207
-0.0711012
-0.0611259
-0.0481625
-0.0471537
-0.0623243
-0.0795705
-0.0805690
-0.0629495
-0.0424105
-0.0349997
-0.0418782
-0.0527687
-0.0595733
-0.0629193
-0.0676461
-0.0756856
-0.0838711
-0.0875688
-0.0860013
-0.0833144
-0.0835952
-0.0857526
-0.0846975
-0.0768272
-0.0633703
-0.0501160
-0.0453950
-0.0553558
-0.0771246
-0.0975231
-0.1025948
-0.0894354
-0.0671524
-0.0470936
-0.0345972
-0.0293318
-0.0294856
-0.0331458
-0.0368017
-0.0354412
-0.0268890
-0.0166864
-0.0154523
-0.0273466
-0.0423581
-0.0456358
-0.0358969
-0.0290647
-0.0395938
-0.0617939
-0.0751800
-0.0678415
-0.0497427
-0.0407903
-0.0484009
-0.0608717
-0.0640389
-0.0605043
-0.0660492
-0.0860341
-0.1031926
-0.0969965
-0.0728459
-0.0619719
-0.0872839
-0.1338835
-0.1596820
-0.1360432
-0.0754875
-0.0184930
0.0052219
0.0003184
-0.0078903
-0.0050712
-0.0000231
-0.0069442
-0.0248799
-0.0410653
-0.0499452
-0.0596136
-0.0774910
-0.0962267
-0.0999222
-0.0838529
-0.0631105
-0.0579070
-0.0713951
-0.0869198
-0.0894654
-0.0846640
-0.0896916
-0.1072023
-0.1181645
-0.1055761
-0.0788791
-0.0662720
-0.0830731
-0.1145063
-0.1329732
-0.1282212
-0.1149000
-0.1105375
-0.1126598
-0.1037214
-0.0767178
-0.0479867
-0.0409725
-0.0614636
-0.0905984
-0.0933768
-0.0249375
0.1628931
0.4952487
0.9328388
1.3584272
1.6270538
1.6567599
1.4863195
1.2447397
1.0539727
0.9478794
0.8737444
0.7630572
0.5976356
0.4146906
0.2620640
0.1567956
0.0823886
0.0158899
-0.0475813
-0.0948794
-0.1147211
-0.1140356
-0.1128303
-0.1239406
-0.1408863
-0.1468858
-0.1338272
-0.1106656
-0.0942704
-0.0938650
-0.1045895
-0.1150738
-0.1195070
-0.1206268
-0.1217044
-0.1199398
-0.1112583
-0.0993995
-0.0948457
-0.1029919
-0.1164608
-0.1220683
-0.1152477
-0.1059299
-0.1085553
-0.1251799
-0.1394322
-0.1306281
-0.0963149
-0.0593272
-0.0493514
-0.0761647
-0.1206924
-0.1510498
-0.1470260
-0.1121924
-0.0668558
-0.0309223
-0.0113028
-0.0019078
0.0074883
0.0227888
0.0424227
0.0589722
0.0650445
0.0616928
0.0614571
0.0784995
0.1128172
0.1470146
0.1625924
0.1589514
0.1530559
0.1593792
0.1728398
0.1747585
0.1558263
0.1293285
0.1173479
0.1246642
0.1322037
0.1196596
0.0900301
0.0651764
0.0578950
0.0557450
0.0367486
-0.0024444
-0.0398219
-0.0507018
-0.0340766
-0.0133716
-0.0115851
-0.0292182
-0.0486540
-0.0566072
-0.0562660
-0.0570579
-0.0594680
-0.0558734
-0.0442325
-0.0344105
-0.0379567
-0.0538198
-0.0674670
-0.0654092
-0.0497184
-0.0363217
-0.0381392
-0.0515124
-0.0612329
-0.0578792
-0.0470451
-0.0408212
-0.0431433
-0.0462623
-0.0413950
-0.0308488
-0.0275471
-0.0409019
-0.0632963
-0.0735237
-0.0567671
-0.0208878
0.0096360
0.0165833
0.0032827
-0.0129868
-0.0211579
-0.0261575
-0.0383501
-0.0560847
-0.0633623
-0.0477727
-0.0184158
-0.0001946
-0.0079548
-0.0303381
-0.0437573
-0.0406251
-0.0379461
-0.0556238
-0.0900475
-0.1146936
-0.1088236
-0.0824927
-0.0680978
-0.0853870
-0.1184316
-0.1316876
-0.1081819
-0.0672756
-0.0432829
-0.0504767
-0.0725724
-0.0845763
-0.0800349
-0.0746513
-0.0853413
-0.1096215
-0.1277740
-0.1241522
-0.1034477
-0.0850620
-0.0837611
-0.0976363
-0.1129942
-0.1178152
-0.1107028
-0.0998489
-0.0948835
-0.0986135
-0.1054576
-0.1077833
-0.1036190
-0.0978940
-0.0966231
-0.1006302
-0.1049586
-0.1041347
-0.0980392
-0.0922295
-0.0917037
-0.0947936
-0.0949227
-0.0887720
-0.0808244
-0.0783341
-0.0825532
-0.0863614
-0.0811505
-0.0665610
-0.0539225
-0.0587770
-0.0870520
-0.1271941
-0.1576289
-0.1644925
-0.1530620
-0.1416577
-0.1439454
-0.1565333
-0.1633943
-0.1528021
-0.1302471
-0.1138340
-0.1161225
-0.1313758
-0.1420192
-0.1371693
-0.1233689
-0.1171117
-0.1278600
-0.1483846
-0.1610217
-0.1537557
-0.1312625
-0.1103623
-0.1041451
-0.1105366
-0.1163209
-0.1112682
-0.0973726
-0.0849239
-0.0811285
-0.0835854
-0.0849853
-0.0832294
-0.0847862
-0.0964616
-0.1151221
-0.1286113
-0.1278641
-0.1163939
-0.1067338
-0.1086164
-0.1211463
-0.1347592
-0.1393826
-0.1320876
-0.1192126
-0.1113126
-0.1141961
-0.1234716
-0.1283822
-0.1225339
-0.1113768
-0.1079150
-0.1201287
-0.1437126
-0.1669717
-0.1760020
-0.1449997
-0.0222605
0.2540403
0.6982600
1.2226833
1.6536685
1.8314290
1.7201124
1.4310596
1.1350396
0.9398798
0.8373443
0.7515935
0.6269629
0.4699558
0.3219482
0.2095143
0.1263973
0.0534793
-0.0160146
-0.0727747
-0.1058346
-0.1156979
-0.1142832
-0.1150875
-0.1240282
-0.1377132
-0.1483553
-0.1504124
-0.1446217
-0.1372186
-0.1345659
-0.1371960
-0.1393962
-0.1357164
-0.1275182
-0.1219306
-0.1246419
-0.1350500
-0.1483860
-0.1609474
-0.1723724
-0.1834732
-0.1927090
-0.1952814
-0.1864956
-0.1668763
-0.1439033
-0.1277931
-0.1245669
-0.1322462
-0.1430392
-0.1495710
-0.1501860
-0.1484854
-0.1469006
-0.1411100
-0.1230857
-0.0911051
-0.0552077
-0.0300257
-0.0211562
-0.0192787
-0.0085615
0.0185893
0.0545822
0.0840142
0.0979792
0.1012446
0.1059651
0.1197499
0.1405097
0.1610960
0.1761225
0.1838583
0.1839332
0.1755791
0.1585439
0.1351274
0.1105848
0.0903461
0.0755704
0.0613290
0.0402493
0.0090569
-0.0278944
-0.0614214
-0.0844675
-0.0975849
-0.1079937
-0.1222257
-0.1388595
-0.1490793
-0.1452072
-0.1286035
-0.1091648
-0.0977703
-0.0989087
-0.1082888
-0.1155564
-0.1104270
-0.0895594
-0.0597316
-0.0338137
-0.0215026
-0.0222213
-0.0267710
-0.0266166
-0.0216928
-0.0183886
-0.0202957
-0.0235876
-0.0234341
-0.0227207
-0.0299686
-0.0475163
-0.0653520
-0.0702257
-0.0604479
-0.0488914
-0.0501439
-0.0659706
-0.0848984
-0.0955297
-0.0980640
-0.1016538
-0.1124099
-0.1270302
-0.1382233
-0.1430478
-0.1438175
-0.1430074
-0.1405953
-0.1362528
-0.1312827
-0.1272622
-0.1245961
-0.1239116
-0.1275549
-0.1370862
-0.1486290
-0.1530773
-0.1440144
-0.1258668
-0.1115307
-0.1097118
-0.1159403
-0.1187477
-0.1140141
-0.1092707
-0.1119737
-0.1166428
-0.1081138
-0.0787059
-0.0399895
-0.0151885
-0.0190385
-0.0449870
-0.0718879
-0.0828557
-0.0779902
-0.0704740
-0.0722360
-0.0833677
-0.0933204
-0.0910715
-0.0755746
-0.0582118
-0.0541835
-0.0687176
-0.0906163
-0.1009816
-0.0903651
-0.0679180
-0.0530895
-0.0576301
-0.0754012
-0.0897890
-0.0908333
-0.0842483
-0.0832831
-0.0932987
-0.1068503
-0.1142522
-0.1161275
-0.1225591
-0.1398938
-0.1609074
-0.1702874
-0.1603588
-0.1404620
-0.1294451
-0.1382722
-0.1604391
-0.1796506
-0.1856217
-0.1810636
-0.1744620
-0.1692638
-0.1616859
-0.1471483
-0.1259741
-0.1024370
-0.0804660
-0.0621406
-0.0494976
-0.0451720
-0.0503321
-0.0640667
-0.0856601
-0.1116412
-0.1207161
-0.0596088
0.1416392
0.5159612
1.0043125
1.4578832
1.7160794
1.7079944
1.4949227
1.2181532
0.9978370
0.8665223
0.7811475
0.6844381
0.5534364
0.4026571
0.2588132
0.1404517
0.0548111
0.0014491
-0.0275133
-0.0475348
-0.0750024
-0.1156932
-0.1592154
-0.1871561
-0.1896810
-0.1757272
-0.1664549
-0.1770013
-0.2028766
-0.2233241
-0.2186769
-0.1865466
-0.1430952
-0.1090217
-0.0934281
-0.0899292
-0.0867962
-0.0793638
-0.0725520
-0.0732564
-0.0823006
-0.0939616
-0.1022802
-0.1072299
-0.1145433
-0.1288880
-0.1468736
-0.1579279
-0.1538795
-0.1379762
-0.1228792
-0.1183306
-0.1211966
-0.1192509
-0.1053238
-0.0859908
-0.0738419
-0.0712318
-0.0651359
-0.0413759
-0.0030004
0.0295717
0.0389227
0.0293344
0.0225650
0.0351913
0.0623766
0.0850595
0.0915163
0.0893631
0.0957121
0.1174651
0.1437261
0.1577795
0.1542953
0.1429707
0.1361683
0.1352665
0.1300425
0.1105060
0.0782814
0.0461561
0.0264617
0.0197577
0.0150202
0.0013025
-0.0206658
-0.0386226
-0.0408561
-0.0287283
-0.0173049
-0.0223459
-0.0448066
-0.0678395
-0.0710657
-0.0501182
-0.0224627
-0.0124233
-0.0288308
-0.0568024
-0.0718663
-0.0629067
-0.0417371
-0.0302346
-0.0383220
-0.0552915
-0.0628617
-0.0551753
-0.0438403
-0.0432072
-0.0532115
-0.0594967
-0.0509207
-0.0347876
-0.0316612
-0.0532246
-0.0861119
-0.1006968
-0.0784901
-0.0309269
0.0104345
0.0228970
0.0112864
-0.0018119
-0.0019540
0.0035948
-0.0019063
-0.0221303
-0.0411909
-0.0405504
-0.0195662
0.0039728
0.0132173
0.0085000
0.0025220
0.0024175
0.0012954
-0.0112670
-0.0336557
-0.0510057
-0.0503869
-0.0353792
-0.0237661
-0.0308274
-0.0559714
-0.0857524
-0.1082057
-0.1226795
-0.1364527
-0.1540799
-0.1712728
-0.1785055
-0.1697276
-0.1478287
-0.1222946
-0.1015643
-0.0871531
-0.0747825
-0.0609041
-0.0476176
-0.0405557
-0.0415678
-0.0440552
-0.0373722
-0.0178688
0.0043316
0.0119382
-0.0034639
-0.0315735
-0.0513314
-0.0503653
-0.0366133
-0.0298590
-0.0415638
-0.0638820
-0.0792936
-0.0802213
-0.0769445
-0.0849992
-0.1065569
-0.1273526
-0.1325919
-0.1228834
-0.1114207
-0.1062922
-0.0997369
-0.0779374
-0.0402758
-0.0049282
0.0072878
-0.0063221
-0.0282166
-0.0395896
-0.0388623
-0.0392253
-0.0496963
-0.0630908
-0.0649333
-0.0517402
-0.0361963
-0.0328695
-0.0414565
-0.0475713
-0.0403794
-0.0262363
-0.0218901
-0.0351734
-0.0565162
-0.0717542
-0.0804011
-0.0960687
-0.1272358
-0.1615760
-0.1747091
-0.1559070
-0.1218049
-0.1007441
-0.1033917
-0.1121835
-0.1021785
-0.0705362
-0.0415290
-0.0412063
-0.0695745
-0.1002984
-0.1073357
-0.0898398
-0.0706228
-0.0720522
-0.0947270
-0.1185912
-0.1227509
-0.1037940
-0.0767538
-0.0604806
-0.0622513
-0.0746691
-0.0854474
-0.0894352
-0.0914368
-0.0981817
-0.1090220
-0.1160038
-0.1129554
-0.1024435
-0.0922157
-0.0860208
-0.0804645
-0.0711477
-0.0592726
-0.0501717
-0.0465030
-0.0453994
-0.0427030
-0.0383892
-0.0374709
-0.0471027
-0.0716466
-0.1030497
-0.1073872
-0.0229299
0.2104735
0.5966898
1.0472998
1.4109864
1.5628288
1.4863306
1.2777583
1.0688803
0.9358452
0.8673780
0.8042302
0.7004816
0.5530841
0.3895202
0.2408388
0.1259780
0.0500262
0.0070352
-0.0160898
-0.0325297
-0.0482301
-0.0617107
-0.0714512
-0.0813114
-0.0965846
-0.1159853
-0.1310399
-0.1351670
-0.1318511
-0.1314690
-0.1397092
-0.1508362
-0.1538424
-0.1449680
-0.1329498
-0.1311954
-0.1446009
-0.1638041
-0.1724467
-0.1613599
-0.1374761
-0.1191557
-0.1208990
-0.1405820
-0.1615795
-0.1686287
-0.1619376
-0.1546749
-0.1561714
-0.1592779
-0.1467344
-0.1105365
-0.0629939
-0.0265056
-0.0125932
-0.0127514
-0.0101130
0.0024394
0.0179769
0.0277169
0.0332636
0.0441972
0.0650626
0.0881523
0.1007545
0.0985073
0.0901852
0.0893552
0.1021007
0.1227184
0.1400486
0.1470462
0.1448007
0.1386788
0.1313666
0.1197345
0.0987123
0.0686110
0.0380652
0.0180935
0.0121275
0.0126009
0.0087972
-0.0018454
-0.0114655
-0.0113104
-0.0023550
0.0050241
0.0017858
-0.0107754
-0.0232162
-0.0278196
-0.0251509
-0.0218434
-0.0240851
-0.0334998
-0.0467541
-0.0568459
-0.0562350
-0.0428803
-0.0252741
-0.0189421
-0.0336201
-0.0624697
-0.0863862
-0.0917732
-0.0840688
-0.0816652
-0.0954527
-0.1156480
-0.1205312
-0.0982632
-0.0590652
-0.0257765
-0.0134800
-0.0186584
-0.0264982
-0.0264193
-0.0201009
-0.0163680
-0.0204116
-0.0283224
-0.0311033
-0.0234496
-0.0091043
0.0019839
0.0024436
-0.0055081
-0.0117962
-0.0083213
0.0022552
0.0082866
0.0008273
-0.0165254
-0.0306395
-0.0323595
-0.0264405
-0.0272648
-0.0448243
-0.0753328
-0.1049547
-0.1212826
-0.1210872
-0.1093504
-0.0937971
-0.0806517
-0.0726588
-0.0680699
-0.0615897
-0.0489690
-0.0324455
-0.0206418
-0.0210460
-0.0322059
-0.0447028
-0.0507126
-0.0517776
-0.0559359
-0.0674378
-0.0808743
