-0.1943651
-0.1837317
-0.1698346
-0.1657062
-0.1747350
-0.1869281
-0.1912289
-0.1877376
-0.1853393
-0.1893733
-0.1950538
-0.1934210
-0.1815476
-0.1657010
-0.1554637
-0.1554485
-0.1615566
-0.1640938
-0.1555225
-0.1372804
-0.1193987
-0.1118605
-0.1154437
-0.1220239
-0.1243997
-0.1238939
-0.1261131
-0.1305722
-0.1287790
-0.1145889
-0.0933586
-0.0766065
-0.0681243
-0.0602759
-0.0466147
-0.0341927
-0.0372471
-0.0579902
-0.0791745
-0.0803166
-0.0594060
-0.0334885
-0.0171951
-0.0061615
0.0137505
0.0436300
0.0653470
0.0616429
0.0382740
0.0198957
0.0229592
0.0374524
0.0394545
0.0198909
-0.0043247
-0.0096273
0.0071627
0.0251872
0.0227365
0.0004653
-0.0206413
-0.0224576
-0.0076379
0.0056577
0.0036271
-0.0110004
-0.0250146
-0.0291794
-0.0251508
-0.0201488
-0.0177229
-0.0145647
-0.0053388
0.0101851
0.0248979
0.0298882
0.0234902
0.0146502
0.0150231
0.0262577
0.0370138
0.0351650
0.0210499
0.0031387
-0.0196750
-0.0605084
-0.1152729
-0.1307543
-0.0217439
0.2540310
0.6278423
0.9392004
1.0452644
0.9267757
0.6909979
0.4718776
0.3273137
0.2255958
0.1126707
-0.0247544
-0.1598277
-0.2672814
-0.3467425
-0.4081546
-0.4517982
-0.4724837
-0.4751819
-0.4727894
-0.4668798
-0.4414981
-0.3838994
-0.3068099
-0.2407663
-0.2031641
-0.1821361
-0.1552916
-0.1189191
-0.0908022
-0.0849674
-0.0926214
-0.0937468
-0.0828170
-0.0743647
-0.0818290
-0.0983731
-0.1049232
-0.0943762
-0.0801437
-0.0784197
-0.0877782
-0.0921844
-0.0823113
-0.0668174
-0.0595972
-0.0607554
-0.0564110
-0.0369959
-0.0098335
0.0098333
0.0170584
0.0216793
0.0351841
0.0580688
0.0824899
0.1036546
0.1238296
0.1458572
0.1679383
0.1874088
0.2063293
0.2289592
0.2542825
0.2753243
0.2874143
0.2937181
0.2994509
0.3028308
0.2966407
0.2793533
0.2597697
0.2467505
0.2369831
0.2186078
0.1878792
0.1569066
0.1403055
0.1363463
0.1272778
0.1003507
0.0644832
0.0417805
0.0433819
0.0576504
0.0632954
0.0509451
0.0292362
0.0118614
0.0030542
-0.0031328
-0.0126642
-0.0239526
-0.0299214
-0.0253746
-0.0123014
0.0001455
0.0007943
-0.0151722
-0.0398203
-0.0554631
-0.0484283
-0.0227774
0.0008914
0.0032735
-0.0159478
-0.0390572
-0.0488329
-0.0442810
-0.0372381
-0.0362573
-0.0381182
-0.0359112
-0.0310959
-0.0326460
-0.0442195
-0.0567735
-0.0576386
-0.0458035
-0.0342917
-0.0358259
-0.0485531
-0.0586875
-0.0564250
-0.0459845
-0.0389474
-0.0407635
-0.0471104
-0.0524289
-0.0573652
-0.0651688
-0.0734747
-0.0744448
-0.0642430
-0.0491459
-0.0393774
-0.0381279
-0.0398294
-0.0393521
-0.0391946
-0.0449547
-0.0559113
-0.0643976
-0.0651928
-0.0618280
-0.0608168
-0.0619303
-0.0586946
-0.0491538
-0.0417729
-0.0466484
-0.0618775
-0.0727763
-0.0663849
-0.0446043
-0.0209342
-0.0057785
0.0019562
0.0089043
0.0169407
0.0218789
0.0209181
0.0174084
0.0165375
0.0182206
0.0167276
0.0075012
-0.0070322
-0.0189292
-0.0213328
-0.0135868
-0.0010105
0.0095703
0.0150315
0.0183647
0.0259142
0.0403163
0.0548095
0.0557627
0.0336606
-0.0067859
-0.0482068
-0.0739761
-0.0810948
-0.0800126
-0.0822564
-0.0893882
-0.0946328
-0.0939100
-0.0925051
-0.0991811
-0.1147189
-0.1289153
-0.1304446
-0.1188213
-0.1049485
-0.0997922
-0.1040888
-0.1100000
-0.1112943
-0.1094990
-0.1098203
-0.1135106
-0.1166997
-0.1162868
-0.1138184
-0.1100856
-0.0938170
-0.0355187
0.1043443
0.3522254
0.6933274
1.0570894
1.3351098
1.4330051
1.3280378
1.0881455
0.8299143
0.6428858
0.5398138
0.4711051
0.3836668
0.2669390
0.1488601
0.0578489
-0.0039083
-0.0522542
-0.0963009
-0.1293179
-0.1427578
-0.1419655
-0.1429389
-0.1549169
-0.1706178
-0.1756285
-0.1656104
-0.1518838
-0.1500429
-0.1646755
-0.1858568
-0.1993269
-0.1987605
-0.1888124
-0.1786221
-0.1739922
-0.1749660
-0.1784520
-0.1815027
-0.1825480
-0.1812166
-0.1781525
-0.1748095
-0.1725154
-0.1711711
-0.1689849
-0.1639280
-0.1558352
-0.1472322
-0.1418183
-0.1412961
-0.1429049
-0.1404713
-0.1295866
-0.1130360
-0.1002942
-0.0994946
-0.1089929
-0.1181789
-0.1180243
-0.1100932
-0.1033785
-0.1025557
-0.1021995
-0.0945064
-0.0807857
-0.0715276
-0.0742039
-0.0840552
-0.0895628
-0.0852409
-0.0751278
-0.0635186
-0.0471250
-0.0204806
0.0128692
0.0400169
0.0513857
0.0502631
0.0464972
0.0430005
0.0336013
0.0151056
-0.0036981
-0.0099872
-0.0025426
0.0058158
0.0033668
-0.0067530
-0.0119112
-0.0074150
-0.0031549
-0.0106908
-0.0274921
-0.0386515
-0.0339545
-0.0191387
-0.0083572
-0.0083773
-0.0136272
-0.0157296
-0.0134079
-0.0109572
-0.0102245
-0.0085198
-0.0042528
-0.0001910
0.0013840
0.0037525
0.0116337
0.0226185
0.0277607
0.0226870
0.0128085
0.0013116
-0.0243380
-0.0794845
-0.1440732
-0.1428512
0.0138007
0.3465646
0.7585290
1.0815289
1.1891903
1.0784584
0.8494203
0.6126223
0.4171736
0.2562804
0.1186576
0.0161610
-0.0362022
-0.0484986
-0.0500193
-0.0586756
-0.0681085
-0.0679403
-0.0661086
-0.0804876
-0.1111671
-0.1335298
-0.1257606
-0.0975734
-0.0824134
-0.1003352
-0.1357376
-0.1561498
-0.1484964
-0.1298843
-0.1231225
-0.1296383
-0.1322746
-0.1211594
-0.1082208
-0.1126556
-0.1367916
-0.1624450
-0.1712126
-0.1633709
-0.1538264
-0.1524258
-0.1533893
-0.1452642
-0.1273516
-0.1120696
-0.1110296
-0.1220071
-0.1316329
-0.1292647
-0.1154943
-0.0974151
-0.0793592
-0.0612574
-0.0444746
-0.0344674
-0.0347461
-0.0397860
-0.0374862
-0.0200136
0.0093035
0.0409025
0.0688335
0.0929193
0.1118218
0.1187757
0.1084328
0.0869638
0.0704507
0.0699941
0.0797463
0.0826825
0.0685370
0.0437762
0.0229643
0.0127657
0.0073810
-0.0009995
-0.0113910
-0.0163668
-0.0132705
-0.0088609
-0.0111976
-0.0194038
-0.0246093
-0.0210118
-0.0132455
-0.0109335
-0.0170989
-0.0245486
-0.0246898
-0.0182392
-0.0147387
-0.0209000
-0.0314558
-0.0340875
-0.0237243
-0.0097365
-0.0067996
-0.0190117
-0.0353323
-0.0418800
-0.0371157
-0.0324480
-0.0378761
-0.0498673
-0.0556760
-0.0484206
-0.0347473
-0.0268088
-0.0294501
-0.0377664
-0.0455222
-0.0516778
-0.0573799
-0.0604402
-0.0573767
-0.0506314
-0.0490358
-0.0577338
-0.0694869
-0.0704569
-0.0561812
-0.0388952
-0.0356536
-0.0495986
-0.0661442
-0.0690383
-0.0579345
-0.0475698
-0.0505362
-0.0641431
-0.0753861
-0.0761045
-0.0700863
-0.0658739
-0.0663749
-0.0677983
-0.0666737
-0.0641603
-0.0629079
-0.0628790
-0.0626625
-0.0630636
-0.0658808
-0.0690543
-0.0668240
-0.0573272
-0.0479191
-0.0488779
-0.0610669
-0.0729861
-0.0725630
-0.0605195
-0.0492793
-0.0487891
-0.0564800
-0.0627379
-0.0635810
-0.0641463
-0.0696391
-0.0765911
-0.0758842
-0.0634079
-0.0452541
-0.0319314
-0.0286612
-0.0314703
-0.0314551
-0.0224498
-0.0059695
0.0102134
0.0192123
0.0219446
0.0259948
0.0355544
0.0430354
0.0345793
0.0068434
-0.0237935
-0.0338352
-0.0165095
0.0099294
0.0208589
0.0108832
-0.0026717
-0.0011877
0.0155986
0.0342284
0.0469623
0.0585565
0.0718837
0.0741704
0.0464701
-0.0117989
-0.0741084
-0.1085287
-0.1078131
-0.0939753
-0.0922711
-0.1046600
-0.1122387
-0.1013280
-0.0810902
-0.0726143
-0.0839000
-0.1007322
-0.1034601
-0.0894345
-0.0753261
-0.0774614
-0.0931533
-0.1040106
-0.0969446
-0.0791270
-0.0706148
-0.0832577
-0.1088368
-0.1279852
-0.1276475
-0.1051601
-0.0528371
0.0578496
0.2667450
0.5873230
0.9706352
1.3091839
1.4898146
1.4614192
1.2660154
1.0085162
0.7887483
0.6471222
0.5600912
0.4790964
0.3750288
0.2540573
0.1410841
0.0537917
-0.0084397
-0.0559994
-0.0948603
-0.1222652
-0.1343799
-0.1349902
-0.1345721
-0.1409304
-0.1523491
-0.1609503
-0.1619650
-0.1582639
-0.1559771
-0.1576998
-0.1614088
-0.1647060
-0.1672834
-0.1684591
-0.1651372
-0.1556748
-0.1455072
-0.1447700
-0.1570439
-0.1719929
-0.1734511
-0.1563529
-0.1329692
-0.1199081
-0.1205827
-0.1238790
-0.1197680
-0.1115507
-0.1094281
-0.1147946
-0.1168966
-0.1069920
-0.0913040
-0.0845965
-0.0913798
-0.0989346
-0.0921898
-0.0724392
-0.0562448
-0.0555239
-0.0634230
-0.0631868
-0.0485120
-0.0301454
-0.0213141
-0.0209391
-0.0156891
0.0021611
0.0239748
0.0349612
0.0326879
0.0305193
0.0412913
0.0613269
0.0746322
0.0720494
0.0616988
0.0582382
0.0649928
0.0714546
0.0684991
0.0607137
0.0591513
0.0641125
0.0620456
0.0429986
0.0168667
0.0055097
0.0177310
0.0375607
0.0416575
0.0257527
0.0083084
0.0075496
0.0206755
0.0302234
0.0276819
0.0233607
0.0307079
0.0470084
0.0564576
0.0511350
0.0413099
0.0411375
0.0494145
0.0520122
0.0429777
0.0349869
0.0431643
0.0626092
0.0707339
0.0545589
0.0293140
0.0227890
0.0420913
0.0632762
0.0581710
0.0273475
-0.0001953
-0.0002487
0.0201641
0.0334692
0.0243623
0.0048427
-0.0039936
0.0021045
0.0088113
0.0044361
-0.0057021
-0.0097258
-0.0080338
-0.0132312
-0.0306053
-0.0465541
-0.0431551
-0.0219162
-0.0054976
-0.0130467
-0.0386328
-0.0590593
-0.0609050
-0.0535058
-0.0535191
-0.0625537
-0.0665265
-0.0561569
-0.0408595
-0.0377343
-0.0501341
-0.0635843
-0.0640382
-0.0548566
-0.0513398
-0.0607623
-0.0735271
-0.0757588
-0.0665938
-0.0588161
-0.0631305
-0.0758990
-0.0844169
-0.0819417
-0.0740896
-0.0703130
-0.0724144
-0.0740956
-0.0705806
-0.0652280
-0.0651697
-0.0722783
-0.0808187
-0.0839600
-0.0806423
-0.0750515
-0.0708587
-0.0683580
-0.0675475
-0.0712607
-0.0820393
-0.0958639
-0.1023989
-0.0945015
-0.0768303
-0.0621688
-0.0584529
-0.0617758
-0.0638607
-0.0640648
-0.0697569
-0.0840336
-0.0973514
-0.0961565
-0.0797545
-0.0640574
-0.0653180
-0.0819723
-0.0964116
-0.0948255
-0.0815020
-0.0716334
-0.0734057
-0.0815491
-0.0875313
-0.0903207
-0.0937538
-0.0968624
-0.0932174
-0.0815104
-0.0719418
-0.0766886
-0.0942320
-0.1080215
-0.1037698
-0.0858041
-0.0724094
-0.0751739
-0.0869331
-0.0921638
-0.0860687
-0.0786733
-0.0798303
-0.0850976
-0.0810892
-0.0640489
-0.0479238
-0.0501774
-0.0710642
-0.0914011
-0.0925997
-0.0761182
-0.0601631
-0.0587093
-0.0681808
-0.0760700
-0.0782421
-0.0822409
-0.0933906
-0.1033940
-0.0981601
-0.0762613
-0.0539903
-0.0483735
-0.0577519
-0.0645513
-0.0581189
-0.0493584
-0.0573472
-0.0827766
-0.1014781
-0.0891572
-0.0506964
-0.0193184
-0.0239325
-0.0597992
-0.0949315
-0.1043578
-0.0931502
-0.0838488
-0.0866934
-0.0898885
-0.0797396
-0.0622983
-0.0574009
-0.0726777
-0.0916724
-0.0925661
-0.0747222
-0.0595475
-0.0640705
-0.0800430
-0.0845702
-0.0686745
-0.0480878
-0.0436687
-0.0568086
-0.0696810
-0.0676235
-0.0547743
-0.0459661
-0.0485033
-0.0566008
-0.0613106
-0.0597476
-0.0531267
-0.0411673
-0.0237902
-0.0067703
0.0005658
-0.0039736
-0.0109406
-0.0099666
-0.0036073
-0.0051751
-0.0211238
-0.0400296
-0.0435548
-0.0270599
-0.0047120
0.0069523
0.0064728
0.0051342
0.0098127
0.0144384
0.0111520
0.0051457
0.0109248
0.0318428
0.0489362
0.0367408
-0.0090672
-0.0641134
-0.0981062
-0.1032259
-0.0970591
-0.0987799
-0.1075796
-0.1077520
-0.0919765
-0.0730581
-0.0698539
-0.0854538
-0.1044933
-0.1114639
-0.1060202
-0.0976898
-0.0908223
-0.0820181
-0.0722615
-0.0736539
-0.0975248
-0.1371321
-0.1669772
-0.1589640
-0.0933577
0.0475424
0.2846436
0.6215556
1.0086284
1.3368978
1.4903561
1.4239015
1.1971486
0.9294103
0.7153287
0.5748658
0.4717429
0.3676894
0.2559295
0.1522372
0.0686527
0.0033531
-0.0490438
-0.0876009
-0.1094086
-0.1187938
-0.1260367
-0.1369277
-0.1480590
-0.1542684
-0.1572783
-0.1630764
-0.1718247
-0.1754078
-0.1680487
-0.1568174
-0.1564604
-0.1721727
-0.1911644
-0.1952994
-0.1811282
-0.1632670
-0.1571472
-0.1626718
-0.1681809
-0.1674986
-0.1669141
-0.1737638
-0.1830843
-0.1810259
-0.1615012
-0.1352179
-0.1196145
-0.1215963
-0.1327370
-0.1402450
-0.1387535
-0.1305558
-0.1188298
-0.1053293
-0.0936433
-0.0894021
-0.0944198
-0.1028951
-0.1066384
-0.1039909
-0.1011854
-0.1038728
-0.1089142
-0.1067206
-0.0920963
-0.0712739
-0.0567496
-0.0551871
-0.0611938
-0.0627428
-0.0515268
-0.0281819
0.0000310
0.0239407
0.0351384
0.0274864
0.0002265
-0.0383126
-0.0717323
-0.0848599
-0.0761409
-0.0609286
-0.0590700
-0.0763493
-0.0984552
-0.1049131
-0.0891984
-0.0641176
-0.0474244
-0.0440734
-0.0446380
-0.0406945
-0.0380704
-0.0506573
-0.0804300
-0.1075985
-0.1055824
-0.0673201
-0.0147316
0.0200138
0.0228868
0.0076690
-0.0013492
0.0058047
0.0182000
0.0206795
0.0135714
0.0128370
0.0311354
0.0623442
0.0874189
0.0941699
0.0880524
0.0828520
0.0837359
0.0828588
0.0719399
0.0558504
0.0495274
0.0600644
0.0747390
0.0708081
0.0379024
-0.0114467
-0.0529787
-0.0662760
-0.0334190
0.0738323
0.2890266
0.6136981
0.9778689
1.2514648
1.3220670
1.1824772
0.9427318
0.7416990
0.6332851
0.5555355
0.4125087
0.1851486
-0.0412403
-0.1576427
-0.1342899
-0.0426069
0.0179314
0.0057855
-0.0479265
-0.0942889
-0.1181298
-0.1333916
-0.1455224
-0.1391464
-0.1062895
-0.0718757
-0.0754880
-0.1261885
-0.1856173
-0.2045122
-0.1743800
-0.1353652
-0.1300267
-0.1553344
-0.1678824
-0.1357371
-0.0766526
-0.0392768
-0.0498920
-0.0847667
-0.0969428
-0.0655875
-0.0139861
0.0203511
0.0270772
0.0290135
0.0479557
0.0720593
0.0646438
0.0062869
-0.0765245
-0.1289303
-0.1151016
-0.0489723
0.0204427
0.0533000
0.0499025
0.0408622
0.0505609
0.0738724
0.0890680
0.0885955
0.0902698
0.1155301
0.1603047
0.1934231
0.1871960
0.1479854
0.1119616
0.1081686
0.1286201
0.1392153
0.1189945
0.0822550
0.0591851
0.0602544
0.0666168
0.0549993
0.0254152
0.0003504
-0.0010012
0.0166903
0.0308280
0.0245258
0.0018512
-0.0192607
-0.0256180
-0.0191960
-0.0123056
-0.0152967
-0.0272537
-0.0359445
-0.0285562
-0.0060788
0.0140062
0.0138174
-0.0057438
-0.0260846
-0.0322348
-0.0281807
-0.0274321
-0.0324009
-0.0306908
-0.0140028
0.0052530
0.0040129
-0.0237489
-0.0564953
-0.0685291
-0.0600443
-0.0545023
-0.0657314
-0.0790652
-0.0728695
-0.0512133
-0.0426203
-0.0656453
-0.1055900
-0.1310228
-0.1286628
-0.1150385
-0.1134157
-0.1254472
-0.1316557
-0.1187997
-0.0983337
-0.0917704
-0.1028695
-0.1139148
-0.1092319
-0.0928101
-0.0793295
-0.0755787
-0.0762626
-0.0734266
-0.0648679
-0.0556488
-0.0541624
-0.0641825
-0.0793505
-0.0885606
-0.0869183
-0.0774891
-0.0644449
-0.0525105
-0.0519506
-0.0718001
-0.1041371
