-0.1049326
-0.0986161
-0.1122623
-0.1147939
-0.0952781
-0.0743153
-0.0704838
-0.0817117
-0.0975850
-0.1078391
-0.1006491
-0.0729065
-0.0419942
-0.0309721
-0.0434231
-0.0666081
-0.0940233
-0.1271012
-0.1575876
-0.1683405
-0.1560237
-0.1387046
-0.1342910
-0.1390883
-0.1330348
-0.1046083
-0.0700333
-0.0651671
-0.1090855
-0.1732458
-0.2008225
-0.1687131
-0.1202684
-0.1167242
-0.1521080
-0.1290693
0.0668616
0.4582967
0.9313312
1.2988232
1.4235151
1.3008030
1.0371162
0.7567688
0.5289088
0.3645897
0.2519112
0.1762367
0.1181467
0.0551549
-0.0234354
-0.1058868
-0.1670618
-0.1914125
-0.1890171
-0.1874024
-0.2046951
-0.2324024
-0.2483582
-0.2445068
-0.2357772
-0.2411585
-0.2616141
-0.2791156
-0.2750507
-0.2488665
-0.2200787
-0.2106850
-0.2235456
-0.2404682
-0.2443570
-0.2392428
-0.2425026
-0.2595590
-0.2743871
-0.2677207
-0.2398591
-0.2112929
-0.2013490
-0.2084578
-0.2128815
-0.1988049
-0.1713114
-0.1491561
-0.1432141
-0.1472816
-0.1494372
-0.1451526
-0.1361406
-0.1226094
-0.1028755
-0.0784305
-0.0544978
-0.0360827
-0.0263498
-0.0273054
-0.0374115
-0.0470502
-0.0399409
-0.0047187
0.0513000
0.1017968
0.1212191
0.1085490
0.0881593
0.0835129
0.0937311
0.1016152
0.1009622
0.1054113
0.1270514
0.1545622
0.1611678
0.1338058
0.0886233
0.0549864
0.0470309
0.0548662
0.0627863
0.0689277
0.0805967
0.0937212
0.0884684
0.0518862
-0.0001751
-0.0321291
-0.0214022
0.0206018
0.0604327
0.0734647
0.0634550
0.0544168
0.0650877
0.0917457
0.1154766
0.1236933
0.1209344
0.1183670
0.1173963
0.1085372
0.0868746
0.0647678
0.0638364
0.0904186
0.1201413
0.1137678
0.0551059
-0.0266232
-0.0764962
-0.0587996
0.0158430
0.1030839
0.1592364
0.1660096
0.1326778
0.0838161
0.0447564
0.0304634
0.0395633
0.0561860
0.0615558
0.0496839
0.0331002
0.0296938
0.0418637
0.0516382
0.0399832
0.0101084
-0.0119094
-0.0018449
0.0366568
0.0706493
0.0647058
0.0137313
-0.0489207
-0.0793953
-0.0640755
-0.0333374
-0.0322740
-0.0755993
-0.1312512
-0.1495389
-0.1101195
-0.0416378
0.0047236
0.0015207
-0.0340502
-0.0623161
-0.0593959
-0.0322992
-0.0023686
0.0177694
0.0297029
0.0389023
0.0453170
0.0439254
0.0308942
0.0077939
-0.0186421
-0.0395250
-0.0480961
-0.0448638
-0.0405537
-0.0505916
-0.0804352
-0.1148504
-0.1274814
-0.1070346
-0.0727707
-0.0578140
-0.0737655
-0.0946490
-0.0811870
-0.0237451
0.0407254
0.0594610
0.0152114
-0.0541040
-0.0901224
-0.0684622
-0.0160743
0.0240245
0.0376622
0.0434910
0.0562565
0.0574992
0.0119153
-0.0864715
-0.1903375
-0.2280235
-0.1614972
-0.0200245
0.1191944
0.1840544
0.1523869
0.0615508
-0.0186876
-0.0343426
0.0116622
0.0584234
0.0367852
-0.0658065
-0.1857886
-0.2343397
-0.1751571
-0.0562445
0.0331813
0.0373236
-0.0287742
-0.1043837
-0.1359745
-0.1090328
-0.0450936
0.0169354
0.0391037
0.0029708
-0.0740278
-0.1398795
-0.1339149
-0.0180829
0.2118073
0.5341515
0.9059976
1.2554812
1.4854051
1.5120429
1.3228782
1.0008367
0.6801048
0.4609092
0.3534200
0.2956388
0.2216052
0.1154917
0.0106178
-0.0527970
-0.0667921
-0.0601623
-0.0706445
-0.1121936
-0.1651703
-0.1953097
-0.1820899
-0.1321310
-0.0717955
-0.0320086
-0.0366683
-0.0928943
-0.1808507
-0.2548283
-0.2695362
-0.2198163
-0.1538035
-0.1330796
-0.1700346
-0.2106145
-0.1916208
-0.1161306
-0.0597605
-0.0931523
-0.2035662
-0.3028085
-0.3118576
-0.2298300
-0.1210413
-0.0487835
-0.0321225
-0.0569269
-0.1047333
-0.1579710
-0.1898941
-0.1738375
-0.1124488
-0.0469397
-0.0233988
-0.0487353
-0.0861836
-0.0939882
-0.0620307
-0.0109113
0.0337869
0.0580610
0.0574132
0.0333595
-0.0016640
-0.0238282
-0.0137905
0.0240515
0.0635963
0.0825842
0.0840079
0.0884278
0.1064021
0.1234531
0.1141603
0.0689151
0.0060082
-0.0405138
-0.0458666
-0.0146113
0.0183150
0.0107126
-0.0515949
-0.1359323
-0.1830259
-0.1551010
-0.0696985
0.0141080
0.0454260
0.0202006
-0.0253118
-0.0532902
-0.0533051
-0.0382737
-0.0233484
-0.0150040
-0.0143473
-0.0193847
-0.0214092
-0.0084939
0.0185038
0.0363314
0.0170672
-0.0376703
-0.0851308
-0.0753444
-0.0030164
0.0783165
0.1024669
0.0546102
-0.0139425
-0.0380293
-0.0036816
0.0422469
0.0452575
-0.0002050
-0.0495258
-0.0577546
-0.0234700
0.0173038
0.0330054
0.0247148
0.0143678
0.0152243
0.0215291
0.0232571
0.0201963
0.0170884
0.0117749
-0.0030658
-0.0264828
-0.0449992
-0.0466897
-0.0369238
-0.0345671
-0.0509108
-0.0756770
-0.0872016
-0.0755186
-0.0520081
-0.0358319
-0.0346778
-0.0417884
-0.0493580
-0.0593562
-0.0790025
-0.1083034
-0.1355681
-0.1462498
-0.1356416
-0.1126956
-0.0918211
-0.0812577
-0.0790687
-0.0790450
-0.0785206
-0.0794580
-0.0830263
-0.0854694
-0.0811645
-0.0701629
-0.0613798
-0.0657078
-0.0841433
-0.1038495
-0.1089435
-0.0963187
-0.0790586
-0.0728507
-0.0804497
-0.0913343
-0.0953313
-0.0931121
-0.0922161
-0.0960397
-0.1008574
-0.1034479
-0.1065119
-0.1122190
-0.1127526
-0.0945170
-0.0555395
-0.0145878
0.0033579
-0.0086639
-0.0338924
-0.0512155
-0.0557506
-0.0572714
-0.0627035
-0.0676377
-0.0661381
-0.0615244
-0.0604887
-0.0590169
-0.0436538
-0.0117174
0.0156829
0.0103004
-0.0320954
-0.0840998
-0.1146018
-0.1198893
-0.1208902
-0.1322041
-0.1439094
-0.1394841
-0.1253221
-0.1304556
-0.1714326
-0.2231042
-0.2348747
-0.1819944
-0.0987418
-0.0547279
-0.0934891
-0.1918177
-0.2775901
-0.2864059
-0.2024522
-0.0492040
0.1522867
0.4077626
0.7266134
1.0739345
1.3537689
1.4553832
1.3320528
1.0433016
0.7189302
0.4723253
0.3347305
0.2600682
0.1854038
0.0873969
-0.0112086
-0.0785057
-0.1098272
-0.1297598
-0.1650756
-0.2194468
-0.2724482
-0.2994369
-0.2924304
-0.2653959
-0.2422212
-0.2387734
-0.2532493
-0.2709597
-0.2780124
-0.2723441
-0.2638330
-0.2641266
-0.2749075
-0.2850224
-0.2800161
-0.2564062
-0.2274759
-0.2139349
-0.2265120
-0.2558032
-0.2793278
-0.2804709
-0.2621601
-0.2421913
-0.2353435
-0.2412846
-0.2499394
-0.2549284
-0.2570180
-0.2548523
-0.2392170
-0.2031448
-0.1569382
-0.1256466
-0.1250478
-0.1407151
-0.1371430
-0.0925879
-0.0241681
0.0253351
0.0272964
-0.0068460
-0.0388247
-0.0398758
-0.0131065
0.0163501
0.0282150
0.0232845
0.0170104
0.0214026
0.0342335
0.0439855
0.0429769
0.0348364
0.0300067
0.0350660
0.0464302
0.0534916
0.0473877
0.0276164
0.0018488
-0.0196264
-0.0301603
-0.0303526
-0.0279313
-0.0332161
-0.0508819
-0.0737685
-0.0869137
-0.0816172
-0.0661272
-0.0593419
-0.0718807
-0.0951695
-0.1118922
-0.1164145
-0.1209583
-0.1391887
-0.1658899
-0.1775248
-0.1552691
-0.1058547
-0.0570561
-0.0324647
-0.0321058
-0.0372788
-0.0315509
-0.0156131
-0.0037764
-0.0087272
-0.0293755
-0.0510929
-0.0570535
-0.0415674
-0.0149116
0.0045739
0.0048082
-0.0117516
-0.0331783
-0.0508305
-0.0660956
-0.0838500
-0.1008130
-0.1041289
-0.0843597
-0.0491275
-0.0206101
-0.0171589
-0.0372529
-0.0621259
-0.0740858
-0.0718783
-0.0676014
-0.0668499
-0.0488284
0.0351278
0.2374930
0.5745786
0.9943291
1.3790916
1.5955673
1.5708768
1.3430584
1.0400755
0.7936555
0.6533407
0.5718028
0.4701286
0.3184692
0.1571190
0.0463833
0.0039328
-0.0065990
-0.0322345
-0.0850904
-0.1405133
-0.1710965
-0.1735688
-0.1637421
-0.1550396
-0.1485441
-0.1404097
-0.1311290
-0.1253037
-0.1267724
-0.1374799
-0.1585566
-0.1875218
-0.2139841
-0.2233313
-0.2097303
-0.1850985
-0.1709071
-0.1783912
-0.1977445
-0.2080782
-0.1970647
-0.1699767
-0.1418806
-0.1246640
-0.1216514
-0.1302544
-0.1455560
-0.1617036
-0.1735722
-0.1795249
-0.1815840
-0.1809187
-0.1734158
-0.1521673
-0.1160458
-0.0748609
-0.0438485
-0.0320032
-0.0357571
-0.0432674
-0.0435888
-0.0324132
-0.0123544
0.0091925
0.0228966
0.0218922
0.0071002
-0.0105981
-0.0153021
0.0030613
0.0394849
0.0749353
0.0893269
0.0769754
0.0506821
0.0296173
0.0219444
0.0195654
0.0105425
-0.0048317
-0.0138100
-0.0085361
0.0000118
-0.0085545
-0.0390675
-0.0703163
-0.0749111
-0.0483597
-0.0125301
0.0111621
0.0252935
0.0465104
0.0753866
0.0879931
0.0651482
0.0240636
0.0070919
0.0328148
0.0666077
0.0524907
-0.0232914
-0.1090515
-0.1349278
-0.0806798
0.0090316
0.0738574
0.0921935
0.0835441
0.0686768
0.0445249
0.0028874
-0.0400407
-0.0508764
-0.0194890
0.0201298
0.0223654
-0.0170701
-0.0513216
-0.0320208
0.0360953
0.0985879
0.1096322
0.0785002
0.0518727
0.0558356
0.0688109
0.0571482
0.0253156
0.0121590
0.0340450
0.0507056
0.0095050
-0.0772937
-0.1245438
-0.0653993
0.0557443
0.1091677
0.0164665
-0.1499408
-0.2284795
-0.1370877
0.0361418
0.1266032
0.0696524
-0.0375473
-0.0549522
0.0406754
0.1357840
0.1134877
-0.0182378
-0.1432797
-0.1653803
-0.0967864
-0.0210890
0.0067819
0.0052826
0.0221735
0.0716667
0.1253722
0.1511183
0.1432475
0.1159439
0.0824619
0.0495675
0.0244298
0.0144248
0.0178644
0.0221431
0.0163597
0.0037870
-0.0022305
0.0050658
0.0160680
0.0132356
-0.0110429
-0.0451159
-0.0659939
-0.0571185
-0.0202800
0.0283047
0.0726402
0.1061222
0.1254475
0.1200512
0.0776696
0.0068227
-0.0526091
-0.0559631
0.0011601
0.0706412
0.0948563
0.0627415
0.0161502
-0.0002581
0.0145634
0.0285129
0.0235974
0.0148680
0.0181109
0.0160471
-0.0234780
-0.0969723
-0.1533947
-0.1467313
-0.0917822
-0.0495969
-0.0549595
-0.0750072
-0.0535021
0.0118184
0.0566132
0.0230932
-0.0662614
-0.1242491
-0.0892350
0.0119853
0.0974515
0.1163971
0.0899151
0.0687223
0.0687487
0.0620409
0.0247978
-0.0244763
-0.0446370
-0.0222555
0.0103585
0.0103845
-0.0292951
-0.0743286
-0.0858904
-0.0573907
-0.0149520
0.0115090
0.0130612
0.0016070
-0.0070615
-0.0065476
0.0006521
0.0117328
0.0286103
0.0536793
0.0815619
0.0982540
0.0926405
0.0700015
0.0501512
0.0473144
0.0524703
0.0419378
0.0078401
-0.0239699
-0.0152569
0.0415403
0.1072975
0.1315056
0.1045570
0.0682756
0.0698602
0.1093433
0.1396140
0.1179830
0.0495094
-0.0248957
-0.0741075
-0.0946866
-0.0782463
0.0237782
0.2766692
0.6863716
1.1493166
1.4951549
1.5985391
1.4627755
1.2027363
0.9500352
0.7690178
0.6462406
0.5382837
0.4183995
0.2861442
0.1527860
0.0310953
-0.0644909
-0.1214760
-0.1412517
-0.1440259
-0.1544190
-0.1799886
-0.2070077
-0.2187723
-0.2149270
-0.2101136
-0.2163642
-0.2321256
-0.2490644
-0.2634320
-0.2749037
-0.2767051
-0.2562399
-0.2117887
-0.1650513
-0.1481306
-0.1733903
-0.2189408
-0.2480527
-0.2428636
-0.2174501
-0.2003547
-0.2092841
-0.2422178
-0.2844167
-0.3164259
-0.3192780
-0.2849383
-0.2292086
-0.1878409
-0.1878591
-0.2196007
-0.2443180
-0.2342900
-0.2001385
-0.1721321
-0.1598839
-0.1438067
-0.1096582
-0.0773638
-0.0798138
-0.1155253
-0.1405025
-0.1182056
-0.0677484
-0.0446275
-0.0708693
-0.1002664
-0.0675834
0.0317847
0.1267593
0.1416727
0.0742146
-0.0060796
-0.0325282
-0.0030456
0.0340759
0.0429884
0.0354485
0.0439341
0.0727083
0.0871588
0.0526586
-0.0224600
-0.0879815
-0.0968769
-0.0492537
0.0077602
0.0237988
-0.0089569
-0.0509835
-0.0556583
-0.0155059
0.0306869
0.0367092
-0.0053029
-0.0576134
-0.0734738
-0.0389111
0.0203033
0.0670511
0.0829020
0.0725813
0.0487894
0.0210476
-0.0023595
-0.0118972
-0.0043526
0.0092584
0.0117305
-0.0003311
-0.0090876
0.0053171
0.0378568
0.0571261
0.0359997
-0.0170201
-0.0614973
-0.0627408
-0.0254906
0.0104415
0.0073610
-0.0370281
-0.0898153
-0.1124175
-0.0910435
-0.0442586
-0.0060168
-0.0002308
-0.0256031
-0.0599766
-0.0792736
-0.0755323
-0.0597851
-0.0491556
-0.0514873
-0.0610285
-0.0660323
-0.0587970
-0.0406591
-0.0217961
-0.0171588
-0.0373915
-0.0775350
-0.1148925
-0.1247090
-0.1029984
-0.0716023
-0.0557536
-0.0576608
-0.0587945
-0.0498247
-0.0488236
-0.0785030
-0.1269147
-0.1459805
-0.1020241
-0.0241598
0.0130260
-0.0354213
-0.1320717
-0.1896813
-0.1585241
-0.0750845
-0.0209446
-0.0394053
-0.0990851
-0.1354602
-0.1166866
-0.0647358
-0.0224187
-0.0127871
-0.0305960
-0.0600344
-0.0899292
-0.1147532
-0.1317082
-0.1415399
-0.1472949
-0.1474328
-0.1331511
-0.0985369
-0.0531552
-0.0184335
-0.0086945
-0.0201342
-0.0422561
-0.0746399
-0.1221732
-0.1725198
-0.1909728
-0.1520195
-0.0767555
-0.0258002
-0.0427780
-0.1055544
-0.1435996
-0.1099972
-0.0326478
0.0127222
-0.0186434
-0.0930866
-0.1321575
-0.0910189
-0.0005237
0.0668357
0.0679159
0.0243774
-0.0080688
0.0009900
0.0309406
0.0404124
0.0162814
-0.0132877
-0.0147942
0.0082306
0.0173759
-0.0135842
-0.0609900
-0.0715015
-0.0233391
0.0406413
0.0514411
-0.0134113
-0.1036643
-0.1480905
-0.1273018
-0.0866488
-0.0781543
-0.1020481
-0.1152498
-0.0919865
-0.0604398
-0.0707086
-0.1325849
-0.1967360
-0.2016921
-0.1353161
-0.0470346
-0.0028798
-0.0310070
-0.1039266
-0.1598491
-0.1347059
0.0153608
0.2988344
0.6758037
1.0573298
1.3328819
1.4216523
1.3167136
1.0878364
0.8374819
0.6409559
0.5133017
0.4221981
0.3290282
0.2213620
0.1134892
0.0227293
-0.0506440
-0.1197440
-0.1899247
-0.2452852
-0.2605920
-0.2294142
-0.1796161
-0.1565131
-0.1854454
-0.2484702
-0.2992101
-0.3035829
-0.2681728
-0.2299779
-0.2198049
-0.2366416
-0.2561633
-0.2598800
-0.2523384
-0.2506926
-0.2621096
-0.2752037
-0.2733137
-0.2532302
-0.2290450
-0.2183016
-0.2257746
-0.2408445
-0.2493994
-0.2470527
-0.2406613
-0.2380990
-0.2383439
-0.2328917
-0.2164788
-0.1942200
-0.1761916
-0.1654412
-0.1538734
-0.1315168
-0.0985587
-0.0660970
-0.0451507
-0.0368667
-0.0337156
-0.0275768
-0.0147915
0.0040167
0.0242823
0.0371061
0.0337813
0.0155068
-0.0033030
-0.0075721
0.0004789
0.0010788
-0.0195754
-0.0469935
-0.0471402
-0.0024399
0.0636638
0.1040377
0.0918359
0.0451401
0.0067997
0.0021686
0.0187733
0.0254045
0.0066318
-0.0231638
-0.0372711
-0.0254011
-0.0055591
-0.0085321
-0.0488970
-0.1083423
-0.1479765
-0.1414711
-0.0995262
-0.0604296
-0.0532171
-0.0697286
-0.0751738
-0.0461932
0.0051681
0.0469326
0.0618577
0.0602019
0.0584527
0.0542556
0.0306549
-0.0164039
-0.0638034
-0.0798920
-0.0543121
-0.0045241
0.0451331
0.0836003
0.1105975
0.1225668
0.1118535
0.0813903
0.0516615
0.0447416
0.0615202
0.0802480
