-0.1190244
-0.1252072
-0.1347612
-0.1392427
-0.1375259
-0.1359763
-0.1394955
-0.1439397
-0.1397410
-0.1237680
-0.1057880
-0.1006681
-0.1135060
-0.1338271
-0.1456669
-0.1428560
-0.1332750
-0.1286093
-0.1321275
-0.1378071
-0.1398309
-0.1397781
-0.1431643
-0.1507664
-0.1561378
-0.1523987
-0.1400051
-0.1266558
-0.1203174
-0.1236350
-0.1344051
-0.1485364
-0.1604968
-0.1627371
-0.1494058
-0.1236884
-0.0998261
-0.0934117
-0.1069800
-0.1262708
-0.1332406
-0.1234731
-0.1096379
-0.1074487
-0.1197797
-0.1358696
-0.1446328
-0.1455176
-0.1451662
-0.1462262
-0.1433745
-0.1311800
-0.1131559
-0.1003845
-0.1013804
-0.1149064
-0.1325910
-0.1463081
-0.1517311
-0.1469689
-0.1320284
-0.1116988
-0.0966501
-0.0972018
-0.1134109
-0.1323213
-0.1378310
-0.1252019
-0.1059611
-0.0977191
-0.1083344
-0.1292744
-0.1438001
-0.1416362
-0.1266604
-0.1116897
-0.1064837
-0.1103356
-0.1151316
-0.1145770
-0.1101543
-0.1085247
-0.1137576
-0.1224182
-0.1261561
-0.1189889
-0.1024053
-0.0841403
-0.0724000
-0.0704534
-0.0749882
-0.0785141
-0.0742538
-0.0609864
-0.0445074
-0.0336757
-0.0335542
-0.0418300
-0.0520593
-0.0599160
-0.0652909
-0.0686315
-0.0676674
-0.0601123
-0.0490538
-0.0423824
-0.0443640
-0.0488726
-0.0443137
-0.0268585
-0.0070853
-0.0011529
-0.0154382
-0.0415044
-0.0661364
-0.0838648
-0.0980771
-0.1120300
-0.1229056
-0.1261989
-0.1231841
-0.1203898
-0.1213572
-0.1219028
-0.1159042
-0.1046355
-0.0972988
-0.1010328
-0.1120445
-0.1187346
-0.1137044
-0.1013693
-0.0932178
-0.0965295
-0.1085954
-0.1209465
-0.1260971
-0.1165662
-0.0759983
0.0252867
0.2173985
0.5028603
0.8342245
1.1213738
1.2733069
1.2504725
1.0899885
0.8822941
0.7139103
0.6176648
0.5653785
0.5034226
0.3988532
0.2604058
0.1240989
0.0222739
-0.0368452
-0.0668760
-0.0866219
-0.1056400
-0.1217748
-0.1287312
-0.1254845
-0.1200734
-0.1247464
-0.1454710
-0.1744647
-0.1942976
-0.1925698
-0.1742133
-0.1580773
-0.1594789
-0.1759822
-0.1913792
-0.1934456
-0.1859144
-0.1819897
-0.1880583
-0.1970503
-0.1984395
-0.1915814
-0.1858530
-0.1882569
-0.1946065
-0.1949933
-0.1859310
-0.1739505
-0.1670354
-0.1652423
-0.1616805
-0.1515259
-0.1375447
-0.1261773
-0.1201346
-0.1166216
-0.1120939
-0.1065173
-0.1021745
-0.0997861
-0.0972664
-0.0917776
-0.0817964
-0.0675601
-0.0510577
-0.0358026
-0.0248650
-0.0178397
-0.0108135
-0.0011592
0.0079530
0.0103149
0.0054692
0.0030014
0.0148130
0.0421580
0.0725540
0.0915388
0.0963912
0.0960637
0.0985194
0.1020322
0.1006835
0.0949051
0.0916543
0.0938379
0.0941179
0.0829334
0.0613997
0.0422896
0.0367638
0.0424412
0.0468408
0.0413785
0.0290577
0.0182679
0.0124535
0.0084874
0.0034875
-0.0005177
0.0003193
0.0062008
0.0129887
0.0159858
0.0131675
0.0057492
-0.0023861
-0.0060108
-0.0019177
0.0073472
0.0145035
0.0146039
0.0108623
0.0110450
0.0175051
0.0237072
0.0230052
0.0184455
0.0192487
0.0274569
0.0332309
0.0262227
0.0068842
-0.0193434
-0.0548588
-0.1028747
-0.1386012
-0.0972280
0.0850864
0.3992464
0.7338962
0.9370304
0.9273605
0.7548007
0.5514470
0.4195251
0.3608955
0.3047952
0.1922203
0.0299536
-0.1280054
-0.2375577
-0.2980684
-0.3374776
-0.3762255
-0.4103157
-0.4241657
-0.4111702
-0.3782114
-0.3343134
-0.2817487
-0.2209568
-0.1606825
-0.1172662
-0.1006965
-0.1029428
-0.1039509
-0.0910501
-0.0708663
-0.0601042
-0.0657702
-0.0777553
-0.0815934
-0.0749956
-0.0682822
-0.0695803
-0.0740530
-0.0702905
-0.0554161
-0.0402957
-0.0386071
-0.0524017
-0.0700886
-0.0780817
-0.0726998
-0.0603478
-0.0478451
-0.0344540
-0.0135817
0.0184247
0.0554362
0.0837392
0.0926326
0.0847863
0.0760842
0.0831937
0.1096262
0.1439984
0.1721556
0.1900686
0.2041787
0.2208561
0.2389631
0.2541653
0.2674541
0.2844175
0.3048122
0.3172629
0.3095471
0.2840921
0.2584903
0.2477545
0.2486181
0.2449909
0.2276911
0.2040683
0.1868061
0.1778468
0.1682363
0.1523733
0.1360654
0.1273304
0.1235663
0.1142573
0.0964106
0.0807104
0.0779793
0.0834295
0.0812368
0.0651293
0.0478686
0.0459370
0.0585438
0.0682495
0.0626741
0.0494838
0.0457587
0.0559421
0.0667152
0.0645332
0.0522969
0.0439114
0.0454131
0.0485221
0.0442933
0.0366502
0.0364036
0.0442564
0.0473003
0.0354034
0.0162899
0.0084032
0.0189239
0.0340276
0.0341807
0.0166761
-0.0013349
-0.0024971
0.0119966
0.0256357
0.0257535
0.0152683
0.0057501
0.0036073
0.0060909
0.0084140
0.0103437
0.0147647
0.0223818
0.0299777
0.0332689
0.0301421
0.0216625
0.0117372
0.0059269
0.0080759
0.0158402
0.0206184
0.0150644
0.0016362
-0.0086761
-0.0079503
-0.0000268
0.0047319
0.0022400
-0.0012164
0.0016419
0.0091850
0.0135664
0.0118265
0.0099110
0.0138876
0.0203591
0.0198272
0.0095142
-0.0014214
-0.0022268
0.0063385
0.0133472
0.0118726
0.0072258
0.0085267
0.0153433
0.0176939
0.0097408
-0.0009330
-0.0014166
0.0101179
0.0199171
0.0127514
-0.0107713
-0.0333710
-0.0377550
-0.0223695
-0.0003196
0.0145426
0.0178402
0.0127821
0.0031389
-0.0088671
-0.0196923
-0.0240635
-0.0199921
-0.0129604
-0.0120144
-0.0199822
-0.0287935
-0.0270154
-0.0128184
0.0021704
0.0036033
-0.0111057
-0.0298108
-0.0369556
-0.0273357
-0.0092774
0.0041820
0.0063657
0.0002117
-0.0072581
-0.0117962
-0.0133586
-0.0131154
-0.0117014
-0.0105491
-0.0124352
-0.0185502
-0.0255577
-0.0276678
-0.0226557
-0.0148533
-0.0106771
-0.0111685
-0.0107733
-0.0050478
0.0017045
-0.0001859
-0.0134295
-0.0276493
-0.0290848
-0.0160306
-0.0012335
0.0022019
-0.0056486
-0.0145747
-0.0185895
-0.0223327
-0.0314669
-0.0407188
-0.0371150
-0.0162520
0.0089090
0.0195530
0.0103110
-0.0066360
-0.0168759
-0.0188592
-0.0210543
-0.0274678
-0.0316399
-0.0261234
-0.0137384
-0.0055103
-0.0080460
-0.0163323
-0.0205851
-0.0180943
-0.0152304
-0.0177574
-0.0226201
-0.0221009
-0.0147145
-0.0082330
-0.0104811
-0.0192864
-0.0240382
-0.0172291
-0.0029156
0.0070545
0.0046715
-0.0071045
-0.0185501
-0.0231383
-0.0221819
-0.0204441
-0.0197807
-0.0187203
-0.0168720
-0.0169425
-0.0214055
-0.0284652
-0.0328071
-0.0306903
-0.0238362
-0.0176901
-0.0156515
-0.0157278
-0.0138992
-0.0104005
-0.0105585
-0.0178985
-0.0276266
-0.0297459
-0.0200397
-0.0066528
-0.0032342
-0.0143487
-0.0291335
-0.0320032
-0.0201163
-0.0076012
-0.0101073
-0.0265925
-0.0398608
-0.0356725
-0.0181894
-0.0043890
-0.0052421
-0.0157039
-0.0232300
-0.0226388
-0.0197011
-0.0210824
-0.0245803
-0.0219921
-0.0105528
0.0017550
0.0038728
-0.0066111
-0.0208025
-0.0270038
-0.0208531
-0.0076303
0.0039286
0.0094376
0.0108872
0.0116550
0.0110149
0.0056659
-0.0031244
-0.0071122
0.0005266
0.0145743
0.0195983
0.0058545
-0.0174128
-0.0284053
-0.0149657
0.0112894
0.0264969
0.0206489
0.0085153
0.0116732
0.0321555
0.0490253
0.0420039
0.0142379
-0.0115224
-0.0171142
-0.0054233
0.0069514
0.0090498
0.0045494
0.0033635
0.0088494
0.0155003
0.0168721
0.0121111
0.0045973
-0.0023004
-0.0060675
-0.0041404
0.0042550
0.0152678
0.0220643
0.0207107
0.0136210
0.0064930
0.0024637
-0.0000658
-0.0042710
-0.0105629
-0.0158865
-0.0168917
-0.0126931
-0.0039777
0.0093284
0.0273952
0.0471376
0.0615319
0.0644300
0.0565255
0.0458231
0.0413876
0.0459595
0.0543775
0.0593992
0.0589120
0.0564809
0.0547231
0.0504714
0.0391234
0.0231444
0.0128778
0.0170621
0.0339843
0.0537491
0.0683636
0.0772351
0.0823195
0.0805819
0.0648759
0.0334316
-0.0038980
-0.0319521
-0.0432752
-0.0431975
-0.0418968
-0.0438098
-0.0461110
-0.0452940
-0.0422775
-0.0410864
-0.0444128
-0.0508665
-0.0555721
-0.0536585
-0.0447637
-0.0346697
-0.0310853
-0.0364267
-0.0454325
-0.0517513
-0.0564616
-0.0651383
-0.0701535
-0.0355494
0.0910551
0.3377279
0.6708100
0.9988379
1.2211078
1.2835075
1.1999520
1.0308246
0.8432583
0.6824653
0.5642351
0.4810393
0.4122027
0.3356553
0.2407396
0.1358181
0.0426097
-0.0206235
-0.0527326
-0.0679293
-0.0817953
-0.0992648
-0.1144250
-0.1197769
-0.1153679
-0.1099087
-0.1132966
-0.1276105
-0.1453322
-0.1564456
-0.1569591
-0.1506461
-0.1438218
-0.1398241
-0.1385385
-0.1398635
-0.1456828
-0.1569305
-0.1690836
-0.1733359
-0.1649783
-0.1501377
-0.1413352
-0.1451064
-0.1555786
-0.1615683
-0.1588390
-0.1535228
-0.1535080
-0.1582794
-0.1590540
-0.1493025
-0.1336234
-0.1239709
-0.1264940
-0.1338355
-0.1321242
-0.1151799
-0.0908261
-0.0736874
-0.0725436
-0.0836745
-0.0947152
-0.0948748
-0.0828488
-0.0659061
-0.0517949
-0.0421370
-0.0335953
-0.0237371
-0.0137616
-0.0053379
0.0036137
0.0182011
0.0407106
0.0658647
0.0835827
0.0879153
0.0828603
0.0781569
0.0796920
0.0852668
0.0890656
0.0878945
0.0824803
0.0747665
0.0655115
0.0538016
0.0380410
0.0181582
-0.0022974
-0.0169329
-0.0209025
-0.0154726
-0.0081351
-0.0071822
-0.0149263
-0.0261018
-0.0337555
-0.0365280
-0.0385884
-0.0423724
-0.0442899
-0.0399676
-0.0320887
-0.0295070
-0.0375563
-0.0509403
-0.0576950
-0.0503731
-0.0333541
-0.0192973
-0.0181518
-0.0291973
-0.0433411
-0.0520910
-0.0533585
-0.0498014
-0.0446209
-0.0404083
-0.0400884
-0.0460410
-0.0573166
-0.0687057
-0.0741731
-0.0724682
-0.0690747
-0.0707066
-0.0770087
-0.0799917
-0.0742192
-0.0659310
-0.0678556
-0.0841308
-0.1040538
-0.1134842
-0.1103886
-0.1055345
-0.1079309
-0.1136827
-0.1126524
-0.1044613
-0.1020030
-0.1153340
-0.1355367
-0.1416861
-0.1256154
-0.1039858
-0.1007386
-0.1201823
-0.1431723
-0.1500076
-0.1415695
-0.1346097
-0.1394927
-0.1482360
-0.1461160
-0.1312634
-0.1178638
-0.1193002
-0.1322986
-0.1414261
-0.1376781
-0.1282430
-0.1269584
-0.1382905
-0.1528123
-0.1571273
-0.1468170
-0.1304328
-0.1216657
-0.1268836
-0.1396436
-0.1477740
-0.1457918
-0.1394657
-0.1382100
-0.1444708
-0.1517021
-0.1524149
-0.1470469
-0.1436891
-0.1486104
-0.1584358
-0.1639363
-0.1613640
-0.1568966
-0.1582341
-0.1645315
-0.1678989
-0.1639099
-0.1572319
-0.1559257
-0.1621911
-0.1703802
-0.1738374
-0.1723559
-0.1714559
-0.1739291
-0.1741220
-0.1637491
-0.1440279
-0.1292250
-0.1350816
-0.1627738
-0.1946548
-0.2068133
-0.1882920
-0.1507818
-0.1196718
-0.1132142
-0.1285252
-0.1473196
-0.1541837
-0.1482393
-0.1388920
-0.1341588
-0.1346107
-0.1362574
-0.1363839
-0.1358468
-0.1366145
-0.1384635
-0.1391585
-0.1373559
-0.1333891
-0.1267581
-0.1153579
-0.0994149
-0.0851122
-0.0819258
-0.0956149
-0.1236143
-0.1559858
-0.1806073
-0.1902069
-0.1873505
-0.1824253
-0.1848216
-0.1953278
-0.2070616
-0.2128344
-0.2108440
-0.2042568
-0.1970633
-0.1911679
-0.1870919
-0.1858658
-0.1878962
-0.1897350
-0.1855210
-0.1749142
-0.1675064
-0.1744418
-0.1950589
-0.2154930
-0.2205717
-0.2007544
-0.1425060
-0.0172495
0.2056691
0.5213043
0.8612990
1.1146036
1.1946553
1.1006285
0.9158677
0.7419893
0.6283950
0.5573039
0.4848748
0.3878503
0.2738970
0.1607642
0.0574135
-0.0339480
-0.1064084
-0.1486769
-0.1593524
-0.1553539
-0.1594743
-0.1791524
-0.2019273
-0.2127749
-0.2112264
-0.2085107
-0.2117021
-0.2161277
-0.2136929
-0.2049292
-0.2000160
-0.2077160
-0.2246277
-0.2372050
-0.2351590
-0.2214451
-0.2076916
-0.2014403
-0.2004505
-0.1986742
-0.1943987
-0.1912387
-0.1926692
-0.1967898
-0.1968362
-0.1879598
-0.1738882
-0.1645802
-0.1652862
-0.1698601
-0.1678603
-0.1571495
-0.1458713
-0.1415001
-0.1410251
-0.1341773
-0.1157347
-0.0928102
-0.0784720
-0.0780235
-0.0835109
-0.0833988
-0.0754122
-0.0659929
-0.0583762
-0.0474676
-0.0290257
-0.0088520
0.0023863
0.0021380
-0.0005127
0.0049151
0.0188645
0.0319134
0.0356913
0.0320336
0.0299093
0.0339256
0.0388734
0.0370364
0.0277364
0.0163841
0.0063275
-0.0039138
-0.0159827
-0.0288043
-0.0412720
-0.0542608
-0.0681750
-0.0805768
-0.0880750
-0.0899218
-0.0885410
-0.0859679
-0.0800024
-0.0658602
-0.0441418
-0.0258489
-0.0243003
-0.0398617
-0.0567495
-0.0587947
-0.0462773
-0.0336184
-0.0317550
-0.0366710
-0.0359521
-0.0240483
-0.0088405
-0.0026538
-0.0081485
-0.0160993
-0.0182914
-0.0185060
-0.0258125
-0.0391218
-0.0456489
-0.0368398
-0.0204979
-0.0130707
-0.0221714
-0.0398997
-0.0525243
-0.0541845
-0.0503041
-0.0485653
-0.0488252
-0.0445145
-0.0334267
-0.0227705
-0.0215685
-0.0320889
-0.0515280
-0.0758364
-0.0921209
-0.0661107
0.0530518
0.3017668
0.6634916
1.0548455
1.3562100
1.4757850
1.4048747
1.2199583
1.0266986
0.8901375
0.8045940
0.7191954
0.5905852
0.4194639
0.2458373
0.1125684
0.0328392
-0.0100256
-0.0377352
-0.0585088
-0.0707057
-0.0748971
-0.0766269
-0.0806364
-0.0872754
-0.0947677
-0.1030902
-0.1146239
-0.1300549
-0.1439132
-0.1476026
-0.1392625
-0.1273682
-0.1207427
-0.1179529
-0.1118140
-0.1024688
-0.0994324
-0.1094309
-0.1266807
-0.1376304
-0.1340967
-0.1211014
-0.1118489
-0.1139521
-0.1210501
-0.1208454
-0.1110033
-0.1019763
-0.1025962
-0.1086592
-0.1095358
-0.1015488
-0.0901787
-0.0819491
-0.0785938
-0.0779638
-0.0774233
-0.0762074
-0.0748098
-0.0712940
-0.0602334
-0.0390995
-0.0143907
0.0037560
0.0129749
0.0196835
0.0286927
0.0374273
0.0417747
0.0429266
0.0463682
0.0565026
0.0723940
0.0867524
0.0908197
0.0831887
0.0714228
0.0617653
0.0510516
0.0338582
0.0142044
0.0035216
0.0079850
0.0226012
0.0366854
0.0417287
0.0362906
0.0270546
0.0231263
0.0265667
0.0311635
0.0321270
0.0323992
0.0368230
0.0448228
0.0517993
0.0537994
0.0493512
0.0415374
0.0386156
0.0457514
0.0553482
0.0539506
0.0410574
0.0324176
0.0403721
0.0577818
0.0661643
0.0556007
0.0339818
0.0196964
0.0252283
0.0444727
0.0580415
0.0547828
0.0436039
0.0388284
0.0410165
0.0414839
0.0391628
0.0404682
0.0457487
0.0479915
0.0439211
0.0367406
0.0293464
0.0230197
0.0204599
0.0227938
0.0264340
0.0283964
0.0301516
0.0322211
0.0322426
0.0319111
0.0357759
0.0396012
0.0332771
0.0203941
0.0189609
0.0345503
0.0488476
0.0450486
0.0297156
0.0190853
0.0178121
0.0210354
0.0243262
0.0238647
0.0195598
0.0214864
0.0377673
0.0562678
0.0586700
0.0503288
0.0497805
0.0520424
0.0367313
0.0116495
0.0067505
0.0212859
0.0242739
0.0154101
0.0296615
0.0626127
0.0523111
-0.0290999
