-0.1243155
-0.1615458
-0.1627483
-0.1365991
-0.1160583
-0.1241672
-0.1479158
-0.1558474
-0.1393120
-0.1239911
-0.1363301
-0.1680027
-0.1832672
-0.1603190
-0.1179158
-0.0971093
-0.1186477
-0.1624103
-0.1901037
-0.1847785
-0.1635188
-0.1527171
-0.1589633
-0.1693832
-0.1747145
-0.1810076
-0.1955462
-0.2094017
-0.2032963
-0.1715275
-0.1332940
-0.1144074
-0.1188784
-0.1247102
-0.1110391
-0.0849236
-0.0740367
-0.0923285
-0.1201969
-0.1243002
-0.0941486
-0.0528415
-0.0310781
-0.0358639
-0.0478798
-0.0457173
-0.0264345
-0.0016156
0.0202097
0.0403193
0.0599195
0.0716033
0.0668490
0.0496087
0.0355510
0.0357187
0.0453825
0.0524665
0.0537191
0.0567600
0.0656291
0.0701986
0.0557898
0.0232918
-0.0053472
-0.0060957
0.0227935
0.0580592
0.0739050
0.0654995
0.0495332
0.0440352
0.0502969
0.0539501
0.0412713
0.0141107
-0.0093023
-0.0081523
0.0230748
0.0671657
0.0952608
0.0893732
0.0573751
0.0261420
0.0185115
0.0359181
0.0626333
0.0841698
0.0978042
0.1053440
0.1023520
0.0823014
0.0517370
0.0335740
0.0479489
0.0896505
0.1291786
0.1387043
0.1158664
0.0816793
0.0583269
0.0521928
0.0562674
0.0618977
0.0634725
0.0552898
0.0324910
-0.0006745
-0.0278125
-0.0324718
-0.0149689
0.0063067
0.0128016
0.0034615
-0.0072650
-0.0071529
0.0016659
0.0084745
0.0077064
0.0032872
0.0008683
0.0008443
0.0011535
0.0028516
0.0075871
0.0104879
0.0023909
-0.0167192
-0.0308352
-0.0222345
0.0056683
0.0260153
0.0153293
-0.0183911
-0.0407308
-0.0274593
0.0072564
0.0245247
0.0030380
-0.0366173
-0.0525563
-0.0238719
0.0309435
0.0757395
0.0912164
0.0863066
0.0809331
0.0841726
0.0896799
0.0868299
0.0716880
0.0483188
0.0238635
0.0042711
-0.0075023
-0.0120921
-0.0126388
-0.0112665
-0.0060708
0.0071859
0.0296951
0.0565662
0.0792909
0.0902282
0.0850102
0.0636981
0.0323571
0.0018455
-0.0195098
-0.0336963
-0.0502910
-0.0729164
-0.0906288
-0.0880395
-0.0651919
-0.0423146
-0.0398006
-0.0550768
-0.0652196
-0.0542573
-0.0329478
-0.0271621
-0.0491780
-0.0846589
-0.1039963
-0.0757006
0.0341967
0.2601683
0.6096287
1.0246859
1.3820898
1.5559942
1.5017555
1.2859627
1.0326751
0.8343672
0.7046297
0.6015826
0.4835809
0.3421141
0.1953256
0.0657189
-0.0326903
-0.0954525
-0.1266739
-0.1382053
-0.1443972
-0.1536775
-0.1654872
-0.1760471
-0.1851761
-0.1954217
-0.2059789
-0.2114043
-0.2081104
-0.2000070
-0.1951721
-0.1975423
-0.2041864
-0.2106737
-0.2161921
-0.2216748
-0.2251029
-0.2222259
-0.2126771
-0.2030673
-0.2018669
-0.2111023
-0.2237276
-0.2290235
-0.2204603
-0.1997780
-0.1758154
-0.1599189
-0.1598970
-0.1750740
-0.1964023
-0.2131945
-0.2212443
-0.2240487
-0.2258261
-0.2250001
-0.2165085
-0.1998599
-0.1819289
-0.1699862
-0.1632848
-0.1539476
-0.1366306
-0.1156654
-0.1013247
-0.0994708
-0.1058490
-0.1101949
-0.1045559
-0.0874540
-0.0621734
-0.0337661
-0.0081689
0.0081601
0.0107554
0.0008036
-0.0138245
-0.0222085
-0.0167975
0.0014859
0.0228594
0.0337923
0.0251693
-0.0012339
-0.0324161
-0.0511008
-0.0464286
-0.0217179
0.0064704
0.0185599
0.0055167
-0.0235928
-0.0465222
-0.0435089
-0.0132168
0.0239772
0.0402622
0.0225345
-0.0161048
-0.0465362
-0.0472129
-0.0200138
0.0152392
0.0401365
0.0507765
0.0534752
0.0520409
0.0437100
0.0280222
0.0151612
0.0199331
0.0457174
0.0770544
0.0914882
0.0796353
0.0528219
0.0311634
0.0254741
0.0309340
0.0359882
0.0344884
0.0288365
0.0239834
0.0211913
0.0178389
0.0112717
0.0013027
-0.0105494
-0.0228834
-0.0349662
-0.0458628
-0.0533696
-0.0542486
-0.0467397
-0.0340660
-0.0247533
-0.0267408
-0.0391453
-0.0509626
-0.0508470
-0.0392001
-0.0284440
-0.0292529
-0.0380628
-0.0419617
-0.0364560
-0.0334148
-0.0460990
-0.0676107
-0.0716742
-0.0403371
0.0113866
0.0447955
0.0338610
-0.0103415
-0.0531817
-0.0711360
-0.0693011
-0.0671748
-0.0747791
-0.0863953
-0.0920953
-0.0870399
-0.0692733
-0.0374207
0.0020708
0.0288234
0.0196725
-0.0285929
-0.0904372
-0.1301445
-0.1298584
-0.0987659
-0.0583737
-0.0247231
-0.0049364
-0.0021603
-0.0143817
-0.0287100
-0.0262661
-0.0003116
0.0322515
0.0441234
0.0248430
-0.0083978
-0.0294202
-0.0295820
-0.0218724
-0.0203773
-0.0220883
-0.0126089
0.0136060
0.0444915
0.0625615
0.0613363
0.0465779
0.0243454
-0.0060130
-0.0449809
-0.0834301
-0.1058033
-0.1041975
-0.0868735
-0.0710693
-0.0682909
-0.0772855
-0.0890459
-0.0953956
-0.0929593
-0.0831264
-0.0719371
-0.0691203
-0.0830971
-0.1139581
-0.1505942
-0.1729526
-0.1531493
-0.0538409
0.1643903
0.5149483
0.9490992
1.3493402
1.5785610
1.5623334
1.3410364
1.0437665
0.8003337
0.6613885
0.5876915
0.5070756
0.3820112
0.2314212
0.0997258
0.0125195
-0.0392757
-0.0802252
-0.1228558
-0.1595998
-0.1769998
-0.1730604
-0.1600036
-0.1528563
-0.1577504
-0.1703892
-0.1825947
-0.1885801
-0.1870094
-0.1809309
-0.1771034
-0.1825842
-0.1980658
-0.2137857
-0.2150697
-0.1956335
-0.1663747
-0.1488981
-0.1575135
-0.1863561
-0.2147426
-0.2261066
-0.2220232
-0.2177565
-0.2245519
-0.2370374
-0.2383508
-0.2175044
-0.1816089
-0.1511538
-0.1431295
-0.1578190
-0.1805363
-0.1949717
-0.1948813
-0.1845917
-0.1709511
-0.1568685
-0.1425010
-0.1302006
-0.1250061
-0.1284906
-0.1331987
-0.1264065
-0.1022835
-0.0704775
-0.0500306
-0.0519381
-0.0671608
-0.0735195
-0.0560394
-0.0206123
0.0127247
0.0290308
0.0295113
0.0243019
0.0184624
0.0091861
-0.0039705
-0.0119933
-0.0045864
0.0155756
0.0320841
0.0313192
0.0174155
0.0071337
0.0104173
0.0202144
0.0233272
0.0174736
0.0126394
0.0162025
0.0228388
0.0231916
0.0190618
0.0230231
0.0411186
0.0614271
0.0656589
0.0512657
0.0362905
0.0394739
0.0591995
0.0770489
0.0813495
0.0808767
0.0909034
0.1089241
0.1119897
0.0823147
0.0323295
-0.0019022
0.0053681
0.0444686
0.0810650
0.0900085
0.0752920
0.0574744
0.0475764
0.0389055
0.0230011
0.0057914
0.0019560
0.0151684
0.0306513
0.0306613
0.0141356
-0.0032916
-0.0076598
-0.0001621
0.0088117
0.0135892
0.0155444
0.0134995
0.0000921
-0.0269591
-0.0536368
-0.0578409
-0.0323816
0.0038843
0.0227259
0.0144809
-0.0035744
-0.0071678
0.0097011
0.0310233
0.0373782
0.0244566
0.0036728
-0.0110498
-0.0142500
-0.0091445
-0.0015822
0.0043661
0.0067056
0.0040639
-0.0047398
-0.0189089
-0.0327968
-0.0361094
-0.0210650
0.0072231
0.0292716
0.0260649
-0.0010614
-0.0281337
-0.0311016
-0.0110853
0.0070890
0.0035445
-0.0133516
-0.0169425
0.0060068
0.0396613
0.0575305
0.0517303
0.0387199
0.0381469
0.0530414
0.0725756
0.0868367
0.0913896
0.0807255
0.0490399
0.0036760
-0.0294043
-0.0254611
0.0109490
0.0457668
0.0506205
0.0356275
0.0388232
0.0800783
0.1316342
0.1418405
0.0887779
0.0054922
-0.0507791
-0.0522769
-0.0217715
-0.0034844
-0.0190236
-0.0534280
-0.0785708
-0.0821859
-0.0721996
-0.0596632
-0.0466420
-0.0327746
-0.0259512
-0.0368926
-0.0620760
-0.0808043
-0.0775832
-0.0642405
-0.0661646
-0.0761316
-0.0270714
0.1700928
0.5423413
1.0011149
1.3791780
1.5354589
1.4418342
1.1848635
0.8934969
0.6599870
0.5084676
0.4129920
0.3330455
0.2403544
0.1305874
0.0213798
-0.0621282
-0.1069865
-0.1221042
-0.1287405
-0.1416697
-0.1604997
-0.1776055
-0.1895036
-0.1974116
-0.2002375
-0.1941060
-0.1813333
-0.1748675
-0.1872449
-0.2143625
-0.2351514
-0.2314420
-0.2071775
-0.1847450
-0.1818900
-0.1948195
-0.2052626
-0.2016102
-0.1898707
-0.1842750
-0.1908789
-0.2028166
-0.2098618
-0.2091630
-0.2058107
-0.2053470
-0.2079430
-0.2093123
-0.2053866
-0.1957318
-0.1837845
-0.1745119
-0.1706594
-0.1697085
-0.1646832
-0.1498371
-0.1271850
-0.1072363
-0.1014224
-0.1115525
-0.1254846
-0.1239475
-0.0945835
-0.0429750
0.0084616
0.0346417
0.0257519
-0.0048741
-0.0302875
-0.0299664
-0.0037372
0.0318415
0.0597050
0.0749423
0.0830548
0.0886104
0.0880011
0.0737149
0.0444021
0.0093855
-0.0173602
-0.0282286
-0.0279104
-0.0284979
-0.0371123
-0.0465906
-0.0392945
-0.0039419
0.0483589
0.0865153
0.0833571
0.0414380
-0.0055061
-0.0203834
0.0054777
0.0478977
0.0762693
0.0819043
0.0788996
0.0805799
0.0823970
0.0726001
0.0563049
0.0596549
0.1025945
0.1675768
0.2023018
0.1622819
0.0560500
-0.0524289
-0.0921164
-0.0435716
0.0450777
0.1003552
0.0851741
0.0227502
-0.0368104
-0.0677424
-0.0796710
-0.0763166
-0.0134685
0.1832480
0.5436352
0.9940547
1.3832966
1.5812568
1.5645814
1.4152314
1.2415668
1.0985586
0.9710034
0.8165186
0.6170475
0.3961647
0.1992437
0.0610153
-0.0144882
-0.0508895
-0.0787421
-0.1142841
-0.1545649
-0.1899086
-0.2169396
-0.2373522
-0.2484933
-0.2436186
-0.2242000
-0.2051785
-0.2005139
-0.2057810
-0.2039811
-0.1904816
-0.1822885
-0.1937051
-0.2088335
-0.1938933
-0.1426857
-0.0977413
-0.1109939
-0.1833767
-0.2567282
-0.2733525
-0.2359702
-0.1979647
-0.1973760
-0.2150864
-0.2054006
-0.1577345
-0.1129795
-0.1171564
-0.1705753
-0.2307186
-0.2587974
-0.2522762
-0.2322815
-0.2127435
-0.1924532
-0.1718057
-0.1619086
-0.1695665
-0.1809470
-0.1724737
-0.1403394
-0.1104297
-0.1109768
-0.1378577
-0.1558756
-0.1378511
-0.0961117
-0.0678088
-0.0709220
-0.0844891
-0.0776266
-0.0511426
-0.0385237
-0.0631433
-0.1048622
-0.1202255
-0.0944873
-0.0617188
-0.0654612
-0.1048379
-0.1313461
-0.1032958
-0.0366718
0.0063683
-0.0195217
-0.0956234
-0.1562285
-0.1500840
-0.0839647
-0.0101610
0.0228687
0.0072808
-0.0288078
-0.0540517
-0.0601022
-0.0606886
-0.0716922
-0.0950217
-0.1195880
-0.1332260
-0.1310985
-0.1149178
-0.0895205
-0.0633710
-0.0494984
-0.0593975
-0.0920449
-0.1305524
-0.1538370
-0.1538287
-0.1408923
-0.1320857
-0.1348502
-0.1420665
-0.1411080
-0.1262870
-0.1037889
-0.0867923
-0.0854616
-0.0988134
-0.1150217
-0.1219711
-0.1198650
-0.1217864
-0.1382050
-0.1612778
-0.1697032
-0.1526761
-0.1256642
-0.1161794
-0.1332012
-0.1566045
-0.1609945
-0.1459077
-0.1350310
-0.1450311
-0.1630379
-0.1615480
-0.1327029
-0.0996082
-0.0909390
-0.1098795
-0.1337312
-0.1419769
-0.1377841
-0.1394170
-0.1554544
-0.1742108
-0.1774467
-0.1602739
-0.1355527
-0.1206640
-0.1218388
-0.1303658
-0.1322338
-0.1217240
-0.1069176
-0.1015769
-0.1103405
-0.1229410
-0.1261310
-0.1215113
-0.1262324
-0.1506197
-0.1774253
-0.1727639
-0.1242863
-0.0645738
-0.0463935
-0.0892740
-0.1544591
-0.1795218
-0.1394916
-0.0709795
-0.0349596
-0.0585402
-0.1147161
-0.1550140
-0.1558623
-0.1326927
-0.1155320
-0.1175761
-0.1273761
-0.1260873
-0.1084204
-0.0877498
-0.0830820
-0.1005857
-0.1259185
-0.1351526
-0.1165101
-0.0834883
-0.0650240
-0.0796465
-0.1181611
-0.1524890
-0.1615333
-0.1474024
-0.1273521
-0.1142077
-0.1081895
-0.1053143
-0.1063067
-0.1127365
-0.1184028
-0.1129698
-0.0974608
-0.0906779
-0.1124203
-0.1588553
-0.2000898
-0.2071323
-0.1796954
-0.1425023
-0.1142272
-0.0871589
-0.0437145
0.0101998
0.0388779
0.0108236
-0.0639382
-0.1380391
-0.1702379
-0.1598703
-0.1351143
-0.1130621
-0.0814294
-0.0223306
0.0541298
0.1096295
0.1121725
0.0660198
0.0059464
-0.0333052
-0.0391877
-0.0203340
0.0048899
0.0159510
-0.0034802
-0.0539321
-0.1125389
-0.1456781
-0.1379222
-0.1085475
-0.0933218
-0.1064551
-0.1234636
-0.1067231
-0.0491418
0.0112457
0.0247311
-0.0204549
-0.0835735
-0.1087062
-0.0772781
-0.0226180
0.0071830
-0.0026172
-0.0255600
-0.0316671
-0.0244019
-0.0327221
-0.0682830
-0.1010340
-0.0864850
-0.0168341
0.0623315
0.0913738
0.0516778
-0.0206048
-0.0735157
-0.0865935
-0.0760907
-0.0543806
0.0109873
0.1896813
0.5281755
0.9850902
1.4247377
1.6888816
1.6979924
1.4993997
1.2205261
0.9706795
0.7808735
0.6261995
0.4862272
0.3668577
0.2683103
0.1597397
0.0115666
-0.1489059
-0.2406064
-0.2089551
-0.0984533
-0.0246833
-0.0637745
-0.1784085
-0.2635618
-0.2594888
-0.2049893
-0.1786169
-0.2061568
-0.2426839
-0.2388641
-0.2016264
-0.1774898
-0.1889460
-0.2081692
-0.1972803
-0.1589451
-0.1332511
-0.1485453
-0.1893788
-0.2179578
-0.2179434
-0.2071687
-0.2097223
-0.2265517
-0.2387720
-0.2334799
-0.2171636
-0.2029725
-0.1922680
-0.1748784
-0.1460228
-0.1170431
-0.1059891
-0.1186769
-0.1411373
-0.1508979
-0.1350547
-0.0984261
-0.0568608
-0.0241738
-0.0038292
0.0103868
0.0277440
0.0533707
0.0847842
0.1144770
0.1373595
0.1568329
0.1820106
0.2163470
0.2493762
0.2638139
0.2539995
0.2348673
0.2269040
0.2308671
0.2237826
0.1874004
0.1394952
0.1270129
0.1796930
0.2721227
0.3401450
0.3394489
0.2848377
0.2280413
0.2004342
0.1853320
0.1480630
0.0847452
0.0316966
0.0261215
0.0648658
0.1071067
0.1151008
0.0874475
0.0533221
0.0404446
0.0521793
0.0716503
0.0809760
0.0747497
0.0602282
0.0503450
0.0561718
0.0801075
0.1113051
0.1288402
0.1155459
0.0744054
0.0317312
0.0191625
0.0462526
0.0883417
0.1045936
0.0737347
0.0154237
-0.0248421
-0.0157518
0.0316339
0.0742979
0.0759483
0.0367384
-0.0124657
-0.0416216
-0.0459891
-0.0425886
-0.0482103
-0.0639751
-0.0789756
-0.0837433
-0.0776655
-0.0658378
-0.0530760
-0.0424573
-0.0371748
-0.0402934
-0.0513191
-0.0640110
-0.0691465
-0.0604024
-0.0381708
-0.0085455
0.0205428
0.0424260
0.0529105
0.0510642
0.0401944
0.0270664
0.0179035
0.0139201
0.0113333
0.0063276
-0.0010570
-0.0091328
-0.0189824
-0.0327895
-0.0466527
-0.0497911
-0.0367929
-0.0196430
-0.0193122
-0.0400160
-0.0575681
-0.0436885
-0.0013874
0.0392877
0.0747128
0.1696145
0.4184634
0.8413289
1.3184931
1.6497927
1.7012412
1.5041898
1.2140481
0.9751545
0.8241615
0.7089178
0.5757907
0.4242895
0.2873487
0.1826952
0.0969565
0.0103724
-0.0765260
-0.1437411
-0.1723004
-0.1607762
-0.1271895
-0.0997087
-0.1009394
-0.1318873
-0.1688278
-0.1828919
-0.1693132
-0.1552750
-0.1722569
-0.2192111
-0.2585463
-0.2530918
-0.2051701
-0.1549395
-0.1404279
-0.1631064
-0.1932858
-0.2039130
-0.1942601
-0.1832157
-0.1870031
-0.2066244
-0.2318815
-0.2507737
-0.2549889
-0.2427355
-0.2209178
-0.2022476
-0.1950048
-0.1945859
-0.1888073
-0.1739037
-0.1623803
-0.1704172
-0.1973635
-0.2225748
-0.2264173
-0.2123200
-0.2025898
-0.2107803
-0.2232950
-0.2146301
