-0.0719442
-0.0829505
-0.0844804
-0.0915331
-0.1092602
-0.1314899
-0.1491981
-0.1589836
-0.1631731
-0.1644770
-0.1635062
-0.1610450
-0.1595221
-0.1603358
-0.1611828
-0.1584521
-0.1525016
-0.1488276
-0.1528913
-0.1643427
-0.1771079
-0.1848616
-0.1858989
-0.1832240
-0.1810729
-0.1815900
-0.1838889
-0.1854363
-0.1844643
-0.1815227
-0.1786312
-0.1766954
-0.1742758
-0.1698396
-0.1651266
-0.1646416
-0.1701811
-0.1761904
-0.1727355
-0.1549487
-0.1293362
-0.1090278
-0.1015177
-0.1013123
-0.0956045
-0.0774479
-0.0525693
-0.0324689
-0.0213534
-0.0115383
0.0072148
0.0349196
0.0602873
0.0735325
0.0787831
0.0912278
0.1210668
0.1615651
0.1941975
0.2050303
0.1951389
0.1763697
0.1603339
0.1529164
0.1558153
0.1674008
0.1800846
0.1813792
0.1636294
0.1337326
0.1090001
0.0998952
0.0983795
0.0871621
0.0609805
0.0350170
0.0291706
0.0454702
0.0648761
0.0674023
0.0524208
0.0366501
0.0341112
0.0422071
0.0480935
0.0443694
0.0345104
0.0245357
0.0149164
0.0034965
-0.0068667
-0.0089498
-0.0009330
0.0077413
0.0039925
-0.0150277
-0.0378880
-0.0501620
-0.0490719
-0.0457221
-0.0530125
-0.0725314
-0.0937439
-0.1050303
-0.1042942
-0.0987174
-0.0954134
-0.0939487
-0.0886939
-0.0773740
-0.0649748
-0.0579248
-0.0559186
-0.0525276
-0.0449346
-0.0403749
-0.0491138
-0.0702775
-0.0878090
-0.0841707
-0.0587822
-0.0309901
-0.0232909
-0.0417726
-0.0729179
-0.0975238
-0.1058157
-0.1005999
-0.0903166
-0.0818190
-0.0778379
-0.0774301
-0.0777081
-0.0771412
-0.0785512
-0.0877446
-0.1078689
-0.1353062
-0.1601186
-0.1653447
-0.1203587
0.0213273
0.3005423
0.7077295
1.1514807
1.4845609
1.5872015
1.4473192
1.1676130
0.8898046
0.6999539
0.5915629
0.5047239
0.3924235
0.2537049
0.1178799
0.0105497
-0.0628335
-0.1092695
-0.1347081
-0.1412137
-0.1335626
-0.1234469
-0.1242871
-0.1409337
-0.1645427
-0.1791250
-0.1757053
-0.1612323
-0.1521264
-0.1572902
-0.1681695
-0.1677614
-0.1496765
-0.1259047
-0.1140793
-0.1188276
-0.1287840
-0.1319931
-0.1303315
-0.1353020
-0.1510279
-0.1663797
-0.1668445
-0.1522193
-0.1388753
-0.1435964
-0.1668132
-0.1923405
-0.2020513
-0.1902000
-0.1658856
-0.1446701
-0.1376268
-0.1450228
-0.1575837
-0.1640091
-0.1593065
-0.1471784
-0.1346913
-0.1255507
-0.1197364
-0.1183773
-0.1244775
-0.1355792
-0.1385939
-0.1189959
-0.0785727
-0.0397131
-0.0254395
-0.0343874
-0.0407538
-0.0224835
0.0135032
0.0388456
0.0356923
0.0155892
0.0038408
0.0095479
0.0175497
0.0099319
-0.0115081
-0.0292046
-0.0325634
-0.0292223
-0.0318094
-0.0393825
-0.0380050
-0.0189980
0.0084955
0.0255286
0.0217545
0.0039054
-0.0121595
-0.0147844
-0.0028241
0.0161988
0.0305176
0.0292546
0.0096459
-0.0174386
-0.0322876
-0.0222726
0.0049074
0.0262097
0.0242511
0.0037053
-0.0141354
-0.0130108
0.0030229
0.0155827
0.0110535
-0.0080044
-0.0291480
-0.0439041
-0.0530345
-0.0602332
-0.0653400
-0.0659271
-0.0630041
-0.0613196
-0.0634208
-0.0659894
-0.0640072
-0.0576107
-0.0526999
-0.0543892
-0.0615801
-0.0693164
-0.0752578
-0.0812623
-0.0881783
-0.0921078
-0.0891007
-0.0830264
-0.0847058
-0.0999128
-0.1190516
-0.1227370
-0.1011395
-0.0679724
-0.0520046
-0.0705494
-0.1098188
-0.1338948
-0.1170199
-0.0688786
-0.0270400
-0.0228721
-0.0543154
-0.0916546
-0.1080953
-0.1024565
-0.0926486
-0.0918429
-0.0961775
-0.0952785
-0.0881158
-0.0828508
-0.0834150
-0.0838011
-0.0785647
-0.0732976
-0.0778969
-0.0905579
-0.0958527
-0.0825761
-0.0592431
-0.0459306
-0.0513800
-0.0641059
-0.0684080
-0.0636817
-0.0619004
-0.0686542
-0.0757239
-0.0758774
-0.0771748
-0.0927821
-0.1174597
-0.1248863
-0.0958083
-0.0449968
-0.0115637
-0.0199925
-0.0555034
-0.0814779
-0.0778748
-0.0569526
-0.0418120
-0.0370136
-0.0265582
0.0012036
0.0340882
0.0456059
0.0220744
-0.0225835
-0.0583591
-0.0634121
-0.0383159
-0.0011599
0.0277176
0.0372606
0.0274503
0.0055742
-0.0166279
-0.0249117
-0.0084125
0.0303565
0.0705729
0.0831551
0.0526316
-0.0073246
-0.0618839
-0.0832925
-0.0744475
-0.0642089
-0.0777654
-0.1115151
-0.1379640
-0.1345358
-0.1052854
-0.0738351
-0.0581086
-0.0559766
-0.0559044
-0.0564991
-0.0687727
-0.0973569
-0.1258546
-0.1299748
-0.1068883
-0.0814936
-0.0702854
-0.0367672
0.1032078
0.4109317
0.8469368
1.2660147
1.5042162
1.4887597
1.2775143
1.0007435
0.7657449
0.6062287
0.5002632
0.4148155
0.3290382
0.2319822
0.1203829
0.0069473
-0.0786471
-0.1107654
-0.0946889
-0.0678363
-0.0684154
-0.1021144
-0.1420062
-0.1605329
-0.1570106
-0.1514729
-0.1564641
-0.1629196
-0.1559661
-0.1383382
-0.1304698
-0.1462894
-0.1743366
-0.1879880
-0.1739526
-0.1463093
-0.1301268
-0.1341170
-0.1437778
-0.1413149
-0.1273234
-0.1190671
-0.1292338
-0.1509334
-0.1651598
-0.1606573
-0.1441189
-0.1313597
-0.1305151
-0.1349196
-0.1317553
-0.1163986
-0.0977211
-0.0896332
-0.0976705
-0.1133944
-0.1214677
-0.1127612
-0.0916731
-0.0712073
-0.0609491
-0.0599789
-0.0610322
-0.0595449
-0.0566372
-0.0541166
-0.0499714
-0.0410025
-0.0286356
-0.0192807
-0.0175288
-0.0196228
-0.0149758
0.0048464
0.0379298
0.0720395
0.0925249
0.0914359
0.0717991
0.0455963
0.0270658
0.0243434
0.0343096
0.0452677
0.0462571
0.0350593
0.0180661
0.0036483
-0.0038265
-0.0052055
-0.0044902
-0.0061501
-0.0124757
-0.0214703
-0.0273097
-0.0245266
-0.0130270
0.0014416
0.0129360
0.0211824
0.0301321
0.0404054
0.0460992
0.0422071
0.0340279
0.0344595
0.0492512
0.0673264
0.0698794
0.0502279
0.0225295
0.0087957
0.0174843
0.0361912
0.0453419
0.0371591
0.0200389
0.0064962
0.0007186
-0.0012098
-0.0027441
-0.0028240
-0.0001852
0.0018159
-0.0029259
-0.0168970
-0.0354524
-0.0498951
-0.0543745
-0.0506916
-0.0468917
-0.0504617
-0.0614859
-0.0717014
-0.0711188
-0.0574799
-0.0401700
-0.0336530
-0.0451694
-0.0683317
-0.0890995
-0.0974952
-0.0930292
-0.0808752
-0.0666037
-0.0554930
-0.0530115
-0.0614551
-0.0758890
-0.0867095
-0.0884470
-0.0849607
-0.0838338
-0.0859525
-0.0836051
-0.0710064
-0.0548468
-0.0502584
-0.0647189
-0.0883697
-0.1027504
-0.0983158
-0.0816346
-0.0666336
-0.0618723
-0.0666285
-0.0757214
-0.0846144
-0.0900961
-0.0892461
-0.0805956
-0.0666901
-0.0540121
-0.0489014
-0.0531501
-0.0635394
-0.0750522
-0.0841302
-0.0898144
-0.0930847
-0.0948174
-0.0932986
-0.0845384
-0.0673385
-0.0482684
-0.0387530
-0.0448841
-0.0610352
-0.0755368
-0.0822317
-0.0841429
-0.0853242
-0.0823437
-0.0681354
-0.0451191
-0.0301823
-0.0408045
-0.0745857
-0.1063338
-0.1098589
-0.0831825
-0.0502962
-0.0377651
-0.0510207
-0.0733273
-0.0849800
-0.0809560
-0.0706670
-0.0641576
-0.0619172
-0.0583701
-0.0520438
-0.0485679
-0.0532167
-0.0633604
-0.0707308
-0.0707052
-0.0675591
-0.0697613
-0.0802795
-0.0918272
-0.0923391
-0.0762753
-0.0510429
-0.0317105
-0.0287642
-0.0407120
-0.0575960
-0.0699402
-0.0738524
-0.0696774
-0.0591044
-0.0454131
-0.0352544
-0.0364669
-0.0508402
-0.0693581
-0.0782779
-0.0724765
-0.0610749
-0.0567790
-0.0600783
-0.0574674
-0.0369855
-0.0035120
0.0238231
0.0295104
0.0159183
0.0001101
-0.0019445
0.0123176
0.0328623
0.0465225
0.0453370
0.0299306
0.0092200
-0.0041792
-0.0033920
0.0057147
0.0103981
0.0069699
0.0081905
0.0297149
0.0686539
0.1001347
0.0988115
0.0629244
0.0146092
-0.0229504
-0.0452224
-0.0625223
-0.0817045
-0.0979911
-0.1046515
-0.1033127
-0.0994665
-0.0919921
-0.0751562
-0.0517514
-0.0368367
-0.0429583
-0.0645180
-0.0827296
-0.0868807
-0.0861746
-0.0967667
-0.1171971
-0.1176729
-0.0526953
0.1152044
0.3955121
0.7570302
1.1239657
1.3925923
1.4768331
1.3617484
1.1201845
0.8688119
0.6936036
0.6045863
0.5519036
0.4799738
0.3698005
0.2409816
0.1250344
0.0404826
-0.0126017
-0.0437972
-0.0631156
-0.0775080
-0.0906760
-0.1035695
-0.1154453
-0.1247501
-0.1289866
-0.1255134
-0.1149988
-0.1038628
-0.1004525
-0.1072366
-0.1179726
-0.1238202
-0.1217258
-0.1161567
-0.1133929
-0.1152457
-0.1183157
-0.1183691
-0.1146076
-0.1098892
-0.1079746
-0.1111594
-0.1190390
-0.1273171
-0.1283434
-0.1163099
-0.0940268
-0.0727637
-0.0627424
-0.0637501
-0.0663873
-0.0621751
-0.0510647
-0.0392061
-0.0311128
-0.0253174
-0.0175558
-0.0069992
0.0020988
0.0052527
0.0027515
-0.0015437
-0.0051382
-0.0079453
-0.0082775
-0.0011564
0.0163336
0.0385799
0.0535618
0.0541399
0.0471631
0.0484835
0.0661742
0.0898655
0.1011279
0.0958620
0.0914471
0.1062470
0.1340560
0.1466206
0.1252480
0.0851765
0.0618112
0.0723261
0.0967419
0.1014554
0.0784336
0.0536310
0.0542118
0.0744391
0.0824653
0.0596920
0.0237397
0.0072128
0.0197641
0.0396135
0.0417047
0.0256449
0.0112563
0.0117596
0.0196964
0.0209321
0.0158615
0.0195265
0.0408452
0.0679585
0.0781684
0.0602064
0.0240470
-0.0084536
-0.0187133
-0.0007910
0.0351702
0.0653380
0.0651876
0.0297426
-0.0172085
-0.0399321
-0.0227173
0.0142351
0.0337355
0.0180185
-0.0151858
-0.0339857
-0.0268491
-0.0119199
-0.0132499
-0.0340535
-0.0566472
-0.0641975
-0.0564176
-0.0446772
-0.0382785
-0.0395787
-0.0496171
-0.0716858
-0.1045156
-0.1330547
-0.1329800
-0.0921312
-0.0291914
0.0147197
0.0103189
-0.0317768
-0.0704737
-0.0756224
-0.0600712
-0.0658789
-0.1141463
-0.1706334
-0.1700867
-0.0819714
0.0493738
0.1363417
0.1231607
0.0306162
-0.0693649
-0.1170549
-0.1043949
-0.0643088
-0.0341834
-0.0305029
-0.0470580
-0.0654481
-0.0667260
-0.0432545
-0.0079538
0.0109072
-0.0065303
-0.0497899
-0.0851658
-0.0887919
-0.0693755
-0.0545874
-0.0591333
-0.0730498
-0.0800667
-0.0783004
-0.0776210
-0.0822171
-0.0852334
-0.0823728
-0.0826660
-0.0976299
-0.1218972
-0.1346713
-0.1252546
-0.1099794
-0.1144136
-0.1402510
-0.1596057
-0.1458698
-0.1034681
-0.0611671
-0.0402140
-0.0371529
-0.0378582
-0.0389966
-0.0477823
-0.0635481
-0.0703581
-0.0546171
-0.0255159
-0.0085359
-0.0163553
-0.0330759
-0.0326436
-0.0090885
0.0180853
0.0280791
0.0224267
0.0220007
0.0431813
0.0791132
0.1033974
0.0913555
0.0399233
-0.0295437
-0.0862799
-0.1102488
-0.1027381
-0.0810362
-0.0623675
-0.0508006
-0.0394562
-0.0254667
-0.0192172
-0.0341677
-0.0681740
-0.1005437
-0.1107660
-0.0978471
-0.0790875
-0.0723921
-0.0830109
-0.1053509
-0.1299121
-0.1405424
-0.1035021
0.0316508
0.3031357
0.6931378
1.1085573
1.4153591
1.5116020
1.3881079
1.1318997
0.8695119
0.6904663
0.6041949
0.5568287
0.4868903
0.3711382
0.2290136
0.0958113
-0.0038223
-0.0642166
-0.0936512
-0.1065904
-0.1167883
-0.1312104
-0.1473012
-0.1571142
-0.1568034
-0.1529547
-0.1573604
-0.1736399
-0.1911995
-0.1960113
-0.1866011
-0.1753227
-0.1734399
-0.1793673
-0.1838989
-0.1833868
-0.1833304
-0.1893307
-0.1983457
-0.2016538
-0.1960347
-0.1890151
-0.1901751
-0.1981015
-0.2001453
-0.1868130
-0.1626046
-0.1392633
-0.1216532
-0.1060495
-0.0916076
-0.0864956
-0.0981759
-0.1201425
-0.1336848
-0.1255427
-0.1025505
-0.0857039
-0.0885426
-0.1039245
-0.1145552
-0.1135726
-0.1091149
-0.1091701
-0.1095445
-0.1011117
-0.0839710
-0.0678803
-0.0597158
-0.0562759
-0.0511099
-0.0441821
-0.0405572
-0.0403486
-0.0350773
-0.0181080
0.0032770
0.0126539
0.0037841
-0.0103495
-0.0134031
-0.0072245
-0.0098697
-0.0316538
-0.0603804
-0.0744611
-0.0668315
-0.0511216
-0.0450914
-0.0520671
-0.0603449
-0.0585055
-0.0475136
-0.0366340
-0.0311905
-0.0291043
-0.0284242
-0.0318487
-0.0409004
-0.0501634
-0.0518641
-0.0444697
-0.0334906
-0.0251687
-0.0222808
-0.0248481
-0.0313587
-0.0386028
-0.0423095
-0.0393733
-0.0299603
-0.0177434
-0.0074467
-0.0012782
0.0013710
-0.0002123
-0.0100808
-0.0301113
-0.0536568
-0.0691822
-0.0713139
-0.0653310
-0.0596508
-0.0564018
-0.0511253
-0.0409562
-0.0320650
-0.0375131
-0.0642990
-0.1008014
-0.1212600
-0.1086762
-0.0737103
-0.0469331
-0.0505759
-0.0788985
-0.1057076
-0.1086605
-0.0856408
-0.0497746
-0.0123603
0.0250624
0.0606664
0.0806269
0.0672746
0.0217335
-0.0286784
-0.0525324
-0.0427864
-0.0198781
-0.0079427
-0.0117551
-0.0175106
-0.0133887
-0.0059732
-0.0136535
-0.0436747
-0.0801057
-0.0990810
-0.0939970
-0.0798732
-0.0727212
-0.0710369
-0.0613556
-0.0386352
-0.0160999
-0.0130382
-0.0333101
-0.0582804
-0.0651494
-0.0534897
-0.0485087
-0.0727106
-0.1164736
-0.1428967
-0.1236041
-0.0675093
-0.0136121
0.0038125
-0.0157192
-0.0424577
-0.0490953
-0.0390937
-0.0389432
-0.0622107
-0.0883471
-0.0834485
-0.0397311
0.0120041
0.0314566
0.0087946
-0.0257757
-0.0334473
-0.0081140
0.0167584
0.0057980
-0.0369684
-0.0713790
-0.0657742
-0.0313089
-0.0087552
-0.0257763
-0.0702009
-0.1020479
-0.0891128
-0.0337004
0.0311155
0.0695819
0.0680976
0.0364218
-0.0076450
-0.0502892
-0.0839853
-0.1065589
-0.1197091
-0.1257419
-0.1264221
-0.1263295
-0.1328277
-0.1474708
-0.1598840
-0.1560018
-0.1326685
-0.1014147
-0.0792962
-0.0785074
-0.1017794
-0.1420982
-0.1853738
-0.2159837
-0.2237354
-0.2105798
-0.1918414
-0.1809461
-0.1589278
-0.0605307
0.1880758
0.5957554
1.0643980
1.4280703
1.5502436
1.4065589
1.0949654
0.7686680
0.5399952
0.4242388
0.3611153
0.2856818
0.1818891
0.0787659
0.0070068
-0.0363172
-0.0821312
-0.1501023
-0.2190937
-0.2468947
-0.2234543
-0.1922927
-0.2053406
-0.2613745
-0.3046012
-0.2868494
-0.2197259
-0.1587470
-0.1418446
-0.1518635
-0.1421171
-0.0945476
-0.0432856
-0.0347002
-0.0717533
-0.1116858
-0.1174895
-0.0951193
-0.0745689
-0.0706716
-0.0755975
-0.0797462
-0.0832417
-0.0866879
-0.0824007
-0.0617583
-0.0302992
-0.0105516
-0.0220890
-0.0555068
-0.0752713
-0.0584224
-0.0239292
-0.0100892
-0.0263486
-0.0434431
-0.0325090
0.0009078
0.0272170
0.0271137
0.0098636
0.0017296
0.0179814
0.0451910
0.0559353
0.0436258
0.0329598
0.0486310
0.0846839
0.1160952
0.1307403
0.1359057
0.1404665
0.1454729
0.1492756
0.1507399
0.1490073
0.1453826
0.1405949
0.1291005
0.1072710
0.0878000
0.0880735
0.0999199
0.0923430
0.0538098
0.0112690
-0.0047479
0.0047238
0.0180943
0.0206992
0.0097116
-0.0112059
-0.0318348
-0.0440523
-0.0535727
-0.0665151
-0.0697436
-0.0511777
-0.0316766
-0.0387930
-0.0546653
-0.0383978
0.0005682
0.0099574
-0.0167598
-0.0266869
-0.0038721
-0.0072996
-0.0725608
