-0.0062893
0.0040495
0.0379497
0.0740013
0.0879340
0.0772677
0.0682124
0.0899674
0.1393591
0.1762159
0.1605406
0.0955164
0.0296440
0.0122663
0.0464042
0.0872755
0.0886800
0.0506572
0.0204341
0.0455800
0.1260467
0.2126713
0.2527877
0.2360199
0.1941894
0.1588295
0.1259543
0.0690286
-0.0153746
-0.0859813
-0.0917884
-0.0298591
0.0400842
0.0472498
-0.0224217
-0.1122423
-0.1481183
-0.1035970
-0.0145798
0.0609880
0.0906046
0.0796049
0.0510849
0.0234476
0.0029827
-0.0145429
-0.0408102
-0.0847752
-0.1316719
-0.1283944
-0.0017152
0.2895958
0.7067301
1.1328016
1.4321618
1.5243747
1.4178168
1.1847143
0.9083171
0.6474308
0.4348310
0.2892979
0.2156898
0.1944829
0.1843999
0.1490751
0.0858027
0.0241267
-0.0079898
-0.0151917
-0.0286489
-0.0699687
-0.1266341
-0.1667839
-0.1752643
-0.1693316
-0.1778527
-0.2096161
-0.2450590
-0.2560102
-0.2297159
-0.1766867
-0.1231395
-0.0981325
-0.1195291
-0.1813503
-0.2529254
-0.2983186
-0.3035764
-0.2837915
-0.2597396
-0.2307834
-0.1794226
-0.1048535
-0.0420033
-0.0344529
-0.0863733
-0.1503700
-0.1707022
-0.1368127
-0.0892709
-0.0748706
-0.1025889
-0.1433655
-0.1621737
-0.1414313
-0.0801664
0.0108820
0.1032352
0.1512598
0.1205466
0.0257464
-0.0687413
-0.0995643
-0.0592808
0.0041929
0.0425669
0.0531137
0.0652320
0.0907779
0.1040125
0.0765985
0.0213126
-0.0146828
-0.0037684
0.0248837
0.0126413
-0.0632607
-0.1582380
-0.1985456
-0.1500938
-0.0484087
0.0366932
0.0624037
0.0404447
0.0104424
-0.0069535
-0.0274350
-0.0754278
-0.1443326
-0.1912022
-0.1767381
-0.1112232
-0.0551210
-0.0664525
-0.1441805
-0.2263916
-0.2486204
-0.2042567
-0.1449027
-0.1220208
-0.1343440
-0.1372858
-0.0995310
-0.0395220
-0.0009505
0.0004607
-0.0066393
0.0103086
0.0401770
0.0340329
-0.0371920
-0.1384192
-0.1941703
-0.1599987
-0.0666585
0.0097035
0.0190286
-0.0232410
-0.0637134
-0.0691980
-0.0535930
-0.0526065
-0.0812374
-0.1203281
-0.1411290
-0.1366708
-0.1266680
-0.1342638
-0.1613967
-0.1877201
-0.1917352
-0.1692374
-0.1258833
-0.0484130
0.1109388
0.4038749
0.8205509
1.2504376
1.5266287
1.5375610
1.3136705
1.0040356
0.7569872
0.6131384
0.5073946
0.3659009
0.1905690
0.0468532
-0.0190243
-0.0336630
-0.0630665
-0.1369417
-0.2190873
-0.2530584
-0.2262654
-0.1815081
-0.1700611
-0.2031918
-0.2512708
-0.2808116
-0.2827925
-0.2673309
-0.2440495
-0.2176079
-0.1978698
-0.2005411
-0.2300764
-0.2675723
-0.2855411
-0.2764904
-0.2602306
-0.2585964
-0.2678170
-0.2638502
-0.2352260
-0.2018371
-0.1942037
-0.2179568
-0.2484990
-0.2627295
-0.2661635
-0.2793414
-0.3020904
-0.3060644
-0.2703865
-0.2164647
-0.1935160
-0.2252383
-0.2781678
-0.2909407
-0.2353430
-0.1446115
-0.0809946
-0.0787103
-0.1191825
-0.1565929
-0.1619738
-0.1437217
-0.1315724
-0.1438046
-0.1676258
-0.1700297
-0.1315080
-0.0722585
-0.0407473
-0.0679033
-0.1305474
-0.1672189
-0.1373300
-0.0634825
-0.0093659
-0.0150773
-0.0603482
-0.0946915
-0.0960910
-0.0884926
-0.1015004
-0.1278344
-0.1348561
-0.1148983
-0.1066510
-0.1541506
-0.2486839
-0.3240041
-0.3155359
-0.2213201
-0.1009372
-0.0173758
0.0141379
0.0206587
0.0258238
0.0215305
-0.0124726
-0.0699035
-0.1110481
-0.1002108
-0.0474927
-0.0073365
-0.0310288
-0.1185444
-0.2163846
-0.2622904
-0.2331334
-0.1540168
-0.0689711
-0.0083037
0.0198152
0.0185385
-0.0066037
-0.0467390
-0.0877042
-0.1145730
-0.1186695
-0.1009464
-0.0725424
-0.0542977
-0.0698513
-0.1276747
-0.2037430
-0.2487635
-0.2265182
-0.1521895
-0.0867789
-0.0831794
-0.1349453
-0.1835736
-0.1798934
-0.1348747
-0.1054205
-0.1317290
-0.1944992
-0.2358539
-0.2176281
-0.1537748
-0.0877425
-0.0476595
-0.0306613
-0.0257669
-0.0371251
-0.0744497
-0.1254834
-0.1529230
-0.1290307
-0.0710825
-0.0328568
-0.0544498
-0.1218326
-0.1809006
-0.1925216
-0.1694291
-0.1557370
-0.1744071
-0.2030376
-0.2031810
-0.1657106
-0.1191146
-0.0947557
-0.0934676
-0.0919716
-0.0768766
-0.0621251
-0.0695356
-0.0993167
-0.1286439
-0.1388537
-0.1350452
-0.1337857
-0.1382801
-0.1362093
-0.1222271
-0.1114884
-0.1225696
-0.1515051
-0.1731888
-0.1707106
-0.1545694
-0.1452537
-0.1417954
-0.1208443
-0.0723988
-0.0259035
-0.0253130
-0.0755341
-0.1263281
-0.1215628
-0.0623567
-0.0102141
-0.0225910
-0.0913359
-0.1520594
-0.1530881
-0.1078323
-0.0754167
-0.0942464
-0.1420658
-0.1629256
-0.1272683
-0.0592864
-0.0071983
0.0047368
-0.0100147
-0.0278187
-0.0434785
-0.0644087
-0.0828719
-0.0705120
-0.0133623
0.0512359
0.0509962
-0.0514257
-0.2047214
-0.2985739
-0.2590872
-0.1171917
0.0195566
0.0622772
0.0084721
-0.0755469
-0.1245763
-0.1213990
-0.0873368
-0.0482617
-0.0196394
-0.0128660
-0.0355562
-0.0780774
-0.1106064
-0.1068890
-0.0722035
-0.0405295
-0.0407543
-0.0692533
-0.0980903
-0.1060227
-0.0959063
-0.0825414
-0.0709587
-0.0532739
-0.0258708
-0.0023416
-0.0036690
-0.0365746
-0.0858504
-0.1286929
-0.1525825
-0.1565952
-0.1393662
-0.0944226
-0.0232525
0.0494854
0.0838381
0.0580160
-0.0041078
-0.0470088
-0.0342659
0.0136406
0.0380588
0.0023489
-0.0686886
-0.1119062
-0.0866023
-0.0101097
0.0642234
0.0978457
0.0936430
0.0789969
0.0729704
0.0734283
0.0685942
0.0514784
0.0228631
-0.0115088
-0.0423400
-0.0610229
-0.0689620
-0.0797871
-0.1038898
-0.1289906
-0.1243433
-0.0731365
-0.0003653
0.0402483
0.0150364
-0.0535539
-0.1048046
-0.0967268
-0.0422739
0.0164398
0.0704902
0.1744208
0.4039662
0.7730033
1.1867152
1.4826235
1.5360725
1.3464856
1.0314304
0.7346194
0.5310597
0.4095724
0.3298552
0.2772593
0.2555683
0.2431595
0.1863487
0.0543086
-0.1076732
-0.2032568
-0.1774954
-0.0781057
-0.0116807
-0.0383330
-0.1199377
-0.1743643
-0.1663283
-0.1317342
-0.1205497
-0.1378209
-0.1510166
-0.1418118
-0.1300840
-0.1427742
-0.1735246
-0.1868945
-0.1602155
-0.1093048
-0.0690791
-0.0582824
-0.0713670
-0.0978848
-0.1345088
-0.1737761
-0.1936469
-0.1729596
-0.1189346
-0.0697903
-0.0617289
-0.0931851
-0.1262882
-0.1258937
-0.0947971
-0.0675916
-0.0714875
-0.0980768
-0.1149137
-0.0997249
-0.0582759
-0.0113631
0.0276841
0.0589329
0.0848033
0.1018865
0.1071612
0.1073418
0.1137595
0.1253272
0.1233612
0.0924115
0.0467063
0.0267382
0.0614182
0.1346480
0.1954475
0.2034768
0.1624721
0.1089731
0.0736987
0.0594672
0.0545488
0.0566737
0.0739702
0.1043196
0.1267009
0.1225133
0.1010099
0.0919384
0.1094264
0.1311830
0.1214716
0.0730334
0.0191233
0.0012160
0.0283803
0.0720072
0.0981013
0.0983241
0.0870786
0.0752179
0.0573913
0.0279240
0.0001652
-0.0008241
0.0330740
0.0776606
0.0956859
0.0732915
0.0360688
0.0262922
0.0614811
0.1148851
0.1392141
0.1120365
0.0576973
0.0231328
0.0318117
0.0622681
0.0725015
0.0450610
0.0061524
-0.0025626
0.0284347
0.0610049
0.0464428
-0.0213273
-0.0934930
-0.1102538
-0.0570347
0.0225818
0.0673616
0.0508649
-0.0023839
-0.0461618
-0.0540379
-0.0345656
-0.0135138
-0.0081475
-0.0178814
-0.0315142
-0.0371011
-0.0278714
-0.0066578
0.0124566
0.0114046
-0.0172682
-0.0613651
-0.0961399
-0.1027098
-0.0814914
-0.0493142
-0.0251256
-0.0192990
-0.0339487
-0.0663549
-0.1063569
-0.1336291
-0.1274433
-0.0850268
-0.0274923
0.0167888
0.0339996
0.0284202
0.0085331
-0.0222634
-0.0584423
-0.0831486
-0.0772662
-0.0421055
-0.0068532
-0.0038346
-0.0343996
-0.0661092
-0.0682578
-0.0451086
-0.0273093
-0.0337905
-0.0521560
-0.0590385
-0.0504052
-0.0429046
-0.0482477
-0.0566300
-0.0503138
-0.0278944
-0.0067398
-0.0009466
-0.0048144
-0.0037279
0.0037424
0.0041361
-0.0099153
-0.0262160
-0.0263991
-0.0078249
0.0147337
0.0272778
0.0295224
0.0290764
0.0295380
0.0290375
0.0272439
0.0273930
0.0301383
0.0306754
0.0267347
0.0266353
0.0415818
0.0675206
0.0820245
0.0671637
0.0333163
0.0115150
0.0192633
0.0398020
0.0402473
0.0077850
-0.0370677
-0.0631339
-0.0599668
-0.0437508
-0.0345646
-0.0345011
-0.0330047
-0.0301529
-0.0440307
-0.0879081
-0.1439815
-0.1697668
-0.1363580
-0.0590522
0.0131558
0.0391919
0.0164127
-0.0284850
-0.0720091
-0.1076928
-0.1238286
-0.0773422
0.0911472
0.4018998
0.7934030
1.1404622
1.3236253
1.2953899
1.0977170
0.8282228
0.5850669
0.4240691
0.3456942
0.3108219
0.2720399
0.2025852
0.1071268
0.0095606
-0.0693439
-0.1230752
-0.1522359
-0.1548623
-0.1308816
-0.0941936
-0.0715495
-0.0829765
-0.1228232
-0.1622857
-0.1730469
-0.1514706
-0.1215736
-0.1129621
-0.1333448
-0.1624964
-0.1742337
-0.1633651
-0.1489356
-0.1509304
-0.1660259
-0.1688016
-0.1387037
-0.0860942
-0.0490425
-0.0604394
-0.1168152
-0.1804447
-0.2116052
-0.1976728
-0.1543875
-0.1066356
-0.0712051
-0.0521824
-0.0448094
-0.0417836
-0.0394501
-0.0409887
-0.0529559
-0.0757211
-0.0956352
-0.0899589
-0.0468508
0.0157402
0.0563309
0.0442620
-0.0083924
-0.0523805
-0.0430176
0.0208090
0.0964289
0.1343090
0.1178719
0.0724817
0.0389387
0.0380830
0.0587401
0.0759102
0.0764390
0.0667504
0.0600599
0.0599905
0.0565377
0.0370074
0.0016231
-0.0321859
-0.0444012
-0.0329985
-0.0169443
-0.0157821
-0.0283344
-0.0356854
-0.0253852
-0.0087521
-0.0103620
-0.0397282
-0.0765032
-0.0883607
-0.0645902
-0.0275440
-0.0071616
-0.0077452
-0.0062374
0.0172718
0.0542313
0.0757202
0.0619584
0.0208188
-0.0202827
-0.0372026
-0.0248612
0.0045773
0.0345588
0.0546927
0.0632252
0.0650065
0.0678382
0.0762226
0.0859259
0.0871879
0.0750096
0.0531803
0.0266760
-0.0041787
-0.0360420
-0.0527809
-0.0340678
0.0198135
0.0748942
0.0842620
0.0312432
-0.0422716
-0.0509700
0.0831356
0.3815266
0.7926839
1.2100391
1.5099804
1.6007123
1.4702518
1.2025173
0.9324895
0.7592697
0.6847628
0.6314324
0.5210090
0.3416247
0.1481395
0.0067610
-0.0575208
-0.0661780
-0.0544262
-0.0430858
-0.0381024
-0.0419936
-0.0553049
-0.0717483
-0.0825437
-0.0873001
-0.0947016
-0.1105694
-0.1300107
-0.1446267
-0.1544999
-0.1676914
-0.1856850
-0.1927792
-0.1675143
-0.1098285
-0.0530290
-0.0390901
-0.0775439
-0.1331585
-0.1591120
-0.1415289
-0.1094525
-0.1029562
-0.1339072
-0.1769062
-0.1962568
-0.1809835
-0.1533737
-0.1438525
-0.1601853
-0.1832080
-0.1894066
-0.1723249
-0.1424768
-0.1129929
-0.0899980
-0.0754166
-0.0742830
-0.0939804
-0.1322990
-0.1677581
-0.1700050
-0.1271285
-0.0614998
-0.0128807
-0.0040341
-0.0242527
-0.0449529
-0.0474751
-0.0353276
-0.0232740
-0.0187977
-0.0168442
-0.0124356
-0.0133757
-0.0337639
-0.0743339
-0.1154205
-0.1333080
-0.1208804
-0.0903199
-0.0598007
-0.0414515
-0.0388589
-0.0492898
-0.0653199
-0.0764257
-0.0733337
-0.0548815
-0.0312909
-0.0167766
-0.0157880
-0.0192826
-0.0179368
-0.0151763
-0.0208999
-0.0347569
-0.0445427
-0.0432691
-0.0402271
-0.0491979
-0.0687700
-0.0808805
-0.0712630
-0.0485190
-0.0379237
-0.0537272
-0.0811208
-0.0917799
-0.0767078
-0.0558992
-0.0526332
-0.0662832
-0.0778053
-0.0769742
-0.0738768
-0.0821102
-0.0983175
-0.1045234
-0.0903260
-0.0684531
-0.0635447
-0.0839478
-0.1090612
-0.1105744
-0.0852270
-0.0596937
-0.0607297
-0.0855473
-0.1056198
-0.0979669
-0.0703289
-0.0552313
-0.0775975
-0.1260354
-0.1586556
-0.1423885
-0.0865426
-0.0335294
-0.0168646
-0.0328141
-0.0531520
-0.0593540
-0.0595511
-0.0729473
-0.1013610
-0.1206294
-0.1042880
-0.0552959
-0.0083834
0.0026692
-0.0231249
-0.0569312
-0.0699888
-0.0565588
-0.0321195
-0.0162783
-0.0175864
-0.0302570
-0.0429864
-0.0500893
-0.0531172
-0.0541580
-0.0534210
-0.0542951
-0.0640077
-0.0841267
-0.1031525
-0.1035312
-0.0777496
-0.0379400
-0.0092119
-0.0092298
-0.0298530
-0.0419265
-0.0252763
0.0062714
0.0167315
-0.0130700
-0.0632406
-0.0939719
-0.0840613
-0.0491309
-0.0240659
-0.0287583
-0.0507233
-0.0615862
-0.0486608
-0.0250525
-0.0087375
-0.0016462
0.0031012
0.0005196
-0.0263045
-0.0826018
-0.1455896
-0.1783368
-0.1624959
-0.1183792
-0.0905202
-0.1078655
-0.1561424
-0.1930091
-0.1914045
-0.1636004
-0.1422502
-0.1449523
-0.1611981
-0.1683440
-0.1546951
-0.1292177
-0.1130787
-0.1217736
-0.1529081
-0.1866177
-0.1898618
-0.1180530
0.0727436
0.3920693
0.7837231
1.1366837
1.3405719
1.3420204
1.1621909
0.8755747
0.5738982
0.3334052
0.1924401
0.1422825
0.1349079
0.1110854
0.0404509
-0.0564587
-0.1320807
-0.1634465
-0.1740719
-0.2001207
-0.2452669
-0.2808698
-0.2850975
-0.2667357
-0.2476390
-0.2336673
-0.2135008
-0.1849679
-0.1717079
-0.2011305
-0.2630276
-0.3033912
-0.2754220
-0.1950113
-0.1302977
-0.1318772
-0.1848434
-0.2345027
-0.2468490
-0.2331986
-0.2228671
-0.2262515
-0.2295886
-0.2200183
-0.2061124
-0.2065317
-0.2212937
-0.2272285
-0.2086179
-0.1812079
-0.1727747
-0.1856111
-0.1932340
-0.1745453
-0.1389109
-0.1136484
-0.1141172
-0.1293696
-0.1332581
-0.1084266
-0.0620009
-0.0184322
0.0022788
-0.0029639
-0.0251289
-0.0499519
-0.0602131
-0.0450582
-0.0139289
0.0088070
0.0105611
0.0038056
0.0063179
0.0173650
0.0227612
0.0171242
0.0100993
0.0103793
0.0102998
-0.0086615
-0.0516791
-0.0934284
-0.0963968
-0.0548787
-0.0105530
-0.0085639
-0.0431272
-0.0651013
-0.0440027
-0.0042392
0.0068497
-0.0264355
-0.0748764
-0.0990413
-0.0887600
-0.0667709
-0.0557919
-0.0497586
-0.0285775
0.0016627
0.0043645
-0.0402834
-0.0999558
-0.1204696
-0.0849006
-0.0284359
0.0009991
-0.0139677
-0.0499994
-0.0644442
-0.0311614
0.0338166
0.0820315
0.0727125
0.0046554
-0.0851601
-0.1445903
-0.1349574
-0.0590124
0.0326498
0.0778609
0.0538000
-0.0136905
-0.0853482
-0.1353101
-0.1472159
-0.1123285
-0.0448846
0.0160825
0.0339324
0.0019045
-0.0543540
-0.0948767
-0.0939503
-0.0645157
-0.0485949
-0.0706014
-0.1075188
-0.1161439
-0.0732885
0.0313296
0.2240328
0.5317590
0.9294019
1.3181868
1.5644410
1.5707718
1.3416164
0.9999787
0.7164726
0.5871503
0.5748974
0.5706690
0.4939314
0.3333482
0.1303968
-0.0487325
-0.1499778
-0.1704614
-0.1537590
-0.1393940
-0.1355120
-0.1389867
-0.1453529
-0.1339332
-0.0875489
-0.0390721
-0.0516764
-0.1341076
-0.2177649
-0.2351687
-0.1831448
-0.1029705
-0.0462104
-0.0606631
-0.1479692
-0.2315370
-0.2362931
-0.2001897
-0.2188796
-0.2779638
-0.2577731
-0.1335560
-0.0383153
-0.0600188
