-0.0994598
-0.0966023
-0.0955072
-0.0887912
-0.0710501
-0.0486512
-0.0369535
-0.0456973
-0.0682917
-0.0873933
-0.0904209
-0.0781043
-0.0597293
-0.0449040
-0.0414747
-0.0555752
-0.0856787
-0.1158334
-0.1227412
-0.0972427
-0.0579358
-0.0367656
-0.0479247
-0.0745064
-0.0891425
-0.0843208
-0.0761849
-0.0792099
-0.0860802
-0.0793303
-0.0584753
-0.0448060
-0.0551912
-0.0785028
-0.0871336
-0.0710306
-0.0509837
-0.0530230
-0.0756371
-0.0915384
-0.0819467
-0.0597967
-0.0525309
-0.0669337
-0.0812270
-0.0743705
-0.0546476
-0.0503480
-0.0736097
-0.1029474
-0.1071706
-0.0820655
-0.0553790
-0.0543542
-0.0749377
-0.0885213
-0.0765699
-0.0516398
-0.0414369
-0.0562861
-0.0777904
-0.0800450
-0.0578610
-0.0308666
-0.0212702
-0.0315193
-0.0452349
-0.0471577
-0.0381851
-0.0302542
-0.0299260
-0.0309136
-0.0234073
-0.0079473
0.0032702
-0.0001648
-0.0138013
-0.0209087
-0.0089090
0.0174142
0.0396421
0.0423606
0.0261762
0.0055656
-0.0046967
-0.0013614
0.0067172
0.0080385
-0.0008697
-0.0121081
-0.0127427
0.0040110
0.0312934
0.0511980
0.0466363
0.0138779
-0.0344731
-0.0788266
-0.1062327
-0.1166748
-0.1180762
-0.1168933
-0.1139932
-0.1084073
-0.1028404
-0.1033380
-0.1123886
-0.1231187
-0.1230625
-0.1063745
-0.0821259
-0.0675955
-0.0715802
-0.0865403
-0.1002668
-0.1125017
-0.1298246
-0.1350206
-0.0657102
0.1564908
0.5517797
1.0270274
1.4054826
1.5352771
1.3917289
1.0865112
0.7790540
0.5701257
0.4619674
0.3980527
0.3273516
0.2355969
0.1349402
0.0419845
-0.0316425
-0.0793229
-0.1023026
-0.1133501
-0.1299803
-0.1586669
-0.1875758
-0.1991183
-0.1900145
-0.1758400
-0.1742386
-0.1859004
-0.1949814
-0.1879630
-0.1689486
-0.1544126
-0.1547771
-0.1646523
-0.1715858
-0.1706211
-0.1668937
-0.1655613
-0.1641817
-0.1573962
-0.1463138
-0.1389987
-0.1407878
-0.1467383
-0.1460144
-0.1333356
-0.1143599
-0.0997134
-0.0956251
-0.1011948
-0.1121682
-0.1237611
-0.1300307
-0.1250843
-0.1086332
-0.0890270
-0.0768462
-0.0742567
-0.0730817
-0.0651908
-0.0529346
-0.0460625
-0.0482154
-0.0502857
-0.0405395
-0.0199459
-0.0027907
-0.0000331
-0.0053610
-0.0018628
0.0183435
0.0456196
0.0651892
0.0738348
0.0803043
0.0910269
0.1011526
0.1023518
0.0960879
0.0940985
0.1047039
0.1218361
0.1302347
0.1204574
0.0967524
0.0713204
0.0541678
0.0487537
0.0530179
0.0607456
0.0636696
0.0571291
0.0453662
0.0385337
0.0420761
0.0502412
0.0524635
0.0459399
0.0392854
0.0423754
0.0544029
0.0646997
0.0652682
0.0595117
0.0567319
0.0600648
0.0632643
0.0597000
0.0515900
0.0480751
0.0546072
0.0655521
0.0678967
0.0531011
0.0266819
0.0059736
0.0057594
0.0235194
0.0395071
0.0345160
0.0093968
-0.0144510
-0.0164400
0.0012203
0.0151830
0.0058656
-0.0214355
-0.0430851
-0.0435914
-0.0312889
-0.0262956
-0.0370953
-0.0534586
-0.0610214
-0.0574773
-0.0523779
-0.0545455
-0.0634996
-0.0724130
-0.0757706
-0.0727940
-0.0660156
-0.0594536
-0.0575186
-0.0624049
-0.0710985
-0.0770437
-0.0768055
-0.0737713
-0.0729805
-0.0735072
-0.0697451
-0.0610870
-0.0565006
-0.0657392
-0.0865769
-0.1039941
-0.1038054
-0.0865716
-0.0672555
-0.0612666
-0.0710397
-0.0856177
-0.0921089
-0.0870096
-0.0773806
-0.0727012
-0.0761698
-0.0831091
-0.0870218
-0.0868806
-0.0876158
-0.0923530
-0.0952519
-0.0855552
-0.0609600
-0.0349923
-0.0272782
-0.0450089
-0.0752151
-0.0964076
-0.0976384
-0.0861097
-0.0771850
-0.0782502
-0.0826845
-0.0788157
-0.0635361
-0.0464913
-0.0411634
-0.0520480
-0.0699964
-0.0797342
-0.0729258
-0.0553241
-0.0413732
-0.0412393
-0.0530199
-0.0672390
-0.0769248
-0.0814735
-0.0822889
-0.0787700
-0.0703813
-0.0601189
-0.0525551
-0.0482102
-0.0422587
-0.0304904
-0.0156016
-0.0052566
-0.0030818
-0.0035291
0.0018324
0.0132424
0.0208149
0.0151663
-0.0016779
-0.0178681
-0.0234562
-0.0188370
-0.0119456
-0.0091522
-0.0097951
-0.0084709
-0.0011371
0.0111511
0.0229267
0.0268406
0.0159118
-0.0132106
-0.0556353
-0.0973869
-0.1234310
-0.1297471
-0.1267319
-0.1284499
-0.1382822
-0.1466847
-0.1435739
-0.1310267
-0.1211801
-0.1214943
-0.1256219
-0.1224614
-0.1125818
-0.1093085
-0.1206329
-0.1360611
-0.1395010
-0.1330358
-0.1339828
-0.1361876
-0.0783824
0.1281615
0.5169866
1.0009402
1.3975745
1.5415134
1.3957618
1.0696508
0.7331407
0.5041053
0.3957802
0.3476366
0.2946701
0.2144716
0.1253088
0.0521268
-0.0021987
-0.0550800
-0.1184271
-0.1792803
-0.2101240
-0.1994361
-0.1687116
-0.1544651
-0.1720690
-0.2009222
-0.2088918
-0.1891494
-0.1666975
-0.1673176
-0.1873645
-0.2011475
-0.1946184
-0.1815739
-0.1832054
-0.1996826
-0.2107466
-0.2027402
-0.1857240
-0.1790501
-0.1855248
-0.1884870
-0.1752795
-0.1555135
-0.1494211
-0.1615909
-0.1750448
-0.1732161
-0.1601484
-0.1526650
-0.1564948
-0.1587214
-0.1456511
-0.1217647
-0.1053636
-0.1069110
-0.1168980
-0.1172783
-0.1020226
-0.0826713
-0.0738667
-0.0772794
-0.0819936
-0.0781060
-0.0662231
-0.0540895
-0.0475203
-0.0458095
-0.0435037
-0.0349097
-0.0183041
0.0025023
0.0211533
0.0342758
0.0436351
0.0520760
0.0581344
0.0566673
0.0460266
0.0334732
0.0303774
0.0398420
0.0505925
0.0467750
0.0245626
-0.0040423
-0.0252902
-0.0377677
-0.0486325
-0.0585463
-0.0573977
-0.0379276
-0.0090815
0.0105172
0.0134848
0.0134450
0.0294337
0.0618177
0.0895735
0.0944244
0.0830818
0.0790492
0.0931840
0.1099409
0.1067986
0.0823133
0.0579758
0.0526585
0.0619635
0.0669526
0.0594139
0.0508114
0.0536402
0.0603318
0.0498463
0.0167258
-0.0146578
-0.0129574
0.0243212
0.0649455
0.0742767
0.0485163
0.0115353
-0.0175214
-0.0434233
-0.0737352
-0.0795053
0.0115671
0.2657164
0.6730301
1.1232201
1.4601291
1.5788792
1.4904186
1.3037746
1.1418290
1.0570507
1.0105917
0.9246337
0.7573787
0.5355040
0.3236256
0.1692136
0.0758898
0.0199322
-0.0188234
-0.0450655
-0.0584739
-0.0649008
-0.0726850
-0.0825498
-0.0883484
-0.0884737
-0.0900815
-0.0979877
-0.1044461
-0.0974655
-0.0784944
-0.0641046
-0.0669389
-0.0807528
-0.0901308
-0.0920254
-0.0993710
-0.1202761
-0.1398554
-0.1315404
-0.0885346
-0.0380820
-0.0184672
-0.0427083
-0.0890798
-0.1259885
-0.1395787
-0.1358335
-0.1246874
-0.1111504
-0.0998009
-0.0979901
-0.1092216
-0.1267078
-0.1384015
-0.1385922
-0.1318686
-0.1253760
-0.1203674
-0.1138057
-0.1058400
-0.1005202
-0.0980102
-0.0910397
-0.0730736
-0.0469921
-0.0206438
0.0043756
0.0326901
0.0627615
0.0819273
0.0801514
0.0660469
0.0616610
0.0782882
0.1014775
0.1053471
0.0820092
0.0519626
0.0416891
0.0537582
0.0650467
0.0551174
0.0300363
0.0135807
0.0186024
0.0337039
0.0388739
0.0291346
0.0189347
0.0241567
0.0429267
0.0564086
0.0487891
0.0247529
0.0051793
0.0058480
0.0225981
0.0379826
0.0400479
0.0324046
0.0267553
0.0281995
0.0299364
0.0229096
0.0089046
0.0005530
0.0066661
0.0204791
0.0263400
0.0172254
0.0015008
-0.0083823
-0.0099668
-0.0111088
-0.0185801
-0.0298159
-0.0365336
-0.0347167
-0.0293554
-0.0291176
-0.0375545
-0.0506355
-0.0617823
-0.0669307
-0.0650191
-0.0572029
-0.0475847
-0.0422203
-0.0446727
-0.0534312
-0.0651250
-0.0784359
-0.0925766
-0.1036190
-0.1060850
-0.0990533
-0.0884659
-0.0815857
-0.0794368
-0.0761102
-0.0667051
-0.0554530
-0.0534063
-0.0660338
-0.0843654
-0.0911280
-0.0760554
-0.0443673
-0.0119147
0.0054842
0.0001588
-0.0234715
-0.0498929
-0.0609995
-0.0492145
-0.0246189
-0.0079659
-0.0137454
-0.0372719
-0.0581070
-0.0589046
-0.0429496
-0.0315023
-0.0413925
-0.0661305
-0.0818520
-0.0722408
-0.0457246
-0.0273018
-0.0342424
-0.0605297
-0.0851155
-0.0943033
-0.0934405
-0.0953700
-0.1014353
-0.1004488
-0.0868502
-0.0722737
-0.0728602
-0.0878749
-0.0981020
-0.0877668
-0.0640518
-0.0505226
-0.0612080
-0.0848785
-0.0979200
-0.0907221
-0.0758037
-0.0684822
-0.0662154
-0.0541060
-0.0282622
-0.0044256
0.0002017
-0.0122361
-0.0239408
-0.0246518
-0.0248289
-0.0416510
-0.0737013
-0.0955726
-0.0825433
-0.0395474
-0.0000844
0.0063602
-0.0171916
-0.0414278
-0.0417967
-0.0193224
0.0065503
0.0184551
0.0116507
-0.0109215
-0.0463820
-0.0906283
-0.1319514
-0.1535750
-0.1484033
-0.1293835
-0.1190522
-0.1273286
-0.1437987
-0.1530157
-0.1519037
-0.1482107
-0.1463656
-0.1420765
-0.1312476
-0.1181233
-0.1107192
-0.1114823
-0.1179337
-0.1301834
-0.1446267
-0.1286304
-0.0098674
0.2801448
0.7262692
1.1944833
1.4998031
1.5330138
1.3321371
1.0352782
0.7685400
0.5759934
0.4382203
0.3308651
0.2503423
0.1932754
0.1371030
0.0581846
-0.0365487
-0.1122144
-0.1448566
-0.1477475
-0.1521585
-0.1695085
-0.1831934
-0.1762949
-0.1564670
-0.1477542
-0.1624790
-0.1881243
-0.2029553
-0.1998722
-0.1906296
-0.1883322
-0.1923182
-0.1933562
-0.1883901
-0.1832557
-0.1822060
-0.1819940
-0.1784258
-0.1734585
-0.1720120
-0.1745366
-0.1767489
-0.1763699
-0.1768976
-0.1825468
-0.1900548
-0.1887911
-0.1723834
-0.1491643
-0.1358110
-0.1385320
-0.1453483
-0.1412690
-0.1274277
-0.1187375
-0.1231386
-0.1298355
-0.1218094
-0.0972436
-0.0740078
-0.0711650
-0.0877338
-0.1029202
-0.0981509
-0.0752195
-0.0494009
-0.0284631
-0.0060514
0.0237637
0.0537689
0.0712406
0.0745976
0.0760614
0.0869556
0.1038538
0.1117930
0.1013559
0.0810431
0.0699712
0.0769480
0.0892897
0.0854893
0.0577651
0.0188508
-0.0126260
-0.0292827
-0.0365924
-0.0409949
-0.0400743
-0.0261154
0.0008290
0.0266389
0.0349857
0.0263975
0.0200197
0.0323603
0.0581067
0.0774708
0.0804838
0.0773320
0.0829877
0.0965194
0.1004187
0.0808608
0.0457724
0.0192532
0.0169884
0.0302652
0.0374309
0.0283909
0.0121494
0.0009763
-0.0052083
-0.0147383
-0.0292029
-0.0384645
-0.0313582
-0.0092916
0.0122909
0.0173589
0.0043057
-0.0157549
-0.0375223
-0.0709971
-0.1194058
-0.1431368
-0.0578026
0.2096603
0.6442260
1.1174042
1.4524066
1.5404824
1.4140462
1.2104265
1.0571655
0.9825419
0.9245836
0.8115782
0.6276636
0.4126244
0.2183211
0.0731741
-0.0214863
-0.0768244
-0.1061493
-0.1238958
-0.1430988
-0.1666338
-0.1844499
-0.1867884
-0.1795710
-0.1794986
-0.1926373
-0.2054455
-0.2016310
-0.1828472
-0.1667041
-0.1658959
-0.1742979
-0.1748552
-0.1590964
-0.1371919
-0.1282020
-0.1409685
-0.1661842
-0.1868342
-0.1927786
-0.1841031
-0.1661209
-0.1467016
-0.1351473
-0.1364802
-0.1464934
-0.1572326
-0.1674712
-0.1830568
-0.2058771
-0.2268116
-0.2329905
-0.2216994
-0.2053492
-0.2005490
-0.2106729
-0.2211112
-0.2156278
-0.1964059
-0.1818931
-0.1834182
-0.1905859
-0.1843750
-0.1600915
-0.1313270
-0.1126871
-0.1040327
-0.0934620
-0.0735389
-0.0516456
-0.0420996
-0.0486605
-0.0596245
-0.0632760
-0.0629466
-0.0695186
-0.0818189
-0.0847610
-0.0699199
-0.0499608
-0.0459722
-0.0629934
-0.0836650
-0.0873978
-0.0732448
-0.0605026
-0.0653059
-0.0801153
-0.0825269
-0.0643493
-0.0435683
-0.0423606
-0.0594648
-0.0721964
-0.0635205
-0.0400612
-0.0233562
-0.0285664
-0.0525105
-0.0785278
-0.0909085
-0.0857006
-0.0694889
-0.0509053
-0.0363070
-0.0312765
-0.0396052
-0.0585506
-0.0791594
-0.0933301
-0.0980031
-0.0927937
-0.0787666
-0.0613291
-0.0498618
-0.0513648
-0.0655069
-0.0853036
-0.1000107
-0.0995059
-0.0819599
-0.0583882
-0.0450908
-0.0494723
-0.0650684
-0.0800326
-0.0877700
-0.0898943
-0.0917973
-0.0956123
-0.0969362
-0.0907225
-0.0809203
-0.0790032
-0.0893540
-0.1010323
-0.0998498
-0.0860203
-0.0742940
-0.0773542
-0.0928022
-0.1060778
-0.1043958
-0.0892622
-0.0760077
-0.0781264
-0.0916566
-0.0994590
-0.0921838
-0.0797946
-0.0794666
-0.0960281
-0.1172964
-0.1261862
-0.1158799
-0.0955932
-0.0821667
-0.0839121
-0.0937153
-0.1005196
-0.1039635
-0.1113855
-0.1225803
-0.1262060
-0.1134812
-0.0899078
-0.0709459
-0.0686678
-0.0825283
-0.1002190
-0.1081944
-0.1039844
-0.0969499
-0.0955156
-0.0976542
-0.0970934
-0.0939925
-0.0938515
-0.0987132
-0.1046358
-0.1062262
-0.1002424
-0.0871888
-0.0725446
-0.0639574
-0.0647439
-0.0723672
-0.0834078
-0.0949431
-0.1004234
-0.0917988
-0.0700143
-0.0482836
-0.0405825
-0.0494947
-0.0668114
-0.0820627
-0.0891757
-0.0891746
-0.0882663
-0.0908083
-0.0946979
-0.0963084
-0.0965779
-0.0968656
-0.0926947
-0.0799604
-0.0655488
-0.0625562
-0.0738643
-0.0876575
-0.0911016
-0.0835963
-0.0754007
-0.0765251
-0.0871448
-0.0972597
-0.0973725
-0.0897586
-0.0845350
-0.0842454
-0.0807086
-0.0704726
-0.0634833
-0.0686191
-0.0780005
-0.0754861
-0.0577287
-0.0389562
-0.0355075
-0.0499395
-0.0694584
-0.0780764
-0.0718686
-0.0617806
-0.0586003
-0.0587685
-0.0522157
-0.0409855
-0.0388928
-0.0519280
-0.0695531
-0.0783599
-0.0759563
-0.0687414
-0.0636186
-0.0647527
-0.0722757
-0.0814947
-0.0869661
-0.0873293
-0.0833504
-0.0746598
-0.0630626
-0.0545791
-0.0523131
-0.0519390
-0.0501117
-0.0512170
-0.0583246
-0.0637052
-0.0576884
-0.0430669
-0.0325892
-0.0349869
-0.0490739
-0.0671966
-0.0791405
-0.0776683
-0.0656016
-0.0533879
-0.0469564
-0.0437654
-0.0419773
-0.0444256
-0.0504946
-0.0533306
-0.0490573
-0.0409298
-0.0321038
-0.0228644
-0.0164973
-0.0183085
-0.0268921
-0.0352417
-0.0412541
-0.0479875
-0.0538811
-0.0530357
-0.0455179
-0.0380551
-0.0349243
-0.0363730
-0.0432963
-0.0541053
-0.0602285
-0.0546371
-0.0420722
-0.0326078
-0.0295243
-0.0308925
-0.0359986
-0.0417332
-0.0409471
-0.0337039
-0.0313190
-0.0398320
-0.0491862
-0.0476074
-0.0325120
0.0091760
0.1223411
0.3628717
0.7430684
1.1925926
1.5731574
1.7512424
1.6897574
1.4803255
1.2685543
1.1352755
1.0544324
0.9571007
0.8100102
0.6284990
0.4433573
0.2761371
0.1362215
0.0276670
-0.0423812
-0.0668716
-0.0577984
-0.0506433
-0.0721130
-0.1106609
-0.1370245
-0.1451441
-0.1517352
-0.1640068
-0.1721485
-0.1697549
-0.1609827
-0.1514645
-0.1481303
-0.1592282
-0.1793088
-0.1874201
-0.1763730
-0.1672883
-0.1773984
-0.1921534
-0.1887371
-0.1683534
-0.1465999
-0.1321588
-0.1317931
-0.1523234
-0.1802234
-0.1852447
-0.1613251
-0.1368077
-0.1302453
-0.1277074
-0.1164106
-0.1042333
-0.0931421
-0.0730113
-0.0527234
-0.0529053
-0.0589237
-0.0324265
0.0215996
0.0566395
0.0613588
0.0704019
0.0924990
0.1022937
0.1103484
0.1541022
0.2097161
0.2154769
0.1980854
0.2498882
0.3431293
0.3105452
0.0895553
