-0.0965978
0.0101377
0.0219410
-0.0164921
-0.0291220
-0.0075043
-0.0126376
-0.0854471
-0.1874452
-0.2464636
-0.2392840
-0.1957033
-0.1202173
0.0523439
0.3872619
0.8383612
1.2365574
1.4121078
1.3273207
1.0836984
0.8109149
0.5679294
0.3492133
0.1545568
0.0193107
-0.0263260
-0.0034369
0.0291907
0.0307761
0.0082603
-0.0086277
-0.0079215
-0.0031630
-0.0091855
-0.0236151
-0.0346768
-0.0383862
-0.0414179
-0.0504930
-0.0656448
-0.0838947
-0.1035800
-0.1222015
-0.1341907
-0.1359425
-0.1323663
-0.1337101
-0.1440126
-0.1557242
-0.1586650
-0.1527123
-0.1478795
-0.1512613
-0.1572831
-0.1538242
-0.1371675
-0.1180421
-0.1116954
-0.1230867
-0.1426930
-0.1559070
-0.1553778
-0.1449998
-0.1342421
-0.1298688
-0.1319744
-0.1359646
-0.1376588
-0.1372556
-0.1390467
-0.1470772
-0.1607649
-0.1750416
-0.1851725
-0.1912048
-0.1971745
-0.2060656
-0.2163623
-0.2240527
-0.2274425
-0.2289103
-0.2316610
-0.2357519
-0.2384151
-0.2379948
-0.2359842
-0.2341538
-0.2305955
-0.2206253
-0.2024981
-0.1810362
-0.1637296
-0.1528774
-0.1431356
-0.1283776
-0.1104228
-0.0987338
-0.1002215
-0.1107139
-0.1187342
-0.1177640
-0.1125006
-0.1116579
-0.1165156
-0.1198080
-0.1164673
-0.1124104
-0.1194321
-0.1413956
-0.1681795
-0.1851631
-0.1877685
-0.1847873
-0.1875564
-0.1980892
-0.2091296
-0.2142547
-0.2151602
-0.2182674
-0.2260163
-0.2335834
-0.2343513
-0.2272286
-0.2175138
-0.2109600
-0.2083657
-0.2067310
-0.2046312
-0.2041936
-0.2067203
-0.2081464
-0.2021300
-0.1890750
-0.1797881
-0.1861708
-0.2066554
-0.2234272
-0.2181136
-0.1913722
-0.1643130
-0.1578455
-0.1714023
-0.1848703
-0.1817863
-0.1671391
-0.1594346
-0.1673561
-0.1796848
-0.1807001
-0.1717515
-0.1715027
-0.1930347
-0.2249670
-0.2405834
-0.2263242
-0.1974295
-0.1824728
-0.1939200
-0.2171940
-0.2287878
-0.2214522
-0.2088073
-0.2070711
-0.2168072
-0.2246591
-0.2203765
-0.2080904
-0.2001249
-0.2029174
-0.2119491
-0.2192962
-0.2221209
-0.2219063
-0.2182282
-0.2077327
-0.1903773
-0.1736750
-0.1673295
-0.1731681
-0.1822964
-0.1835874
-0.1743828
-0.1617968
-0.1541560
-0.1530469
-0.1541114
-0.1533046
-0.1500085
-0.1448564
-0.1377462
-0.1294996
-0.1233553
-0.1220177
-0.1234526
-0.1223537
-0.1171846
-0.1138251
-0.1193434
-0.1319785
-0.1400531
-0.1330408
-0.1128723
-0.0922251
-0.0818756
-0.0820602
-0.0865301
-0.0912718
-0.0954676
-0.0955851
-0.0848056
-0.0622241
-0.0397559
-0.0337942
-0.0476364
-0.0655390
-0.0682334
-0.0536321
-0.0379636
-0.0350609
-0.0389340
-0.0319279
-0.0090728
0.0121822
0.0106337
-0.0131405
-0.0353518
-0.0341347
-0.0123323
0.0074182
0.0080064
-0.0055580
-0.0145477
-0.0073071
0.0106956
0.0249398
0.0264379
0.0192414
0.0171100
0.0323333
0.0624504
0.0857836
0.0767800
0.0340677
-0.0091679
-0.0151206
0.0123324
0.0233405
-0.0160947
-0.0537202
0.0370739
0.3464980
0.8174914
1.2560717
1.4706484
1.4129028
1.1878671
0.9365133
0.7206446
0.5193532
0.3122226
0.1356255
0.0484988
0.0594603
0.1083503
0.1237290
0.0885764
0.0432811
0.0312695
0.0530692
0.0747881
0.0710688
0.0499724
0.0370651
0.0440155
0.0582773
0.0608433
0.0482957
0.0352103
0.0371061
0.0538966
0.0706924
0.0733773
0.0618353
0.0480292
0.0429912
0.0473445
0.0538625
0.0565544
0.0552001
0.0519628
0.0468802
0.0391670
0.0319564
0.0319801
0.0417859
0.0535054
0.0542756
0.0401591
0.0231363
0.0210929
0.0394816
0.0639606
0.0727588
0.0569131
0.0281572
0.0069029
0.0029729
0.0084550
0.0085708
-0.0024332
-0.0173079
-0.0262775
-0.0287904
-0.0334862
-0.0474157
-0.0669660
-0.0801096
-0.0770996
-0.0583289
-0.0322295
-0.0076951
0.0091873
0.0123315
-0.0039726
-0.0352920
-0.0585616
-0.0433719
0.0175444
0.0885841
0.1129434
0.0654495
-0.0158539
-0.0602230
-0.0326628
0.0321662
0.0706337
0.0606122
0.0400069
0.0535691
0.0966350
0.1266889
0.1239034
0.1166176
0.1358790
0.1628692
0.1476558
0.0806126
0.0178525
0.0155333
0.0534821
0.0555610
-0.0080499
-0.0689636
-0.0390718
0.0699079
0.1420537
0.0883368
-0.0414053
-0.1076814
-0.0403443
0.0795795
0.1108210
0.0069908
-0.1405157
-0.2075395
-0.1586473
-0.0562390
0.0258096
0.0690225
0.0957764
0.1205220
0.1365826
0.1393098
0.1371934
0.1339717
0.1160067
0.0716467
0.0184165
-0.0036103
0.0278905
0.0889539
0.1284117
0.1177179
0.0795815
0.0636126
0.0910519
0.1251813
0.1043098
0.0129994
-0.0809827
-0.0764673
0.0579015
0.2318962
0.3050432
0.2253684
0.0903410
0.0513045
0.1532676
0.2854848
0.3035543
0.1900223
0.0728801
0.0819841
0.2078700
0.3203966
0.3175056
0.2296629
0.1685328
0.1938208
0.2567755
0.2734287
0.2261779
0.1737911
0.1725821
0.2135934
0.2453647
0.2408154
0.2222195
0.2224012
0.2400088
0.2446919
0.2189721
0.1802853
0.1580065
0.1585791
0.1626361
0.1535652
0.1382402
0.1347536
0.1458945
0.1536725
0.1416901
0.1170888
0.1046443
0.1191202
0.1476853
0.1628509
0.1515878
0.1279260
0.1155607
0.1215487
0.1315062
0.1301278
0.1208702
0.1211386
0.1398584
0.1651325
0.1766783
0.1680507
0.1529708
0.1497705
0.1630958
0.1826403
0.1963781
0.2002273
0.1955784
0.1840703
0.1692104
0.1592934
0.1614476
0.1713312
0.1741908
0.1605666
0.1385871
0.1254586
0.1264471
0.1278452
0.1146352
0.0909819
0.0752365
0.0736854
0.0688187
0.0429855
0.0098190
0.0070353
0.0481071
0.0881534
0.0550318
-0.0750171
-0.2355534
-0.3115121
-0.2255220
0.0167061
0.3574361
0.7415888
1.1233668
1.4281038
1.5455673
1.4008064
1.0424008
0.6391072
0.3604610
0.2482208
0.2083088
0.1300980
0.0047045
-0.0810657
-0.0586003
0.0340596
0.0870423
0.0332453
-0.0852501
-0.1653926
-0.1454829
-0.0533758
0.0360144
0.0742831
0.0682339
0.0507450
0.0401751
0.0312531
0.0147982
-0.0055589
-0.0183453
-0.0197342
-0.0187291
-0.0273181
-0.0484637
-0.0743960
-0.0947434
-0.1052257
-0.1094744
-0.1138151
-0.1208517
-0.1283815
-0.1343374
-0.1410994
-0.1528257
-0.1686356
-0.1810663
-0.1834410
-0.1781356
-0.1753009
-0.1823080
-0.1955775
-0.2046807
-0.2046157
-0.2016783
-0.2049214
-0.2128874
-0.2126667
-0.1943216
-0.1643488
-0.1417179
-0.1400213
-0.1550463
-0.1704271
-0.1742925
-0.1695256
-0.1686012
-0.1800225
-0.2005004
-0.2193987
-0.2289611
-0.2294779
-0.2261091
-0.2230889
-0.2214401
-0.2204303
-0.2194830
-0.2186021
-0.2177316
-0.2163594
-0.2142570
-0.2126166
-0.2133247
-0.2158913
-0.2157219
-0.2075937
-0.1919927
-0.1769838
-0.1721387
-0.1799526
-0.1935681
-0.2034090
-0.2060212
-0.2057710
-0.2076387
-0.2099163
-0.2064856
-0.1964138
-0.1878905
-0.1894306
-0.1981567
-0.2007809
-0.1883817
-0.1684461
-0.1590804
-0.1701833
-0.1921419
-0.2055913
-0.2023705
-0.1940437
-0.1976658
-0.2152138
-0.2313197
-0.2322493
-0.2233777
-0.2242831
-0.2471564
-0.2829519
-0.3098710
-0.3140796
-0.3009930
-0.2873459
-0.2846049
-0.2913007
-0.2997529
-0.3065962
-0.3147043
-0.3264468
-0.3381590
-0.3424744
-0.3355170
-0.3215837
-0.3110533
-0.3129259
-0.3277139
-0.3468108
-0.3593062
-0.3602206
-0.3528991
-0.3443507
-0.3385427
-0.3332935
-0.3229902
-0.3051907
-0.2855347
-0.2750836
-0.2803879
-0.2951773
-0.3034790
-0.2936718
-0.2709038
-0.2544471
-0.2600037
-0.2833205
-0.3031851
-0.3030490
-0.2888117
-0.2820548
-0.2951562
-0.3164277
-0.3224384
-0.3033782
-0.2731361
-0.2543520
-0.2565686
-0.2709749
-0.2844373
-0.2939765
-0.3048389
-0.3171414
-0.3206247
-0.3060889
-0.2795583
-0.2602372
-0.2624882
-0.2812709
-0.2968711
-0.2939975
-0.2759917
-0.2605099
-0.2615249
-0.2759553
-0.2884710
-0.2887885
-0.2820855
-0.2811381
-0.2898486
-0.2971700
-0.2877319
-0.2570678
-0.2161601
-0.1828386
-0.1699096
-0.1793870
-0.2031974
-0.2263388
-0.2326437
-0.2152136
-0.1850091
-0.1644072
-0.1659218
-0.1793386
-0.1878391
-0.1967038
-0.2317672
-0.2941559
-0.3187632
-0.1995691
0.1187029
0.5638089
0.9585738
1.1373404
1.0572937
0.8090778
0.5291311
0.3040291
0.1459524
0.0335586
-0.0453045
-0.0901212
-0.1070911
-0.1149159
-0.1291571
-0.1479634
-0.1580547
-0.1531978
-0.1429420
-0.1420556
-0.1536389
-0.1651366
-0.1609613
-0.1376206
-0.1066203
-0.0843880
-0.0797876
-0.0892078
-0.1014408
-0.1072232
-0.1054852
-0.1018287
-0.1020695
-0.1073765
-0.1141101
-0.1167617
-0.1119132
-0.1016328
-0.0931505
-0.0930219
-0.1007064
-0.1093065
-0.1130471
-0.1118947
-0.1076121
-0.0981752
-0.0806677
-0.0605504
-0.0532465
-0.0700169
-0.1004576
-0.1143908
-0.0886259
-0.0336973
0.0107481
0.0116345
-0.0268893
-0.0698140
-0.0858616
-0.0726983
-0.0501974
-0.0357350
-0.0303033
-0.0259511
-0.0201279
-0.0186217
-0.0258423
-0.0367144
-0.0407667
-0.0328276
-0.0174184
-0.0034221
0.0029445
0.0001551
-0.0098591
-0.0224625
-0.0311116
-0.0297906
-0.0157844
0.0090012
0.0380965
0.0623292
0.0748984
0.0775405
0.0811190
0.0969125
0.1248667
0.1511279
0.1604057
0.1530397
0.1478686
0.1638191
0.1978376
0.2255282
0.2270703
0.2094901
0.1982329
0.2075614
0.2252484
0.2290591
0.2137705
0.1963407
0.1950133
0.2091767
0.2234783
0.2282599
0.2289913
0.2341703
0.2410465
0.2403529
0.2323168
0.2285462
0.2350233
0.2409741
0.2322685
0.2128957
0.2038562
0.2174195
0.2387953
0.2409985
0.2179360
0.1956089
0.2046523
0.2439788
0.2789827
0.2787622
0.2499951
0.2282808
0.2381230
0.2684303
0.2892786
0.2868878
0.2762249
0.2801435
0.3018313
0.3218523
0.3213210
0.3035495
0.2896569
0.2946017
0.3124105
0.3266145
0.3308576
0.3342155
0.3468088
0.3651156
0.3747300
0.3665935
0.3475697
0.3332666
0.3313337
0.3346339
0.3321993
0.3239996
0.3205178
0.3277725
0.3374955
0.3353237
0.3169562
0.2933975
0.2803463
0.2836407
0.2943580
0.2964429
0.2793703
0.2460783
0.2116976
0.1953249
0.2094466
0.2510188
0.2993718
0.3260074
0.3131424
0.2671275
0.2146572
0.1848388
0.1913536
0.2257575
0.2640494
0.2828060
0.2757653
0.2575442
0.2487742
0.2557196
0.2660275
0.2656009
0.2562574
0.2510624
0.2509667
0.2332590
0.1740885
0.0858654
0.0226911
0.0351332
0.1164452
0.2018052
0.2273911
0.1877233
0.1313492
0.1052393
0.1120889
0.1216183
0.1118611
0.0884926
0.0660295
0.0438812
0.0117715
-0.0250292
-0.0397854
-0.0115469
0.0466693
0.0945233
0.0977656
0.0498160
-0.0352100
-0.1364509
-0.2258911
-0.2655192
-0.2264254
-0.1227027
-0.0183865
0.0192937
-0.0132489
-0.0417149
0.0152455
0.1502296
0.2507898
0.1983366
-0.0041894
-0.2052902
-0.2157813
0.0415905
0.4808365
0.9359156
1.2819538
1.4753562
1.5024755
1.3367855
0.9801793
0.5334705
0.1761397
0.0355298
0.0755130
0.1376979
0.1025231
-0.0026577
-0.0626690
-0.0224204
0.0527662
0.0686807
0.0247995
0.0135070
0.0978927
0.2212919
0.2616606
0.1666703
0.0119177
-0.0785288
-0.0526604
0.0358692
0.0984971
0.0967379
0.0590439
0.0343545
0.0444479
0.0763055
0.1031949
0.1042736
0.0732046
0.0229789
-0.0156346
-0.0129390
0.0318705
0.0842187
0.1036372
0.0819716
0.0487928
0.0374052
0.0484842
0.0510162
0.0200062
-0.0299252
-0.0541787
-0.0249437
0.0342750
0.0667868
0.0373665
-0.0337696
-0.0921466
-0.1005337
-0.0677820
-0.0312369
-0.0174386
-0.0225777
-0.0276644
-0.0253172
-0.0260449
-0.0400517
-0.0608788
-0.0719588
-0.0655953
-0.0496627
-0.0366824
-0.0318907
-0.0330403
-0.0370499
-0.0430779
-0.0500269
-0.0538328
-0.0491036
-0.0341298
-0.0135010
0.0057796
0.0206098
0.0326612
0.0438126
0.0540658
0.0644367
0.0778746
0.0947995
0.1102469
0.1181845
0.1175227
0.1121741
0.1064303
0.1018563
0.0978163
0.0935798
0.0897678
0.0876237
0.0867339
0.0850409
0.0826608
0.0837654
0.0914811
0.1017091
0.1056108
0.0988347
0.0858935
0.0751111
0.0712658
0.0730958
0.0756761
0.0746245
0.0692982
0.0622689
0.0556804
0.0495264
0.0438988
0.0402633
0.0387274
0.0364998
0.0315818
0.0261805
0.0238538
0.0244865
0.0243994
0.0206937
0.0139441
0.0073933
0.0043319
0.0050190
0.0057239
0.0025874
-0.0031934
-0.0061741
-0.0030511
0.0040556
0.0109350
0.0151681
0.0162431
0.0148095
0.0129467
0.0128569
0.0142248
0.0144816
0.0121463
0.0087167
0.0075997
0.0119676
0.0215913
0.0298210
0.0267331
0.0094913
-0.0120379
-0.0245554
-0.0256031
-0.0241766
-0.0271599
-0.0303630
-0.0261179
-0.0173152
-0.0191173
-0.0431468
-0.0800334
-0.1028101
-0.0934554
-0.0646870
-0.0484579
-0.0616417
-0.0901147
-0.1095435
-0.1137282
-0.1150498
-0.1220754
-0.1274563
-0.1204402
-0.1046367
-0.0968034
-0.1072172
-0.1252596
-0.1293634
-0.1116530
-0.0872938
-0.0759015
-0.0789006
-0.0819645
-0.0764623
-0.0692396
-0.0703812
-0.0795216
-0.0881493
-0.0905532
-0.0883931
-0.0865514
-0.0873696
-0.0889998
-0.0889283
-0.0884540
-0.0916087
-0.0993235
-0.1080354
-0.1153631
-0.1229247
-0.1312183
-0.1366920
-0.1379993
-0.1408360
-0.1511292
-0.1658505
-0.1756810
-0.1761076
-0.1726891
-0.1757791
-0.1911245
-0.2138792
-0.2315621
-0.2359624
-0.2323312
-0.2328903
-0.2411495
-0.2477342
-0.2427689
-0.2272887
-0.2107073
-0.2013639
-0.2009227
-0.2039768
-0.2019930
-0.1911394
-0.1765966
-0.1661489
-0.1609004
-0.1564915
-0.1515786
-0.1495384
-0.1526371
-0.1596560
-0.1685660
-0.1769762
-0.1810405
-0.1783891
-0.1714193
-0.1648935
-0.1625236
-0.1678104
-0.1829931
-0.2029186
-0.2153083
-0.2131507
-0.2034496
-0.1988377
-0.2038721
-0.2135145
-0.2209838
-0.2230501
-0.2215243
-0.2229687
-0.2330173
-0.2486380
-0.2606047
-0.2651439
-0.2675117
-0.2726632
-0.2785659
-0.2801352
-0.2739991
-0.2594556
-0.2413359
-0.2303027
-0.2312761
-0.2327306
-0.2183221
-0.1896676
-0.1664053
-0.1613470
-0.1661810
-0.1665092
-0.1629594
-0.1687980
-0.1826176
-0.1613083
-0.0285779
0.2657566
0.6773857
1.0677004
1.2927676
1.2997150
1.1392261
0.9015476
0.6550988
0.4324968
0.2458438
0.1020508
0.0066943
-0.0443940
-0.0723630
-0.1015445
-0.1351208
-0.1571681
-0.1619404
-0.1644541
-0.1763706
-0.1903215
-0.1972597
-0.2011877
-0.2066255
-0.2089446
-0.2067667
-0.2068018
-0.2085733
-0.2026857
-0.1902950
-0.1839875
-0.1850527
-0.1825416
-0.1764188
-0.1746389
-0.1684542
-0.1451138
-0.1236776
-0.1346294
-0.1620965
-0.1591658
-0.1287019
-0.1259122
-0.1593259
-0.1582471
-0.0799371
