0.0972484
0.1082729
0.1098062
0.1115315
0.1238307
0.1460561
0.1673813
0.1782662
0.1791743
0.1774883
0.1772462
0.1737476
0.1589748
0.1315838
0.1000867
0.0751366
0.0590056
0.0442313
0.0236545
0.0004432
-0.0146209
-0.0165375
-0.0136003
-0.0177079
-0.0279657
-0.0296470
-0.0134764
0.0077340
0.0096213
-0.0144624
-0.0422685
-0.0487271
-0.0391771
-0.0411410
-0.0521370
-0.0041474
0.1960018
0.5706182
1.0134191
1.3411414
1.4195837
1.2519406
0.9541861
0.6534249
0.4106364
0.2255872
0.0886893
0.0080665
-0.0109301
0.0073220
0.0187189
-0.0025119
-0.0430801
-0.0706804
-0.0700614
-0.0552213
-0.0491713
-0.0587090
-0.0716214
-0.0742177
-0.0661106
-0.0575312
-0.0563596
-0.0608208
-0.0637752
-0.0613707
-0.0566021
-0.0555231
-0.0607622
-0.0682713
-0.0701260
-0.0614908
-0.0460086
-0.0340239
-0.0339053
-0.0440875
-0.0541884
-0.0549946
-0.0474343
-0.0410261
-0.0433473
-0.0518285
-0.0565515
-0.0506970
-0.0374040
-0.0263173
-0.0241410
-0.0289869
-0.0334710
-0.0326054
-0.0285194
-0.0277739
-0.0341546
-0.0439482
-0.0485221
-0.0423267
-0.0288960
-0.0184798
-0.0187002
-0.0271611
-0.0339377
-0.0319502
-0.0243273
-0.0204284
-0.0245515
-0.0299811
-0.0255471
-0.0078119
0.0147361
0.0304852
0.0369773
0.0430610
0.0584584
0.0823052
0.1034847
0.1125676
0.1122773
0.1148971
0.1292459
0.1511519
0.1675429
0.1697381
0.1619527
0.1563536
0.1602286
0.1688950
0.1716043
0.1638510
0.1528194
0.1501319
0.1595815
0.1728073
0.1774811
0.1694938
0.1565653
0.1497417
0.1518818
0.1552543
0.1505953
0.1377341
0.1262879
0.1257168
0.1354894
0.1458093
0.1478199
0.1421824
0.1371199
0.1386282
0.1438075
0.1444705
0.1368119
0.1264196
0.1231199
0.1311092
0.1446386
0.1534361
0.1520953
0.1442291
0.1380242
0.1382431
0.1424365
0.1443406
0.1404907
0.1335757
0.1297464
0.1328564
0.1410447
0.1484756
0.1503599
0.1467130
0.1416277
0.1388827
0.1381183
0.1354328
0.1279971
0.1180080
0.1115408
0.1128919
0.1199437
0.1256006
0.1243895
0.1176753
0.1118218
0.1109083
0.1119046
0.1081058
0.0975146
0.0866547
0.0846828
0.0934818
0.1045635
0.1067750
0.0971214
0.0834243
0.0761887
0.0784660
0.0841079
0.0851935
0.0798399
0.0725715
0.0685615
0.0689801
0.0714887
0.0733702
0.0732505
0.0709993
0.0677442
0.0660565
0.0684104
0.0741586
0.0787721
0.0778970
0.0727361
0.0700393
0.0753077
0.0864417
0.0957822
0.0988918
0.0997671
0.1059019
0.1189602
0.1324969
0.1396987
0.1417223
0.1462451
0.1576503
0.1704808
0.1740322
0.1628316
0.1410842
0.1166362
0.0921921
0.0639665
0.0286633
-0.0096794
-0.0406919
-0.0557073
-0.0553501
-0.0498205
-0.0510369
-0.0625588
-0.0762096
-0.0799847
-0.0712298
-0.0614897
-0.0655300
-0.0844999
-0.1032344
-0.1082117
-0.1059289
-0.1136523
-0.1230456
-0.0759968
0.1069824
0.4551351
0.8950666
1.2749697
1.4557487
1.3955997
1.1603800
0.8612390
0.5819979
0.3535267
0.1761430
0.0485071
-0.0282131
-0.0629743
-0.0781786
-0.0956899
-0.1220804
-0.1494076
-0.1678619
-0.1748905
-0.1739586
-0.1695648
-0.1658342
-0.1670688
-0.1753796
-0.1871483
-0.1948895
-0.1950115
-0.1926188
-0.1960269
-0.2062429
-0.2143643
-0.2113238
-0.1991283
-0.1899600
-0.1934445
-0.2063831
-0.2164970
-0.2157863
-0.2086788
-0.2065328
-0.2151031
-0.2285034
-0.2354563
-0.2306807
-0.2198360
-0.2138844
-0.2191222
-0.2322450
-0.2441882
-0.2485626
-0.2470300
-0.2469914
-0.2538290
-0.2651105
-0.2726544
-0.2707075
-0.2620205
-0.2554738
-0.2576436
-0.2670040
-0.2764845
-0.2811762
-0.2827846
-0.2863904
-0.2935891
-0.2997759
-0.2984749
-0.2879734
-0.2734512
-0.2627170
-0.2596521
-0.2609654
-0.2587865
-0.2471273
-0.2270976
-0.2061128
-0.1911027
-0.1818354
-0.1714796
-0.1546282
-0.1344603
-0.1204595
-0.1180659
-0.1215796
-0.1194536
-0.1074335
-0.0947698
-0.0950813
-0.1108677
-0.1291221
-0.1338861
-0.1224717
-0.1076950
-0.1040550
-0.1132753
-0.1243587
-0.1266424
-0.1207466
-0.1162124
-0.1200514
-0.1294466
-0.1355682
-0.1328337
-0.1235254
-0.1145084
-0.1110539
-0.1136577
-0.1190262
-0.1229789
-0.1231693
-0.1205238
-0.1184785
-0.1199323
-0.1239847
-0.1257591
-0.1204823
-0.1086510
-0.0969641
-0.0930589
-0.0985686
-0.1076849
-0.1132141
-0.1138814
-0.1147535
-0.1200588
-0.1265580
-0.1257107
-0.1132821
-0.0959331
-0.0864300
-0.0913550
-0.1043575
-0.1127585
-0.1104823
-0.1029645
-0.0990671
-0.1002248
-0.0997551
-0.0924793
-0.0823430
-0.0785168
-0.0846122
-0.0939861
-0.0968995
-0.0913134
-0.0848536
-0.0858022
-0.0935826
-0.0994391
-0.0961340
-0.0856425
-0.0767478
-0.0757430
-0.0803723
-0.0831181
-0.0799969
-0.0753152
-0.0769462
-0.0867735
-0.0967889
-0.0960813
-0.0822303
-0.0650009
-0.0576515
-0.0643007
-0.0764110
-0.0819893
-0.0774339
-0.0692045
-0.0642338
-0.0611103
-0.0528982
-0.0379170
-0.0245058
-0.0228572
-0.0330194
-0.0433222
-0.0414515
-0.0259178
-0.0058220
0.0094915
0.0187381
0.0269273
0.0379074
0.0509079
0.0637197
0.0761971
0.0886368
0.0979919
0.0984577
0.0869303
0.0669314
0.0461223
0.0298488
0.0169521
0.0012043
-0.0230586
-0.0550828
-0.0860477
-0.1044502
-0.1061016
-0.0998326
-0.1006373
-0.1140057
-0.1279724
-0.1251239
-0.1043184
-0.0861922
-0.0919365
-0.1184947
-0.1422980
-0.1491280
-0.1490667
-0.1478144
-0.1041409
0.0635652
0.4038504
0.8564902
1.2609315
1.4585456
1.4004654
1.1635446
0.8697587
0.5968678
0.3607008
0.1600249
0.0122058
-0.0621829
-0.0744729
-0.0688076
-0.0835727
-0.1194337
-0.1501484
-0.1591234
-0.1569057
-0.1630052
-0.1796077
-0.1904158
-0.1831229
-0.1655464
-0.1565011
-0.1646790
-0.1810132
-0.1909028
-0.1895549
-0.1836551
-0.1810196
-0.1823509
-0.1833424
-0.1818296
-0.1801953
-0.1810215
-0.1829230
-0.1826344
-0.1805727
-0.1818949
-0.1904680
-0.2025860
-0.2087525
-0.2029301
-0.1895603
-0.1801372
-0.1821494
-0.1918967
-0.1990418
-0.1979541
-0.1931206
-0.1927114
-0.1983951
-0.2037942
-0.2030337
-0.1982978
-0.1969008
-0.2018383
-0.2079881
-0.2089064
-0.2056372
-0.2059444
-0.2140317
-0.2232893
-0.2221295
-0.2073102
-0.1889946
-0.1805467
-0.1841120
-0.1884798
-0.1815895
-0.1632406
-0.1439200
-0.1320740
-0.1249828
-0.1132529
-0.0927112
-0.0693791
-0.0522928
-0.0437008
-0.0384862
-0.0322106
-0.0263824
-0.0242623
-0.0238500
-0.0185926
-0.0058078
0.0080076
0.0126723
0.0050287
-0.0075740
-0.0152565
-0.0157419
-0.0149414
-0.0181313
-0.0232187
-0.0241439
-0.0190438
-0.0122976
-0.0087477
-0.0088103
-0.0105864
-0.0142742
-0.0212743
-0.0292987
-0.0320038
-0.0258860
-0.0159043
-0.0109857
-0.0135723
-0.0167260
-0.0137142
-0.0080364
-0.0097355
-0.0215805
-0.0333391
-0.0328863
-0.0206897
-0.0091862
-0.0080347
-0.0141779
-0.0183495
-0.0177861
-0.0180015
-0.0227137
-0.0272546
-0.0250085
-0.0174037
-0.0126667
-0.0145961
-0.0173491
-0.0141658
-0.0078374
-0.0074131
-0.0148413
-0.0202175
-0.0133935
0.0025870
0.0138313
0.0110447
-0.0009853
-0.0104900
-0.0120992
-0.0100610
-0.0096789
-0.0101445
-0.0077956
-0.0032469
-0.0010589
-0.0026138
-0.0035340
-0.0004133
0.0027029
-0.0015076
-0.0131305
-0.0222693
-0.0190059
-0.0047486
0.0085696
0.0106339
0.0025190
-0.0060724
-0.0076576
-0.0033683
0.0008224
0.0016804
0.0010452
0.0020014
0.0050279
0.0081142
0.0089629
0.0065174
0.0020143
-0.0001883
0.0056450
0.0212403
0.0399506
0.0499925
0.0447627
0.0305631
0.0225489
0.0313936
0.0537543
0.0763183
0.0887093
0.0914901
0.0924893
0.0982008
0.1100028
0.1258998
0.1420321
0.1525456
0.1520548
0.1411625
0.1280556
0.1213173
0.1202552
0.1141872
0.0927809
0.0565726
0.0166133
-0.0150913
-0.0334465
-0.0405011
-0.0420076
-0.0447004
-0.0524270
-0.0607489
-0.0582237
-0.0397675
-0.0190906
-0.0195741
-0.0469556
-0.0773397
-0.0834238
-0.0715056
-0.0752503
-0.0973460
-0.0643913
0.1323548
0.5262946
1.0033766
1.3580667
1.4407945
1.2616010
0.9569309
0.6651109
0.4377084
0.2558756
0.1017360
-0.0081173
-0.0534487
-0.0502737
-0.0434564
-0.0625019
-0.0961611
-0.1140650
-0.1055224
-0.0894755
-0.0890126
-0.1052152
-0.1201684
-0.1207739
-0.1129686
-0.1120395
-0.1236792
-0.1380409
-0.1415637
-0.1318875
-0.1198321
-0.1175303
-0.1261721
-0.1360758
-0.1379045
-0.1322509
-0.1276997
-0.1306256
-0.1384436
-0.1432530
-0.1410427
-0.1358678
-0.1346311
-0.1391569
-0.1451866
-0.1488384
-0.1512748
-0.1550922
-0.1580798
-0.1545396
-0.1439770
-0.1354035
-0.1393453
-0.1553019
-0.1699744
-0.1703718
-0.1581417
-0.1484022
-0.1531918
-0.1679636
-0.1770647
-0.1721119
-0.1614858
-0.1596879
-0.1697121
-0.1797517
-0.1776546
-0.1651724
-0.1550777
-0.1552841
-0.1592941
-0.1540693
-0.1353499
-0.1119420
-0.0945488
-0.0837674
-0.0720242
-0.0556541
-0.0404705
-0.0335855
-0.0327657
-0.0277230
-0.0121559
0.0082548
0.0215985
0.0223382
0.0160632
0.0115314
0.0104425
0.0075613
0.0001268
-0.0067049
-0.0061896
0.0003217
0.0039332
-0.0007881
-0.0084348
-0.0092224
-0.0020303
0.0023371
-0.0069035
-0.0264497
-0.0399583
-0.0349408
-0.0170706
-0.0047636
-0.0091378
-0.0220502
-0.0260490
-0.0147064
-0.0000766
0.0007515
-0.0154695
-0.0345003
-0.0394682
-0.0276704
-0.0116643
-0.0047990
-0.0080708
-0.0122788
-0.0109957
-0.0079920
-0.0109685
-0.0204757
-0.0279211
-0.0249837
-0.0133652
-0.0035992
-0.0039647
-0.0117328
-0.0167345
-0.0133683
-0.0070291
-0.0071381
-0.0150173
-0.0213565
-0.0166812
-0.0027890
0.0081258
0.0060740
-0.0060226
-0.0153483
-0.0130727
-0.0040311
-0.0011069
-0.0102224
-0.0230401
-0.0260462
-0.0157900
-0.0029585
-0.0008372
-0.0111669
-0.0228234
-0.0243508
-0.0163245
-0.0099218
-0.0136003
-0.0234134
-0.0282053
-0.0231577
-0.0153341
-0.0151323
-0.0246041
-0.0362130
-0.0420431
-0.0417219
-0.0406021
-0.0419939
-0.0434613
-0.0412374
-0.0364994
-0.0349179
-0.0394913
-0.0456563
-0.0453388
-0.0356369
-0.0221983
-0.0137379
-0.0138501
-0.0182232
-0.0191964
-0.0127207
-0.0009890
0.0115628
0.0240093
0.0391354
0.0574301
0.0730152
0.0785393
0.0747229
0.0727258
0.0844057
0.1096377
0.1346069
0.1439971
0.1346850
0.1163565
0.0991525
0.0834637
0.0634405
0.0376785
0.0119303
-0.0088091
-0.0261821
-0.0436911
-0.0593169
-0.0675474
-0.0681650
-0.0680816
-0.0722528
-0.0766726
-0.0750740
-0.0707876
-0.0747022
-0.0885663
-0.0980155
-0.0921908
-0.0871415
-0.1113890
-0.1531251
-0.1293838
0.0648805
0.4525816
0.9153680
1.2528140
1.3202932
1.1252661
0.8008998
0.4931749
0.2699241
0.1196859
0.0107912
-0.0653931
-0.1018529
-0.1037952
-0.0943486
-0.0948670
-0.1084191
-0.1244882
-0.1344046
-0.1387323
-0.1427099
-0.1494405
-0.1583395
-0.1670674
-0.1725817
-0.1717346
-0.1640991
-0.1549465
-0.1526617
-0.1607267
-0.1732367
-0.1806749
-0.1799283
-0.1765032
-0.1767411
-0.1803324
-0.1820311
-0.1792638
-0.1756847
-0.1766819
-0.1827389
-0.1888834
-0.1910443
-0.1913737
-0.1951927
-0.2028620
-0.2075452
-0.2031174
-0.1928310
-0.1871886
-0.1926104
-0.2041695
-0.2111570
-0.2093335
-0.2058997
-0.2110632
-0.2252460
-0.2369449
-0.2349504
-0.2214620
-0.2104510
-0.2128018
-0.2255444
-0.2368568
-0.2393102
-0.2356220
-0.2322801
-0.2307701
-0.2269307
-0.2177949
-0.2063838
-0.1980971
-0.1934004
-0.1868111
-0.1741607
-0.1585517
-0.1464943
-0.1389684
-0.1294368
-0.1118615
-0.0888861
-0.0702938
-0.0634329
-0.0659862
-0.0686119
-0.0647014
-0.0569634
-0.0535367
-0.0578823
-0.0642473
-0.0640936
-0.0557262
-0.0459710
-0.0427651
-0.0475487
-0.0551559
-0.0601064
-0.0620113
-0.0644387
-0.0690397
-0.0726131
-0.0714880
-0.0675500
-0.0668419
-0.0714952
-0.0759893
-0.0739447
-0.0673403
-0.0657684
-0.0752392
-0.0892469
-0.0934685
-0.0806929
-0.0600308
-0.0487518
-0.0541231
-0.0656674
-0.0675564
-0.0568427
-0.0457931
-0.0461038
-0.0546312
-0.0573599
-0.0459805
-0.0274880
-0.0163303
-0.0185875
-0.0262260
-0.0276171
-0.0213230
-0.0162627
-0.0186357
-0.0230595
-0.0195264
-0.0067001
0.0058148
0.0086672
0.0031012
-0.0016166
0.0003625
0.0050560
0.0046251
-0.0017046
-0.0056289
-0.0000393
0.0111219
0.0168226
0.0124172
0.0052597
0.0051298
0.0119808
0.0164390
0.0117915
0.0024644
-0.0008975
0.0062684
0.0171011
0.0213402
0.0173559
0.0133516
0.0160448
0.0216486
0.0213594
0.0140399
0.0090200
0.0152974
0.0309255
0.0450875
0.0493638
0.0450315
0.0392927
0.0361182
0.0330542
0.0278241
0.0255597
0.0352591
0.0579406
0.0817040
0.0917597
0.0846562
0.0707116
0.0631992
0.0671588
0.0785509
0.0919104
0.1066285
0.1250726
0.1459166
0.1625816
0.1704711
0.1736675
0.1804586
0.1921644
0.2004424
0.1975594
0.1863811
0.1771517
0.1753136
0.1750782
0.1655683
0.1419799
0.1096427
0.0775983
0.0503594
0.0277678
0.0109219
0.0032289
0.0041903
0.0071085
0.0070954
0.0079426
0.0153974
0.0253139
0.0257061
0.0124622
-0.0036867
-0.0117467
-0.0176508
-0.0343267
-0.0455270
0.0147851
0.2266120
0.6063622
1.0588815
1.4175997
1.5493526
1.4349445
1.1613633
0.8470774
0.5732575
0.3671297
0.2249757
0.1361778
0.0883854
0.0633983
0.0409807
0.0114027
-0.0186801
-0.0363344
-0.0375346
-0.0304995
-0.0262561
-0.0296003
-0.0383196
-0.0471287
-0.0517772
-0.0522970
-0.0530187
-0.0575879
-0.0642098
-0.0678579
-0.0666390
-0.0635779
-0.0623707
-0.0637110
-0.0660519
-0.0683588
-0.0715296
-0.0770298
-0.0834041
-0.0852063
-0.0786174
-0.0683756
-0.0648376
-0.0721120
-0.0829381
-0.0882141
-0.0881932
-0.0903549
-0.0982444
-0.1066381
-0.1080576
-0.1018721
-0.0958639
-0.0982656
-0.1081832
-0.1161785
-0.1163056
-0.1143781
-0.1197108
-0.1310505
-0.1373817
-0.1326996
-0.1233782
-0.1190935
-0.1219780
-0.1275011
-0.1318368
-0.1347544
-0.1367565
-0.1357884
-0.1277123
-0.1111427
-0.0913761
-0.0759461
-0.0652500
-0.0525462
-0.0356757
-0.0223349
-0.0184065
-0.0168196
-0.0056455
0.0157797
0.0359148
0.0446734
0.0423715
0.0362426
0.0326360
0.0320621
0.0296306
0.0219102
0.0133732
0.0116022
0.0161416
0.0187757
0.0154716
0.0097997
0.0033007
-0.0073469
-0.0202932
-0.0260234
-0.0200142
-0.0094366
-0.0031920
-0.0033700
-0.0088841
-0.0180083
-0.0254557
-0.0273283
-0.0295118
-0.0390583
-0.0484783
-0.0447018
-0.0327703
-0.0305063
-0.0389834
-0.0426854
-0.0427157
-0.0605011
-0.0975104
