-0.0973579
-0.1146982
-0.0824492
-0.0708902
-0.0915013
-0.1027874
-0.0912980
-0.0835091
-0.0891517
-0.0892636
-0.0792756
-0.0780685
-0.0914881
-0.1029205
-0.1022839
-0.0954230
-0.0855442
-0.0712293
-0.0605140
-0.0631811
-0.0721005
-0.0734172
-0.0703817
-0.0761359
-0.0877754
-0.0886035
-0.0737708
-0.0558098
-0.0463109
-0.0462486
-0.0517711
-0.0577150
-0.0586934
-0.0556472
-0.0560507
-0.0609515
-0.0607097
-0.0512134
-0.0436555
-0.0484361
-0.0590265
-0.0622998
-0.0569470
-0.0517238
-0.0517257
-0.0550378
-0.0582675
-0.0590853
-0.0571775
-0.0558630
-0.0580400
-0.0601125
-0.0572351
-0.0542141
-0.0610185
-0.0758890
-0.0835622
-0.0741848
-0.0556252
-0.0432629
-0.0440969
-0.0534495
-0.0615194
-0.0611853
-0.0535578
-0.0460210
-0.0418478
-0.0353233
-0.0223524
-0.0108215
-0.0116061
-0.0217664
-0.0257747
-0.0135897
0.0091699
0.0292138
0.0387364
0.0410028
0.0465417
0.0628214
0.0855778
0.1028705
0.1088977
0.1088885
0.1083209
0.1039947
0.0905025
0.0702252
0.0511303
0.0372175
0.0248005
0.0062499
-0.0236333
-0.0609791
-0.0918748
-0.1039080
-0.1009042
-0.1001868
-0.1115136
-0.1239523
-0.1192998
-0.0967048
-0.0784449
-0.0878693
-0.1219250
-0.1509863
-0.1533518
-0.1468707
-0.1680679
-0.2056437
-0.1666832
0.0608083
0.4919618
0.9934982
1.3594020
1.4502384
1.2743663
0.9528019
0.6179155
0.3414474
0.1371331
0.0014228
-0.0679640
-0.0854872
-0.0841206
-0.0932692
-0.1162152
-0.1379032
-0.1497976
-0.1576493
-0.1673968
-0.1744134
-0.1710319
-0.1596167
-0.1526593
-0.1592835
-0.1743971
-0.1843239
-0.1831322
-0.1789194
-0.1810219
-0.1858669
-0.1823185
-0.1689767
-0.1578479
-0.1592027
-0.1695083
-0.1778038
-0.1793787
-0.1788533
-0.1816614
-0.1862391
-0.1857854
-0.1772619
-0.1671048
-0.1652497
-0.1730126
-0.1807995
-0.1804075
-0.1758269
-0.1773843
-0.1873907
-0.1967235
-0.1957051
-0.1847584
-0.1734375
-0.1706881
-0.1764987
-0.1828016
-0.1830904
-0.1801562
-0.1815591
-0.1879861
-0.1909356
-0.1839388
-0.1717705
-0.1647273
-0.1659502
-0.1681070
-0.1624031
-0.1486551
-0.1355634
-0.1307144
-0.1303949
-0.1215982
-0.0965468
-0.0633790
-0.0384953
-0.0287984
-0.0256519
-0.0170089
-0.0015543
0.0112536
0.0130788
0.0066807
0.0040564
0.0143537
0.0333402
0.0465930
0.0445357
0.0323942
0.0232446
0.0233541
0.0275523
0.0278532
0.0229404
0.0183451
0.0191444
0.0235994
0.0244619
0.0174190
0.0073996
0.0036600
0.0082017
0.0125856
0.0082438
-0.0028410
-0.0105331
-0.0081485
0.0008085
0.0071039
0.0054118
-0.0007725
-0.0038203
-0.0014965
-0.0000073
-0.0056304
-0.0151300
-0.0183944
-0.0107032
0.0013247
0.0073552
0.0042614
-0.0021847
-0.0047554
-0.0019789
0.0020051
0.0038813
0.0060652
0.0133161
0.0247388
0.0327825
0.0324923
0.0287480
0.0302888
0.0377194
0.0418139
0.0348721
0.0211245
0.0138293
0.0220916
0.0410920
0.0560654
0.0567176
0.0470079
0.0391789
0.0392706
0.0419526
0.0399368
0.0341529
0.0316687
0.0359364
0.0426538
0.0452242
0.0421411
0.0379932
0.0374162
0.0388661
0.0361098
0.0269108
0.0181200
0.0190041
0.0299671
0.0412102
0.0435384
0.0380759
0.0337393
0.0363655
0.0420336
0.0418066
0.0332543
0.0261958
0.0342606
0.0594201
0.0873057
0.1005332
0.0955404
0.0839543
0.0787477
0.0826868
0.0907681
0.1002082
0.1142550
0.1356140
0.1588107
0.1731170
0.1748985
0.1740342
0.1834553
0.2027187
0.2172897
0.2163446
0.2066100
0.2036481
0.2112063
0.2147790
0.1976239
0.1599919
0.1188579
0.0888673
0.0676477
0.0433821
0.0144644
-0.0054430
-0.0049002
0.0087128
0.0171209
0.0134566
0.0082153
0.0111412
0.0155574
0.0079914
-0.0107705
-0.0249610
-0.0273625
-0.0326260
-0.0508327
-0.0432585
0.0795079
0.3893512
0.8550480
1.3289069
1.6337426
1.6779492
1.4985779
1.2068581
0.9017463
0.6295136
0.4027252
0.2317282
0.1266924
0.0782326
0.0539075
0.0237882
-0.0138079
-0.0386606
-0.0391092
-0.0285143
-0.0290497
-0.0458293
-0.0637292
-0.0681254
-0.0621925
-0.0609091
-0.0714453
-0.0845021
-0.0863029
-0.0756107
-0.0645850
-0.0631978
-0.0679873
-0.0693591
-0.0661890
-0.0672069
-0.0777884
-0.0907744
-0.0938191
-0.0838619
-0.0709398
-0.0672360
-0.0745416
-0.0844021
-0.0897988
-0.0931807
-0.1004382
-0.1094900
-0.1105829
-0.0996815
-0.0868324
-0.0864298
-0.1004284
-0.1156783
-0.1189326
-0.1113875
-0.1059701
-0.1115537
-0.1230567
-0.1285802
-0.1240869
-0.1171621
-0.1157475
-0.1177334
-0.1158138
-0.1100010
-0.1087121
-0.1157275
-0.1214626
-0.1122642
-0.0871126
-0.0604547
-0.0466996
-0.0443571
-0.0385788
-0.0193167
0.0065059
0.0238387
0.0287099
0.0335105
0.0512460
0.0787119
0.0997859
0.1038536
0.0960759
0.0886854
0.0866133
0.0851150
0.0795931
0.0730312
0.0715367
0.0749252
0.0759077
0.0697469
0.0612091
0.0583166
0.0608559
0.0601071
0.0511010
0.0406110
0.0394206
0.0489198
0.0594466
0.0617318
0.0562944
0.0498016
0.0447797
0.0369514
0.0237346
0.0118815
0.0120220
0.0250496
0.0382370
0.0383637
0.0266288
0.0163636
0.0163621
0.0210781
0.0193054
0.0090353
-0.0004288
-0.0006747
0.0054118
0.0078521
0.0024157
-0.0047073
-0.0064604
-0.0055249
-0.0106317
-0.0228157
-0.0310871
-0.0252481
-0.0096906
0.0005086
-0.0031711
-0.0136983
-0.0182188
-0.0134696
-0.0080685
-0.0101740
-0.0167689
-0.0178924
-0.0099127
-0.0004337
0.0014650
-0.0036439
-0.0079481
-0.0082456
-0.0100909
-0.0184803
-0.0285914
-0.0300501
-0.0197136
-0.0066433
-0.0028215
-0.0105372
-0.0210655
-0.0256401
-0.0250378
-0.0260543
-0.0302068
-0.0306815
-0.0225116
-0.0119356
-0.0106871
-0.0213862
-0.0332614
-0.0345168
-0.0259459
-0.0187331
-0.0195267
-0.0218650
-0.0150228
0.0007450
0.0124089
0.0092630
-0.0035711
-0.0104498
-0.0024690
0.0151197
0.0326837
0.0475716
0.0622556
0.0756145
0.0828370
0.0841863
0.0877446
0.0994212
0.1130921
0.1159644
0.1043432
0.0893029
0.0830563
0.0824005
0.0712829
0.0402056
-0.0025468
-0.0418341
-0.0723597
-0.0982885
-0.1195081
-0.1280280
-0.1211967
-0.1106312
-0.1100675
-0.1171733
-0.1166782
-0.1037877
-0.0955978
-0.1106351
-0.1411747
-0.1589308
-0.1524809
-0.1448213
-0.1547506
-0.1402137
-0.0024033
0.3284411
0.8032310
1.2580303
1.5190704
1.5142717
1.2962416
0.9759623
0.6459114
0.3565167
0.1355026
0.0000597
-0.0561124
-0.0706858
-0.0887840
-0.1268715
-0.1658347
-0.1807292
-0.1709354
-0.1577538
-0.1585445
-0.1712036
-0.1834330
-0.1893605
-0.1922568
-0.1948381
-0.1942283
-0.1884309
-0.1827342
-0.1846224
-0.1935870
-0.2011132
-0.2020345
-0.2014199
-0.2067389
-0.2160254
-0.2188551
-0.2093301
-0.1940733
-0.1853573
-0.1886726
-0.1994703
-0.2106489
-0.2195898
-0.2267110
-0.2303172
-0.2271773
-0.2187313
-0.2128036
-0.2156335
-0.2235597
-0.2266969
-0.2217004
-0.2172845
-0.2242394
-0.2416260
-0.2562356
-0.2563108
-0.2436372
-0.2306590
-0.2269239
-0.2307110
-0.2343614
-0.2349462
-0.2360863
-0.2393884
-0.2386822
-0.2267414
-0.2063591
-0.1900192
-0.1864136
-0.1895788
-0.1843550
-0.1627073
-0.1326296
-0.1096042
-0.1000482
-0.0950824
-0.0813866
-0.0565563
-0.0314598
-0.0176903
-0.0155270
-0.0158775
-0.0120570
-0.0065794
-0.0060774
-0.0120127
-0.0184963
-0.0191109
-0.0142060
-0.0100435
-0.0110239
-0.0146770
-0.0157042
-0.0136644
-0.0139168
-0.0202636
-0.0288785
-0.0317067
-0.0255963
-0.0163292
-0.0126574
-0.0168317
-0.0222220
-0.0210801
-0.0139452
-0.0094516
-0.0139514
-0.0230363
-0.0257436
-0.0171771
-0.0047446
-0.0004735
-0.0080487
-0.0191124
-0.0227567
-0.0174244
-0.0117854
-0.0136614
-0.0202018
-0.0214920
-0.0134502
-0.0037546
-0.0028362
-0.0110172
-0.0181238
-0.0162444
-0.0097046
-0.0096032
-0.0191997
-0.0280773
-0.0232654
-0.0051336
0.0111923
0.0120121
0.0004549
-0.0075395
-0.0022898
0.0083820
0.0092402
-0.0032506
-0.0156958
-0.0126038
0.0058756
0.0235020
0.0252071
0.0126468
0.0008837
0.0007687
0.0077716
0.0096269
0.0024516
-0.0044359
-0.0001994
0.0139098
0.0251018
0.0229007
0.0104980
0.0008929
0.0020809
0.0080318
0.0062403
-0.0062942
-0.0175668
-0.0132656
0.0060529
0.0234338
0.0226718
0.0058107
-0.0085348
-0.0048501
0.0129228
0.0266442
0.0250982
0.0166014
0.0181460
0.0340930
0.0504117
0.0516030
0.0396038
0.0318031
0.0410495
0.0618470
0.0783829
0.0834936
0.0856291
0.0967206
0.1171927
0.1366036
0.1476158
0.1542146
0.1638007
0.1746523
0.1758386
0.1594604
0.1293790
0.0965987
0.0686934
0.0457173
0.0243043
0.0023034
-0.0204996
-0.0426249
-0.0598072
-0.0662864
-0.0611366
-0.0528467
-0.0526954
-0.0610478
-0.0645596
-0.0525829
-0.0342898
-0.0312401
-0.0503642
-0.0730718
-0.0801385
-0.0814060
-0.1016620
-0.1249745
-0.0647954
0.1810171
0.6211743
1.1151794
1.4446198
1.4636928
1.1978444
0.8067576
0.4567546
0.2220658
0.0852483
0.0020714
-0.0496118
-0.0727314
-0.0758621
-0.0783561
-0.0927634
-0.1128742
-0.1242999
-0.1231810
-0.1197334
-0.1246396
-0.1370264
-0.1475609
-0.1498613
-0.1456059
-0.1400279
-0.1362888
-0.1350624
-0.1366694
-0.1410471
-0.1462390
-0.1491730
-0.1488629
-0.1477384
-0.1484452
-0.1496919
-0.1472048
-0.1398789
-0.1334166
-0.1352449
-0.1454167
-0.1548653
-0.1546873
-0.1465120
-0.1415677
-0.1485380
-0.1633372
-0.1725104
-0.1673572
-0.1537526
-0.1464969
-0.1537071
-0.1682752
-0.1760403
-0.1715365
-0.1635930
-0.1647849
-0.1769602
-0.1889846
-0.1888938
-0.1769417
-0.1653643
-0.1652154
-0.1746822
-0.1816219
-0.1772253
-0.1653414
-0.1572603
-0.1583613
-0.1616841
-0.1550981
-0.1339385
-0.1059003
-0.0836118
-0.0727802
-0.0678276
-0.0589592
-0.0427798
-0.0251735
-0.0138777
-0.0093964
-0.0043070
0.0083918
0.0268863
0.0411493
0.0424041
0.0320139
0.0203714
0.0165598
0.0197498
0.0216717
0.0169535
0.0091223
0.0055324
0.0078272
0.0097136
0.0048935
-0.0043836
-0.0090366
-0.0042262
0.0030995
0.0005741
-0.0149188
-0.0312952
-0.0327211
-0.0169899
0.0008560
0.0036836
-0.0099911
-0.0251534
-0.0271558
-0.0174741
-0.0108750
-0.0175265
-0.0307019
-0.0342161
-0.0208111
-0.0002117
0.0118269
0.0100482
0.0031331
0.0018251
0.0067413
0.0093648
0.0034835
-0.0069189
-0.0119379
-0.0065243
0.0045953
0.0126319
0.0137416
0.0113863
0.0108051
0.0129766
0.0145044
0.0123483
0.0076019
0.0044884
0.0059265
0.0103006
0.0128946
0.0107663
0.0059786
0.0034932
0.0057375
0.0095991
0.0091526
0.0015767
-0.0094459
-0.0162783
-0.0138141
-0.0040868
0.0053075
0.0074867
0.0013937
-0.0084834
-0.0164986
-0.0198404
-0.0192260
-0.0168948
-0.0143995
-0.0121716
-0.0107615
-0.0117128
-0.0163705
-0.0237148
-0.0302081
-0.0327103
-0.0317242
-0.0312675
-0.0348673
-0.0412086
-0.0438730
-0.0363014
-0.0180963
0.0032724
0.0175415
0.0191912
0.0107369
-0.0005612
-0.0086623
-0.0117886
-0.0106381
-0.0047388
0.0083956
0.0296892
0.0543117
0.0728545
0.0789083
0.0760774
0.0759626
0.0872967
0.1066507
0.1208953
0.1196702
0.1049186
0.0871499
0.0728087
0.0574762
0.0327194
-0.0021909
-0.0382013
-0.0659730
-0.0844969
-0.0988441
-0.1119181
-0.1214994
-0.1244758
-0.1203188
-0.1097660
-0.0942462
-0.0798209
-0.0781812
-0.0966521
-0.1259874
-0.1457109
-0.1481675
-0.1510128
-0.1697708
-0.1702842
-0.0622749
0.2328463
0.6895081
1.1557767
1.4404036
1.4407888
1.2003928
0.8537028
0.5230784
0.2621888
0.0739692
-0.0472166
-0.1041121
-0.1134147
-0.1102465
-0.1238808
-0.1536320
-0.1767249
-0.1791163
-0.1717894
-0.1749229
-0.1922923
-0.2075930
-0.2049888
-0.1874864
-0.1723853
-0.1719205
-0.1826313
-0.1932287
-0.1982678
-0.2011107
-0.2055744
-0.2091010
-0.2059731
-0.1954267
-0.1841497
-0.1801987
-0.1852031
-0.1931117
-0.1965877
-0.1943994
-0.1921896
-0.1957438
-0.2038718
-0.2088614
-0.2045232
-0.1932364
-0.1839383
-0.1828264
-0.1870860
-0.1890872
-0.1864603
-0.1857792
-0.1943487
-0.2092444
-0.2176613
-0.2101389
-0.1921850
-0.1801567
-0.1848795
-0.2008831
-0.2130348
-0.2127775
-0.2058339
-0.2036060
-0.2090823
-0.2135450
-0.2071658
-0.1905873
-0.1741864
-0.1664378
-0.1649065
-0.1595175
-0.1437327
-0.1213400
-0.1021928
-0.0919203
-0.0862144
-0.0752531
-0.0537265
-0.0264791
-0.0041969
0.0063689
0.0076695
0.0071522
0.0088340
0.0101635
0.0072407
0.0015843
-0.0002571
0.0056841
0.0151449
0.0194661
0.0150559
0.0072306
0.0035442
0.0045751
0.0035148
-0.0047410
-0.0160191
-0.0203193
-0.0128381
-0.0000429
0.0063825
0.0012909
-0.0093198
-0.0156544
-0.0148701
-0.0131739
-0.0173882
-0.0260911
-0.0305832
-0.0245556
-0.0116092
-0.0022873
-0.0037238
-0.0128076
-0.0198254
-0.0184173
-0.0113118
-0.0063167
-0.0075973
-0.0117288
-0.0120426
-0.0057952
0.0034754
0.0100511
0.0114848
0.0097583
0.0078210
0.0061547
0.0034200
0.0000211
-0.0003882
0.0057455
0.0168676
0.0257416
0.0253184
0.0158607
0.0056530
0.0034133
0.0094599
0.0152035
0.0125196
0.0034089
-0.0012302
0.0065189
0.0218131
0.0308354
0.0247518
0.0086833
-0.0041455
-0.0062251
-0.0019526
-0.0000580
-0.0024554
-0.0032577
0.0016792
0.0077990
0.0070644
-0.0011916
-0.0082438
-0.0063203
0.0012775
0.0034374
-0.0052587
-0.0170078
-0.0188672
-0.0074557
0.0069456
0.0118954
0.0066424
0.0024061
0.0091153
0.0241845
0.0359195
0.0368460
0.0313967
0.0300478
0.0379562
0.0513670
0.0644671
0.0767313
0.0913824
0.1079417
0.1200785
0.1232634
0.1230474
0.1318188
0.1550605
0.1823519
0.1952877
0.1855932
0.1635864
0.1465465
0.1393374
0.1294809
0.1029098
0.0622231
0.0254774
0.0063582
-0.0005181
-0.0110163
-0.0301921
-0.0455039
-0.0440037
-0.0316852
-0.0285488
-0.0433829
-0.0603197
-0.0569561
-0.0334761
-0.0151087
-0.0221338
-0.0448930
-0.0580854
-0.0571148
-0.0636838
-0.0808708
-0.0476634
0.1377290
0.5239538
1.0265886
1.4513396
1.6164294
1.4732811
1.1250393
0.7380495
0.4323061
0.2371156
0.1227227
0.0535914
0.0121764
-0.0097378
-0.0230639
-0.0385079
-0.0574260
-0.0723319
-0.0774377
-0.0759890
-0.0761338
-0.0815696
-0.0884183
-0.0909484
-0.0882660
-0.0842362
-0.0819398
-0.0802575
-0.0767002
-0.0723729
-0.0721174
-0.0787890
-0.0882478
-0.0917549
-0.0843615
-0.0705744
-0.0607776
-0.0616705
-0.0705191
-0.0788563
-0.0811061
-0.0788689
-0.0772050
-0.0782314
-0.0794564
