0.0035080
-0.0013826
-0.0076259
-0.0105501
-0.0069671
0.0006570
0.0054103
0.0024723
-0.0063221
-0.0152329
-0.0209429
-0.0245825
-0.0278022
-0.0292353
-0.0266090
-0.0213484
-0.0185444
-0.0213111
-0.0266295
-0.0286262
-0.0258011
-0.0231211
-0.0258076
-0.0321313
-0.0344327
-0.0280023
-0.0176313
-0.0136059
-0.0209009
-0.0335017
-0.0403989
-0.0367438
-0.0279164
-0.0225308
-0.0230524
-0.0249133
-0.0242938
-0.0240975
-0.0300797
-0.0417446
-0.0499667
-0.0458263
-0.0313338
-0.0192291
-0.0207815
-0.0343177
-0.0469876
-0.0479355
-0.0387322
-0.0303715
-0.0310423
-0.0383520
-0.0436631
-0.0424100
-0.0384458
-0.0383835
-0.0435333
-0.0489251
-0.0496690
-0.0462485
-0.0426049
-0.0405498
-0.0384518
-0.0356477
-0.0355235
-0.0416201
-0.0512010
-0.0558114
-0.0502784
-0.0397911
-0.0351779
-0.0405691
-0.0481845
-0.0475000
-0.0383403
-0.0316028
-0.0358989
-0.0461625
-0.0487722
-0.0378702
-0.0234444
-0.0209947
-0.0343563
-0.0513842
-0.0572134
-0.0497437
-0.0401847
-0.0391519
-0.0448616
-0.0464837
-0.0378629
-0.0254374
-0.0214753
-0.0305256
-0.0442636
-0.0502299
-0.0446137
-0.0351731
-0.0317089
-0.0353771
-0.0389460
-0.0369834
-0.0331515
-0.0354204
-0.0450682
-0.0534973
-0.0516216
-0.0407936
-0.0316738
-0.0319306
-0.0375624
-0.0384747
-0.0314874
-0.0247268
-0.0278768
-0.0400588
-0.0499356
-0.0478398
-0.0357451
-0.0242955
-0.0215378
-0.0263338
-0.0320778
-0.0342545
-0.0331518
-0.0309480
-0.0287565
-0.0269385
-0.0263527
-0.0275498
-0.0291692
-0.0288450
-0.0263862
-0.0249582
-0.0277223
-0.0333059
-0.0358695
-0.0306890
-0.0195737
-0.0100631
-0.0088358
-0.0158116
-0.0245572
-0.0281877
-0.0249156
-0.0184330
-0.0136151
-0.0120843
-0.0115628
-0.0090582
-0.0046176
-0.0020901
-0.0058416
-0.0159082
-0.0262097
-0.0287040
-0.0208309
-0.0090278
-0.0035066
-0.0083227
-0.0169556
-0.0189150
-0.0109319
-0.0004602
0.0027490
-0.0023768
-0.0073590
-0.0044648
0.0039151
0.0078531
0.0013337
-0.0107857
-0.0179486
-0.0147446
-0.0054194
0.0015843
0.0018331
-0.0024202
-0.0058052
-0.0045897
0.0011952
0.0081958
0.0116133
0.0082683
-0.0002821
-0.0076507
-0.0072607
0.0016298
0.0126407
0.0176722
0.0138557
0.0052902
-0.0014271
-0.0027241
0.0003576
0.0045989
0.0077869
0.0101109
0.0134614
0.0194969
0.0277659
0.0354466
0.0394260
0.0391522
0.0372946
0.0371035
0.0390772
0.0407277
0.0399583
0.0383616
0.0406365
0.0505247
0.0672777
0.0858526
0.1003558
0.1078043
0.1096098
0.1100294
0.1128145
0.1186291
0.1252876
0.1302182
0.1323499
0.1316626
0.1276693
0.1190097
0.1042647
0.0827319
0.0552587
0.0259308
0.0026568
-0.0071537
-0.0044783
-0.0008745
-0.0080464
-0.0232477
-0.0293087
-0.0143954
0.0100569
0.0187772
0.0026669
-0.0190592
-0.0265240
-0.0342845
-0.0787760
-0.1546412
-0.1706640
0.0036383
0.4222211
0.9862412
1.4910760
1.7603006
1.7456731
1.5158216
1.1733112
0.7957837
0.4400820
0.1634662
0.0091474
-0.0302796
-0.0156983
-0.0133873
-0.0440331
-0.0821104
-0.0989986
-0.0957991
-0.0929792
-0.1000146
-0.1068313
-0.1032080
-0.0951880
-0.0961839
-0.1073472
-0.1151392
-0.1088772
-0.0943114
-0.0861015
-0.0902628
-0.0989560
-0.1021034
-0.0992791
-0.0976374
-0.1010591
-0.1056234
-0.1060257
-0.1028084
-0.1006264
-0.1009639
-0.1000837
-0.0951253
-0.0896112
-0.0901084
-0.0976427
-0.1048909
-0.1034535
-0.0931539
-0.0826383
-0.0805990
-0.0875038
-0.0965531
-0.1016911
-0.1029988
-0.1040994
-0.1062258
-0.1068136
-0.1036767
-0.0985612
-0.0954154
-0.0960418
-0.0987453
-0.1009466
-0.1016708
-0.1010403
-0.0987370
-0.0945317
-0.0901059
-0.0886462
-0.0916306
-0.0969144
-0.1013720
-0.1050759
-0.1109083
-0.1191110
-0.1239631
-0.1185096
-0.1031407
-0.0875463
-0.0822092
-0.0879470
-0.0950225
-0.0929557
-0.0803547
-0.0644476
-0.0517972
-0.0412023
-0.0264367
-0.0048358
0.0184489
0.0349560
0.0406730
0.0389845
0.0370243
0.0401666
0.0493889
0.0619383
0.0731910
0.0785662
0.0756583
0.0659562
0.0543079
0.0456407
0.0417061
0.0413304
0.0436207
0.0493857
0.0581006
0.0646051
0.0619156
0.0491590
0.0351530
0.0309695
0.0379503
0.0452950
0.0419307
0.0300147
0.0234077
0.0311508
0.0449733
0.0470655
0.0306671
0.0094010
0.0033197
0.0171093
0.0354242
0.0400803
0.0286695
0.0142253
0.0090013
0.0126111
0.0164432
0.0156565
0.0132880
0.0137673
0.0164844
0.0173964
0.0145193
0.0092552
0.0033611
-0.0025149
-0.0071425
-0.0084920
-0.0068298
-0.0059232
-0.0085668
-0.0119280
-0.0107049
-0.0056085
-0.0051560
-0.0156526
-0.0308054
-0.0360347
-0.0252421
-0.0101008
-0.0083400
-0.0230382
-0.0380079
-0.0363368
-0.0206242
-0.0102605
-0.0185040
-0.0367507
-0.0448029
-0.0346934
-0.0197522
-0.0186844
-0.0339934
-0.0499361
-0.0513752
-0.0404935
-0.0320760
-0.0344586
-0.0400190
-0.0364483
-0.0241647
-0.0177733
-0.0290302
-0.0513525
-0.0646495
-0.0559491
-0.0331972
-0.0172010
-0.0208213
-0.0377538
-0.0514417
-0.0524605
-0.0454456
-0.0406194
-0.0419597
-0.0449719
-0.0439685
-0.0388498
-0.0344476
-0.0348973
-0.0397746
-0.0451694
-0.0474459
-0.0458385
-0.0422495
-0.0392642
-0.0382676
-0.0389625
-0.0404419
-0.0426252
-0.0462303
-0.0509160
-0.0539268
-0.0518203
-0.0442008
-0.0351613
-0.0302288
-0.0318783
-0.0382424
-0.0455897
-0.0511345
-0.0536139
-0.0525623
-0.0482710
-0.0423975
-0.0376684
-0.0362194
-0.0380627
-0.0412403
-0.0433518
-0.0428385
-0.0392523
-0.0332470
-0.0268226
-0.0229611
-0.0238788
-0.0290490
-0.0350664
-0.0377787
-0.0350236
-0.0280379
-0.0206199
-0.0163224
-0.0155338
-0.0153997
-0.0135361
-0.0118589
-0.0153019
-0.0255345
-0.0367267
-0.0396367
-0.0309873
-0.0178070
-0.0109133
-0.0140627
-0.0209449
-0.0233612
-0.0205404
-0.0183619
-0.0202949
-0.0224363
-0.0191654
-0.0114915
-0.0066430
-0.0093775
-0.0164686
-0.0212240
-0.0214417
-0.0202074
-0.0193733
-0.0159197
-0.0072847
0.0016292
0.0011643
-0.0115596
-0.0264662
-0.0294030
-0.0173089
-0.0018091
0.0035409
-0.0024329
-0.0090900
-0.0076933
-0.0012480
0.0008061
-0.0044868
-0.0093543
-0.0048056
0.0079511
0.0181486
0.0173518
0.0084965
0.0020881
0.0051199
0.0157756
0.0283755
0.0405083
0.0532522
0.0655042
0.0711624
0.0641361
0.0461437
0.0281311
0.0226761
0.0343578
0.0569257
0.0788103
0.0910767
0.0918480
0.0859423
0.0812977
0.0838319
0.0932269
0.1032476
0.1074233
0.1050956
0.1012716
0.1000416
0.0988566
0.0903679
0.0700203
0.0411807
0.0127595
-0.0074169
-0.0170645
-0.0196263
-0.0220341
-0.0306107
-0.0450585
-0.0555792
-0.0504414
-0.0304477
-0.0129625
-0.0148574
-0.0311773
-0.0397133
-0.0338025
-0.0429943
-0.1020010
-0.1869082
-0.1914540
0.0080389
0.4418327
0.9936381
1.4633532
1.6934980
1.6500600
1.4036299
1.0560668
0.6910563
0.3718582
0.1479488
0.0385724
0.0131799
0.0078845
-0.0244232
-0.0791186
-0.1173479
-0.1152829
-0.0901461
-0.0778350
-0.0929792
-0.1178580
-0.1279599
-0.1198389
-0.1099987
-0.1116406
-0.1200837
-0.1222539
-0.1148797
-0.1079303
-0.1106931
-0.1195260
-0.1227504
-0.1157135
-0.1065406
-0.1056433
-0.1128578
-0.1184884
-0.1161727
-0.1106075
-0.1105618
-0.1168494
-0.1211116
-0.1170121
-0.1093128
-0.1087341
-0.1185287
-0.1296784
-0.1312953
-0.1236649
-0.1176931
-0.1214108
-0.1303347
-0.1334734
-0.1273233
-0.1207470
-0.1249559
-0.1402529
-0.1544989
-0.1550362
-0.1414644
-0.1261555
-0.1223179
-0.1319376
-0.1453868
-0.1520817
-0.1506115
-0.1482725
-0.1515604
-0.1585332
-0.1615766
-0.1573930
-0.1522891
-0.1554542
-0.1671762
-0.1764061
-0.1721294
-0.1561663
-0.1421905
-0.1415054
-0.1515282
-0.1593265
-0.1550223
-0.1398000
-0.1213724
-0.1045833
-0.0885355
-0.0715721
-0.0556053
-0.0438029
-0.0356981
-0.0271134
-0.0149512
-0.0001510
0.0145506
0.0278203
0.0391995
0.0466491
0.0470734
0.0401481
0.0306339
0.0256690
0.0291034
0.0380137
0.0445220
0.0416743
0.0290744
0.0139567
0.0062521
0.0106530
0.0220939
0.0297266
0.0270660
0.0183653
0.0133692
0.0153849
0.0169402
0.0094528
-0.0043389
-0.0113854
-0.0030428
0.0137607
0.0227314
0.0150459
-0.0022828
-0.0150859
-0.0165667
-0.0113137
-0.0067136
-0.0044152
-0.0017498
0.0015557
0.0020094
-0.0025061
-0.0096028
-0.0156849
-0.0198120
-0.0221681
-0.0208062
-0.0137767
-0.0048622
-0.0034234
-0.0151832
-0.0338341
-0.0449983
-0.0401593
-0.0253432
-0.0144104
-0.0147439
-0.0218358
-0.0276146
-0.0303897
-0.0340131
-0.0395327
-0.0421999
-0.0378761
-0.0293901
-0.0240381
-0.0258528
-0.0325271
-0.0395039
-0.0443981
-0.0463342
-0.0435488
-0.0352346
-0.0259055
-0.0241152
-0.0335490
-0.0466398
-0.0509343
-0.0429034
-0.0324327
-0.0312475
-0.0389484
-0.0441807
-0.0395472
-0.0312969
-0.0313639
-0.0417209
-0.0509668
-0.0480460
-0.0364359
-0.0308273
-0.0395679
-0.0541275
-0.0587899
-0.0490516
-0.0365489
-0.0349971
-0.0444841
-0.0525302
-0.0496111
-0.0402098
-0.0367613
-0.0442457
-0.0538170
-0.0530996
-0.0411575
-0.0303215
-0.0323029
-0.0447515
-0.0541019
-0.0512954
-0.0419105
-0.0391379
-0.0480753
-0.0594934
-0.0601278
-0.0477848
-0.0340895
-0.0316479
-0.0402380
-0.0478288
-0.0449122
-0.0351370
-0.0300905
-0.0350645
-0.0427826
-0.0420946
-0.0312453
-0.0203995
-0.0204111
-0.0304625
-0.0388963
-0.0367324
-0.0281857
-0.0253092
-0.0328083
-0.0416241
-0.0398068
-0.0279694
-0.0202040
-0.0280740
-0.0457118
-0.0540643
-0.0411013
-0.0159479
-0.0005053
-0.0070929
-0.0266413
-0.0398245
-0.0374019
-0.0269912
-0.0210401
-0.0222065
-0.0227270
-0.0162093
-0.0065671
-0.0038639
-0.0125365
-0.0257139
-0.0319307
-0.0265589
-0.0155436
-0.0083192
-0.0085736
-0.0124010
-0.0140997
-0.0123599
-0.0109154
-0.0140175
-0.0215081
-0.0281206
-0.0278369
-0.0195414
-0.0088491
-0.0043567
-0.0112426
-0.0269269
-0.0420332
-0.0466841
-0.0380218
-0.0224837
-0.0100679
-0.0059113
-0.0077148
-0.0108221
-0.0139641
-0.0188634
-0.0253281
-0.0291317
-0.0260972
-0.0175406
-0.0097831
-0.0073730
-0.0081219
-0.0068296
-0.0034822
-0.0047029
-0.0151100
-0.0290557
-0.0342863
-0.0247294
-0.0078529
0.0022790
-0.0009734
-0.0106979
-0.0143983
-0.0070455
0.0050280
0.0130350
0.0162596
0.0213628
0.0317246
0.0407281
0.0381099
0.0223403
0.0046015
-0.0004059
0.0127706
0.0365631
0.0580114
0.0690006
0.0697439
0.0652363
0.0612894
0.0634784
0.0756367
0.0958914
0.1154569
0.1250205
0.1232327
0.1166952
0.1107094
0.1024190
0.0852220
0.0586182
0.0306959
0.0101941
-0.0017263
-0.0102462
-0.0191811
-0.0275755
-0.0338718
-0.0394126
-0.0450234
-0.0470925
-0.0419185
-0.0330274
-0.0281526
-0.0278569
-0.0254711
-0.0254265
-0.0539023
-0.1312957
-0.2209581
-0.2143024
0.0064229
0.4650076
1.0409933
1.5286554
1.7615541
1.6992759
1.4163649
1.0284397
0.6329895
0.2982366
0.0707066
-0.0331619
-0.0423499
-0.0203779
-0.0233296
-0.0627514
-0.1090096
-0.1290960
-0.1189717
-0.1010710
-0.0969033
-0.1074614
-0.1189309
-0.1212456
-0.1172813
-0.1161035
-0.1213485
-0.1274172
-0.1259075
-0.1152142
-0.1037543
-0.1026422
-0.1140829
-0.1279130
-0.1315094
-0.1232385
-0.1143036
-0.1161369
-0.1270517
-0.1335650
-0.1258529
-0.1102169
-0.1033896
-0.1138521
-0.1315641
-0.1387820
-0.1295640
-0.1151025
-0.1098647
-0.1165173
-0.1266473
-0.1330436
-0.1366564
-0.1413966
-0.1464725
-0.1474043
-0.1435127
-0.1403716
-0.1428494
-0.1482325
-0.1498388
-0.1467822
-0.1457054
-0.1511052
-0.1579921
-0.1582561
-0.1522694
-0.1489418
-0.1536440
-0.1609817
-0.1628693
-0.1607679
-0.1644489
-0.1775874
-0.1893409
-0.1852489
-0.1658512
-0.1489939
-0.1504177
-0.1654762
-0.1752389
-0.1695971
-0.1578328
-0.1536560
-0.1552684
-0.1469128
-0.1197627
-0.0851887
-0.0633971
-0.0609187
-0.0636921
-0.0536703
-0.0290828
-0.0046492
0.0072867
0.0106565
0.0179091
0.0320668
0.0423737
0.0385699
0.0248322
0.0158529
0.0203211
0.0317560
0.0369811
0.0317094
0.0247891
0.0263437
0.0346923
0.0387188
0.0327195
0.0242209
0.0243432
0.0334738
0.0409363
0.0384339
0.0295148
0.0237106
0.0240966
0.0245875
0.0200357
0.0153191
0.0201463
0.0347756
0.0457566
0.0401157
0.0218900
0.0091182
0.0131598
0.0256330
0.0294706
0.0202948
0.0115757
0.0173398
0.0335797
0.0412793
0.0285352
0.0059202
-0.0043230
0.0061824
0.0222760
0.0238771
0.0102342
-0.0001957
0.0064367
0.0218407
0.0254849
0.0091678
-0.0130742
-0.0206327
-0.0089102
0.0068400
0.0098038
-0.0001803
-0.0095181
-0.0092550
-0.0048106
-0.0060839
-0.0131519
-0.0166774
-0.0109253
-0.0015466
0.0010534
-0.0062993
-0.0162577
-0.0193673
-0.0142181
-0.0078169
-0.0060762
-0.0064476
-0.0023100
0.0066970
0.0124096
0.0072712
-0.0066489
-0.0193507
-0.0224603
-0.0160390
-0.0068649
-0.0014054
-0.0009580
-0.0033084
-0.0074612
-0.0141414
-0.0214197
-0.0236121
-0.0177060
-0.0088684
-0.0055340
-0.0092143
-0.0128469
-0.0103816
-0.0051327
-0.0060637
-0.0162979
-0.0275482
-0.0278952
-0.0153982
-0.0018554
-0.0005158
-0.0109006
-0.0193797
-0.0155190
-0.0041464
0.0012530
-0.0053713
-0.0163575
-0.0195810
-0.0117337
-0.0017700
-0.0014037
-0.0122465
-0.0234731
-0.0236406
-0.0135633
-0.0046657
-0.0050683
-0.0110620
-0.0136362
-0.0102705
-0.0073322
-0.0113781
-0.0202042
-0.0241133
-0.0169514
-0.0049027
-0.0011759
-0.0106493
-0.0230488
-0.0244472
-0.0132158
-0.0006671
0.0029499
-0.0011012
-0.0039176
-0.0000362
0.0067654
0.0076934
-0.0014342
-0.0147315
-0.0214022
-0.0164819
-0.0048026
0.0055204
0.0103806
0.0097278
0.0044457
-0.0037182
-0.0111265
-0.0139489
-0.0106274
-0.0024109
0.0069218
0.0121169
0.0101735
0.0037095
-0.0017245
-0.0036751
-0.0035168
-0.0020331
0.0015112
0.0056683
0.0066275
0.0032168
-0.0011080
-0.0026309
-0.0015944
-0.0014948
-0.0055645
-0.0131521
-0.0182501
-0.0140740
-0.0016693
0.0089282
0.0096063
0.0034389
-0.0007397
0.0002486
0.0027827
0.0039347
0.0044162
0.0050628
0.0049379
0.0029072
-0.0008821
-0.0037200
-0.0002927
0.0118896
0.0263865
0.0334339
0.0336645
0.0387820
0.0546187
0.0706828
0.0720438
0.0565125
0.0358440
0.0247377
0.0312548
0.0519152
0.0732932
0.0839633
0.0859865
0.0885732
0.0926437
0.0923006
0.0899158
0.0953711
0.1089221
0.1193322
0.1210920
0.1184765
0.1112968
0.0947135
0.0753857
0.0662126
0.0600586
0.0334605
-0.0135942
