-0.0693611
-0.0646399
-0.0901849
-0.1031523
-0.0986441
-0.1029843
-0.1190631
-0.1232517
-0.1101599
-0.1011540
-0.1077910
-0.1182213
-0.1225023
-0.1259458
-0.1340453
-0.1439144
-0.1525682
-0.1584473
-0.1563552
-0.1451756
-0.1369934
-0.1440556
-0.1603888
-0.1700774
-0.1695903
-0.1683719
-0.1713823
-0.1747293
-0.1760853
-0.1771109
-0.1767790
-0.1722471
-0.1655839
-0.1626166
-0.1667339
-0.1779106
-0.1931677
-0.2040662
-0.2008426
-0.1849518
-0.1711385
-0.1709621
-0.1798227
-0.1854934
-0.1834171
-0.1777950
-0.1727312
-0.1681323
-0.1611944
-0.1482805
-0.1282427
-0.1054951
-0.0860559
-0.0702051
-0.0539403
-0.0373291
-0.0248791
-0.0170766
-0.0083949
0.0047069
0.0196342
0.0327234
0.0428126
0.0484662
0.0471434
0.0394440
0.0306734
0.0265395
0.0288838
0.0348825
0.0385245
0.0349335
0.0257808
0.0178967
0.0141465
0.0097205
0.0011883
-0.0053970
-0.0014283
0.0117571
0.0232221
0.0245464
0.0172636
0.0087562
0.0043265
0.0035273
0.0024417
-0.0005908
-0.0019526
0.0026485
0.0113689
0.0177047
0.0186652
0.0169561
0.0144965
0.0092366
0.0008264
-0.0052053
-0.0027483
0.0074987
0.0184828
0.0235875
0.0219464
0.0180520
0.0163029
0.0154501
0.0103088
0.0006768
-0.0046406
0.0029309
0.0200716
0.0339585
0.0361079
0.0297061
0.0231164
0.0204545
0.0202055
0.0202008
0.0212057
0.0252711
0.0312942
0.0340671
0.0300423
0.0232184
0.0214461
0.0262582
0.0307335
0.0293775
0.0256567
0.0262328
0.0312316
0.0348062
0.0336475
0.0303794
0.0282807
0.0261445
0.0204860
0.0121050
0.0082641
0.0158856
0.0321214
0.0447822
0.0450575
0.0378796
0.0360088
0.0450673
0.0586304
0.0675956
0.0695629
0.0681018
0.0676133
0.0718557
0.0844410
0.1065150
0.1334266
0.1560438
0.1679150
0.1722540
0.1802909
0.1997629
0.2250036
0.2418710
0.2434961
0.2369975
0.2319201
0.2263154
0.2097775
0.1787689
0.1428328
0.1135989
0.0915402
0.0675824
0.0373092
0.0094633
-0.0032734
-0.0009021
0.0019761
-0.0060343
-0.0181414
-0.0188250
-0.0061066
0.0047206
0.0016740
-0.0093773
-0.0185464
-0.0321555
-0.0606048
-0.0765725
0.0028152
0.2654984
0.7138577
1.2213962
1.5948969
1.6998139
1.5400997
1.2281953
0.8889491
0.5923997
0.3573267
0.1867794
0.0821639
0.0315722
0.0055671
-0.0230423
-0.0570884
-0.0789251
-0.0769270
-0.0628175
-0.0593096
-0.0745345
-0.0950475
-0.1038934
-0.0992849
-0.0928880
-0.0947914
-0.1049534
-0.1169390
-0.1247448
-0.1255539
-0.1197958
-0.1111095
-0.1053949
-0.1077480
-0.1186510
-0.1327208
-0.1423984
-0.1444583
-0.1428937
-0.1444786
-0.1517232
-0.1608362
-0.1656702
-0.1626418
-0.1533265
-0.1443704
-0.1436577
-0.1534170
-0.1668273
-0.1740432
-0.1726157
-0.1702431
-0.1759954
-0.1896455
-0.2008356
-0.1992206
-0.1855297
-0.1720418
-0.1709064
-0.1818166
-0.1925489
-0.1920157
-0.1810954
-0.1697848
-0.1655164
-0.1658770
-0.1618133
-0.1467025
-0.1230402
-0.1010625
-0.0895863
-0.0868680
-0.0813241
-0.0628896
-0.0338555
-0.0076729
0.0035946
0.0010965
-0.0014492
0.0087411
0.0298601
0.0465523
0.0460592
0.0320758
0.0201219
0.0197855
0.0248598
0.0222268
0.0079797
-0.0077463
-0.0116446
-0.0012847
0.0124657
0.0166956
0.0090617
-0.0016675
-0.0065769
-0.0054931
-0.0042525
-0.0060138
-0.0082114
-0.0073311
-0.0037841
-0.0009252
-0.0003747
0.0003375
0.0046697
0.0114300
0.0135881
0.0050648
-0.0108371
-0.0221049
-0.0191084
-0.0044455
0.0095214
0.0126217
0.0055145
-0.0031773
-0.0069841
-0.0076738
-0.0108584
-0.0167960
-0.0184695
-0.0104836
0.0023405
0.0088088
0.0038427
-0.0060143
-0.0109032
-0.0091007
-0.0077924
-0.0131349
-0.0220525
-0.0253603
-0.0183760
-0.0065343
0.0006234
-0.0003559
-0.0050052
-0.0087511
-0.0127310
-0.0196629
-0.0268340
-0.0274627
-0.0191919
-0.0079902
-0.0019781
-0.0030263
-0.0064255
-0.0083826
-0.0113245
-0.0197647
-0.0318381
-0.0385577
-0.0338731
-0.0233138
-0.0185871
-0.0234864
-0.0293485
-0.0267628
-0.0185749
-0.0168658
-0.0270439
-0.0387959
-0.0357191
-0.0133101
0.0150347
0.0309147
0.0282275
0.0159987
0.0059046
0.0016427
0.0021443
0.0101834
0.0312420
0.0634585
0.0942056
0.1108273
0.1136992
0.1155711
0.1273562
0.1466054
0.1617514
0.1666868
0.1677669
0.1742321
0.1839056
0.1829943
0.1614258
0.1248131
0.0879683
0.0584439
0.0309269
-0.0012919
-0.0335017
-0.0525607
-0.0525559
-0.0433890
-0.0404756
-0.0475030
-0.0540793
-0.0515033
-0.0455844
-0.0492114
-0.0659590
-0.0885445
-0.1115484
-0.1312655
-0.1213766
-0.0171769
0.2494875
0.6754903
1.1437586
1.4739846
1.5407803
1.3577804
1.0507465
0.7497004
0.5059777
0.3026500
0.1224029
-0.0145938
-0.0786646
-0.0775576
-0.0596767
-0.0700918
-0.1114584
-0.1515603
-0.1634721
-0.1514619
-0.1388096
-0.1390243
-0.1455810
-0.1470840
-0.1442584
-0.1480247
-0.1641808
-0.1847050
-0.1948763
-0.1872889
-0.1686245
-0.1537663
-0.1533874
-0.1660918
-0.1814393
-0.1899744
-0.1903841
-0.1880409
-0.1882009
-0.1912405
-0.1937708
-0.1933277
-0.1912528
-0.1906952
-0.1924820
-0.1945628
-0.1960263
-0.1996085
-0.2077717
-0.2167644
-0.2176205
-0.2052436
-0.1859900
-0.1742679
-0.1799649
-0.1987230
-0.2153826
-0.2181417
-0.2093177
-0.2012778
-0.2021895
-0.2078769
-0.2085005
-0.2007951
-0.1907650
-0.1847456
-0.1812193
-0.1738251
-0.1611963
-0.1502056
-0.1469934
-0.1460991
-0.1327794
-0.0990708
-0.0559172
-0.0253091
-0.0189478
-0.0268331
-0.0286786
-0.0152380
0.0037650
0.0123034
0.0059243
-0.0045632
-0.0060108
0.0031219
0.0128743
0.0137965
0.0056729
-0.0058325
-0.0171961
-0.0281525
-0.0364056
-0.0362735
-0.0253177
-0.0103621
-0.0034525
-0.0105714
-0.0255368
-0.0364695
-0.0380389
-0.0357065
-0.0372017
-0.0417684
-0.0406475
-0.0282892
-0.0102578
0.0018386
0.0018468
-0.0064755
-0.0155907
-0.0219424
-0.0264135
-0.0288943
-0.0254616
-0.0126739
0.0062192
0.0218983
0.0273749
0.0248433
0.0224267
0.0243986
0.0267584
0.0234798
0.0156147
0.0120669
0.0206939
0.0393998
0.0570333
0.0634678
0.0583108
0.0491790
0.0424504
0.0380349
0.0337817
0.0319618
0.0376448
0.0506017
0.0622639
0.0633522
0.0537530
0.0425383
0.0376268
0.0372949
0.0338972
0.0252394
0.0188703
0.0228031
0.0340050
0.0403414
0.0349918
0.0253626
0.0243326
0.0339788
0.0421429
0.0368783
0.0217643
0.0132164
0.0217981
0.0390291
0.0461510
0.0360832
0.0230772
0.0274089
0.0516173
0.0758118
0.0782649
0.0586371
0.0384973
0.0394895
0.0633064
0.0936393
0.1150693
0.1265621
0.1362931
0.1477313
0.1559979
0.1580775
0.1612638
0.1766385
0.2047901
0.2318809
0.2415546
0.2291949
0.2033714
0.1749437
0.1471445
0.1165058
0.0813469
0.0471329
0.0228367
0.0124663
0.0104922
0.0059409
-0.0076881
-0.0250917
-0.0328129
-0.0238431
-0.0095927
-0.0121070
-0.0385904
-0.0667670
-0.0664146
-0.0400348
-0.0302794
-0.0677010
-0.1052913
-0.0224738
0.2773659
0.7559485
1.2301460
1.4900147
1.4456174
1.1728849
0.8289276
0.5302370
0.3042326
0.1308150
0.0008319
-0.0744065
-0.0937537
-0.0839041
-0.0797210
-0.0944512
-0.1158297
-0.1280920
-0.1304384
-0.1330937
-0.1421082
-0.1536784
-0.1613796
-0.1634191
-0.1618093
-0.1586919
-0.1562019
-0.1573954
-0.1637858
-0.1725119
-0.1789217
-0.1824088
-0.1870719
-0.1950745
-0.2014432
-0.1986729
-0.1868593
-0.1763387
-0.1776162
-0.1895099
-0.2002999
-0.2014455
-0.1973014
-0.1986208
-0.2080671
-0.2162101
-0.2130470
-0.2004822
-0.1904657
-0.1916113
-0.2006772
-0.2082572
-0.2103864
-0.2114360
-0.2157210
-0.2199905
-0.2174449
-0.2079745
-0.2001661
-0.2012738
-0.2079608
-0.2103523
-0.2044841
-0.1969295
-0.1954823
-0.1979890
-0.1939946
-0.1775514
-0.1551531
-0.1385663
-0.1312778
-0.1254154
-0.1125762
-0.0941129
-0.0777550
-0.0662916
-0.0545785
-0.0387802
-0.0240496
-0.0188659
-0.0231962
-0.0269979
-0.0222007
-0.0131070
-0.0114248
-0.0215533
-0.0344493
-0.0379790
-0.0310295
-0.0240211
-0.0258098
-0.0338777
-0.0394683
-0.0396038
-0.0400213
-0.0462171
-0.0552343
-0.0587382
-0.0529710
-0.0432892
-0.0385534
-0.0425457
-0.0516452
-0.0596163
-0.0628267
-0.0609513
-0.0551271
-0.0475828
-0.0421048
-0.0418720
-0.0455972
-0.0476297
-0.0438671
-0.0369754
-0.0337087
-0.0365388
-0.0395680
-0.0343638
-0.0196286
-0.0035721
0.0041178
0.0017993
-0.0037163
-0.0055536
-0.0034352
-0.0013659
-0.0010113
0.0000876
0.0043292
0.0107832
0.0167951
0.0206094
0.0208554
0.0153642
0.0037311
-0.0086601
-0.0124878
-0.0035095
0.0108165
0.0169923
0.0095097
-0.0026386
-0.0060165
0.0014367
0.0079261
0.0022840
-0.0118727
-0.0194661
-0.0107962
0.0077266
0.0204259
0.0179476
0.0046646
-0.0078776
-0.0121462
-0.0087557
-0.0019973
0.0057520
0.0147034
0.0248263
0.0341493
0.0396120
0.0387993
0.0317630
0.0230184
0.0216043
0.0361845
0.0670178
0.1025657
0.1265789
0.1313306
0.1247208
0.1231664
0.1360493
0.1571129
0.1719468
0.1734384
0.1678495
0.1650394
0.1653268
0.1590860
0.1385342
0.1058917
0.0683050
0.0287479
-0.0128424
-0.0502970
-0.0704829
-0.0674886
-0.0543504
-0.0523391
-0.0661874
-0.0772853
-0.0683850
-0.0502707
-0.0518821
-0.0812745
-0.1092379
-0.1047621
-0.0809694
-0.0836854
-0.1196164
-0.1062895
0.0794410
0.4828758
1.0000548
1.4338167
1.6295745
1.5654670
1.3278225
1.0217043
0.7129095
0.4351928
0.2166797
0.0770128
0.0057606
-0.0356106
-0.0799672
-0.1271404
-0.1552893
-0.1548767
-0.1428887
-0.1427631
-0.1584471
-0.1745478
-0.1785823
-0.1750348
-0.1757092
-0.1827442
-0.1872577
-0.1831956
-0.1764077
-0.1774063
-0.1882536
-0.2004545
-0.2056926
-0.2054915
-0.2082455
-0.2179577
-0.2286721
-0.2311620
-0.2236551
-0.2139699
-0.2110129
-0.2158897
-0.2224734
-0.2256260
-0.2267127
-0.2301870
-0.2362339
-0.2393103
-0.2350544
-0.2270547
-0.2241260
-0.2302826
-0.2396907
-0.2437301
-0.2420134
-0.2432407
-0.2539096
-0.2685377
-0.2741394
-0.2645830
-0.2479750
-0.2379722
-0.2390185
-0.2429073
-0.2403614
-0.2328360
-0.2294817
-0.2331262
-0.2336543
-0.2183899
-0.1875356
-0.1555919
-0.1362606
-0.1282790
-0.1186125
-0.0988857
-0.0755087
-0.0617121
-0.0612448
-0.0633154
-0.0549035
-0.0358839
-0.0192156
-0.0163386
-0.0251236
-0.0339018
-0.0357556
-0.0357608
-0.0430530
-0.0577389
-0.0686516
-0.0652489
-0.0502475
-0.0380671
-0.0400267
-0.0526005
-0.0619231
-0.0593353
-0.0503229
-0.0470853
-0.0537755
-0.0614897
-0.0585591
-0.0441502
-0.0295664
-0.0258974
-0.0323384
-0.0384219
-0.0368903
-0.0316671
-0.0318762
-0.0397666
-0.0471874
-0.0445597
-0.0317730
-0.0188567
-0.0161127
-0.0244804
-0.0356879
-0.0409301
-0.0385561
-0.0336154
-0.0312730
-0.0317701
-0.0315873
-0.0283507
-0.0236590
-0.0210091
-0.0215051
-0.0224533
-0.0208064
-0.0175755
-0.0173308
-0.0222874
-0.0278592
-0.0262575
-0.0153438
-0.0024344
0.0025261
-0.0025427
-0.0098894
-0.0112565
-0.0076502
-0.0075097
-0.0149836
-0.0227468
-0.0192875
-0.0030217
0.0137995
0.0171671
0.0061451
-0.0064132
-0.0078859
0.0013177
0.0098838
0.0090889
0.0022660
0.0007171
0.0117362
0.0316670
0.0498855
0.0579708
0.0548856
0.0453109
0.0353005
0.0298518
0.0327770
0.0465178
0.0706049
0.1000863
0.1265622
0.1429273
0.1489751
0.1522568
0.1615707
0.1781543
0.1937223
0.1984270
0.1908302
0.1788265
0.1700800
0.1626313
0.1465963
0.1152749
0.0730735
0.0315178
-0.0013436
-0.0258232
-0.0455282
-0.0602863
-0.0660416
-0.0608518
-0.0490316
-0.0389118
-0.0370372
-0.0438758
-0.0536794
-0.0590804
-0.0589352
-0.0628421
-0.0825522
-0.1093607
-0.0957440
0.0319408
0.3238841
0.7530954
1.2064931
1.5386325
1.6516285
1.5411222
1.2795686
0.9617027
0.6595076
0.4104325
0.2269928
0.1061124
0.0327586
-0.0139863
-0.0499715
-0.0794649
-0.1002105
-0.1131163
-0.1238921
-0.1354411
-0.1430002
-0.1404076
-0.1300567
-0.1228653
-0.1270247
-0.1391448
-0.1489057
-0.1514484
-0.1521225
-0.1580550
-0.1677294
-0.1722228
-0.1668259
-0.1582230
-0.1575357
-0.1672474
-0.1781586
-0.1805049
-0.1758585
-0.1751747
-0.1850742
-0.1988455
-0.2033239
-0.1940864
-0.1813762
-0.1795890
-0.1919792
-0.2077408
-0.2144653
-0.2115618
-0.2096137
-0.2171411
-0.2303899
-0.2375655
-0.2321146
-0.2198930
-0.2127056
-0.2160766
-0.2247864
-0.2301750
-0.2299606
-0.2292739
-0.2324755
-0.2361614
-0.2320833
-0.2167941
-0.1967199
-0.1823649
-0.1776044
-0.1756635
-0.1661985
-0.1458591
-0.1210206
-0.1001291
-0.0846218
-0.0687117
-0.0478853
-0.0258077
-0.0112973
-0.0087700
-0.0132494
-0.0157824
-0.0130991
-0.0104702
-0.0144990
-0.0241798
-0.0307416
-0.0268939
-0.0152379
-0.0062495
-0.0078068
-0.0175932
-0.0263315
-0.0278079
-0.0245898
-0.0237034
-0.0278111
-0.0320657
-0.0300374
-0.0217280
-0.0143275
-0.0146357
-0.0216405
-0.0277164
-0.0272232
-0.0228413
-0.0223269
-0.0290479
-0.0369470
-0.0362166
-0.0241926
-0.0095009
-0.0041155
-0.0113133
-0.0227107
-0.0278441
-0.0254127
-0.0231282
-0.0265221
-0.0306724
-0.0258642
-0.0111048
0.0015206
-0.0010145
-0.0169539
-0.0296788
-0.0253874
-0.0090729
0.0003173
-0.0089025
-0.0275421
-0.0353077
-0.0228984
-0.0014303
0.0106555
0.0072057
-0.0016764
-0.0038737
0.0007450
0.0028136
-0.0024995
-0.0084808
-0.0055506
0.0057803
0.0143302
0.0112077
0.0007368
-0.0039752
0.0040174
0.0172565
0.0218763
0.0128660
-0.0004723
-0.0047186
0.0034714
0.0148523
0.0188124
0.0149984
0.0123075
0.0173299
0.0264203
0.0307245
0.0277609
0.0252368
0.0320756
0.0471880
0.0597605
0.0614964
0.0568353
0.0589532
0.0756716
0.1012164
0.1230712
0.1357195
0.1453376
0.1604717
0.1803866
0.1953792
0.1987064
0.1952611
0.1954807
0.2009914
0.1996952
0.1778653
0.1362246
0.0908602
0.0570298
0.0346515
0.0126739
-0.0137960
-0.0361083
-0.0444770
-0.0434577
-0.0479640
-0.0627725
-0.0731652
-0.0628480
-0.0383666
-0.0259298
-0.0402388
-0.0652693
-0.0764470
-0.0773175
-0.0942935
-0.1203463
-0.0741336
0.1545843
0.5937077
1.1214723
1.5272699
1.6580230
1.5163285
1.2254340
0.9117132
0.6271250
0.3701135
0.1488090
-0.0014349
-0.0598519
-0.0569458
-0.0532143
-0.0835751
-0.1324135
-0.1637367
-0.1656706
-0.1583239
-0.1636463
-0.1791695
-0.1854500
-0.1727601
-0.1527872
-0.1442548
-0.1529652
-0.1690755
-0.1806736
-0.1852133
