0.0290958
0.0311169
0.0268394
0.0238433
0.0234216
0.0201902
0.0102857
-0.0027203
-0.0117461
-0.0149606
-0.0181048
-0.0268806
-0.0384754
-0.0432763
-0.0360793
-0.0240396
-0.0209956
-0.0330333
-0.0510556
-0.0593471
-0.0514494
-0.0361135
-0.0270025
-0.0280467
-0.0309123
-0.0265939
-0.0166989
-0.0109084
-0.0141115
-0.0193126
-0.0154388
-0.0009940
0.0129667
0.0146394
0.0045009
-0.0057227
-0.0069183
-0.0027714
-0.0040914
-0.0141892
-0.0233420
-0.0197544
-0.0042412
0.0095222
0.0105402
0.0037178
0.0043278
0.0192936
0.0373479
0.0406318
0.0250615
0.0056625
0.0000304
0.0086552
0.0148106
0.0041119
-0.0188167
-0.0354696
-0.0340850
-0.0222746
-0.0181014
-0.0304514
-0.0503377
-0.0612533
-0.0558269
-0.0410391
-0.0285466
-0.0226048
-0.0185762
-0.0116365
-0.0041626
-0.0031439
-0.0112325
-0.0223942
-0.0275888
-0.0241846
-0.0183663
-0.0177878
-0.0230095
-0.0276340
-0.0266561
-0.0226553
-0.0221551
-0.0267235
-0.0301212
-0.0254112
-0.0134276
-0.0021172
0.0024005
0.0019098
0.0020364
0.0039065
0.0028288
-0.0041483
-0.0121160
-0.0126845
-0.0043168
0.0044202
0.0035607
-0.0076866
-0.0211311
-0.0296668
-0.0339932
-0.0378226
-0.0393415
-0.0320583
-0.0149700
0.0023354
0.0088537
0.0052564
0.0030841
0.0094951
0.0175278
0.0161114
0.0064180
-0.0007768
-0.0067044
-0.0323110
-0.0874975
-0.1276083
-0.0553661
0.2097155
0.6481932
1.1269076
1.4778266
1.6025296
1.5126230
1.2851037
0.9935148
0.6825665
0.3890533
0.1588228
0.0272865
-0.0124487
-0.0091490
-0.0144364
-0.0448615
-0.0820943
-0.1041044
-0.1095235
-0.1126020
-0.1226273
-0.1349353
-0.1407971
-0.1399737
-0.1400860
-0.1457030
-0.1519789
-0.1504308
-0.1395430
-0.1278966
-0.1262560
-0.1367582
-0.1501871
-0.1542665
-0.1450413
-0.1301670
-0.1208583
-0.1209562
-0.1247376
-0.1254154
-0.1239115
-0.1270826
-0.1376311
-0.1489611
-0.1526909
-0.1500981
-0.1522868
-0.1671621
-0.1887084
-0.2027550
-0.2033105
-0.1995399
-0.2043029
-0.2182126
-0.2291063
-0.2274182
-0.2177313
-0.2119896
-0.2139040
-0.2154628
-0.2099330
-0.2031186
-0.2064588
-0.2202200
-0.2298065
-0.2223245
-0.2036440
-0.1936911
-0.2041832
-0.2253090
-0.2373423
-0.2327797
-0.2223666
-0.2191057
-0.2213968
-0.2161860
-0.1970072
-0.1734914
-0.1605124
-0.1607289
-0.1616807
-0.1500021
-0.1251421
-0.0974604
-0.0754105
-0.0582073
-0.0411531
-0.0245089
-0.0139689
-0.0129684
-0.0173770
-0.0192065
-0.0144373
-0.0059151
0.0006878
0.0019813
-0.0020822
-0.0100205
-0.0197653
-0.0283529
-0.0327699
-0.0321514
-0.0283718
-0.0236599
-0.0183344
-0.0120850
-0.0069775
-0.0068655
-0.0121975
-0.0165424
-0.0110509
0.0062008
0.0264276
0.0374596
0.0351565
0.0267361
0.0228101
0.0273662
0.0360721
0.0426675
0.0446412
0.0426835
0.0374711
0.0295790
0.0218431
0.0188021
0.0221749
0.0281743
0.0310290
0.0285600
0.0223730
0.0129025
-0.0023298
-0.0229842
-0.0404864
-0.0432951
-0.0300295
-0.0147639
-0.0150850
-0.0339972
-0.0562086
-0.0640042
-0.0550645
-0.0423415
-0.0376945
-0.0397813
-0.0396471
-0.0344957
-0.0309348
-0.0343868
-0.0399480
-0.0373051
-0.0230800
-0.0044745
0.0096602
0.0178187
0.0239321
0.0295106
0.0321362
0.0316962
0.0334067
0.0414498
0.0520124
0.0569185
0.0539218
0.0488286
0.0455107
0.0384410
0.0206823
-0.0023199
-0.0145753
-0.0090122
0.0003699
-0.0064321
-0.0290123
-0.0442215
-0.0352384
-0.0160110
-0.0160417
-0.0414929
-0.0647063
-0.0614956
-0.0489914
-0.0651639
-0.1014213
-0.0703028
0.1342520
0.5304113
1.0053668
1.3868206
1.5613613
1.5279154
1.3524327
1.0944937
0.7877117
0.4728577
0.2160529
0.0733830
0.0417712
0.0596694
0.0622072
0.0314977
-0.0075112
-0.0296216
-0.0362966
-0.0428027
-0.0531111
-0.0578253
-0.0528139
-0.0485423
-0.0567569
-0.0743901
-0.0877272
-0.0909061
-0.0931113
-0.1048844
-0.1227469
-0.1334535
-0.1323108
-0.1306766
-0.1418375
-0.1631970
-0.1781726
-0.1761124
-0.1652611
-0.1622899
-0.1714181
-0.1792783
-0.1719170
-0.1526538
-0.1386111
-0.1403222
-0.1495232
-0.1496788
-0.1358905
-0.1201717
-0.1167231
-0.1257937
-0.1350073
-0.1349740
-0.1295043
-0.1289785
-0.1365638
-0.1446946
-0.1453673
-0.1407120
-0.1407953
-0.1517749
-0.1688313
-0.1817060
-0.1854823
-0.1840904
-0.1839208
-0.1866720
-0.1899943
-0.1934937
-0.2007463
-0.2137866
-0.2273072
-0.2313160
-0.2207456
-0.2012337
-0.1839871
-0.1751916
-0.1715201
-0.1656961
-0.1544812
-0.1399541
-0.1243647
-0.1065650
-0.0846559
-0.0604606
-0.0390821
-0.0238628
-0.0135225
-0.0052055
0.0010478
0.0028160
0.0001145
-0.0024899
-0.0001778
0.0063908
0.0113491
0.0100788
0.0042734
-0.0003730
-0.0008903
-0.0000071
-0.0020342
-0.0070533
-0.0107431
-0.0100630
-0.0076890
-0.0095165
-0.0179187
-0.0286215
-0.0349011
-0.0343831
-0.0309229
-0.0298882
-0.0325966
-0.0361112
-0.0379035
-0.0392560
-0.0433006
-0.0504401
-0.0569690
-0.0585116
-0.0541613
-0.0470093
-0.0414618
-0.0407216
-0.0459646
-0.0559933
-0.0667818
-0.0725552
-0.0692647
-0.0577511
-0.0429150
-0.0293483
-0.0181980
-0.0084036
0.0003484
0.0075381
0.0142678
0.0233344
0.0351628
0.0449059
0.0461856
0.0383212
0.0278648
0.0213717
0.0177866
0.0102985
-0.0040997
-0.0192572
-0.0257865
-0.0212558
-0.0124057
-0.0074075
-0.0083422
-0.0124326
-0.0182281
-0.0271509
-0.0389346
-0.0491074
-0.0536169
-0.0544718
-0.0576490
-0.0651419
-0.0720802
-0.0736689
-0.0728018
-0.0770064
-0.0874100
-0.0945616
-0.0887646
-0.0735313
-0.0645295
-0.0730181
-0.0927464
-0.1067251
-0.1065485
-0.1010011
-0.1033536
-0.1133330
-0.1169379
-0.1049756
-0.0867269
-0.0801081
-0.0894330
-0.0990579
-0.0922210
-0.0717094
-0.0553032
-0.0517339
-0.0503971
-0.0409618
-0.0354637
-0.0540673
-0.0799224
-0.0382008
0.1582513
0.5262500
0.9732880
1.3479014
1.5366187
1.5203474
1.3510492
1.0919393
0.7878493
0.4793548
0.2178816
0.0471879
-0.0297884
-0.0545409
-0.0771108
-0.1176050
-0.1627050
-0.1926767
-0.2040248
-0.2069266
-0.2097349
-0.2125502
-0.2131935
-0.2126448
-0.2129010
-0.2137705
-0.2148205
-0.2179685
-0.2243905
-0.2297869
-0.2270946
-0.2155134
-0.2036495
-0.2004771
-0.2043310
-0.2043380
-0.1934405
-0.1771333
-0.1672168
-0.1685387
-0.1746925
-0.1765629
-0.1721377
-0.1665185
-0.1645998
-0.1665866
-0.1701150
-0.1736223
-0.1763306
-0.1771234
-0.1758713
-0.1752313
-0.1787027
-0.1862936
-0.1939522
-0.1986056
-0.2025396
-0.2108222
-0.2245436
-0.2386943
-0.2478886
-0.2529359
-0.2599826
-0.2733028
-0.2905246
-0.3054777
-0.3144199
-0.3184075
-0.3205062
-0.3223462
-0.3233944
-0.3220204
-0.3165409
-0.3063878
-0.2934444
-0.2814670
-0.2723000
-0.2621386
-0.2431037
-0.2102845
-0.1673533
-0.1242043
-0.0886913
-0.0613465
-0.0383050
-0.0178657
-0.0023597
0.0063188
0.0109797
0.0172851
0.0278284
0.0391316
0.0449489
0.0423394
0.0346331
0.0290019
0.0311032
0.0410421
0.0534229
0.0613112
0.0611916
0.0550664
0.0479106
0.0428015
0.0384738
0.0317339
0.0219311
0.0123445
0.0068988
0.0059541
0.0056639
0.0011092
-0.0101885
-0.0268950
-0.0444129
-0.0565584
-0.0584389
-0.0497336
-0.0355412
-0.0228380
-0.0151226
-0.0106742
-0.0063238
-0.0020202
-0.0001854
-0.0005012
0.0026347
0.0153282
0.0368786
0.0589365
0.0728782
0.0771788
0.0767093
0.0759438
0.0749638
0.0723325
0.0694475
0.0695942
0.0729729
0.0750930
0.0716434
0.0640027
0.0581827
0.0582948
0.0625688
0.0662784
0.0668663
0.0645728
0.0591589
0.0489327
0.0340812
0.0188482
0.0079606
0.0013087
-0.0053347
-0.0133687
-0.0173302
-0.0104988
0.0056068
0.0200901
0.0229386
0.0154037
0.0081515
0.0092631
0.0162471
0.0207985
0.0193231
0.0162213
0.0172082
0.0222381
0.0265653
0.0272565
0.0264303
0.0282089
0.0345301
0.0447952
0.0578170
0.0719175
0.0835011
0.0881457
0.0847259
0.0774299
0.0720443
0.0705002
0.0705181
0.0703910
0.0717445
0.0760671
0.0802008
0.0783504
0.0693663
0.0597644
0.0571584
0.0610834
0.0627221
0.0549804
0.0415056
0.0337250
0.0388182
0.0521121
0.0620790
0.0617775
0.0543765
0.0483831
0.0493516
0.0565107
0.0654772
0.0722657
0.0749375
0.0734479
0.0694291
0.0657203
0.0647487
0.0668237
0.0705371
0.0750256
0.0808645
0.0877834
0.0922511
0.0894043
0.0785500
0.0658084
0.0595499
0.0626792
0.0702497
0.0752261
0.0758232
0.0760920
0.0796419
0.0846499
0.0863772
0.0836124
0.0802856
0.0798917
0.0801687
0.0755423
0.0646159
0.0529022
0.0467675
0.0459503
0.0441194
0.0368959
0.0274402
0.0229020
0.0264123
0.0343366
0.0412911
0.0458496
0.0501943
0.0557001
0.0611970
0.0656265
0.0702227
0.0767086
0.0843462
0.0901077
0.0912890
0.0869209
0.0775212
0.0656541
0.0567438
0.0562321
0.0635814
0.0710662
0.0722223
0.0706890
0.0746254
0.0794474
0.0644937
0.0220697
-0.0037168
0.0803821
0.3511928
0.7883870
1.2581664
1.5890754
1.6792095
1.5437180
1.2728748
0.9561035
0.6451449
0.3701739
0.1628253
0.0471215
0.0133949
0.0173610
0.0141203
-0.0088916
-0.0351265
-0.0492736
-0.0560393
-0.0685406
-0.0871388
-0.0979690
-0.0912702
-0.0740147
-0.0610889
-0.0580590
-0.0577756
-0.0530089
-0.0466296
-0.0462948
-0.0525799
-0.0575622
-0.0554036
-0.0499561
-0.0491680
-0.0544092
-0.0592812
-0.0590141
-0.0571881
-0.0604884
-0.0686007
-0.0731350
-0.0677460
-0.0568293
-0.0515708
-0.0579543
-0.0712251
-0.0828219
-0.0903301
-0.0983830
-0.1108645
-0.1251799
-0.1351165
-0.1374537
-0.1342892
-0.1301479
-0.1289167
-0.1332027
-0.1437737
-0.1577294
-0.1687468
-0.1721055
-0.1701295
-0.1704665
-0.1773562
-0.1860822
-0.1885560
-0.1840255
-0.1810930
-0.1873374
-0.1989357
-0.2035916
-0.1938718
-0.1752053
-0.1594454
-0.1521669
-0.1482424
-0.1390804
-0.1213951
-0.0978518
-0.0716734
-0.0439522
-0.0162975
0.0072210
0.0234031
0.0342437
0.0453674
0.0595653
0.0735474
0.0820881
0.0841765
0.0836243
0.0842154
0.0861391
0.0876630
0.0884996
0.0895978
0.0900184
0.0863179
0.0764150
0.0629603
0.0509778
0.0421776
0.0334757
0.0221970
0.0114760
0.0085587
0.0173054
0.0332212
0.0464697
0.0498426
0.0442886
0.0376846
0.0384482
0.0490336
0.0639259
0.0736567
0.0721474
0.0616153
0.0504428
0.0455117
0.0465204
0.0483649
0.0486125
0.0506021
0.0578895
0.0672292
0.0700638
0.0618956
0.0482828
0.0396954
0.0409143
0.0469581
0.0492722
0.0441878
0.0346863
0.0257485
0.0202405
0.0189212
0.0214751
0.0255225
0.0261325
0.0194132
0.0073853
-0.0027358
-0.0057206
-0.0039482
-0.0044831
-0.0110475
-0.0203614
-0.0262958
-0.0259125
-0.0207898
-0.0141322
-0.0084700
-0.0056289
-0.0065278
-0.0097798
-0.0118923
-0.0107125
-0.0082147
-0.0077352
-0.0080080
-0.0024914
0.0129034
0.0322807
0.0429855
0.0377633
0.0224502
0.0103347
0.0096292
0.0176399
0.0264006
0.0316554
0.0351795
0.0397394
0.0441261
0.0439220
0.0360632
0.0216224
0.0046361
-0.0106234
-0.0213559
-0.0269250
-0.0292249
-0.0320340
-0.0386319
-0.0489696
-0.0589104
-0.0627756
-0.0578356
-0.0472734
-0.0382419
-0.0354816
-0.0364672
-0.0343304
-0.0265448
-0.0190565
-0.0193947
-0.0262881
-0.0297321
-0.0233214
-0.0135612
-0.0124109
-0.0208879
-0.0257665
-0.0161639
0.0010955
0.0099704
0.0077969
0.0083902
0.0159163
0.0064809
-0.0428387
-0.0971910
-0.0516198
0.1959200
0.6403989
1.1393925
1.4989991
1.6028594
1.4693382
1.1995584
0.8868609
0.5782066
0.3002096
0.0886236
-0.0259363
-0.0529551
-0.0436608
-0.0490310
-0.0799132
-0.1116847
-0.1219436
-0.1149796
-0.1099110
-0.1150569
-0.1220449
-0.1220876
-0.1186386
-0.1201190
-0.1259374
-0.1270283
-0.1198826
-0.1134394
-0.1183134
-0.1325306
-0.1429872
-0.1409955
-0.1320001
-0.1275214
-0.1303202
-0.1319081
-0.1250958
-0.1147871
-0.1125941
-0.1219311
-0.1328815
-0.1338349
-0.1254371
-0.1195214
-0.1248352
-0.1375605
-0.1476412
-0.1518282
-0.1568005
-0.1690639
-0.1849670
-0.1937582
-0.1903125
-0.1821050
-0.1818072
-0.1940985
-0.2117984
-0.2246510
-0.2293658
-0.2299217
-0.2304121
-0.2309018
-0.2306407
-0.2324089
-0.2407210
-0.2554697
-0.2694463
-0.2742312
-0.2687004
-0.2603328
-0.2573429
-0.2604755
-0.2636217
-0.2615539
-0.2548041
-0.2462885
-0.2351022
-0.2160266
-0.1856456
-0.1477705
-0.1117019
-0.0850187
-0.0685020
-0.0579855
-0.0498787
-0.0435334
-0.0388018
-0.0338972
-0.0275813
-0.0224685
-0.0236127
-0.0327367
-0.0449733
-0.0527080
-0.0526859
-0.0483677
-0.0447753
-0.0419548
-0.0353351
-0.0231492
-0.0115166
-0.0092826
-0.0173688
-0.0258230
-0.0238090
-0.0119012
-0.0020907
-0.0046263
-0.0162485
-0.0233768
-0.0172025
-0.0038941
0.0020379
-0.0057866
-0.0181831
-0.0210140
-0.0117426
-0.0025620
-0.0064228
-0.0220829
-0.0349087
-0.0320022
-0.0149509
0.0027660
0.0097303
0.0065341
0.0019637
0.0013053
0.0007429
-0.0064625
-0.0205295
-0.0340232
-0.0399337
-0.0393274
-0.0402205
-0.0491471
-0.0641118
-0.0759906
-0.0772221
-0.0692716
-0.0611898
-0.0606894
-0.0670499
-0.0727864
-0.0713900
-0.0628486
-0.0522286
-0.0438688
-0.0373433
-0.0290356
-0.0173655
-0.0055643
0.0016964
0.0041095
0.0066571
0.0139295
0.0243922
0.0316356
0.0315885
0.0274977
0.0263911
0.0303663
0.0333620
0.0291720
0.0220413
0.0247452
0.0429392
0.0643843
0.0694952
0.0534017
0.0323322
0.0245120
0.0283922
0.0261282
0.0083352
-0.0130175
-0.0227353
-0.0269250
-0.0429590
-0.0553442
0.0077462
0.2297920
0.6208149
1.0779069
1.4415235
1.6001990
1.5478436
1.3524385
1.0860626
0.7909780
0.4979263
0.2496739
0.0880490
0.0196418
0.0072745
0.0026114
-0.0157237
-0.0382925
-0.0508129
-0.0534494
-0.0547345
-0.0572865
-0.0571007
-0.0532385
-0.0506876
-0.0527629
-0.0560050
-0.0560151
-0.0557617
-0.0632934
-0.0801382
-0.0960011
-0.0992510
-0.0915951
-0.0873270
-0.0964251
-0.1128272
-0.1230462
-0.1231928
-0.1220161
-0.1274087
-0.1353184
-0.1352857
-0.1251592
-0.1167149
-0.1244292
-0.1486855
-0.1725543
-0.1780304
-0.1648987
-0.1502325
-0.1488889
-0.1585365
-0.1660152
-0.1647440
-0.1615366
-0.1667261
-0.1805349
-0.1907867
-0.1850194
-0.1654768
-0.1499175
-0.1542197
-0.1753288
-0.1957141
-0.2039106
-0.2048755
-0.2094371
-0.2202341
-0.2312706
-0.2363409
-0.2343167
-0.2294818
-0.2285370
-0.2330388
-0.2334931
-0.2171194
-0.1846925
