0.2955929
0.3234262
0.3359589
0.3311835
0.3172521
0.3036602
0.2923416
0.2779340
0.2556823
0.2277007
0.2013824
0.1825861
0.1708081
0.1603844
0.1457589
0.1259484
0.1047971
0.0871757
0.0744326
0.0632555
0.0494211
0.0330828
0.0198865
0.0158683
0.0208860
0.0276930
0.0281902
0.0206522
0.0106453
0.0051787
0.0064507
0.0109795
0.0136448
0.0118855
0.0068095
0.0017453
0.0000968
0.0033742
0.0099581
0.0157961
0.0173527
0.0144992
0.0101999
0.0070550
0.0046405
0.0009049
-0.0041256
-0.0072106
-0.0051607
0.0012688
0.0076396
0.0100204
0.0081614
0.0041848
-0.0010734
-0.0093274
-0.0223073
-0.0387046
-0.0541575
-0.0640474
-0.0661314
-0.0611340
-0.0518960
-0.0421683
-0.0351121
-0.0316867
-0.0303494
-0.0290747
-0.0279228
-0.0289074
-0.0327993
-0.0368254
-0.0369510
-0.0327903
-0.0290411
-0.0307444
-0.0373091
-0.0425626
-0.0414324
-0.0357975
-0.0325282
-0.0356612
-0.0415688
-0.0426718
-0.0355781
-0.0247448
-0.0180246
-0.0192941
-0.0258233
-0.0321992
-0.0357337
-0.0377234
-0.0402191
-0.0426745
-0.0422576
-0.0372358
-0.0295997
-0.0239901
-0.0237187
-0.0275651
-0.0305302
-0.0282321
-0.0211058
-0.0142903
-0.0128432
-0.0166282
-0.0200774
-0.0174219
-0.0082182
0.0025611
0.0098708
0.0137183
0.0194808
0.0350456
0.0694290
0.1331268
0.2351011
0.3742604
0.5329576
0.6832620
0.8052481
0.9007479
0.9861382
1.0685845
1.1308198
1.1446418
1.1039615
1.0446385
1.0273939
1.0944038
1.2351396
1.3884507
1.4767904
1.4459834
1.2869480
1.0336995
0.7451249
0.4804576
0.2775269
0.1429237
0.0591546
0.0029577
-0.0397939
-0.0728454
-0.0979355
-0.1203003
-0.1453237
-0.1726910
-0.1969720
-0.2142237
-0.2261092
-0.2366703
-0.2466699
-0.2531156
-0.2541787
-0.2526523
-0.2535151
-0.2590482
-0.2675598
-0.2764148
-0.2847272
-0.2926045
-0.2990727
-0.3021844
-0.3011149
-0.2971554
-0.2923416
-0.2878206
-0.2840124
-0.2816465
-0.2815270
-0.2831686
-0.2846340
-0.2844693
-0.2834261
-0.2833914
-0.2844626
-0.2839278
-0.2790503
-0.2709220
-0.2647968
-0.2657533
-0.2736968
-0.2829336
-0.2872099
-0.2853946
-0.2818849
-0.2809853
-0.2810283
-0.2748393
-0.2567459
-0.2290822
-0.2010630
-0.1805957
-0.1670395
-0.1520666
-0.1275352
-0.0924391
-0.0525225
-0.0138388
0.0228820
0.0618737
0.1070256
0.1569564
0.2047734
0.2424139
0.2657781
0.2765435
0.2795111
0.2781769
0.2726156
0.2612759
0.2442849
0.2245375
0.2055543
0.1885841
0.1718781
0.1525198
0.1289672
0.1025230
0.0770779
0.0570856
0.0443878
0.0360606
0.0260755
0.0106854
-0.0072557
-0.0203683
-0.0242852
-0.0228212
-0.0243724
-0.0327673
-0.0427368
-0.0455214
-0.0386818
-0.0292678
-0.0269268
-0.0345360
-0.0460757
-0.0531291
-0.0526488
-0.0485625
-0.0469107
-0.0500845
-0.0552687
-0.0576546
-0.0552114
-0.0510139
-0.0509678
-0.0583162
-0.0696342
-0.0767510
-0.0738562
-0.0632743
-0.0537741
-0.0526418
-0.0594777
-0.0679401
-0.0730337
-0.0757339
-0.0802755
-0.0879868
-0.0951218
-0.0969259
-0.0927657
-0.0863444
-0.0812983
-0.0778369
-0.0742102
-0.0704831
-0.0693799
-0.0729924
-0.0796025
-0.0848672
-0.0861696
-0.0848901
-0.0838721
-0.0834509
-0.0813395
-0.0766484
-0.0725587
-0.0733718
-0.0789265
-0.0835596
-0.0819422
-0.0755663
-0.0720000
-0.0769615
-0.0877700
-0.0956603
-0.0947127
-0.0878009
-0.0833226
-0.0865454
-0.0948286
-0.1012109
-0.1018516
-0.0994311
-0.0995773
-0.1045384
-0.1104904
-0.1108653
-0.1024068
-0.0883681
-0.0759774
-0.0705001
-0.0713394
-0.0736691
-0.0737285
-0.0723680
-0.0734394
-0.0791555
-0.0875963
-0.0947692
-0.0983609
-0.0988267
-0.0973212
-0.0940041
-0.0891487
-0.0849408
-0.0844116
-0.0879750
-0.0920995
-0.0927322
-0.0900353
-0.0886136
-0.0923429
-0.0995401
-0.1043378
-0.1031320
-0.0989138
-0.0983926
-0.1048032
-0.1140695
-0.1183099
-0.1129834
-0.1007085
-0.0887023
-0.0828673
-0.0837839
-0.0873177
-0.0886189
-0.0861382
-0.0826418
-0.0824400
-0.0870128
-0.0929922
-0.0949759
-0.0911513
-0.0861136
-0.0870665
-0.0962888
-0.1075972
-0.1113286
-0.1034629
-0.0895745
-0.0794350
-0.0779751
-0.0819121
-0.0847713
-0.0840332
-0.0827538
-0.0849773
-0.0909340
-0.0971021
-0.0999588
-0.0986493
-0.0943747
-0.0885747
-0.0823930
-0.0770893
-0.0738025
-0.0728559
-0.0740736
-0.0778824
-0.0850456
-0.0944188
-0.1016174
-0.1016539
-0.0939809
-0.0843359
-0.0801927
-0.0837561
-0.0900123
-0.0923435
-0.0897484
-0.0876657
-0.0915163
-0.1002552
-0.1070487
-0.1061308
-0.0983798
-0.0901268
-0.0871208
-0.0899455
-0.0946101
-0.0965237
-0.0937623
-0.0876855
-0.0817680
-0.0798118
-0.0837430
-0.0916851
-0.0983932
-0.0991925
-0.0947558
-0.0916528
-0.0966907
-0.1095496
-0.1212099
-0.1210080
-0.1066392
-0.0875768
-0.0778049
-0.0838923
-0.0993362
-0.1104988
-0.1085589
-0.0964431
-0.0848936
-0.0821987
-0.0874855
-0.0932184
-0.0934863
-0.0896174
-0.0879263
-0.0923091
-0.0992913
-0.1006609
-0.0914644
-0.0756958
-0.0635938
-0.0622484
-0.0683988
-0.0712725
-0.0633582
-0.0474429
-0.0305611
-0.0097327
0.0342058
0.1243368
0.2661565
0.4382081
0.6058798
0.7459082
0.8578228
0.9524220
1.0315952
1.0821382
1.0904233
1.0629240
1.0321435
1.0410894
1.1162863
1.2459720
1.3767927
1.4342861
1.3606258
1.1494141
0.8527796
0.5518012
0.3099184
0.1443999
0.0349575
-0.0451090
-0.1071782
-0.1509373
-0.1799660
-0.2064286
-0.2401763
-0.2782724
-0.3091414
-0.3261489
-0.3341916
-0.3426370
-0.3545143
-0.3646696
-0.3673568
-0.3630913
-0.3574868
-0.3552110
-0.3566144
-0.3594912
-0.3622521
-0.3649420
-0.3685152
-0.3741147
-0.3822606
-0.3914724
-0.3980297
-0.3987952
-0.3950958
-0.3926782
-0.3962617
-0.4041189
-0.4094119
-0.4077019
-0.4022953
-0.4007695
-0.4061180
-0.4127548
-0.4125090
-0.4041048
-0.3951602
-0.3940934
-0.4009160
-0.4071713
-0.4048796
-0.3944308
-0.3830285
-0.3760534
-0.3712124
-0.3616009
-0.3436396
-0.3207792
-0.2991975
-0.2809249
-0.2623174
-0.2390919
-0.2115157
-0.1836511
-0.1579126
-0.1315997
-0.0994773
-0.0594061
-0.0147250
0.0290480
0.0693590
0.1080770
0.1480592
0.1887590
0.2253424
0.2519075
0.2657128
0.2689858
0.2671152
0.2645606
0.2614261
0.2535722
0.2367067
0.2112046
0.1829586
0.1587690
0.1402858
0.1226615
0.0998786
0.0717934
0.0455422
0.0293227
0.0246047
0.0248042
0.0217753
0.0132691
0.0038132
-0.0011729
-0.0012213
-0.0006310
-0.0032576
-0.0083719
-0.0117651
-0.0102676
-0.0046381
0.0016515
0.0056090
0.0064433
0.0049308
0.0020649
-0.0015568
-0.0056110
-0.0096348
-0.0124944
-0.0122868
-0.0075561
0.0005562
0.0075610
0.0082445
0.0011678
-0.0094643
-0.0173957
-0.0205021
-0.0230274
-0.0307521
-0.0437806
-0.0550913
-0.0572252
-0.0502992
-0.0424761
-0.0419889
-0.0490777
-0.0563811
-0.0571746
-0.0524423
-0.0492189
-0.0522715
-0.0584035
-0.0596120
-0.0515412
-0.0380982
-0.0276340
-0.0251395
-0.0284577
-0.0315441
-0.0306104
-0.0270076
-0.0248315
-0.0264314
-0.0303371
-0.0331608
-0.0331777
-0.0320379
-0.0330717
-0.0378132
-0.0440468
-0.0475107
-0.0460276
-0.0420344
-0.0404687
-0.0437275
-0.0491003
-0.0518084
-0.0503682
-0.0480057
-0.0483932
-0.0508907
-0.0512497
-0.0471627
-0.0419156
-0.0412682
-0.0466723
-0.0526991
-0.0521600
-0.0436305
-0.0331329
-0.0281493
-0.0304874
-0.0353615
-0.0369884
-0.0343523
-0.0314208
-0.0322895
-0.0365949
-0.0396640
-0.0369662
-0.0285127
-0.0192549
-0.0152781
-0.0190424
-0.0274642
-0.0343922
-0.0356966
-0.0327952
-0.0311004
-0.0342040
-0.0393822
-0.0397213
-0.0315903
-0.0197021
-0.0134829
-0.0176094
-0.0267068
-0.0306269
-0.0252833
-0.0172675
-0.0168255
-0.0268093
-0.0398716
-0.0466108
-0.0449131
-0.0402968
-0.0384776
-0.0398906
-0.0415970
-0.0420363
-0.0418958
-0.0414536
-0.0398720
-0.0377846
-0.0381103
-0.0419890
-0.0450539
-0.0409935
-0.0297245
-0.0191866
-0.0163474
-0.0177607
-0.0123140
0.0069367
0.0382586
0.0813730
0.1481466
0.2555909
0.4048636
0.5710856
0.7197454
0.8343414
0.9248042
1.0075288
1.0809706
1.1256681
1.1285766
1.1040217
1.0889431
1.1183824
1.2035418
1.3251086
1.4385587
1.4866174
1.4204941
1.2268914
0.9434020
0.6436213
0.3962906
0.2288920
0.1245609
0.0503586
-0.0129397
-0.0651218
-0.1016182
-0.1264438
-0.1489586
-0.1726040
-0.1917036
-0.1998018
-0.1984122
-0.1958622
-0.1986460
-0.2058315
-0.2121757
-0.2151417
-0.2174076
-0.2227446
-0.2309690
-0.2380269
-0.2406542
-0.2398834
-0.2396265
-0.2424419
-0.2472810
-0.2511742
-0.2525205
-0.2525761
-0.2541950
-0.2595185
-0.2685172
-0.2788458
-0.2867750
-0.2893101
-0.2869153
-0.2843043
-0.2869913
-0.2956776
-0.3045115
-0.3064046
-0.3005033
-0.2932917
-0.2913573
-0.2936973
-0.2926305
-0.2826966
-0.2673902
-0.2556910
-0.2521006
-0.2515738
-0.2450335
-0.2288359
-0.2074106
-0.1869480
-0.1683411
-0.1472910
-0.1202231
-0.0884506
-0.0563626
-0.0266552
0.0019967
0.0331417
0.0691965
0.1095514
0.1509379
0.1892486
0.2217993
0.2487920
0.2724598
0.2939288
0.3108059
0.3187962
0.3162009
0.3059389
0.2922013
0.2758513
0.2547721
0.2288611
0.2026327
0.1810535
0.1634999
0.1442352
0.1199770
0.0953623
0.0785063
0.0710145
0.0648538
0.0511663
0.0312543
0.0161942
0.0146743
0.0230411
0.0292117
0.0257282
0.0167670
0.0116435
0.0132739
0.0151749
0.0097737
-0.0023854
-0.0132113
-0.0160706
-0.0123645
-0.0086246
-0.0086136
-0.0099712
-0.0084206
-0.0035582
0.0005699
0.0000706
-0.0046393
-0.0094695
-0.0110170
-0.0100451
-0.0107073
-0.0163509
-0.0259404
-0.0345936
-0.0379944
-0.0367624
-0.0364311
-0.0423226
-0.0537310
-0.0635656
-0.0648881
-0.0582044
-0.0514628
-0.0521222
-0.0597760
-0.0675684
-0.0705556
-0.0710527
-0.0746969
-0.0821806
-0.0870133
-0.0826454
-0.0708716
-0.0612062
-0.0611450
-0.0682010
-0.0730238
-0.0701478
-0.0640124
-0.0634179
-0.0708271
-0.0785100
-0.0757038
-0.0591202
-0.0360445
-0.0174226
-0.0085305
-0.0064931
-0.0059240
-0.0054333
-0.0079079
-0.0153348
-0.0249905
-0.0315186
-0.0323126
-0.0300678
-0.0298017
-0.0337851
-0.0399336
-0.0451077
-0.0490242
-0.0538360
-0.0599693
-0.0638670
-0.0612791
-0.0527646
-0.0447333
-0.0439951
-0.0511811
-0.0601439
-0.0643900
-0.0639645
-0.0652216
-0.0732886
-0.0853072
-0.0922798
-0.0880639
-0.0759258
-0.0654954
-0.0633521
-0.0671907
-0.0694369
-0.0660550
-0.0609840
-0.0615418
-0.0699294
-0.0800962
-0.0832052
-0.0756073
-0.0611375
-0.0464604
-0.0354286
-0.0280668
-0.0236818
-0.0234165
-0.0291892
-0.0404871
-0.0528934
-0.0604292
-0.0598679
-0.0531443
-0.0457806
-0.0428236
-0.0455710
-0.0513046
-0.0559278
-0.0573912
-0.0570690
-0.0578024
-0.0605702
-0.0633843
-0.0635834
-0.0607786
-0.0571335
-0.0550095
-0.0549160
-0.0558649
-0.0571859
-0.0593367
-0.0627528
-0.0663791
-0.0680688
-0.0666623
-0.0632152
-0.0598415
-0.0577824
-0.0571151
-0.0578548
-0.0602215
-0.0635564
-0.0659111
-0.0656141
-0.0631321
-0.0606968
-0.0598198
-0.0595995
-0.0580697
-0.0551691
-0.0534761
-0.0551635
-0.0586810
-0.0599688
-0.0576675
-0.0559257
-0.0602779
-0.0705252
-0.0792149
-0.0786714
-0.0695645
-0.0613256
-0.0630258
-0.0739977
-0.0845586
-0.0864822
-0.0816921
-0.0792378
-0.0840392
-0.0905827
-0.0889478
-0.0761693
-0.0601248
-0.0520384
-0.0561338
-0.0670104
-0.0761059
-0.0794081
-0.0789853
-0.0788366
-0.0809672
-0.0849829
-0.0891442
-0.0905095
-0.0855991
-0.0734241
-0.0582265
-0.0473557
-0.0449707
-0.0482775
-0.0510198
-0.0505538
-0.0503335
-0.0547969
-0.0626625
-0.0669558
-0.0625144
-0.0525833
-0.0463894
-0.0497167
-0.0588059
-0.0643493
-0.0611679
-0.0533211
-0.0497411
-0.0551679
-0.0652525
-0.0703526
-0.0644616
-0.0510072
-0.0400838
-0.0397000
-0.0491598
-0.0603269
-0.0649967
-0.0614898
-0.0550079
-0.0520612
-0.0543324
-0.0576351
-0.0567205
-0.0509114
-0.0448287
-0.0436973
-0.0481648
-0.0537056
-0.0551093
-0.0518741
-0.0492599
-0.0533154
-0.0641571
-0.0745924
-0.0765448
-0.0693210
-0.0609791
-0.0608645
-0.0706177
-0.0826483
-0.0875667
-0.0831290
-0.0757739
-0.0734485
-0.0774915
-0.0820478
-0.0808335
-0.0731748
-0.0632516
-0.0549533
-0.0488690
-0.0438854
-0.0402117
-0.0399628
-0.0449070
-0.0539772
-0.0630786
-0.0673853
-0.0641604
-0.0541546
-0.0412299
-0.0307220
-0.0268698
-0.0303032
-0.0377830
-0.0451212
-0.0506375
-0.0555068
-0.0610175
-0.0663568
-0.0693521
-0.0688266
-0.0658827
-0.0631481
-0.0629496
-0.0658955
-0.0707801
-0.0756350
-0.0789751
-0.0805514
-0.0814319
-0.0830436
-0.0851675
-0.0847774
-0.0781976
-0.0655608
-0.0525936
-0.0465656
-0.0497734
-0.0572054
-0.0609243
-0.0570007
-0.0484807
-0.0416852
-0.0395447
-0.0388252
-0.0343134
-0.0253772
-0.0173717
-0.0161416
-0.0217643
-0.0284101
-0.0304009
-0.0280896
-0.0273843
-0.0330909
-0.0429764
-0.0495684
-0.0484411
-0.0434241
-0.0418879
-0.0453921
-0.0473129
-0.0404134
-0.0242676
-0.0021080
0.0299033
0.0871978
0.1868414
0.3313014
0.5028436
0.6751463
0.8300456
0.9623190
1.0705227
1.1482075
1.1872770
1.1891430
1.1712622
1.1635167
1.1971214
1.2889088
1.4240626
1.5480483
1.5829690
1.4695872
1.2098439
0.8737342
0.5582209
0.3279364
0.1858244
0.0939933
0.0177891
-0.0505132
-0.1027628
-0.1371940
-0.1640200
-0.1931185
-0.2233864
-0.2466601
-0.2592752
-0.2666431
-0.2766028
-0.2908367
-0.3045419
-0.3133051
-0.3176066
-0.3201051
-0.3212781
-0.3202172
-0.3186525
-0.3212683
-0.3309258
-0.3446168
-0.3551639
-0.3572707
-0.3522487
-0.3467962
-0.3464019
-0.3496829
-0.3500847
-0.3435767
-0.3336134
-0.3276726
-0.3296694
-0.3366339
-0.3423079
-0.3432258
-0.3415600
-0.3424637
-0.3484136
-0.3561405
-0.3595928
-0.3557755
-0.3470814
-0.3383425
-0.3325867
-0.3290944
-0.3240253
-0.3131659
-0.2958872
-0.2766965
-0.2612587
-0.2502431
-0.2382058
-0.2191156
-0.1924381
-0.1638359
-0.1404210
-0.1246274
-0.1115182
-0.0924277
-0.0624061
-0.0241238
0.0157675
0.0531203
0.0887591
0.1263064
0.1687955
0.2155941
0.2607061
0.2953958
0.3147199
0.3212126
0.3211318
0.3180235
0.3108261
0.2967542
0.2747119
0.2470480
0.2188767
0.1943458
0.1730584
0.1518269
0.1299037
0.1097659
0.0925444
0.0762874
0.0598981
0.0452865
0.0339452
0.0243867
0.0145206
0.0040478
-0.0061876
-0.0144383
-0.0180252
-0.0170733
-0.0174523
-0.0243159
-0.0331458
-0.0345279
-0.0284350
-0.0249516
-0.0283322
-0.0301224
-0.0234515
