-0.0412801
-0.0505428
-0.0598790
-0.0623949
-0.0574827
-0.0512330
-0.0507782
-0.0580360
-0.0682392
-0.0740894
-0.0718391
-0.0643514
-0.0586358
-0.0598125
-0.0667767
-0.0737550
-0.0763987
-0.0760767
-0.0775249
-0.0823699
-0.0861663
-0.0828998
-0.0721055
-0.0603231
-0.0550161
-0.0577203
-0.0636866
-0.0674647
-0.0676650
-0.0665589
-0.0668588
-0.0700231
-0.0764739
-0.0851882
-0.0925817
-0.0938143
-0.0873701
-0.0782379
-0.0746063
-0.0800592
-0.0895448
-0.0942278
-0.0905129
-0.0835889
-0.0818310
-0.0883248
-0.0983212
-0.1044085
-0.1032468
-0.0973076
-0.0912167
-0.0874485
-0.0854465
-0.0839243
-0.0831349
-0.0846140
-0.0888397
-0.0934989
-0.0946359
-0.0900872
-0.0818750
-0.0747650
-0.0720699
-0.0729891
-0.0742695
-0.0740645
-0.0734048
-0.0739036
-0.0751940
-0.0756818
-0.0753225
-0.0760289
-0.0786040
-0.0804643
-0.0780867
-0.0717922
-0.0665411
-0.0668393
-0.0715355
-0.0751159
-0.0743394
-0.0722182
-0.0742570
-0.0812645
-0.0874403
-0.0863843
-0.0783786
-0.0706979
-0.0704479
-0.0775163
-0.0848600
-0.0855647
-0.0794701
-0.0730721
-0.0731734
-0.0804709
-0.0889102
-0.0911083
-0.0847231
-0.0741512
-0.0664990
-0.0658936
-0.0711002
-0.0777219
-0.0820857
-0.0832575
-0.0822881
-0.0804016
-0.0779999
-0.0748531
-0.0707927
-0.0662775
-0.0625419
-0.0611273
-0.0628828
-0.0671534
-0.0720321
-0.0756608
-0.0774819
-0.0783369
-0.0793723
-0.0806854
-0.0808168
-0.0777208
-0.0708710
-0.0628267
-0.0581277
-0.0594159
-0.0641713
-0.0662634
-0.0620690
-0.0550741
-0.0530257
-0.0594646
-0.0687474
-0.0710559
-0.0628843
-0.0514719
-0.0476717
-0.0547023
-0.0651077
-0.0690654
-0.0645664
-0.0584877
-0.0583192
-0.0643260
-0.0702077
-0.0702385
-0.0645914
-0.0580785
-0.0551190
-0.0565321
-0.0602388
-0.0637438
-0.0658222
-0.0668411
-0.0681882
-0.0709538
-0.0743148
-0.0752062
-0.0705411
-0.0605947
-0.0500093
-0.0445040
-0.0458246
-0.0499593
-0.0508863
-0.0464923
-0.0407131
-0.0395121
-0.0446540
-0.0516659
-0.0541269
-0.0498743
-0.0428563
-0.0390531
-0.0408985
-0.0456305
-0.0485207
-0.0472413
-0.0433714
-0.0404363
-0.0407847
-0.0437369
-0.0460077
-0.0441643
-0.0377682
-0.0306919
-0.0285694
-0.0337101
-0.0423396
-0.0478411
-0.0474802
-0.0454868
-0.0485676
-0.0582569
-0.0685144
-0.0715468
-0.0658155
-0.0577486
-0.0554480
-0.0610092
-0.0690786
-0.0725550
-0.0694161
-0.0642093
-0.0632850
-0.0685971
-0.0758697
-0.0787536
-0.0749919
-0.0685565
-0.0655237
-0.0678886
-0.0718826
-0.0725154
-0.0690783
-0.0653987
-0.0649888
-0.0671130
-0.0680766
-0.0653788
-0.0595366
-0.0523994
-0.0453500
-0.0396229
-0.0367192
-0.0366731
-0.0361644
-0.0299209
-0.0140812
0.0138405
0.0594262
0.1332935
0.2441701
0.3880253
0.5459981
0.6959871
0.8269836
0.9413018
1.0437834
1.1320412
1.1993890
1.2458740
1.2833554
1.3285513
1.3916426
1.4704408
1.5513356
1.6123913
1.6276459
1.5756594
1.4505788
1.2668025
1.0513619
0.8302757
0.6210449
0.4348746
0.2803842
0.1612699
0.0718652
-0.0000717
-0.0631326
-0.1157207
-0.1515317
-0.1708059
-0.1834669
-0.2000062
-0.2211275
-0.2386586
-0.2464087
-0.2479010
-0.2523131
-0.2641968
-0.2791521
-0.2897315
-0.2940231
-0.2972484
-0.3053447
-0.3181224
-0.3291546
-0.3319255
-0.3257404
-0.3160456
-0.3096790
-0.3098201
-0.3146776
-0.3200928
-0.3231961
-0.3241593
-0.3251801
-0.3280528
-0.3324286
-0.3360007
-0.3363265
-0.3329062
-0.3279593
-0.3251087
-0.3266787
-0.3316856
-0.3364716
-0.3377900
-0.3356893
-0.3333663
-0.3338799
-0.3367732
-0.3380025
-0.3334961
-0.3230181
-0.3104901
-0.3003479
-0.2935200
-0.2869726
-0.2769651
-0.2623508
-0.2445985
-0.2251125
-0.2033109
-0.1776193
-0.1478605
-0.1158946
-0.0836220
-0.0508055
-0.0155100
0.0231503
0.0630877
0.1003859
0.1322770
0.1587904
0.1816058
0.2016496
0.2178898
0.2281115
0.2305172
0.2247538
0.2120043
0.1945473
0.1750577
0.1556913
0.1373651
0.1199786
0.1035967
0.0893052
0.0784438
0.0707979
0.0639609
0.0550875
0.0434609
0.0310907
0.0206121
0.0127748
0.0062433
-0.0002393
-0.0059797
-0.0090439
-0.0088131
-0.0074156
-0.0081900
-0.0125864
-0.0186999
-0.0230544
-0.0240190
-0.0235464
-0.0253547
-0.0309886
-0.0375246
-0.0396454
-0.0347501
-0.0263055
-0.0216519
-0.0257202
-0.0365182
-0.0469416
-0.0513297
-0.0503751
-0.0495998
-0.0531720
-0.0595913
-0.0636639
-0.0624063
-0.0583847
-0.0569705
-0.0606845
-0.0667786
-0.0704208
-0.0697646
-0.0674486
-0.0672147
-0.0695891
-0.0713244
-0.0690262
-0.0629104
-0.0567316
-0.0541768
-0.0556008
-0.0582383
-0.0592724
-0.0585135
-0.0582316
-0.0605737
-0.0651365
-0.0689609
-0.0689680
-0.0646570
-0.0586634
-0.0546827
-0.0545656
-0.0570673
-0.0592980
-0.0595829
-0.0590921
-0.0605542
-0.0651205
-0.0705725
-0.0731058
-0.0713028
-0.0682033
-0.0688302
-0.0751744
-0.0837446
-0.0886330
-0.0872865
-0.0829069
-0.0807103
-0.0820505
-0.0830126
-0.0791370
-0.0708912
-0.0636001
-0.0618813
-0.0648421
-0.0672965
-0.0654569
-0.0607697
-0.0579258
-0.0595688
-0.0635375
-0.0653141
-0.0626862
-0.0577215
-0.0544934
-0.0553055
-0.0590466
-0.0627248
-0.0643627
-0.0646250
-0.0658414
-0.0692901
-0.0732269
-0.0738083
-0.0685926
-0.0596268
-0.0529351
-0.0541963
-0.0640441
-0.0772111
-0.0865302
-0.0883993
-0.0849390
-0.0811608
-0.0800203
-0.0799362
-0.0768717
-0.0688840
-0.0587967
-0.0522171
-0.0524246
-0.0570410
-0.0601909
-0.0583943
-0.0540911
-0.0527377
-0.0563855
-0.0609016
-0.0602867
-0.0535825
-0.0466151
-0.0462698
-0.0532824
-0.0613459
-0.0635246
-0.0591421
-0.0540831
-0.0546542
-0.0615322
-0.0694768
-0.0723819
-0.0686275
-0.0622654
-0.0595423
-0.0638477
-0.0730587
-0.0812738
-0.0835076
-0.0794999
-0.0734495
-0.0699792
-0.0700635
-0.0707147
-0.0685463
-0.0634284
-0.0584629
-0.0565606
-0.0575032
-0.0585394
-0.0575292
-0.0551418
-0.0540287
-0.0560593
-0.0602651
-0.0632496
-0.0618043
-0.0557846
-0.0488338
-0.0458837
-0.0490936
-0.0558265
-0.0609857
-0.0618675
-0.0606649
-0.0617714
-0.0666870
-0.0722498
-0.0741362
-0.0713434
-0.0665235
-0.0626320
-0.0607984
-0.0616865
-0.0669801
-0.0774105
-0.0894976
-0.0964761
-0.0941561
-0.0853986
-0.0773191
-0.0738071
-0.0720314
-0.0670726
-0.0588647
-0.0527637
-0.0530718
-0.0576032
-0.0599392
-0.0565525
-0.0504221
-0.0473384
-0.0494664
-0.0531557
-0.0528188
-0.0464891
-0.0375744
-0.0314258
-0.0301864
-0.0306338
-0.0265130
-0.0123441
0.0154967
0.0609616
0.1297673
0.2264243
0.3489294
0.4874466
0.6296372
0.7671015
0.8954774
1.0090954
1.0993525
1.1617956
1.2041499
1.2435715
1.2936703
1.3552908
1.4207997
1.4838185
1.5388513
1.5700394
1.5469421
1.4412705
1.2530639
1.0186177
0.7881590
0.5930444
0.4332941
0.2936442
0.1668025
0.0594757
-0.0200042
-0.0739009
-0.1134377
-0.1482857
-0.1805230
-0.2077233
-0.2286115
-0.2445144
-0.2573501
-0.2685323
-0.2796352
-0.2921465
-0.3055660
-0.3167033
-0.3221693
-0.3217621
-0.3190153
-0.3185026
-0.3227585
-0.3310415
-0.3398908
-0.3449903
-0.3441714
-0.3398818
-0.3379850
-0.3424034
-0.3504476
-0.3546452
-0.3503519
-0.3411872
-0.3357518
-0.3387346
-0.3462649
-0.3506364
-0.3486263
-0.3438366
-0.3413135
-0.3418975
-0.3428067
-0.3421182
-0.3404315
-0.3382609
-0.3342256
-0.3274528
-0.3205942
-0.3180507
-0.3205045
-0.3228091
-0.3189161
-0.3084479
-0.2966600
-0.2873805
-0.2775207
-0.2601695
-0.2327053
-0.2001337
-0.1698131
-0.1440686
-0.1190362
-0.0900346
-0.0565342
-0.0216463
0.0118091
0.0434424
0.0739797
0.1033264
0.1306293
0.1553991
0.1773170
0.1947973
0.2047717
0.2048507
0.1958018
0.1815980
0.1668597
0.1539419
0.1418040
0.1272417
0.1077348
0.0841567
0.0610914
0.0438496
0.0343220
0.0294989
0.0242761
0.0159285
0.0059828
-0.0019727
-0.0058872
-0.0066582
-0.0066153
-0.0072994
-0.0086049
-0.0092252
-0.0075493
-0.0030034
0.0023761
0.0040378
-0.0017475
-0.0135909
-0.0248043
-0.0290265
-0.0264743
-0.0238030
-0.0271222
-0.0355720
-0.0425772
-0.0433047
-0.0397987
-0.0381046
-0.0411376
-0.0458541
-0.0477768
-0.0470264
-0.0485507
-0.0564647
-0.0691422
-0.0802921
-0.0843994
-0.0808187
-0.0731292
-0.0654507
-0.0597727
-0.0563040
-0.0552426
-0.0571468
-0.0613826
-0.0650619
-0.0647899
-0.0601801
-0.0552682
-0.0553028
-0.0612327
-0.0676030
-0.0671179
-0.0581952
-0.0476323
-0.0447358
-0.0524359
-0.0647019
-0.0729717
-0.0744994
-0.0738178
-0.0765851
-0.0832385
-0.0890901
-0.0897036
-0.0850678
-0.0786898
-0.0739697
-0.0722927
-0.0736483
-0.0772041
-0.0807852
-0.0814393
-0.0783130
-0.0747463
-0.0757567
-0.0824353
-0.0895799
-0.0901384
-0.0822986
-0.0716650
-0.0661446
-0.0689318
-0.0765639
-0.0831249
-0.0854946
-0.0847605
-0.0840234
-0.0859510
-0.0916670
-0.1000696
-0.1075034
-0.1095346
-0.1049090
-0.0979432
-0.0956377
-0.1013089
-0.1112579
-0.1184882
-0.1197923
-0.1184274
-0.1193611
-0.1226823
-0.1230982
-0.1162213
-0.1040397
-0.0929452
-0.0868867
-0.0839824
-0.0800712
-0.0739594
-0.0678676
-0.0636656
-0.0607651
-0.0581699
-0.0565943
-0.0565641
-0.0552144
-0.0478448
-0.0337726
-0.0177678
-0.0016168
0.0260043
0.0868144
0.1954924
0.3442839
0.5070532
0.6594141
0.7936196
0.9139094
1.0214039
1.1084939
1.1685185
1.2066632
1.2378915
1.2757629
1.3265513
1.3919941
1.4687557
1.5379892
1.5591626
1.4872547
1.3075608
1.0554414
0.7964012
0.5813239
0.4183401
0.2849608
0.1618701
0.0510617
-0.0356367
-0.0968963
-0.1448048
-0.1898475
-0.2295542
-0.2548181
-0.2640115
-0.2665565
-0.2729083
-0.2846605
-0.2959793
-0.3022747
-0.3048086
-0.3075988
-0.3127403
-0.3198338
-0.3279916
-0.3361649
-0.3419771
-0.3427407
-0.3389174
-0.3352051
-0.3363000
-0.3417170
-0.3463891
-0.3467394
-0.3446577
-0.3445048
-0.3474380
-0.3504971
-0.3510331
-0.3499640
-0.3495810
-0.3495982
-0.3476145
-0.3437014
-0.3423560
-0.3478989
-0.3584583
-0.3667241
-0.3675688
-0.3634013
-0.3603829
-0.3601843
-0.3577658
-0.3479485
-0.3324028
-0.3184235
-0.3111941
-0.3087177
-0.3045585
-0.2942103
-0.2778830
-0.2581570
-0.2369136
-0.2149171
-0.1923814
-0.1679253
-0.1376043
-0.0976347
-0.0495204
-0.0011479
0.0392842
0.0706980
0.0992866
0.1306368
0.1624613
0.1860573
0.1948722
0.1909094
0.1824527
0.1760882
0.1715248
0.1637197
0.1487106
0.1267550
0.1009150
0.0743330
0.0492272
0.0271527
0.0088089
-0.0064931
-0.0202795
-0.0331450
-0.0436060
-0.0493333
-0.0500884
-0.0493133
-0.0519656
-0.0600340
-0.0702869
-0.0770508
-0.0775200
-0.0742625
-0.0725142
-0.0751191
-0.0799820
-0.0821776
-0.0785312
-0.0704558
-0.0626327
-0.0590170
-0.0599344
-0.0626219
-0.0642001
-0.0641956
-0.0645575
-0.0673135
-0.0719983
-0.0754832
-0.0748584
-0.0707010
-0.0671017
-0.0680561
-0.0737902
-0.0805669
-0.0838421
-0.0817751
-0.0764930
-0.0725746
-0.0738536
-0.0805108
-0.0885120
-0.0922383
-0.0888140
-0.0807779
-0.0743875
-0.0743907
-0.0798560
-0.0853187
-0.0862797
-0.0833417
-0.0808457
-0.0820536
-0.0861788
-0.0895920
-0.0890223
-0.0837700
-0.0760166
-0.0696559
-0.0681108
-0.0720362
-0.0786268
-0.0836642
-0.0850608
-0.0846643
-0.0861126
-0.0904896
-0.0945185
-0.0938713
-0.0883092
-0.0826787
-0.0822096
-0.0871439
-0.0925531
-0.0934549
-0.0897904
-0.0861915
-0.0868055
-0.0903901
-0.0908648
-0.0832528
-0.0693032
-0.0570019
-0.0541390
-0.0618767
-0.0740128
-0.0822798
-0.0829925
-0.0795167
-0.0785196
-0.0832888
-0.0903453
-0.0928119
-0.0873939
-0.0779958
-0.0722433
-0.0742938
-0.0810912
-0.0859035
-0.0856260
-0.0841441
-0.0878682
-0.0981112
-0.1088152
-0.1122788
-0.1065784
-0.0968952
-0.0901110
-0.0888160
-0.0902468
-0.0900336
-0.0865465
-0.0820255
-0.0799659
-0.0813818
-0.0833080
-0.0808608
-0.0712583
-0.0566347
-0.0431591
-0.0365941
-0.0377481
-0.0422153
-0.0450477
-0.0455816
-0.0471781
-0.0524462
-0.0596301
-0.0640646
-0.0627136
-0.0569999
-0.0515704
-0.0505715
-0.0547160
-0.0612908
-0.0666712
-0.0689911
-0.0689392
-0.0685586
-0.0693317
-0.0709927
-0.0720263
-0.0716212
-0.0710632
-0.0724802
-0.0759166
-0.0784723
-0.0772060
-0.0726358
-0.0685250
-0.0679651
-0.0700216
-0.0704691
-0.0658384
-0.0568482
-0.0479669
-0.0435433
-0.0442457
-0.0471069
-0.0486728
-0.0479309
-0.0466549
-0.0474495
-0.0511604
-0.0555252
-0.0566357
-0.0527257
-0.0466902
-0.0439106
-0.0469375
-0.0527688
-0.0560251
-0.0547416
-0.0524910
-0.0543967
-0.0610831
-0.0671183
-0.0661927
-0.0579695
-0.0491150
-0.0470477
-0.0530179
-0.0616714
-0.0668527
-0.0671537
-0.0660385
-0.0672906
-0.0706003
-0.0715880
-0.0664139
-0.0564725
-0.0479726
-0.0462606
-0.0506150
-0.0550139
-0.0541282
-0.0485296
-0.0440378
-0.0457654
-0.0525922
-0.0578713
-0.0561932
-0.0492376
-0.0441069
-0.0458113
-0.0522800
-0.0572069
-0.0571513
-0.0550630
-0.0566776
-0.0636543
-0.0707568
-0.0706840
-0.0621555
-0.0523743
-0.0502168
-0.0569595
-0.0647794
-0.0648459
-0.0562356
-0.0462615
-0.0421586
-0.0429444
-0.0397515
-0.0237756
0.0073811
0.0521593
0.1124385
0.1953429
0.3059374
0.4394067
0.5823371
0.7214431
0.8497433
0.9648478
1.0641151
1.1441012
1.2051171
1.2547600
1.3050123
1.3647919
1.4348710
1.5084545
1.5734460
1.6123405
1.6031287
1.5271468
1.3811573
1.1825295
0.9611715
0.7447638
0.5491507
0.3787888
0.2328328
0.1100802
0.0100806
-0.0677606
-0.1246405
-0.1625690
-0.1856558
-0.2009876
-0.2158592
-0.2325618
-0.2471770
-0.2552761
-0.2581368
-0.2616286
-0.2693652
-0.2789652
-0.2856288
-0.2879972
-0.2893327
-0.2932839
-0.2996818
-0.3055376
-0.3100337
-0.3166413
-0.3283544
-0.3415974
-0.3478642
-0.3428173
-0.3321219
-0.3265459
-0.3316680
-0.3431729
-0.3517353
-0.3519422
-0.3468614
-0.3441814
-0.3476205
-0.3526345
-0.3516274
-0.3429892
-0.3333510
-0.3305649
-0.3356900
-0.3424531
-0.3439619
-0.3396514
-0.3355961
-0.3372288
-0.3416622
-0.3392602
-0.3244368
-0.3031187
-0.2867981
-0.2798400
-0.2753349
-0.2636295
-0.2426256
-0.2186628
-0.1983680
-0.1807738
-0.1581538
-0.1250910
-0.0855204
-0.0483888
-0.0166778
0.0155402
0.0536933
0.0940152
0.1273213
0.1494038
0.1646310
0.1799998
0.1975890
0.2124139
0.2170028
0.2091043
0.1947159
0.1815229
0.1700915
0.1550444
0.1345314
0.1136717
0.0976334
0.0860072
0.0755112
0.0638905
0.0500259
0.0349768
0.0236362
0.0194767
0.0169876
0.0070741
-0.0081608
-0.0156115
-0.0109963
-0.0089176
-0.0247354
