-0.2102257
-0.1934161
-0.2150500
-0.2262703
-0.2141953
-0.2041965
-0.2086312
-0.2142440
-0.2138120
-0.2152324
-0.2205748
-0.2240225
-0.2292503
-0.2446293
-0.2627901
-0.2673023
-0.2591306
-0.2567570
-0.2698322
-0.2892472
-0.3030219
-0.3078444
-0.3060184
-0.3034816
-0.3089399
-0.3238359
-0.3358727
-0.3326278
-0.3183113
-0.3077578
-0.3076295
-0.3122091
-0.3135778
-0.3076360
-0.2941011
-0.2781273
-0.2680292
-0.2648764
-0.2585277
-0.2397806
-0.2120985
-0.1861587
-0.1672413
-0.1525016
-0.1361755
-0.1136051
-0.0845904
-0.0556416
-0.0339281
-0.0166920
0.0076552
0.0454491
0.0903992
0.1324978
0.1684199
0.2002578
0.2290667
0.2529476
0.2686693
0.2741546
0.2720958
0.2700411
0.2725207
0.2741744
0.2658149
0.2466325
0.2251507
0.2083590
0.1948775
0.1790622
0.1578182
0.1333940
0.1125863
0.1021894
0.1020139
0.1035842
0.0986505
0.0875754
0.0770029
0.0715642
0.0704241
0.0693532
0.0635091
0.0510814
0.0372361
0.0316598
0.0386731
0.0513981
0.0581928
0.0533973
0.0404850
0.0271991
0.0193391
0.0170712
0.0156785
0.0112975
0.0058912
0.0042632
0.0069739
0.0101186
0.0119999
0.0151918
0.0204188
0.0225055
0.0154513
0.0002089
-0.0141160
-0.0168779
-0.0051272
0.0119564
0.0194288
0.0102561
-0.0078958
-0.0213141
-0.0239504
-0.0201210
-0.0160175
-0.0129352
-0.0086451
-0.0018334
0.0059266
0.0112991
0.0122716
0.0105563
0.0095420
0.0092190
0.0054382
-0.0042649
-0.0161741
-0.0235275
-0.0227721
-0.0157889
-0.0079291
-0.0048277
-0.0086532
-0.0157267
-0.0195621
-0.0177106
-0.0142584
-0.0146847
-0.0197242
-0.0250402
-0.0257124
-0.0207782
-0.0145106
-0.0127994
-0.0167598
-0.0208495
-0.0195051
-0.0146023
-0.0132130
-0.0181395
-0.0239085
-0.0231201
-0.0147002
-0.0049504
-0.0015334
-0.0066400
-0.0152684
-0.0204638
-0.0206946
-0.0210341
-0.0265111
-0.0360254
-0.0440191
-0.0464472
-0.0436372
-0.0388606
-0.0356489
-0.0350704
-0.0341941
-0.0286622
-0.0178880
-0.0052858
0.0094380
0.0372516
0.0958237
0.1963495
0.3332020
0.4861193
0.6336774
0.7665546
0.8880424
1.0013842
1.0989502
1.1675728
1.2052190
1.2299364
1.2703924
1.3456664
1.4488686
1.5438306
1.5776173
1.5053129
1.3149181
1.0366296
0.7297056
0.4548750
0.2485563
0.1130435
0.0266748
-0.0355183
-0.0871544
-0.1304717
-0.1647531
-0.1921502
-0.2172707
-0.2436053
-0.2699432
-0.2895120
-0.2947127
-0.2852045
-0.2706777
-0.2634119
-0.2675920
-0.2766511
-0.2809660
-0.2776458
-0.2729327
-0.2750924
-0.2848533
-0.2938762
-0.2939662
-0.2867475
-0.2817126
-0.2847703
-0.2916155
-0.2936863
-0.2885734
-0.2825233
-0.2831455
-0.2909514
-0.2985682
-0.2984655
-0.2912342
-0.2850305
-0.2862160
-0.2921692
-0.2951041
-0.2919113
-0.2878314
-0.2902310
-0.3003011
-0.3112118
-0.3137102
-0.3039064
-0.2864923
-0.2699868
-0.2581172
-0.2464611
-0.2281955
-0.2021177
-0.1737331
-0.1488658
-0.1272713
-0.1026665
-0.0689402
-0.0266894
0.0166201
0.0537472
0.0843568
0.1131227
0.1417861
0.1659464
0.1808065
0.1876843
0.1924229
0.1978994
0.2000060
0.1918432
0.1716726
0.1461703
0.1248642
0.1108645
0.0981290
0.0790192
0.0536668
0.0301935
0.0159724
0.0103091
0.0059239
-0.0035639
-0.0179111
-0.0311723
-0.0380703
-0.0394695
-0.0407614
-0.0445758
-0.0468310
-0.0417825
-0.0301983
-0.0203168
-0.0199471
-0.0284832
-0.0374804
-0.0392616
-0.0347329
-0.0319198
-0.0362612
-0.0436762
-0.0453014
-0.0385698
-0.0305722
-0.0293578
-0.0346626
-0.0398343
-0.0415123
-0.0438745
-0.0520014
-0.0630942
-0.0673984
-0.0592339
-0.0454178
-0.0394621
-0.0464485
-0.0565979
-0.0567088
-0.0463497
-0.0386812
-0.0445501
-0.0591690
-0.0671126
-0.0593518
-0.0429348
-0.0332346
-0.0378488
-0.0495109
-0.0550175
-0.0495939
-0.0406693
-0.0380199
-0.0429686
-0.0487128
-0.0493162
-0.0458376
-0.0437986
-0.0465443
-0.0519796
-0.0554388
-0.0552548
-0.0548206
-0.0583262
-0.0648107
-0.0680977
-0.0634250
-0.0530628
-0.0443418
-0.0426335
-0.0470374
-0.0526197
-0.0560011
-0.0582258
-0.0620366
-0.0670364
-0.0692304
-0.0662337
-0.0612399
-0.0594297
-0.0608010
-0.0592748
-0.0501808
-0.0370236
-0.0288754
-0.0309211
-0.0386504
-0.0423451
-0.0374741
-0.0297421
-0.0286090
-0.0361052
-0.0441083
-0.0437756
-0.0360078
-0.0304528
-0.0344474
-0.0447550
-0.0508862
-0.0458713
-0.0332295
-0.0233294
-0.0229853
-0.0290734
-0.0329490
-0.0305559
-0.0265151
-0.0277202
-0.0344937
-0.0397741
-0.0369761
-0.0274875
-0.0195589
-0.0196520
-0.0256030
-0.0296973
-0.0287604
-0.0289818
-0.0382340
-0.0543986
-0.0648480
-0.0594190
-0.0422556
-0.0284141
-0.0286101
-0.0388853
-0.0462507
-0.0436186
-0.0371719
-0.0379802
-0.0479453
-0.0569494
-0.0545648
-0.0420274
-0.0304585
-0.0284852
-0.0340891
-0.0385853
-0.0363456
-0.0294597
-0.0239371
-0.0228175
-0.0234209
-0.0208815
-0.0136186
-0.0049200
0.0004054
0.0002292
-0.0036783
-0.0075794
-0.0089150
-0.0085577
-0.0100851
-0.0157848
-0.0231602
-0.0266354
-0.0234868
-0.0172879
-0.0145592
-0.0181942
-0.0247652
-0.0284428
-0.0274381
-0.0262126
-0.0305488
-0.0401668
-0.0474115
-0.0447484
-0.0334205
-0.0232672
-0.0233044
-0.0329938
-0.0432429
-0.0458423
-0.0416401
-0.0391019
-0.0444789
-0.0538689
-0.0563745
-0.0457755
-0.0280315
-0.0160137
-0.0170414
-0.0263950
-0.0328740
-0.0299089
-0.0211110
-0.0155365
-0.0181178
-0.0251609
-0.0291918
-0.0272173
-0.0230359
-0.0217920
-0.0240108
-0.0258529
-0.0242491
-0.0206057
-0.0194294
-0.0236988
-0.0315864
-0.0377789
-0.0383401
-0.0343151
-0.0303937
-0.0303400
-0.0340900
-0.0387854
-0.0417554
-0.0426299
-0.0433833
-0.0463594
-0.0515122
-0.0554978
-0.0543385
-0.0476434
-0.0400087
-0.0375255
-0.0420772
-0.0487834
-0.0499519
-0.0428269
-0.0331928
-0.0296612
-0.0339702
-0.0386669
-0.0352320
-0.0219700
-0.0005588
0.0346979
0.0995103
0.2070062
0.3517226
0.5086635
0.6510684
0.7699043
0.8751806
0.9785014
1.0767163
1.1547375
1.2039816
1.2365516
1.2806609
1.3602969
1.4732953
1.5820097
1.6249534
1.5476082
1.3363966
1.0318288
0.7079214
0.4309363
0.2282368
0.0889541
-0.0104719
-0.0831773
-0.1306350
-0.1565222
-0.1740376
-0.1969884
-0.2268791
-0.2526545
-0.2634244
-0.2596773
-0.2520226
-0.2508650
-0.2581584
-0.2679187
-0.2732030
-0.2725211
-0.2705149
-0.2732033
-0.2823205
-0.2934499
-0.2995920
-0.2977423
-0.2929082
-0.2946508
-0.3077810
-0.3263553
-0.3386696
-0.3392017
-0.3345192
-0.3360836
-0.3475978
-0.3606705
-0.3632712
-0.3517800
-0.3342269
-0.3221054
-0.3199587
-0.3232879
-0.3253336
-0.3238608
-0.3209818
-0.3184758
-0.3153100
-0.3092221
-0.2989700
-0.2848967
-0.2687477
-0.2534311
-0.2415959
-0.2330642
-0.2238544
-0.2089966
-0.1872004
-0.1624915
-0.1402317
-0.1210314
-0.0994465
-0.0698905
-0.0335910
0.0017905
0.0300391
0.0528626
0.0776240
0.1091239
0.1444725
0.1760028
0.1986221
0.2140171
0.2276657
0.2418550
0.2521175
0.2511655
0.2364106
0.2131827
0.1904043
0.1732793
0.1600249
0.1452029
0.1260551
0.1057817
0.0906203
0.0835751
0.0812167
0.0769109
0.0670485
0.0539711
0.0431814
0.0379828
0.0363695
0.0326465
0.0225271
0.0074505
-0.0060809
-0.0120077
-0.0098853
-0.0046758
-0.0017241
-0.0022308
-0.0034902
-0.0030991
-0.0024714
-0.0057259
-0.0148380
-0.0263953
-0.0340811
-0.0345921
-0.0305496
-0.0274624
-0.0285323
-0.0327300
-0.0370986
-0.0399286
-0.0416581
-0.0433941
-0.0451492
-0.0456166
-0.0433233
-0.0376536
-0.0291088
-0.0195768
-0.0125887
-0.0118980
-0.0182033
-0.0274685
-0.0339780
-0.0356819
-0.0357548
-0.0383179
-0.0432813
-0.0463788
-0.0443343
-0.0390852
-0.0359943
-0.0379750
-0.0425398
-0.0455656
-0.0471775
-0.0519568
-0.0625385
-0.0743584
-0.0785614
-0.0706237
-0.0556257
-0.0445945
-0.0452361
-0.0555009
-0.0657170
-0.0673313
-0.0602391
-0.0519248
-0.0495574
-0.0530426
-0.0557377
-0.0517091
-0.0421822
-0.0348764
-0.0367577
-0.0471451
-0.0580865
-0.0618203
-0.0577379
-0.0518031
-0.0496171
-0.0508614
-0.0506045
-0.0453309
-0.0370967
-0.0316748
-0.0327240
-0.0381018
-0.0424325
-0.0432569
-0.0435703
-0.0473147
-0.0529552
-0.0533069
-0.0429485
-0.0255266
-0.0124670
-0.0132422
-0.0264289
-0.0407672
-0.0456681
-0.0407648
-0.0349206
-0.0362843
-0.0442076
-0.0509393
-0.0501150
-0.0427785
-0.0356269
-0.0343982
-0.0392491
-0.0460572
-0.0514791
-0.0561085
-0.0625168
-0.0708004
-0.0770059
-0.0764085
-0.0682541
-0.0571542
-0.0496504
-0.0488148
-0.0516073
-0.0517012
-0.0456251
-0.0363705
-0.0305024
-0.0313329
-0.0350786
-0.0341606
-0.0246700
-0.0107400
-0.0012420
-0.0015787
-0.0085828
-0.0139543
-0.0128978
-0.0088056
-0.0089812
-0.0162101
-0.0253336
-0.0283479
-0.0226530
-0.0141201
-0.0118418
-0.0195185
-0.0319676
-0.0404893
-0.0417306
-0.0406323
-0.0441657
-0.0527284
-0.0589413
-0.0556649
-0.0447868
-0.0368210
-0.0407198
-0.0541577
-0.0650143
-0.0631839
-0.0503766
-0.0375947
-0.0336209
-0.0372543
-0.0406467
-0.0384151
-0.0322036
-0.0271467
-0.0257347
-0.0259708
-0.0246715
-0.0211717
-0.0173939
-0.0151875
-0.0145621
-0.0142432
-0.0129333
-0.0099762
-0.0059447
-0.0031011
-0.0040771
-0.0087371
-0.0128044
-0.0113085
-0.0041918
0.0023788
0.0014906
-0.0075259
-0.0182449
-0.0237504
-0.0237043
-0.0240507
-0.0296777
-0.0384406
-0.0433724
-0.0403780
-0.0326623
-0.0274034
-0.0288153
-0.0346876
-0.0390013
-0.0375111
-0.0313915
-0.0261460
-0.0267388
-0.0330540
-0.0398814
-0.0418102
-0.0385760
-0.0353852
-0.0373031
-0.0431751
-0.0460642
-0.0408470
-0.0309982
-0.0260080
-0.0310562
-0.0405822
-0.0441850
-0.0390119
-0.0341969
-0.0411481
-0.0597729
-0.0762847
-0.0761594
-0.0590510
-0.0396478
-0.0332738
-0.0415041
-0.0527349
-0.0558706
-0.0513607
-0.0482839
-0.0526118
-0.0606909
-0.0644156
-0.0609823
-0.0559710
-0.0569535
-0.0653467
-0.0754413
-0.0810158
-0.0817216
-0.0824679
-0.0872978
-0.0948405
-0.0997471
-0.0979414
-0.0904027
-0.0823954
-0.0791847
-0.0818922
-0.0869094
-0.0893843
-0.0877460
-0.0851543
-0.0864149
-0.0930058
-0.1008122
-0.1031814
-0.0971401
-0.0869425
-0.0807205
-0.0826888
-0.0886230
-0.0897071
-0.0812654
-0.0675620
-0.0577479
-0.0570866
-0.0623347
-0.0657477
-0.0631477
-0.0573539
-0.0537285
-0.0537012
-0.0541478
-0.0528135
-0.0521285
-0.0558718
-0.0627207
-0.0655532
-0.0588386
-0.0458458
-0.0356611
-0.0307143
-0.0176935
0.0261716
0.1148729
0.2408118
0.3807329
0.5145814
0.6381921
0.7582151
0.8771173
0.9856289
1.0702929
1.1272941
1.1685335
1.2151779
1.2849128
1.3806354
1.4836316
1.5535058
1.5401808
1.4092019
1.1673093
0.8663590
0.5766087
0.3473514
0.1859304
0.0695237
-0.0257352
-0.1061654
-0.1649806
-0.1982691
-0.2134189
-0.2236358
-0.2377297
-0.2562897
-0.2756476
-0.2932201
-0.3090737
-0.3240103
-0.3372246
-0.3459730
-0.3479453
-0.3445688
-0.3413838
-0.3434626
-0.3498345
-0.3539431
-0.3512266
-0.3454822
-0.3452975
-0.3533109
-0.3612482
-0.3584937
-0.3454672
-0.3352027
-0.3391181
-0.3527032
-0.3590208
-0.3475491
-0.3267369
-0.3149925
-0.3201504
-0.3311910
-0.3314013
-0.3171098
-0.3005471
-0.2949010
-0.3000605
-0.3050955
-0.3026276
-0.2967510
-0.2955425
-0.2987402
-0.2965562
-0.2810562
-0.2559057
-0.2326139
-0.2178403
-0.2065547
-0.1885065
-0.1602416
-0.1292497
-0.1060291
-0.0929008
-0.0812661
-0.0595340
-0.0230852
0.0231736
0.0703792
0.1123877
0.1475994
0.1766142
0.2001225
0.2190280
0.2348229
0.2481589
0.2570526
0.2579277
0.2495207
0.2351892
0.2199393
0.2049305
0.1863681
0.1611010
0.1326138
0.1095566
0.0974445
0.0927435
0.0864735
0.0736646
0.0581143
0.0471721
0.0427808
0.0393011
0.0305433
0.0174585
0.0072811
0.0053209
0.0092597
0.0123035
0.0107068
0.0065244
0.0030998
-0.0001161
-0.0065004
-0.0164164
-0.0245007
-0.0243600
-0.0155892
-0.0046446
0.0016430
0.0021086
-0.0001785
-0.0040446
-0.0121894
-0.0259449
-0.0399836
-0.0452571
-0.0382767
-0.0259467
-0.0192326
-0.0219980
-0.0277037
-0.0278612
-0.0221428
-0.0179995
-0.0205717
-0.0257537
-0.0252535
-0.0172921
-0.0094135
-0.0097633
-0.0175973
-0.0246432
-0.0253531
-0.0231506
-0.0250650
-0.0319291
-0.0369211
-0.0344755
-0.0281084
-0.0268599
-0.0345385
-0.0451649
-0.0501192
-0.0478285
-0.0442136
-0.0443490
-0.0465960
-0.0462149
-0.0425337
-0.0395186
-0.0393351
-0.0386595
-0.0338599
-0.0282384
-0.0302186
-0.0428205
-0.0574780
-0.0615416
-0.0519865
-0.0391907
-0.0358874
-0.0439966
-0.0542544
-0.0579536
-0.0561434
-0.0559829
-0.0602583
-0.0638338
-0.0610895
-0.0542061
-0.0514177
-0.0573906
-0.0677684
-0.0744178
-0.0745946
-0.0729687
-0.0748444
-0.0795784
-0.0821168
-0.0799676
-0.0763812
-0.0758496
-0.0780878
-0.0785887
-0.0751478
-0.0715804
-0.0730683
-0.0785818
-0.0804913
-0.0731055
-0.0603663
-0.0529192
-0.0570440
-0.0679215
-0.0751107
-0.0739862
-0.0699589
-0.0709259
-0.0773420
-0.0818371
-0.0784738
-0.0701290
-0.0651870
-0.0679923
-0.0747083
-0.0789315
-0.0793673
-0.0801069
-0.0839985
-0.0882473
-0.0879960
-0.0830372
-0.0787238
-0.0797176
-0.0845922
-0.0882275
-0.0887046
-0.0894137
-0.0934193
-0.0976754
-0.0954721
-0.0849664
-0.0731774
-0.0696624
-0.0767199
-0.0875922
-0.0945894
-0.0970176
-0.0994933
-0.1038987
-0.1064621
-0.1041689
-0.1013243
-0.1058648
-0.1186433
-0.1297117
-0.1282542
-0.1153997
-0.1040161
-0.1045724
-0.1133478
-0.1170212
-0.1081525
-0.0931524
-0.0838711
-0.0838190
-0.0856433
-0.0816481
-0.0732482
-0.0678947
-0.0685446
-0.0696371
-0.0643888
-0.0537474
-0.0457436
-0.0462080
-0.0521397
-0.0553614
-0.0517514
-0.0449892
-0.0400652
-0.0332324
-0.0094046
0.0488569
0.1478012
0.2763900
0.4136136
0.5431246
0.6620104
0.7759013
0.8862222
0.9836568
1.0555366
1.1000869
1.1330469
1.1796103
1.2578058
1.3646344
1.4716246
1.5311234
1.4934529
1.3320365
1.0643703
0.7509018
0.4653395
0.2545233
0.1190337
0.0290691
-0.0423514
-0.1009817
-0.1405023
-0.1617483
-0.1774477
-0.1992401
-0.2255305
-0.2454507
-0.2529367
-0.2534192
-0.2565480
-0.2656581
-0.2766366
-0.2853573
-0.2927398
-0.3016185
-0.3111206
-0.3166288
-0.3150520
-0.3083488
-0.3014060
-0.2977797
-0.2983154
-0.3026288
-0.3099382
-0.3182117
-0.3242316
-0.3260086
-0.3248366
-0.3237990
-0.3240734
-0.3236839
-0.3204351
-0.3152357
-0.3114219
-0.3109921
-0.3127222
-0.3143873
-0.3155570
-0.3167259
-0.3160775
