-0.0619054
-0.0610833
-0.0520972
-0.0393451
-0.0311078
-0.0315131
-0.0370898
-0.0414463
-0.0422528
-0.0428963
-0.0480652
-0.0589632
-0.0727596
-0.0853123
-0.0936666
-0.0970533
-0.0971706
-0.0974155
-0.0998632
-0.1017665
-0.0965331
-0.0807562
-0.0603326
-0.0461366
-0.0399413
-0.0247330
0.0270214
0.1313154
0.2774383
0.4357073
0.5811534
0.7096668
0.8315575
0.9517162
1.0589007
1.1354770
1.1769769
1.2016429
1.2406373
1.3161906
1.4225105
1.5211049
1.5547719
1.4759081
1.2751086
0.9910630
0.6916050
0.4368557
0.2510717
0.1228411
0.0281503
-0.0477404
-0.1072488
-0.1513454
-0.1866415
-0.2203909
-0.2523546
-0.2757822
-0.2868149
-0.2903643
-0.2951265
-0.3040881
-0.3121643
-0.3134997
-0.3092858
-0.3068378
-0.3115345
-0.3214547
-0.3305688
-0.3358031
-0.3393169
-0.3440834
-0.3492142
-0.3511335
-0.3488327
-0.3461571
-0.3476909
-0.3527770
-0.3550388
-0.3489576
-0.3368511
-0.3282657
-0.3313878
-0.3447532
-0.3578335
-0.3604042
-0.3518737
-0.3417666
-0.3410185
-0.3522767
-0.3680316
-0.3778001
-0.3771421
-0.3701080
-0.3636505
-0.3602723
-0.3560251
-0.3449205
-0.3246914
-0.2984153
-0.2711316
-0.2452350
-0.2189835
-0.1889824
-0.1536713
-0.1144111
-0.0737676
-0.0334206
0.0061075
0.0440512
0.0780755
0.1044625
0.1198766
0.1234626
0.1175770
0.1063953
0.0934642
0.0802219
0.0665649
0.0526569
0.0401579
0.0316556
0.0287455
0.0305441
0.0340391
0.0357879
0.0333021
0.0254924
0.0130362
-0.0010844
-0.0123266
-0.0174929
-0.0177050
-0.0180196
-0.0231469
-0.0329944
-0.0425140
-0.0463946
-0.0442642
-0.0412074
-0.0428375
-0.0497438
-0.0569655
-0.0590257
-0.0553398
-0.0505471
-0.0496031
-0.0527813
-0.0558289
-0.0552133
-0.0526965
-0.0535963
-0.0599997
-0.0667723
-0.0660106
-0.0558869
-0.0439276
-0.0404118
-0.0486126
-0.0621103
-0.0714830
-0.0727271
-0.0688527
-0.0644450
-0.0604749
-0.0549722
-0.0473070
-0.0399323
-0.0358126
-0.0356605
-0.0384950
-0.0437875
-0.0516647
-0.0613073
-0.0705785
-0.0777522
-0.0828231
-0.0865428
-0.0888535
-0.0893445
-0.0891930
-0.0912245
-0.0967736
-0.1029381
-0.1047510
-0.1009878
-0.0965599
-0.0973648
-0.1029032
-0.1058089
-0.0996048
-0.0858611
-0.0724775
-0.0653776
-0.0632868
-0.0609015
-0.0556931
-0.0500006
-0.0465836
-0.0440460
-0.0383958
-0.0288397
-0.0201874
-0.0183938
-0.0243973
-0.0333915
-0.0399339
-0.0428699
-0.0452774
-0.0505594
-0.0590454
-0.0677603
-0.0727389
-0.0717609
-0.0659320
-0.0595534
-0.0580992
-0.0646044
-0.0765264
-0.0865411
-0.0882382
-0.0820328
-0.0747306
-0.0723859
-0.0741180
-0.0741082
-0.0695855
-0.0652257
-0.0681626
-0.0788554
-0.0886966
-0.0883033
-0.0779087
-0.0677595
-0.0673171
-0.0752943
-0.0818242
-0.0796750
-0.0711079
-0.0632891
-0.0593973
-0.0567367
-0.0531071
-0.0519193
-0.0584295
-0.0712993
-0.0807222
-0.0773330
-0.0627278
-0.0490635
-0.0471407
-0.0558508
-0.0644672
-0.0646111
-0.0584029
-0.0546623
-0.0585345
-0.0661919
-0.0697324
-0.0662293
-0.0608587
-0.0608858
-0.0674285
-0.0741839
-0.0742896
-0.0675469
-0.0603445
-0.0587846
-0.0623020
-0.0641154
-0.0580743
-0.0452654
-0.0336111
-0.0303979
-0.0352444
-0.0410454
-0.0419155
-0.0393681
-0.0399450
-0.0470173
-0.0559078
-0.0580327
-0.0500827
-0.0383393
-0.0328316
-0.0372117
-0.0455991
-0.0499537
-0.0491494
-0.0490515
-0.0540862
-0.0610622
-0.0628506
-0.0574168
-0.0512819
-0.0528944
-0.0630274
-0.0731316
-0.0739896
-0.0653408
-0.0558636
-0.0538676
-0.0592840
-0.0650998
-0.0652512
-0.0598863
-0.0535215
-0.0497028
-0.0483516
-0.0478625
-0.0484893
-0.0522966
-0.0593914
-0.0654561
-0.0648837
-0.0569217
-0.0475672
-0.0440391
-0.0471079
-0.0494974
-0.0426600
-0.0256085
-0.0067178
0.0043946
0.0079083
0.0171085
0.0504744
0.1196481
0.2229263
0.3472021
0.4747392
0.5907512
0.6893914
0.7750415
0.8561502
0.9346168
1.0005329
1.0405767
1.0560153
1.0731274
1.1299004
1.2425642
1.3784061
1.4629192
1.4227843
1.2341952
0.9395239
0.6207427
0.3516253
0.1638388
0.0466069
-0.0284276
-0.0821972
-0.1213176
-0.1468981
-0.1635863
-0.1788234
-0.1962694
-0.2131220
-0.2246107
-0.2301010
-0.2338378
-0.2397602
-0.2467559
-0.2505046
-0.2502085
-0.2518036
-0.2626030
-0.2826764
-0.3029405
-0.3128804
-0.3103335
-0.3035308
-0.3033153
-0.3130657
-0.3262643
-0.3341576
-0.3352052
-0.3356800
-0.3408806
-0.3477989
-0.3484636
-0.3400546
-0.3295112
-0.3268701
-0.3347135
-0.3455297
-0.3499073
-0.3463981
-0.3420398
-0.3433479
-0.3487717
-0.3514487
-0.3480246
-0.3421469
-0.3389770
-0.3385916
-0.3363626
-0.3287509
-0.3169478
-0.3046230
-0.2930104
-0.2787375
-0.2564611
-0.2237169
-0.1835430
-0.1427106
-0.1072985
-0.0790693
-0.0549450
-0.0298380
-0.0009790
0.0299799
0.0595806
0.0870087
0.1142511
0.1410326
0.1615739
0.1689878
0.1628641
0.1503533
0.1387300
0.1281547
0.1132461
0.0914452
0.0680124
0.0514290
0.0444743
0.0417435
0.0366028
0.0286525
0.0222965
0.0191437
0.0152054
0.0067271
-0.0037475
-0.0097007
-0.0085488
-0.0051390
-0.0065373
-0.0142141
-0.0224912
-0.0249271
-0.0214856
-0.0185191
-0.0218458
-0.0309457
-0.0401634
-0.0441254
-0.0410768
-0.0326961
-0.0232191
-0.0185591
-0.0233584
-0.0366791
-0.0510890
-0.0579271
-0.0548162
-0.0479777
-0.0462188
-0.0520188
-0.0591958
-0.0603037
-0.0555776
-0.0526164
-0.0570476
-0.0658742
-0.0716977
-0.0719734
-0.0714547
-0.0751930
-0.0811996
-0.0819317
-0.0732016
-0.0603414
-0.0540011
-0.0593857
-0.0707512
-0.0776536
-0.0759716
-0.0712396
-0.0711712
-0.0766143
-0.0809551
-0.0779628
-0.0694180
-0.0644666
-0.0706924
-0.0854295
-0.0969156
-0.0955017
-0.0836451
-0.0735194
-0.0743805
-0.0832928
-0.0890106
-0.0843982
-0.0738630
-0.0679253
-0.0710816
-0.0767365
-0.0750157
-0.0635807
-0.0472582
-0.0264729
0.0102736
0.0789557
0.1854441
0.3201633
0.4664824
0.6117607
0.7497087
0.8752421
0.9813892
1.0632020
1.1236948
1.1743432
1.2296478
1.3009184
1.3908211
1.4856008
1.5484335
1.5276497
1.3861773
1.1331619
0.8263697
0.5373885
0.3089141
0.1413629
0.0147435
-0.0830184
-0.1504540
-0.1881395
-0.2099446
-0.2337793
-0.2642940
-0.2907602
-0.3030755
-0.3052005
-0.3097984
-0.3229279
-0.3387925
-0.3489786
-0.3521774
-0.3528741
-0.3536519
-0.3526794
-0.3489228
-0.3466280
-0.3516703
-0.3635498
-0.3738193
-0.3747100
-0.3683782
-0.3651020
-0.3720431
-0.3859281
-0.3977306
-0.4027111
-0.4040763
-0.4075049
-0.4140139
-0.4191519
-0.4189365
-0.4155837
-0.4159210
-0.4234091
-0.4329062
-0.4351447
-0.4265143
-0.4131208
-0.4046539
-0.4047610
-0.4074967
-0.4027481
-0.3853367
-0.3593705
-0.3335707
-0.3121474
-0.2908991
-0.2625536
-0.2247194
-0.1815554
-0.1387652
-0.0988978
-0.0616811
-0.0273721
0.0015713
0.0225368
0.0362660
0.0474221
0.0605167
0.0752461
0.0867455
0.0902948
0.0845793
0.0706641
0.0501726
0.0258451
0.0023717
-0.0155527
-0.0265443
-0.0333813
-0.0401881
-0.0484322
-0.0555011
-0.0577997
-0.0557445
-0.0546596
-0.0592154
-0.0673497
-0.0714861
-0.0663739
-0.0548152
-0.0452053
-0.0438736
-0.0498501
-0.0566592
-0.0591976
-0.0588477
-0.0612434
-0.0690269
-0.0782361
-0.0827238
-0.0808991
-0.0767385
-0.0749687
-0.0767973
-0.0800770
-0.0821922
-0.0823715
-0.0817969
-0.0818406
-0.0823747
-0.0820683
-0.0800410
-0.0766266
-0.0730216
-0.0712769
-0.0739600
-0.0816329
-0.0902240
-0.0930709
-0.0872505
-0.0771933
-0.0708571
-0.0723197
-0.0783563
-0.0820003
-0.0794689
-0.0738925
-0.0718814
-0.0760354
-0.0817166
-0.0822473
-0.0765205
-0.0700145
-0.0686298
-0.0729724
-0.0786843
-0.0811263
-0.0794480
-0.0768026
-0.0767480
-0.0792181
-0.0803969
-0.0767633
-0.0685572
-0.0590818
-0.0517787
-0.0484917
-0.0490722
-0.0513523
-0.0523534
-0.0508423
-0.0484461
-0.0475778
-0.0486778
-0.0499620
-0.0494326
-0.0469142
-0.0445980
-0.0453214
-0.0492486
-0.0524365
-0.0502463
-0.0426189
-0.0347376
-0.0318081
-0.0337995
-0.0354684
-0.0309897
-0.0189601
-0.0039409
0.0070926
0.0108407
0.0101671
0.0102067
0.0137389
0.0229600
0.0454603
0.0947575
0.1812421
0.3012379
0.4358734
0.5632224
0.6741720
0.7765959
0.8819175
0.9871249
1.0729599
1.1226923
1.1423491
1.1607471
1.2085999
1.2949628
1.3982173
1.4751977
1.4812422
1.3905376
1.2076024
0.9652701
0.7103442
0.4834461
0.3036001
0.1672997
0.0618228
-0.0203277
-0.0792464
-0.1160514
-0.1385721
-0.1572128
-0.1774437
-0.1978418
-0.2143316
-0.2253431
-0.2335918
-0.2434547
-0.2562041
-0.2679383
-0.2731831
-0.2708877
-0.2664150
-0.2673457
-0.2769224
-0.2907432
-0.2999945
-0.2994308
-0.2926172
-0.2878054
-0.2884073
-0.2900773
-0.2883905
-0.2862085
-0.2899283
-0.2996698
-0.3072360
-0.3052665
-0.2964172
-0.2912935
-0.2969638
-0.3087205
-0.3148482
-0.3098001
-0.3005586
-0.2981560
-0.3047365
-0.3123503
-0.3140213
-0.3118597
-0.3125074
-0.3174635
-0.3207535
-0.3154786
-0.3007686
-0.2819379
-0.2643450
-0.2473761
-0.2246454
-0.1898834
-0.1418850
-0.0843418
-0.0236062
0.0321906
0.0751924
0.1032156
0.1228464
0.1438864
0.1695928
0.1939128
0.2088681
0.2133449
0.2137373
0.2163565
0.2202411
0.2189620
0.2104496
0.2030784
0.2082350
0.2260304
0.2417537
0.2391607
0.2161283
0.1855904
0.1622489
0.1500448
0.1418546
0.1294594
0.1128201
0.0993363
0.0943848
0.0944397
0.0912321
0.0813913
0.0691368
0.0595503
0.0522097
0.0428574
0.0297299
0.0166810
0.0099402
0.0116477
0.0166577
0.0172545
0.0120753
0.0085529
0.0143200
0.0273211
0.0370948
0.0358503
0.0264069
0.0190574
0.0218676
0.0339756
0.0473025
0.0545609
0.0555876
0.0553954
0.0568485
0.0575107
0.0540124
0.0469992
0.0404695
0.0380009
0.0405872
0.0461225
0.0496557
0.0460829
0.0345339
0.0193341
0.0056353
-0.0049587
-0.0136960
-0.0208130
-0.0237356
-0.0195383
-0.0095103
-0.0008567
-0.0015068
-0.0114530
-0.0211165
-0.0211563
-0.0130247
-0.0069620
-0.0099580
-0.0185365
-0.0235476
-0.0195310
-0.0088607
0.0011593
0.0042152
-0.0008421
-0.0104988
-0.0204312
-0.0280134
-0.0316847
-0.0304742
-0.0253585
-0.0191774
-0.0138065
-0.0088765
-0.0041644
-0.0011674
-0.0009008
-0.0020147
-0.0026804
-0.0028112
-0.0030037
-0.0027419
-0.0011817
0.0011235
0.0022516
0.0001858
-0.0058087
-0.0139524
-0.0205814
-0.0237582
-0.0258459
-0.0304265
-0.0369456
-0.0407086
-0.0382917
-0.0310770
-0.0235783
-0.0200321
-0.0220176
-0.0270997
-0.0299586
-0.0269800
-0.0199072
-0.0136099
-0.0106964
-0.0097077
-0.0079605
-0.0046893
-0.0017505
-0.0018861
-0.0053114
-0.0079155
-0.0051779
0.0013237
0.0043114
-0.0003302
-0.0077377
-0.0098924
-0.0056269
-0.0020097
-0.0062092
-0.0178877
-0.0297842
-0.0351446
-0.0344832
-0.0343656
-0.0389635
-0.0447976
-0.0462474
-0.0442830
-0.0453635
-0.0519978
-0.0592262
-0.0620214
-0.0623121
-0.0659342
-0.0746176
-0.0837189
-0.0880816
-0.0891504
-0.0950025
-0.1115855
-0.1341034
-0.1504868
-0.1553668
-0.1573477
-0.1688307
-0.1906741
-0.2110982
-0.2193097
-0.2167865
-0.2146779
-0.2221709
-0.2378457
-0.2516663
-0.2556831
-0.2524524
-0.2511577
-0.2558779
-0.2612127
-0.2603938
-0.2533951
-0.2435402
-0.2280478
-0.1953570
-0.1325524
-0.0356429
0.0861410
0.2164242
0.3439649
0.4687171
0.5939202
0.7138546
0.8139075
0.8838068
0.9283480
0.9653181
1.0155889
1.0930390
1.1957579
1.3002938
1.3648599
1.3443690
1.2120655
0.9769115
0.6844079
0.3952300
0.1540137
-0.0265993
-0.1555694
-0.2438734
-0.2981986
-0.3273268
-0.3445170
-0.3602053
-0.3754981
-0.3851330
-0.3863296
-0.3840962
-0.3871878
-0.3981170
-0.4089569
-0.4102965
-0.4034217
-0.3989098
-0.4027583
-0.4093808
-0.4106744
-0.4072002
-0.4063981
-0.4122495
-0.4203571
-0.4229295
-0.4172289
-0.4091354
-0.4075406
-0.4139132
-0.4192157
-0.4140060
-0.4000259
-0.3881165
-0.3857616
-0.3906754
-0.3960423
-0.3979069
-0.3971144
-0.3972003
-0.4007894
-0.4062456
-0.4088058
-0.4067764
-0.4044944
-0.4064415
-0.4103391
-0.4089731
-0.3974127
-0.3764266
-0.3511386
-0.3286035
-0.3138363
-0.3048696
-0.2931545
-0.2710464
-0.2377315
-0.1974066
-0.1547380
-0.1131733
-0.0742593
-0.0370412
-0.0009129
0.0305497
0.0525692
0.0667317
0.0809747
0.1000740
0.1196342
0.1312709
0.1310850
0.1220882
0.1106619
0.1008422
0.0901688
0.0725548
0.0479714
0.0267678
0.0197682
0.0255206
0.0319727
0.0297275
0.0193018
0.0064925
-0.0045313
-0.0133625
-0.0220011
-0.0316531
-0.0397495
-0.0421052
-0.0390990
-0.0360716
-0.0357642
-0.0349796
-0.0316165
-0.0299384
-0.0343466
-0.0417764
-0.0452733
-0.0431749
-0.0410446
-0.0453721
-0.0567375
-0.0678694
-0.0693147
-0.0605263
-0.0539116
-0.0621212
-0.0816218
-0.0955359
-0.0937853
-0.0839263
-0.0800896
-0.0869727
-0.0973540
-0.1010918
-0.0942323
-0.0818099
-0.0724943
-0.0691371
-0.0665790
-0.0608508
-0.0562140
-0.0585208
-0.0657644
-0.0711250
-0.0719661
-0.0696308
-0.0636418
-0.0532522
-0.0429646
-0.0397944
-0.0450923
-0.0532973
-0.0584272
-0.0596639
-0.0620456
-0.0718310
-0.0872989
-0.0951114
-0.0836762
-0.0614350
-0.0521729
-0.0672137
-0.0903508
-0.0969075
-0.0821922
-0.0647423
-0.0643829
-0.0814989
-0.0969321
-0.0916836
-0.0683171
-0.0500035
-0.0540414
-0.0708978
-0.0772262
-0.0653402
-0.0489169
-0.0414340
-0.0412040
-0.0396246
-0.0341780
-0.0294183
-0.0309151
-0.0402877
-0.0528916
-0.0612386
-0.0631603
-0.0628896
-0.0617740
-0.0553365
-0.0442972
-0.0392991
-0.0463890
-0.0555904
-0.0536252
-0.0423851
-0.0357192
-0.0420660
-0.0575584
-0.0723686
-0.0782503
-0.0738714
-0.0663509
-0.0630832
-0.0616738
-0.0555315
-0.0482175
-0.0500289
-0.0591767
-0.0602668
-0.0455695
-0.0252337
-0.0117449
-0.0055896
-0.0004551
0.0083278
0.0252634
0.0564674
0.1072939
0.1830234
0.2875627
0.4129348
0.5370455
0.6444403
0.7427626
0.8446755
0.9409163
1.0087697
1.0434259
1.0654049
1.1001243
1.1620439
1.2504995
1.3440298
1.4023244
1.3875013
1.2835887
1.0954830
0.8461072
0.5821336
0.3593589
0.2027374
0.0928629
0.0028673
-0.0690555
-0.1147343
-0.1406671
-0.1606020
-0.1809975
-0.2061635
-0.2388094
-0.2667173
-0.2720560
-0.2615930
-0.2613463
-0.2757445
-0.2836184
-0.2797799
-0.2835981
-0.2998178
-0.3111451
-0.3158273
-0.3282813
-0.3383886
-0.3222022
-0.2971317
-0.3050862
-0.3348753
-0.3344917
-0.3111297
-0.3286686
-0.3774760
-0.3485086
-0.1953329
