0.0111465
0.0291042
-0.0256543
-0.0534023
-0.0307884
-0.0119127
-0.0191840
-0.0224351
-0.0111561
-0.0091589
-0.0201792
-0.0224581
-0.0171162
-0.0279150
-0.0524434
-0.0604728
-0.0422348
-0.0189099
-0.0055430
0.0018130
0.0041217
-0.0037058
-0.0155055
-0.0198071
-0.0193740
-0.0226189
-0.0232148
-0.0105494
0.0075860
0.0140139
0.0063722
-0.0058412
-0.0190477
-0.0328862
-0.0394053
-0.0320575
-0.0176041
-0.0056434
0.0042833
0.0134937
0.0138178
-0.0003381
-0.0191796
-0.0285214
-0.0260334
-0.0188231
-0.0137411
-0.0158251
-0.0260878
-0.0359509
-0.0346546
-0.0257290
-0.0240011
-0.0329831
-0.0384118
-0.0283238
-0.0066209
0.0179991
0.0443964
0.0744689
0.1056826
0.1333900
0.1551322
0.1716303
0.1885032
0.2139706
0.2474431
0.2743788
0.2814086
0.2727341
0.2624307
0.2551467
0.2448587
0.2285669
0.2093310
0.1869809
0.1559608
0.1131282
0.0618059
0.0093859
-0.0349918
-0.0642029
-0.0794348
-0.0893278
-0.0997654
-0.1092626
-0.1161076
-0.1220988
-0.1257791
-0.1210884
-0.1088398
-0.1018889
-0.1110183
-0.1291778
-0.1353098
-0.1131627
-0.0663347
-0.0173223
0.0131128
0.0359496
0.1016437
0.2603931
0.4993604
0.7186800
0.7792397
0.5907948
0.1770635
-0.3271753
-0.7480771
-0.9680906
-0.9775436
-0.8498469
-0.6749104
-0.5121641
-0.3858572
-0.3000650
-0.2497346
-0.2252340
-0.2148037
-0.2068858
-0.1949090
-0.1823317
-0.1785138
-0.1853620
-0.1914967
-0.1838478
-0.1622254
-0.1389351
-0.1266237
-0.1287863
-0.1384839
-0.1436202
-0.1366123
-0.1207172
-0.1040660
-0.0884374
-0.0702202
-0.0522896
-0.0451877
-0.0514511
-0.0561348
-0.0411277
-0.0072269
0.0242338
0.0338784
0.0266124
0.0284126
0.0579514
0.1032805
0.1343131
0.1410087
0.1490754
0.1878638
0.2491229
0.2923483
0.2928847
0.2726434
0.2758744
0.3201907
0.3791915
0.4133484
0.4125652
0.4035707
0.4155419
0.4450582
0.4621405
0.4482926
0.4176656
0.3965941
0.3911039
0.3826493
0.3517881
0.2984619
0.2398340
0.1936141
0.1641009
0.1415015
0.1136277
0.0780148
0.0420874
0.0135809
-0.0054967
-0.0165328
-0.0213525
-0.0230521
-0.0260129
-0.0332420
-0.0451352
-0.0598366
-0.0720203
-0.0735542
-0.0610304
-0.0428478
-0.0335947
-0.0394829
-0.0523907
-0.0595574
-0.0568825
-0.0516517
-0.0532989
-0.0619488
-0.0668543
-0.0585574
-0.0422766
-0.0342770
-0.0427428
-0.0575231
-0.0633669
-0.0589769
-0.0562979
-0.0624148
-0.0692022
-0.0637252
-0.0457005
-0.0306368
-0.0337607
-0.0517184
-0.0642747
-0.0573735
-0.0411931
-0.0389560
-0.0584146
-0.0818268
-0.0868201
-0.0710099
-0.0510499
-0.0407652
-0.0358811
-0.0208860
0.0119811
0.0527330
0.0832483
0.0960372
0.1010050
0.1130112
0.1364376
0.1646154
0.1901692
0.2100091
0.2215372
0.2204860
0.2050701
0.1798194
0.1537257
0.1346283
0.1236500
0.1132233
0.0922608
0.0561522
0.0114349
-0.0308200
-0.0652850
-0.0949361
-0.1249184
-0.1554355
-0.1800128
-0.1906733
-0.1865677
-0.1771913
-0.1739914
-0.1784044
-0.1818516
-0.1786894
-0.1747661
-0.1795119
-0.1915140
-0.1959640
-0.1781824
-0.1392946
-0.0956130
-0.0562719
0.0022495
0.1318569
0.3661819
0.6647172
0.9038434
0.9378668
0.6922085
0.2199856
-0.3212635
-0.7569272
-0.9844740
-1.0049390
-0.8880911
-0.7146610
-0.5426082
-0.4050041
-0.3168222
-0.2757881
-0.2638291
-0.2579632
-0.2454154
-0.2297023
-0.2216324
-0.2238479
-0.2255648
-0.2145681
-0.1928373
-0.1757385
-0.1746567
-0.1843757
-0.1897423
-0.1814460
-0.1624391
-0.1416380
-0.1254879
-0.1154638
-0.1104145
-0.1088516
-0.1083979
-0.1042115
-0.0909175
-0.0682670
-0.0434539
-0.0251762
-0.0156717
-0.0100442
-0.0017557
0.0136914
0.0382708
0.0698342
0.1008844
0.1235217
0.1380475
0.1546245
0.1841233
0.2271538
0.2724021
0.3058895
0.3226555
0.3299036
0.3383995
0.3516327
0.3653965
0.3770060
0.3901037
0.4077782
0.4242862
0.4278742
0.4116788
0.3797385
0.3424491
0.3073741
0.2741594
0.2375530
0.1953411
0.1526593
0.1172111
0.0909616
0.0689044
0.0460373
0.0229104
0.0034083
-0.0108347
-0.0225529
-0.0364626
-0.0551343
-0.0760187
-0.0923556
-0.0982231
-0.0931474
-0.0817931
-0.0704812
-0.0647216
-0.0675341
-0.0769697
-0.0859529
-0.0875503
-0.0810272
-0.0714630
-0.0639346
-0.0597747
-0.0580031
-0.0580787
-0.0601930
-0.0635252
-0.0652300
-0.0625814
-0.0573636
-0.0567403
-0.0663047
-0.0814866
-0.0891871
-0.0804630
-0.0601929
-0.0423985
-0.0369973
-0.0423111
-0.0492088
-0.0508522
-0.0487175
-0.0500268
-0.0592179
-0.0719464
-0.0781786
-0.0715107
-0.0556019
-0.0423072
-0.0431688
-0.0594437
-0.0777408
-0.0778348
-0.0496825
-0.0037288
0.0385172
0.0652263
0.0836714
0.1084873
0.1432999
0.1765740
0.1952059
0.1995530
0.2023816
0.2125386
0.2226356
0.2166756
0.1896312
0.1553239
0.1329933
0.1289397
0.1334570
0.1325283
0.1183313
0.0896237
0.0473989
-0.0062438
-0.0656497
-0.1207181
-0.1608411
-0.1809751
-0.1837904
-0.1759462
-0.1636869
-0.1525926
-0.1484357
-0.1540902
-0.1657590
-0.1758582
-0.1806006
-0.1819668
-0.1811825
-0.1735100
-0.1523191
-0.1161484
-0.0661632
0.0070759
0.1312766
0.3352620
0.6086361
0.8706686
0.9885942
0.8507332
0.4476080
-0.1033658
-0.6147984
-0.9306155
-1.0022937
-0.8922207
-0.7118584
-0.5479979
-0.4302570
-0.3494484
-0.2925773
-0.2575539
-0.2437353
-0.2409367
-0.2337495
-0.2151911
-0.1927952
-0.1800043
-0.1823226
-0.1928988
-0.2007859
-0.2006453
-0.1932430
-0.1801451
-0.1626902
-0.1453829
-0.1347248
-0.1319308
-0.1298563
-0.1206254
-0.1054722
-0.0940534
-0.0931432
-0.0977091
-0.0951684
-0.0787928
-0.0550178
-0.0353100
-0.0216350
-0.0037548
0.0273044
0.0662343
0.0975685
0.1120903
0.1160758
0.1239671
0.1443199
0.1739065
0.2038368
0.2294826
0.2539955
0.2829600
0.3170522
0.3508989
0.3783438
0.3972947
0.4097303
0.4187876
0.4259269
0.4290278
0.4230054
0.4046184
0.3776314
0.3508982
0.3292970
0.3077814
0.2766631
0.2328971
0.1846214
0.1435791
0.1133753
0.0864071
0.0534935
0.0159360
-0.0142912
-0.0274015
-0.0268635
-0.0257049
-0.0332109
-0.0477303
-0.0616745
-0.0702021
-0.0740296
-0.0763105
-0.0791329
-0.0826994
-0.0861229
-0.0879087
-0.0861203
-0.0798486
-0.0717576
-0.0677417
-0.0712288
-0.0776924
-0.0780081
-0.0691224
-0.0591138
-0.0587706
-0.0686863
-0.0772161
-0.0720293
-0.0526577
-0.0310587
-0.0203747
-0.0238280
-0.0344587
-0.0440425
-0.0498532
-0.0525616
-0.0512433
-0.0443589
-0.0348207
-0.0298297
-0.0337797
-0.0432708
-0.0508583
-0.0528038
-0.0519546
-0.0536491
-0.0599016
-0.0674615
-0.0707976
-0.0668544
-0.0576965
-0.0496637
-0.0500230
-0.0622720
-0.0820307
-0.0980023
-0.1004731
-0.0905047
-0.0782146
-0.0697594
-0.0583292
-0.0318366
0.0106739
0.0540834
0.0810857
0.0901274
0.0976003
0.1214972
0.1634118
0.2072406
0.2349939
0.2422713
0.2379660
0.2315457
0.2238140
0.2097690
0.1871405
0.1600429
0.1348944
0.1134889
0.0897916
0.0542077
0.0030701
-0.0551051
-0.1039657
-0.1314840
-0.1386501
-0.1369130
-0.1377807
-0.1444727
-0.1522057
-0.1553648
-0.1539130
-0.1528080
-0.1558617
-0.1612270
-0.1628206
-0.1550124
-0.1361889
-0.1099433
-0.0831002
-0.0582270
-0.0227735
0.0539972
0.2048321
0.4322940
0.6820996
0.8481939
0.8191100
0.5448969
0.0810746
-0.4266712
-0.8142021
-0.9820901
-0.9363425
-0.7648042
-0.5730541
-0.4273574
-0.3388571
-0.2868076
-0.2506943
-0.2239630
-0.2076934
-0.2010988
-0.2005153
-0.2031294
-0.2074577
-0.2106442
-0.2082444
-0.1981153
-0.1835360
-0.1706792
-0.1622380
-0.1546101
-0.1429228
-0.1283597
-0.1180499
-0.1166348
-0.1199942
-0.1193924
-0.1107713
-0.0976557
-0.0851503
-0.0735406
-0.0589570
-0.0389179
-0.0153657
0.0079493
0.0295903
0.0503376
0.0692309
0.0823071
0.0877550
0.0916139
0.1052001
0.1350782
0.1764308
0.2173247
0.2490845
0.2722724
0.2936962
0.3186466
0.3457469
0.3687074
0.3830965
0.3914602
0.4013840
0.4180308
0.4381947
0.4513909
0.4473190
0.4238868
0.3890122
0.3538088
0.3228894
0.2917531
0.2544612
0.2128662
0.1763165
0.1518560
0.1359925
0.1171875
0.0866648
0.0468865
0.0095426
-0.0149695
-0.0262383
-0.0322209
-0.0398050
-0.0482489
-0.0520685
-0.0488874
-0.0430892
-0.0417837
-0.0476535
-0.0558623
-0.0584077
-0.0522903
-0.0432209
-0.0401123
-0.0456081
-0.0531358
-0.0539544
-0.0463015
-0.0367416
-0.0328790
-0.0356801
-0.0393931
-0.0386921
-0.0348803
-0.0339029
-0.0383960
-0.0435287
-0.0420654
-0.0325930
-0.0210962
-0.0147020
-0.0154636
-0.0204313
-0.0261311
-0.0317139
-0.0381071
-0.0451441
-0.0502417
-0.0502113
-0.0444230
-0.0361386
-0.0307692
-0.0324017
-0.0405728
-0.0493229
-0.0508293
-0.0429478
-0.0337334
-0.0354223
-0.0511194
-0.0684857
-0.0698545
-0.0500304
-0.0228390
-0.0085913
-0.0151837
-0.0325283
-0.0453920
-0.0493835
-0.0517147
-0.0568362
-0.0557504
-0.0336258
0.0122774
0.0654929
0.1029937
0.1147462
0.1112016
0.1133035
0.1356354
0.1768273
0.2227117
0.2570289
0.2705717
0.2638553
0.2446526
0.2235737
0.2090226
0.2025104
0.1970915
0.1811672
0.1459288
0.0915892
0.0282556
-0.0294327
-0.0708005
-0.0947505
-0.1079396
-0.1174897
-0.1254656
-0.1297697
-0.1288169
-0.1243259
-0.1201639
-0.1195339
-0.1233175
-0.1302437
-0.1376368
-0.1414479
-0.1363610
-0.1183098
-0.0887832
-0.0547501
-0.0188694
0.0341382
0.1380112
0.3201058
0.5613900
0.7741715
0.8293548
0.6313887
0.1940890
-0.3445273
-0.7914796
-1.0083638
-0.9819559
-0.8077603
-0.6089324
-0.4595304
-0.3655554
-0.3004103
-0.2482411
-0.2150362
-0.2087519
-0.2201681
-0.2275979
-0.2174377
-0.1959160
-0.1800021
-0.1786809
-0.1843429
-0.1820824
-0.1663233
-0.1471695
-0.1396714
-0.1473349
-0.1577590
-0.1554111
-0.1378484
-0.1179424
-0.1098506
-0.1137479
-0.1153983
-0.1009015
-0.0709975
-0.0399372
-0.0206954
-0.0129073
-0.0058889
0.0083951
0.0276286
0.0439693
0.0542308
0.0640675
0.0827673
0.1145202
0.1541991
0.1910329
0.2168675
0.2320542
0.2442128
0.2613203
0.2852440
0.3111229
0.3328574
0.3494644
0.3658179
0.3866002
0.4099321
0.4281610
0.4350005
0.4304225
0.4178971
0.3986772
0.3711414
0.3356110
0.2972941
0.2624368
0.2319124
0.2005355
0.1639110
0.1249984
0.0918144
0.0681363
0.0485687
0.0249746
-0.0028948
-0.0257322
-0.0345210
-0.0304396
-0.0235421
-0.0224664
-0.0273122
-0.0329734
-0.0374867
-0.0445155
-0.0569231
-0.0700170
-0.0741341
-0.0646993
-0.0478631
-0.0346175
-0.0303419
-0.0319913
-0.0350109
-0.0399973
-0.0503581
-0.0644377
-0.0731666
-0.0679279
-0.0504923
-0.0329746
-0.0264902
-0.0307028
-0.0360796
-0.0358033
-0.0329511
-0.0349836
-0.0433716
-0.0513615
-0.0520157
-0.0463393
-0.0420514
-0.0448916
-0.0524128
-0.0567433
-0.0528647
-0.0437150
-0.0376510
-0.0415088
-0.0552914
-0.0716790
-0.0803503
-0.0753162
-0.0608063
-0.0495373
-0.0522152
-0.0670115
-0.0804962
-0.0806036
-0.0685562
-0.0568890
-0.0558144
-0.0631348
-0.0685524
-0.0662921
-0.0603145
-0.0560812
-0.0504848
-0.0346154
-0.0072189
0.0190017
0.0291730
0.0244550
0.0248411
0.0508275
0.1024072
0.1580122
0.1950350
0.2104334
0.2199455
0.2377038
0.2592373
0.2665997
0.2494551
0.2183325
0.1952299
0.1914605
0.1958088
0.1847737
0.1441956
0.0810849
0.0154977
-0.0373363
-0.0758900
-0.1052715
-0.1256600
-0.1314809
-0.1218006
-0.1075229
-0.1042783
-0.1174697
-0.1365791
-0.1463733
-0.1432408
-0.1379316
-0.1408681
-0.1471609
-0.1404292
-0.1126946
-0.0762331
-0.0491352
-0.0260250
0.0331834
0.1758705
0.4065458
0.6560501
0.8024534
0.7368921
0.4315631
-0.0363547
-0.5202187
-0.8748447
-1.0199798
-0.9641513
-0.7837662
-0.5762101
-0.4145626
-0.3247468
-0.2906125
-0.2779204
-0.2607007
-0.2347304
-0.2120521
-0.2037562
-0.2070614
-0.2083077
-0.1978325
-0.1805895
-0.1708440
-0.1763066
-0.1886961
-0.1912964
-0.1759712
-0.1515537
-0.1344379
-0.1315394
-0.1341326
-0.1286534
-0.1115254
-0.0914417
-0.0778444
-0.0699422
-0.0587510
-0.0388296
-0.0154514
0.0012348
0.0082916
0.0142805
0.0304883
0.0587236
0.0892982
0.1113440
0.1240208
0.1368048
0.1594328
0.1926770
0.2289576
0.2606765
0.2866134
0.3101232
0.3326250
0.3509371
0.3618380
0.3680993
0.3780644
0.3981919
0.4260136
0.4506586
0.4605503
0.4514357
0.4281761
0.3993521
0.3696408
0.3366653
0.2951701
0.2447326
0.1933842
0.1525471
0.1268998
0.1089927
0.0855564
0.0510340
0.0146505
-0.0080313
-0.0117511
-0.0084967
-0.0160056
-0.0394184
-0.0659390
-0.0782255
-0.0716879
-0.0574213
-0.0493577
-0.0511907
-0.0566326
-0.0597283
-0.0613326
-0.0652165
-0.0712944
-0.0756803
-0.0763563
-0.0754807
-0.0751927
-0.0737187
-0.0679509
-0.0587842
-0.0510938
-0.0478253
-0.0464210
-0.0430576
-0.0392224
-0.0410636
-0.0510944
-0.0626978
-0.0655986
-0.0569136
-0.0447629
-0.0399642
-0.0454244
-0.0548110
-0.0603811
-0.0600166
-0.0568124
-0.0544110
-0.0544832
-0.0574030
-0.0626510
-0.0677991
-0.0690619
-0.0649754
-0.0593177
-0.0583619
-0.0640522
-0.0709001
-0.0712986
-0.0640794
-0.0565307
-0.0569892
-0.0656491
-0.0732188
-0.0687735
-0.0491454
-0.0213909
0.0032479
0.0181703
0.0257129
0.0341333
0.0507274
0.0771051
0.1097964
0.1442247
0.1775826
0.2082435
0.2334439
0.2487344
0.2504431
0.2388253
0.2187235
0.1970627
0.1790305
0.1649213
0.1489151
0.1213532
0.0753239
0.0141618
-0.0474538
-0.0926492
-0.1152720
-0.1240835
-0.1331883
-0.1482307
-0.1629414
-0.1690980
-0.1675855
-0.1673888
-0.1743389
-0.1838778
-0.1864932
-0.1782605
-0.1632269
-0.1461430
-0.1266959
-0.1023675
-0.0723324
-0.0315527
0.0400299
0.1733984
0.3811008
0.6216982
0.7949437
0.7865657
0.5395199
0.1010133
-0.3918457
-0.7809801
-0.9660221
-0.9441176
-0.7918633
-0.6090340
-0.4644685
-0.3756655
-0.3249248
-0.2894468
-0.2595033
-0.2365235
-0.2223730
-0.2143545
-0.2086622
-0.2044326
-0.2024787
-0.2016830
-0.1989690
-0.1928256
-0.1850134
-0.1779523
-0.1716490
-0.1643916
-0.1556200
-0.1463698
-0.1369273
-0.1260424
-0.1136546
-0.1030021
-0.0977498
-0.0966170
-0.0923913
-0.0775093
-0.0505045
-0.0169214
0.0149317
0.0383412
0.0502934
0.0530205
0.0550260
0.0678351
0.0974868
0.1379560
0.1752456
0.2001964
0.2168590
0.2368985
0.2663733
0.3000250
0.3286356
0.3491882
0.3655621
0.3809376
0.3935119
