-0.0224528
-0.0209313
-0.0225017
-0.0277777
-0.0351341
-0.0413865
-0.0440885
-0.0432208
-0.0405191
-0.0374960
-0.0345190
-0.0314814
-0.0284941
-0.0256003
-0.0224980
-0.0192969
-0.0172956
-0.0180586
-0.0213350
-0.0245282
-0.0249487
-0.0224491
-0.0191884
-0.0167598
-0.0142978
-0.0099010
-0.0033639
0.0034203
0.0088012
0.0132018
0.0180716
0.0237446
0.0295580
0.0361963
0.0464837
0.0622980
0.0806786
0.0945202
0.0986331
0.0952084
0.0921210
0.0947650
0.0997013
0.0975479
0.0831800
0.0629142
0.0502975
0.0534276
0.0661302
0.0724816
0.0610128
0.0347233
0.0069371
-0.0123504
-0.0250204
-0.0394701
-0.0581559
-0.0728933
-0.0738019
-0.0617450
-0.0496052
-0.0502963
-0.0645177
-0.0812273
-0.0890459
-0.0851996
-0.0735543
-0.0573761
-0.0373040
-0.0151187
0.0062249
0.0307681
0.0753627
0.1586389
0.2756882
0.3821094
0.4099726
0.3110424
0.0950262
-0.1688041
-0.3891459
-0.5016461
-0.4964045
-0.4111710
-0.3019046
-0.2125049
-0.1594905
-0.1349922
-0.1214036
-0.1065373
-0.0898530
-0.0776976
-0.0740975
-0.0762498
-0.0779028
-0.0755994
-0.0709931
-0.0680133
-0.0690792
-0.0739021
-0.0802751
-0.0848133
-0.0837587
-0.0750123
-0.0602121
-0.0439292
-0.0298816
-0.0184098
-0.0086095
-0.0022586
-0.0032539
-0.0116234
-0.0194368
-0.0156954
0.0029996
0.0275105
0.0436877
0.0456619
0.0414637
0.0453138
0.0644364
0.0929178
0.1172575
0.1274420
0.1241639
0.1178226
0.1213292
0.1416254
0.1747386
0.2076410
0.2265788
0.2264821
0.2139791
0.2011969
0.1956981
0.1953621
0.1919455
0.1788903
0.1560945
0.1287088
0.1028039
0.0820951
0.0671064
0.0557355
0.0444627
0.0304026
0.0135679
-0.0027158
-0.0143978
-0.0203078
-0.0231844
-0.0269268
-0.0328439
-0.0387137
-0.0414730
-0.0406952
-0.0394230
-0.0415976
-0.0484209
-0.0568102
-0.0613364
-0.0583321
-0.0491570
-0.0399289
-0.0373587
-0.0434392
-0.0533015
-0.0585446
-0.0537035
-0.0404275
-0.0258417
-0.0168724
-0.0156708
-0.0195044
-0.0240058
-0.0262798
-0.0257664
-0.0234296
-0.0207515
-0.0190307
-0.0187375
-0.0191875
-0.0191855
-0.0182300
-0.0166417
-0.0139919
-0.0078757
0.0043637
0.0217689
0.0382571
0.0466579
0.0454908
0.0416128
0.0450985
0.0605050
0.0826765
0.1008955
0.1070849
0.1005899
0.0866160
0.0717092
0.0607324
0.0560059
0.0567790
0.0588805
0.0564380
0.0458021
0.0283474
0.0090250
-0.0079298
-0.0214415
-0.0319300
-0.0385861
-0.0399143
-0.0371682
-0.0356332
-0.0406268
-0.0518362
-0.0626719
-0.0661935
-0.0616009
-0.0543977
-0.0502883
-0.0495592
-0.0476773
-0.0407025
-0.0289276
-0.0142844
0.0059389
0.0417344
0.1041727
0.1927203
0.2853090
0.3409384
0.3174372
0.1961002
-0.0022306
-0.2219555
-0.3976297
-0.4843514
-0.4754148
-0.3986588
-0.2972778
-0.2085365
-0.1511514
-0.1242908
-0.1150035
-0.1086390
-0.0970230
-0.0807706
-0.0654785
-0.0556650
-0.0517772
-0.0520849
-0.0559011
-0.0634884
-0.0728615
-0.0784638
-0.0748776
-0.0621413
-0.0463647
-0.0343324
-0.0278346
-0.0238496
-0.0197556
-0.0168265
-0.0176130
-0.0206628
-0.0197587
-0.0096010
0.0082015
0.0259257
0.0368920
0.0414793
0.0459896
0.0561630
0.0721585
0.0893128
0.1029208
0.1122332
0.1206694
0.1327866
0.1505283
0.1712642
0.1891209
0.1992802
0.2023515
0.2046187
0.2127065
0.2269031
0.2399919
0.2436100
0.2360254
0.2231120
0.2114488
0.2011842
0.1865588
0.1633251
0.1345487
0.1082623
0.0898113
0.0776237
0.0667335
0.0550934
0.0448451
0.0375958
0.0304818
0.0185846
0.0009409
-0.0172443
-0.0288527
-0.0306029
-0.0243404
-0.0140308
-0.0033019
0.0041805
0.0045267
-0.0035353
-0.0156779
-0.0242241
-0.0251064
-0.0219210
-0.0216686
-0.0267905
-0.0330143
-0.0352711
-0.0337541
-0.0324816
-0.0329605
-0.0319374
-0.0263629
-0.0186947
-0.0150248
-0.0180720
-0.0239971
-0.0269969
-0.0255070
-0.0222639
-0.0192983
-0.0156769
-0.0110714
-0.0090046
-0.0134497
-0.0221685
-0.0262946
-0.0189252
-0.0037377
0.0069750
0.0039870
-0.0096743
-0.0220096
-0.0242105
-0.0186091
-0.0144231
-0.0167956
-0.0212598
-0.0189305
-0.0061022
0.0118074
0.0252801
0.0290980
0.0262794
0.0248706
0.0314355
0.0469429
0.0673174
0.0866008
0.0997614
0.1042717
0.1009619
0.0937600
0.0872965
0.0832991
0.0791767
0.0711385
0.0594157
0.0497743
0.0484293
0.0547799
0.0600075
0.0541710
0.0350357
0.0094685
-0.0136355
-0.0306747
-0.0434322
-0.0537235
-0.0602362
-0.0609613
-0.0569856
-0.0524415
-0.0511635
-0.0544061
-0.0611717
-0.0686456
-0.0716780
-0.0644878
-0.0462492
-0.0245646
-0.0086475
0.0047541
0.0360838
0.1057544
0.2057329
0.2888007
0.2930950
0.1862326
-0.0079533
-0.2229409
-0.3905920
-0.4756696
-0.4813800
-0.4320682
-0.3544217
-0.2698126
-0.1941216
-0.1370934
-0.1007480
-0.0811572
-0.0733843
-0.0742118
-0.0802696
-0.0860211
-0.0863408
-0.0812227
-0.0757502
-0.0738621
-0.0731715
-0.0680054
-0.0576104
-0.0488788
-0.0489229
-0.0560016
-0.0605839
-0.0562320
-0.0472653
-0.0434766
-0.0480006
-0.0529857
-0.0482275
-0.0322575
-0.0129027
0.0023528
0.0136717
0.0252677
0.0369321
0.0429462
0.0404936
0.0364783
0.0428284
0.0646216
0.0944977
0.1195636
0.1329112
0.1379068
0.1426654
0.1522042
0.1657830
0.1795307
0.1897095
0.1940543
0.1923497
0.1870936
0.1824795
0.1806899
0.1787250
0.1701934
0.1512930
0.1246557
0.0966283
0.0712432
0.0479935
0.0256344
0.0066646
-0.0038441
-0.0045780
-0.0022144
-0.0075641
-0.0261056
-0.0520840
-0.0725905
-0.0782716
-0.0707670
-0.0603801
-0.0568750
-0.0620798
-0.0702489
-0.0745405
-0.0729075
-0.0683930
-0.0649408
-0.0639203
-0.0645910
-0.0665754
-0.0704747
-0.0759791
-0.0804843
-0.0805906
-0.0751121
-0.0662728
-0.0578018
-0.0520243
-0.0489053
-0.0475442
-0.0478635
-0.0504448
-0.0551350
-0.0604734
-0.0644713
-0.0654769
-0.0624863
-0.0556805
-0.0472508
-0.0408569
-0.0389440
-0.0403109
-0.0411546
-0.0391899
-0.0364470
-0.0372751
-0.0434368
-0.0518251
-0.0575928
-0.0591116
-0.0588387
-0.0592236
-0.0591994
-0.0561183
-0.0506834
-0.0479785
-0.0522369
-0.0610192
-0.0659743
-0.0603436
-0.0457645
-0.0310875
-0.0237856
-0.0222018
-0.0165191
0.0020365
0.0324069
0.0636448
0.0835054
0.0876298
0.0812908
0.0730706
0.0672535
0.0621788
0.0550033
0.0463802
0.0392763
0.0339214
0.0261205
0.0118080
-0.0078488
-0.0277288
-0.0450406
-0.0621792
-0.0817748
-0.1002039
-0.1091416
-0.1051041
-0.0955613
-0.0924633
-0.0992381
-0.1069388
-0.1052688
-0.0954436
-0.0884625
-0.0904124
-0.0934943
-0.0846924
-0.0609167
-0.0299212
0.0057019
0.0599187
0.1496257
0.2645349
0.3535348
0.3498173
0.2192185
-0.0091580
-0.2566992
-0.4413646
-0.5197549
-0.4986593
-0.4174961
-0.3211707
-0.2408139
-0.1878553
-0.1581057
-0.1404149
-0.1252935
-0.1098106
-0.0968581
-0.0903334
-0.0906711
-0.0942819
-0.0964471
-0.0944436
-0.0886188
-0.0815421
-0.0762544
-0.0743998
-0.0752056
-0.0762058
-0.0751895
-0.0715474
-0.0659926
-0.0595384
-0.0530710
-0.0475887
-0.0441622
-0.0430623
-0.0426558
-0.0394216
-0.0298844
-0.0134476
0.0063547
0.0238047
0.0349863
0.0406766
0.0457252
0.0551946
0.0702590
0.0875719
0.1031159
0.1168947
0.1331254
0.1550203
0.1796307
0.1988420
0.2061099
0.2022529
0.1946223
0.1907915
0.1929807
0.1978139
0.2002040
0.1967658
0.1863995
0.1697450
0.1493818
0.1294597
0.1129287
0.0985095
0.0817933
0.0604746
0.0377952
0.0195237
0.0076276
-0.0017212
-0.0131754
-0.0261701
-0.0351364
-0.0357210
-0.0294965
-0.0218692
-0.0167103
-0.0148389
-0.0170319
-0.0252061
-0.0385675
-0.0505281
-0.0530853
-0.0453304
-0.0355559
-0.0331112
-0.0388277
-0.0449372
-0.0440502
-0.0363559
-0.0275122
-0.0216819
-0.0191197
-0.0198266
-0.0256661
-0.0361971
-0.0443187
-0.0404162
-0.0227045
-0.0014581
0.0095388
0.0058626
-0.0042613
-0.0092526
-0.0054533
0.0010140
0.0020709
-0.0041012
-0.0123433
-0.0164097
-0.0146179
-0.0103392
-0.0082551
-0.0104569
-0.0152755
-0.0191257
-0.0196754
-0.0175375
-0.0145697
-0.0104885
-0.0022511
0.0121563
0.0299202
0.0450241
0.0542578
0.0606426
0.0699260
0.0839633
0.0984453
0.1072737
0.1082627
0.1037360
0.0961885
0.0854040
0.0712718
0.0583505
0.0546381
0.0635474
0.0772657
0.0800485
0.0604308
0.0219239
-0.0179514
-0.0405997
-0.0406825
-0.0292220
-0.0226684
-0.0284650
-0.0408594
-0.0496079
-0.0507942
-0.0483450
-0.0469268
-0.0466238
-0.0456823
-0.0457822
-0.0505795
-0.0581292
-0.0583297
-0.0418673
-0.0107400
0.0255587
0.0672485
0.1324461
0.2379078
0.3652485
0.4497970
0.4146430
0.2291824
-0.0568894
-0.3363474
-0.5086879
-0.5365972
-0.4549280
-0.3337431
-0.2307087
-0.1672031
-0.1353174
-0.1186604
-0.1069831
-0.0978181
-0.0911421
-0.0856356
-0.0793735
-0.0719002
-0.0643769
-0.0581996
-0.0542885
-0.0532002
-0.0545803
-0.0562678
-0.0551655
-0.0499714
-0.0426943
-0.0367402
-0.0335405
-0.0315298
-0.0283985
-0.0236915
-0.0186306
-0.0136000
-0.0068111
0.0036580
0.0167594
0.0285444
0.0359120
0.0398069
0.0443258
0.0531429
0.0670170
0.0837175
0.0992708
0.1099497
0.1149450
0.1179411
0.1250436
0.1396990
0.1593022
0.1774578
0.1900137
0.1983327
0.2058943
0.2123271
0.2128670
0.2047990
0.1926448
0.1841518
0.1809148
0.1756273
0.1605136
0.1371676
0.1155406
0.1028255
0.0952856
0.0826886
0.0602869
0.0346679
0.0170197
0.0117231
0.0129594
0.0120465
0.0060556
-0.0015303
-0.0065401
-0.0078540
-0.0055059
0.0024149
0.0188952
0.0441797
0.0745588
0.1068979
0.1452202
0.2014574
0.2865653
0.3985849
0.5203589
0.6323964
0.7307276
0.8318650
0.9572005
1.1088593
1.2591515
1.3654425
1.3997621
1.3684895
1.3058138
1.2476940
1.2085043
1.1770901
1.1309619
1.0546538
0.9488279
0.8258223
0.6973469
0.5654140
0.4245068
0.2725710
0.1195552
-0.0157780
-0.1185176
-0.1880065
-0.2363927
-0.2773556
-0.3163581
-0.3510679
-0.3788165
-0.4007811
-0.4185215
-0.4294497
-0.4290353
-0.4177590
-0.4037677
-0.3972361
-0.4024495
-0.4159356
-0.4317615
-0.4475390
-0.4648636
-0.4847866
-0.5045057
-0.5194842
-0.5282249
-0.5337693
-0.5404933
-0.5504121
-0.5626012
-0.5747479
-0.5844157
-0.5899501
-0.5917181
-0.5923449
-0.5942349
-0.5958770
-0.5910813
-0.5732612
-0.5415572
-0.5025994
-0.4651814
-0.4326592
-0.4010849
-0.3648560
-0.3228226
-0.2779395
-0.2326296
-0.1872256
-0.1430632
-0.1041953
-0.0737628
-0.0495918
-0.0258913
-0.0002594
0.0224439
0.0350227
0.0366274
0.0345015
0.0357184
0.0386144
0.0350780
0.0215706
0.0052321
-0.0027826
0.0012718
0.0108798
0.0171666
0.0174429
0.0154054
0.0147625
0.0146645
0.0116019
0.0044201
-0.0039204
-0.0095859
-0.0117227
-0.0124097
-0.0135770
-0.0150249
-0.0151766
-0.0127993
-0.0081821
-0.0036788
-0.0029753
-0.0083453
-0.0178039
-0.0257037
-0.0271927
-0.0225073
-0.0170383
-0.0171835
-0.0254569
-0.0385421
-0.0495534
-0.0525392
-0.0458044
-0.0323955
-0.0186256
-0.0115344
-0.0152216
-0.0275539
-0.0407613
-0.0468656
-0.0434522
-0.0344634
-0.0260537
-0.0221212
-0.0229339
-0.0263844
-0.0297485
-0.0308993
-0.0292977
-0.0268857
-0.0274933
-0.0333460
-0.0409892
-0.0424284
-0.0332081
-0.0195310
-0.0144385
-0.0247477
-0.0427550
-0.0529758
-0.0474906
-0.0335591
-0.0255236
-0.0298438
-0.0390242
-0.0402580
-0.0288537
-0.0121963
-0.0015700
-0.0023648
-0.0123232
-0.0259325
-0.0375242
-0.0416482
-0.0349431
-0.0199613
-0.0054992
-0.0004123
-0.0060128
-0.0150158
-0.0186814
-0.0151882
-0.0106386
-0.0117461
-0.0184663
-0.0248079
-0.0261110
-0.0235585
-0.0212362
-0.0208582
-0.0209910
-0.0204512
-0.0204637
-0.0228741
-0.0269633
-0.0289036
-0.0251169
-0.0165813
-0.0092309
-0.0089348
-0.0157039
-0.0232936
-0.0246501
-0.0177211
-0.0067532
0.0011156
0.0010846
-0.0058286
-0.0139184
-0.0180810
-0.0183330
-0.0188007
-0.0224801
-0.0277153
-0.0299263
-0.0263743
-0.0192235
-0.0140902
-0.0152351
-0.0218243
-0.0290178
-0.0325159
-0.0314270
-0.0272645
-0.0220692
-0.0181484
-0.0176731
-0.0206591
-0.0241259
-0.0250076
-0.0238245
-0.0240926
-0.0277085
-0.0318815
-0.0316292
-0.0255438
-0.0184768
-0.0174103
-0.0242434
-0.0335355
-0.0379329
-0.0345900
-0.0252609
-0.0121308
0.0032867
0.0176164
0.0261425
0.0284774
0.0319860
0.0462751
0.0729241
0.1015143
0.1173936
0.1145907
0.1012224
0.0914480
0.0919061
0.0967247
0.0955177
0.0843330
0.0679362
0.0533932
0.0435083
0.0356533
0.0248407
0.0078187
-0.0142449
-0.0362861
-0.0528428
-0.0614436
-0.0631909
-0.0611067
-0.0582956
-0.0568824
-0.0578776
-0.0615573
-0.0669181
-0.0701586
-0.0657169
-0.0518448
-0.0344972
-0.0209379
-0.0063945
0.0298673
0.1080390
0.2212061
0.3237398
0.3511208
0.2618722
0.0706699
-0.1554161
-0.3367982
-0.4263805
-0.4266158
-0.3726950
-0.3029323
-0.2399530
-0.1899929
-0.1523698
-0.1271085
-0.1145075
-0.1105062
-0.1067173
-0.0973329
-0.0846672
-0.0757789
-0.0741141
-0.0762381
-0.0766915
-0.0743925
-0.0732372
-0.0764091
-0.0808169
-0.0789441
-0.0677384
-0.0542771
-0.0493578
-0.0549471
-0.0609003
-0.0557247
-0.0387475
-0.0201711
-0.0105559
-0.0116796
-0.0166096
-0.0169647
-0.0098217
0.0018505
0.0143499
0.0268686
0.0393666
0.0495495
0.0551127
0.0581922
0.0643810
0.0766945
0.0924024
0.1062184
0.1152680
0.1209173
0.1268920
0.1354452
0.1446718
0.1504410
0.1517288
0.1525494
0.1572575
0.1652380
0.1715953
0.1718683
0.1650510
0.1537151
0.1425037
0.1346864
0.1285296
0.1184843
0.1013889
0.0802881
0.0612395
0.0478316
0.0394114
0.0326759
0.0240600
0.0123169
-0.0004013
-0.0111873
-0.0197416
-0.0272072
-0.0326015
-0.0336280
-0.0309495
-0.0284057
-0.0285654
-0.0307712
-0.0336576
-0.0367095
-0.0389986
-0.0388604
-0.0352286
-0.0279899
-0.0181587
-0.0093273
-0.0065785
-0.0109117
-0.0165952
-0.0172364
-0.0128737
-0.0082891
-0.0065500
-0.0074069
-0.0097268
-0.0118938
-0.0115758
-0.0082039
-0.0041077
-0.0012047
0.0009492
0.0023029
0.0011572
-0.0023061
-0.0053323
-0.0069289
-0.0080665
-0.0063255
0.0031970
0.0191069
0.0324622
0.0378058
0.0397770
0.0458519
0.0581249
0.0742712
0.0902927
0.1006872
0.1026535
0.1008639
0.1007196
0.0981802
0.0865264
0.0713686
0.0649832
0.0659304
0.0605842
0.0461834
0.0332942
0.0217325
-0.0032239
-0.0408077
