-0.0818574
-0.0700160
-0.0859841
-0.0825958
-0.0592278
-0.0448669
-0.0445813
-0.0386324
-0.0230521
-0.0167654
-0.0296221
-0.0493255
-0.0611939
-0.0612171
-0.0496498
-0.0289734
-0.0083455
0.0045352
0.0157427
0.0372420
0.0686165
0.0985011
0.1226027
0.1492041
0.1867903
0.2333398
0.2753554
0.2921008
0.2681300
0.2121424
0.1591531
0.1424189
0.1620212
0.1862660
0.1822657
0.1414986
0.0804759
0.0235276
-0.0164947
-0.0451505
-0.0740458
-0.1022997
-0.1161625
-0.1083811
-0.0901289
-0.0791606
-0.0822887
-0.0945866
-0.1100245
-0.1252692
-0.1345294
-0.1274484
-0.0964043
-0.0472413
-0.0006074
0.0252141
0.0393192
0.0800274
0.1770789
0.3049864
0.3798666
0.3119847
0.0701538
-0.2935034
-0.6708894
-0.9527937
-1.0771443
-1.0466980
-0.9122333
-0.7379686
-0.5724007
-0.4371985
-0.3337632
-0.2592413
-0.2173911
-0.2119186
-0.2301470
-0.2423458
-0.2257196
-0.1871528
-0.1554502
-0.1507115
-0.1658456
-0.1780074
-0.1724300
-0.1516883
-0.1249203
-0.0948459
-0.0601427
-0.0282358
-0.0163034
-0.0322887
-0.0589875
-0.0671690
-0.0463798
-0.0146969
0.0059079
0.0164779
0.0361568
0.0745597
0.1190900
0.1532082
0.1810809
0.2253309
0.2972808
0.3749378
0.4193705
0.4155664
0.3908704
0.3873386
0.4190416
0.4626440
0.4879863
0.4897827
0.4866568
0.4952046
0.5114063
0.5174393
0.5022697
0.4716677
0.4378595
0.4037185
0.3623270
0.3114519
0.2614690
0.2242463
0.1976269
0.1670986
0.1236995
0.0764152
0.0440235
0.0348703
0.0364528
0.0272744
0.0002165
-0.0278215
-0.0329137
-0.0110613
0.0143860
0.0132277
-0.0245936
-0.0808637
-0.1238692
-0.1309646
-0.1020544
-0.0565728
-0.0182917
-0.0005264
-0.0023902
-0.0152431
-0.0301445
-0.0406339
-0.0427320
-0.0353694
-0.0213520
-0.0073380
-0.0011739
-0.0061955
-0.0165419
-0.0200413
-0.0082785
0.0163377
0.0442434
0.0678844
0.0859608
0.1009904
0.1162563
0.1351622
0.1603885
0.1911516
0.2208578
0.2383873
0.2340310
0.2071880
0.1692140
0.1368071
0.1204153
0.1181949
0.1200442
0.1157280
0.0994070
0.0695104
0.0274634
-0.0221664
-0.0704890
-0.1054812
-0.1191769
-0.1172262
-0.1184064
-0.1376161
-0.1669727
-0.1793916
-0.1576846
-0.1200282
-0.1096196
-0.1519138
-0.2212348
-0.2562043
-0.2161508
-0.1237541
-0.0460328
-0.0275923
-0.0435796
-0.0232932
0.0765522
0.2196506
0.3068590
0.2444379
0.0062454
-0.3524496
-0.7278440
-1.0162258
-1.1507761
-1.1185757
-0.9601117
-0.7506156
-0.5645682
-0.4400551
-0.3686901
-0.3192695
-0.2725877
-0.2351791
-0.2226700
-0.2341644
-0.2464508
-0.2348548
-0.1985287
-0.1616213
-0.1470506
-0.1510042
-0.1471804
-0.1166140
-0.0698465
-0.0373622
-0.0395431
-0.0678382
-0.0944110
-0.0976343
-0.0773461
-0.0477447
-0.0197774
0.0071101
0.0385554
0.0761279
0.1164632
0.1559056
0.1924682
0.2248076
0.2533898
0.2833565
0.3228165
0.3750005
0.4316769
0.4762417
0.4961933
0.4946182
0.4885379
0.4927176
0.5033534
0.4997981
0.4657059
0.4091015
0.3590226
0.3392099
0.3439941
0.3419174
0.3060989
0.2417424
0.1812763
0.1507526
0.1435029
0.1298518
0.0904144
0.0342016
-0.0164637
-0.0516325
-0.0781674
-0.1018370
-0.1148337
-0.1070324
-0.0855457
-0.0736237
-0.0856582
-0.1084347
-0.1150803
-0.0976646
-0.0777289
-0.0790213
-0.0950363
-0.0934203
-0.0552254
-0.0031275
0.0167980
-0.0174481
-0.0779689
-0.1113101
-0.0886700
-0.0314417
0.0116745
0.0103736
-0.0237761
-0.0537518
-0.0511978
-0.0154856
0.0333058
0.0740571
0.0985373
0.1120227
0.1249525
0.1444400
0.1711438
0.2007064
0.2262123
0.2404642
0.2389975
0.2229502
0.1990185
0.1757962
0.1590708
0.1489701
0.1401973
0.1252332
0.0987534
0.0601384
0.0126808
-0.0382496
-0.0857029
-0.1217153
-0.1404817
-0.1425207
-0.1350761
-0.1271577
-0.1235821
-0.1240484
-0.1282181
-0.1401021
-0.1634031
-0.1896387
-0.1945156
-0.1553422
-0.0778527
-0.0008787
0.0369026
0.0409002
0.0659043
0.1652399
0.3253656
0.4511614
0.4247887
0.1915659
-0.1994493
-0.6283013
-0.9730214
-1.1583866
-1.1654762
-1.0220613
-0.7919069
-0.5571379
-0.3860838
-0.3026590
-0.2838609
-0.2881706
-0.2869214
-0.2716917
-0.2417518
-0.1968071
-0.1455122
-0.1113189
-0.1160681
-0.1533457
-0.1855199
-0.1761417
-0.1264605
-0.0755706
-0.0624189
-0.0893445
-0.1234473
-0.1306079
-0.1052458
-0.0683427
-0.0414841
-0.0266414
-0.0102120
0.0180732
0.0541968
0.0871183
0.1135652
0.1433380
0.1897748
0.2551530
0.3255582
0.3812188
0.4134809
0.4316220
0.4517074
0.4790722
0.5041191
0.5161943
0.5185300
0.5252089
0.5424293
0.5562442
0.5433868
0.4956937
0.4311638
0.3774824
0.3448388
0.3185546
0.2800174
0.2308810
0.1910510
0.1724173
0.1602964
0.1267973
0.0632672
-0.0047887
-0.0397495
-0.0299767
-0.0035154
-0.0012372
-0.0367051
-0.0847523
-0.1094018
-0.0994664
-0.0745565
-0.0594598
-0.0586479
-0.0580030
-0.0471687
-0.0335959
-0.0320926
-0.0442405
-0.0540829
-0.0463232
-0.0254705
-0.0126826
-0.0233574
-0.0506088
-0.0719363
-0.0702067
-0.0467521
-0.0159933
0.0093630
0.0271188
0.0426294
0.0606680
0.0811603
0.1009151
0.1172408
0.1302156
0.1438399
0.1655773
0.2015312
0.2481356
0.2884487
0.3005704
0.2742263
0.2212897
0.1694841
0.1430927
0.1461024
0.1612687
0.1650016
0.1447722
0.1048987
0.0585432
0.0160435
-0.0197540
-0.0499896
-0.0747664
-0.0923847
-0.1024544
-0.1081716
-0.1142595
-0.1223904
-0.1296594
-0.1326524
-0.1323314
-0.1327969
-0.1341908
-0.1282799
-0.1038177
-0.0582820
-0.0041203
0.0396650
0.0666821
0.0957108
0.1588730
0.2662178
0.3733371
0.3868354
0.2183016
-0.1446727
-0.6058530
-1.0007182
-1.1891139
-1.1346409
-0.9132483
-0.6509758
-0.4456181
-0.3292436
-0.2826494
-0.2702428
-0.2628201
-0.2432821
-0.2077246
-0.1666774
-0.1389613
-0.1357914
-0.1486744
-0.1563220
-0.1457633
-0.1246128
-0.1102678
-0.1091598
-0.1108330
-0.1024503
-0.0842705
-0.0674476
-0.0589716
-0.0533117
-0.0395851
-0.0136681
0.0189133
0.0500723
0.0759318
0.0969749
0.1157711
0.1377667
0.1720339
0.2253277
0.2922887
0.3543427
0.3932402
0.4075763
0.4146197
0.4346557
0.4734606
0.5192139
0.5542068
0.5683065
0.5630056
0.5462597
0.5255324
0.5041611
0.4807048
0.4501356
0.4081203
0.3577386
0.3118096
0.2839847
0.2733889
0.2590444
0.2148997
0.1355427
0.0480394
-0.0054060
-0.0024318
0.0375783
0.0667958
0.0483834
-0.0124481
-0.0741285
-0.0957753
-0.0713308
-0.0307918
-0.0105772
-0.0225820
-0.0490432
-0.0634117
-0.0540333
-0.0294231
-0.0057973
0.0061459
0.0037547
-0.0109117
-0.0311464
-0.0443187
-0.0382131
-0.0137722
0.0107392
0.0143453
-0.0050268
-0.0262223
-0.0260295
-0.0044218
0.0155512
0.0155379
0.0062493
0.0183785
0.0678817
0.1347115
0.1804835
0.1866824
0.1719630
0.1708676
0.1982932
0.2371382
0.2591170
0.2537048
0.2350137
0.2229692
0.2219018
0.2188426
0.2003178
0.1679299
0.1371128
0.1217313
0.1199676
0.1144857
0.0868779
0.0339211
-0.0288892
-0.0798888
-0.1080332
-0.1181915
-0.1215734
-0.1232577
-0.1201822
-0.1098057
-0.0977727
-0.0952069
-0.1085270
-0.1322430
-0.1508342
-0.1470264
-0.1110832
-0.0481670
0.0200103
0.0659265
0.0788747
0.0809736
0.1119372
0.1834152
0.2424334
0.1896961
-0.0469036
-0.4409501
-0.8643262
-1.1619989
-1.2456631
-1.1330331
-0.9123506
-0.6758335
-0.4790102
-0.3420201
-0.2665886
-0.2420436
-0.2432402
-0.2388567
-0.2121880
-0.1740026
-0.1503850
-0.1554609
-0.1770009
-0.1895960
-0.1800316
-0.1572831
-0.1386950
-0.1307630
-0.1260443
-0.1160180
-0.1016479
-0.0896168
-0.0815654
-0.0710189
-0.0511261
-0.0225705
0.0080438
0.0362264
0.0631789
0.0907326
0.1154987
0.1316130
0.1401405
0.1534135
0.1870652
0.2462390
0.3194042
0.3859692
0.4307587
0.4525662
0.4602765
0.4619866
0.4586972
0.4482742
0.4334682
0.4230914
0.4237559
0.4312953
0.4321358
0.4140056
0.3751818
0.3234652
0.2675512
0.2111698
0.1556978
0.1058243
0.0690700
0.0484415
0.0373945
0.0244475
0.0031608
-0.0234184
-0.0481562
-0.0680715
-0.0858387
-0.1033682
-0.1156714
-0.1134578
-0.0935477
-0.0665088
-0.0515401
-0.0607763
-0.0874060
-0.1105176
-0.1137758
-0.1001728
-0.0875074
-0.0883787
-0.0954895
-0.0889042
-0.0587306
-0.0187989
0.0045041
-0.0029976
-0.0310920
-0.0571877
-0.0675060
-0.0649017
-0.0588822
-0.0532701
-0.0455873
-0.0347617
-0.0239680
-0.0146178
-0.0015519
0.0214880
0.0520145
0.0785819
0.0928562
0.0998544
0.1129995
0.1392698
0.1722280
0.2004895
0.2194900
0.2310691
0.2328740
0.2148833
0.1721528
0.1196561
0.0867581
0.0901252
0.1125024
0.1144970
0.0720607
0.0012229
-0.0577752
-0.0810887
-0.0830119
-0.0960732
-0.1329411
-0.1726738
-0.1848215
-0.1623675
-0.1273339
-0.1068022
-0.1094505
-0.1259289
-0.1439389
-0.1549946
-0.1497149
-0.1192179
-0.0689791
-0.0244216
-0.0086575
-0.0100189
0.0168381
0.1008868
0.2004244
0.2095972
0.0368782
-0.3103227
-0.7154216
-1.0288624
-1.1622917
-1.1231427
-0.9773182
-0.7919315
-0.6098416
-0.4581119
-0.3575860
-0.3144871
-0.3093056
-0.3064581
-0.2820696
-0.2419457
-0.2098996
-0.1991480
-0.1982282
-0.1860876
-0.1581283
-0.1331752
-0.1330601
-0.1571040
-0.1797990
-0.1751403
-0.1421119
-0.1041433
-0.0833700
-0.0779620
-0.0669580
-0.0359327
0.0061926
0.0376950
0.0488578
0.0527856
0.0713630
0.1134094
0.1684490
0.2196959
0.2592610
0.2902848
0.3187687
0.3480139
0.3802178
0.4178445
0.4594447
0.4960689
0.5165554
0.5180881
0.5092428
0.5004195
0.4921937
0.4753901
0.4428581
0.3988997
0.3551008
0.3174119
0.2795296
0.2302300
0.1664370
0.0978536
0.0388893
-0.0028992
-0.0303239
-0.0501492
-0.0649061
-0.0717229
-0.0688503
-0.0621229
-0.0630416
-0.0786929
-0.1033854
-0.1219047
-0.1228987
-0.1095675
-0.0965816
-0.0960525
-0.1065758
-0.1157617
-0.1125858
-0.0968269
-0.0777374
-0.0657706
-0.0660785
-0.0772297
-0.0926005
-0.1028153
-0.1007282
-0.0876747
-0.0743289
-0.0721736
-0.0825106
-0.0949888
-0.0977609
-0.0875767
-0.0685350
-0.0431786
-0.0096069
0.0306773
0.0660404
0.0820333
0.0774341
0.0692709
0.0775164
0.1049027
0.1350863
0.1514832
0.1545071
0.1574120
0.1673871
0.1759423
0.1699623
0.1487451
0.1252181
0.1093671
0.0940093
0.0608259
0.0011162
-0.0712299
-0.1285775
-0.1513297
-0.1421542
-0.1219153
-0.1137806
-0.1289214
-0.1618400
-0.1955773
-0.2130551
-0.2086343
-0.1922096
-0.1809823
-0.1838147
-0.1922451
-0.1887753
-0.1659986
-0.1359822
-0.1163687
-0.1049744
-0.0720813
0.0132074
0.1406185
0.2405334
0.2152648
0.0038759
-0.3665583
-0.7836085
-1.1069178
-1.2414862
-1.1791260
-0.9867541
-0.7578749
-0.5635177
-0.4305175
-0.3506303
-0.3040120
-0.2770181
-0.2649388
-0.2642648
-0.2659276
-0.2572902
-0.2310766
-0.1923318
-0.1559180
-0.1358674
-0.1358390
-0.1485743
-0.1626885
-0.1684558
-0.1585771
-0.1287874
-0.0830011
-0.0373824
-0.0127316
-0.0162168
-0.0301307
-0.0238468
0.0184396
0.0819932
0.1362424
0.1657221
0.1838032
0.2142012
0.2619755
0.3078111
0.3317838
0.3380147
0.3510308
0.3883766
0.4413675
0.4851797
0.5051982
0.5095419
0.5158678
0.5300647
0.5408968
0.5336478
0.5047415
0.4619206
0.4137740
0.3630478
0.3097505
0.2568075
0.2099589
0.1730048
0.1450191
0.1219064
0.0989517
0.0720145
0.0392257
0.0042320
-0.0232410
-0.0341206
-0.0301626
-0.0261269
-0.0379904
-0.0667834
-0.0952425
-0.1027340
-0.0843039
-0.0547696
-0.0347351
-0.0340105
-0.0482183
-0.0677154
-0.0853007
-0.0949334
-0.0884740
-0.0607040
-0.0195393
0.0134951
0.0194229
0.0004527
-0.0205486
-0.0222876
-0.0059689
0.0087575
0.0087283
0.0042624
0.0178349
0.0571520
0.1043539
0.1346245
0.1427780
0.1469466
0.1659915
0.1983912
0.2271602
0.2423461
0.2513900
0.2645439
0.2756766
0.2657318
0.2274250
0.1809613
0.1581408
0.1687735
0.1861239
0.1697145
0.1040782
0.0147793
-0.0536937
-0.0757986
-0.0631315
-0.0493638
-0.0597213
-0.0931405
-0.1290146
-0.1474909
-0.1441431
-0.1297990
-0.1204788
-0.1270472
-0.1493330
-0.1751492
-0.1856682
-0.1683187
-0.1304458
-0.0990469
-0.0990053
-0.1246811
-0.1348250
-0.0857260
0.0200789
0.1150525
0.1029280
-0.0736720
-0.3879632
-0.7411925
-1.0193605
-1.1502547
-1.1261326
-0.9898059
-0.8041077
-0.6244055
-0.4830190
-0.3868605
-0.3260134
-0.2868668
-0.2608922
-0.2445177
-0.2343808
-0.2257240
-0.2156332
-0.2053673
-0.1973186
-0.1902011
-0.1792542
-0.1616552
-0.1400250
-0.1193429
-0.1015518
-0.0851448
-0.0698245
-0.0589552
-0.0553158
-0.0550165
-0.0478312
-0.0249847
0.0132994
0.0578813
0.0977141
0.1272320
0.1492023
0.1725998
0.2069100
0.2549969
0.3092759
0.3565359
0.3896381
0.4146097
0.4432586
0.4774481
0.5039241
0.5090665
0.4982967
0.4950150
0.5152764
0.5449986
0.5485090
0.5037172
0.4270401
0.3595489
0.3277661
0.3205851
0.3053798
0.2630689
0.2036179
0.1491251
0.1085250
0.0731937
0.0341017
-0.0040067
-0.0285412
-0.0352065
-0.0329452
-0.0327121
-0.0360344
-0.0377902
-0.0375945
-0.0430895
-0.0602377
-0.0836212
-0.0999051
-0.1006219
-0.0890044
-0.0738924
-0.0597996
-0.0454009
-0.0304845
-0.0206970
-0.0231812
-0.0380420
-0.0554376
-0.0617934
-0.0500742
-0.0263802
-0.0077005
-0.0104021
-0.0358685
-0.0657591
-0.0754197
-0.0568462
-0.0279674
-0.0143430
-0.0194836
-0.0175250
0.0191654
0.0856543
0.1436869
0.1591655
0.1379547
0.1200519
0.1385575
0.1885030
0.2366830
0.2563149
0.2468991
0.2237552
0.1980076
0.1717832
0.1472728
0.1310477
0.1267643
0.1283839
0.1245144
0.1077364
0.0771835
0.0349507
-0.0140066
-0.0577243
-0.0799760
-0.0742733
-0.0547276
-0.0470064
-0.0650182
-0.0986015
-0.1265139
-0.1389394
-0.1425779
-0.1439395
-0.1342700
-0.0975433
-0.0339680
0.0289834
0.0542157
0.0278650
-0.0219579
-0.0387361
0.0232288
0.1591335
0.3010313
0.3457600
0.2123358
-0.1046315
-0.5214576
-0.9035966
-1.1323197
-1.1586029
-1.0151512
-0.7868821
-0.5631048
-0.3989202
-0.3028648
-0.2515014
-0.2167678
-0.1857738
-0.1610303
-0.1469481
-0.1397180
-0.1307768
-0.1170230
-0.1037962
-0.0971246
-0.0956582
-0.0922783
-0.0822630
-0.0670426
-0.0497524
-0.0301377
-0.0062965
0.0197041
0.0409900
0.0517896
0.0529570
0.0510729
0.0539041
0.0683689
