-0.0523622
-0.0484964
-0.0565405
-0.0739824
-0.0945439
-0.1095748
-0.1123153
-0.1036672
-0.0930434
-0.0909014
-0.0990140
-0.1086198
-0.1089923
-0.0978189
-0.0830003
-0.0748560
-0.0772392
-0.0857563
-0.0931704
-0.0957857
-0.0954864
-0.0970026
-0.1033406
-0.1125384
-0.1176796
-0.1104892
-0.0866501
-0.0491742
-0.0070427
0.0299114
0.0558503
0.0705238
0.0781829
0.0857605
0.1003596
0.1251120
0.1552936
0.1793125
0.1861428
0.1736082
0.1493953
0.1235771
0.1007499
0.0801357
0.0618932
0.0497028
0.0446622
0.0383512
0.0166476
-0.0263796
-0.0792682
-0.1207232
-0.1378576
-0.1366074
-0.1340993
-0.1419088
-0.1571838
-0.1682500
-0.1666465
-0.1543460
-0.1423425
-0.1431391
-0.1606014
-0.1821996
-0.1822728
-0.1406653
-0.0643748
0.0122730
0.0584627
0.0830018
0.1338145
0.2495845
0.4046832
0.5049987
0.4484346
0.2013840
-0.1738877
-0.5600448
-0.8534654
-1.0064973
-1.0247534
-0.9418111
-0.7995339
-0.6400848
-0.4995992
-0.3989130
-0.3382487
-0.3022117
-0.2717206
-0.2347170
-0.1912402
-0.1525118
-0.1337992
-0.1423877
-0.1681961
-0.1875327
-0.1811834
-0.1522022
-0.1247976
-0.1224440
-0.1453722
-0.1699764
-0.1708797
-0.1435923
-0.1064269
-0.0823285
-0.0798270
-0.0896169
-0.0960147
-0.0901773
-0.0743540
-0.0568708
-0.0442774
-0.0363950
-0.0264825
-0.0063153
0.0264683
0.0644986
0.0953453
0.1122498
0.1206919
0.1331621
0.1568450
0.1870575
0.2130380
0.2291945
0.2399067
0.2542614
0.2778427
0.3098195
0.3458427
0.3814312
0.4128256
0.4373209
0.4547506
0.4675656
0.4772602
0.4809268
0.4738422
0.4565188
0.4369590
0.4232009
0.4138455
0.3984055
0.3682247
0.3257578
0.2816147
0.2431995
0.2083416
0.1705971
0.1286665
0.0882920
0.0553826
0.0298635
0.0072869
-0.0155959
-0.0389036
-0.0618132
-0.0832843
-0.0996583
-0.1043548
-0.0933553
-0.0717535
-0.0531025
-0.0500343
-0.0640410
-0.0838680
-0.0941474
-0.0867673
-0.0657040
-0.0425334
-0.0277357
-0.0251817
-0.0330372
-0.0482658
-0.0690560
-0.0923247
-0.1099675
-0.1108541
-0.0899149
-0.0556671
-0.0261419
-0.0149568
-0.0211217
-0.0327368
-0.0394820
-0.0403005
-0.0402893
-0.0434825
-0.0503963
-0.0605548
-0.0737228
-0.0874264
-0.0958257
-0.0944417
-0.0864789
-0.0819345
-0.0882882
-0.1024883
-0.1135566
-0.1132517
-0.1035115
-0.0936719
-0.0912544
-0.0954365
-0.0987340
-0.0949302
-0.0858422
-0.0801416
-0.0848481
-0.0982836
-0.1126362
-0.1234346
-0.1340909
-0.1486534
-0.1611223
-0.1566859
-0.1275616
-0.0861868
-0.0568199
-0.0503514
-0.0503948
-0.0300386
0.0168010
0.0656741
0.0869207
0.0784662
0.0689675
0.0879976
0.1366387
0.1889306
0.2184350
0.2188229
0.2000576
0.1724418
0.1406979
0.1107332
0.0926027
0.0908460
0.0951118
0.0870580
0.0582407
0.0177212
-0.0197822
-0.0500331
-0.0800102
-0.1138630
-0.1431480
-0.1542575
-0.1441369
-0.1252569
-0.1141523
-0.1174119
-0.1304533
-0.1469724
-0.1642091
-0.1777373
-0.1765894
-0.1504647
-0.1031033
-0.0531731
-0.0150331
0.0237562
0.1011706
0.2474675
0.4439636
0.6118965
0.6483376
0.4871298
0.1419108
-0.2966437
-0.7034200
-0.9730886
-1.0586218
-0.9805077
-0.8070867
-0.6174600
-0.4659336
-0.3664706
-0.3035151
-0.2573575
-0.2220969
-0.2029892
-0.2011677
-0.2059517
-0.2041573
-0.1942958
-0.1872828
-0.1918534
-0.2016818
-0.1996800
-0.1755619
-0.1379268
-0.1076669
-0.0989569
-0.1069244
-0.1139741
-0.1073450
-0.0898736
-0.0748644
-0.0726234
-0.0818997
-0.0914645
-0.0879115
-0.0640381
-0.0242216
0.0161113
0.0386891
0.0351063
0.0149463
0.0005908
0.0100623
0.0419770
0.0779679
0.1019211
0.1166013
0.1393242
0.1811333
0.2328907
0.2738989
0.2931368
0.2996960
0.3119973
0.3387261
0.3721060
0.3990511
0.4159277
0.4304231
0.4505939
0.4754774
0.4968784
0.5069265
0.5015657
0.4795346
0.4429950
0.4001867
0.3633690
0.3397672
0.3240069
0.3020544
0.2649477
0.2186146
0.1785542
0.1541501
0.1395116
0.1209475
0.0920957
0.0591537
0.0312261
0.0086005
-0.0169648
-0.0508938
-0.0866297
-0.1088922
-0.1068706
-0.0853740
-0.0632335
-0.0590594
-0.0760730
-0.0994386
-0.1088278
-0.0955657
-0.0698044
-0.0515907
-0.0532131
-0.0682242
-0.0776095
-0.0680823
-0.0453028
-0.0291886
-0.0356723
-0.0616153
-0.0860157
-0.0867979
-0.0602284
-0.0267522
-0.0157036
-0.0390470
-0.0774501
-0.0946541
-0.0703216
-0.0214022
0.0101592
-0.0054790
-0.0581048
-0.1058931
-0.1129449
-0.0798330
-0.0386788
-0.0209418
-0.0317559
-0.0527606
-0.0636901
-0.0584700
-0.0446755
-0.0339197
-0.0342833
-0.0474713
-0.0679490
-0.0840169
-0.0837626
-0.0644600
-0.0365443
-0.0149762
-0.0043242
0.0061198
0.0301033
0.0681351
0.1061036
0.1306405
0.1437616
0.1605236
0.1921905
0.2321931
0.2590930
0.2545453
0.2201488
0.1777260
0.1527264
0.1556176
0.1764222
0.1941643
0.1909042
0.1598093
0.1049347
0.0373254
-0.0280465
-0.0753850
-0.0948664
-0.0909173
-0.0819213
-0.0859402
-0.1039795
-0.1198572
-0.1190566
-0.1057773
-0.0980597
-0.1065912
-0.1221950
-0.1262756
-0.1110823
-0.0856638
-0.0614624
-0.0359765
0.0067663
0.0835221
0.2053762
0.3793941
0.5985930
0.8134332
0.9174960
0.7894966
0.3831556
-0.2068584
-0.7742003
-1.1189844
-1.1660684
-0.9909563
-0.7417069
-0.5324019
-0.3945441
-0.3050770
-0.2396945
-0.1954371
-0.1761156
-0.1736069
-0.1704285
-0.1568140
-0.1398267
-0.1342605
-0.1457089
-0.1633480
-0.1691372
-0.1538261
-0.1246213
-0.0986939
-0.0895960
-0.0978788
-0.1122042
-0.1193596
-0.1150967
-0.1062023
-0.1014842
-0.1008613
-0.0943750
-0.0720708
-0.0340975
0.0085811
0.0421551
0.0589543
0.0610474
0.0573669
0.0578016
0.0686343
0.0906884
0.1188428
0.1434082
0.1560223
0.1581258
0.1630949
0.1861281
0.2293543
0.2775123
0.3107033
0.3234110
0.3309853
0.3551230
0.4008394
0.4489266
0.4744006
0.4729046
0.4656269
0.4761046
0.5046095
0.5285139
0.5267743
0.5001770
0.4663426
0.4383389
0.4126339
0.3783693
0.3336739
0.2878695
0.2486603
0.2135546
0.1772405
0.1424260
0.1164855
0.0983064
0.0760187
0.0416137
0.0035605
-0.0205185
-0.0231178
-0.0143776
-0.0091508
-0.0105907
-0.0108680
-0.0066716
-0.0070165
-0.0209063
-0.0411625
-0.0490667
-0.0375981
-0.0235214
-0.0298487
-0.0580249
-0.0839011
-0.0834530
-0.0589439
-0.0363059
-0.0374056
-0.0576926
-0.0723543
-0.0627867
-0.0344577
-0.0087824
-0.0008971
-0.0081365
-0.0180772
-0.0229844
-0.0250820
-0.0310563
-0.0442382
-0.0612903
-0.0745985
-0.0778050
-0.0701040
-0.0561240
-0.0424499
-0.0341454
-0.0325652
-0.0342033
-0.0320829
-0.0211029
-0.0040627
0.0078598
0.0023691
-0.0237217
-0.0595015
-0.0859050
-0.0900179
-0.0757055
-0.0590915
-0.0524495
-0.0538151
-0.0529631
-0.0443607
-0.0308042
-0.0158677
0.0022327
0.0270787
0.0571834
0.0866527
0.1134086
0.1433947
0.1824193
0.2236161
0.2478271
0.2409999
0.2102813
0.1790095
0.1653785
0.1687490
0.1763104
0.1779804
0.1719185
0.1593029
0.1395255
0.1117841
0.0782413
0.0427320
0.0066417
-0.0314004
-0.0701145
-0.1016941
-0.1171962
-0.1170731
-0.1134852
-0.1194623
-0.1366508
-0.1552175
-0.1640755
-0.1587270
-0.1404301
-0.1117451
-0.0749762
-0.0337465
0.0066999
0.0444314
0.0894865
0.1665887
0.3007498
0.4879128
0.6720092
0.7541111
0.6398689
0.3012987
-0.1889309
-0.6814012
-1.0238783
-1.1377009
-1.0455375
-0.8386612
-0.6168553
-0.4440376
-0.3379108
-0.2843812
-0.2586384
-0.2405994
-0.2210360
-0.2002280
-0.1825787
-0.1705505
-0.1620062
-0.1537096
-0.1469765
-0.1467260
-0.1529405
-0.1561894
-0.1464007
-0.1261168
-0.1107448
-0.1129089
-0.1277678
-0.1362425
-0.1239734
-0.0968713
-0.0764629
-0.0782271
-0.0948890
-0.1030689
-0.0865593
-0.0509453
-0.0152010
0.0077161
0.0200327
0.0321578
0.0506468
0.0732067
0.0928967
0.1055415
0.1131749
0.1213117
0.1343068
0.1537245
0.1791321
0.2082267
0.2372556
0.2641573
0.2913369
0.3229348
0.3589862
0.3943291
0.4237264
0.4462468
0.4640766
0.4785860
0.4882330
0.4893818
0.4789686
0.4572858
0.4284238
0.3976393
0.3684221
0.3417400
0.3163834
0.2891247
0.2560456
0.2153007
0.1684963
0.1197499
0.0750710
0.0419465
0.0251868
0.0205325
0.0152125
-0.0010630
-0.0255603
-0.0452319
-0.0505711
-0.0459399
-0.0458618
-0.0609751
-0.0870420
-0.1078278
-0.1096318
-0.0933272
-0.0725077
-0.0615238
-0.0660580
-0.0821374
-0.1000834
-0.1099310
-0.1073737
-0.0964687
-0.0850248
-0.0768327
-0.0700962
-0.0635542
-0.0614967
-0.0706493
-0.0920556
-0.1165366
-0.1291016
-0.1199976
-0.0931674
-0.0635654
-0.0455063
-0.0437107
-0.0540246
-0.0688375
-0.0804793
-0.0836264
-0.0789969
-0.0739664
-0.0760810
-0.0851254
-0.0930327
-0.0920807
-0.0827347
-0.0734752
-0.0727330
-0.0803564
-0.0875696
-0.0865786
-0.0794759
-0.0758083
-0.0820528
-0.0958027
-0.1094805
-0.1162574
-0.1119370
-0.0948576
-0.0666728
-0.0324615
0.0009641
0.0269984
0.0414604
0.0462818
0.0515886
0.0709064
0.1106910
0.1628110
0.2074340
0.2259142
0.2151112
0.1906255
0.1731165
0.1691306
0.1672035
0.1541806
0.1317019
0.1124772
0.1022377
0.0908414
0.0631465
0.0162583
-0.0362344
-0.0770777
-0.1010991
-0.1169109
-0.1334898
-0.1487134
-0.1543262
-0.1495258
-0.1436596
-0.1448578
-0.1514893
-0.1572636
-0.1597758
-0.1590853
-0.1502191
-0.1235376
-0.0756594
-0.0173478
0.0355489
0.0837475
0.1546369
0.2796504
0.4498157
0.5918649
0.5980298
0.3950009
0.0002396
-0.4765959
-0.8875729
-1.1200935
-1.1451898
-1.0144327
-0.8155949
-0.6242093
-0.4811471
-0.3954018
-0.3537168
-0.3291613
-0.2945047
-0.2404727
-0.1846983
-0.1581186
-0.1754260
-0.2159146
-0.2375479
-0.2158096
-0.1684021
-0.1366120
-0.1416535
-0.1643544
-0.1693900
-0.1440456
-0.1090811
-0.0948683
-0.1117186
-0.1427202
-0.1611352
-0.1527330
-0.1231463
-0.0878036
-0.0585839
-0.0395842
-0.0297179
-0.0244621
-0.0175090
-0.0061064
0.0052784
0.0106975
0.0125195
0.0218826
0.0479184
0.0882861
0.1312061
0.1660935
0.1923676
0.2182951
0.2505330
0.2853145
0.3124965
0.3284292
0.3407936
0.3587295
0.3820462
0.4036703
0.4200003
0.4343674
0.4506271
0.4666382
0.4752988
0.4713183
0.4563574
0.4365391
0.4144613
0.3860769
0.3480002
0.3052226
0.2664388
0.2324479
0.1952361
0.1503176
0.1048291
0.0695816
0.0454345
0.0211380
-0.0147968
-0.0607977
-0.1010760
-0.1187119
-0.1106667
-0.0892219
-0.0695267
-0.0594207
-0.0615902
-0.0781841
-0.1064390
-0.1330187
-0.1413362
-0.1273536
-0.1047096
-0.0920345
-0.0960436
-0.1072363
-0.1111822
-0.1036784
-0.0942223
-0.0936175
-0.0999078
-0.1002200
-0.0863243
-0.0642734
-0.0480323
-0.0476267
-0.0638776
-0.0888232
-0.1082625
-0.1091023
-0.0902186
-0.0657172
-0.0540508
-0.0624157
-0.0813037
-0.0936535
-0.0903294
-0.0783855
-0.0735165
-0.0831452
-0.0986324
-0.1056673
-0.0993480
-0.0863078
-0.0758469
-0.0738877
-0.0824324
-0.0976598
-0.1084801
-0.1037851
-0.0846768
-0.0669614
-0.0686293
-0.0938248
-0.1279381
-0.1481502
-0.1410322
-0.1116717
-0.0754231
-0.0423055
-0.0128255
0.0128243
0.0295829
0.0355682
0.0403015
0.0593390
0.1010489
0.1594779
0.2170650
0.2530777
0.2544266
0.2240163
0.1797609
0.1441006
0.1317399
0.1414538
0.1543795
0.1435625
0.0946392
0.0212280
-0.0440683
-0.0775256
-0.0830060
-0.0837405
-0.0981639
-0.1240252
-0.1443322
-0.1480789
-0.1436254
-0.1481742
-0.1648313
-0.1777009
-0.1732412
-0.1580109
-0.1464584
-0.1366726
-0.1111878
-0.0635240
-0.0118041
0.0249261
0.0622460
0.1495297
0.3182267
0.5236254
0.6461011
0.5679890
0.2634518
-0.1799572
-0.6207258
-0.9414313
-1.0864851
-1.0592025
-0.9071360
-0.7046399
-0.5247785
-0.4072802
-0.3455414
-0.3051014
-0.2591595
-0.2105743
-0.1808947
-0.1799729
-0.1919559
-0.1937422
-0.1805585
-0.1661251
-0.1615474
-0.1629063
-0.1590034
-0.1434432
-0.1177898
-0.0889663
-0.0659818
-0.0556994
-0.0594258
-0.0732882
-0.0900766
-0.1004933
-0.0973750
-0.0820227
-0.0631065
-0.0465781
-0.0302524
-0.0107114
0.0094148
0.0252038
0.0369261
0.0498934
0.0689927
0.0951711
0.1243096
0.1486727
0.1637736
0.1750598
0.1933898
0.2228500
0.2575440
0.2907042
0.3211726
0.3496925
0.3748040
0.3952729
0.4130780
0.4322736
0.4564395
0.4854602
0.5118001
0.5235579
0.5168761
0.5025388
0.4935602
0.4878157
0.4696201
0.4281292
0.3689790
0.3084479
0.2604715
0.2280544
0.2031588
0.1754913
0.1430611
0.1117645
0.0846686
0.0581236
0.0305499
0.0071620
-0.0088442
-0.0227456
-0.0397021
-0.0551088
-0.0601649
-0.0540772
-0.0456747
-0.0443931
-0.0518414
-0.0603326
-0.0599226
-0.0503572
-0.0442741
-0.0528602
-0.0702989
-0.0799898
-0.0749056
-0.0632188
-0.0542853
-0.0485591
-0.0427990
-0.0367364
-0.0318926
-0.0298198
-0.0332042
-0.0439366
-0.0590736
-0.0712800
-0.0719358
-0.0533720
-0.0155913
0.0241984
0.0375298
0.0107212
-0.0381177
-0.0758048
-0.0852157
-0.0747919
-0.0627693
-0.0595780
-0.0625424
-0.0615412
-0.0511980
-0.0392066
-0.0381373
-0.0487150
-0.0592415
-0.0629812
-0.0659768
-0.0739292
-0.0813780
-0.0796198
-0.0679095
-0.0522257
-0.0389095
-0.0315312
-0.0272413
-0.0154937
0.0117760
0.0482190
0.0790082
0.0982488
0.1129805
0.1321027
0.1598575
0.1967437
0.2362144
0.2630511
0.2660514
0.2511269
0.2330618
0.2175065
0.2002017
0.1798252
0.1612977
0.1484600
0.1403601
0.1307337
0.1067055
0.0570296
-0.0109378
-0.0714776
-0.1056465
-0.1177198
-0.1208321
-0.1186296
-0.1101768
-0.1012494
-0.0992153
-0.1037793
-0.1102388
-0.1147673
-0.1121521
-0.0969153
-0.0694407
-0.0325720
0.0161403
0.0775388
0.1430342
0.2137825
0.3220500
0.5005403
0.7150356
0.8459150
0.7582996
0.4022942
-0.1378933
-0.6778507
-1.0319958
-1.1190130
-0.9932655
-0.7765879
-0.5657706
-0.4025888
-0.2969407
-0.2416470
-0.2127840
-0.1868980
-0.1616933
-0.1467363
-0.1425133
-0.1432928
-0.1480515
-0.1527047
-0.1455698
-0.1254399
-0.1077650
-0.0995330
-0.0883586
-0.0693820
-0.0577833
-0.0596317
-0.0580944
-0.0452508
-0.0385008
-0.0478351
-0.0559117
-0.0466288
-0.0240076
0.0082679
0.0511478
0.0856502
0.0856209
0.0641286
0.0621001
0.0843110
0.0981694
0.0999258
0.1202935
0.1588691
0.1835847
0.2022435
0.2539120
0.3208094
0.3440227
0.3404903
0.3878720
0.4597751
0.4098796
0.1912003
