0.0747868
0.0902666
0.0540800
0.0555882
0.1051861
0.1441323
0.1518081
0.1614191
0.1850558
0.1972036
0.1908382
0.1893864
0.1995879
0.2007467
0.1839353
0.1622470
0.1413143
0.1142001
0.0847354
0.0651227
0.0519879
0.0315424
0.0050350
-0.0148576
-0.0275143
-0.0417558
-0.0561116
-0.0628207
-0.0651213
-0.0712739
-0.0779044
-0.0765698
-0.0699355
-0.0659725
-0.0635014
-0.0572323
-0.0490929
-0.0421990
-0.0322378
-0.0163428
-0.0021128
0.0021595
-0.0019461
-0.0095108
-0.0194208
-0.0283855
-0.0291806
-0.0222897
-0.0187507
-0.0245408
-0.0320544
-0.0330477
-0.0303024
-0.0308136
-0.0360459
-0.0434237
-0.0498526
-0.0511955
-0.0458453
-0.0399307
-0.0413419
-0.0488066
-0.0545251
-0.0554811
-0.0530628
-0.0444536
-0.0259026
-0.0038374
0.0082343
0.0051584
-0.0053246
-0.0132986
-0.0153102
-0.0138731
-0.0149732
-0.0244150
-0.0410129
-0.0555778
-0.0610471
-0.0600955
-0.0589423
-0.0589120
-0.0586126
-0.0584384
-0.0574420
-0.0513387
-0.0393716
-0.0284145
-0.0250063
-0.0272200
-0.0282833
-0.0241944
-0.0151142
-0.0042289
0.0021706
-0.0013082
-0.0123780
-0.0227407
-0.0280836
-0.0317936
-0.0380379
-0.0464456
-0.0543525
-0.0591180
-0.0578711
-0.0502286
-0.0415650
-0.0387918
-0.0430712
-0.0508479
-0.0603207
-0.0715750
-0.0820318
-0.0878516
-0.0892910
-0.0896216
-0.0894135
-0.0861781
-0.0786377
-0.0677587
-0.0553204
-0.0447863
-0.0410343
-0.0452594
-0.0519584
-0.0541016
-0.0497004
-0.0417892
-0.0350100
-0.0334973
-0.0377674
-0.0416920
-0.0372067
-0.0246520
-0.0143165
-0.0154346
-0.0277799
-0.0459063
-0.0663548
-0.0871193
-0.1040543
-0.1122819
-0.1103426
-0.1013915
-0.0910389
-0.0834301
-0.0775566
-0.0686959
-0.0558100
-0.0450671
-0.0422724
-0.0442928
-0.0429522
-0.0358338
-0.0281716
-0.0251401
-0.0271576
-0.0319056
-0.0361018
-0.0358569
-0.0300213
-0.0221963
-0.0117884
0.0221665
0.1251029
0.3434505
0.6801850
1.0605638
1.3460000
1.4047213
1.1948479
0.7928350
0.3438303
-0.0214365
-0.2398476
-0.3165812
-0.2949864
-0.2254684
-0.1477711
-0.0864042
-0.0519566
-0.0424148
-0.0461365
-0.0499984
-0.0478407
-0.0409238
-0.0324164
-0.0249706
-0.0219735
-0.0257030
-0.0333098
-0.0385443
-0.0386852
-0.0371641
-0.0388912
-0.0451796
-0.0531012
-0.0578493
-0.0566417
-0.0526054
-0.0536847
-0.0650833
-0.0834702
-0.1005127
-0.1108248
-0.1147721
-0.1156440
-0.1165908
-0.1185494
-0.1185380
-0.1113148
-0.0950778
-0.0747711
-0.0584622
-0.0514049
-0.0536155
-0.0604563
-0.0647455
-0.0616410
-0.0536220
-0.0485182
-0.0508215
-0.0564817
-0.0573659
-0.0494984
-0.0366714
-0.0276438
-0.0293978
-0.0406484
-0.0521503
-0.0560699
-0.0549968
-0.0589809
-0.0735776
-0.0933193
-0.1069816
-0.1070407
-0.0945444
-0.0777840
-0.0666172
-0.0655759
-0.0712392
-0.0766113
-0.0774641
-0.0742160
-0.0698309
-0.0674023
-0.0677793
-0.0677629
-0.0626535
-0.0525972
-0.0443911
-0.0445353
-0.0518273
-0.0588956
-0.0599631
-0.0555466
-0.0507473
-0.0502922
-0.0540873
-0.0566833
-0.0525220
-0.0426271
-0.0348614
-0.0369272
-0.0499120
-0.0679797
-0.0823366
-0.0863024
-0.0799463
-0.0706608
-0.0667774
-0.0696467
-0.0735086
-0.0731768
-0.0698962
-0.0694564
-0.0761900
-0.0887219
-0.1001512
-0.1030748
-0.0963897
-0.0868214
-0.0820908
-0.0829574
-0.0832251
-0.0766624
-0.0626010
-0.0460188
-0.0338300
-0.0299840
-0.0324291
-0.0355315
-0.0364587
-0.0379175
-0.0436047
-0.0526100
-0.0597177
-0.0599692
-0.0520127
-0.0387721
-0.0262754
-0.0203234
-0.0224537
-0.0293002
-0.0362439
-0.0412496
-0.0459123
-0.0543338
-0.0700190
-0.0910582
-0.1085024
-0.1129803
-0.1046589
-0.0947854
-0.0954865
-0.1079759
-0.1207673
-0.1193803
-0.0993159
-0.0710524
-0.0511141
-0.0463338
-0.0479783
-0.0433495
-0.0315093
-0.0238923
-0.0293607
-0.0425858
-0.0498504
-0.0443175
-0.0298413
-0.0035763
0.0659738
0.2336981
0.5329328
0.9220915
1.2764791
1.4468617
1.3467813
1.0041112
0.5427678
0.1135387
-0.1774259
-0.3023495
-0.2989282
-0.2313684
-0.1546104
-0.0978863
-0.0662260
-0.0514831
-0.0449925
-0.0445724
-0.0521258
-0.0668599
-0.0832186
-0.0952783
-0.1010204
-0.1018277
-0.0993264
-0.0931953
-0.0813011
-0.0623983
-0.0396414
-0.0202878
-0.0099105
-0.0071917
-0.0060128
-0.0022737
0.0029153
0.0062575
0.0064490
0.0049928
0.0041437
0.0047552
0.0060659
0.0073685
0.0089106
0.0100709
0.0079461
0.0006393
-0.0081945
-0.0119306
-0.0099273
-0.0106742
-0.0225555
-0.0426075
-0.0577515
-0.0579767
-0.0467184
-0.0370790
-0.0379600
-0.0447207
-0.0443958
-0.0299440
-0.0076559
0.0102348
0.0180665
0.0200524
0.0235625
0.0329930
0.0495647
0.0724482
0.0977600
0.1187701
0.1298878
0.1306878
0.1252656
0.1175615
0.1075258
0.0921604
0.0706798
0.0479460
0.0310503
0.0221472
0.0164919
0.0083808
-0.0028370
-0.0138083
-0.0221270
-0.0281743
-0.0333654
-0.0389693
-0.0463990
-0.0566602
-0.0687533
-0.0792219
-0.0839167
-0.0809900
-0.0729843
-0.0655693
-0.0629160
-0.0641541
-0.0651555
-0.0632938
-0.0592174
-0.0548148
-0.0517010
-0.0515360
-0.0551017
-0.0599419
-0.0608862
-0.0548024
-0.0445493
-0.0372087
-0.0379026
-0.0450276
-0.0517112
-0.0528400
-0.0507008
-0.0520900
-0.0592529
-0.0659377
-0.0643707
-0.0543876
-0.0428474
-0.0349031
-0.0294441
-0.0241361
-0.0216550
-0.0272476
-0.0401178
-0.0507439
-0.0493697
-0.0338242
-0.0004059
0.0768845
0.2475357
0.5442289
0.9268363
1.2700062
1.4240286
1.3087597
0.9646614
0.5222822
0.1216876
-0.1530527
-0.2866791
-0.3064824
-0.2535170
-0.1694808
-0.0905690
-0.0379662
-0.0116959
0.0013695
0.0112408
0.0175275
0.0164768
0.0099407
0.0045067
0.0039625
0.0057457
0.0049453
-0.0000763
-0.0069757
-0.0132412
-0.0186275
-0.0228767
-0.0229779
-0.0158981
-0.0044177
0.0028887
-0.0002103
-0.0108495
-0.0204915
-0.0244043
-0.0258320
-0.0307704
-0.0401554
-0.0480525
-0.0473716
-0.0370151
-0.0230417
-0.0127779
-0.0086149
-0.0079338
-0.0072969
-0.0045714
0.0019379
0.0129762
0.0260294
0.0362986
0.0421690
0.0484822
0.0620696
0.0836231
0.1051306
0.1163890
0.1144272
0.1063107
0.1023232
0.1067787
0.1162330
0.1256514
0.1335102
0.1399776
0.1431469
0.1402552
0.1317590
0.1212084
0.1105350
0.0974321
0.0784610
0.0538975
0.0286211
0.0081604
-0.0060543
-0.0175169
-0.0307198
-0.0466621
-0.0624333
-0.0743906
-0.0806923
-0.0815338
-0.0790612
-0.0773992
-0.0805904
-0.0887991
-0.0970520
-0.0987882
-0.0910246
-0.0766253
-0.0623380
-0.0540604
-0.0522486
-0.0512893
-0.0444333
-0.0302725
-0.0143195
-0.0042500
-0.0038593
-0.0111611
-0.0213518
-0.0312188
-0.0407776
-0.0507243
-0.0592465
-0.0632961
-0.0635330
-0.0656065
-0.0740501
-0.0857971
-0.0926689
-0.0911007
-0.0871800
-0.0898412
-0.0995058
-0.1061142
-0.1005266
-0.0867240
-0.0788419
-0.0843337
-0.0937705
-0.0920724
-0.0780027
-0.0653260
-0.0627406
-0.0610097
-0.0482453
-0.0324247
-0.0312274
-0.0281271
0.0512592
0.2917626
0.6940138
1.1249216
1.3812522
1.3273843
0.9892049
0.5244435
0.1067186
-0.1694381
-0.2983892
-0.3163983
-0.2632279
-0.1772581
-0.0991915
-0.0598004
-0.0621808
-0.0839656
-0.1012193
-0.1081648
-0.1128573
-0.1194332
-0.1217102
-0.1138476
-0.1001074
-0.0896212
-0.0847470
-0.0796098
-0.0697798
-0.0591754
-0.0555560
-0.0611106
-0.0694108
-0.0713116
-0.0628217
-0.0474278
-0.0321695
-0.0225493
-0.0204706
-0.0246740
-0.0315803
-0.0368620
-0.0383918
-0.0379482
-0.0388431
-0.0418968
-0.0449632
-0.0462454
-0.0463237
-0.0463998
-0.0462705
-0.0455282
-0.0460068
-0.0510742
-0.0614155
-0.0721650
-0.0760515
-0.0707243
-0.0621103
-0.0582858
-0.0595361
-0.0566980
-0.0410476
-0.0144857
0.0121604
0.0303756
0.0413475
0.0519801
0.0657203
0.0789437
0.0856725
0.0838910
0.0762079
0.0654493
0.0520066
0.0364573
0.0226127
0.0148824
0.0123258
0.0077798
-0.0054125
-0.0264069
-0.0473421
-0.0603432
-0.0638356
-0.0629446
-0.0645324
-0.0713988
-0.0804249
-0.0859424
-0.0848650
-0.0789340
-0.0730133
-0.0718627
-0.0775445
-0.0880864
-0.0980794
-0.1017639
-0.0970646
-0.0873830
-0.0792241
-0.0768552
-0.0779761
-0.0749052
-0.0618344
-0.0417504
-0.0248109
-0.0185179
-0.0202592
-0.0209269
-0.0154424
-0.0081593
-0.0076563
-0.0174665
-0.0327742
-0.0456568
-0.0523379
-0.0547088
-0.0557655
-0.0558370
-0.0545558
-0.0548453
-0.0618648
-0.0770451
-0.0949768
-0.1079356
-0.1132420
-0.1151621
-0.1194136
-0.1263458
-0.1300765
-0.1247546
-0.1115868
-0.0988012
-0.0938641
-0.0959706
-0.0967810
-0.0883237
-0.0698616
-0.0479278
-0.0309476
-0.0235792
-0.0245707
-0.0287801
-0.0312544
-0.0302101
-0.0273310
-0.0262326
-0.0303332
-0.0405790
-0.0542320
-0.0667275
-0.0759458
-0.0844478
-0.0964191
-0.1120219
-0.1252447
-0.1279552
-0.1167208
-0.0962463
-0.0761757
-0.0639904
-0.0604122
-0.0609385
-0.0607087
-0.0576218
-0.0525824
-0.0489817
-0.0514896
-0.0624527
-0.0778837
-0.0885846
-0.0875911
-0.0769073
-0.0658225
-0.0620475
-0.0649310
-0.0676056
-0.0650436
-0.0590904
-0.0560274
-0.0606926
-0.0722058
-0.0797506
-0.0559019
0.0441575
0.2625295
0.5988812
0.9809412
1.2805491
1.3770247
1.2259768
0.8827086
0.4657119
0.0924521
-0.1662111
-0.2927963
-0.3058975
-0.2428741
-0.1496542
-0.0695772
-0.0283543
-0.0253834
-0.0409470
-0.0540780
-0.0562076
-0.0518423
-0.0501815
-0.0569696
-0.0717452
-0.0894451
-0.1033231
-0.1079859
-0.1024750
-0.0915846
-0.0826767
-0.0792118
-0.0773995
-0.0706251
-0.0576386
-0.0453355
-0.0424805
-0.0507160
-0.0622670
-0.0669665
-0.0618707
-0.0539179
-0.0527557
-0.0609795
-0.0719505
-0.0771143
-0.0744270
-0.0691897
-0.0678541
-0.0722767
-0.0794329
-0.0850130
-0.0866305
-0.0844675
-0.0800789
-0.0750783
-0.0705837
-0.0670169
-0.0638037
-0.0595779
-0.0535091
-0.0467425
-0.0422159
-0.0427603
-0.0490369
-0.0585875
-0.0665914
-0.0686789
-0.0644616
-0.0580497
-0.0536402
-0.0505311
-0.0443129
-0.0339795
-0.0261077
-0.0292084
-0.0431885
-0.0564086
-0.0557946
-0.0405541
-0.0242988
-0.0219187
-0.0346953
-0.0498319
-0.0544579
-0.0479735
-0.0397930
-0.0373259
-0.0389506
-0.0382842
-0.0322791
-0.0234536
-0.0156524
-0.0100529
-0.0059369
-0.0038409
-0.0061108
-0.0140741
-0.0259231
-0.0383836
-0.0498260
-0.0604592
-0.0695686
-0.0740968
-0.0710370
-0.0610250
-0.0490425
-0.0413095
-0.0408537
-0.0451570
-0.0479841
-0.0445199
-0.0356787
-0.0273802
-0.0250810
-0.0286693
-0.0326144
-0.0311687
-0.0236293
-0.0146386
-0.0093215
-0.0083792
-0.0084259
-0.0069166
-0.0055624
-0.0081344
-0.0156089
-0.0245373
-0.0300509
-0.0296323
-0.0241047
-0.0162375
-0.0092451
-0.0059601
-0.0078442
-0.0137310
-0.0200087
-0.0235480
-0.0251950
-0.0293040
-0.0383333
-0.0482224
-0.0509418
-0.0424609
-0.0271993
-0.0137591
-0.0070059
-0.0052522
-0.0044440
-0.0034226
-0.0046743
-0.0111315
-0.0231002
-0.0373848
-0.0479782
-0.0483301
-0.0361496
-0.0181219
-0.0075111
-0.0123018
-0.0246943
-0.0268864
-0.0105883
0.0143125
0.0407088
0.0969400
0.2468661
0.5369627
0.9287177
1.2850643
1.4405056
1.3077685
0.9356374
0.4732882
0.0760213
-0.1715043
-0.2683399
-0.2609095
-0.2014026
-0.1281401
-0.0646058
-0.0227940
-0.0047306
-0.0042962
-0.0110648
-0.0148759
-0.0098557
0.0027555
0.0150248
0.0181121
0.0106051
0.0012292
0.0010232
0.0116419
0.0228647
0.0232736
0.0125255
0.0012071
-0.0010951
0.0047100
0.0102724
0.0101088
0.0067112
0.0061289
0.0109711
0.0187710
0.0256129
0.0293038
0.0291642
0.0250144
0.0179748
0.0111791
0.0074533
0.0059194
0.0026622
-0.0041239
-0.0108097
-0.0116829
-0.0053116
0.0038437
0.0103811
0.0132833
0.0155302
0.0192666
0.0228639
0.0233268
0.0208113
0.0196603
0.0246894
0.0368505
0.0525449
0.0665023
0.0751570
0.0783564
0.0789915
0.0805919
0.0839465
0.0858997
0.0827258
0.0753303
0.0698768
0.0715764
0.0777879
0.0788570
0.0672373
0.0457280
0.0255694
0.0157562
0.0147897
0.0136857
0.0065607
-0.0031274
-0.0070732
-0.0014687
0.0090810
0.0160443
0.0139705
0.0034311
-0.0109798
-0.0242607
-0.0334500
-0.0383740
-0.0409953
-0.0435692
-0.0465688
-0.0484023
-0.0478724
-0.0469814
-0.0501150
-0.0593368
-0.0710086
-0.0785921
-0.0792233
-0.0763034
-0.0745670
-0.0733132
-0.0661979
-0.0484986
-0.0238609
-0.0026180
0.0071781
0.0068888
0.0052726
0.0096404
0.0194003
0.0280605
0.0306560
0.0286636
0.0280704
0.0331977
0.0421781
0.0479855
0.0442708
0.0312079
0.0159315
0.0063925
0.0038787
0.0017056
-0.0078495
-0.0248938
-0.0407820
-0.0465610
-0.0425781
-0.0385296
-0.0430551
-0.0540172
-0.0606985
-0.0559061
-0.0443143
-0.0373722
-0.0404709
-0.0468632
-0.0450258
-0.0311289
-0.0130824
-0.0023645
-0.0029431
-0.0087293
-0.0109021
-0.0062941
0.0013643
0.0066918
0.0077706
0.0067827
0.0072232
0.0107018
0.0151076
0.0151109
0.0056613
-0.0130985
-0.0339743
-0.0472227
-0.0485412
-0.0427532
-0.0385974
-0.0395069
-0.0405320
-0.0352728
-0.0248940
-0.0181295
-0.0215594
-0.0314877
-0.0374542
-0.0337903
-0.0259931
-0.0246165
-0.0336611
-0.0463559
-0.0525039
-0.0488566
-0.0415191
-0.0388508
-0.0432038
-0.0496241
-0.0513452
-0.0457473
-0.0358808
-0.0276468
-0.0254638
-0.0291861
-0.0343163
-0.0359519
-0.0335813
-0.0317463
-0.0348399
-0.0410339
-0.0426674
-0.0340268
-0.0185306
-0.0066858
-0.0059485
-0.0131833
-0.0181151
-0.0139453
-0.0034321
0.0054379
0.0080080
0.0060151
0.0035436
0.0024834
0.0024379
0.0027535
0.0024741
-0.0007661
-0.0089219
-0.0196809
-0.0267305
-0.0257184
-0.0169271
0.0046020
0.0643734
0.2065777
0.4618761
0.8039488
1.1360059
1.3309622
1.3029591
1.0575391
0.6840000
0.3007532
-0.0022163
-0.1878964
-0.2623943
-0.2534651
-0.1960372
-0.1251631
-0.0686575
-0.0388769
-0.0310221
-0.0316135
-0.0304396
-0.0259506
-0.0216676
-0.0200919
-0.0208488
-0.0229194
-0.0262738
-0.0308396
-0.0354523
-0.0392139
-0.0432745
-0.0495199
-0.0569215
-0.0605493
-0.0558575
-0.0441059
-0.0324539
-0.0279278
-0.0314847
-0.0382882
-0.0433536
-0.0461947
-0.0499495
-0.0567404
-0.0644899
-0.0681841
-0.0641048
-0.0533085
-0.0415229
-0.0351487
-0.0359616
-0.0390299
-0.0368332
-0.0269942
-0.0161365
-0.0146842
-0.0265560
-0.0442547
-0.0553527
-0.0544030
-0.0479550
-0.0473158
-0.0567290
-0.0693415
-0.0746782
-0.0692228
-0.0592987
-0.0543631
-0.0584235
-0.0676485
-0.0747865
-0.0749434
-0.0680754
