-0.1249988
-0.1287755
-0.1095536
-0.0881337
-0.0890960
-0.1136855
-0.1357195
-0.1284019
-0.0946014
-0.0663084
-0.0715039
-0.1037052
-0.1282143
-0.1189172
-0.0851476
-0.0594334
-0.0614690
-0.0797590
-0.0898230
-0.0843406
-0.0786858
-0.0879530
-0.1063446
-0.1127093
-0.0884940
-0.0187343
0.1235475
0.3742911
0.7353316
1.1257023
1.3909536
1.3892774
1.0928845
0.6154144
0.1379031
-0.2033825
-0.3762044
-0.4261173
-0.4105063
-0.3590889
-0.2819847
-0.1947771
-0.1240262
-0.0899009
-0.0901090
-0.1039018
-0.1107103
-0.1045871
-0.0935307
-0.0884218
-0.0931557
-0.1029025
-0.1094262
-0.1081062
-0.1015104
-0.0971397
-0.1009800
-0.1120254
-0.1228909
-0.1266483
-0.1238117
-0.1223702
-0.1300850
-0.1462636
-0.1614196
-0.1655393
-0.1567159
-0.1415130
-0.1274339
-0.1162971
-0.1054311
-0.0938498
-0.0849554
-0.0824998
-0.0854226
-0.0883074
-0.0866857
-0.0806270
-0.0732564
-0.0677123
-0.0667246
-0.0731939
-0.0874932
-0.1028619
-0.1063540
-0.0887054
-0.0549392
-0.0233108
-0.0110144
-0.0197203
-0.0350746
-0.0400159
-0.0284169
-0.0073810
0.0106849
0.0167385
0.0082952
-0.0115146
-0.0356065
-0.0551490
-0.0635595
-0.0605189
-0.0520909
-0.0461451
-0.0471420
-0.0544708
-0.0641119
-0.0708022
-0.0699705
-0.0606988
-0.0485017
-0.0436083
-0.0534180
-0.0752535
-0.0976456
-0.1102309
-0.1123625
-0.1112506
-0.1122708
-0.1132186
-0.1092736
-0.1019683
-0.1002083
-0.1111359
-0.1313088
-0.1485533
-0.1524736
-0.1424378
-0.1261179
-0.1123696
-0.1061383
-0.1078668
-0.1146325
-0.1212311
-0.1224569
-0.1166234
-0.1068833
-0.0980063
-0.0919485
-0.0875422
-0.0838339
-0.0810077
-0.0767840
-0.0649517
-0.0420394
-0.0159207
-0.0032031
-0.0139416
-0.0400149
-0.0618894
-0.0650573
-0.0419936
0.0266060
0.1836000
0.4680083
0.8578987
1.2390594
1.4475064
1.3688154
1.0176559
0.5309064
0.0808543
-0.2202062
-0.3558796
-0.3737097
-0.3305146
-0.2623116
-0.1883678
-0.1258584
-0.0915839
-0.0904553
-0.1080414
-0.1197047
-0.1100546
-0.0845507
-0.0621684
-0.0566305
-0.0647588
-0.0724587
-0.0701280
-0.0603316
-0.0512425
-0.0463949
-0.0437364
-0.0426407
-0.0464790
-0.0559259
-0.0634654
-0.0598540
-0.0464140
-0.0361676
-0.0392458
-0.0495399
-0.0511172
-0.0392622
-0.0305354
-0.0464845
-0.0869515
-0.1238363
-0.1250712
-0.0849053
-0.0292937
0.0080015
0.0133209
-0.0009564
-0.0132943
-0.0123731
-0.0015936
0.0101698
0.0184123
0.0244093
0.0304306
0.0361027
0.0393484
0.0395152
0.0389195
0.0414817
0.0496800
0.0621346
0.0739160
0.0798108
0.0778749
0.0698088
0.0579827
0.0429293
0.0244531
0.0045727
-0.0122581
-0.0228337
-0.0286138
-0.0344193
-0.0433989
-0.0537354
-0.0604651
-0.0599313
-0.0522295
-0.0405294
-0.0294859
-0.0235478
-0.0239546
-0.0260915
-0.0225002
-0.0121444
-0.0059931
-0.0181937
-0.0480321
-0.0734761
-0.0692342
-0.0343289
0.0016605
0.0049845
-0.0286350
-0.0695080
-0.0843622
-0.0685915
-0.0459029
-0.0386964
-0.0446442
-0.0443862
-0.0274258
-0.0045065
0.0056383
-0.0030852
-0.0194141
-0.0278234
-0.0225106
-0.0090207
0.0034893
0.0088302
0.0050150
-0.0064823
-0.0209749
-0.0321714
-0.0359924
-0.0330351
-0.0267142
-0.0198673
-0.0145316
-0.0141229
-0.0227431
-0.0404112
-0.0601654
-0.0722685
-0.0721095
-0.0633068
-0.0530309
-0.0456202
-0.0415620
-0.0410902
-0.0457610
-0.0552138
-0.0642039
-0.0654958
-0.0562377
-0.0401953
-0.0233998
-0.0091440
0.0019882
0.0093154
0.0122091
0.0129178
0.0160317
0.0228274
0.0275880
0.0227530
0.0085188
-0.0052111
-0.0086746
-0.0027088
0.0036489
0.0057168
0.0086797
0.0170702
0.0219318
0.0060468
-0.0342606
-0.0766917
-0.0894469
-0.0627078
-0.0206514
0.0011293
-0.0105511
-0.0373417
-0.0525513
-0.0484886
-0.0381483
-0.0339382
-0.0321882
-0.0214044
-0.0009739
0.0147568
0.0119273
-0.0072326
-0.0265685
-0.0317021
-0.0210702
-0.0029596
0.0138162
0.0241519
0.0249552
0.0149274
-0.0016441
-0.0138390
-0.0115087
0.0044651
0.0209332
0.0237247
0.0109431
-0.0050993
-0.0094218
0.0016664
0.0172257
0.0218482
0.0097731
-0.0101800
-0.0232854
-0.0223798
-0.0127221
-0.0042704
-0.0010384
0.0003202
0.0023107
0.0005523
-0.0109443
-0.0291392
-0.0408685
-0.0358179
-0.0193035
-0.0078318
-0.0104260
-0.0178804
-0.0142791
0.0025037
0.0171233
0.0153289
0.0018484
-0.0044987
0.0097984
0.0478088
0.1212579
0.2664895
0.5232262
0.8821936
1.2521292
1.4905834
1.4855191
1.2247673
0.8002366
0.3508470
-0.0068635
-0.2165480
-0.2811439
-0.2421865
-0.1566284
-0.0760476
-0.0300059
-0.0200158
-0.0289253
-0.0391621
-0.0450904
-0.0509311
-0.0601323
-0.0688954
-0.0697898
-0.0602609
-0.0466854
-0.0394188
-0.0427287
-0.0492360
-0.0461496
-0.0294360
-0.0113955
-0.0106974
-0.0323685
-0.0591952
-0.0665007
-0.0464325
-0.0151702
0.0056303
0.0119190
0.0176166
0.0324399
0.0459007
0.0391212
0.0102615
-0.0197558
-0.0304540
-0.0254677
-0.0262604
-0.0433925
-0.0621371
-0.0614941
-0.0428134
-0.0310132
-0.0452960
-0.0750218
-0.0909894
-0.0790130
-0.0554016
-0.0466321
-0.0590963
-0.0748231
-0.0750930
-0.0607549
-0.0461722
-0.0386464
-0.0309049
-0.0139630
0.0089032
0.0254753
0.0296597
0.0281779
0.0309064
0.0381410
0.0409084
0.0328127
0.0177915
0.0049644
-0.0014069
-0.0042931
-0.0075087
-0.0100118
-0.0074695
0.0020727
0.0152333
0.0253522
0.0268119
0.0182991
0.0036274
-0.0101140
-0.0167748
-0.0157051
-0.0127727
-0.0155490
-0.0261047
-0.0387231
-0.0455531
-0.0442363
-0.0389413
-0.0341593
-0.0293067
-0.0206440
-0.0077091
0.0037011
0.0054827
-0.0060655
-0.0270988
-0.0486103
-0.0613151
-0.0594871
-0.0430655
-0.0186056
0.0023425
0.0093998
0.0013906
-0.0113991
-0.0152303
-0.0053236
0.0092654
0.0140027
0.0032580
-0.0130321
-0.0176516
-0.0025601
0.0220335
0.0357796
0.0268229
0.0029591
-0.0162041
-0.0186418
-0.0114116
-0.0125939
-0.0318998
-0.0599041
-0.0771167
-0.0733563
-0.0568988
-0.0441455
-0.0421596
-0.0437278
-0.0391475
-0.0294023
-0.0248819
-0.0318800
-0.0435919
-0.0467480
-0.0366431
-0.0232424
-0.0206380
-0.0310575
-0.0416548
-0.0385064
-0.0224908
-0.0090155
-0.0117003
-0.0282548
-0.0439532
-0.0480257
-0.0442695
-0.0447612
-0.0552450
-0.0695217
-0.0780985
-0.0788039
-0.0762064
-0.0729081
-0.0662995
-0.0545551
-0.0408289
-0.0281097
-0.0141297
0.0020400
0.0107478
0.0026704
0.0009307
0.0773191
0.3131512
0.7180681
1.1781977
1.4976369
1.5171666
1.2181775
0.7286577
0.2345198
-0.1249666
-0.3042259
-0.3325375
-0.2705185
-0.1782556
-0.1000479
-0.0566888
-0.0448165
-0.0481490
-0.0545767
-0.0633035
-0.0761263
-0.0866444
-0.0838538
-0.0665212
-0.0482737
-0.0440056
-0.0529580
-0.0594053
-0.0502789
-0.0284995
-0.0073268
0.0052096
0.0123548
0.0199445
0.0266465
0.0264588
0.0191277
0.0129370
0.0145852
0.0192421
0.0153080
-0.0003753
-0.0158474
-0.0155654
0.0023181
0.0226671
0.0278036
0.0139944
-0.0066875
-0.0193036
-0.0192674
-0.0132528
-0.0096420
-0.0105551
-0.0130383
-0.0150171
-0.0172840
-0.0200718
-0.0205708
-0.0158842
-0.0078978
-0.0031264
-0.0059208
-0.0115530
-0.0078130
0.0137835
0.0471995
0.0738995
0.0782130
0.0615593
0.0406162
0.0309533
0.0330959
0.0350949
0.0277765
0.0154889
0.0105292
0.0177562
0.0273101
0.0245760
0.0065342
-0.0144453
-0.0241597
-0.0221204
-0.0214085
-0.0331502
-0.0532173
-0.0662520
-0.0630692
-0.0524086
-0.0531392
-0.0739741
-0.1025158
-0.1165924
-0.1065578
-0.0846890
-0.0718533
-0.0763475
-0.0873975
-0.0889273
-0.0775746
-0.0656283
-0.0668337
-0.0815322
-0.0973098
-0.1030305
-0.0992085
-0.0935623
-0.0893031
-0.0817309
-0.0669614
-0.0509017
-0.0462358
-0.0596211
-0.0831731
-0.1003323
-0.1007392
-0.0886268
-0.0761829
-0.0701607
-0.0670851
-0.0610380
-0.0526343
-0.0477961
-0.0491413
-0.0519934
-0.0501357
-0.0436905
-0.0390940
-0.0411311
-0.0467374
-0.0481874
-0.0419972
-0.0330270
-0.0292658
-0.0338094
-0.0426172
-0.0486069
-0.0466553
-0.0365505
-0.0243705
-0.0207691
-0.0335568
-0.0584822
-0.0787084
-0.0777836
-0.0558217
-0.0318048
-0.0270502
-0.0449332
-0.0678085
-0.0751535
-0.0641444
-0.0509828
-0.0526808
-0.0701248
-0.0896561
-0.0983008
-0.0946206
-0.0859714
-0.0790995
-0.0751728
-0.0718769
-0.0672149
-0.0603946
-0.0508437
-0.0387350
-0.0269333
-0.0207086
-0.0239164
-0.0357341
-0.0519280
-0.0684026
-0.0820766
-0.0895130
-0.0881710
-0.0804168
-0.0736572
-0.0732624
-0.0755454
-0.0707208
-0.0545634
-0.0354647
-0.0269617
-0.0329471
-0.0433274
-0.0458527
-0.0368815
-0.0110589
0.0617023
0.2360548
0.5468121
0.9503824
1.3130664
1.4752576
1.3510001
0.9847410
0.5206803
0.1130163
-0.1512879
-0.2681950
-0.2808044
-0.2375793
-0.1751829
-0.1202807
-0.0902986
-0.0878741
-0.1000354
-0.1094546
-0.1093932
-0.1073488
-0.1132303
-0.1247505
-0.1271677
-0.1096499
-0.0807392
-0.0637553
-0.0742143
-0.1025457
-0.1215445
-0.1122204
-0.0820480
-0.0571504
-0.0566503
-0.0754716
-0.0922825
-0.0921296
-0.0786701
-0.0652135
-0.0589030
-0.0573172
-0.0576665
-0.0627185
-0.0748850
-0.0880094
-0.0901681
-0.0763254
-0.0562688
-0.0473611
-0.0583658
-0.0809114
-0.0973345
-0.0964369
-0.0815903
-0.0655624
-0.0597480
-0.0672412
-0.0821100
-0.0931549
-0.0909075
-0.0748471
-0.0545773
-0.0419680
-0.0405641
-0.0427428
-0.0378244
-0.0230226
-0.0059109
0.0042440
0.0067144
0.0091430
0.0167889
0.0242904
0.0207642
0.0026183
-0.0214822
-0.0395561
-0.0485124
-0.0556671
-0.0684257
-0.0842339
-0.0923832
-0.0861501
-0.0718111
-0.0636345
-0.0695682
-0.0835415
-0.0928864
-0.0918579
-0.0861369
-0.0849501
-0.0911477
-0.0997300
-0.1046869
-0.1057546
-0.1080093
-0.1152067
-0.1243361
-0.1274358
-0.1188128
-0.1005075
-0.0816434
-0.0730281
-0.0803457
-0.0991492
-0.1158410
-0.1168666
-0.1003611
-0.0789350
-0.0691462
-0.0770420
-0.0939232
-0.1061204
-0.1081724
-0.1055278
-0.1045681
-0.1026594
-0.0916957
-0.0717469
-0.0564346
-0.0599559
-0.0797180
-0.0969241
-0.0966006
-0.0838527
-0.0767282
-0.0844183
-0.0975655
-0.1019856
-0.0956500
-0.0810066
-0.0359187
0.0968831
0.3697186
0.7624970
1.1548626
1.3800826
1.3274332
1.0119268
0.5590038
0.1247452
-0.1829561
-0.3339840
-0.3575936
-0.3077998
-0.2369319
-0.1801892
-0.1478814
-0.1293805
-0.1105129
-0.0905586
-0.0807406
-0.0864372
-0.0963499
-0.0938700
-0.0773652
-0.0637371
-0.0693525
-0.0900179
-0.1039469
-0.0956445
-0.0738737
-0.0624984
-0.0740119
-0.0959441
-0.1050750
-0.0919896
-0.0686007
-0.0535208
-0.0543319
-0.0644403
-0.0730760
-0.0752252
-0.0730542
-0.0709735
-0.0709559
-0.0714977
-0.0689669
-0.0597048
-0.0433353
-0.0260082
-0.0181411
-0.0245793
-0.0365161
-0.0375074
-0.0205720
0.0028346
0.0144113
0.0094293
0.0027578
0.0131875
0.0431572
0.0761041
0.0942352
0.0968226
0.0983644
0.1092100
0.1222307
0.1217446
0.1033399
0.0801126
0.0682057
0.0691763
0.0688164
0.0525184
0.0205301
-0.0117158
-0.0277797
-0.0250532
-0.0164683
-0.0184809
-0.0375263
-0.0664389
-0.0913057
-0.1016507
-0.0974660
-0.0892395
-0.0898382
-0.1033499
-0.1213476
-0.1316286
-0.1311196
-0.1291045
-0.1367077
-0.1531021
-0.1633052
-0.1521013
-0.1217546
-0.0940215
-0.0908688
-0.1123193
-0.1358450
-0.1389072
-0.1201941
-0.0973637
-0.0861444
-0.0849794
-0.0808380
-0.0675764
-0.0548743
-0.0568533
-0.0734556
-0.0876172
-0.0833717
-0.0640751
-0.0488774
-0.0518190
-0.0680985
-0.0817245
-0.0835276
-0.0792881
-0.0813560
-0.0948518
-0.1131680
-0.1259194
-0.1290315
-0.1260276
-0.1218340
-0.1188853
-0.1187409
-0.1226878
-0.1283793
-0.1295985
-0.1236118
-0.1174032
-0.1219939
-0.1390283
-0.1556369
-0.1555490
-0.1356964
-0.1099556
-0.0946061
-0.0909903
-0.0859945
-0.0706392
-0.0532248
-0.0485752
-0.0565046
-0.0591753
-0.0434031
-0.0200807
-0.0144005
-0.0364862
-0.0671077
-0.0767994
-0.0581708
-0.0346631
-0.0344945
-0.0590452
-0.0828342
-0.0848904
-0.0728110
-0.0705665
-0.0873017
-0.1069120
-0.1094572
-0.0955545
-0.0840267
-0.0877692
-0.0981180
-0.0960455
-0.0761126
-0.0542034
-0.0498192
-0.0646923
-0.0830911
-0.0906573
-0.0864316
-0.0762240
-0.0624522
-0.0462783
-0.0348894
-0.0377318
-0.0536949
-0.0678711
-0.0658019
-0.0480926
-0.0222655
0.0256971
0.1457899
0.3925768
0.7623445
1.1576978
1.4248271
1.4424780
1.1929191
0.7647933
0.2979678
-0.0825927
-0.3070956
-0.3687094
-0.3103123
-0.2010408
-0.1073146
-0.0649822
-0.0674640
-0.0815703
-0.0803446
-0.0636647
-0.0495567
-0.0507978
-0.0635762
-0.0757656
-0.0802685
-0.0788853
-0.0765540
-0.0750269
-0.0729017
-0.0704885
-0.0716886
-0.0789865
-0.0885409
-0.0938342
-0.0934043
-0.0907874
-0.0870157
-0.0789037
-0.0673599
-0.0623921
-0.0740422
-0.0985300
-0.1174059
-0.1132690
-0.0869330
-0.0581572
-0.0476681
-0.0580474
-0.0740069
-0.0811043
-0.0796027
-0.0776133
-0.0763792
-0.0695915
-0.0557690
-0.0436083
-0.0420140
-0.0485657
-0.0511537
-0.0405333
-0.0200788
-0.0027370
0.0022608
-0.0005309
0.0026083
0.0199943
0.0465906
0.0700471
0.0811012
0.0779524
0.0655713
0.0533023
0.0489249
0.0510432
0.0492003
0.0344611
0.0090360
-0.0157205
-0.0293326
-0.0299487
-0.0249444
-0.0250544
-0.0356137
-0.0520851
-0.0647972
-0.0674028
-0.0598008
-0.0459321
-0.0327391
-0.0289287
-0.0385073
-0.0545317
-0.0635101
-0.0577587
-0.0420049
-0.0285913
-0.0278882
-0.0409663
-0.0581826
-0.0666868
-0.0629297
-0.0565168
-0.0587614
-0.0692467
-0.0769341
-0.0730341
-0.0598750
-0.0481217
-0.0467558
-0.0539865
-0.0577671
-0.0490148
-0.0345659
-0.0309659
-0.0429437
-0.0543181
-0.0451687
-0.0142585
0.0199906
0.0384893
0.0382664
0.0319455
0.0326812
0.0399359
0.0423259
0.0357540
0.0322526
0.0437424
0.0637283
0.0808756
0.1143784
0.2215768
0.4537473
0.7953723
1.1434705
1.3513593
1.3125264
1.0281626
0.6073822
0.1995043
-0.0859326
-0.2149357
-0.2159216
-0.1482020
-0.0715216
-0.0215491
-0.0020294
0.0008812
-0.0002887
0.0008528
0.0072674
0.0164300
0.0205144
0.0157899
0.0075540
0.0011721
-0.0052209
-0.0144629
-0.0243638
-0.0324161
-0.0385018
-0.0397777
-0.0328219
-0.0236495
-0.0236621
-0.0326407
-0.0391830
-0.0407686
-0.0475456
-0.0623583
-0.0741813
-0.0762329
-0.0732779
-0.0670007
-0.0531546
-0.0364797
-0.0270482
-0.0192268
0.0010486
0.0263808
0.0357336
0.0349171
0.0505765
0.0739930
0.0558440
-0.0200625
