0.0195382
0.0173205
0.0280281
0.0375711
0.0351384
0.0234111
0.0102593
0.0009623
-0.0022127
-0.0015399
-0.0043919
-0.0150800
-0.0275751
-0.0334578
-0.0353332
-0.0442216
-0.0635703
-0.0830319
-0.0895820
-0.0800815
-0.0623669
-0.0480684
-0.0443796
-0.0488582
-0.0516529
-0.0452836
-0.0319377
-0.0193943
-0.0114965
-0.0052832
0.0039525
0.0174222
0.0314561
0.0393721
0.0365874
0.0262654
0.0182898
0.0202482
0.0304324
0.0410854
0.0466394
0.0470843
0.0454511
0.0445892
0.0454093
0.0463301
0.0449204
0.0409796
0.0371098
0.0358336
0.0375662
0.0417825
0.0481651
0.0553671
0.0598503
0.0571653
0.0445624
0.0233325
-0.0001160
-0.0167040
-0.0211182
-0.0165685
-0.0116935
-0.0125084
-0.0183762
-0.0249299
-0.0285938
-0.0283547
-0.0257289
-0.0241385
-0.0268386
-0.0340986
-0.0424700
-0.0470644
-0.0448829
-0.0370862
-0.0288260
-0.0259280
-0.0303867
-0.0389982
-0.0466081
-0.0502599
-0.0505315
-0.0504651
-0.0535440
-0.0606898
-0.0679506
-0.0686867
-0.0598005
-0.0453054
-0.0328244
-0.0273133
-0.0288525
-0.0349861
-0.0430645
-0.0503613
-0.0539138
-0.0520437
-0.0463899
-0.0412769
-0.0392566
-0.0369078
-0.0271772
-0.0079807
0.0124714
0.0215709
0.0142341
-0.0023024
-0.0157725
-0.0197381
-0.0172025
-0.0152860
-0.0176570
-0.0218707
-0.0232893
-0.0209544
-0.0188958
-0.0214230
-0.0279534
-0.0333054
-0.0327728
-0.0263741
-0.0185979
-0.0146758
-0.0168251
-0.0234315
-0.0315280
-0.0394684
-0.0464599
-0.0502822
-0.0478201
-0.0389319
-0.0282056
-0.0211118
-0.0188868
-0.0185857
-0.0179238
-0.0183685
-0.0224666
-0.0288868
-0.0319061
-0.0271546
-0.0174675
-0.0112145
-0.0138809
-0.0225158
-0.0296992
-0.0317269
-0.0309623
-0.0311681
-0.0337437
-0.0393032
-0.0497197
-0.0653659
-0.0809031
-0.0871291
-0.0794081
-0.0638769
-0.0532371
-0.0550511
-0.0647684
-0.0714414
-0.0698266
-0.0651552
-0.0658721
-0.0737736
-0.0825618
-0.0846416
-0.0776302
-0.0651672
-0.0536533
-0.0484570
-0.0510910
-0.0580233
-0.0622303
-0.0575727
-0.0435379
-0.0264766
-0.0153619
-0.0148534
-0.0217858
-0.0285039
-0.0296273
-0.0257958
-0.0220471
-0.0235905
-0.0320464
-0.0434334
-0.0495177
-0.0437228
-0.0280666
-0.0136538
-0.0118348
-0.0233357
-0.0361943
-0.0341732
-0.0048200
0.0638157
0.1930184
0.4101245
0.7204706
1.0726485
1.3552252
1.4444711
1.2769918
0.8936178
0.4206959
0.0032563
-0.2629474
-0.3607244
-0.3353392
-0.2547585
-0.1739749
-0.1189623
-0.0903585
-0.0777401
-0.0729180
-0.0738790
-0.0796225
-0.0849099
-0.0831750
-0.0745997
-0.0681258
-0.0726252
-0.0862864
-0.0967541
-0.0928883
-0.0760598
-0.0592125
-0.0545245
-0.0618758
-0.0692819
-0.0644903
-0.0462734
-0.0251296
-0.0139245
-0.0177339
-0.0311536
-0.0439417
-0.0495326
-0.0495045
-0.0505669
-0.0570409
-0.0661348
-0.0706642
-0.0662265
-0.0554971
-0.0457937
-0.0428687
-0.0469038
-0.0539374
-0.0606677
-0.0674244
-0.0761539
-0.0860302
-0.0924971
-0.0917535
-0.0859304
-0.0827356
-0.0890442
-0.1043141
-0.1201477
-0.1267472
-0.1206747
-0.1069737
-0.0939678
-0.0860432
-0.0810901
-0.0737850
-0.0604156
-0.0412679
-0.0202617
-0.0031159
0.0053420
0.0038627
-0.0044578
-0.0144177
-0.0223267
-0.0278799
-0.0327042
-0.0372075
-0.0392720
-0.0366495
-0.0306304
-0.0263727
-0.0286520
-0.0373194
-0.0474931
-0.0542973
-0.0571502
-0.0594742
-0.0645017
-0.0714117
-0.0755403
-0.0725799
-0.0627515
-0.0507961
-0.0419330
-0.0380206
-0.0372635
-0.0365636
-0.0335604
-0.0271420
-0.0172442
-0.0046369
0.0094677
0.0240087
0.0382550
0.0510811
0.0599742
0.0614407
0.0536524
0.0392422
0.0244744
0.0142077
0.0075782
-0.0002748
-0.0118094
-0.0233065
-0.0283823
-0.0251150
-0.0189237
-0.0178590
-0.0249450
-0.0352946
-0.0409083
-0.0382919
-0.0313112
-0.0269157
-0.0287097
-0.0348262
-0.0413030
-0.0466028
-0.0524574
-0.0602791
-0.0670073
-0.0656116
-0.0515293
-0.0294247
-0.0121076
-0.0101688
-0.0213716
-0.0311349
-0.0253380
-0.0038908
0.0183485
0.0249150
0.0127839
-0.0054705
-0.0142272
-0.0091972
0.0003505
0.0022337
-0.0070443
-0.0206382
-0.0292012
-0.0293876
-0.0257297
-0.0257463
-0.0333896
-0.0461712
-0.0578052
-0.0638320
-0.0653663
-0.0675741
-0.0740122
-0.0821647
-0.0851580
-0.0786413
-0.0655959
-0.0533013
-0.0456449
-0.0392510
-0.0253731
0.0100085
0.0918221
0.2558443
0.5269337
0.8807115
1.2224838
1.4170513
1.3631214
1.0606435
0.6163921
0.1814325
-0.1304667
-0.2847211
-0.3109468
-0.2612317
-0.1804429
-0.1000223
-0.0410638
-0.0131981
-0.0117371
-0.0220140
-0.0307082
-0.0340400
-0.0356457
-0.0385368
-0.0411520
-0.0408952
-0.0389208
-0.0393307
-0.0439757
-0.0496107
-0.0507535
-0.0447548
-0.0337946
-0.0225113
-0.0141154
-0.0083506
-0.0024874
0.0057971
0.0158606
0.0236976
0.0242859
0.0156128
0.0016662
-0.0087284
-0.0077450
0.0050314
0.0215239
0.0310623
0.0283252
0.0166167
0.0044518
-0.0008309
0.0027019
0.0118109
0.0214946
0.0286114
0.0333616
0.0381265
0.0447929
0.0524616
0.0574116
0.0559990
0.0485601
0.0404606
0.0383571
0.0447254
0.0561577
0.0672237
0.0756692
0.0833439
0.0921120
0.0996817
0.1005775
0.0918322
0.0772172
0.0646029
0.0583659
0.0547577
0.0454777
0.0259694
0.0001186
-0.0228130
-0.0354536
-0.0372166
-0.0335770
-0.0313868
-0.0341103
-0.0400746
-0.0446714
-0.0449983
-0.0433701
-0.0460360
-0.0569965
-0.0723603
-0.0821425
-0.0796626
-0.0693688
-0.0636001
-0.0702660
-0.0842849
-0.0923505
-0.0861856
-0.0704840
-0.0580630
-0.0581990
-0.0696367
-0.0830808
-0.0885322
-0.0808070
-0.0613814
-0.0380699
-0.0223453
-0.0228888
-0.0382146
-0.0558915
-0.0619533
-0.0531373
-0.0396201
-0.0347784
-0.0422122
-0.0531538
-0.0561315
-0.0481561
-0.0363233
-0.0297884
-0.0315700
-0.0377929
-0.0428198
-0.0437046
-0.0408363
-0.0366484
-0.0341558
-0.0347637
-0.0362519
-0.0345884
-0.0296681
-0.0267767
-0.0253456
-0.0009817
0.0976562
0.3205184
0.6681203
1.0620018
1.3664373
1.4557941
1.2838235
0.9083009
0.4581451
0.0689799
-0.1732264
-0.2547595
-0.2206214
-0.1393376
-0.0669875
-0.0280656
-0.0189348
-0.0248670
-0.0347102
-0.0439789
-0.0503848
-0.0515538
-0.0479927
-0.0451737
-0.0492663
-0.0603478
-0.0716504
-0.0763970
-0.0741723
-0.0695940
-0.0660304
-0.0626919
-0.0577489
-0.0518845
-0.0471489
-0.0435294
-0.0390957
-0.0340486
-0.0324347
-0.0374819
-0.0455419
-0.0474237
-0.0378572
-0.0227940
-0.0147509
-0.0196740
-0.0295605
-0.0297271
-0.0135661
0.0107807
0.0286553
0.0329562
0.0294194
0.0286643
0.0346961
0.0422481
0.0445218
0.0414903
0.0396192
0.0445223
0.0554819
0.0671512
0.0750859
0.0786072
0.0790753
0.0770907
0.0722284
0.0647953
0.0564478
0.0483638
0.0393303
0.0267130
0.0098425
-0.0079349
-0.0212793
-0.0274079
-0.0287868
-0.0310652
-0.0377169
-0.0463136
-0.0506129
-0.0473678
-0.0411860
-0.0413217
-0.0522395
-0.0674707
-0.0742694
-0.0655325
-0.0470693
-0.0324894
-0.0308619
-0.0398195
-0.0504579
-0.0573665
-0.0623689
-0.0691574
-0.0769685
-0.0813684
-0.0802121
-0.0764470
-0.0743873
-0.0747938
-0.0749680
-0.0729924
-0.0702239
-0.0691795
-0.0700881
-0.0705912
-0.0686337
-0.0647509
-0.0612614
-0.0598219
-0.0601435
-0.0605391
-0.0590568
-0.0544520
-0.0470913
-0.0391926
-0.0334345
-0.0308171
-0.0303082
-0.0309728
-0.0338162
-0.0406010
-0.0509174
-0.0613478
-0.0680067
-0.0695413
-0.0674413
-0.0641940
-0.0621026
-0.0635280
-0.0704301
-0.0821566
-0.0941833
-0.1008566
-0.1002929
-0.0958321
-0.0919426
-0.0894490
-0.0859028
-0.0801342
-0.0746744
-0.0730211
-0.0757122
-0.0801349
-0.0833319
-0.0834699
-0.0789885
-0.0688703
-0.0555252
-0.0460288
-0.0473710
-0.0591292
-0.0724423
-0.0781119
-0.0752126
-0.0700356
-0.0670428
-0.0637663
-0.0561563
-0.0466307
-0.0433637
-0.0512846
-0.0660798
-0.0768049
-0.0688646
-0.0187258
0.1111808
0.3574392
0.7168748
1.1132376
1.4097149
1.4754830
1.2644733
0.8467417
0.3682357
-0.0289634
-0.2685191
-0.3504982
-0.3217125
-0.2393915
-0.1505625
-0.0859845
-0.0580526
-0.0600762
-0.0725475
-0.0774068
-0.0705218
-0.0613862
-0.0609632
-0.0703300
-0.0808508
-0.0837016
-0.0775909
-0.0676376
-0.0591727
-0.0545598
-0.0550408
-0.0623052
-0.0758922
-0.0901785
-0.0970985
-0.0934349
-0.0841498
-0.0767531
-0.0727682
-0.0666838
-0.0540283
-0.0388435
-0.0310931
-0.0363836
-0.0495825
-0.0595713
-0.0598578
-0.0537744
-0.0497589
-0.0528639
-0.0610445
-0.0680730
-0.0685968
-0.0612190
-0.0490884
-0.0385563
-0.0356193
-0.0412617
-0.0497450
-0.0529994
-0.0481788
-0.0407357
-0.0389260
-0.0448971
-0.0519371
-0.0510364
-0.0394992
-0.0223131
-0.0058752
0.0076189
0.0190047
0.0275555
0.0302463
0.0258356
0.0175411
0.0100547
0.0047065
-0.0007098
-0.0074256
-0.0131365
-0.0154105
-0.0164578
-0.0219589
-0.0342796
-0.0485347
-0.0572534
-0.0586500
-0.0585754
-0.0637548
-0.0743449
-0.0841767
-0.0875591
-0.0844372
-0.0789161
-0.0743012
-0.0707234
-0.0669243
-0.0627099
-0.0589528
-0.0560750
-0.0537531
-0.0522406
-0.0530737
-0.0577405
-0.0657151
-0.0741365
-0.0795155
-0.0798938
-0.0758527
-0.0698867
-0.0646204
-0.0610363
-0.0581366
-0.0544672
-0.0500435
-0.0465409
-0.0454040
-0.0459790
-0.0459457
-0.0438282
-0.0409563
-0.0406603
-0.0452817
-0.0537357
-0.0617484
-0.0645468
-0.0601330
-0.0511157
-0.0436160
-0.0430712
-0.0493672
-0.0558191
-0.0544642
-0.0440021
-0.0326260
-0.0317031
-0.0452268
-0.0649332
-0.0762442
-0.0701562
-0.0506163
-0.0309792
-0.0227930
-0.0267542
-0.0337084
-0.0346474
-0.0297157
-0.0250338
-0.0160272
0.0286419
0.1614113
0.4203607
0.7836772
1.1522183
1.3852632
1.3747674
1.1095483
0.6840116
0.2455962
-0.0816336
-0.2474830
-0.2754785
-0.2254748
-0.1528028
-0.0891132
-0.0461465
-0.0269617
-0.0307757
-0.0506467
-0.0726039
-0.0819969
-0.0729351
-0.0517561
-0.0311126
-0.0205989
-0.0220811
-0.0315139
-0.0428713
-0.0507304
-0.0522685
-0.0494480
-0.0485450
-0.0545414
-0.0644177
-0.0675864
-0.0556201
-0.0322095
-0.0118347
-0.0069374
-0.0163946
-0.0273297
-0.0280516
-0.0184683
-0.0082390
-0.0063967
-0.0135735
-0.0229475
-0.0267921
-0.0221139
-0.0119596
-0.0028227
-0.0001462
-0.0044873
-0.0111146
-0.0139443
-0.0108490
-0.0053742
-0.0029727
-0.0054450
-0.0091640
-0.0085560
-0.0009169
0.0120774
0.0267584
0.0406818
0.0537902
0.0671369
0.0805810
0.0913225
0.0948296
0.0882186
0.0735832
0.0576772
0.0471523
0.0432514
0.0411706
0.0349875
0.0233583
0.0103852
0.0011440
-0.0032280
-0.0060494
-0.0113713
-0.0202462
-0.0303232
-0.0382454
-0.0421693
-0.0427443
-0.0426941
-0.0455915
-0.0540866
-0.0681049
-0.0841903
-0.0969586
-0.1021764
-0.0994138
-0.0921421
-0.0850325
-0.0806348
-0.0782307
-0.0756325
-0.0719154
-0.0683714
-0.0669886
-0.0683143
-0.0710029
-0.0733760
-0.0750952
-0.0770109
-0.0794361
-0.0810109
-0.0796959
-0.0749473
-0.0687109
-0.0640885
-0.0628924
-0.0642954
-0.0657214
-0.0652572
-0.0636677
-0.0642242
-0.0700181
-0.0805260
-0.0904203
-0.0924575
-0.0828782
-0.0648196
-0.0461413
-0.0330899
-0.0257851
-0.0201415
-0.0139889
-0.0102349
-0.0131560
-0.0221058
-0.0303376
-0.0308601
-0.0230541
-0.0130055
-0.0077993
-0.0102796
-0.0188442
-0.0302886
-0.0413973
-0.0489548
-0.0510777
-0.0499126
-0.0513820
-0.0597838
-0.0723366
-0.0809417
-0.0806383
-0.0754057
-0.0740369
-0.0803521
-0.0890235
-0.0918153
-0.0868504
-0.0802931
-0.0790318
-0.0830818
-0.0858235
-0.0807773
-0.0671308
-0.0492189
-0.0322909
-0.0195052
-0.0118858
-0.0094705
-0.0118509
-0.0180178
-0.0260882
-0.0332434
-0.0363406
-0.0336014
-0.0264735
-0.0195036
-0.0172771
-0.0207229
-0.0265065
-0.0304525
-0.0316531
-0.0331591
-0.0388796
-0.0500504
-0.0641874
-0.0762813
-0.0806661
-0.0733883
-0.0552938
-0.0336501
-0.0189042
-0.0171982
-0.0251463
-0.0330358
-0.0342523
-0.0312271
-0.0312804
-0.0370615
-0.0428442
-0.0413288
-0.0331029
-0.0274386
-0.0330587
-0.0491032
-0.0660726
-0.0751097
-0.0754140
-0.0730851
-0.0745423
-0.0819522
-0.0935708
-0.1060424
-0.1155086
-0.1180429
-0.1111929
-0.0958746
-0.0761281
-0.0564662
-0.0396468
-0.0269890
-0.0196558
-0.0180566
-0.0198060
-0.0198741
-0.0145560
-0.0055895
0.0008261
0.0002391
-0.0048403
-0.0068331
-0.0009346
0.0090713
0.0136629
0.0069873
-0.0065362
-0.0156080
-0.0127381
-0.0019088
0.0043739
-0.0042747
-0.0278914
-0.0565713
-0.0752228
-0.0640313
0.0056842
0.1685658
0.4444487
0.8071008
1.1689032
1.4051383
1.4131787
1.1707846
0.7529606
0.2948165
-0.0744375
-0.2846079
-0.3378984
-0.2857024
-0.1919763
-0.1054170
-0.0489827
-0.0233634
-0.0172313
-0.0182569
-0.0203877
-0.0246057
-0.0340115
-0.0481790
-0.0621479
-0.0707235
-0.0732428
-0.0735867
-0.0755930
-0.0791568
-0.0813027
-0.0805845
-0.0793421
-0.0810520
-0.0859016
-0.0898862
-0.0887986
-0.0830157
-0.0779484
-0.0793750
-0.0880378
-0.0986984
-0.1045901
-0.1030410
-0.0969882
-0.0912254
-0.0875014
-0.0836193
-0.0772494
-0.0698754
-0.0660321
-0.0683637
-0.0740701
-0.0770475
-0.0736757
-0.0661055
-0.0598266
-0.0586183
-0.0622453
-0.0683210
-0.0750134
-0.0813911
-0.0861621
-0.0876526
-0.0855301
-0.0816765
-0.0784056
-0.0759841
-0.0728063
-0.0681741
-0.0637921
-0.0614415
-0.0597431
-0.0551600
-0.0473776
-0.0425597
-0.0488304
-0.0672293
-0.0881137
-0.0983798
-0.0930080
-0.0789458
-0.0673206
-0.0626663
-0.0606069
-0.0552911
-0.0470515
-0.0416893
-0.0432695
-0.0492956
-0.0531666
-0.0501605
-0.0404389
-0.0274488
-0.0151355
-0.0068015
-0.0048405
-0.0097204
-0.0190519
-0.0288128
-0.0363629
-0.0420920
-0.0476727
-0.0529774
-0.0556048
-0.0539941
-0.0506440
-0.0512801
-0.0599226
-0.0743451
-0.0866085
-0.0888756
-0.0797912
-0.0659551
-0.0571276
-0.0590711
-0.0696953
-0.0811022
-0.0852666
-0.0787541
-0.0635572
-0.0446329
-0.0267905
-0.0130217
-0.0044932
-0.0011963
-0.0023752
-0.0066778
-0.0124391
-0.0182474
-0.0233910
-0.0277281
-0.0311554
-0.0334286
-0.0346822
-0.0359321
-0.0386164
-0.0435317
-0.0506859
-0.0605281
-0.0746043
-0.0935180
-0.1135506
-0.1264841
-0.1250010
-0.1096076
-0.0897874
-0.0770333
-0.0758538
-0.0812236
-0.0842914
-0.0800546
-0.0699982
-0.0590013
-0.0510224
-0.0471545
-0.0458906
-0.0442691
-0.0397899
-0.0327471
-0.0267513
-0.0258004
-0.0303226
-0.0368301
-0.0419120
-0.0455930
-0.0496745
-0.0535822
-0.0540075
-0.0493748
-0.0429670
-0.0401865
-0.0439496
