0.1419877
-0.0868462
-0.1916062
-0.2163914
-0.1951983
-0.1413836
-0.0670939
0.0031092
0.0437892
0.0497999
0.0399896
0.0379093
0.0502222
0.0645028
0.0656648
0.0515249
0.0322714
0.0176793
0.0074714
-0.0060671
-0.0281959
-0.0556553
-0.0795812
-0.0931274
-0.0962063
-0.0938719
-0.0909080
-0.0878089
-0.0813887
-0.0690298
-0.0523989
-0.0368245
-0.0264936
-0.0200085
-0.0111998
0.0047969
0.0259159
0.0440252
0.0520778
0.0506673
0.0472515
0.0486420
0.0544099
0.0580419
0.0545547
0.0463614
0.0410330
0.0434082
0.0506817
0.0557160
0.0546362
0.0501348
0.0470243
0.0454830
0.0399929
0.0253930
0.0033452
-0.0180460
-0.0312343
-0.0355193
-0.0362838
-0.0385299
-0.0418621
-0.0419654
-0.0363926
-0.0280087
-0.0221781
-0.0205764
-0.0183156
-0.0079722
0.0129588
0.0385851
0.0589543
0.0682411
0.0688149
0.0674147
0.0677702
0.0674476
0.0618960
0.0508990
0.0401900
0.0363017
0.0399865
0.0450558
0.0438672
0.0340168
0.0198457
0.0076588
-0.0004887
-0.0084793
-0.0217105
-0.0407346
-0.0592078
-0.0686410
-0.0658493
-0.0558588
-0.0471326
-0.0437830
-0.0427659
-0.0388343
-0.0315223
-0.0260809
-0.0271257
-0.0323449
-0.0339520
-0.0267609
-0.0138188
-0.0030434
0.0013481
0.0028342
0.0076982
0.0172532
0.0261916
0.0286713
0.0249951
0.0214703
0.0238630
0.0316331
0.0387793
0.0399137
0.0351519
0.0292780
0.0265686
0.0264459
0.0238964
0.0142877
-0.0014759
-0.0161032
-0.0208621
-0.0127807
0.0021728
0.0133650
0.0140003
0.0063633
-0.0010319
-0.0017619
0.0026073
0.0047844
-0.0000213
-0.0083415
-0.0114893
-0.0046868
0.0072798
0.0142992
0.0109746
0.0017327
-0.0047160
-0.0054806
-0.0065814
-0.0151257
-0.0295055
-0.0396402
-0.0380646
-0.0295681
-0.0277724
-0.0414302
-0.0648853
-0.0827852
-0.0840882
-0.0714452
-0.0577440
-0.0543292
-0.0619472
-0.0712496
-0.0709158
-0.0563050
-0.0325474
-0.0104997
0.0012661
0.0024213
-0.0001494
0.0003462
0.0039802
0.0050579
-0.0003216
-0.0087297
-0.0126257
-0.0089780
-0.0033092
-0.0040808
-0.0133704
-0.0243082
-0.0284491
-0.0251629
-0.0226119
-0.0289506
-0.0431556
-0.0554330
-0.0568464
-0.0480842
-0.0385480
-0.0372067
-0.0446758
-0.0539232
-0.0579476
-0.0562289
-0.0538380
-0.0549933
-0.0582428
-0.0580633
-0.0506632
-0.0378420
-0.0254585
-0.0186138
-0.0182080
-0.0214278
-0.0248689
-0.0270177
-0.0280780
-0.0281246
-0.0262349
-0.0218449
-0.0167133
-0.0148734
-0.0199452
-0.0319923
-0.0469054
-0.0592735
-0.0664625
-0.0700429
-0.0728935
-0.0748724
-0.0721420
-0.0617599
-0.0469405
-0.0364335
-0.0369973
-0.0459741
-0.0525782
-0.0483280
-0.0364697
-0.0294338
-0.0355452
-0.0490425
-0.0551666
-0.0453299
-0.0253745
-0.0079138
0.0012435
0.0060528
0.0103696
0.0098975
-0.0023037
-0.0242413
-0.0441824
-0.0521254
-0.0444906
-0.0084481
0.0966645
0.3259820
0.6961810
1.1348315
1.4884948
1.6006705
1.4065103
0.9728314
0.4570461
0.0213692
-0.2377192
-0.3108506
-0.2540273
-0.1482978
-0.0611539
-0.0221151
-0.0210745
-0.0292502
-0.0271084
-0.0169468
-0.0122345
-0.0187426
-0.0286554
-0.0317569
-0.0282413
-0.0279666
-0.0384674
-0.0567432
-0.0737161
-0.0845861
-0.0923886
-0.1016794
-0.1112940
-0.1150821
-0.1090485
-0.0962045
-0.0842131
-0.0791933
-0.0819056
-0.0886914
-0.0949808
-0.0982092
-0.0986351
-0.0982017
-0.0983488
-0.0981421
-0.0943790
-0.0844308
-0.0699578
-0.0574741
-0.0536612
-0.0589875
-0.0664195
-0.0676714
-0.0612507
-0.0538963
-0.0536058
-0.0613916
-0.0704105
-0.0733741
-0.0702837
-0.0681262
-0.0730152
-0.0837448
-0.0940212
-0.1004586
-0.1067645
-0.1192244
-0.1387627
-0.1585691
-0.1699130
-0.1700716
-0.1644506
-0.1610945
-0.1631856
-0.1666261
-0.1644368
-0.1532634
-0.1360358
-0.1190976
-0.1069506
-0.0990455
-0.0909063
-0.0784564
-0.0618421
-0.0453312
-0.0334617
-0.0273586
-0.0247768
-0.0232130
-0.0222991
-0.0230118
-0.0250268
-0.0255429
-0.0213502
-0.0124374
-0.0033291
-0.0000230
-0.0047931
-0.0138138
-0.0202708
-0.0203574
-0.0165819
-0.0150903
-0.0192856
-0.0259857
-0.0285434
-0.0243552
-0.0187137
-0.0200004
-0.0307722
-0.0445753
-0.0523304
-0.0513203
-0.0468090
-0.0447054
-0.0438495
-0.0369909
-0.0197157
0.0027405
0.0190272
0.0223341
0.0166611
0.0118590
0.0129939
0.0155236
0.0110449
-0.0028236
-0.0186172
-0.0250656
-0.0173210
-0.0018231
0.0088789
0.0067564
-0.0053731
-0.0175286
-0.0224530
-0.0221625
-0.0250423
-0.0365368
-0.0528083
-0.0640845
-0.0646567
-0.0590540
-0.0572811
-0.0636541
-0.0711363
-0.0676373
-0.0483396
-0.0220067
-0.0050109
-0.0079914
-0.0264981
-0.0438529
-0.0444678
-0.0267240
-0.0041054
0.0069764
0.0020301
-0.0079519
-0.0081407
0.0046153
0.0188508
0.0218447
0.0141826
0.0079169
0.0110654
0.0214114
0.0440483
0.1142031
0.2888515
0.5966221
0.9844196
1.3172055
1.4473585
1.3062007
0.9459828
0.5019020
0.1104661
-0.1514326
-0.2737671
-0.2848086
-0.2235676
-0.1295270
-0.0399277
0.0177472
0.0355222
0.0258080
0.0100330
0.0039440
0.0105938
0.0234311
0.0337055
0.0362197
0.0317047
0.0258987
0.0251116
0.0303991
0.0359675
0.0350233
0.0277939
0.0223069
0.0258424
0.0361413
0.0426942
0.0374636
0.0234876
0.0115388
0.0080256
0.0075167
-0.0012365
-0.0219570
-0.0450826
-0.0563861
-0.0509012
-0.0375451
-0.0302454
-0.0352513
-0.0470255
-0.0554496
-0.0559504
-0.0522707
-0.0499778
-0.0486350
-0.0416358
-0.0239379
0.0009406
0.0225780
0.0327360
0.0329922
0.0332805
0.0423278
0.0590391
0.0736130
0.0777730
0.0737112
0.0720917
0.0809822
0.0973810
0.1100837
0.1105579
0.1005967
0.0894833
0.0842402
0.0831358
0.0787498
0.0667593
0.0508583
0.0388775
0.0346690
0.0341315
0.0288321
0.0135035
-0.0090416
-0.0296346
-0.0400935
-0.0403072
-0.0383909
-0.0429351
-0.0543410
-0.0639985
-0.0626741
-0.0500554
-0.0357415
-0.0302472
-0.0349424
-0.0414607
-0.0412175
-0.0343664
-0.0281087
-0.0268850
-0.0266111
-0.0198952
-0.0057923
0.0074942
0.0100667
-0.0002746
-0.0164866
-0.0295263
-0.0362415
-0.0399754
-0.0446390
-0.0500257
-0.0534847
-0.0547048
-0.0570275
-0.0637867
-0.0741784
-0.0830480
-0.0845878
-0.0768347
-0.0637234
-0.0529663
-0.0506208
-0.0560678
-0.0617611
-0.0589045
-0.0451271
-0.0274636
-0.0168332
-0.0179659
-0.0246112
-0.0259672
-0.0182738
-0.0086497
-0.0062888
-0.0108677
-0.0117602
0.0005264
0.0232029
0.0426593
0.0471076
0.0369793
0.0223810
0.0113017
0.0022038
-0.0112683
-0.0302947
-0.0480027
-0.0565935
-0.0554956
-0.0515088
-0.0517783
-0.0575716
-0.0645680
-0.0682606
-0.0686699
-0.0699756
-0.0757764
-0.0846910
-0.0904248
-0.0863474
-0.0710921
-0.0509169
-0.0363244
-0.0344291
-0.0430890
-0.0528598
-0.0557647
-0.0522072
-0.0487607
-0.0494988
-0.0506159
-0.0443336
-0.0280582
-0.0091034
0.0006126
-0.0044823
-0.0177498
-0.0260337
-0.0217909
-0.0096502
-0.0010053
-0.0024031
-0.0093601
-0.0115446
-0.0041679
0.0058784
0.0061726
-0.0080457
-0.0274951
-0.0374340
-0.0331898
-0.0256932
-0.0299755
-0.0484192
-0.0671762
-0.0704973
-0.0579139
-0.0449737
-0.0457367
-0.0565576
-0.0607238
-0.0493906
-0.0334576
-0.0307499
-0.0435999
-0.0551775
-0.0494948
-0.0275851
0.0063719
0.0764861
0.2400314
0.5405642
0.9420704
1.3120817
1.4874750
1.3794238
1.0320374
0.5883095
0.1978086
-0.0575447
-0.1742388
-0.1908429
-0.1503951
-0.0872624
-0.0294736
0.0027810
0.0051538
-0.0092839
-0.0219543
-0.0240729
-0.0206404
-0.0215559
-0.0312059
-0.0459950
-0.0588395
-0.0645781
-0.0627823
-0.0574882
-0.0540474
-0.0545197
-0.0551932
-0.0493584
-0.0339987
-0.0143418
-0.0006911
0.0009483
-0.0046694
-0.0062464
0.0026634
0.0174288
0.0282931
0.0314467
0.0324546
0.0385999
0.0494107
0.0562707
0.0517004
0.0381493
0.0262258
0.0236216
0.0268411
0.0253586
0.0135973
-0.0031605
-0.0154595
-0.0205348
-0.0246997
-0.0352406
-0.0517355
-0.0666320
-0.0741097
-0.0769657
-0.0834731
-0.0976131
-0.1139127
-0.1227707
-0.1198936
-0.1094183
-0.0987189
-0.0920224
-0.0891158
-0.0882140
-0.0882831
-0.0883996
-0.0857005
-0.0752162
-0.0531882
-0.0214545
0.0118717
0.0372568
0.0502567
0.0539344
0.0553710
0.0595460
0.0657122
0.0693308
0.0678527
0.0642890
0.0639171
0.0672415
0.0678441
0.0588758
0.0414849
0.0252932
0.0193166
0.0223300
0.0233145
0.0130231
-0.0046767
-0.0151343
-0.0089240
0.0051983
0.0066710
-0.0155996
-0.0497775
-0.0712784
-0.0667337
-0.0463205
-0.0313198
-0.0306231
-0.0320598
-0.0179412
0.0133702
0.0451358
0.0615366
0.0649578
0.0706411
0.0863602
0.1026312
0.1048899
0.0920772
0.0792261
0.0812556
0.0968172
0.1103434
0.1093677
0.0970323
0.0859726
0.0819597
0.0772398
0.0608225
0.0324996
0.0041001
-0.0125761
-0.0171457
-0.0196149
-0.0290389
-0.0440136
-0.0545302
-0.0527816
-0.0411135
-0.0286268
-0.0208447
-0.0144579
-0.0025871
0.0161845
0.0351640
0.0456961
0.0453501
0.0397566
0.0363262
0.0366586
0.0362546
0.0319670
0.0280431
0.0327537
0.0489097
0.0690928
0.0812352
0.0791536
0.0679039
0.0589198
0.0594238
0.0663368
0.0709377
0.0691120
0.0652660
0.0651440
0.0663868
0.0588733
0.0354802
0.0016628
-0.0268948
-0.0369239
-0.0281235
-0.0111821
0.0039119
0.0158382
0.0278059
0.0385195
0.0415861
0.0346253
0.0252785
0.0247022
0.0354326
0.0481630
0.0516957
0.0451789
0.0391109
0.0439067
0.0585880
0.0721582
0.0757495
0.0712337
0.0669372
0.0671011
0.0681904
0.0649986
0.0575699
0.0508300
0.0485033
0.0486088
0.0450838
0.0337212
0.0165619
0.0004591
-0.0084159
-0.0082479
-0.0004805
0.0130946
0.0311174
0.0513583
0.0699050
0.0822518
0.0859221
0.0829295
0.0791807
0.0796143
0.0832123
0.0841347
0.0788310
0.0712086
0.0695299
0.0780706
0.0921952
0.1017751
0.0997793
0.0880128
0.0744581
0.0650555
0.0589585
0.0522180
0.0443580
0.0389877
0.0379834
0.0372286
0.0295485
0.0117876
-0.0111499
-0.0291231
-0.0341004
-0.0257207
-0.0102601
0.0053428
0.0180723
0.0287185
0.0397028
0.0535443
0.0707226
0.0867949
0.0934565
0.0860677
0.0707021
0.0611355
0.0676575
0.0921934
0.1398347
0.2357622
0.4210711
0.7146649
1.0668062
1.3543190
1.4412548
1.2671737
0.8908757
0.4521083
0.0851037
-0.1460870
-0.2505158
-0.2696856
-0.2396804
-0.1825921
-0.1166274
-0.0603734
-0.0243942
-0.0046970
0.0099766
0.0248514
0.0356819
0.0374797
0.0328610
0.0301417
0.0346823
0.0435668
0.0488411
0.0458031
0.0379609
0.0331253
0.0343473
0.0359458
0.0298214
0.0153732
0.0019448
0.0007782
0.0141723
0.0322396
0.0409232
0.0344027
0.0196857
0.0083066
0.0044356
0.0031260
-0.0004362
-0.0037184
-0.0009217
0.0079460
0.0152928
0.0137778
0.0044730
-0.0038602
-0.0036912
0.0036085
0.0095425
0.0074226
-0.0019429
-0.0133754
-0.0232370
-0.0301135
-0.0319591
-0.0268342
-0.0172901
-0.0110887
-0.0151904
-0.0290374
-0.0443992
-0.0521561
-0.0498936
-0.0433669
-0.0401609
-0.0417449
-0.0425561
-0.0370309
-0.0260986
-0.0158866
-0.0111635
-0.0110858
-0.0106410
-0.0054997
0.0038993
0.0125593
0.0157841
0.0136997
0.0096458
0.0042114
-0.0067779
-0.0268635
-0.0526840
-0.0746493
-0.0842445
-0.0810632
-0.0733595
-0.0712551
-0.0781108
-0.0884034
-0.0946236
-0.0954140
-0.0955776
-0.0989692
-0.1036824
-0.1046468
-0.0994953
-0.0913101
-0.0861228
-0.0873644
-0.0919355
-0.0921779
-0.0826655
-0.0649640
-0.0457374
-0.0314777
-0.0254266
-0.0273550
-0.0342691
-0.0422953
-0.0496866
-0.0575898
-0.0667759
-0.0744582
-0.0759153
-0.0694302
-0.0591778
-0.0531853
-0.0575893
-0.0711728
-0.0853630
-0.0913198
-0.0878505
-0.0815903
-0.0795833
-0.0830188
-0.0878358
-0.0893712
-0.0861751
-0.0812522
-0.0801262
-0.0860813
-0.0967756
-0.1068205
-0.1139033
-0.1209152
-0.1315180
-0.1445502
-0.1534186
-0.1514384
-0.1390339
-0.1259146
-0.1236214
-0.1335149
-0.1431812
-0.1371961
-0.1118316
-0.0786209
-0.0544195
-0.0484650
-0.0567700
-0.0665261
-0.0666276
-0.0562402
-0.0439766
-0.0387427
-0.0419708
-0.0484287
-0.0527039
-0.0541195
-0.0565605
-0.0638369
-0.0740343
-0.0791021
-0.0728760
-0.0600542
-0.0542415
-0.0651297
-0.0888682
-0.1122044
-0.1251225
-0.1288328
-0.1324132
-0.1422972
-0.1550420
-0.1612517
-0.1570132
-0.1493052
-0.1480532
-0.1545974
-0.1609557
-0.1596346
-0.1512539
-0.1426620
-0.1398922
-0.1428190
-0.1446567
-0.1368442
-0.1163989
-0.0889060
-0.0635544
-0.0456353
-0.0343100
-0.0264170
-0.0212745
-0.0220933
-0.0324921
-0.0505673
-0.0673796
-0.0729314
-0.0600376
-0.0152346
0.0928394
0.3010353
0.6100665
0.9493494
1.1921567
1.2235083
1.0131114
0.6365182
0.2280977
-0.0960599
-0.2868895
-0.3567501
-0.3440060
-0.2870536
-0.2182888
-0.1621277
-0.1287642
-0.1133073
-0.1058798
-0.1020112
-0.1021793
-0.1040339
-0.0990192
-0.0788532
-0.0458399
-0.0148915
-0.0015728
-0.0069360
-0.0172153
-0.0200059
-0.0171533
-0.0191519
-0.0305553
-0.0451451
-0.0536398
-0.0523370
-0.0448746
-0.0383520
-0.0376892
-0.0424111
-0.0489352
-0.0552145
-0.0611205
-0.0654332
-0.0666122
-0.0668078
-0.0705085
-0.0775768
-0.0815476
-0.0771730
-0.0671414
-0.0595291
-0.0599715
-0.0664391
-0.0700910
-0.0626298
-0.0458973
-0.0328616
-0.0350148
-0.0491727
-0.0603713
-0.0574854
-0.0429541
-0.0282259
-0.0231584
-0.0289758
-0.0382186
-0.0421649
-0.0405017
-0.0418622
-0.0525565
-0.0676073
-0.0760629
-0.0726044
-0.0609139
-0.0484146
-0.0408433
-0.0393002
-0.0395731
-0.0364793
-0.0304504
-0.0265183
-0.0256072
-0.0216867
-0.0100276
0.0060401
0.0190054
0.0239305
0.0198701
0.0092816
-0.0019709
-0.0081893
-0.0091459
-0.0087440
-0.0087969
-0.0082857
-0.0073185
-0.0061448
-0.0017157
0.0079814
0.0170946
0.0167422
0.0067498
-0.0040144
-0.0092102
-0.0112561
-0.0161644
-0.0266043
-0.0387043
-0.0424346
-0.0294458
-0.0052646
0.0117552
0.0098691
-0.0028634
-0.0108442
-0.0099370
-0.0068128
-0.0056205
-0.0039126
0.0023176
0.0159969
0.0368103
0.0572980
0.0677177
0.0686045
0.0702485
0.0765686
0.0802023
0.0772456
0.0741621
0.0751291
0.0759790
0.0762456
0.0829973
0.0962583
0.1043541
0.0997462
0.0867470
0.0708836
0.0555469
0.0489680
0.0551516
0.0589863
0.0442226
0.0246246
0.0274691
0.0466745
0.0495221
0.0335487
0.0317894
0.0489402
0.0424184
-0.0066312
