0.0198064
0.0241718
0.0187018
0.0064874
-0.0035729
-0.0045338
0.0044929
0.0166339
0.0188550
0.0007634
-0.0334700
-0.0640627
-0.0722038
-0.0594829
-0.0471728
-0.0533036
-0.0728839
-0.0848288
-0.0773616
-0.0609598
-0.0538541
-0.0597405
-0.0660049
-0.0626845
-0.0552892
-0.0543135
-0.0568693
-0.0469809
-0.0159259
0.0233040
0.0465615
0.0421610
0.0207825
0.0029905
0.0005635
0.0095817
0.0164717
0.0082533
-0.0179344
-0.0487494
-0.0599918
-0.0377760
0.0002957
0.0119077
-0.0307034
-0.1057910
-0.1546625
-0.1369978
-0.0724731
-0.0220277
-0.0279927
-0.0778064
-0.1264582
-0.1449543
-0.1385019
-0.1230462
-0.1004489
-0.0658842
-0.0308731
-0.0223277
-0.0524464
-0.0977792
-0.1181821
-0.0966471
-0.0541304
-0.0239927
-0.0185719
-0.0255552
-0.0315176
-0.0384427
-0.0541928
-0.0747893
-0.0850357
-0.0763783
-0.0572186
-0.0424154
-0.0370134
-0.0350439
-0.0319181
-0.0313599
-0.0382912
-0.0499116
-0.0579162
-0.0568156
-0.0458513
-0.0259275
-0.0029954
0.0058439
-0.0144995
-0.0399713
0.0141762
0.2497987
0.6878100
1.2025352
1.5713031
1.6194373
1.3401625
0.8843813
0.4380822
0.1058051
-0.1067488
-0.2302101
-0.2781449
-0.2529947
-0.1787296
-0.1033413
-0.0644552
-0.0611323
-0.0641924
-0.0501528
-0.0224292
-0.0048832
-0.0204479
-0.0718756
-0.1338144
-0.1634759
-0.1316376
-0.0538533
0.0136458
0.0223639
-0.0200164
-0.0584557
-0.0539661
-0.0291784
-0.0370101
-0.0867109
-0.1218095
-0.0865034
-0.0034820
0.0387402
-0.0148933
-0.1151592
-0.1557408
-0.0893764
0.0203228
0.0702880
0.0282902
-0.0422299
-0.0616990
-0.0192883
0.0290248
0.0321711
-0.0043000
-0.0361219
-0.0313754
0.0062986
0.0540133
0.0917341
0.1073970
0.0963156
0.0679430
0.0476077
0.0571766
0.0892914
0.1091321
0.0897350
0.0429917
0.0082652
0.0097386
0.0319353
0.0413300
0.0265667
0.0086183
0.0101021
0.0225681
0.0125773
-0.0388243
-0.1080723
-0.1457861
-0.1233895
-0.0626819
-0.0178961
-0.0267560
-0.0773354
-0.1219310
-0.1233072
-0.0876016
-0.0529102
-0.0483421
-0.0675035
-0.0820599
-0.0761016
-0.0613076
-0.0587204
-0.0727223
-0.0886460
-0.0930305
-0.0880261
-0.0831202
-0.0797243
-0.0723140
-0.0635293
-0.0680517
-0.0946592
-0.1288710
-0.1430261
-0.1263163
-0.0982354
-0.0862487
-0.0934157
-0.0964014
-0.0770887
-0.0475797
-0.0353951
-0.0466920
-0.0557498
-0.0374310
-0.0032094
0.0072575
-0.0268400
-0.0786380
-0.1015129
-0.0831303
-0.0599132
-0.0718901
-0.1112909
-0.1286284
-0.0916310
-0.0272329
0.0047734
-0.0231398
-0.0776959
-0.1041963
-0.0859244
-0.0562101
-0.0552402
-0.0863933
-0.1196209
-0.1289840
-0.1156566
-0.0948567
-0.0724801
-0.0436723
-0.0099920
0.0135369
0.0131963
-0.0068967
-0.0282415
-0.0341296
-0.0135632
0.0529995
0.2017412
0.4638338
0.8248900
1.2039478
1.4781261
1.5403270
1.3522721
0.9631270
0.4886631
0.0636886
-0.2125384
-0.3143651
-0.2899194
-0.2209619
-0.1694543
-0.1500440
-0.1443363
-0.1342897
-0.1191776
-0.1060520
-0.0951233
-0.0813832
-0.0666360
-0.0606737
-0.0671063
-0.0735941
-0.0628712
-0.0333571
-0.0037383
0.0051391
-0.0099083
-0.0343594
-0.0519116
-0.0560764
-0.0487432
-0.0357535
-0.0276435
-0.0378109
-0.0699523
-0.1065534
-0.1191754
-0.0977153
-0.0660970
-0.0600325
-0.0870540
-0.1157302
-0.1106582
-0.0744463
-0.0462484
-0.0567936
-0.0926622
-0.1122365
-0.0937356
-0.0577151
-0.0385590
-0.0414739
-0.0375546
-0.0019354
0.0516978
0.0815252
0.0612728
0.0088187
-0.0295561
-0.0206119
0.0299215
0.0869390
0.1160894
0.1066616
0.0730338
0.0395358
0.0220715
0.0184111
0.0130446
-0.0069568
-0.0382745
-0.0633265
-0.0675010
-0.0548971
-0.0455335
-0.0555348
-0.0801374
-0.0972185
-0.0883261
-0.0567497
-0.0255698
-0.0181709
-0.0394456
-0.0737495
-0.0995609
-0.1065161
-0.1002549
-0.0931254
-0.0917271
-0.0933056
-0.0920148
-0.0856688
-0.0755758
-0.0628584
-0.0491253
-0.0407354
-0.0469301
-0.0685449
-0.0901791
-0.0909051
-0.0674805
-0.0433363
-0.0468882
-0.0785310
-0.1047863
-0.0916987
-0.0435194
-0.0020714
-0.0042788
-0.0437793
-0.0796211
-0.0820153
-0.0631374
-0.0591119
-0.0859950
-0.1213989
-0.1317187
-0.1112507
-0.0868827
-0.0841777
-0.0969147
-0.0974382
-0.0748754
-0.0527477
-0.0613246
-0.0969788
-0.1211908
-0.1059855
-0.0722595
-0.0692342
-0.1130895
-0.1589227
-0.1475407
-0.0776862
-0.0154506
-0.0222991
-0.0836175
-0.1252784
-0.1013394
-0.0469058
-0.0307540
-0.0669519
-0.0975322
-0.0693751
-0.0077943
0.0093131
-0.0508894
-0.1246360
-0.1072668
0.0523783
0.3256596
0.6570744
1.0087597
1.3358267
1.5427055
1.5112784
1.2011478
0.7157374
0.2469620
-0.0590051
-0.1860021
-0.2113825
-0.2073075
-0.1886512
-0.1425515
-0.0785614
-0.0318691
-0.0251796
-0.0459277
-0.0667707
-0.0779685
-0.0897061
-0.1071268
-0.1163657
-0.1015297
-0.0696024
-0.0498488
-0.0664670
-0.1145169
-0.1632640
-0.1808902
-0.1570621
-0.1081043
-0.0655524
-0.0562245
-0.0839707
-0.1257196
-0.1492701
-0.1412795
-0.1183762
-0.1071297
-0.1131802
-0.1155170
-0.0940055
-0.0569847
-0.0337322
-0.0398672
-0.0586747
-0.0619216
-0.0435978
-0.0240347
-0.0210465
-0.0273516
-0.0232664
-0.0052731
0.0094882
0.0079979
-0.0006476
-0.0000143
0.0076816
0.0036612
-0.0170855
-0.0298429
-0.0061130
0.0474838
0.0885011
0.0821116
0.0384983
-0.0001065
-0.0059237
0.0095647
0.0167537
0.0024761
-0.0240021
-0.0515958
-0.0791603
-0.1034685
-0.1086632
-0.0818417
-0.0379638
-0.0155032
-0.0379447
-0.0838504
-0.1047492
-0.0749611
-0.0182765
0.0174587
0.0074162
-0.0326090
-0.0700955
-0.0868080
-0.0840777
-0.0684977
-0.0451267
-0.0244957
-0.0232533
-0.0472689
-0.0774586
-0.0839693
-0.0595010
-0.0319791
-0.0359168
-0.0726169
-0.1077207
-0.1121045
-0.0976651
-0.1023017
-0.1396893
-0.1757162
-0.1649410
-0.1075724
-0.0580010
-0.0689438
-0.1312132
-0.1783282
-0.1542853
-0.0718994
0.0009225
0.0104314
-0.0334005
-0.0762209
-0.0792845
-0.0519030
-0.0271169
-0.0184164
-0.0113343
0.0054999
0.0157744
-0.0070614
-0.0612297
-0.1082925
-0.1110589
-0.0752715
-0.0444925
-0.0523607
-0.0878398
-0.1132127
-0.1103454
-0.0978376
-0.1007649
-0.1154616
-0.1164893
-0.0959153
-0.0805408
-0.0997857
-0.1424737
-0.1602390
-0.1205073
-0.0489281
-0.0087294
-0.0360940
-0.1017187
-0.1397310
-0.1116915
-0.0395249
0.0205088
0.0299129
-0.0046085
-0.0458443
-0.0607727
-0.0443242
-0.0184509
-0.0117122
-0.0348612
-0.0711833
-0.0924563
-0.0885376
-0.0788627
-0.0875744
-0.1076194
-0.1020756
-0.0518939
0.0063484
0.0145111
-0.0212828
0.0066317
0.2278689
0.6584605
1.1504590
1.4908887
1.5560221
1.3704396
1.0339832
0.6257913
0.1963258
-0.1769891
-0.3849746
-0.3720771
-0.2122074
-0.0634127
-0.0315791
-0.0900436
-0.1403807
-0.1336936
-0.1087827
-0.1174444
-0.1472307
-0.1423380
-0.0870258
-0.0353915
-0.0464275
-0.1087256
-0.1512493
-0.1256959
-0.0587494
-0.0156068
-0.0259880
-0.0611454
-0.0790649
-0.0739429
-0.0720994
-0.0891844
-0.1071638
-0.0978329
-0.0608097
-0.0291692
-0.0355514
-0.0758574
-0.1098017
-0.0994898
-0.0484694
-0.0013309
-0.0012005
-0.0457562
-0.0879147
-0.0837708
-0.0389416
-0.0027394
-0.0152696
-0.0654643
-0.1056762
-0.1034981
-0.0709788
-0.0428112
-0.0366227
-0.0433103
-0.0500446
-0.0571987
-0.0666546
-0.0651329
-0.0347432
0.0187248
0.0609708
0.0623106
0.0312847
0.0057395
0.0105002
0.0330311
0.0446183
0.0362328
0.0226670
0.0145730
0.0015129
-0.0289165
-0.0640549
-0.0731295
-0.0440482
-0.0026997
0.0127848
-0.0075774
-0.0398637
-0.0591063
-0.0661038
-0.0757300
-0.0883438
-0.0871757
-0.0655070
-0.0438704
-0.0500411
-0.0855432
-0.1217551
-0.1307737
-0.1128048
-0.0895583
-0.0777282
-0.0771397
-0.0817542
-0.0906002
-0.1027554
-0.1096280
-0.1022450
-0.0849257
-0.0723066
-0.0697507
-0.0648918
-0.0461719
-0.0249333
-0.0271059
-0.0592142
-0.0920787
-0.0891441
-0.0506900
-0.0203352
-0.0402157
-0.0992730
-0.1270438
-0.0377857
0.2149254
0.6098529
1.0606404
1.4383869
1.6119921
1.5043172
1.1394295
0.6415858
0.1739179
-0.1439150
-0.2799336
-0.2731211
-0.1867598
-0.0769275
0.0121060
0.0480572
0.0232433
-0.0346949
-0.0782434
-0.0777175
-0.0461620
-0.0243032
-0.0397671
-0.0820952
-0.1168227
-0.1199769
-0.0964112
-0.0681114
-0.0515242
-0.0485218
-0.0534607
-0.0607830
-0.0644437
-0.0571364
-0.0375272
-0.0176822
-0.0163830
-0.0404044
-0.0745897
-0.0951226
-0.0932526
-0.0825365
-0.0809329
-0.0887088
-0.0879627
-0.0637858
-0.0221505
0.0151456
0.0309951
0.0259200
0.0127699
0.0039905
0.0061439
0.0221281
0.0515804
0.0869505
0.1137627
0.1206499
0.1107630
0.1007141
0.1055386
0.1243548
0.1417746
0.1434694
0.1292465
0.1101408
0.0935882
0.0736685
0.0382545
-0.0130715
-0.0595770
-0.0723174
-0.0420575
0.0041081
0.0194135
-0.0207702
-0.0902616
-0.1302816
-0.1044120
-0.0378988
0.0025371
-0.0266235
-0.1010989
-0.1519775
-0.1341250
-0.0689191
-0.0184229
-0.0220598
-0.0640257
-0.1004205
-0.1080751
-0.0996536
-0.0961398
-0.0974131
-0.0865457
-0.0571118
-0.0258569
-0.0152372
-0.0286681
-0.0479021
-0.0533253
-0.0426279
-0.0294919
-0.0282791
-0.0423501
-0.0641653
-0.0822737
-0.0882792
-0.0811479
-0.0673602
-0.0555513
-0.0491988
-0.0452769
-0.0410353
-0.0399177
-0.0474482
-0.0618616
-0.0736163
-0.0770696
-0.0791820
-0.0909662
-0.1103345
-0.1202001
-0.1089408
-0.0894353
-0.0892670
-0.1185027
-0.1526699
-0.1550229
-0.1161907
-0.0663675
-0.0451556
-0.0621780
-0.0907233
-0.0979177
-0.0759634
-0.0435701
-0.0233947
-0.0236477
-0.0385102
-0.0575766
-0.0711751
-0.0727103
-0.0637791
-0.0559649
-0.0591480
-0.0647074
-0.0485810
-0.0012937
0.0470088
0.0456522
-0.0216462
-0.1059268
-0.1318886
-0.0753666
0.0047127
0.0223635
-0.0466573
-0.1399073
-0.1752891
-0.1353189
-0.0763413
-0.0584855
-0.0811949
-0.0956572
-0.0708181
-0.0298720
-0.0169149
-0.0403435
-0.0639005
-0.0534362
-0.0184306
0.0050346
0.0116872
0.0574179
0.2224466
0.5366482
0.9335745
1.2735004
1.4192963
1.3121814
0.9986968
0.5953094
0.2191645
-0.0644819
-0.2449470
-0.3321951
-0.3318706
-0.2565080
-0.1493185
-0.0751750
-0.0728180
-0.1181858
-0.1476120
-0.1235727
-0.0718927
-0.0480237
-0.0718227
-0.1066471
-0.1044076
-0.0602322
-0.0134536
0.0002423
-0.0149023
-0.0284342
-0.0220629
-0.0040577
0.0100810
0.0175614
0.0232951
0.0240008
0.0092443
-0.0208757
-0.0483745
-0.0541977
-0.0393105
-0.0231938
-0.0218101
-0.0324549
-0.0421511
-0.0458974
-0.0509856
-0.0639603
-0.0789827
-0.0831169
-0.0721369
-0.0577517
-0.0573127
-0.0764431
-0.1020246
-0.1121411
-0.0938092
-0.0534024
-0.0117542
0.0116285
0.0127249
0.0047870
0.0070936
0.0302274
0.0690559
0.1070354
0.1269964
0.1212228
0.0959365
0.0677090
0.0523786
0.0528899
0.0564312
0.0454694
0.0139386
-0.0268998
-0.0588594
-0.0726698
-0.0734005
-0.0721060
-0.0751167
-0.0820438
-0.0905414
-0.0985975
-0.1023611
-0.0965689
-0.0806992
-0.0628753
-0.0535060
-0.0541893
-0.0556858
-0.0484844
-0.0333173
-0.0189022
-0.0107296
-0.0058194
0.0005568
0.0066440
0.0064345
-0.0008379
-0.0077430
-0.0070753
-0.0003853
0.0049979
0.0058703
0.0058023
0.0074437
0.0070425
0.0004371
-0.0084468
-0.0114284
-0.0095054
-0.0159609
-0.0396453
-0.0673464
-0.0719221
-0.0432831
-0.0059570
0.0039016
-0.0190881
-0.0385892
-0.0161639
0.0406614
0.0796753
0.0578560
-0.0113990
-0.0712092
-0.0789956
-0.0440106
-0.0072909
0.0046458
-0.0037953
-0.0214327
-0.0524963
-0.1027616
-0.1514943
-0.1567335
-0.0991428
-0.0136801
0.0353560
0.0148672
-0.0462647
-0.0891515
-0.0825749
-0.0446683
-0.0126821
-0.0024086
-0.0018039
0.0037946
0.0126902
0.0156750
0.0142756
0.0197937
0.0343095
0.0419632
0.0263332
-0.0061373
-0.0284588
-0.0226736
-0.0010486
0.0134871
0.0334708
0.1254703
0.3642259
0.7516414
1.1774891
1.4704538
1.5049259
1.2750033
0.8796554
0.4466380
0.0688673
-0.2062174
-0.3575923
-0.3840523
-0.3144882
-0.2045279
-0.1057098
-0.0358951
0.0148488
0.0520097
0.0615669
0.0322709
-0.0164494
-0.0431628
-0.0251457
0.0167275
0.0397929
0.0231567
-0.0162971
-0.0493078
-0.0663497
-0.0792119
-0.0965257
-0.1085437
-0.1002832
-0.0740756
-0.0516727
-0.0526461
-0.0739932
-0.0930436
-0.0895875
-0.0645728
-0.0380593
-0.0291912
-0.0371710
-0.0419165
-0.0252929
0.0077522
0.0320389
0.0292303
0.0106171
0.0074046
0.0353223
0.0730456
0.0829457
0.0546599
0.0213363
0.0257830
0.0720593
0.1183073
0.1210060
0.0812619
0.0414235
0.0379875
0.0652268
0.0874695
0.0802675
0.0516622
0.0244707
0.0077012
-0.0073928
-0.0273000
-0.0433150
-0.0436103
-0.0323088
-0.0277965
-0.0409534
-0.0612964
-0.0689598
-0.0575787
-0.0407566
-0.0366502
-0.0507984
-0.0752779
-0.0995836
-0.1167906
-0.1205924
-0.1046224
-0.0713246
-0.0392732
-0.0330937
-0.0601117
-0.0986686
-0.1154701
-0.0983494
-0.0715261
-0.0755474
-0.1283227
-0.2030928
-0.2460115
-0.2215246
-0.1466615
-0.0807564
-0.0752534
-0.1275135
-0.1831324
-0.1867762
-0.1332378
-0.0689555
-0.0442434
-0.0667304
-0.1026471
-0.1186168
-0.1136459
-0.1080105
-0.1100282
-0.1057355
-0.0824475
-0.0517518
-0.0397081
-0.0564742
-0.0845402
-0.1001968
-0.1005017
-0.1024252
-0.1176006
-0.1370027
-0.1453603
-0.1444128
-0.1511725
-0.1710124
-0.1822551
-0.1578982
-0.1015924
-0.0515010
-0.0413674
-0.0618990
-0.0703180
-0.0416283
-0.0030462
-0.0056008
-0.0555235
-0.0789498
0.0330988
0.3333121
0.7636562
1.1857525
1.4631347
1.5233895
1.3646643
1.0310570
0.5963315
0.1597650
-0.1731882
-0.3361315
-0.3403717
-0.2636464
-0.1900051
-0.1543121
-0.1410926
-0.1280367
-0.1190084
-0.1325101
-0.1688787
-0.2013871
-0.2016891
-0.1678552
-0.1241822
-0.0976899
-0.0992988
-0.1241230
-0.1595538
-0.1874756
-0.1864766
-0.1463530
-0.0855621
-0.0451026
-0.0539527
-0.0999547
-0.1410151
-0.1463738
-0.1228404
-0.1008600
-0.1022246
-0.1259463
-0.1594474
-0.1921434
-0.2141149
-0.2101100
-0.1682502
-0.0997458
-0.0421188
-0.0311867
-0.0664381
-0.1091354
-0.1181360
-0.0860203
-0.0402462
-0.0137319
-0.0159474
-0.0269340
-0.0149118
0.0359835
0.1081761
0.1604447
0.1609193
0.1146594
0.0590694
0.0307617
0.0346167
0.0437856
0.0312171
0.0012492
-0.0158351
-0.0052686
0.0048355
-0.0271538
-0.0996186
-0.1579486
-0.1516056
-0.0896318
-0.0274619
