0.0359032
0.0287747
0.0198011
0.0140910
0.0110266
0.0078108
0.0048350
0.0065298
0.0169574
0.0350907
0.0546980
0.0689237
0.0753147
0.0769457
0.0789398
0.0837684
0.0898328
0.0946971
0.0993437
0.1080678
0.1230550
0.1394194
0.1474585
0.1413583
0.1253138
0.1095315
0.0997148
0.0917541
0.0778512
0.0567376
0.0354466
0.0203985
0.0091046
-0.0066299
-0.0296233
-0.0524369
-0.0654681
-0.0683910
-0.0705763
-0.0795164
-0.0913542
-0.0954146
-0.0875922
-0.0764844
-0.0747031
-0.0853600
-0.0991624
-0.1048970
-0.1009534
-0.0954162
-0.0959400
-0.1014344
-0.1040314
-0.0977842
-0.0841553
-0.0693133
-0.0573854
-0.0471184
-0.0347480
-0.0192986
-0.0046080
0.0038769
0.0042456
0.0000408
-0.0031515
-0.0032896
-0.0039689
-0.0104522
-0.0233461
-0.0366961
-0.0431523
-0.0412154
-0.0367431
-0.0366659
-0.0414283
-0.0444894
-0.0397994
-0.0293373
-0.0223106
-0.0264010
-0.0401680
-0.0547435
-0.0629814
-0.0660594
-0.0703809
-0.0786044
-0.0854388
-0.0834649
-0.0724553
-0.0610611
-0.0582554
-0.0641829
-0.0713168
-0.0745681
-0.0775084
-0.0861171
-0.0976461
-0.1001422
-0.0858750
-0.0630778
-0.0496708
-0.0538599
-0.0644084
-0.0636342
-0.0482701
-0.0321911
-0.0272137
-0.0272096
-0.0176867
0.0019842
0.0185896
0.0371163
0.1075566
0.3008145
0.6390611
1.0439105
1.3616078
1.4547892
1.2865395
0.9311263
0.5148715
0.1461893
-0.1153441
-0.2516540
-0.2722232
-0.2105757
-0.1194024
-0.0502422
-0.0271684
-0.0384741
-0.0551651
-0.0583159
-0.0504077
-0.0447226
-0.0485802
-0.0580346
-0.0657676
-0.0702144
-0.0757455
-0.0855212
-0.0961661
-0.1000709
-0.0925521
-0.0765308
-0.0602580
-0.0502436
-0.0459278
-0.0411163
-0.0309016
-0.0172379
-0.0073142
-0.0062069
-0.0116422
-0.0167517
-0.0178929
-0.0186005
-0.0248151
-0.0367179
-0.0470690
-0.0488018
-0.0433762
-0.0396326
-0.0437766
-0.0521315
-0.0555355
-0.0502625
-0.0422022
-0.0393089
-0.0420673
-0.0442543
-0.0429282
-0.0440735
-0.0552245
-0.0735088
-0.0851978
-0.0798166
-0.0630337
-0.0518801
-0.0560461
-0.0663479
-0.0642064
-0.0418538
-0.0105565
0.0118722
0.0193772
0.0213148
0.0289480
0.0417575
0.0490576
0.0433196
0.0284989
0.0143156
0.0049131
-0.0040746
-0.0177619
-0.0343766
-0.0470782
-0.0519732
-0.0520037
-0.0527366
-0.0563893
-0.0614719
-0.0670111
-0.0743075
-0.0834629
-0.0902119
-0.0890079
-0.0796077
-0.0683900
-0.0615256
-0.0580867
-0.0523708
-0.0432425
-0.0383975
-0.0466506
-0.0663108
-0.0839076
-0.0863145
-0.0734543
-0.0574756
-0.0496297
-0.0498562
-0.0499268
-0.0445589
-0.0365859
-0.0313781
-0.0293813
-0.0265256
-0.0207970
-0.0154480
-0.0147196
-0.0181693
-0.0210703
-0.0199386
-0.0157869
-0.0113880
-0.0070401
-0.0008819
0.0070085
0.0129666
0.0132871
0.0082362
0.0010131
-0.0067362
-0.0162648
-0.0277851
-0.0370564
-0.0385254
-0.0323797
-0.0264802
-0.0292473
-0.0408929
-0.0536355
-0.0612681
-0.0664846
-0.0763280
-0.0909793
-0.1004607
-0.0947185
-0.0755147
-0.0554538
-0.0450473
-0.0434502
-0.0434358
-0.0428311
-0.0468255
-0.0584240
-0.0707759
-0.0730476
-0.0632282
-0.0511917
-0.0476049
-0.0527942
-0.0592971
-0.0629803
-0.0665469
-0.0714642
-0.0721004
-0.0628619
-0.0487735
-0.0421960
-0.0471094
-0.0526443
-0.0477774
-0.0376260
-0.0320074
-0.0104427
0.0919679
0.3422859
0.7357664
1.1614441
1.4522625
1.4862389
1.2565039
0.8597174
0.4270556
0.0611809
-0.1841647
-0.2950551
-0.2879413
-0.2062068
-0.1081314
-0.0411787
-0.0202788
-0.0297369
-0.0454213
-0.0547858
-0.0590579
-0.0630779
-0.0676668
-0.0703198
-0.0687291
-0.0618016
-0.0494753
-0.0339775
-0.0205745
-0.0144295
-0.0155548
-0.0183344
-0.0178610
-0.0164159
-0.0215991
-0.0368513
-0.0549021
-0.0625780
-0.0529784
-0.0325431
-0.0156519
-0.0121379
-0.0197563
-0.0281520
-0.0296359
-0.0261196
-0.0259554
-0.0345071
-0.0482256
-0.0580897
-0.0585832
-0.0528548
-0.0488907
-0.0509529
-0.0554688
-0.0558102
-0.0506450
-0.0461514
-0.0488640
-0.0568913
-0.0601178
-0.0504278
-0.0312343
-0.0153733
-0.0126695
-0.0198772
-0.0237130
-0.0142401
0.0049951
0.0204895
0.0222462
0.0131432
0.0047799
0.0048730
0.0097818
0.0093471
-0.0021821
-0.0209268
-0.0383689
-0.0500218
-0.0583156
-0.0675108
-0.0772636
-0.0823116
-0.0783710
-0.0674408
-0.0567553
-0.0526253
-0.0553199
-0.0595705
-0.0599153
-0.0559931
-0.0528377
-0.0553843
-0.0621644
-0.0651501
-0.0573097
-0.0407937
-0.0264900
-0.0240518
-0.0323138
-0.0408091
-0.0415431
-0.0382906
-0.0424395
-0.0593023
-0.0803893
-0.0911550
-0.0861137
-0.0744578
-0.0699877
-0.0767386
-0.0858685
-0.0862844
-0.0767811
-0.0669289
-0.0666034
-0.0755894
-0.0836946
-0.0805727
-0.0650961
-0.0455699
-0.0316483
-0.0262985
-0.0249355
-0.0214427
-0.0145832
-0.0085122
-0.0072178
-0.0091104
-0.0080952
-0.0004618
0.0099311
0.0143079
0.0070901
-0.0089193
-0.0254639
-0.0364688
-0.0424204
-0.0475201
-0.0535964
-0.0580496
-0.0580577
-0.0555284
-0.0561520
-0.0631815
-0.0734483
-0.0807518
-0.0828180
-0.0835486
-0.0878329
-0.0950372
-0.0988648
-0.0938026
-0.0808017
-0.0661727
-0.0559488
-0.0524370
-0.0549828
-0.0608572
-0.0643372
-0.0585309
-0.0423541
-0.0237782
-0.0075309
0.0273458
0.1335569
0.3637171
0.7152600
1.0997930
1.3746447
1.4228565
1.2226403
0.8543528
0.4461902
0.1064530
-0.1116295
-0.2053864
-0.2019418
-0.1417764
-0.0676493
-0.0124808
0.0111846
0.0107819
0.0010291
-0.0095514
-0.0208956
-0.0337520
-0.0441503
-0.0471254
-0.0435001
-0.0395366
-0.0394243
-0.0406332
-0.0384816
-0.0339904
-0.0345163
-0.0455712
-0.0633015
-0.0768317
-0.0784737
-0.0707019
-0.0623041
-0.0583519
-0.0554732
-0.0473520
-0.0333442
-0.0199957
-0.0141977
-0.0162733
-0.0204533
-0.0212890
-0.0185076
-0.0156360
-0.0150137
-0.0152610
-0.0136716
-0.0100387
-0.0071412
-0.0075870
-0.0109469
-0.0140535
-0.0134086
-0.0072817
0.0032934
0.0145405
0.0215658
0.0215040
0.0157115
0.0081951
0.0011662
-0.0074741
-0.0210942
-0.0382833
-0.0509514
-0.0504484
-0.0364385
-0.0185893
-0.0080449
-0.0074236
-0.0103903
-0.0109048
-0.0109443
-0.0176008
-0.0332569
-0.0506913
-0.0592771
-0.0557966
-0.0480092
-0.0468151
-0.0552430
-0.0659038
-0.0691797
-0.0628978
-0.0534302
-0.0481496
-0.0480025
-0.0475983
-0.0417207
-0.0310845
-0.0217553
-0.0193534
-0.0241806
-0.0319070
-0.0382735
-0.0424129
-0.0459631
-0.0502330
-0.0548706
-0.0585397
-0.0599680
-0.0585977
-0.0552277
-0.0523484
-0.0530036
-0.0581968
-0.0651569
-0.0690372
-0.0673556
-0.0626392
-0.0595589
-0.0591205
-0.0570717
-0.0494504
-0.0390058
-0.0340127
-0.0397726
-0.0522738
-0.0614530
-0.0607211
-0.0527118
-0.0457023
-0.0450475
-0.0485174
-0.0495762
-0.0442842
-0.0346034
-0.0257496
-0.0214347
-0.0216429
-0.0238085
-0.0253900
-0.0258457
-0.0268172
-0.0301207
-0.0349948
-0.0376252
-0.0342976
-0.0254576
-0.0162907
-0.0125798
-0.0154306
-0.0200737
-0.0204663
-0.0155692
-0.0106919
-0.0118621
-0.0189331
-0.0251746
-0.0241448
-0.0164431
-0.0090926
-0.0084228
-0.0141155
-0.0204948
-0.0233466
-0.0246766
-0.0300282
-0.0412954
-0.0533283
-0.0584767
-0.0540713
-0.0446346
-0.0369375
-0.0337909
-0.0328920
-0.0309145
-0.0278134
-0.0268632
-0.0307511
-0.0380854
-0.0440324
-0.0443348
-0.0387039
-0.0308624
-0.0258742
-0.0267860
-0.0322427
-0.0368078
-0.0350531
-0.0269946
-0.0193373
-0.0197518
-0.0288323
-0.0381327
-0.0374757
-0.0252601
-0.0115046
-0.0096502
-0.0242829
-0.0466569
-0.0624203
-0.0636649
-0.0537329
-0.0416374
-0.0331604
-0.0269942
-0.0178256
-0.0023336
0.0170237
0.0332216
0.0400228
0.0372340
0.0310720
0.0286675
0.0313115
0.0331123
0.0273407
0.0147780
0.0047280
0.0058830
0.0160438
0.0229484
0.0167713
0.0006678
-0.0129737
-0.0164438
-0.0147755
-0.0190208
-0.0329796
-0.0486091
-0.0548166
-0.0492285
-0.0399800
-0.0365652
-0.0407100
-0.0465777
-0.0480370
-0.0441105
-0.0382699
-0.0343577
-0.0330444
-0.0305635
-0.0211093
-0.0029944
0.0166255
0.0259347
0.0203562
0.0091182
0.0061620
0.0145859
0.0272976
0.0514199
0.1306537
0.3280886
0.6664817
1.0753369
1.4044463
1.5090594
1.3424071
0.9802058
0.5625755
0.2087568
-0.0289741
-0.1545770
-0.1936429
-0.1727891
-0.1193295
-0.0627538
-0.0258984
-0.0143443
-0.0178645
-0.0231469
-0.0243465
-0.0230749
-0.0225356
-0.0239936
-0.0268925
-0.0293471
-0.0283806
-0.0217820
-0.0108505
-0.0004450
0.0048817
0.0049535
0.0035801
0.0037929
0.0040424
0.0000442
-0.0096059
-0.0207887
-0.0276036
-0.0282258
-0.0263273
-0.0270591
-0.0323008
-0.0395230
-0.0445679
-0.0458194
-0.0464616
-0.0524007
-0.0667223
-0.0855342
-0.0998306
-0.1024648
-0.0941268
-0.0829600
-0.0781614
-0.0831136
-0.0938892
-0.1040056
-0.1104006
-0.1148328
-0.1202710
-0.1269662
-0.1320509
-0.1320984
-0.1259119
-0.1156192
-0.1051900
-0.0968522
-0.0884463
-0.0753170
-0.0559014
-0.0350298
-0.0203221
-0.0145254
-0.0118197
-0.0029080
0.0151530
0.0342305
0.0414033
0.0309487
0.0098202
-0.0092451
-0.0193953
-0.0236973
-0.0285554
-0.0353806
-0.0399578
-0.0391523
-0.0364015
-0.0392116
-0.0510434
-0.0667546
-0.0774444
-0.0798049
-0.0792305
-0.0829102
-0.0910562
-0.0965055
-0.0927895
-0.0812323
-0.0695232
-0.0639855
-0.0640764
-0.0644804
-0.0616195
-0.0568608
-0.0533176
-0.0513095
-0.0486291
-0.0443798
-0.0401194
-0.0367663
-0.0326218
-0.0260820
-0.0189699
-0.0148582
-0.0139923
-0.0120398
-0.0054842
0.0027683
0.0057580
0.0013904
-0.0033693
-0.0001341
0.0099964
0.0173885
0.0170785
0.0163192
0.0240191
0.0351518
0.0335401
0.0130623
-0.0107479
-0.0184599
-0.0135858
-0.0177701
-0.0274532
0.0193679
0.2108079
0.5726982
1.0061664
1.3258289
1.3804860
1.1545694
0.7651355
0.3681900
0.0642942
-0.1254677
-0.2214517
-0.2441044
-0.2076578
-0.1353429
-0.0620004
-0.0153571
0.0013139
0.0042506
0.0088715
0.0169726
0.0215147
0.0182891
0.0104645
0.0042664
0.0030397
0.0050817
0.0053774
-0.0007558
-0.0142011
-0.0308782
-0.0441562
-0.0497336
-0.0493940
-0.0499046
-0.0571369
-0.0707951
-0.0854349
-0.0964626
-0.1035922
-0.1077626
-0.1065910
-0.0954824
-0.0737525
-0.0481805
-0.0289112
-0.0208993
-0.0190728
-0.0125417
0.0052369
0.0300142
0.0509106
0.0611868
0.0644402
0.0702567
0.0846379
0.1049043
0.1230548
0.1334892
0.1377993
0.1423214
0.1508916
0.1603455
0.1638497
0.1585217
0.1487991
0.1418284
0.1398355
0.1372250
0.1252344
0.0998720
0.0655765
0.0307209
-0.0004263
-0.0301841
-0.0615987
-0.0919438
-0.1141588
-0.1245188
-0.1270854
-0.1298640
-0.1373176
-0.1471485
-0.1539848
-0.1555275
-0.1545599
-0.1548323
-0.1557997
-0.1526364
-0.1415951
-0.1244677
-0.1075199
-0.0966636
-0.0934447
-0.0944485
-0.0942325
-0.0899000
-0.0833333
-0.0782779
-0.0753288
-0.0713901
-0.0649732
-0.0607105
-0.0665985
-0.0859545
-0.1125630
-0.1348071
-0.1455510
-0.1479388
-0.1505257
-0.1567221
-0.1609106
-0.1562257
-0.1444181
-0.1353120
-0.1364375
-0.1453656
-0.1532451
-0.1545888
-0.1521134
-0.1519328
-0.1551378
-0.1556144
-0.1469745
-0.1306513
-0.1151659
-0.1069907
-0.1038078
-0.0977969
-0.0844452
-0.0670935
-0.0537091
-0.0502025
-0.0560651
-0.0651449
-0.0706888
-0.0705245
-0.0678290
-0.0671105
-0.0697571
-0.0733191
-0.0746191
-0.0735522
-0.0738375
-0.0790774
-0.0874682
-0.0919748
-0.0878786
-0.0796474
-0.0778114
-0.0881445
-0.1053868
-0.1185700
-0.1216323
-0.1178992
-0.1145745
-0.1139205
-0.1108678
-0.0998440
-0.0830973
-0.0702330
-0.0686784
-0.0761314
-0.0838585
-0.0864463
-0.0865142
-0.0899115
-0.0978108
-0.1046132
-0.1040139
-0.0969007
-0.0917306
-0.0952981
-0.1039389
-0.1070017
-0.0999895
-0.0911046
-0.0917996
-0.1023182
-0.1104706
-0.1059060
-0.0927088
-0.0843349
-0.0861430
-0.0874379
-0.0749366
-0.0507523
-0.0260295
0.0109793
0.1137621
0.3459418
0.7141142
1.1274297
1.4311889
1.4957552
1.2923847
0.9012212
0.4553104
0.0707917
-0.1901965
-0.3169860
-0.3319411
-0.2757335
-0.1953997
-0.1291121
-0.0934645
-0.0837949
-0.0863770
-0.0905126
-0.0923812
-0.0925223
-0.0922730
-0.0918040
-0.0899132
-0.0848858
-0.0756441
-0.0629100
-0.0497714
-0.0399470
-0.0340095
-0.0282825
-0.0197755
-0.0118036
-0.0116721
-0.0217915
-0.0355963
-0.0442117
-0.0459711
-0.0475372
-0.0557239
-0.0693891
-0.0803547
-0.0828421
-0.0811678
-0.0857040
-0.1001475
-0.1153037
-0.1183815
-0.1074384
-0.0935801
-0.0887590
-0.0939742
-0.1003449
-0.0998830
-0.0934768
-0.0882564
-0.0880542
-0.0881141
-0.0808169
-0.0659355
-0.0523938
-0.0488484
-0.0548059
-0.0626187
-0.0664199
-0.0671372
-0.0697263
-0.0771170
-0.0864844
-0.0908569
-0.0853694
-0.0725544
-0.0604371
-0.0549280
-0.0550774
-0.0558908
-0.0543647
-0.0523693
-0.0546713
-0.0640988
-0.0776441
-0.0880345
-0.0907622
-0.0887839
-0.0882678
-0.0905629
-0.0911485
-0.0863704
-0.0781900
-0.0711103
-0.0662263
-0.0598442
-0.0480352
-0.0323881
-0.0204187
-0.0183832
-0.0235739
-0.0266219
-0.0228281
-0.0180823
-0.0206542
-0.0293698
-0.0338873
-0.0266726
-0.0120085
-0.0021923
-0.0054435
-0.0176538
-0.0263693
-0.0237635
-0.0148012
-0.0105366
-0.0143431
-0.0185022
-0.0148891
-0.0050202
0.0026400
0.0027141
-0.0021052
-0.0049116
-0.0020203
0.0030429
0.0031515
-0.0040587
-0.0129288
-0.0169760
-0.0175831
-0.0218371
-0.0322272
-0.0424307
-0.0444637
-0.0377648
-0.0302023
-0.0306767
-0.0399909
-0.0485717
-0.0456133
-0.0319999
-0.0211090
-0.0239863
-0.0364865
-0.0447906
-0.0417283
-0.0335591
-0.0310321
-0.0367478
-0.0418433
-0.0345525
-0.0130938
0.0099642
0.0186557
0.0092806
-0.0076785
-0.0209455
-0.0290868
-0.0368326
-0.0461555
-0.0542347
-0.0572069
-0.0535450
-0.0459001
-0.0405670
-0.0424581
-0.0500173
-0.0575854
-0.0622174
-0.0649009
-0.0662428
-0.0654730
-0.0632537
-0.0612105
-0.0592654
-0.0574183
-0.0588265
-0.0664664
-0.0777604
-0.0867599
-0.0902864
-0.0882136
-0.0804985
-0.0689251
-0.0593044
-0.0564245
-0.0579221
-0.0568445
-0.0486393
-0.0338725
-0.0181319
-0.0106470
-0.0160503
-0.0247294
-0.0203228
-0.0015332
0.0154295
0.0288933
0.0813957
0.2422225
0.5487928
0.9559645
1.3365700
1.5415399
1.4860221
1.1977487
0.7865465
0.3693949
0.0251520
-0.2013580
-0.2916426
-0.2657312
-0.1808316
-0.0974351
-0.0477266
-0.0344362
-0.0424561
-0.0479943
-0.0366768
-0.0203054
-0.0189890
-0.0258251
-0.0160750
0.0033649
-0.0114894
-0.0795700
