-0.1128639
-0.1054743
-0.1044796
-0.1111477
-0.1206739
-0.1239937
-0.1164396
-0.1046324
-0.1014538
-0.1117895
-0.1249304
-0.1245714
-0.1069906
-0.0865493
-0.0811004
-0.0934374
-0.1097445
-0.1158160
-0.1114534
-0.1074629
-0.1114378
-0.1201729
-0.1254969
-0.1234367
-0.1156142
-0.1046403
-0.0923021
-0.0820856
-0.0791600
-0.0849733
-0.0936772
-0.0973334
-0.0949378
-0.0935327
-0.0989967
-0.1078740
-0.1109141
-0.1040235
-0.0928233
-0.0855683
-0.0841609
-0.0844844
-0.0840313
-0.0853052
-0.0902891
-0.0943177
-0.0888056
-0.0702276
-0.0441995
-0.0197953
-0.0013647
0.0129717
0.0265474
0.0407028
0.0562476
0.0755671
0.1010064
0.1317828
0.1641386
0.1940728
0.2176331
0.2279541
0.2150674
0.1727837
0.1071643
0.0362852
-0.0209515
-0.0570900
-0.0780930
-0.0944875
-0.1115434
-0.1272824
-0.1378099
-0.1429852
-0.1470331
-0.1543507
-0.1646526
-0.1718236
-0.1681522
-0.1514597
-0.1298894
-0.1207007
-0.1437676
-0.2121015
-0.3195746
-0.4274578
-0.4610156
-0.3338482
-0.0025821
0.4795088
0.9605086
1.2617524
1.2832754
1.0635631
0.7443679
0.4693467
0.2990540
0.2039471
0.1244712
0.0338306
-0.0494837
-0.0964556
-0.1047455
-0.1011645
-0.1130780
-0.1422721
-0.1674198
-0.1693770
-0.1513188
-0.1339663
-0.1335917
-0.1473687
-0.1601658
-0.1624082
-0.1580956
-0.1561039
-0.1581738
-0.1588832
-0.1556689
-0.1537471
-0.1585242
-0.1658826
-0.1645547
-0.1492611
-0.1286186
-0.1173159
-0.1210511
-0.1314287
-0.1359631
-0.1309386
-0.1230091
-0.1197342
-0.1212643
-0.1216907
-0.1160993
-0.1042027
-0.0880866
-0.0694514
-0.0505222
-0.0357065
-0.0289987
-0.0284731
-0.0252228
-0.0105392
0.0150667
0.0415828
0.0599570
0.0726859
0.0923560
0.1286911
0.1777867
0.2252883
0.2599810
0.2831267
0.3045367
0.3314719
0.3630101
0.3939821
0.4210176
0.4429651
0.4574234
0.4604816
0.4510922
0.4336209
0.4136353
0.3911167
0.3595513
0.3127471
0.2520766
0.1864766
0.1257960
0.0746531
0.0319711
-0.0052512
-0.0386006
-0.0676801
-0.0911623
-0.1076786
-0.1163412
-0.1176354
-0.1145492
-0.1124824
-0.1166280
-0.1278306
-0.1406573
-0.1470355
-0.1437454
-0.1365236
-0.1349584
-0.1418905
-0.1488601
-0.1443000
-0.1267356
-0.1079277
-0.1012938
-0.1081880
-0.1176677
-0.1195552
-0.1149612
-0.1123727
-0.1156940
-0.1198944
-0.1188927
-0.1141559
-0.1123715
-0.1157706
-0.1184447
-0.1136453
-0.1023992
-0.0923663
-0.0888512
-0.0895979
-0.0892666
-0.0869102
-0.0868121
-0.0923214
-0.1009117
-0.1062600
-0.1042919
-0.0963282
-0.0869827
-0.0802760
-0.0778699
-0.0796908
-0.0848528
-0.0917092
-0.0977017
-0.1001144
-0.0978568
-0.0930382
-0.0903552
-0.0934576
-0.1006606
-0.1046690
-0.0984234
-0.0826451
-0.0671925
-0.0633898
-0.0739028
-0.0900947
-0.0996322
-0.0969108
-0.0865923
-0.0780458
-0.0770617
-0.0822850
-0.0879805
-0.0891767
-0.0847496
-0.0771123
-0.0698740
-0.0654192
-0.0636011
-0.0618031
-0.0560907
-0.0431674
-0.0227545
0.0009196
0.0206654
0.0313998
0.0352061
0.0410864
0.0584360
0.0900444
0.1311968
0.1743400
0.2126150
0.2387751
0.2440774
0.2224915
0.1769140
0.1186500
0.0588904
0.0020934
-0.0506620
-0.0943586
-0.1211493
-0.1300130
-0.1307479
-0.1340593
-0.1397578
-0.1401589
-0.1350802
-0.1361952
-0.1511834
-0.1680356
-0.1645044
-0.1360795
-0.1089812
-0.1208659
-0.1908284
-0.3083816
-0.4389329
-0.5224218
-0.4691645
-0.1915499
0.3162633
0.9146638
1.3610776
1.4619962
1.2148080
0.8051725
0.4562994
0.2696900
0.1966821
0.1396443
0.0589436
-0.0162216
-0.0530806
-0.0625276
-0.0791890
-0.1145798
-0.1465535
-0.1519067
-0.1356651
-0.1228336
-0.1287768
-0.1457980
-0.1570097
-0.1556727
-0.1480716
-0.1422282
-0.1392656
-0.1358153
-0.1310751
-0.1290220
-0.1339849
-0.1448968
-0.1542656
-0.1537779
-0.1424455
-0.1291673
-0.1249805
-0.1311395
-0.1363650
-0.1285953
-0.1093314
-0.0932588
-0.0920270
-0.1008152
-0.1040793
-0.0936949
-0.0773771
-0.0676867
-0.0663353
-0.0635078
-0.0516687
-0.0348456
-0.0215226
-0.0116025
0.0044593
0.0328084
0.0664623
0.0917937
0.1038811
0.1124820
0.1318785
0.1665090
0.2078605
0.2443229
0.2721131
0.2964530
0.3240938
0.3565766
0.3905739
0.4227123
0.4519505
0.4769025
0.4926395
0.4926604
0.4750875
0.4455599
0.4117466
0.3745315
0.3267410
0.2629622
0.1903126
0.1265364
0.0848766
0.0610409
0.0371178
-0.0005278
-0.0478040
-0.0876590
-0.1073768
-0.1102332
-0.1106597
-0.1196117
-0.1354169
-0.1477372
-0.1486205
-0.1392203
-0.1271751
-0.1193601
-0.1177526
-0.1209046
-0.1270330
-0.1343566
-0.1395897
-0.1389934
-0.1328347
-0.1277273
-0.1315212
-0.1441709
-0.1551535
-0.1526858
-0.1361894
-0.1178452
-0.1104921
-0.1151551
-0.1221946
-0.1237169
-0.1216201
-0.1222084
-0.1259881
-0.1269300
-0.1219416
-0.1168431
-0.1194059
-0.1277303
-0.1298795
-0.1173004
-0.0965845
-0.0846258
-0.0914281
-0.1095700
-0.1219559
-0.1189994
-0.1067439
-0.0986021
-0.1012275
-0.1095364
-0.1140900
-0.1109101
-0.1034686
-0.0971126
-0.0940497
-0.0939108
-0.0965838
-0.1018521
-0.1066140
-0.1056365
-0.0975863
-0.0893199
-0.0907678
-0.1035851
-0.1165051
-0.1150751
-0.0969131
-0.0752959
-0.0657019
-0.0695415
-0.0732426
-0.0634467
-0.0407257
-0.0168725
-0.0006218
0.0108359
0.0261014
0.0485151
0.0728981
0.0913628
0.0989493
0.0933074
0.0725859
0.0372418
-0.0063608
-0.0471853
-0.0763219
-0.0924255
-0.1004635
-0.1065814
-0.1148436
-0.1264943
-0.1387375
-0.1438680
-0.1333077
-0.1060521
-0.0733506
-0.0541897
-0.0673747
-0.1280704
-0.2434632
-0.3947692
-0.5123780
-0.4803244
-0.1994303
0.3191707
0.9130815
1.3419215
1.4383735
1.2176618
0.8515346
0.5318796
0.3451114
0.2560327
0.1882373
0.1058746
0.0250057
-0.0303124
-0.0623812
-0.0902862
-0.1212592
-0.1436392
-0.1463091
-0.1352975
-0.1266316
-0.1276154
-0.1314115
-0.1295081
-0.1237017
-0.1226856
-0.1299400
-0.1395629
-0.1441465
-0.1429031
-0.1397643
-0.1358726
-0.1279585
-0.1148875
-0.1027196
-0.1001941
-0.1091891
-0.1216689
-0.1271680
-0.1226354
-0.1142230
-0.1100252
-0.1121266
-0.1155918
-0.1138109
-0.1038620
-0.0874884
-0.0688096
-0.0521119
-0.0407057
-0.0355438
-0.0336482
-0.0288771
-0.0163022
0.0032194
0.0235936
0.0396581
0.0527309
0.0692291
0.0937733
0.1247320
0.1571125
0.1885409
0.2204890
0.2537152
0.2850033
0.3104591
0.3310896
0.3524766
0.3780967
0.4048505
0.4268148
0.4421123
0.4533438
0.4607184
0.4572653
0.4333953
0.3862845
0.3234999
0.2573437
0.1967503
0.1444065
0.0990259
0.0579361
0.0183121
-0.0207787
-0.0557754
-0.0797871
-0.0890380
-0.0884727
-0.0890725
-0.0983161
-0.1137909
-0.1268458
-0.1317870
-0.1304681
-0.1285261
-0.1291230
-0.1312137
-0.1323653
-0.1311533
-0.1268993
-0.1194559
-0.1110664
-0.1072899
-0.1130275
-0.1259470
-0.1353524
-0.1307387
-0.1132355
-0.0974621
-0.0993347
-0.1202035
-0.1434037
-0.1482125
-0.1285642
-0.0982825
-0.0778556
-0.0763706
-0.0862450
-0.0939235
-0.0933592
-0.0886587
-0.0862689
-0.0879101
-0.0914765
-0.0957128
-0.1008925
-0.1052734
-0.1041916
-0.0951551
-0.0830623
-0.0777257
-0.0847182
-0.0992496
-0.1101276
-0.1098567
-0.1006277
-0.0910455
-0.0880588
-0.0920071
-0.0980283
-0.1009620
-0.0992090
-0.0952376
-0.0930716
-0.0946477
-0.0977585
-0.0977700
-0.0923263
-0.0846414
-0.0812604
-0.0857172
-0.0947013
-0.1012280
-0.1013497
-0.0968112
-0.0914112
-0.0868467
-0.0835750
-0.0839861
-0.0909831
-0.1020367
-0.1076971
-0.1002625
-0.0844122
-0.0753943
-0.0832679
-0.1001235
-0.1068714
-0.0940747
-0.0732221
-0.0645165
-0.0746519
-0.0899250
-0.0915972
-0.0746327
-0.0491810
-0.0266852
-0.0096070
0.0047320
0.0157447
0.0204168
0.0217183
0.0306891
0.0565930
0.0965706
0.1380940
0.1713136
0.1958911
0.2146499
0.2236173
0.2121448
0.1734876
0.1135242
0.0483405
-0.0059410
-0.0415097
-0.0605441
-0.0717356
-0.0842727
-0.1013726
-0.1175504
-0.1239714
-0.1189312
-0.1122519
-0.1162351
-0.1313628
-0.1436394
-0.1387402
-0.1184539
-0.1021251
-0.1134053
-0.1666006
-0.2594015
-0.3649377
-0.4223547
-0.3461907
-0.0737266
0.3703537
0.8517040
1.1879038
1.2611000
1.0916509
0.8097186
0.5527937
0.3803902
0.2700104
0.1757067
0.0806260
0.0001925
-0.0483858
-0.0682933
-0.0778319
-0.0922190
-0.1138695
-0.1357794
-0.1491328
-0.1484842
-0.1348084
-0.1166084
-0.1060926
-0.1104936
-0.1257344
-0.1398396
-0.1438934
-0.1397476
-0.1367072
-0.1409278
-0.1485511
-0.1493619
-0.1371170
-0.1163787
-0.0992698
-0.0952007
-0.1031916
-0.1137286
-0.1177702
-0.1138540
-0.1069663
-0.1017473
-0.0979630
-0.0924452
-0.0838325
-0.0738506
-0.0641803
-0.0539262
-0.0414675
-0.0279034
-0.0166331
-0.0088933
-0.0012132
0.0111151
0.0284225
0.0462224
0.0610850
0.0757707
0.0969890
0.1279908
0.1645884
0.1992354
0.2283755
0.2548123
0.2831608
0.3143128
0.3448778
0.3708624
0.3905832
0.4045032
0.4141228
0.4218133
0.4301437
0.4390228
0.4428864
0.4322806
0.4003540
0.3488846
0.2878497
0.2286197
0.1770289
0.1321095
0.0901707
0.0492937
0.0106343
-0.0229335
-0.0487046
-0.0658182
-0.0765839
-0.0860405
-0.0985280
-0.1134731
-0.1252002
-0.1284980
-0.1249482
-0.1227079
-0.1287540
-0.1413539
-0.1512188
-0.1505326
-0.1402005
-0.1279046
-0.1202099
-0.1178929
-0.1181817
-0.1189390
-0.1193891
-0.1186941
-0.1166256
-0.1156155
-0.1192425
-0.1267051
-0.1304053
-0.1223028
-0.1036728
-0.0863992
-0.0823391
-0.0917262
-0.1036771
-0.1079439
-0.1041646
-0.0990471
-0.0971272
-0.0971558
-0.0967907
-0.0970927
-0.1001573
-0.1039738
-0.1027474
-0.0932853
-0.0796560
-0.0702511
-0.0704293
-0.0784673
-0.0880289
-0.0935761
-0.0937488
-0.0911407
-0.0897397
-0.0917529
-0.0956999
-0.0976791
-0.0953299
-0.0905066
-0.0872784
-0.0874482
-0.0892321
-0.0905369
-0.0918049
-0.0942280
-0.0964772
-0.0958946
-0.0933013
-0.0938267
-0.1005397
-0.1085299
-0.1087330
-0.0986815
-0.0867941
-0.0834147
-0.0886967
-0.0922694
-0.0848907
-0.0671705
-0.0454446
-0.0228219
0.0011088
0.0229835
0.0347186
0.0341100
0.0333574
0.0508565
0.0925484
0.1445813
0.1867409
0.2105954
0.2209276
0.2211928
0.2042159
0.1611339
0.0962935
0.0276829
-0.0281872
-0.0681222
-0.0978046
-0.1199645
-0.1317075
-0.1324995
-0.1293709
-0.1311943
-0.1398583
-0.1497959
-0.1551613
-0.1545322
-0.1487647
-0.1382799
-0.1257634
-0.1208240
-0.1391898
-0.1948391
-0.2885499
-0.3953519
-0.4558298
-0.3862557
-0.1218104
0.3218863
0.8200201
1.1878031
1.2897302
1.1261330
0.8222865
0.5298480
0.3286891
0.2080187
0.1218389
0.0473790
-0.0080515
-0.0380882
-0.0560743
-0.0804689
-0.1127421
-0.1385017
-0.1475715
-0.1451570
-0.1423357
-0.1425280
-0.1422264
-0.1412052
-0.1446662
-0.1539348
-0.1607915
-0.1560260
-0.1419614
-0.1315709
-0.1340727
-0.1449569
-0.1525320
-0.1516326
-0.1472518
-0.1458540
-0.1478715
-0.1503541
-0.1528296
-0.1560420
-0.1561802
-0.1459054
-0.1239864
-0.1009829
-0.0908573
-0.0963446
-0.1055621
-0.1046031
-0.0913568
-0.0747701
-0.0623802
-0.0526627
-0.0403975
-0.0255270
-0.0128450
-0.0038594
0.0071439
0.0273235
0.0574465
0.0914420
0.1225713
0.1482685
0.1699089
0.1909175
0.2160832
0.2496466
0.2903829
0.3289747
0.3543529
0.3652914
0.3737979
0.3934761
0.4240518
0.4498474
0.4546103
0.4358476
0.4030649
0.3644141
0.3193946
0.2653332
0.2065924
0.1527476
0.1080731
0.0672489
0.0239965
-0.0185859
-0.0502921
-0.0664120
-0.0742831
-0.0850129
-0.1009012
-0.1143339
-0.1186343
-0.1164588
-0.1159218
-0.1209604
-0.1284000
-0.1336202
-0.1356920
-0.1358097
-0.1335634
-0.1279017
-0.1209743
-0.1174588
-0.1187472
-0.1204726
-0.1183908
-0.1151247
-0.1173828
-0.1261736
-0.1336672
-0.1324666
-0.1255724
-0.1228702
-0.1276308
-0.1309626
-0.1228249
-0.1061992
-0.0954942
-0.0998003
-0.1115635
-0.1152262
-0.1053244
-0.0917255
-0.0865404
-0.0904299
-0.0951379
-0.0964530
-0.0987226
-0.1055540
-0.1114998
-0.1080079
-0.0961744
-0.0880211
-0.0926192
-0.1041711
-0.1080083
-0.0979744
-0.0838338
-0.0797209
-0.0883468
-0.1000482
-0.1058609
-0.1065648
-0.1072535
-0.1073948
-0.1012989
-0.0879657
-0.0756846
-0.0740081
-0.0829509
-0.0929514
-0.0951896
-0.0894969
-0.0818352
-0.0770596
-0.0765054
-0.0805039
-0.0887356
-0.0970876
-0.0981888
-0.0888767
-0.0759170
-0.0703976
-0.0756217
-0.0834547
-0.0840704
-0.0763639
-0.0656335
-0.0530841
-0.0333646
-0.0047376
0.0228704
0.0360406
0.0345015
0.0346121
0.0530007
0.0894556
0.1299230
0.1643264
0.1947614
0.2240187
0.2426010
0.2347817
0.1970277
0.1435376
0.0904453
0.0396523
-0.0157959
-0.0726459
-0.1125330
-0.1209643
-0.1069045
-0.0964627
-0.1065573
-0.1300820
-0.1488740
-0.1553460
-0.1554069
-0.1534777
-0.1444211
-0.1246771
-0.1060827
-0.1120823
-0.1601300
-0.2493115
-0.3585345
-0.4439626
-0.4354262
-0.2549717
0.1282540
0.6404676
1.1077284
1.3471945
1.2850242
1.0016899
0.6642626
0.4070187
0.2618741
0.1819761
0.1133658
0.0408102
-0.0205973
-0.0583258
-0.0782447
-0.0939743
-0.1109301
-0.1247107
-0.1313113
-0.1338737
-0.1386916
-0.1473718
-0.1550453
-0.1559966
-0.1498955
-0.1420309
-0.1377169
-0.1372885
-0.1375038
-0.1374270
-0.1404814
-0.1487240
-0.1567955
-0.1557327
-0.1443835
-0.1337915
-0.1360521
-0.1487593
-0.1544755
-0.1388264
-0.1080723
-0.0851573
-0.0866864
-0.1057199
-0.1195527
-0.1133306
-0.0929332
-0.0746906
-0.0667602
-0.0637854
-0.0572716
-0.0457978
-0.0333374
-0.0210449
-0.0047398
0.0191172
0.0475213
0.0731183
0.0921798
0.1089153
0.1310731
0.1620525
0.1983297
0.2339843
0.2660914
0.2954075
0.3234831
0.3507148
0.3771061
0.4035845
0.4310780
0.4574417
0.4761114
0.4802745
0.4698771
0.4526291
0.4349825
0.4123247
0.3717697
0.3070981
0.2294216
0.1602784
0.1135191
0.0849341
0.0595837
0.0274669
-0.0092976
-0.0428586
-0.0688801
-0.0874792
-0.0985889
-0.1020001
-0.1023949
-0.1086332
-0.1238888
-0.1391823
-0.1415127
-0.1283775
-0.1108116
-0.1015899
-0.1035267
-0.1105907
-0.1172770
-0.1231217
-0.1284334
-0.1300190
-0.1249472
-0.1173959
-0.1166188
-0.1253329
-0.1337120
-0.1298367
-0.1148136
-0.1020308
-0.1008171
-0.1063412
-0.1081648
-0.1039409
-0.1001766
-0.1020509
-0.1074407
-0.1111307
-0.1114395
-0.1108550
-0.1109252
-0.1084634
-0.0992658
-0.0862679
-0.0802802
-0.0883212
-0.1032955
