-0.0745944
-0.0696104
-0.0764359
-0.0975838
-0.1176320
-0.1190979
-0.1020832
-0.0839707
-0.0785939
-0.0792541
-0.0658016
-0.0274954
0.0247452
0.0695902
0.0956696
0.1085472
0.1200548
0.1359024
0.1558436
0.1823273
0.2226715
0.2788502
0.3358247
0.3638198
0.3369709
0.2540065
0.1428186
0.0436401
-0.0164244
-0.0375770
-0.0403948
-0.0461957
-0.0624875
-0.0836399
-0.1014585
-0.1132499
-0.1213247
-0.1278742
-0.1321819
-0.1333654
-0.1369116
-0.1587492
-0.2172994
-0.3093060
-0.3842603
-0.3495335
-0.1250767
0.2810945
0.7438149
1.0816286
1.1719037
1.0262551
0.7631781
0.5099766
0.3263935
0.2057293
0.1234719
0.0674893
0.0285099
-0.0131084
-0.0722921
-0.1349099
-0.1651363
-0.1453750
-0.1018821
-0.0810192
-0.1009628
-0.1353548
-0.1473090
-0.1319161
-0.1177816
-0.1299801
-0.1614345
-0.1842768
-0.1822190
-0.1639500
-0.1468702
-0.1370944
-0.1300630
-0.1247322
-0.1276397
-0.1408762
-0.1527550
-0.1473757
-0.1234308
-0.0985609
-0.0921639
-0.1056804
-0.1224031
-0.1259283
-0.1158986
-0.1047910
-0.1017541
-0.1024547
-0.0949629
-0.0734826
-0.0445591
-0.0200002
-0.0049199
0.0068158
0.0261205
0.0583733
0.0989230
0.1375717
0.1670213
0.1875093
0.2041742
0.2209096
0.2376662
0.2535973
0.2707982
0.2922151
0.3153292
0.3306962
0.3301465
0.3165003
0.3013862
0.2900247
0.2697550
0.2197046
0.1364106
0.0477947
-0.0051303
-0.0051548
0.0235129
0.0376415
0.0152261
-0.0285211
-0.0641312
-0.0808544
-0.0918620
-0.1094540
-0.1244796
-0.1173225
-0.0866050
-0.0577568
-0.0576431
-0.0844748
-0.1100357
-0.1125223
-0.1004655
-0.0988869
-0.1154284
-0.1290124
-0.1157655
-0.0806953
-0.0556972
-0.0647438
-0.0969172
-0.1192121
-0.1141083
-0.0979595
-0.0995626
-0.1251855
-0.1507450
-0.1483668
-0.1152602
-0.0735975
-0.0460125
-0.0371006
-0.0386983
-0.0458200
-0.0602092
-0.0790404
-0.0883071
-0.0746401
-0.0433883
-0.0190319
-0.0231732
-0.0527000
-0.0823891
-0.0897065
-0.0759057
-0.0627272
-0.0699217
-0.0965963
-0.1229959
-0.1289220
-0.1112924
-0.0864114
-0.0763418
-0.0908656
-0.1191056
-0.1376522
-0.1296116
-0.0992465
-0.0687041
-0.0584584
-0.0692283
-0.0828336
-0.0806908
-0.0607150
-0.0360099
-0.0186763
-0.0070480
0.0107948
0.0427644
0.0841590
0.1236160
0.1558927
0.1865753
0.2236050
0.2654081
0.2983922
0.3056350
0.2777640
0.2176425
0.1383887
0.0583791
-0.0052704
-0.0446376
-0.0664407
-0.0879346
-0.1220963
-0.1634680
-0.1903931
-0.1853924
-0.1546416
-0.1247273
-0.1177602
-0.1307905
-0.1428250
-0.1433626
-0.1517136
-0.2028242
-0.3067737
-0.4162972
-0.4360439
-0.2782498
0.0679733
0.5051894
0.8671411
1.0129736
0.9132514
0.6622797
0.4049230
0.2364066
0.1559510
0.1039083
0.0352095
-0.0438142
-0.1001781
-0.1201726
-0.1232681
-0.1359118
-0.1623555
-0.1858282
-0.1930495
-0.1895714
-0.1895838
-0.1967345
-0.2009118
-0.1928768
-0.1762917
-0.1626195
-0.1576632
-0.1576811
-0.1583063
-0.1624490
-0.1757759
-0.1954225
-0.2071789
-0.1970724
-0.1661373
-0.1320054
-0.1142648
-0.1180205
-0.1320292
-0.1418006
-0.1425493
-0.1391469
-0.1360841
-0.1307520
-0.1174493
-0.0959673
-0.0733304
-0.0558601
-0.0410661
-0.0201248
0.0107485
0.0434464
0.0648261
0.0703010
0.0688911
0.0743713
0.0928753
0.1200736
0.1489971
0.1779299
0.2094005
0.2429399
0.2718851
0.2891914
0.2953742
0.2981593
0.3033107
0.3072938
0.3006015
0.2780306
0.2445026
0.2105599
0.1827115
0.1582668
0.1290852
0.0900236
0.0438588
-0.0014569
-0.0393660
-0.0679363
-0.0875052
-0.0974023
-0.0968738
-0.0892397
-0.0832644
-0.0877052
-0.1026271
-0.1168043
-0.1167375
-0.1004755
-0.0814220
-0.0758359
-0.0861849
-0.0989878
-0.1002201
-0.0910412
-0.0859483
-0.0955647
-0.1136749
-0.1230909
-0.1136345
-0.0922106
-0.0744963
-0.0688013
-0.0703874
-0.0704721
-0.0667312
-0.0629093
-0.0609978
-0.0583602
-0.0536499
-0.0523846
-0.0627218
-0.0842718
-0.1029050
-0.1004249
-0.0725469
-0.0374050
-0.0234322
-0.0456157
-0.0919727
-0.1328176
-0.1435535
-0.1205198
-0.0788368
-0.0387334
-0.0142676
-0.0110413
-0.0285045
-0.0604997
-0.0950262
-0.1187140
-0.1252848
-0.1191092
-0.1087193
-0.0978139
-0.0848956
-0.0706928
-0.0613304
-0.0610857
-0.0639035
-0.0564750
-0.0318042
0.0020870
0.0298344
0.0453638
0.0581503
0.0809479
0.1136630
0.1440583
0.1650786
0.1858977
0.2198714
0.2622511
0.2864692
0.2678225
0.2097873
0.1418530
0.0888763
0.0462078
-0.0091371
-0.0825856
-0.1448529
-0.1583395
-0.1201793
-0.0718016
-0.0610943
-0.0975308
-0.1481808
-0.1752751
-0.1713597
-0.1571772
-0.1545630
-0.1720999
-0.2156098
-0.2951825
-0.4021122
-0.4762670
-0.4164813
-0.1521668
0.2778399
0.7197112
0.9938988
1.0116255
0.8229586
0.5622001
0.3454462
0.2074972
0.1172012
0.0361365
-0.0423124
-0.1004723
-0.1260355
-0.1267400
-0.1207934
-0.1209078
-0.1286095
-0.1385293
-0.1445088
-0.1440226
-0.1410446
-0.1446839
-0.1609088
-0.1834244
-0.1964686
-0.1920688
-0.1835823
-0.1942570
-0.2273982
-0.2536031
-0.2378541
-0.1811576
-0.1267273
-0.1174438
-0.1499563
-0.1786158
-0.1663215
-0.1250123
-0.1005571
-0.1206777
-0.1653584
-0.1908291
-0.1763181
-0.1403289
-0.1131430
-0.1027749
-0.0931086
-0.0701984
-0.0416111
-0.0274977
-0.0367455
-0.0553936
-0.0580943
-0.0298582
0.0223542
0.0772783
0.1176427
0.1422079
0.1620922
0.1870822
0.2159125
0.2392162
0.2510724
0.2565406
0.2663619
0.2837743
0.2984273
0.2956444
0.2714039
0.2360295
0.2029379
0.1762415
0.1507279
0.1216924
0.0913326
0.0646361
0.0412987
0.0149071
-0.0184326
-0.0522569
-0.0737441
-0.0770168
-0.0707230
-0.0701588
-0.0821679
-0.0994501
-0.1096202
-0.1081641
-0.1020117
-0.1017276
-0.1112352
-0.1246772
-0.1321061
-0.1275457
-0.1121451
-0.0915392
-0.0719712
-0.0583236
-0.0532946
-0.0569108
-0.0671156
-0.0806330
-0.0921808
-0.0940456
-0.0808308
-0.0576800
-0.0414866
-0.0485300
-0.0778158
-0.1079325
-0.1137140
-0.0882877
-0.0488663
-0.0202159
-0.0128790
-0.0184396
-0.0242435
-0.0279727
-0.0354417
-0.0482419
-0.0598925
-0.0649551
-0.0668425
-0.0727764
-0.0828139
-0.0879662
-0.0804353
-0.0634784
-0.0486651
-0.0436723
-0.0457397
-0.0491186
-0.0562742
-0.0760638
-0.1085763
-0.1359743
-0.1345453
-0.0981759
-0.0481603
-0.0173813
-0.0231081
-0.0535680
-0.0793626
-0.0773063
-0.0446444
0.0055977
0.0574355
0.0982249
0.1181591
0.1133072
0.0938088
0.0849077
0.1121966
0.1810246
0.2693670
0.3415950
0.3713383
0.3549338
0.3072974
0.2475801
0.1879879
0.1320254
0.0785442
0.0262654
-0.0226628
-0.0613165
-0.0821245
-0.0850595
-0.0806371
-0.0816423
-0.0914080
-0.1019585
-0.1033843
-0.0930851
-0.0773580
-0.0699175
-0.0918090
-0.1643732
-0.2844653
-0.3939351
-0.3823830
-0.1512514
0.2920716
0.7951951
1.1369582
1.1767744
0.9532094
0.6424429
0.4142418
0.3152856
0.2745751
0.2044370
0.0883376
-0.0215576
-0.0739828
-0.0719188
-0.0599894
-0.0735160
-0.1092230
-0.1404404
-0.1488515
-0.1376808
-0.1215903
-0.1118797
-0.1111781
-0.1164958
-0.1235056
-0.1288825
-0.1315989
-0.1333749
-0.1365015
-0.1395002
-0.1361139
-0.1219494
-0.1029414
-0.0936450
-0.1035071
-0.1253994
-0.1406207
-0.1362815
-0.1169517
-0.0990518
-0.0945744
-0.1005938
-0.1042800
-0.0972239
-0.0832458
-0.0714187
-0.0637996
-0.0538126
-0.0368711
-0.0181410
-0.0061270
0.0000938
0.0132516
0.0453533
0.0933964
0.1394134
0.1663149
0.1738884
0.1780420
0.1940949
0.2226066
0.2523335
0.2740928
0.2884284
0.3010781
0.3152025
0.3289345
0.3371013
0.3330767
0.3111198
0.2706184
0.2193142
0.1706302
0.1350385
0.1125084
0.0940595
0.0716379
0.0452022
0.0185536
-0.0091011
-0.0417384
-0.0757176
-0.0969019
-0.0948043
-0.0777614
-0.0671397
-0.0735954
-0.0831953
-0.0727239
-0.0396435
-0.0120568
-0.0230027
-0.0737636
-0.1274593
-0.1436463
-0.1180387
-0.0840050
-0.0754921
-0.0937455
-0.1124856
-0.1106695
-0.0938909
-0.0833199
-0.0890457
-0.0995090
-0.0971907
-0.0795450
-0.0597393
-0.0489570
-0.0457404
-0.0459071
-0.0552653
-0.0821372
-0.1172840
-0.1321454
-0.1064286
-0.0559685
-0.0241341
-0.0390852
-0.0815273
-0.1019741
-0.0734533
-0.0226568
-0.0027636
-0.0366509
-0.0938271
-0.1250527
-0.1126090
-0.0809069
-0.0626399
-0.0644139
-0.0682273
-0.0594367
-0.0448210
-0.0419007
-0.0562684
-0.0752651
-0.0834702
-0.0787025
-0.0697792
-0.0628051
-0.0552944
-0.0425894
-0.0240653
-0.0012143
0.0259351
0.0568840
0.0869582
0.1092161
0.1212732
0.1293358
0.1444291
0.1739934
0.2166966
0.2643666
0.3064563
0.3309247
0.3242508
0.2782896
0.2011009
0.1169811
0.0497529
0.0051128
-0.0283232
-0.0613512
-0.0910103
-0.1057788
-0.1009375
-0.0859703
-0.0766722
-0.0815599
-0.0966516
-0.1114788
-0.1177484
-0.1150088
-0.1161989
-0.1499265
-0.2428253
-0.3775429
-0.4625827
-0.3664512
-0.0172896
0.5092116
1.0051310
1.2578703
1.1931582
0.9142710
0.6073857
0.4010094
0.3001615
0.2342352
0.1493814
0.0516059
-0.0231484
-0.0596348
-0.0773762
-0.1031532
-0.1399064
-0.1659605
-0.1625726
-0.1384288
-0.1236378
-0.1387704
-0.1724677
-0.1924432
-0.1781606
-0.1405644
-0.1096653
-0.1051459
-0.1209180
-0.1370148
-0.1417562
-0.1380361
-0.1308948
-0.1192548
-0.1055459
-0.1040706
-0.1248459
-0.1493171
-0.1401428
-0.0887066
-0.0436288
-0.0698898
-0.1697956
-0.2568383
-0.2279373
-0.0693710
0.1171186
0.2039734
0.1543558
0.0459283
-0.0160611
0.0033817
0.0591853
0.0951517
0.1023891
0.1108981
0.1434136
0.1913981
0.2308646
0.2485899
0.2493704
0.2456231
0.2475922
0.2616607
0.2890670
0.3209786
0.3396715
0.3327789
0.3070202
0.2816139
0.2658689
0.2485466
0.2129922
0.1586484
0.1023688
0.0597149
0.0294427
-0.0027960
-0.0481675
-0.1033903
-0.1540269
-0.1865063
-0.1960313
-0.1852554
-0.1604410
-0.1313527
-0.1107157
-0.1077541
-0.1214617
-0.1428858
-0.1635579
-0.1790213
-0.1857983
-0.1806692
-0.1654316
-0.1492334
-0.1425410
-0.1479695
-0.1575405
-0.1596354
-0.1497516
-0.1348087
-0.1259824
-0.1273777
-0.1332414
-0.1357042
-0.1321000
-0.1243763
-0.1156544
-0.1097474
-0.1102372
-0.1158889
-0.1187473
-0.1111193
-0.0951715
-0.0830757
-0.0855012
-0.0991821
-0.1067876
-0.0925366
-0.0609273
-0.0376980
-0.0466349
-0.0840170
-0.1198907
-0.1269848
-0.1064182
-0.0836577
-0.0816000
-0.1000087
-0.1204518
-0.1283843
-0.1271887
-0.1290286
-0.1351455
-0.1322191
-0.1109524
-0.0821068
-0.0669291
-0.0730501
-0.0862740
-0.0873556
-0.0719985
-0.0514864
-0.0363593
-0.0237677
-0.0029505
0.0280766
0.0558547
0.0660797
0.0640792
0.0749468
0.1199134
0.1945355
0.2713283
0.3205084
0.3265642
0.2901550
0.2219608
0.1378059
0.0566958
-0.0031330
-0.0337928
-0.0465362
-0.0658181
-0.1065896
-0.1564547
-0.1859011
-0.1787186
-0.1489447
-0.1256727
-0.1237676
-0.1320873
-0.1303755
-0.1178012
-0.1247931
-0.1916116
-0.3248921
-0.4671209
-0.5107579
-0.3578562
0.0082249
0.4873936
0.8987554
1.0796482
0.9850650
0.7095795
0.4115005
0.2041905
0.1034433
0.0582865
0.0166601
-0.0370020
-0.0904595
-0.1308696
-0.1574774
-0.1748006
-0.1850855
-0.1917577
-0.2027385
-0.2213947
-0.2369071
-0.2338625
-0.2132253
-0.1947183
-0.1933724
-0.2005283
-0.1956104
-0.1738614
-0.1541393
-0.1564502
-0.1763568
-0.1878901
-0.1738433
-0.1484538
-0.1426788
-0.1663973
-0.1936698
-0.1915431
-0.1580006
-0.1230300
-0.1140536
-0.1287222
-0.1429826
-0.1386299
-0.1183945
-0.0972734
-0.0845443
-0.0766405
-0.0660309
-0.0519578
-0.0378738
-0.0210265
0.0069614
0.0463313
0.0828940
0.1015590
0.1035242
0.1053874
0.1224558
0.1561082
0.1963142
0.2330404
0.2639217
0.2913608
0.3140797
0.3256523
0.3232821
0.3127081
0.2982884
0.2722061
0.2234863
0.1585364
0.1027304
0.0754366
0.0683193
0.0548156
0.0204596
-0.0206687
-0.0419056
-0.0351635
-0.0222074
-0.0310250
-0.0632182
-0.0926251
-0.0982312
-0.0894351
-0.0913943
-0.1113836
-0.1301694
-0.1267748
-0.1039133
-0.0854894
-0.0914559
-0.1167261
-0.1348139
-0.1233878
-0.0865704
-0.0504270
-0.0372734
-0.0476809
-0.0661190
-0.0774242
-0.0760371
-0.0657846
-0.0553347
-0.0509955
-0.0511294
-0.0494303
-0.0440412
-0.0400846
-0.0428125
-0.0518237
-0.0622436
-0.0681699
-0.0655574
-0.0558519
-0.0462571
-0.0421538
-0.0398184
-0.0309565
-0.0141410
0.0018360
0.0052637
-0.0102908
-0.0419299
-0.0770136
-0.0991849
-0.1000024
-0.0843743
-0.0628750
-0.0424821
-0.0277251
-0.0248119
-0.0367996
-0.0559472
-0.0671766
-0.0612458
-0.0437423
-0.0314515
-0.0382399
-0.0605533
-0.0778155
-0.0725995
-0.0493920
-0.0260581
-0.0077617
0.0190008
0.0621174
0.1047640
0.1214160
0.1104746
0.1027986
0.1343977
0.2105150
0.2967796
0.3475764
0.3441296
0.3019577
0.2421963
0.1672909
0.0736597
-0.0216700
-0.0848505
-0.0984327
-0.0805331
-0.0669593
-0.0792783
-0.1108831
-0.1383191
-0.1439359
-0.1300866
-0.1124798
-0.1015396
-0.0959417
-0.0959148
-0.1148142
-0.1697116
-0.2596829
-0.3511071
-0.3792740
-0.2728000
-0.0022446
0.3763943
0.7329620
0.9376952
0.9405166
0.7893344
0.5817061
0.3974766
0.2616312
0.1556190
0.0584415
-0.0249491
-0.0749825
-0.0880846
-0.0854137
-0.0929085
-0.1212985
-0.1632601
-0.1998193
-0.2108172
-0.1906939
-0.1563915
-0.1324848
-0.1283109
-0.1352898
-0.1428555
-0.1478837
-0.1506642
-0.1509669
-0.1484486
-0.1421002
-0.1320007
-0.1247810
-0.1298383
-0.1438791
-0.1474645
-0.1259241
-0.0882452
-0.0580256
-0.0508563
-0.0650445
-0.0863476
-0.0962457
-0.0843639
-0.0592707
-0.0400728
-0.0339913
-0.0311272
-0.0228510
-0.0122478
-0.0021233
0.0137325
0.0401727
0.0715572
0.0985382
0.1166495
0.1270426
0.1371135
0.1584254
0.1933073
0.2271317
0.2467236
0.2614769
0.2902271
0.3311001
0.3619624
0.3690340
0.3586892
0.3420964
0.3225873
0.2965669
0.2558292
0.1947705
0.1260950
0.0792048
0.0690355
0.0761262
0.0706237
0.0449746
0.0115012
-0.0169573
-0.0308705
-0.0263833
-0.0189293
-0.0358844
-0.0793813
-0.1147464
-0.1119173
-0.0807995
-0.0527444
-0.0468248
-0.0643979
-0.0925672
-0.1031148
-0.0755640
-0.0308730
-0.0125682
-0.0277483
-0.0421448
-0.0397675
-0.0451646
-0.0762014
-0.1173776
-0.1493493
-0.1620995
-0.1379274
-0.0751897
-0.0265921
-0.0449025
-0.0896821
-0.0722295
-0.0013262
0.0187901
-0.0377358
-0.0638735
0.0036997
