-0.1017784
-0.1495132
-0.1255040
-0.1081846
-0.1227115
-0.1301968
-0.1162959
-0.1103496
-0.1231151
-0.1319714
-0.1283318
-0.1265503
-0.1262843
-0.1122408
-0.0901792
-0.0819070
-0.0859436
-0.0805151
-0.0643082
-0.0601897
-0.0783685
-0.1046081
-0.1243044
-0.1341258
-0.1327609
-0.1221086
-0.1144158
-0.1202546
-0.1347104
-0.1494608
-0.1673235
-0.1884844
-0.1954785
-0.1729274
-0.1345965
-0.1122418
-0.1214531
-0.1506222
-0.1770914
-0.1837747
-0.1677548
-0.1423886
-0.1242574
-0.1123628
-0.0900749
-0.0523370
-0.0175435
-0.0044176
-0.0082236
-0.0073772
0.0156461
0.0644671
0.1282764
0.1853138
0.2173202
0.2270350
0.2345092
0.2533976
0.2780615
0.2938209
0.2897069
0.2599587
0.2036878
0.1276015
0.0443016
-0.0324156
-0.0882237
-0.1120949
-0.1095791
-0.1070122
-0.1296424
-0.1753756
-0.2179091
-0.2332394
-0.2157462
-0.1746202
-0.1291581
-0.1088620
-0.1435164
-0.2375561
-0.3457198
-0.3757084
-0.2340042
0.1001369
0.5295957
0.8801387
1.0106998
0.9013589
0.6462042
0.3720423
0.1609372
0.0268390
-0.0597501
-0.1326426
-0.2063641
-0.2777103
-0.3379234
-0.3770765
-0.3839113
-0.3551925
-0.3077974
-0.2720534
-0.2678354
-0.2904614
-0.3199385
-0.3383556
-0.3386418
-0.3243048
-0.3044497
-0.2861892
-0.2709738
-0.2595361
-0.2566154
-0.2654799
-0.2799715
-0.2877067
-0.2807097
-0.2598164
-0.2315603
-0.2050459
-0.1886313
-0.1839031
-0.1839192
-0.1810412
-0.1748965
-0.1700856
-0.1689414
-0.1693758
-0.1668038
-0.1555828
-0.1319942
-0.0986648
-0.0632179
-0.0308214
-0.0015597
0.0237215
0.0402594
0.0455562
0.0458173
0.0536047
0.0799470
0.1273010
0.1860407
0.2385337
0.2722803
0.2904785
0.3060919
0.3258319
0.3447559
0.3565885
0.3632894
0.3714868
0.3823935
0.3876879
0.3753082
0.3402971
0.2908702
0.2417811
0.2006850
0.1643807
0.1294829
0.1001711
0.0799820
0.0611801
0.0311198
-0.0105579
-0.0471618
-0.0598521
-0.0458018
-0.0216986
-0.0104849
-0.0234782
-0.0534089
-0.0836533
-0.1019721
-0.1039964
-0.0890005
-0.0615780
-0.0379298
-0.0399167
-0.0744852
-0.1212164
-0.1460801
-0.1291782
-0.0790439
-0.0218887
0.0214570
0.0489375
0.0698789
0.0876088
0.0947126
0.0874098
0.0780206
0.0849616
0.1113012
0.1404472
0.1547667
0.1531764
0.1475003
0.1449029
0.1381349
0.1144512
0.0737219
0.0355355
0.0246200
0.0478129
0.0877372
0.1198380
0.1322538
0.1283411
0.1159713
0.0997868
0.0811287
0.0594863
0.0328427
-0.0008767
-0.0414020
-0.0845680
-0.1218487
-0.1422612
-0.1384834
-0.1132597
-0.0787044
-0.0488139
-0.0332854
-0.0360882
-0.0550446
-0.0818534
-0.1063631
-0.1229248
-0.1312992
-0.1322130
-0.1260509
-0.1171205
-0.1154004
-0.1299355
-0.1590756
-0.1876204
-0.1960533
-0.1769758
-0.1441481
-0.1216690
-0.1209691
-0.1308462
-0.1328504
-0.1225358
-0.1098806
-0.1009709
-0.0876223
-0.0589717
-0.0187522
0.0158884
0.0353364
0.0537682
0.0975756
0.1734613
0.2516087
0.2878213
0.2645172
0.2066501
0.1568090
0.1380194
0.1389360
0.1262180
0.0678246
-0.0444792
-0.1795160
-0.2708029
-0.2518877
-0.1092906
0.0889358
0.2254601
0.2142035
0.0640978
-0.1347670
-0.2906001
-0.3729021
-0.3952347
-0.3487585
-0.1781524
0.1581352
0.6051395
1.0049733
1.1926457
1.1148237
0.8639401
0.5976044
0.4195440
0.3273620
0.2584277
0.1705501
0.0761682
0.0120084
-0.0093965
-0.0154539
-0.0468989
-0.1174257
-0.1961687
-0.2290100
-0.1821825
-0.0722278
0.0424261
0.1010279
0.0800957
0.0041640
-0.0777003
-0.1281453
-0.1398916
-0.1250192
-0.0946211
-0.0544420
-0.0157751
0.0018142
-0.0132519
-0.0479452
-0.0712286
-0.0613758
-0.0270473
0.0001674
-0.0042861
-0.0349945
-0.0640987
-0.0703322
-0.0567883
-0.0391742
-0.0228020
0.0014455
0.0389072
0.0765251
0.0923989
0.0800471
0.0596719
0.0611353
0.0931566
0.1309444
0.1392283
0.1102410
0.0765591
0.0830492
0.1457512
0.2388796
0.3207416
0.3708475
0.4026375
0.4422938
0.4971012
0.5462464
0.5629421
0.5426963
0.5064687
0.4773550
0.4589151
0.4373076
0.3997694
0.3469187
0.2888551
0.2340601
0.1844332
0.1395446
0.1018826
0.0747396
0.0556129
0.0360156
0.0105189
-0.0163977
-0.0356882
-0.0445376
-0.0483626
-0.0524170
-0.0551117
-0.0513889
-0.0410277
-0.0314995
-0.0315798
-0.0417796
-0.0520463
-0.0510718
-0.0385064
-0.0261403
-0.0261557
-0.0402495
-0.0617146
-0.0858106
-0.1145787
-0.1508951
-0.1899294
-0.2190380
-0.2281882
-0.2210700
-0.2137341
-0.2194660
-0.2354812
-0.2472720
-0.2460619
-0.2388162
-0.2399381
-0.2559034
-0.2803398
-0.3027744
-0.3194656
-0.3347238
-0.3526631
-0.3699255
-0.3790683
-0.3795283
-0.3821907
-0.3996238
-0.4315091
-0.4616915
-0.4709870
-0.4539522
-0.4247654
-0.4066166
-0.4118412
-0.4292340
-0.4321291
-0.4026694
-0.3496496
-0.3016615
-0.2822105
-0.2911406
-0.3081422
-0.3113331
-0.2917408
-0.2527749
-0.2011904
-0.1433023
-0.0892017
-0.0529795
-0.0409301
-0.0400704
-0.0260379
0.0128244
0.0621331
0.0964781
0.1070886
0.1112533
0.1339569
0.1831460
0.2448159
0.2996879
0.3391937
0.3625721
0.3634548
0.3290417
0.2569259
0.1671939
0.0898654
0.0393391
0.0056362
-0.0280953
-0.0638601
-0.0876070
-0.0870816
-0.0662883
-0.0407744
-0.0210825
-0.0045918
0.0145788
0.0294597
0.0180770
-0.0381648
-0.1285192
-0.1993713
-0.1675126
0.0369375
0.4142869
0.8645982
1.2210842
1.3428743
1.2051182
0.9131282
0.6248150
0.4433460
0.3662488
0.3241703
0.2622060
0.1853837
0.1350840
0.1346504
0.1652374
0.1899250
0.1909665
0.1794765
0.1744030
0.1794199
0.1819941
0.1715402
0.1543397
0.1484577
0.1641647
0.1910563
0.2058202
0.1927904
0.1571484
0.1193530
0.0973044
0.0924407
0.0914537
0.0813727
0.0630338
0.0489395
0.0481159
0.0554760
0.0577149
0.0480444
0.0326780
0.0230787
0.0240724
0.0307726
0.0364449
0.0416971
0.0541290
0.0782342
0.1072400
0.1274622
0.1313897
0.1252732
0.1234496
0.1361694
0.1628852
0.1955570
0.2269485
0.2556964
0.2841802
0.3132243
0.3414336
0.3702773
0.4061137
0.4526345
0.5016943
0.5367660
0.5490890
0.5486486
0.5550329
0.5759239
0.5969770
0.5959847
0.5666412
0.5241627
0.4847746
0.4436841
0.3809886
0.2914131
0.2015925
0.1505516
0.1526178
0.1833064
0.2024215
0.1884104
0.1502231
0.1108833
0.0848343
0.0705076
0.0581785
0.0390732
0.0081365
-0.0349218
-0.0829383
-0.1233307
-0.1489601
-0.1670231
-0.1919195
-0.2272459
-0.2590069
-0.2705370
-0.2622120
-0.2518576
-0.2549336
-0.2681784
-0.2763419
-0.2737513
-0.2737945
-0.2929809
-0.3275488
-0.3518655
-0.3430523
-0.3043301
-0.2605510
-0.2324023
-0.2194823
-0.2089333
-0.1950510
-0.1847723
-0.1840361
-0.1844506
-0.1694754
-0.1348340
-0.0981545
-0.0832737
-0.0951280
-0.1143739
-0.1183934
-0.1040729
-0.0867865
-0.0795488
-0.0786833
-0.0716948
-0.0552716
-0.0403616
-0.0382307
-0.0450072
-0.0444629
-0.0266807
-0.0002476
0.0170456
0.0177526
0.0112761
0.0109550
0.0185801
0.0240968
0.0187396
0.0053039
-0.0052501
-0.0054383
0.0027353
0.0137609
0.0283462
0.0538970
0.0944245
0.1426101
0.1847862
0.2136227
0.2340414
0.2565960
0.2870440
0.3234277
0.3613911
0.3983456
0.4293873
0.4405036
0.4125500
0.3395425
0.2444048
0.1699946
0.1460542
0.1617467
0.1736675
0.1456939
0.0835752
0.0297010
0.0216878
0.0552649
0.0889595
0.0850456
0.0421985
-0.0146244
-0.0704657
-0.1333401
-0.2023030
-0.2284434
-0.1266834
0.1529431
0.5555738
0.9278718
1.1103780
1.0435039
0.7982795
0.5110567
0.2857948
0.1454514
0.0561823
-0.0182682
-0.0862977
-0.1374447
-0.1662801
-0.1824411
-0.2011311
-0.2291597
-0.2615898
-0.2894246
-0.3081037
-0.3194288
-0.3283364
-0.3393415
-0.3549088
-0.3756463
-0.4014655
-0.4317566
-0.4632129
-0.4880327
-0.4972895
-0.4887794
-0.4714714
-0.4604531
-0.4662109
-0.4882699
-0.5183953
-0.5485386
-0.5745377
-0.5927548
-0.5965919
-0.5809142
-0.5513882
-0.5258351
-0.5213577
-0.5387652
-0.5617763
-0.5728180
-0.5684765
-0.5587250
-0.5528945
-0.5492523
-0.5391254
-0.5191172
-0.4961353
-0.4792640
-0.4687251
-0.4554816
-0.4311587
-0.3950301
-0.3500424
-0.2955165
-0.2281863
-0.1504770
-0.0737665
-0.0102956
0.0375373
0.0772166
0.1145671
0.1445686
0.1570332
0.1513345
0.1408220
0.1383748
0.1393382
0.1246694
0.0834167
0.0281164
-0.0166877
-0.0402273
-0.0551851
-0.0801904
-0.1170251
-0.1506893
-0.1721069
-0.1944803
-0.2409664
-0.3166810
-0.3986991
-0.4569244
-0.4817307
-0.4873379
-0.4904192
-0.4916711
-0.4803769
-0.4522292
-0.4172005
-0.3899638
-0.3767904
-0.3740230
-0.3763052
-0.3812301
-0.3850144
-0.3787859
-0.3551099
-0.3183780
-0.2835585
-0.2609438
-0.2441201
-0.2174013
-0.1763615
-0.1382482
-0.1287398
-0.1570187
-0.2043076
-0.2379406
-0.2376091
-0.2090267
-0.1742664
-0.1514482
-0.1438472
-0.1444273
-0.1456064
-0.1435307
-0.1367252
-0.1247687
-0.1089303
-0.0920885
-0.0764412
-0.0615608
-0.0460929
-0.0322761
-0.0280071
-0.0423721
-0.0775791
-0.1252376
-0.1710869
-0.2037386
-0.2199306
-0.2235084
-0.2207164
-0.2154103
-0.2067042
-0.1904925
-0.1639175
-0.1289238
-0.0915699
-0.0581393
-0.0320521
-0.0136806
-0.0013279
0.0093732
0.0273843
0.0653926
0.1324328
0.2230656
0.3135372
0.3731323
0.3856675
0.3641699
0.3447436
0.3623216
0.4267387
0.5182463
0.6053199
0.6673763
0.7007310
0.7053325
0.6733287
0.5986679
0.4976330
0.4092870
0.3641321
0.3511140
0.3246229
0.2519023
0.1507755
0.0716016
0.0398767
0.0258015
-0.0209926
-0.1124006
-0.2120087
-0.2869829
-0.3515533
-0.4363909
-0.5137709
-0.4787036
-0.2350255
0.1881033
0.6160581
0.8435768
0.7853556
0.5253548
0.2296002
0.0166006
-0.0979893
-0.1588994
-0.2025038
-0.2337867
-0.2493497
-0.2580524
-0.2721558
-0.2896059
-0.2977679
-0.2949657
-0.2985501
-0.3240117
-0.3585159
-0.3642001
-0.3142348
-0.2249855
-0.1480167
-0.1271046
-0.1617297
-0.2109001
-0.2305482
-0.2078405
-0.1638026
-0.1283537
-0.1149563
-0.1161279
-0.1171423
-0.1097695
-0.0939720
-0.0713998
-0.0411469
-0.0018020
0.0441373
0.0883603
0.1189864
0.1262914
0.1095213
0.0800384
0.0561623
0.0507658
0.0605222
0.0672794
0.0528645
0.0152394
-0.0295841
-0.0624018
-0.0773421
-0.0829705
-0.0882235
-0.0902281
-0.0777349
-0.0453460
-0.0021785
0.0341290
0.0514052
0.0514622
0.0468776
0.0512533
0.0720163
0.1093550
0.1583145
0.2104414
0.2547258
0.2791433
0.2732329
0.2319044
0.1603065
0.0764461
0.0058160
-0.0326150
-0.0394204
-0.0341483
-0.0395292
-0.0637481
-0.0968346
-0.1239492
-0.1418652
-0.1617816
-0.1954993
-0.2394011
-0.2735133
-0.2777273
-0.2497755
-0.2078169
-0.1754586
-0.1631001
-0.1617382
-0.1531788
-0.1260438
-0.0833206
-0.0371350
0.0010516
0.0249765
0.0324954
0.0257329
0.0147579
0.0179989
0.0528472
0.1210400
0.2025035
0.2664694
0.2929377
0.2863580
0.2691154
0.2609575
0.2637837
0.2653791
0.2566273
0.2440754
0.2454397
0.2726939
0.3191003
0.3629138
0.3853123
0.3867546
0.3867469
0.4069433
0.4526270
0.5081852
0.5485636
0.5555403
0.5269989
0.4764129
0.4267415
0.4018346
0.4149513
0.4569779
0.4948128
0.4898399
0.4293810
0.3445063
0.2914084
0.3057820
0.3703010
0.4284432
0.4346446
0.3934385
0.3492675
0.3378742
0.3500015
0.3457239
0.3038316
0.2518513
0.2418114
0.2955392
0.3776390
0.4260372
0.4092659
0.3522633
0.3072451
0.3040370
0.3319693
0.3658292
0.3987203
0.4420302
0.4972746
0.5401061
0.5398020
0.4911921
0.4197591
0.3542777
0.3008338
0.2476905
0.1901357
0.1409812
0.1142569
0.1059379
0.0983509
0.0822126
0.0668654
0.0658503
0.0774283
0.0839755
0.0676657
0.0224849
-0.0430928
-0.1004218
-0.0919211
0.0549589
0.3744402
0.8038848
1.1863374
1.3588699
1.2651749
0.9934014
0.7025738
0.5046050
0.4057417
0.3448952
0.2720933
0.1867757
0.1149244
0.0692525
0.0393497
0.0116945
-0.0136590
-0.0292359
-0.0357624
-0.0447819
-0.0661443
-0.0976857
-0.1294895
-0.1558944
-0.1804545
-0.2098314
-0.2457395
-0.2838694
-0.3189208
-0.3491861
-0.3770145
-0.4062291
-0.4388838
-0.4732252
-0.5044581
-0.5284027
-0.5449974
-0.5576552
-0.5685545
-0.5751978
-0.5730504
-0.5619247
-0.5481918
-0.5388838
-0.5338812
-0.5259298
-0.5092496
-0.4864828
-0.4653468
-0.4492753
-0.4337532
-0.4121046
-0.3820663
-0.3445093
-0.2979015
-0.2391410
-0.1723678
-0.1136155
-0.0805215
-0.0743572
-0.0745884
-0.0551607
-0.0070847
0.0564418
0.1163042
0.1646423
0.2038245
0.2329849
0.2435579
0.2313765
0.2083493
0.1948438
0.1984525
0.2042828
0.1899539
0.1488285
0.0949375
0.0456573
0.0048023
-0.0341733
-0.0725157
-0.1009570
-0.1119458
-0.1120198
-0.1168538
-0.1345113
-0.1574204
-0.1719167
-0.1726521
-0.1653652
-0.1578068
-0.1521010
-0.1465109
-0.1408313
-0.1369407
-0.1356769
-0.1367977
-0.1420583
-0.1541891
-0.1698917
-0.1760978
-0.1581094
-0.1139288
-0.0593850
-0.0172375
-0.0004547
-0.0049593
-0.0157618
-0.0177895
-0.0025872
0.0297626
0.0707345
0.1065262
0.1263730
0.1310858
0.1317993
0.1370460
0.1410625
0.1282023
0.0911789
0.0433379
0.0094862
0.0030077
0.0127935
0.0135098
-0.0117401
-0.0588888
-0.1101951
-0.1500426
-0.1724857
-0.1773751
-0.1657177
-0.1422822
-0.1199861
-0.1155779
-0.1369509
-0.1751421
-0.2114611
-0.2339097
-0.2460864
-0.2596294
-0.2794608
-0.2986871
-0.3080766
-0.3076670
-0.3060246
-0.3083123
-0.3082817
-0.2943224
-0.2622807
-0.2198353
-0.1782674
-0.1426891
-0.1118636
-0.0848056
-0.0628319
-0.0440046
-0.0197688
0.0180304
0.0666746
0.1129539
0.1459673
0.1666998
0.1814352
0.1875016
0.1718363
0.1271726
0.0658699
0.0110218
-0.0276863
-0.0638933
-0.1147404
-0.1720284
-0.1999208
-0.1673601
-0.0830762
0.0052810
0.0493101
0.0366317
-0.0105794
-0.0694085
-0.1396187
-0.2248969
-0.2901382
-0.2492921
-0.0175253
0.4034539
0.8845729
1.2258918
1.2804922
1.0501377
0.6746834
0.3267341
0.1016770
-0.0123542
-0.0796667
-0.1447897
-0.2084253
-0.2550118
-0.2850254
-0.3148451
-0.3536648
-0.3919336
-0.4151928
-0.4232080
-0.4297498
-0.4448787
-0.4630890
-0.4713186
-0.4651701
-0.4527498
-0.4428363
-0.4339814
-0.4186181
-0.3959446
-0.3759454
-0.3686039
-0.3716569
-0.3724753
-0.3621719
-0.3449310
-0.3315733
-0.3257059
-0.3194111
