0.3217246
0.3730246
0.3037492
0.2573522
0.2622287
0.2405438
0.1721727
0.1164704
0.0944842
0.0653443
0.0160118
-0.0192152
-0.0301779
-0.0449266
-0.0710773
-0.0876887
-0.0943852
-0.1116123
-0.1347052
-0.1384316
-0.1235006
-0.1141948
-0.1161346
-0.1164707
-0.1168375
-0.1275296
-0.1381025
-0.1302154
-0.1123514
-0.1100080
-0.1279928
-0.1480003
-0.1548127
-0.1443032
-0.1186012
-0.0927529
-0.0906173
-0.1147700
-0.1359915
-0.1301075
-0.1087547
-0.0973189
-0.1001224
-0.1045349
-0.1033066
-0.0962701
-0.0833792
-0.0695619
-0.0645358
-0.0683982
-0.0697035
-0.0636743
-0.0582233
-0.0580268
-0.0586087
-0.0595962
-0.0666911
-0.0765617
-0.0766118
-0.0642862
-0.0518966
-0.0490286
-0.0531882
-0.0588261
-0.0628812
-0.0621198
-0.0576486
-0.0598238
-0.0755235
-0.0933554
-0.0950236
-0.0793062
-0.0627886
-0.0592879
-0.0686336
-0.0815756
-0.0862376
-0.0753078
-0.0564358
-0.0493865
-0.0634737
-0.0839132
-0.0890246
-0.0745326
-0.0535378
-0.0400093
-0.0395100
-0.0481414
-0.0529402
-0.0402294
-0.0102515
0.0220209
0.0439637
0.0560800
0.0644670
0.0730132
0.0863553
0.1101782
0.1437398
0.1796122
0.2128950
0.2422972
0.2609901
0.2564278
0.2228050
0.1672639
0.1029488
0.0419124
-0.0070727
-0.0421837
-0.0697907
-0.0955671
-0.1163061
-0.1266179
-0.1295486
-0.1324912
-0.1360113
-0.1349016
-0.1278535
-0.1199801
-0.1204878
-0.1444162
-0.2081770
-0.3068256
-0.3902539
-0.3701475
-0.1658640
0.2345545
0.7378752
1.1713970
1.3750226
1.3012472
1.0381073
0.7332510
0.4907828
0.3279666
0.2078801
0.0975205
-0.0024095
-0.0713022
-0.1017699
-0.1129213
-0.1293096
-0.1545030
-0.1744430
-0.1822922
-0.1871607
-0.1973640
-0.2068070
-0.2033936
-0.1848590
-0.1623443
-0.1510842
-0.1578065
-0.1739831
-0.1825226
-0.1745895
-0.1580568
-0.1466460
-0.1448556
-0.1478596
-0.1513188
-0.1547189
-0.1578067
-0.1594615
-0.1583602
-0.1513661
-0.1349131
-0.1117966
-0.0923623
-0.0843325
-0.0846049
-0.0846003
-0.0800138
-0.0718215
-0.0613384
-0.0479941
-0.0298586
-0.0048466
0.0258074
0.0552474
0.0766509
0.0916459
0.1085164
0.1319003
0.1590223
0.1854857
0.2088439
0.2267752
0.2387507
0.2508581
0.2726259
0.3061547
0.3417713
0.3656679
0.3695374
0.3537620
0.3249487
0.2902059
0.2514300
0.2063234
0.1562422
0.1090599
0.0710664
0.0400960
0.0109155
-0.0161805
-0.0367614
-0.0492399
-0.0560309
-0.0602306
-0.0649366
-0.0732305
-0.0849327
-0.0952524
-0.0997547
-0.0992870
-0.0984257
-0.1011083
-0.1085079
-0.1182047
-0.1247847
-0.1245053
-0.1196624
-0.1148799
-0.1097332
-0.1000444
-0.0865723
-0.0767558
-0.0761501
-0.0822785
-0.0882051
-0.0887345
-0.0827088
-0.0730133
-0.0650631
-0.0622333
-0.0623384
-0.0606714
-0.0556682
-0.0494960
-0.0448695
-0.0437075
-0.0463852
-0.0492760
-0.0459847
-0.0350846
-0.0244138
-0.0234344
-0.0324471
-0.0425399
-0.0450527
-0.0387567
-0.0293654
-0.0241942
-0.0259064
-0.0302839
-0.0319225
-0.0320291
-0.0368158
-0.0473774
-0.0556423
-0.0526982
-0.0382286
-0.0204683
-0.0099631
-0.0138145
-0.0312215
-0.0520410
-0.0630346
-0.0588474
-0.0465564
-0.0390000
-0.0439187
-0.0574129
-0.0654296
-0.0539592
-0.0222599
0.0142917
0.0378305
0.0442629
0.0440249
0.0491422
0.0636251
0.0851726
0.1112262
0.1417513
0.1775298
0.2154263
0.2448682
0.2520119
0.2305388
0.1873822
0.1361540
0.0864007
0.0401590
-0.0039800
-0.0458446
-0.0812234
-0.1037595
-0.1119416
-0.1144040
-0.1235685
-0.1414187
-0.1550864
-0.1500523
-0.1267970
-0.1036171
-0.1053270
-0.1491015
-0.2344436
-0.3369798
-0.4057848
-0.3699113
-0.1646663
0.2213583
0.7063308
1.1289722
1.3309654
1.2553354
0.9794412
0.6537702
0.4001357
0.2510985
0.1663603
0.0941411
0.0168835
-0.0515071
-0.0975462
-0.1264100
-0.1504388
-0.1712775
-0.1811285
-0.1775112
-0.1691298
-0.1667576
-0.1727603
-0.1808071
-0.1838779
-0.1818269
-0.1813419
-0.1878725
-0.1980873
-0.2024919
-0.1956660
-0.1814490
-0.1677388
-0.1590002
-0.1544651
-0.1507080
-0.1448741
-0.1376554
-0.1336025
-0.1359923
-0.1410109
-0.1398925
-0.1278578
-0.1089151
-0.0912092
-0.0793121
-0.0712731
-0.0617062
-0.0477148
-0.0323928
-0.0209775
-0.0124312
0.0022075
0.0297112
0.0645747
0.0930335
0.1074563
0.1144027
0.1281191
0.1570482
0.1958460
0.2296222
0.2474371
0.2528960
0.2601003
0.2783130
0.3025073
0.3197700
0.3221520
0.3112306
0.2923588
0.2674374
0.2335749
0.1884152
0.1370415
0.0919235
0.0627010
0.0458402
0.0277744
-0.0004263
-0.0339056
-0.0605280
-0.0743204
-0.0811235
-0.0920428
-0.1118490
-0.1332440
-0.1434026
-0.1375796
-0.1251679
-0.1203771
-0.1279229
-0.1399727
-0.1460372
-0.1432527
-0.1374319
-0.1362927
-0.1415516
-0.1464039
-0.1418093
-0.1267362
-0.1107846
-0.1046972
-0.1092937
-0.1155972
-0.1149405
-0.1070843
-0.0987579
-0.0955355
-0.0954763
-0.0913831
-0.0803208
-0.0693154
-0.0681712
-0.0767098
-0.0834297
-0.0789070
-0.0674171
-0.0622280
-0.0704527
-0.0847495
-0.0901401
-0.0786557
-0.0576274
-0.0431785
-0.0447653
-0.0569174
-0.0670218
-0.0691240
-0.0674632
-0.0681301
-0.0714878
-0.0735724
-0.0719842
-0.0686595
-0.0676319
-0.0706349
-0.0750046
-0.0770025
-0.0775368
-0.0822481
-0.0939561
-0.1067456
-0.1103562
-0.1004619
-0.0833649
-0.0708835
-0.0709704
-0.0816672
-0.0927776
-0.0941941
-0.0833454
-0.0640921
-0.0396619
-0.0101511
0.0223921
0.0507240
0.0681667
0.0768489
0.0874159
0.1094819
0.1425250
0.1761524
0.1994226
0.2097500
0.2115287
0.2062416
0.1876001
0.1495656
0.0967034
0.0417982
-0.0064981
-0.0490973
-0.0887727
-0.1218771
-0.1414754
-0.1468602
-0.1458013
-0.1458219
-0.1452327
-0.1360401
-0.1170403
-0.1018381
-0.1110377
-0.1567860
-0.2351955
-0.3263427
-0.3891529
-0.3556290
-0.1517653
0.2450500
0.7536904
1.2036959
1.4275815
1.3656144
1.0967186
0.7707969
0.5038435
0.3237708
0.1977398
0.0932218
0.0070136
-0.0516557
-0.0856409
-0.1092686
-0.1313175
-0.1485075
-0.1559930
-0.1580848
-0.1651024
-0.1812342
-0.1987226
-0.2057191
-0.1990308
-0.1869620
-0.1792985
-0.1772022
-0.1749447
-0.1694722
-0.1648213
-0.1668112
-0.1753479
-0.1827775
-0.1799171
-0.1649184
-0.1467803
-0.1381716
-0.1429679
-0.1519733
-0.1525144
-0.1411930
-0.1256500
-0.1150203
-0.1109049
-0.1075102
-0.0986292
-0.0834007
-0.0654965
-0.0475611
-0.0279429
-0.0038265
0.0237746
0.0502031
0.0717729
0.0882439
0.1015844
0.1152796
0.1347044
0.1641747
0.2013800
0.2369673
0.2624141
0.2781951
0.2927412
0.3129466
0.3360609
0.3512965
0.3496946
0.3319722
0.3057660
0.2761045
0.2415707
0.2005290
0.1571492
0.1174959
0.0813795
0.0425737
-0.0018659
-0.0452238
-0.0759634
-0.0885798
-0.0891070
-0.0899213
-0.0990421
-0.1144838
-0.1289072
-0.1383656
-0.1447854
-0.1508292
-0.1555310
-0.1561301
-0.1520137
-0.1452602
-0.1385447
-0.1337517
-0.1317168
-0.1322254
-0.1345579
-0.1381899
-0.1422789
-0.1447072
-0.1430075
-0.1366295
-0.1275196
-0.1185006
-0.1117852
-0.1084836
-0.1082159
-0.1093367
-0.1105658
-0.1120882
-0.1141557
-0.1153250
-0.1133987
-0.1076698
-0.0991119
-0.0889893
-0.0786360
-0.0701708
-0.0659417
-0.0669684
-0.0723526
-0.0798454
-0.0865907
-0.0899531
-0.0882550
-0.0807715
-0.0680105
-0.0536452
-0.0452736
-0.0494556
-0.0638764
-0.0767973
-0.0777050
-0.0688272
-0.0640356
-0.0748568
-0.0975362
-0.1148323
-0.1119192
-0.0910172
-0.0692196
-0.0611851
-0.0656597
-0.0705529
-0.0687426
-0.0643173
-0.0627298
-0.0594302
-0.0426648
-0.0077510
0.0340535
0.0634737
0.0712731
0.0680111
0.0743814
0.1015168
0.1420828
0.1804919
0.2082984
0.2266265
0.2357583
0.2280272
0.1943635
0.1367975
0.0713707
0.0162207
-0.0236061
-0.0578593
-0.0963837
-0.1345841
-0.1570447
-0.1558593
-0.1414692
-0.1324095
-0.1359172
-0.1418325
-0.1364112
-0.1212088
-0.1178835
-0.1532927
-0.2354574
-0.3369485
-0.3966114
-0.3411056
-0.1208226
0.2525664
0.6897126
1.0509650
1.2143743
1.1433569
0.9032801
0.6135038
0.3733799
0.2174283
0.1238738
0.0555509
-0.0066282
-0.0597321
-0.0953607
-0.1136895
-0.1235105
-0.1345114
-0.1515145
-0.1726347
-0.1899946
-0.1944285
-0.1835504
-0.1657155
-0.1536406
-0.1529928
-0.1581530
-0.1596487
-0.1547798
-0.1498410
-0.1518313
-0.1592430
-0.1630082
-0.1572067
-0.1467432
-0.1418015
-0.1451939
-0.1482588
-0.1406753
-0.1226094
-0.1052630
-0.0994656
-0.1044697
-0.1082931
-0.0994529
-0.0786304
-0.0581057
-0.0489914
-0.0498333
-0.0489775
-0.0374092
-0.0172852
0.0025038
0.0174549
0.0326482
0.0567755
0.0916889
0.1290045
0.1581110
0.1770712
0.1937309
0.2155098
0.2401658
0.2585648
0.2657689
0.2674073
0.2744932
0.2922280
0.3135563
0.3234749
0.3106629
0.2762549
0.2317939
0.1888206
0.1506461
0.1135674
0.0744835
0.0362466
0.0055049
-0.0145970
-0.0291023
-0.0470732
-0.0715399
-0.0950302
-0.1076864
-0.1096558
-0.1123381
-0.1255767
-0.1454693
-0.1576811
-0.1532389
-0.1390760
-0.1310468
-0.1368033
-0.1480293
-0.1514147
-0.1453992
-0.1418403
-0.1501058
-0.1638017
-0.1675585
-0.1557111
-0.1395168
-0.1340342
-0.1406948
-0.1462059
-0.1387243
-0.1222727
-0.1125544
-0.1187474
-0.1323797
-0.1365609
-0.1249812
-0.1085441
-0.1024886
-0.1096543
-0.1186238
-0.1172078
-0.1053138
-0.0938755
-0.0922926
-0.0982873
-0.1007542
-0.0921403
-0.0766660
-0.0656405
-0.0658281
-0.0738758
-0.0815344
-0.0843638
-0.0848023
-0.0880347
-0.0958356
-0.1042874
-0.1074131
-0.1032714
-0.0961454
-0.0921376
-0.0929368
-0.0948310
-0.0939506
-0.0915645
-0.0931813
-0.1018316
-0.1125799
-0.1154620
-0.1057796
-0.0909594
-0.0844019
-0.0911530
-0.1016019
-0.1015062
-0.0872198
-0.0682875
-0.0545150
-0.0431060
-0.0215455
0.0162925
0.0592821
0.0874155
0.0921615
0.0867551
0.0941889
0.1252993
0.1700051
0.2089769
0.2306887
0.2360122
0.2292882
0.2091996
0.1701035
0.1111734
0.0421761
-0.0212405
-0.0684413
-0.0999828
-0.1234318
-0.1440048
-0.1594513
-0.1630710
-0.1511885
-0.1286167
-0.1077025
-0.1016680
-0.1185935
-0.1618850
-0.2331185
-0.3250884
-0.4028972
-0.3939843
-0.2148831
0.1663654
0.6768289
1.1501622
1.4136857
1.3934664
1.1543036
0.8420060
0.5793251
0.4026994
0.2801197
0.1727244
0.0737328
-0.0019089
-0.0484147
-0.0796463
-0.1117521
-0.1443333
-0.1639454
-0.1637234
-0.1537518
-0.1500340
-0.1568181
-0.1639293
-0.1610093
-0.1505021
-0.1445258
-0.1505381
-0.1625835
-0.1674427
-0.1586642
-0.1435435
-0.1357639
-0.1414614
-0.1532680
-0.1580922
-0.1498871
-0.1345180
-0.1232431
-0.1223817
-0.1286736
-0.1333994
-0.1306951
-0.1222898
-0.1144023
-0.1103360
-0.1068594
-0.0981522
-0.0824830
-0.0639346
-0.0474359
-0.0329207
-0.0154277
0.0085785
0.0359207
0.0596800
0.0782025
0.0990764
0.1313231
0.1737056
0.2137237
0.2400960
0.2548673
0.2708007
0.2965626
0.3263740
0.3459011
0.3479244
0.3401667
0.3362014
0.3395318
0.3389287
0.3201836
0.2806374
0.2305636
0.1815695
0.1364117
0.0910067
0.0444067
0.0040512
-0.0202224
-0.0270031
-0.0266929
-0.0327398
-0.0494352
-0.0693023
-0.0825474
-0.0875354
-0.0908202
-0.0979531
-0.1065155
-0.1092012
-0.1027623
-0.0922499
-0.0858141
-0.0864050
-0.0902357
-0.0933257
-0.0971016
-0.1054288
-0.1172315
-0.1252097
-0.1231987
-0.1132421
-0.1037506
-0.1011166
-0.1043618
-0.1078408
-0.1077019
-0.1047534
-0.1017947
-0.0999476
-0.0984787
-0.0970027
-0.0958654
-0.0941797
-0.0894632
-0.0807415
-0.0712575
-0.0665771
-0.0697774
-0.0789872
-0.0892060
-0.0956059
-0.0954563
-0.0886712
-0.0779259
-0.0679781
-0.0633521
-0.0652486
-0.0704341
-0.0740104
-0.0740261
-0.0729621
-0.0739059
-0.0757518
-0.0737538
-0.0655124
-0.0553513
-0.0512597
-0.0569764
-0.0675686
-0.0737230
-0.0711419
-0.0655276
-0.0670068
-0.0786426
-0.0912267
-0.0910787
-0.0732764
-0.0458751
-0.0204343
0.0001113
0.0221196
0.0499149
0.0766033
0.0895395
0.0858323
0.0799178
0.0924294
0.1307890
0.1823347
0.2267870
0.2527927
0.2603170
0.2499070
0.2161936
0.1558015
0.0791834
0.0088312
-0.0376418
-0.0615791
-0.0782584
-0.0984748
-0.1182039
-0.1274804
-0.1256928
-0.1232449
-0.1279994
-0.1347762
-0.1321035
-0.1189694
-0.1129111
-0.1406595
-0.2180322
-0.3303244
-0.4219224
-0.4052749
-0.1992246
0.2111640
0.7322435
1.1847262
1.3980620
1.3156002
1.0260013
0.6922857
0.4387908
0.2895610
0.1962259
0.1095226
0.0214171
-0.0485098
-0.0886954
-0.1089561
-0.1248048
-0.1398987
-0.1481593
-0.1479982
-0.1478364
-0.1569864
-0.1750597
-0.1924587
-0.1994967
-0.1934881
-0.1788238
-0.1630389
-0.1527113
-0.1503523
-0.1533952
-0.1569283
-0.1586646
-0.1608216
-0.1658903
-0.1709820
-0.1688001
-0.1560032
-0.1393083
-0.1302204
-0.1326586
-0.1380471
-0.1349241
-0.1222990
-0.1104164
-0.1075661
-0.1089004
-0.1010493
-0.0772542
-0.0452476
-0.0189734
-0.0041305
0.0061232
0.0218079
0.0453831
0.0718677
0.0975267
0.1247729
0.1574343
0.1938138
0.2273239
0.2537737
0.2756213
0.2978613
0.3211201
0.3407172
0.3524696
0.3573917
0.3589425
0.3561719
0.3419473
0.3097470
0.2617512
0.2084704
0.1596058
0.1161696
0.0726311
0.0263841
-0.0165195
-0.0462254
-0.0594297
-0.0636917
-0.0705138
-0.0844361
-0.1000335
-0.1097783
-0.1132364
-0.1168434
-0.1251990
-0.1351084
-0.1397900
-0.1376464
-0.1341843
-0.1344953
-0.1361764
-0.1326365
-0.1233967
-0.1177065
-0.1247964
-0.1413040
-0.1521482
-0.1461377
-0.1289968
-0.1179269
-0.1231109
-0.1373086
-0.1452987
-0.1414375
-0.1344077
-0.1343622
-0.1392341
-0.1375526
-0.1241076
-0.1084346
-0.1048777
-0.1160070
-0.1295555
-0.1324165
-0.1246218
-0.1170591
-0.1170134
-0.1197217
-0.1154468
-0.1022094
-0.0883314
-0.0825107
-0.0843960
-0.0869324
-0.0863336
-0.0863407
-0.0915756
-0.0992181
-0.1004370
-0.0905634
-0.0758170
-0.0681818
-0.0737485
-0.0870663
-0.0969837
-0.0970301
-0.0896159
-0.0812481
-0.0755368
-0.0714742
-0.0670584
-0.0625687
-0.0598767
-0.0599516
-0.0623604
-0.0668367
-0.0738059
-0.0824333
-0.0886187
-0.0860222
-0.0698954
-0.0404732
-0.0033407
0.0329958
0.0606653
0.0758903
0.0811326
0.0839695
0.0921289
0.1082932
0.1300991
0.1555279
0.1863046
0.2227845
0.2550466
0.2632462
0.2322391
0.1674052
0.0929589
0.0316671
-0.0128200
-0.0513305
-0.0890316
-0.1161551
-0.1221069
-0.1139240
-0.1121647
-0.1262536
-0.1407849
