-0.0257598
-0.0358794
-0.0409412
-0.0431455
-0.0472649
-0.0539951
-0.0578187
-0.0534942
-0.0436020
-0.0370883
-0.0404179
-0.0535305
-0.0760433
-0.1121335
-0.1601030
-0.1938161
-0.1633315
-0.0298297
0.1893857
0.4125514
0.5412266
0.5286846
0.4091215
0.2632784
0.1553365
0.0975387
0.0644122
0.0297526
-0.0124571
-0.0538639
-0.0860003
-0.1051433
-0.1092698
-0.0977922
-0.0756234
-0.0534675
-0.0408169
-0.0390370
-0.0426074
-0.0461718
-0.0484092
-0.0495462
-0.0483910
-0.0441704
-0.0399662
-0.0412155
-0.0496001
-0.0598805
-0.0644205
-0.0607935
-0.0540928
-0.0518302
-0.0573578
-0.0681461
-0.0789274
-0.0852164
-0.0845871
-0.0770169
-0.0656307
-0.0561803
-0.0533644
-0.0562481
-0.0579484
-0.0513231
-0.0357334
-0.0180311
-0.0065227
-0.0037787
-0.0050854
-0.0033585
0.0049002
0.0180968
0.0325348
0.0455895
0.0561169
0.0635143
0.0681183
0.0724981
0.0807331
0.0949446
0.1124279
0.1269947
0.1337435
0.1325724
0.1270333
0.1201602
0.1119161
0.1005371
0.0854082
0.0678575
0.0495592
0.0312677
0.0133989
-0.0031192
-0.0173994
-0.0294559
-0.0394218
-0.0460014
-0.0472064
-0.0438116
-0.0413157
-0.0462121
-0.0587711
-0.0703534
-0.0703096
-0.0570584
-0.0415252
-0.0377896
-0.0496663
-0.0672566
-0.0772313
-0.0758689
-0.0712729
-0.0732973
-0.0826682
-0.0907202
-0.0891536
-0.0788098
-0.0684118
-0.0654596
-0.0693478
-0.0732754
-0.0716652
-0.0648795
-0.0573470
-0.0525823
-0.0508136
-0.0508810
-0.0530401
-0.0586758
-0.0670815
-0.0737150
-0.0733741
-0.0658096
-0.0572506
-0.0549660
-0.0600020
-0.0660901
-0.0663303
-0.0605094
-0.0549307
-0.0549148
-0.0585973
-0.0594072
-0.0545061
-0.0490715
-0.0509101
-0.0614857
-0.0738792
-0.0798756
-0.0777205
-0.0721245
-0.0678708
-0.0652716
-0.0620274
-0.0576649
-0.0543278
-0.0534209
-0.0534278
-0.0524203
-0.0518091
-0.0553850
-0.0638064
-0.0716140
-0.0717707
-0.0634217
-0.0538538
-0.0518085
-0.0590613
-0.0691256
-0.0742162
-0.0729504
-0.0707391
-0.0727438
-0.0772964
-0.0772073
-0.0677012
-0.0522994
-0.0401457
-0.0375325
-0.0424482
-0.0475524
-0.0481089
-0.0463293
-0.0474970
-0.0523231
-0.0545721
-0.0472843
-0.0307199
-0.0126357
-0.0004077
0.0057863
0.0110409
0.0181568
0.0241849
0.0254168
0.0244438
0.0297639
0.0468473
0.0701074
0.0853918
0.0814485
0.0588970
0.0281288
-0.0004021
-0.0230483
-0.0415551
-0.0574137
-0.0691072
-0.0744593
-0.0742487
-0.0723542
-0.0721251
-0.0733874
-0.0739969
-0.0742194
-0.0782630
-0.0906990
-0.1123548
-0.1409684
-0.1744449
-0.2088698
-0.2293631
-0.2049606
-0.1022703
0.0836452
0.3063853
0.4820174
0.5392740
0.4685077
0.3265018
0.1918624
0.1102883
0.0752463
0.0529231
0.0203221
-0.0192886
-0.0502024
-0.0652639
-0.0712354
-0.0776814
-0.0858242
-0.0895757
-0.0846929
-0.0741804
-0.0649658
-0.0611031
-0.0607924
-0.0591327
-0.0531517
-0.0444537
-0.0374237
-0.0350627
-0.0367358
-0.0398174
-0.0427256
-0.0456198
-0.0485086
-0.0500053
-0.0490075
-0.0474798
-0.0502498
-0.0603948
-0.0742936
-0.0825663
-0.0778447
-0.0621710
-0.0457908
-0.0379303
-0.0389546
-0.0415421
-0.0385986
-0.0293017
-0.0180346
-0.0088185
-0.0015867
0.0065572
0.0177599
0.0320759
0.0490346
0.0685350
0.0889409
0.1054044
0.1123881
0.1090196
0.1015504
0.0997716
0.1103251
0.1323483
0.1582771
0.1786210
0.1872924
0.1842659
0.1742388
0.1623457
0.1497267
0.1324075
0.1054609
0.0698428
0.0348615
0.0116921
0.0030489
0.0002576
-0.0079859
-0.0242241
-0.0406948
-0.0489048
-0.0491111
-0.0492438
-0.0552744
-0.0646165
-0.0701037
-0.0692769
-0.0673130
-0.0699699
-0.0757077
-0.0773018
-0.0711111
-0.0624372
-0.0603644
-0.0680962
-0.0794933
-0.0850515
-0.0807229
-0.0709713
-0.0639117
-0.0640882
-0.0698732
-0.0767176
-0.0814329
-0.0831570
-0.0818269
-0.0774284
-0.0707919
-0.0641497
-0.0603867
-0.0615646
-0.0675611
-0.0755448
-0.0811304
-0.0810726
-0.0755665
-0.0680701
-0.0626119
-0.0606568
-0.0601600
-0.0580687
-0.0543516
-0.0530784
-0.0583080
-0.0687657
-0.0777654
-0.0790911
-0.0724103
-0.0626332
-0.0549953
-0.0517957
-0.0532983
-0.0597870
-0.0710073
-0.0835824
-0.0908915
-0.0878971
-0.0767466
-0.0660233
-0.0628936
-0.0663606
-0.0692860
-0.0665233
-0.0596019
-0.0534526
-0.0502639
-0.0477148
-0.0425482
-0.0344183
-0.0255658
-0.0173739
-0.0086269
0.0021615
0.0137882
0.0234184
0.0305229
0.0378150
0.0471468
0.0556746
0.0576248
0.0495567
0.0327396
0.0106435
-0.0141780
-0.0397356
-0.0624466
-0.0780590
-0.0862746
-0.0927127
-0.1028311
-0.1138693
-0.1186900
-0.1238134
-0.1613899
-0.2715315
-0.4609178
-0.6771397
-0.8331668
-0.8690828
-0.7956641
-0.6754475
-0.5571723
-0.4294191
-0.2434524
0.0157248
0.2847524
0.4553765
0.4592609
0.3250190
0.1550316
0.0453435
0.0205891
0.0351015
0.0281699
-0.0222645
-0.0914263
-0.1409519
-0.1547010
-0.1457522
-0.1366628
-0.1375999
-0.1416580
-0.1367093
-0.1194743
-0.0988265
-0.0869812
-0.0883251
-0.0966389
-0.1020350
-0.0995288
-0.0914178
-0.0832471
-0.0786941
-0.0778894
-0.0794624
-0.0831124
-0.0893815
-0.0970007
-0.1018993
-0.1003077
-0.0927273
-0.0838285
-0.0783473
-0.0776802
-0.0801613
-0.0834711
-0.0862713
-0.0879785
-0.0874888
-0.0826321
-0.0717449
-0.0563256
-0.0415898
-0.0334118
-0.0341030
-0.0405738
-0.0459814
-0.0437447
-0.0319062
-0.0147368
0.0008744
0.0119164
0.0219939
0.0368567
0.0575037
0.0786683
0.0943636
0.1041914
0.1130919
0.1242007
0.1327260
0.1291445
0.1099534
0.0838866
0.0648262
0.0580117
0.0548356
0.0419187
0.0142749
-0.0206120
-0.0498530
-0.0650572
-0.0670046
-0.0636712
-0.0648159
-0.0762506
-0.0954730
-0.1110771
-0.1092238
-0.0857396
-0.0536642
-0.0356474
-0.0450735
-0.0744247
-0.1036489
-0.1192066
-0.1230193
-0.1239535
-0.1250104
-0.1217792
-0.1113547
-0.0979106
-0.0872113
-0.0785715
-0.0670840
-0.0542305
-0.0506473
-0.0631957
-0.0816425
-0.0855503
-0.0673873
-0.0441303
-0.0406988
-0.0628053
-0.0904752
-0.0990127
-0.0825789
-0.0550444
-0.0315502
-0.0155952
-0.0053111
-0.0053115
-0.0237197
-0.0568666
-0.0848412
-0.0889464
-0.0719000
-0.0551552
-0.0554258
-0.0680142
-0.0751191
-0.0669773
-0.0508915
-0.0403558
-0.0396170
-0.0415707
-0.0391913
-0.0350575
-0.0374602
-0.0488484
-0.0613217
-0.0642871
-0.0548089
-0.0396456
-0.0285496
-0.0264271
-0.0306533
-0.0344909
-0.0332055
-0.0272728
-0.0194920
-0.0098402
0.0046280
0.0240153
0.0418844
0.0499658
0.0470466
0.0420099
0.0469962
0.0670412
0.0960835
0.1226246
0.1384267
0.1413034
0.1314062
0.1087541
0.0762763
0.0425067
0.0172975
0.0043111
-0.0004790
-0.0030217
-0.0060086
-0.0094793
-0.0137036
-0.0191245
-0.0240678
-0.0247692
-0.0191567
-0.0104430
-0.0059439
-0.0119843
-0.0305274
-0.0597129
-0.0928643
-0.1122974
-0.0870230
0.0120877
0.1837651
0.3806071
0.5283537
0.5710249
0.5065610
0.3841559
0.2668409
0.1905942
0.1509420
0.1220921
0.0865074
0.0485384
0.0247863
0.0247326
0.0398093
0.0491672
0.0369962
0.0068693
-0.0208469
-0.0281455
-0.0168267
-0.0054078
-0.0082771
-0.0201287
-0.0230718
-0.0081836
0.0130665
0.0208970
0.0095434
-0.0061000
-0.0082302
0.0024964
0.0087370
0.0000480
-0.0116237
-0.0056053
0.0204601
0.0439062
0.0404606
0.0116574
-0.0148982
-0.0132013
0.0152372
0.0443707
0.0508540
0.0355407
0.0182933
0.0162267
0.0306507
0.0520790
0.0710288
0.0823391
0.0849604
0.0831498
0.0864242
0.1029425
0.1306380
0.1572494
0.1721030
0.1777660
0.1872372
0.2079671
0.2312570
0.2418453
0.2379513
0.2362988
0.2532506
0.2837366
0.3038870
0.2945218
0.2584390
0.2146113
0.1803599
0.1623440
0.1612957
0.1782660
0.2125361
0.2565446
0.2989291
0.3344794
0.3669134
0.3980666
0.4176380
0.4103544
0.3738832
0.3233731
0.2750079
0.2300539
0.1804614
0.1268110
0.0822573
0.0562816
0.0412174
0.0221125
-0.0013466
-0.0112301
0.0051792
0.0337988
0.0458548
0.0332608
0.0218384
0.0404737
0.0819631
0.1069216
0.0899642
0.0522638
0.0383884
0.0624599
0.0870390
0.0621898
-0.0155247
-0.0872502
-0.0768656
0.0474105
0.2506399
0.4588455
0.6025900
0.6436263
0.5818596
0.4525625
0.3125490
0.2116047
0.1641734
0.1468923
0.1266187
0.0919721
0.0576127
0.0406022
0.0384249
0.0340854
0.0197127
0.0069998
0.0102880
0.0248272
0.0300397
0.0147073
-0.0079558
-0.0140319
0.0056994
0.0372276
0.0575811
0.0540185
0.0309662
0.0038316
-0.0112043
-0.0051460
0.0189840
0.0463482
0.0597806
0.0553350
0.0480750
0.0562281
0.0776148
0.0883322
0.0705274
0.0372136
0.0209744
0.0373339
0.0668672
0.0782579
0.0646510
0.0500545
0.0592151
0.0879539
0.1094914
0.1080436
0.0975562
0.1025098
0.1259953
0.1459062
0.1430406
0.1246776
0.1155775
0.1302428
0.1598260
0.1848234
0.1949180
0.1946173
0.1932637
0.1939904
0.1932592
0.1880555
0.1795828
0.1694129
0.1556431
0.1358150
0.1120695
0.0903343
0.0745677
0.0638527
0.0548617
0.0453357
0.0355901
0.0286896
0.0289944
0.0380765
0.0507182
0.0560013
0.0447042
0.0183722
-0.0077432
-0.0139963
0.0054791
0.0323207
0.0371035
0.0085705
-0.0313643
-0.0468492
-0.0242816
0.0130048
0.0284141
0.0096671
-0.0199482
-0.0290608
-0.0136717
0.0006446
-0.0074013
-0.0271408
-0.0307019
-0.0121192
0.0011506
-0.0172681
-0.0537011
-0.0619015
-0.0136102
0.0636134
0.1061414
0.0743462
-0.0089250
-0.0812129
-0.0989573
-0.0701429
-0.0330991
-0.0140500
-0.0112589
-0.0126420
-0.0150734
-0.0221936
-0.0312854
-0.0315916
-0.0173678
0.0016012
0.0068702
-0.0101947
-0.0388120
-0.0594717
-0.0627810
-0.0552630
-0.0482373
-0.0459087
-0.0452222
-0.0422927
-0.0354310
-0.0249233
-0.0141843
-0.0100708
-0.0173706
-0.0306986
-0.0341145
-0.0135765
0.0263610
0.0591793
0.0558113
0.0126852
-0.0409977
-0.0686970
-0.0600752
-0.0369785
-0.0273489
-0.0378441
-0.0530305
-0.0563000
-0.0465787
-0.0350628
-0.0301080
-0.0292459
-0.0260287
-0.0202938
-0.0170950
-0.0169077
-0.0133666
-0.0033095
0.0062062
0.0061019
-0.0018975
-0.0060761
0.0013440
0.0149721
0.0224804
0.0180574
0.0077803
0.0016282
0.0016101
0.0000941
-0.0092333
-0.0217065
-0.0268270
-0.0222816
-0.0183493
-0.0267170
-0.0473901
-0.0678828
-0.0736966
-0.0596610
-0.0337930
-0.0109000
-0.0000334
0.0030307
0.0097063
0.0249157
0.0412951
0.0477652
0.0428376
0.0385683
0.0503654
0.0810004
0.1146591
0.1302096
0.1224977
0.1075422
0.1032758
0.1072518
0.0980008
0.0592027
0.0001585
-0.0487533
-0.0611624
-0.0371592
-0.0026342
0.0140673
0.0054908
-0.0145699
-0.0309664
-0.0424477
-0.0570690
-0.0792734
-0.1066840
-0.1358251
-0.1622142
-0.1704470
-0.1288790
-0.0061051
0.1948334
0.4158408
0.5683932
0.5943711
0.5094249
0.3843740
0.2831762
0.2206755
0.1756361
0.1313980
0.0943729
0.0770531
0.0751460
0.0694235
0.0484669
0.0223078
0.0093377
0.0138851
0.0238683
0.0293744
0.0335702
0.0406082
0.0415188
0.0226996
-0.0132048
-0.0445089
-0.0524153
-0.0415425
-0.0346611
-0.0475748
-0.0716145
-0.0826805
-0.0674582
-0.0381071
-0.0187992
-0.0200967
-0.0310452
-0.0356017
-0.0307340
-0.0257490
-0.0278669
-0.0326031
-0.0285187
-0.0108267
0.0100969
0.0168414
0.0050818
-0.0068244
0.0053116
0.0437039
0.0823761
0.0918149
0.0684940
0.0390471
0.0364912
0.0719962
0.1272990
0.1726028
0.1909085
0.1852340
0.1667829
0.1438328
0.1237381
0.1170334
0.1306973
0.1585157
0.1841481
0.1949304
0.1905937
0.1796330
0.1700462
0.1630983
0.1537140
0.1365249
0.1118804
0.0854958
0.0631911
0.0478182
0.0395836
0.0354580
0.0293458
0.0181698
0.0081893
0.0096355
0.0230150
0.0354718
0.0339110
0.0190075
0.0036871
-0.0007556
0.0045394
0.0084414
0.0028584
-0.0070350
-0.0083835
0.0021382
0.0108917
0.0012993
-0.0272776
-0.0590128
-0.0777392
-0.0790127
-0.0682654
-0.0530986
-0.0383971
-0.0254647
-0.0144840
-0.0081209
-0.0108796
-0.0232776
-0.0385197
-0.0468578
-0.0425997
-0.0276157
-0.0110558
-0.0046480
-0.0127356
-0.0260333
-0.0308760
-0.0261811
-0.0247751
-0.0345733
-0.0448348
-0.0376872
-0.0113531
0.0135116
0.0124420
-0.0182649
-0.0558280
-0.0713016
-0.0567384
-0.0300816
-0.0125930
-0.0075467
-0.0061180
-0.0076618
-0.0230317
-0.0573570
-0.0981432
-0.1241921
-0.1232600
-0.1007498
-0.0747783
-0.0626212
-0.0679100
-0.0794544
-0.0832494
-0.0748948
-0.0607725
-0.0510336
-0.0526603
-0.0647098
-0.0778156
-0.0822861
-0.0785128
-0.0749105
-0.0747073
-0.0718592
-0.0629331
-0.0550297
-0.0556161
-0.0600132
-0.0567285
-0.0437500
-0.0333272
-0.0382938
-0.0549513
-0.0622284
-0.0424061
-0.0044768
0.0194415
0.0077264
-0.0247575
-0.0424206
-0.0279900
0.0032882
0.0266614
0.0337210
0.0325140
0.0312085
0.0283610
0.0170443
-0.0050418
-0.0307656
-0.0503106
-0.0622176
-0.0732172
-0.0863677
-0.0963931
-0.0999103
-0.1020834
-0.1069575
-0.1083633
-0.0988191
-0.0834195
-0.0774294
-0.0919391
-0.1256246
-0.1654275
-0.1885517
-0.1665999
-0.0764838
0.0849250
0.2890588
0.4748475
0.5711497
0.5412087
0.4142595
0.2657178
0.1589573
0.1059403
0.0784720
0.0450092
-0.0054377
-0.0625913
-0.1080025
-0.1308307
-0.1341131
-0.1265453
-0.1131746
-0.0983954
-0.0911070
-0.0972587
-0.1104531
-0.1186032
-0.1175610
-0.1112825
-0.1029169
-0.0940821
-0.0891642
-0.0917218
-0.0986062
-0.1031561
-0.1007085
-0.0879041
-0.0646865
-0.0424807
-0.0405909
-0.0648247
-0.0953060
-0.1034149
-0.0779164
-0.0324913
0.0049548
0.0089532
-0.0255756
-0.0756430
-0.1083481
-0.1107614
-0.0955400
-0.0789277
-0.0657751
-0.0560467
-0.0503434
-0.0444635
-0.0309385
-0.0101725
0.0095731
0.0242051
0.0359723
0.0451756
0.0508791
0.0576376
0.0704131
0.0864685
0.1028738
0.1248371
0.1533737
0.1730608
0.1680857
0.1439694
0.1185056
0.0985554
0.0803844
0.0642513
0.0530608
0.0438721
0.0334112
0.0231081
0.0092523
-0.0178038
-0.0544124
-0.0807552
-0.0885362
-0.0926431
-0.1038099
-0.1113796
-0.1062507
-0.0983374
-0.0976708
-0.1005538
-0.1056571
-0.1190055
-0.1335340
-0.1318262
-0.1176137
-0.1135976
-0.1218531
-0.1221625
-0.1140329
-0.1179440
-0.1300448
-0.1241640
-0.1046503
-0.1029226
-0.1158987
-0.1104690
-0.0949005
-0.1097734
-0.1369615
-0.1120076
-0.0575026
-0.0987487
-0.2833406
