-0.0916311
-0.0933669
-0.0925568
-0.0886911
-0.0909720
-0.1063363
-0.1264352
-0.1308362
-0.1066772
-0.0650081
-0.0345440
-0.0362780
-0.0635497
-0.0880416
-0.0861491
-0.0597412
-0.0319038
-0.0239401
-0.0372116
-0.0557547
-0.0637004
-0.0588976
-0.0512845
-0.0507112
-0.0572350
-0.0619835
-0.0562630
-0.0403438
-0.0245756
-0.0217106
-0.0362307
-0.0594723
-0.0753805
-0.0728462
-0.0544160
-0.0340830
-0.0264458
-0.0363966
-0.0566502
-0.0733657
-0.0752281
-0.0609832
-0.0415153
-0.0338933
-0.0489443
-0.0805981
-0.1073620
-0.1077799
-0.0782278
-0.0370996
-0.0108622
-0.0140517
-0.0401920
-0.0695634
-0.0850026
-0.0825096
-0.0706041
-0.0616788
-0.0625645
-0.0703565
-0.0760188
-0.0731680
-0.0645443
-0.0593075
-0.0629300
-0.0705066
-0.0720667
-0.0647617
-0.0570873
-0.0582707
-0.0643052
-0.0584427
-0.0282757
0.0188029
0.0598952
0.0770089
0.0720963
0.0624370
0.0645121
0.0843816
0.1199742
0.1651087
0.2076598
0.2288391
0.2132207
0.1634975
0.1020107
0.0529323
0.0224709
-0.0012634
-0.0299554
-0.0614254
-0.0862792
-0.1034365
-0.1220574
-0.1468373
-0.1672496
-0.1670893
-0.1439074
-0.1140978
-0.0967879
-0.0956852
-0.0998293
-0.1011615
-0.1083611
-0.1421928
-0.2159350
-0.3142360
-0.3827700
-0.3397353
-0.1163490
0.2859510
0.7621981
1.1373784
1.2633966
1.1139239
0.7989499
0.4833005
0.2764135
0.1821045
0.1363105
0.0818316
0.0093299
-0.0577445
-0.1002436
-0.1201170
-0.1293680
-0.1339681
-0.1319494
-0.1223957
-0.1111531
-0.1074700
-0.1170845
-0.1381876
-0.1615553
-0.1743116
-0.1673802
-0.1434918
-0.1180003
-0.1081837
-0.1186615
-0.1374006
-0.1474582
-0.1427322
-0.1315031
-0.1255308
-0.1282314
-0.1342257
-0.1373869
-0.1356070
-0.1281572
-0.1132303
-0.0919578
-0.0732839
-0.0697056
-0.0849831
-0.1072295
-0.1169869
-0.1034479
-0.0729418
-0.0425859
-0.0268840
-0.0289783
-0.0403871
-0.0461051
-0.0324557
0.0037471
0.0501133
0.0852182
0.0956362
0.0890870
0.0890265
0.1137022
0.1600562
0.2087406
0.2440967
0.2675747
0.2918929
0.3248973
0.3615341
0.3908696
0.4082566
0.4193279
0.4332232
0.4531877
0.4731634
0.4821183
0.4718263
0.4422463
0.4006082
0.3547683
0.3066252
0.2525436
0.1912610
0.1307046
0.0844372
0.0593142
0.0470983
0.0303374
-0.0020755
-0.0450754
-0.0829328
-0.1037110
-0.1079559
-0.1045450
-0.1004805
-0.0962795
-0.0907809
-0.0885985
-0.1011230
-0.1390065
-0.2025634
-0.2785953
-0.3466862
-0.3903347
-0.4049297
-0.3976855
-0.3807540
-0.3626455
-0.3430468
-0.3139118
-0.2666539
-0.2011366
-0.1289823
-0.0667087
-0.0240540
0.0002851
0.0103841
0.0032358
-0.0271201
-0.0731667
-0.1072486
-0.1010227
-0.0557919
-0.0084414
0.0003533
-0.0347269
-0.0800909
-0.0998035
-0.0907382
-0.0774005
-0.0766861
-0.0781128
-0.0630421
-0.0358677
-0.0252323
-0.0518700
-0.1019226
-0.1380007
-0.1351102
-0.1014374
-0.0650752
-0.0468171
-0.0488413
-0.0640485
-0.0873422
-0.1152248
-0.1402338
-0.1526696
-0.1489239
-0.1349301
-0.1197724
-0.1076701
-0.0978085
-0.0903162
-0.0892297
-0.0988950
-0.1196607
-0.1484726
-0.1813716
-0.2115781
-0.2250310
-0.2037619
-0.1417801
-0.0610716
-0.0073194
-0.0203191
-0.1007127
-0.2038176
-0.2694966
-0.2639403
-0.1985485
-0.1135581
-0.0456128
-0.0076741
0.0080946
0.0154143
0.0224226
0.0294411
0.0332093
0.0330313
0.0339240
0.0420721
0.0545471
0.0553681
0.0280693
-0.0242675
-0.0755384
-0.0996238
-0.0971878
-0.0938491
-0.1092123
-0.1335552
-0.1419808
-0.1292105
-0.1208699
-0.1461054
-0.2049299
-0.2685738
-0.3080165
-0.3143383
-0.2939169
-0.2573287
-0.2192573
-0.1968535
-0.1923629
-0.1824039
-0.1474841
-0.1205871
-0.1788685
-0.3468486
-0.5017060
-0.4179757
0.0378827
0.7374034
1.3377961
1.5358615
1.2976177
0.8491913
0.4567528
0.2252282
0.0926836
-0.0284899
-0.1461527
-0.2142084
-0.2157653
-0.1866544
-0.1677410
-0.1679080
-0.1845381
-0.2339266
-0.3308637
-0.4400417
-0.4785993
-0.3919233
-0.2239662
-0.0935164
-0.0901264
-0.1960266
-0.3123784
-0.3551057
-0.3194931
-0.2605102
-0.2288880
-0.2339458
-0.2549940
-0.2686828
-0.2612093
-0.2296677
-0.1875140
-0.1659893
-0.1925436
-0.2561304
-0.3007518
-0.2703512
-0.1691725
-0.0716337
-0.0600643
-0.1460627
-0.2552864
-0.2944427
-0.2357664
-0.1370466
-0.0813943
-0.0994809
-0.1483863
-0.1602717
-0.1078802
-0.0258581
0.0245915
0.0092324
-0.0540277
-0.1128512
-0.1199391
-0.0624954
0.0357511
0.1359884
0.2116262
0.2625554
0.3071638
0.3592857
0.4104594
0.4355248
0.4192344
0.3791494
0.3589128
0.3920743
0.4674130
0.5302982
0.5235602
0.4339496
0.3037572
0.1986325
0.1608206
0.1854035
0.2318482
0.2536284
0.2223187
0.1367884
0.0206903
-0.0886452
-0.1589948
-0.1818871
-0.1755701
-0.1654261
-0.1580835
-0.1370232
-0.0877002
-0.0256496
0.0080273
-0.0139011
-0.0710205
-0.1094523
-0.0974032
-0.0656815
-0.0841904
-0.1896168
-0.3352663
-0.4186971
-0.3670767
-0.2010376
-0.0176269
0.0884560
0.0902403
0.0268986
-0.0482630
-0.1109323
-0.1638741
-0.2077248
-0.2257364
-0.1987528
-0.1298567
-0.0503863
-0.0012107
-0.0057433
-0.0543863
-0.1098650
-0.1314541
-0.1051801
-0.0578136
-0.0373098
-0.0694480
-0.1293738
-0.1610117
-0.1312503
-0.0649966
-0.0221276
-0.0385898
-0.0938873
-0.1377916
-0.1427516
-0.1228433
-0.1042200
-0.0902469
-0.0656570
-0.0299596
-0.0117012
-0.0406266
-0.1099972
-0.1754059
-0.1930118
-0.1553537
-0.0904664
-0.0344354
-0.0104795
-0.0266808
-0.0771314
-0.1370632
-0.1669775
-0.1394385
-0.0690744
-0.0080543
-0.0008814
-0.0420343
-0.0838180
-0.0877515
-0.0628342
-0.0492676
-0.0693667
-0.1029491
-0.1121063
-0.0825735
-0.0350492
-0.0001154
0.0097420
0.0035216
-0.0026116
0.0042464
0.0319359
0.0795115
0.1312236
0.1628235
0.1639473
0.1538011
0.1658602
0.2118503
0.2645661
0.2818278
0.2470443
0.1825193
0.1237092
0.0859631
0.0583449
0.0238089
-0.0215662
-0.0674766
-0.0992249
-0.1059905
-0.0865706
-0.0542988
-0.0333253
-0.0403540
-0.0664381
-0.0832289
-0.0735930
-0.0535738
-0.0581916
-0.1067303
-0.1876969
-0.2737815
-0.3340796
-0.3204858
-0.1600004
0.1986975
0.7026945
1.1705137
1.3919245
1.2878158
0.9775062
0.6743665
0.5043842
0.4255895
0.3193246
0.1423514
-0.0265263
-0.0841403
-0.0236045
0.0578966
0.0643567
-0.0043224
-0.0687905
-0.0683639
-0.0265112
-0.0170195
-0.0779274
-0.1706747
-0.2228234
-0.2002833
-0.1312196
-0.0652987
-0.0226534
0.0103690
0.0426359
0.0514527
0.0050072
-0.0909899
-0.1807083
-0.2017760
-0.1425461
-0.0522339
0.0068978
0.0143127
-0.0022205
-0.0076639
0.0023344
0.0065044
-0.0077407
-0.0258697
-0.0243099
0.0000235
0.0250999
0.0279738
0.0084161
-0.0131265
-0.0167635
0.0015478
0.0330041
0.0667467
0.0940202
0.1064740
0.0993649
0.0809959
0.0751660
0.1062522
0.1767262
0.2600911
0.3198693
0.3387814
0.3310130
0.3274532
0.3502062
0.3998493
0.4615645
0.5172189
0.5514544
0.5547815
0.5312989
0.5050872
0.5091339
0.5558212
0.6156952
0.6335921
0.5750700
0.4587925
0.3397445
0.2599098
0.2186644
0.1905675
0.1619131
0.1388886
0.1225742
0.0932831
0.0342091
-0.0342757
-0.0633742
-0.0311364
0.0192020
0.0142898
-0.0686777
-0.1662002
-0.1863270
-0.1035116
0.0124373
0.0658861
0.0281831
-0.0436241
-0.0741624
-0.0437682
0.0063681
0.0292534
0.0174974
-0.0048311
-0.0190194
-0.0271392
-0.0354486
-0.0389346
-0.0317917
-0.0257871
-0.0433305
-0.0867899
-0.1236381
-0.1146700
-0.0601252
-0.0102933
-0.0218386
-0.1017395
-0.1970963
-0.2412165
-0.2085603
-0.1269594
-0.0445784
0.0077674
0.0257318
0.0178064
-0.0056021
-0.0317992
-0.0470423
-0.0467506
-0.0415194
-0.0453196
-0.0566876
-0.0581728
-0.0387617
-0.0123058
-0.0059772
-0.0296460
-0.0635551
-0.0813097
-0.0812562
-0.0874480
-0.1181931
-0.1605294
-0.1823642
-0.1683221
-0.1368070
-0.1187065
-0.1234825
-0.1314628
-0.1187698
-0.0844332
-0.0501377
-0.0363258
-0.0430655
-0.0548736
-0.0609867
-0.0680959
-0.0928269
-0.1415715
-0.1963687
-0.2210092
-0.1864173
-0.0976940
0.0015024
0.0579414
0.0520403
0.0159720
0.0039344
0.0384504
0.0869857
0.0977397
0.0607054
0.0270537
0.0594918
0.1616162
0.2625697
0.2783835
0.1898244
0.0578417
-0.0366737
-0.0642453
-0.0588544
-0.0682822
-0.1033021
-0.1373085
-0.1457755
-0.1344313
-0.1273258
-0.1363786
-0.1512726
-0.1580976
-0.1593781
-0.1698706
-0.1953334
-0.2229825
-0.2374202
-0.2437082
-0.2676074
-0.3250017
-0.3857629
-0.3696127
-0.1905698
0.1730045
0.6344566
1.0248386
1.1854080
1.0669706
0.7601914
0.4292636
0.2003766
0.0947687
0.0534270
0.0154967
-0.0303662
-0.0618322
-0.0703422
-0.0780770
-0.1090810
-0.1573636
-0.1940843
-0.2026327
-0.1956160
-0.1946125
-0.2033485
-0.2106331
-0.2150473
-0.2314292
-0.2653694
-0.2914758
-0.2734909
-0.2098566
-0.1472843
-0.1371071
-0.1803913
-0.2272190
-0.2330535
-0.2055638
-0.1868862
-0.1966237
-0.2093545
-0.1951867
-0.1695958
-0.1840604
-0.2621798
-0.3568029
-0.3839433
-0.3015987
-0.1502269
-0.0147649
0.0481022
0.0444873
0.0164468
-0.0055709
-0.0209360
-0.0403876
-0.0621382
-0.0701574
-0.0516876
-0.0114633
0.0323026
0.0645294
0.0851235
0.1046743
0.1291378
0.1505758
0.1560028
0.1467270
0.1457184
0.1798819
0.2521432
0.3340988
0.3911321
0.4155905
0.4318777
0.4669818
0.5186847
0.5562901
0.5518090
0.5063668
0.4449000
0.3896193
0.3438679
0.3003035
0.2563177
0.2144920
0.1704925
0.1105898
0.0286905
-0.0561770
-0.1077976
-0.1045075
-0.0628968
-0.0263235
-0.0278208
-0.0644179
-0.1067124
-0.1293896
-0.1291178
-0.1160426
-0.0974072
-0.0768046
-0.0662114
-0.0864515
-0.1452807
-0.2154987
-0.2450181
-0.1993882
-0.0979208
-0.0039974
0.0262374
-0.0105258
-0.0681332
-0.0981695
-0.0932004
-0.0851978
-0.1058048
-0.1522160
-0.1917982
-0.1954795
-0.1626885
-0.1158689
-0.0779136
-0.0593453
-0.0623229
-0.0855682
-0.1188941
-0.1391387
-0.1245594
-0.0795689
-0.0390885
-0.0383363
-0.0761404
-0.1144596
-0.1187686
-0.0952326
-0.0819714
-0.1048348
-0.1494482
-0.1802712
-0.1805880
-0.1650890
-0.1543175
-0.1475487
-0.1282993
-0.0916664
-0.0555259
-0.0413606
-0.0504119
-0.0646379
-0.0685419
-0.0636707
-0.0613533
-0.0677629
-0.0804979
-0.0960948
-0.1141536
-0.1329739
-0.1461735
-0.1474922
-0.1373891
-0.1220426
-0.1069692
-0.0948447
-0.0888100
-0.0926053
-0.1043632
-0.1137604
-0.1105190
-0.0954972
-0.0789460
-0.0672090
-0.0567563
-0.0449097
-0.0402463
-0.0518314
-0.0670105
-0.0523438
0.0102548
0.0900054
0.1251629
0.0864044
0.0185272
0.0055172
0.0868784
0.2129662
0.2893915
0.2644231
0.1686987
0.0728538
0.0171510
-0.0128114
-0.0517479
-0.1116682
-0.1751341
-0.2183550
-0.2298416
-0.2108355
-0.1712775
-0.1304699
-0.1116946
-0.1240068
-0.1492171
-0.1559790
-0.1317325
-0.0976712
-0.0902943
-0.1324047
-0.2221258
-0.3351377
-0.4177912
-0.3801850
-0.1311399
0.3364179
0.8810827
1.2621426
1.2990861
1.0122610
0.6080908
0.3133351
0.2098511
0.2147504
0.1997017
0.1140033
-0.0002602
-0.0830150
-0.1202732
-0.1373507
-0.1535759
-0.1626231
-0.1537901
-0.1359074
-0.1309110
-0.1486097
-0.1759474
-0.1917860
-0.1874738
-0.1714401
-0.1576336
-0.1528295
-0.1534483
-0.1507922
-0.1384625
-0.1172235
-0.0950698
-0.0826982
-0.0875637
-0.1103945
-0.1448454
-0.1783490
-0.1945640
-0.1807991
-0.1394285
-0.0930223
-0.0725786
-0.0936153
-0.1412632
-0.1810178
-0.1866924
-0.1586221
-0.1159375
-0.0750425
-0.0390511
-0.0062074
0.0183940
0.0250532
0.0127220
-0.0047067
-0.0085825
0.0084416
0.0376950
0.0647014
0.0818803
0.0916414
0.1012245
0.1185545
0.1520142
0.2080034
0.2829930
0.3581917
0.4078227
0.4187902
0.4040875
0.3943943
0.4130349
0.4573587
0.5039059
0.5302663
0.5303664
0.5102212
0.4746400
0.4230570
0.3567701
0.2836731
0.2123696
0.1456171
0.0852459
0.0417650
0.0297543
0.0473508
0.0654198
0.0489488
-0.0053824
-0.0594745
-0.0710848
-0.0416585
-0.0195422
-0.0505734
-0.1287269
-0.2006695
-0.2175045
-0.1769516
-0.1162463
-0.0733097
-0.0608294
-0.0706824
-0.0890874
-0.1024419
-0.0989014
-0.0777682
-0.0583570
-0.0688184
-0.1178820
-0.1801669
-0.2158511
-0.2053764
-0.1615239
-0.1098654
-0.0659882
-0.0348392
-0.0222915
-0.0339164
-0.0614446
-0.0829278
-0.0862581
-0.0876908
-0.1144934
-0.1658332
-0.2014079
-0.1802934
-0.1099354
-0.0460429
-0.0379817
-0.0786850
-0.1144561
-0.1022075
-0.0506773
-0.0052122
0.0000651
-0.0305657
-0.0693387
-0.0959029
-0.1090437
-0.1144344
-0.1110713
-0.0941297
-0.0677997
-0.0495337
-0.0581225
-0.0962550
-0.1443296
-0.1725978
-0.1630296
-0.1230862
-0.0790194
-0.0543108
-0.0536560
-0.0671141
-0.0861837
-0.1102996
-0.1368980
-0.1529839
-0.1462450
-0.1251071
-0.1176655
-0.1411625
-0.1748735
-0.1749197
-0.1228980
-0.0537263
-0.0241261
-0.0513023
-0.0913267
-0.0849857
-0.0207669
0.0560275
0.0961561
0.0984325
0.1029647
0.1390203
0.1909121
0.2180950
0.2003550
0.1548811
0.1115186
0.0813539
0.0542919
0.0207931
-0.0139998
-0.0394453
-0.0557038
-0.0746535
-0.1051430
-0.1413214
-0.1671412
-0.1712084
-0.1569313
-0.1398431
-0.1359252
-0.1504395
-0.1748682
-0.1943388
-0.2018797
-0.2094817
-0.2430639
-0.3166244
-0.4007899
-0.4168359
-0.2768202
0.0478685
0.4822877
0.8736625
1.0791724
1.0518611
0.8570625
0.6103015
0.3955768
0.2332301
0.1096661
0.0194706
-0.0296552
-0.0435439
-0.0537958
-0.0917470
-0.1533974
-0.2000025
-0.1976322
-0.1525408
-0.1042875
-0.0873836
-0.1048146
-0.1366732
-0.1645979
-0.1818322
-0.1865296
-0.1782257
-0.1643079
-0.1603633
-0.1746791
-0.1947494
-0.1981471
-0.1788648
-0.1553357
-0.1467540
-0.1473667
-0.1354494
-0.1092566
-0.1013629
-0.1437015
-0.2196781
-0.2660752
-0.2341761
-0.1454476
-0.0752769
-0.0776872
-0.1323862
-0.1710184
-0.1508489
-0.0944086
-0.0566870
-0.0630386
-0.0878141
-0.0909959
-0.0639040
-0.0313270
-0.0145785
-0.0054520
0.0181570
0.0588603
0.0927802
0.0974343
0.0799210
0.0724696
0.1018937
0.1671456
0.2456645
0.3155305
0.3673014
0.3985215
0.4069293
0.3950791
0.3771553
0.3722184
0.3875007
0.4116030
0.4256961
0.4182330
0.3874387
0.3350070
0.2645450
0.1869470
0.1212931
0.0838144
0.0736077
0.0714335
0.0558891
0.0211449
-0.0228216
-0.0650145
-0.1014275
-0.1271601
-0.1315340
