-0.0015684
0.0132244
0.0326123
0.0607408
0.0904411
0.1110373
0.1217081
0.1328407
0.1531214
0.1784200
0.1963771
0.2010256
0.1997313
0.2048934
0.2214583
0.2449411
0.2701390
0.2976876
0.3301457
0.3640104
0.3893755
0.3987456
0.3946418
0.3869002
0.3825490
0.3790897
0.3675828
0.3415968
0.3031729
0.2609021
0.2225047
0.1885115
0.1525176
0.1082348
0.0574353
0.0108606
-0.0201771
-0.0341409
-0.0407571
-0.0513356
-0.0680682
-0.0841465
-0.0940620
-0.1011068
-0.1125029
-0.1283695
-0.1391811
-0.1360426
-0.1215132
-0.1073187
-0.1016916
-0.1024420
-0.1043079
-0.1097831
-0.1270320
-0.1554297
-0.1776665
-0.1722659
-0.1357544
-0.0894936
-0.0614148
-0.0609817
-0.0736041
-0.0789474
-0.0717251
-0.0632182
-0.0654053
-0.0780775
-0.0922012
-0.1017982
-0.1084530
-0.1150463
-0.1197655
-0.1190605
-0.1142019
-0.1107983
-0.1111501
-0.1103983
-0.1029855
-0.0915086
-0.0855675
-0.0907806
-0.1015693
-0.1072867
-0.1042840
-0.0987730
-0.0973946
-0.0985224
-0.0960001
-0.0898324
-0.0883713
-0.0976439
-0.1113619
-0.1158308
-0.1055154
-0.0907378
-0.0875048
-0.1006422
-0.1192247
-0.1285967
-0.1246138
-0.1151124
-0.1096954
-0.1109240
-0.1150782
-0.1180862
-0.1184261
-0.1157937
-0.1102153
-0.1035212
-0.0997569
-0.1020603
-0.1091565
-0.1161001
-0.1186937
-0.1165014
-0.1118081
-0.1073075
-0.1057092
-0.1098188
-0.1200090
-0.1309373
-0.1335218
-0.1234415
-0.1080052
-0.1019385
-0.1137509
-0.1360703
-0.1511933
-0.1478460
-0.1327645
-0.1246927
-0.1353325
-0.1552244
-0.1593977
-0.1300168
-0.0764668
-0.0330632
-0.0332044
-0.0809857
-0.1454132
-0.1816019
-0.1569441
-0.0571951
0.1264074
0.4019584
0.7551088
1.1202586
1.3866900
1.4541886
1.2988032
0.9895737
0.6391245
0.3331188
0.0991033
-0.0707343
-0.1823802
-0.2313628
-0.2221673
-0.1810900
-0.1416164
-0.1196778
-0.1086554
-0.0976746
-0.0882500
-0.0896536
-0.1026384
-0.1152241
-0.1165606
-0.1104908
-0.1110330
-0.1254237
-0.1457092
-0.1583324
-0.1588110
-0.1538575
-0.1505370
-0.1479306
-0.1415458
-0.1328802
-0.1299674
-0.1373419
-0.1485110
-0.1515527
-0.1419700
-0.1272702
-0.1172390
-0.1112999
-0.0985032
-0.0710327
-0.0356500
-0.0089212
-0.0004045
-0.0022175
0.0031493
0.0251130
0.0566423
0.0838301
0.1019057
0.1195713
0.1475842
0.1856368
0.2227816
0.2500068
0.2693355
0.2889811
0.3116736
0.3312497
0.3414144
0.3448994
0.3510129
0.3646894
0.3809797
0.3916578
0.3948851
0.3952105
0.3943786
0.3860416
0.3624851
0.3250483
0.2840015
0.2469553
0.2104276
0.1660270
0.1139474
0.0662124
0.0343054
0.0157035
-0.0037814
-0.0336808
-0.0674436
-0.0892491
-0.0910297
-0.0803069
-0.0711080
-0.0698746
-0.0723200
-0.0724792
-0.0711119
-0.0736179
-0.0818128
-0.0907915
-0.0944512
-0.0922040
-0.0887570
-0.0880940
-0.0896268
-0.0907855
-0.0916517
-0.0948796
-0.1008296
-0.1046536
-0.1000750
-0.0861669
-0.0692003
-0.0570914
-0.0526026
-0.0527662
-0.0543496
-0.0578974
-0.0650968
-0.0734196
-0.0763718
-0.0706352
-0.0612307
-0.0565701
-0.0579401
-0.0568613
-0.0456438
-0.0294300
-0.0237503
-0.0378415
-0.0623384
-0.0770891
-0.0720720
-0.0581664
-0.0551175
-0.0699973
-0.0903250
-0.0989140
-0.0928797
-0.0857749
-0.0921057
-0.1125341
-0.1349247
-0.1476286
-0.1497112
-0.1490446
-0.1529372
-0.1617042
-0.1700060
-0.1725340
-0.1680055
-0.1588182
-0.1482450
-0.1386362
-0.1320271
-0.1310481
-0.1369691
-0.1454534
-0.1458110
-0.1284831
-0.0958409
-0.0634866
-0.0463113
-0.0420228
-0.0325920
-0.0064960
0.0217108
0.0201662
-0.0273733
-0.0980210
-0.1415635
-0.1148993
-0.0024710
0.1933066
0.4676635
0.8038169
1.1445921
1.3881305
1.4346575
1.2547106
0.9165409
0.5432430
0.2359521
0.0280673
-0.1007019
-0.1797017
-0.2204602
-0.2243615
-0.2018898
-0.1751931
-0.1623195
-0.1637864
-0.1665243
-0.1589601
-0.1407858
-0.1201830
-0.1051753
-0.0987295
-0.0997988
-0.1059165
-0.1136849
-0.1181641
-0.1142174
-0.1003079
-0.0814397
-0.0674036
-0.0663174
-0.0782558
-0.0947042
-0.1049701
-0.1042220
-0.0958373
-0.0861651
-0.0777959
-0.0689674
-0.0590005
-0.0514994
-0.0496063
-0.0490096
-0.0396679
-0.0172202
0.0090503
0.0237780
0.0227368
0.0201163
0.0355104
0.0737766
0.1204301
0.1576871
0.1819492
0.2025249
0.2253980
0.2444541
0.2517569
0.2523783
0.2624859
0.2913074
0.3295293
0.3594146
0.3743419
0.3832922
0.3951004
0.4034128
0.3925237
0.3572801
0.3116230
0.2742279
0.2485389
0.2213566
0.1805769
0.1293216
0.0800804
0.0388824
0.0010362
-0.0372256
-0.0686757
-0.0815497
-0.0747327
-0.0614928
-0.0559934
-0.0590584
-0.0606160
-0.0547355
-0.0474012
-0.0475225
-0.0540198
-0.0565747
-0.0490689
-0.0379562
-0.0347337
-0.0424323
-0.0532121
-0.0591420
-0.0614012
-0.0662273
-0.0740934
-0.0776075
-0.0716277
-0.0619970
-0.0601193
-0.0690648
-0.0790623
-0.0793357
-0.0723177
-0.0721157
-0.0878773
-0.1115714
-0.1252626
-0.1201967
-0.1060626
-0.1001081
-0.1088107
-0.1225381
-0.1277496
-0.1214005
-0.1116468
-0.1066298
-0.1063357
-0.1061222
-0.1048116
-0.1058094
-0.1106282
-0.1147957
-0.1126465
-0.1052395
-0.1008398
-0.1062597
-0.1187908
-0.1282365
-0.1269086
-0.1165571
-0.1054220
-0.0999821
-0.1006009
-0.1039877
-0.1075260
-0.1104047
-0.1121312
-0.1119990
-0.1103364
-0.1088709
-0.1085182
-0.1069815
-0.0999826
-0.0860874
-0.0701709
-0.0608887
-0.0635399
-0.0749268
-0.0853505
-0.0863040
-0.0773534
-0.0664658
-0.0634235
-0.0716183
-0.0851392
-0.0938981
-0.0924654
-0.0847453
-0.0804520
-0.0869584
-0.1038785
-0.1243544
-0.1406131
-0.1484340
-0.1477965
-0.1412826
-0.1328525
-0.1270740
-0.1271860
-0.1324594
-0.1380493
-0.1389247
-0.1344516
-0.1283726
-0.1236091
-0.1174894
-0.1032926
-0.0775125
-0.0456471
-0.0197636
-0.0089265
-0.0114115
-0.0168808
-0.0169159
-0.0132443
-0.0149335
-0.0274967
-0.0457724
-0.0585626
-0.0601803
-0.0562583
-0.0573141
-0.0672907
-0.0800787
-0.0876790
-0.0898171
-0.0933218
-0.1025854
-0.1136987
-0.1199665
-0.1216362
-0.1268706
-0.1418139
-0.1615806
-0.1736520
-0.1705496
-0.1573007
-0.1450045
-0.1381559
-0.1307138
-0.1152203
-0.0934934
-0.0756941
-0.0687393
-0.0677427
-0.0605877
-0.0407929
-0.0148588
0.0034624
0.0057472
-0.0044315
-0.0166370
-0.0240371
-0.0281009
-0.0338485
-0.0425419
-0.0505330
-0.0548027
-0.0576524
-0.0643170
-0.0760436
-0.0871102
-0.0902099
-0.0847314
-0.0781824
-0.0783147
-0.0846700
-0.0896266
-0.0879695
-0.0835336
-0.0846197
-0.0931693
-0.1002947
-0.0938822
-0.0707141
-0.0406030
-0.0182998
-0.0112303
-0.0147423
-0.0184770
-0.0166552
-0.0123326
-0.0125943
-0.0203802
-0.0310839
-0.0370176
-0.0352569
-0.0308855
-0.0318881
-0.0406721
-0.0514279
-0.0565530
-0.0550718
-0.0534942
-0.0582691
-0.0686729
-0.0781699
-0.0822993
-0.0838236
-0.0893411
-0.1013451
-0.1145972
-0.1205921
-0.1151024
-0.1011786
-0.0854719
-0.0722899
-0.0608451
-0.0474350
-0.0302371
-0.0124301
-0.0002420
0.0031827
0.0020764
0.0047508
0.0147433
0.0258505
0.0275607
0.0158153
-0.0028389
-0.0186607
-0.0291580
-0.0401517
-0.0562960
-0.0731724
-0.0816004
-0.0794042
-0.0757105
-0.0815402
-0.0975378
-0.1133919
-0.1192274
-0.1153868
-0.1102869
-0.1106014
-0.1152562
-0.1178421
-0.1122735
-0.0959043
-0.0704359
-0.0429744
-0.0250430
-0.0256850
-0.0421546
-0.0589472
-0.0598688
-0.0423884
-0.0185426
-0.0013100
0.0075007
0.0145694
0.0236374
0.0315670
0.0357744
0.0396194
0.0449174
0.0409542
0.0091953
-0.0544756
-0.1231067
-0.1496023
-0.0969801
0.0433945
0.2617848
0.5479733
0.8862367
1.2288009
1.4853280
1.5580519
1.4039243
1.0702903
0.6700617
0.3166506
0.0713032
-0.0640568
-0.1199591
-0.1314405
-0.1261556
-0.1217275
-0.1230399
-0.1231148
-0.1136475
-0.0976059
-0.0884573
-0.0942351
-0.1046480
-0.0988349
-0.0678100
-0.0265756
-0.0005947
-0.0002928
-0.0117781
-0.0139487
-0.0020589
0.0088907
0.0033380
-0.0164060
-0.0330722
-0.0335029
-0.0214026
-0.0109396
-0.0107194
-0.0163546
-0.0175336
-0.0091166
0.0058779
0.0214879
0.0334719
0.0390966
0.0365650
0.0280976
0.0222565
0.0288418
0.0489273
0.0712497
0.0812630
0.0750595
0.0637088
0.0628624
0.0779822
0.1002834
0.1170394
0.1246872
0.1310117
0.1455948
0.1703056
0.1996983
0.2286522
0.2572410
0.2881849
0.3218986
0.3561077
0.3899917
0.4262149
0.4664339
0.5047185
0.5279873
0.5259257
0.5013099
0.4690879
0.4435105
0.4255248
0.4031218
0.3645952
0.3117679
0.2599177
0.2238666
0.2036652
0.1845678
0.1519570
0.1061314
0.0616586
0.0324903
0.0192194
0.0116300
0.0019987
-0.0070903
-0.0090125
-0.0043588
-0.0017634
-0.0063438
-0.0108510
-0.0028174
0.0193424
0.0416104
0.0488065
0.0418889
0.0369414
0.0462643
0.0636605
0.0711480
0.0590825
0.0364637
0.0204547
0.0184271
0.0232317
0.0251117
0.0237738
0.0259002
0.0331911
0.0377866
0.0312266
0.0150632
-0.0007353
-0.0097705
-0.0167739
-0.0312356
-0.0543197
-0.0747110
-0.0793635
-0.0679681
-0.0548876
-0.0558123
-0.0734057
-0.0969178
-0.1144672
-0.1230328
-0.1259098
-0.1235629
-0.1113639
-0.0878392
-0.0622560
-0.0494286
-0.0551116
-0.0689184
-0.0749004
-0.0686948
-0.0607541
-0.0614817
-0.0669578
-0.0637682
-0.0472188
-0.0294552
-0.0259518
-0.0362694
-0.0434749
-0.0344459
-0.0167959
-0.0107184
-0.0244593
-0.0435370
-0.0480861
-0.0376148
-0.0321108
-0.0472450
-0.0739831
-0.0881489
-0.0789503
-0.0622197
-0.0623577
-0.0842563
-0.1081072
-0.1126111
-0.0987665
-0.0867548
-0.0912569
-0.1055288
-0.1119723
-0.1040231
-0.0922065
-0.0889957
-0.0931243
-0.0924010
-0.0797262
-0.0615319
-0.0489118
-0.0437321
-0.0376514
-0.0250434
-0.0128056
-0.0136298
-0.0302698
-0.0502483
-0.0581104
-0.0512359
-0.0414087
-0.0414662
-0.0528765
-0.0673074
-0.0783454
-0.0886183
-0.1042054
-0.1238732
-0.1370939
-0.1343899
-0.1184663
-0.1030806
-0.1005696
-0.1114335
-0.1260120
-0.1345917
-0.1347389
-0.1300515
-0.1244329
-0.1190944
-0.1140433
-0.1097134
-0.1054167
-0.0975561
-0.0824403
-0.0619799
-0.0444526
-0.0371464
-0.0384447
-0.0390853
-0.0318880
-0.0191753
-0.0098766
-0.0099701
-0.0166428
-0.0216927
-0.0197320
-0.0125548
-0.0062609
-0.0056568
-0.0119529
-0.0242685
-0.0410666
-0.0596219
-0.0756797
-0.0854193
-0.0886012
-0.0899706
-0.0968416
-0.1131756
-0.1341549
-0.1476595
-0.1446473
-0.1300764
-0.1215160
-0.1331922
-0.1600143
-0.1793692
-0.1714397
-0.1383305
-0.1016020
-0.0801349
-0.0722798
-0.0620305
-0.0412324
-0.0207155
-0.0168236
-0.0302472
-0.0435447
-0.0405423
-0.0242500
-0.0124685
-0.0173303
-0.0331659
-0.0456712
-0.0495481
-0.0527351
-0.0632182
-0.0766255
-0.0814106
-0.0751669
-0.0705409
-0.0819697
-0.1085264
-0.1330351
-0.1384099
-0.1233409
-0.1019073
-0.0895493
-0.0901872
-0.0953253
-0.0931820
-0.0782481
-0.0544752
-0.0321196
-0.0213433
-0.0255499
-0.0383533
-0.0479845
-0.0470279
-0.0383200
-0.0305885
-0.0291512
-0.0325773
-0.0375779
-0.0436199
-0.0508198
-0.0557372
-0.0532952
-0.0439386
-0.0361740
-0.0390370
-0.0522964
-0.0668382
-0.0756923
-0.0818490
-0.0923521
-0.1065807
-0.1152002
-0.1118286
-0.1015388
-0.0945198
-0.0937945
-0.0936147
-0.0896511
-0.0858988
-0.0886035
-0.0959790
-0.0983823
-0.0894111
-0.0735555
-0.0605106
-0.0540418
-0.0501395
-0.0455164
-0.0427186
-0.0439758
-0.0439984
-0.0346560
-0.0166299
-0.0011516
0.0022951
-0.0033994
-0.0080750
-0.0080818
-0.0101985
-0.0205913
-0.0338999
-0.0379107
-0.0290672
-0.0189810
-0.0222208
-0.0393379
-0.0560781
-0.0600167
-0.0542362
-0.0518462
-0.0590498
-0.0674781
-0.0642043
-0.0473968
-0.0303699
-0.0298510
-0.0502795
-0.0795000
-0.0996687
-0.1021039
-0.0919128
-0.0804188
-0.0758431
-0.0808732
-0.0946010
-0.1122907
-0.1238725
-0.1180546
-0.0926756
-0.0604805
-0.0398304
-0.0365413
-0.0378931
-0.0300591
-0.0207220
-0.0358214
-0.0870818
-0.1463332
-0.1606876
-0.0947800
0.0483813
0.2498367
0.5052321
0.8153756
1.1412945
1.3833560
1.4290580
1.2384154
0.8851868
0.5093175
0.2234957
0.0577660
-0.0213311
-0.0563347
-0.0680295
-0.0629276
-0.0502274
-0.0428856
-0.0475584
-0.0608797
-0.0761239
-0.0900115
-0.1021702
-0.1111113
-0.1137737
-0.1086230
-0.0969881
-0.0812380
-0.0639005
-0.0491182
-0.0419162
-0.0435056
-0.0491218
-0.0533663
-0.0563482
-0.0609709
-0.0648320
-0.0599237
-0.0429136
-0.0223272
-0.0112260
-0.0131031
-0.0185705
-0.0173026
-0.0103446
-0.0071605
-0.0113492
-0.0142956
-0.0061172
0.0105425
0.0235492
0.0279253
0.0328283
0.0481698
0.0691285
0.0807830
0.0776742
0.0724396
0.0818894
0.1081303
0.1382276
0.1620371
0.1850644
0.2197529
0.2663678
0.3087751
0.3317765
0.3382655
0.3441824
0.3583500
0.3734877
0.3784147
0.3734675
0.3692948
0.3727280
0.3789125
0.3784511
0.3688326
0.3554125
0.3415379
0.3217297
0.2882921
0.2436431
0.2011188
0.1707938
0.1474577
0.1167814
0.0728586
0.0259415
-0.0083986
-0.0254894
-0.0350457
-0.0490076
-0.0676832
-0.0795575
-0.0748370
-0.0566434
-0.0362776
-0.0193772
-0.0020342
0.0182357
0.0335443
0.0333117
0.0193030
0.0070425
0.0095639
0.0224305
0.0286066
0.0185050
0.0016645
-0.0050065
0.0008965
0.0032113
-0.0120042
-0.0367213
-0.0486784
-0.0375519
-0.0163140
-0.0046967
-0.0075989
-0.0147654
-0.0182769
-0.0230363
-0.0374648
-0.0581702
-0.0701673
-0.0645086
-0.0516249
-0.0515716
-0.0712986
-0.0973989
-0.1135457
-0.1192419
-0.1258246
-0.1375012
-0.1442376
-0.1350633
-0.1130190
-0.0924512
-0.0823256
-0.0759300
-0.0599028
-0.0327412
-0.0098276
-0.0064512
-0.0186223
-0.0268791
-0.0194654
-0.0055424
-0.0025900
-0.0157691
-0.0346131
-0.0476788
-0.0549069
-0.0639640
-0.0771807
-0.0860022
-0.0809771
-0.0659738
-0.0571166
-0.0644782
-0.0791264
-0.0838945
-0.0746006
-0.0638857
-0.0641160
-0.0731281
-0.0795357
-0.0778552
-0.0745835
-0.0798117
-0.0945169
-0.1077127
-0.1080079
-0.0970429
-0.0872129
-0.0854794
-0.0852122
-0.0768049
-0.0602811
-0.0425526
-0.0274577
-0.0148676
-0.0061183
-0.0033781
-0.0045428
-0.0040351
0.0006171
0.0050537
0.0010254
-0.0158329
-0.0385131
-0.0514911
-0.0471944
-0.0374647
-0.0396448
-0.0522262
-0.0561191
-0.0422801
-0.0256166
-0.0258239
-0.0444570
-0.0669873
-0.0795074
-0.0790100
-0.0748251
-0.0818758
-0.1032375
-0.1197905
-0.1108765
-0.0851935
-0.0723438
-0.0801059
-0.0829698
-0.0637086
