-0.1690927
-0.1767053
-0.1727509
-0.1560730
-0.1335290
-0.1124557
-0.0953699
-0.0820062
-0.0735971
-0.0722044
-0.0761204
-0.0790663
-0.0762850
-0.0704536
-0.0688828
-0.0741359
-0.0797254
-0.0774957
-0.0685457
-0.0636698
-0.0711658
-0.0859034
-0.0934720
-0.0857887
-0.0704045
-0.0625536
-0.0690677
-0.0825295
-0.0914355
-0.0932785
-0.0951337
-0.1025272
-0.1115157
-0.1139037
-0.1084993
-0.1037957
-0.1083499
-0.1203880
-0.1290849
-0.1260013
-0.1135441
-0.1014278
-0.0960747
-0.0950396
-0.0916293
-0.0832371
-0.0739253
-0.0694284
-0.0710869
-0.0752128
-0.0775636
-0.0774339
-0.0773648
-0.0796515
-0.0836722
-0.0864026
-0.0851052
-0.0796000
-0.0724672
-0.0673816
-0.0669326
-0.0713293
-0.0786264
-0.0860723
-0.0915126
-0.0939712
-0.0933565
-0.0898916
-0.0838213
-0.0754918
-0.0655714
-0.0550903
-0.0450422
-0.0356301
-0.0258933
-0.0146132
-0.0022507
0.0080093
0.0119605
0.0079699
-0.0011352
-0.0105107
-0.0180715
-0.0263205
-0.0385504
-0.0531871
-0.0630885
-0.0618829
-0.0513580
-0.0415724
-0.0423277
-0.0540903
-0.0679145
-0.0748299
-0.0747521
-0.0750598
-0.0805174
-0.0867156
-0.0857175
-0.0776472
-0.0730459
-0.0807068
-0.0946943
-0.0984468
-0.0843464
-0.0654570
-0.0615981
-0.0731269
-0.0757885
-0.0490859
-0.0083168
0.0012036
-0.0508570
-0.1426344
-0.2137081
-0.2151953
-0.1384355
0.0085541
0.2392715
0.5800419
1.0102719
1.4211290
1.6582974
1.6268647
1.3618340
0.9950343
0.6523115
0.3805399
0.1626193
-0.0176066
-0.1409827
-0.1796300
-0.1405154
-0.0696337
-0.0143035
0.0105714
0.0182040
0.0219815
0.0209463
0.0107668
-0.0019211
-0.0039638
0.0076128
0.0201227
0.0189855
0.0037192
-0.0128751
-0.0198045
-0.0183302
-0.0169277
-0.0196249
-0.0226165
-0.0212565
-0.0164863
-0.0125988
-0.0109212
-0.0088109
-0.0049082
-0.0024423
-0.0050900
-0.0104953
-0.0106309
0.0000067
0.0175621
0.0317486
0.0358274
0.0327930
0.0313772
0.0370780
0.0484775
0.0620819
0.0785694
0.1020825
0.1333757
0.1659304
0.1911263
0.2073534
0.2221415
0.2438637
0.2722510
0.2993564
0.3205734
0.3424522
0.3765322
0.4248678
0.4742649
0.5077162
0.5216263
0.5294782
0.5471448
0.5760073
0.6027412
0.6153898
0.6165791
0.6185492
0.6264033
0.6297245
0.6125119
0.5698682
0.5125619
0.4552692
0.4027576
0.3491032
0.2888059
0.2255561
0.1690076
0.1248548
0.0903368
0.0592574
0.0291588
0.0022796
-0.0190931
-0.0356899
-0.0491059
-0.0585580
-0.0619658
-0.0602257
-0.0583792
-0.0608875
-0.0661238
-0.0671001
-0.0583176
-0.0410634
-0.0210901
-0.0018008
0.0184428
0.0415346
0.0637364
0.0770195
0.0771641
0.0691488
0.0626730
0.0621992
0.0628631
0.0570855
0.0440845
0.0309577
0.0241216
0.0215735
0.0154283
0.0015888
-0.0153370
-0.0278130
-0.0344321
-0.0407932
-0.0512706
-0.0626979
-0.0688403
-0.0703270
-0.0764592
-0.0946469
-0.1196134
-0.1369729
-0.1392311
-0.1358233
-0.1436907
-0.1674481
-0.1920213
-0.1977641
-0.1820698
-0.1630099
-0.1606150
-0.1770057
-0.1973306
-0.2084538
-0.2117817
-0.2153372
-0.2170327
-0.2024997
-0.1623006
-0.1077986
-0.0646358
-0.0490598
-0.0534798
-0.0574860
-0.0510211
-0.0429262
-0.0465104
-0.0612076
-0.0727042
-0.0702348
-0.0589611
-0.0525869
-0.0564697
-0.0627164
-0.0626886
-0.0599855
-0.0666509
-0.0871472
-0.1107248
-0.1226582
-0.1210768
-0.1186954
-0.1272188
-0.1436207
-0.1550363
-0.1556579
-0.1540673
-0.1617058
-0.1772408
-0.1870069
-0.1814861
-0.1674255
-0.1604319
-0.1671269
-0.1785982
-0.1822580
-0.1762963
-0.1687373
-0.1637089
-0.1539488
-0.1299181
-0.0939157
-0.0607621
-0.0433920
-0.0403729
-0.0396323
-0.0328537
-0.0232054
-0.0187994
-0.0217883
-0.0265298
-0.0273866
-0.0252304
-0.0252694
-0.0306852
-0.0406604
-0.0537929
-0.0704075
-0.0900734
-0.1087902
-0.1215702
-0.1283470
-0.1352520
-0.1482262
-0.1659069
-0.1805021
-0.1859251
-0.1836017
-0.1794650
-0.1766720
-0.1732342
-0.1664126
-0.1567747
-0.1463638
-0.1347196
-0.1198314
-0.1033427
-0.0916760
-0.0892538
-0.0916503
-0.0888267
-0.0764603
-0.0618703
-0.0563074
-0.0621315
-0.0703441
-0.0714132
-0.0658894
-0.0619923
-0.0641689
-0.0677498
-0.0661553
-0.0605108
-0.0588024
-0.0658861
-0.0776101
-0.0864839
-0.0909427
-0.0958767
-0.1042104
-0.1115040
-0.1114944
-0.1055459
-0.1030419
-0.1110840
-0.1260179
-0.1376684
-0.1412418
-0.1418783
-0.1460170
-0.1508322
-0.1460513
-0.1268784
-0.1019847
-0.0858202
-0.0838859
-0.0886289
-0.0904177
-0.0891843
-0.0920102
-0.1006295
-0.1061545
-0.0987123
-0.0797376
-0.0608530
-0.0508059
-0.0475178
-0.0450076
-0.0445000
-0.0532170
-0.0716201
-0.0871835
-0.0858862
-0.0691377
-0.0545775
-0.0577738
-0.0757475
-0.0918257
-0.0955214
-0.0930719
-0.0966112
-0.1069656
-0.1125375
-0.1055206
-0.0941145
-0.0943465
-0.1111609
-0.1322967
-0.1424955
-0.1401905
-0.1362976
-0.1378941
-0.1385066
-0.1273502
-0.1048049
-0.0833728
-0.0725798
-0.0674925
-0.0559512
-0.0352451
-0.0165614
-0.0113023
-0.0168117
-0.0198365
-0.0132654
-0.0048123
-0.0068414
-0.0205667
-0.0345667
-0.0389404
-0.0368144
-0.0390583
-0.0497863
-0.0614260
-0.0651712
-0.0628584
-0.0649578
-0.0774466
-0.0943629
-0.1052585
-0.1077580
-0.1092415
-0.1158474
-0.1233264
-0.1220949
-0.1108045
-0.1013402
-0.1077009
-0.1303690
-0.1536091
-0.1588880
-0.1402653
-0.1068609
-0.0726371
-0.0460778
-0.0288406
-0.0202499
-0.0195769
-0.0244849
-0.0306512
-0.0350335
-0.0385383
-0.0438933
-0.0514726
-0.0588645
-0.0640131
-0.0660506
-0.0624199
-0.0494988
-0.0314026
-0.0274112
-0.0626004
-0.1430998
-0.2402497
-0.3048458
-0.2999883
-0.2166876
-0.0557138
0.1956277
0.5497413
0.9703579
1.3463268
1.5375161
1.4693847
1.1912657
0.8388289
0.5335132
0.3123544
0.1448412
0.0018772
-0.1035332
-0.1400466
-0.1066182
-0.0451944
-0.0052920
-0.0032560
-0.0189876
-0.0267032
-0.0217488
-0.0176655
-0.0244154
-0.0358748
-0.0384448
-0.0274356
-0.0120388
-0.0049877
-0.0094845
-0.0170890
-0.0177549
-0.0109545
-0.0063128
-0.0131106
-0.0296816
-0.0442997
-0.0472157
-0.0410359
-0.0377064
-0.0449410
-0.0570437
-0.0603845
-0.0472051
-0.0223105
0.0037620
0.0255959
0.0448211
0.0626615
0.0746932
0.0757691
0.0688853
0.0655782
0.0754540
0.0962535
0.1161675
0.1262932
0.1295823
0.1367601
0.1542660
0.1775432
0.1963880
0.2058906
0.2112687
0.2222077
0.2433175
0.2704855
0.2960145
0.3164642
0.3351085
0.3571603
0.3834475
0.4093221
0.4294943
0.4430407
0.4531646
0.4628214
0.4721390
0.4805761
0.4896795
0.5007448
0.5088477
0.5018417
0.4693435
0.4144700
0.3547853
0.3085260
0.2787835
0.2524767
0.2158385
0.1697609
0.1281504
0.1016057
0.0854694
0.0659866
0.0370135
0.0074378
-0.0094293
-0.0120143
-0.0133216
-0.0271442
-0.0533438
-0.0784950
-0.0904665
-0.0903346
-0.0890991
-0.0941515
-0.1011332
-0.0997612
-0.0865711
-0.0706290
-0.0662729
-0.0801620
-0.1048961
-0.1246136
-0.1270628
-0.1116943
-0.0877366
-0.0652173
-0.0475237
-0.0317401
-0.0151216
-0.0002007
0.0069805
0.0032510
-0.0080763
-0.0203634
-0.0296192
-0.0363190
-0.0417534
-0.0447159
-0.0435805
-0.0409298
-0.0433693
-0.0548225
-0.0708485
-0.0819927
-0.0838320
-0.0823912
-0.0878253
-0.1027935
-0.1188157
-0.1252049
-0.1205827
-0.1137338
-0.1128365
-0.1157141
-0.1126981
-0.0990348
-0.0824211
-0.0763557
-0.0858926
-0.1012458
-0.1065926
-0.0952004
-0.0752553
-0.0606472
-0.0567301
-0.0559561
-0.0474187
-0.0295925
-0.0125476
-0.0074892
-0.0150125
-0.0246391
-0.0260480
-0.0200380
-0.0176614
-0.0284782
-0.0501884
-0.0703547
-0.0784375
-0.0759634
-0.0747170
-0.0848995
-0.1050080
-0.1232257
-0.1286953
-0.1215397
-0.1121148
-0.1108593
-0.1192513
-0.1306164
-0.1388717
-0.1450498
-0.1544230
-0.1679444
-0.1784111
-0.1765724
-0.1609860
-0.1407159
-0.1275362
-0.1257542
-0.1301371
-0.1331868
-0.1329031
-0.1325974
-0.1341780
-0.1337806
-0.1252483
-0.1073112
-0.0858784
-0.0685700
-0.0575434
-0.0485648
-0.0372052
-0.0250999
-0.0191345
-0.0241364
-0.0367977
-0.0475709
-0.0491598
-0.0433067
-0.0389909
-0.0436906
-0.0564378
-0.0696205
-0.0773807
-0.0814659
-0.0881573
-0.0997845
-0.1106013
-0.1122444
-0.1032653
-0.0921812
-0.0900821
-0.1001062
-0.1146724
-0.1232089
-0.1221147
-0.1167653
-0.1142878
-0.1155733
-0.1151458
-0.1085068
-0.0985266
-0.0937361
-0.1000693
-0.1144171
-0.1265881
-0.1280934
-0.1196633
-0.1105472
-0.1101629
-0.1196119
-0.1306929
-0.1332121
-0.1237846
-0.1080623
-0.0947250
-0.0875170
-0.0831312
-0.0763161
-0.0660412
-0.0560432
-0.0499043
-0.0470331
-0.0443657
-0.0413219
-0.0414002
-0.0478928
-0.0587164
-0.0670669
-0.0680250
-0.0639006
-0.0619360
-0.0665387
-0.0746947
-0.0798246
-0.0796794
-0.0791372
-0.0846239
-0.0966210
-0.1089512
-0.1156067
-0.1171582
-0.1194672
-0.1265107
-0.1357550
-0.1410885
-0.1394366
-0.1334814
-0.1281238
-0.1254429
-0.1236438
-0.1201146
-0.1144048
-0.1081194
-0.1026133
-0.0971129
-0.0887339
-0.0743333
-0.0533534
-0.0298259
-0.0110356
-0.0024084
-0.0026842
-0.0050852
-0.0048513
-0.0055848
-0.0162812
-0.0406809
-0.0705125
-0.0916174
-0.0978748
-0.0979321
-0.1064842
-0.1287933
-0.1551469
-0.1713075
-0.1733313
-0.1704569
-0.1734261
-0.1820067
-0.1859655
-0.1779856
-0.1632733
-0.1545867
-0.1583427
-0.1677004
-0.1703158
-0.1614525
-0.1471736
-0.1344116
-0.1206005
-0.0962603
-0.0582046
-0.0174671
0.0087058
0.0129042
0.0038324
-0.0040580
-0.0053542
-0.0061519
-0.0128287
-0.0221301
-0.0250933
-0.0194382
-0.0142545
-0.0204834
-0.0385460
-0.0581055
-0.0700664
-0.0762731
-0.0858060
-0.1031607
-0.1224874
-0.1338000
-0.1332952
-0.1268847
-0.1246701
-0.1323438
-0.1459821
-0.1534059
-0.1428944
-0.1159533
-0.0937198
-0.1056784
-0.1637811
-0.2443902
-0.2994114
-0.2892802
-0.2037156
-0.0477741
0.1859089
0.5145914
0.9217704
1.3191411
1.5714350
1.5809903
1.3595133
1.0175323
0.6807282
0.4124547
0.2074674
0.0432155
-0.0780664
-0.1373662
-0.1335037
-0.0957049
-0.0608044
-0.0456196
-0.0447321
-0.0484602
-0.0546775
-0.0638241
-0.0712577
-0.0709171
-0.0640264
-0.0579663
-0.0554124
-0.0494531
-0.0331946
-0.0117452
0.0005911
-0.0036514
-0.0156227
-0.0201444
-0.0139504
-0.0100538
-0.0224410
-0.0489164
-0.0721335
-0.0774542
-0.0672101
-0.0561492
-0.0548100
-0.0600400
-0.0616851
-0.0554671
-0.0466780
-0.0419784
-0.0406025
-0.0354475
-0.0217253
-0.0023855
0.0154796
0.0281652
0.0382413
0.0508342
0.0687465
0.0915654
0.1180041
0.1474775
0.1794874
0.2129617
0.2471583
0.2826709
0.3205098
0.3600278
0.3983541
0.4321198
0.4593780
0.4798297
0.4941488
0.5040861
0.5128325
0.5235946
0.5366213
0.5481276
0.5533760
0.5509062
0.5425072
0.5284397
0.5042679
0.4649311
0.4126398
0.3586526
0.3145105
0.2808932
0.2467962
0.2012942
0.1457392
0.0928339
0.0532489
0.0245469
-0.0051603
-0.0428853
-0.0818663
-0.1081629
-0.1155803
-0.1126634
-0.1143470
-0.1273694
-0.1446285
-0.1534044
-0.1477684
-0.1322959
-0.1148098
-0.0977170
-0.0776263
-0.0522760
-0.0253333
-0.0030743
0.0124394
0.0245784
0.0359206
0.0427254
0.0381202
0.0212170
0.0010286
-0.0108282
-0.0113351
-0.0084244
-0.0115391
-0.0213088
-0.0302695
-0.0331005
-0.0332530
-0.0375853
-0.0460444
-0.0502218
-0.0437584
-0.0321388
-0.0289020
-0.0413275
-0.0620967
-0.0773003
-0.0819053
-0.0844661
-0.0954143
-0.1132094
-0.1257071
-0.1257179
-0.1216430
-0.1288485
-0.1506587
-0.1719819
-0.1753530
-0.1624890
-0.1556885
-0.1747064
-0.2131372
-0.2409451
-0.2320670
-0.1885289
-0.1363893
-0.0996894
-0.0813428
-0.0693950
-0.0570488
-0.0508489
-0.0586060
-0.0746290
-0.0827026
-0.0742359
-0.0592008
-0.0556180
-0.0694321
-0.0884594
-0.0971627
-0.0941718
-0.0919596
-0.1003005
-0.1143551
-0.1213315
-0.1163074
-0.1073425
-0.1046116
-0.1084363
-0.1111637
-0.1088068
-0.1058301
-0.1068536
-0.1078399
-0.1004136
-0.0842002
-0.0693737
-0.0641467
-0.0641516
-0.0608256
-0.0599794
-0.0832755
-0.1432072
-0.2181793
-0.2608286
-0.2348123
-0.1374228
0.0201021
0.2468517
0.5664679
0.9621234
1.3336540
1.5340216
1.4720698
1.1875197
0.8202088
0.5000942
0.2644786
0.0751719
-0.1001270
-0.2390932
-0.2960753
-0.2653366
-0.1976651
-0.1535693
-0.1501898
-0.1597658
-0.1530009
-0.1324658
-0.1217267
-0.1318568
-0.1490070
-0.1544543
-0.1477023
-0.1432880
-0.1477178
-0.1474064
-0.1232070
-0.0738116
-0.0200334
0.0148326
0.0260997
0.0278136
0.0343703
0.0456965
0.0513095
0.0458242
0.0366019
0.0352448
0.0439284
0.0527719
0.0509334
0.0384841
0.0259658
0.0228638
0.0281995
0.0331668
0.0319458
0.0282263
0.0305048
0.0420347
0.0570687
0.0676605
0.0732622
0.0821565
0.1029561
0.1355801
0.1715896
0.2030252
0.2293827
0.2551742
0.2822089
0.3070721
0.3272622
0.3475866
0.3770124
0.4180750
0.4616533
0.4949718
0.5147466
0.5299869
0.5503508
0.5731755
0.5843185
0.5718589
0.5368849
0.4898452
0.4385035
0.3825220
0.3197253
0.2538874
0.1930486
0.1410455
0.0942591
0.0481484
0.0044390
-0.0311656
-0.0576586
-0.0813293
-0.1075633
-0.1321114
-0.1441279
-0.1386934
-0.1238116
-0.1128809
-0.1114608
-0.1142546
-0.1152646
-0.1173263
-0.1281473
-0.1477042
-0.1638254
-0.1633574
-0.1467352
-0.1284177
-0.1216769
-0.1247350
-0.1241203
-0.1114577
-0.0944377
-0.0891444
-0.1018373
-0.1201447
-0.1235868
-0.1029139
-0.0689740
-0.0430598
-0.0390071
-0.0539661
-0.0746485
-0.0907278
-0.1019153
-0.1135759
-0.1277795
-0.1401545
-0.1452996
-0.1437926
-0.1424833
-0.1476703
-0.1587583
-0.1692607
-0.1736938
-0.1725200
-0.1699531
-0.1679178
-0.1638487
-0.1551247
-0.1445359
-0.1394241
-0.1444586
-0.1559236
-0.1644650
-0.1641911
-0.1588223
-0.1581820
-0.1681129
-0.1837762
-0.1931320
-0.1872717
-0.1674765
-0.1425044
-0.1199223
-0.1011620
-0.0849593
-0.0736182
-0.0730595
-0.0853696
-0.1028358
-0.1125227
-0.1086789
-0.0996305
-0.0999303
-0.1146871
-0.1331240
-0.1394928
-0.1302377
-0.1185437
-0.1206822
-0.1384415
-0.1563146
-0.1563667
-0.1352921
-0.1067098
-0.0877225
-0.0843247
-0.0895102
-0.0934941
-0.0937016
-0.0945767
-0.0993454
-0.1041315
-0.1014351
-0.0893571
-0.0761876
-0.0742022
-0.0880283
-0.1097938
-0.1269239
-0.1344455
-0.1377589
-0.1423796
-0.1432784
-0.1285607
-0.0955294
-0.0601332
-0.0454566
-0.0590169
-0.0842732
-0.0975477
-0.0920138
-0.0816390
