-0.0819898
-0.0710419
-0.0557885
-0.0495135
-0.0549462
-0.0589746
-0.0466652
-0.0192218
0.0057556
0.0123170
0.0009963
-0.0161856
-0.0320001
-0.0500691
-0.0742062
-0.0969776
-0.1041509
-0.0905393
-0.0674455
-0.0519175
-0.0502935
-0.0550888
-0.0575632
-0.0595341
-0.0699638
-0.0912712
-0.1130910
-0.1221656
-0.1173724
-0.1120289
-0.1198007
-0.1395740
-0.1565287
-0.1587029
-0.1507012
-0.1490974
-0.1644120
-0.1892157
-0.2046535
-0.1975857
-0.1704957
-0.1361289
-0.1054370
-0.0819645
-0.0655074
-0.0568608
-0.0565026
-0.0599337
-0.0577649
-0.0430649
-0.0193213
-0.0004944
-0.0017576
-0.0279376
-0.0688799
-0.1057772
-0.1240527
-0.1228723
-0.1137133
-0.1097180
-0.1156488
-0.1268915
-0.1364977
-0.1419833
-0.1457848
-0.1510398
-0.1583055
-0.1657297
-0.1707215
-0.1712085
-0.1672499
-0.1631768
-0.1667281
-0.1822358
-0.2026797
-0.2109503
-0.1932969
-0.1531593
-0.1098920
-0.0819592
-0.0717948
-0.0680091
-0.0607521
-0.0514737
-0.0467270
-0.0463529
-0.0430687
-0.0343563
-0.0295512
-0.0399519
-0.0628413
-0.0810254
-0.0813545
-0.0705774
-0.0682419
-0.0843176
-0.1084608
-0.1234203
-0.1253979
-0.1269380
-0.1410589
-0.1677311
-0.1973131
-0.2217854
-0.2374755
-0.2405568
-0.2298797
-0.2177820
-0.2288654
-0.2758364
-0.3353788
-0.3575682
-0.3053618
-0.1793163
0.0035385
0.2475216
0.5738727
0.9638173
1.3142002
1.4758350
1.3594834
1.0115065
0.5813796
0.2112026
-0.0463527
-0.2146605
-0.3224854
-0.3639809
-0.3241924
-0.2231289
-0.1174893
-0.0579355
-0.0523627
-0.0728140
-0.0909079
-0.1003944
-0.1097157
-0.1238897
-0.1395253
-0.1526823
-0.1635170
-0.1717649
-0.1729065
-0.1628589
-0.1450267
-0.1293803
-0.1237826
-0.1272330
-0.1314699
-0.1280353
-0.1141624
-0.0942274
-0.0774677
-0.0734855
-0.0868146
-0.1129333
-0.1390626
-0.1508329
-0.1410457
-0.1142117
-0.0835364
-0.0626406
-0.0574645
-0.0633089
-0.0692749
-0.0675651
-0.0599221
-0.0542711
-0.0543346
-0.0539371
-0.0431887
-0.0192447
0.0116803
0.0431764
0.0763635
0.1161200
0.1609670
0.2007950
0.2268888
0.2421654
0.2579018
0.2800289
0.3021975
0.3147804
0.3180029
0.3214502
0.3302349
0.3363466
0.3273754
0.3021216
0.2734141
0.2542285
0.2434147
0.2273990
0.1953416
0.1505100
0.1063484
0.0734239
0.0517624
0.0340952
0.0130200
-0.0153479
-0.0504307
-0.0858846
-0.1106387
-0.1160715
-0.1044953
-0.0885415
-0.0796540
-0.0775490
-0.0729174
-0.0605248
-0.0470273
-0.0434969
-0.0512190
-0.0585793
-0.0541020
-0.0402431
-0.0304492
-0.0325910
-0.0395251
-0.0389364
-0.0302938
-0.0277325
-0.0449460
-0.0796838
-0.1154348
-0.1376295
-0.1456916
-0.1485981
-0.1518316
-0.1529877
-0.1503305
-0.1502386
-0.1606901
-0.1780610
-0.1862390
-0.1728726
-0.1446939
-0.1223497
-0.1185762
-0.1240968
-0.1182250
-0.0931843
-0.0644677
-0.0545803
-0.0684052
-0.0888246
-0.0973005
-0.0941957
-0.0947561
-0.1072937
-0.1214843
-0.1208272
-0.1030395
-0.0831881
-0.0762921
-0.0810596
-0.0842249
-0.0789100
-0.0730226
-0.0771624
-0.0889007
-0.0953522
-0.0910668
-0.0868085
-0.0966124
-0.1199493
-0.1426735
-0.1553044
-0.1640041
-0.1792209
-0.1967498
-0.1971538
-0.1670199
-0.1171267
-0.0745637
-0.0570017
-0.0588122
-0.0632034
-0.0625177
-0.0618178
-0.0655320
-0.0681565
-0.0612456
-0.0460223
-0.0349783
-0.0406238
-0.0634644
-0.0901106
-0.1024750
-0.0912494
-0.0640749
-0.0406673
-0.0357661
-0.0438812
-0.0440480
-0.0256515
-0.0090711
-0.0313054
-0.1029548
-0.1829100
-0.2056884
-0.1357824
0.0131123
0.2142543
0.4661800
0.7728799
1.0835874
1.2768163
1.2354908
0.9517036
0.5500483
0.1955862
-0.0256574
-0.1388699
-0.2093171
-0.2602157
-0.2669796
-0.2143744
-0.1341010
-0.0783860
-0.0688631
-0.0833836
-0.0894900
-0.0791359
-0.0674515
-0.0668075
-0.0722136
-0.0718218
-0.0630260
-0.0524229
-0.0435208
-0.0319854
-0.0148246
0.0008949
0.0031543
-0.0119411
-0.0349474
-0.0511602
-0.0527142
-0.0432499
-0.0324887
-0.0269635
-0.0254989
-0.0228621
-0.0164439
-0.0077740
0.0022755
0.0169850
0.0399194
0.0678894
0.0902635
0.0973575
0.0896994
0.0777169
0.0713068
0.0707828
0.0702441
0.0693826
0.0777537
0.1040799
0.1433367
0.1788988
0.1983065
0.2040415
0.2077588
0.2169953
0.2303589
0.2441953
0.2596992
0.2811673
0.3089608
0.3375647
0.3615888
0.3810993
0.3984829
0.4116998
0.4147350
0.4053523
0.3885397
0.3698883
0.3483361
0.3189586
0.2817516
0.2437341
0.2113093
0.1830868
0.1522881
0.1154064
0.0765772
0.0431075
0.0183679
0.0004388
-0.0137030
-0.0259146
-0.0392405
-0.0583423
-0.0835466
-0.1057927
-0.1119513
-0.0966180
-0.0667711
-0.0347514
-0.0096224
0.0038149
0.0020732
-0.0152906
-0.0401865
-0.0565722
-0.0514740
-0.0268189
0.0020308
0.0216808
0.0333240
0.0474082
0.0670813
0.0821279
0.0817188
0.0691972
0.0593428
0.0615451
0.0696519
0.0694716
0.0534507
0.0260000
-0.0037382
-0.0307769
-0.0547225
-0.0741498
-0.0850386
-0.0863388
-0.0837383
-0.0839802
-0.0863739
-0.0842395
-0.0758917
-0.0703881
-0.0789186
-0.1012482
-0.1233830
-0.1298616
-0.1181226
-0.1005002
-0.0921153
-0.0971253
-0.1071347
-0.1119371
-0.1092226
-0.1029497
-0.0953166
-0.0839710
-0.0667474
-0.0460271
-0.0272418
-0.0145102
-0.0084769
-0.0071021
-0.0071466
-0.0051192
0.0013409
0.0105477
0.0144682
0.0021625
-0.0302564
-0.0723285
-0.1051437
-0.1169685
-0.1123128
-0.1051575
-0.1055465
-0.1141412
-0.1267902
-0.1399911
-0.1514181
-0.1586671
-0.1606810
-0.1601964
-0.1618820
-0.1657641
-0.1638671
-0.1474275
-0.1188575
-0.0926170
-0.0800534
-0.0753022
-0.0618204
-0.0342142
-0.0088943
-0.0087051
-0.0374875
-0.0729996
-0.0868364
-0.0710179
-0.0439314
-0.0304405
-0.0386730
-0.0580913
-0.0766990
-0.0926884
-0.1070044
-0.1123696
-0.0996531
-0.0758690
-0.0674651
-0.0982613
-0.1638196
-0.2306424
-0.2597777
-0.2257888
-0.1112309
0.1049425
0.4303792
0.8163309
1.1421769
1.2721854
1.1525866
0.8580764
0.5349940
0.2906280
0.1316039
0.0005019
-0.1397219
-0.2632979
-0.3163245
-0.2809515
-0.1981311
-0.1306745
-0.1117161
-0.1294565
-0.1520928
-0.1585451
-0.1479468
-0.1305692
-0.1164587
-0.1106334
-0.1137443
-0.1242790
-0.1396483
-0.1560830
-0.1692955
-0.1763387
-0.1761402
-0.1677717
-0.1498207
-0.1232696
-0.0945380
-0.0738154
-0.0686591
-0.0773485
-0.0873131
-0.0822234
-0.0554382
-0.0188384
0.0041089
-0.0021824
-0.0310657
-0.0580743
-0.0596690
-0.0301458
0.0157270
0.0548704
0.0726588
0.0707385
0.0605913
0.0516300
0.0467255
0.0467793
0.0547889
0.0731725
0.0987459
0.1225984
0.1360344
0.1375766
0.1346507
0.1375192
0.1507874
0.1716217
0.1963332
0.2260681
0.2638099
0.3072893
0.3475257
0.3743689
0.3824884
0.3733628
0.3537509
0.3318443
0.3123275
0.2932875
0.2674521
0.2271996
0.1710364
0.1080798
0.0552739
0.0255910
0.0162472
0.0103671
-0.0073458
-0.0368520
-0.0650688
-0.0803405
-0.0832458
-0.0837839
-0.0896151
-0.0987214
-0.1047821
-0.1083867
-0.1183285
-0.1389203
-0.1597898
-0.1646821
-0.1511137
-0.1359700
-0.1379346
-0.1562020
-0.1699867
-0.1600002
-0.1292631
-0.1012673
-0.0969484
-0.1143513
-0.1320305
-0.1306635
-0.1079582
-0.0736911
-0.0373898
-0.0054133
0.0149501
0.0174941
0.0057235
-0.0054283
-0.0018721
0.0143845
0.0244382
0.0101508
-0.0259761
-0.0605436
-0.0714452
-0.0594574
-0.0452645
-0.0465002
-0.0621076
-0.0792813
-0.0898530
-0.0959453
-0.1028803
-0.1121976
-0.1227015
-0.1347096
-0.1492985
-0.1627208
-0.1653504
-0.1513738
-0.1300248
-0.1214479
-0.1366725
-0.1641512
-0.1808596
-0.1756010
-0.1568973
-0.1389983
-0.1268740
-0.1180384
-0.1137542
-0.1204532
-0.1376552
-0.1495321
-0.1362317
-0.0967707
-0.0562390
-0.0441215
-0.0657499
-0.0997513
-0.1226110
-0.1285727
-0.1242977
-0.1143666
-0.1013079
-0.0949850
-0.1088116
-0.1416687
-0.1711484
-0.1737448
-0.1512608
-0.1291479
-0.1248609
-0.1257027
-0.1092918
-0.0841941
-0.0932795
-0.1639747
-0.2624156
-0.3124608
-0.2607512
-0.1093957
0.1178900
0.4193900
0.7979358
1.1971366
1.4810729
1.5105982
1.2567201
0.8353181
0.4207268
0.1212758
-0.0650991
-0.1912456
-0.2823876
-0.3232912
-0.3024985
-0.2439526
-0.1898519
-0.1643676
-0.1619349
-0.1654009
-0.1667090
-0.1690215
-0.1754145
-0.1820581
-0.1829711
-0.1769741
-0.1670836
-0.1558244
-0.1447712
-0.1365990
-0.1325968
-0.1283952
-0.1169489
-0.0968964
-0.0743255
-0.0551117
-0.0386903
-0.0205370
0.0021981
0.0288592
0.0562218
0.0791317
0.0917259
0.0902399
0.0754487
0.0529001
0.0307776
0.0158978
0.0102471
0.0116408
0.0175141
0.0262786
0.0355107
0.0428564
0.0501680
0.0625802
0.0806857
0.0974547
0.1069797
0.1134244
0.1261742
0.1469697
0.1668889
0.1777325
0.1834269
0.1972316
0.2274764
0.2679323
0.3042782
0.3292655
0.3475297
0.3642832
0.3754311
0.3751442
0.3691753
0.3704767
0.3796555
0.3783917
0.3483587
0.2928573
0.2341121
0.1903754
0.1603649
0.1308131
0.0948526
0.0584239
0.0289486
0.0036685
-0.0253306
-0.0572492
-0.0820218
-0.0952533
-0.1053082
-0.1200117
-0.1331630
-0.1333009
-0.1230180
-0.1194636
-0.1333773
-0.1549824
-0.1657535
-0.1605897
-0.1523361
-0.1539785
-0.1621391
-0.1637153
-0.1567768
-0.1556862
-0.1702399
-0.1867843
-0.1807776
-0.1473811
-0.1092016
-0.0901594
-0.0897332
-0.0887525
-0.0749685
-0.0553681
-0.0447757
-0.0489512
-0.0609193
-0.0701783
-0.0717178
-0.0662036
-0.0553902
-0.0413342
-0.0289439
-0.0241111
-0.0280098
-0.0377534
-0.0537524
-0.0794667
-0.1098404
-0.1279844
-0.1229969
-0.1077468
-0.1077425
-0.1299800
-0.1516043
-0.1457732
-0.1148067
-0.0903183
-0.0990622
-0.1340722
-0.1650110
-0.1746195
-0.1753385
-0.1855686
-0.1997133
-0.1955318
-0.1691225
-0.1463160
-0.1513648
-0.1747031
-0.1838525
-0.1634721
-0.1335272
-0.1245339
-0.1416811
-0.1603065
-0.1563142
-0.1344334
-0.1208468
-0.1304064
-0.1496716
-0.1552313
-0.1408370
-0.1194053
-0.1037933
-0.0956550
-0.0922044
-0.0938342
-0.1011373
-0.1103462
-0.1166259
-0.1197685
-0.1229406
-0.1257061
-0.1212002
-0.1038426
-0.0807634
-0.0703792
-0.0827385
-0.1029526
-0.1038428
-0.0784998
-0.0514797
-0.0501454
-0.0706580
-0.0830071
-0.0703284
-0.0539888
-0.0721893
-0.1343241
-0.2026279
-0.2237714
-0.1754232
-0.0723543
0.0741813
0.2853063
0.5812209
0.9175507
1.1744492
1.2285257
1.0435094
0.6950282
0.3145753
0.0103913
-0.1728832
-0.2438919
-0.2350536
-0.1843939
-0.1287604
-0.0930819
-0.0784182
-0.0682534
-0.0527154
-0.0413247
-0.0474299
-0.0681257
-0.0889748
-0.1038389
-0.1182466
-0.1325967
-0.1332819
-0.1080858
-0.0670266
-0.0401509
-0.0499465
-0.0864504
-0.1139040
-0.1048377
-0.0652223
-0.0242097
-0.0051402
-0.0129037
-0.0422280
-0.0826683
-0.1136353
-0.1109343
-0.0710645
-0.0235429
-0.0071947
-0.0318435
-0.0684454
-0.0789974
-0.0531913
-0.0129048
0.0174226
0.0376139
0.0633628
0.0967083
0.1192476
0.1196577
0.1147696
0.1300434
0.1649194
0.1920868
0.1916211
0.1736046
0.1626251
0.1692554
0.1847729
0.1998416
0.2180506
0.2455295
0.2719471
0.2736093
0.2424600
0.2047723
0.1980204
0.2285113
0.2631723
0.2666793
0.2363472
0.1950489
0.1606265
0.1333483
0.1081677
0.0860982
0.0697484
0.0547177
0.0329336
0.0059483
-0.0101394
-0.0003387
0.0277919
0.0465855
0.0376860
0.0123609
-0.0050249
-0.0071145
-0.0057305
-0.0079909
-0.0056970
0.0071883
0.0181975
0.0071839
-0.0294435
-0.0724193
-0.0994131
-0.1078145
-0.1130852
-0.1237689
-0.1263309
-0.1047809
-0.0713456
-0.0608063
-0.0874041
-0.1207017
-0.1179124
-0.0755579
-0.0370341
-0.0481932
-0.1123584
-0.1899537
-0.2371825
-0.2426123
-0.2281027
-0.2188312
-0.2187043
-0.2164344
-0.2061978
-0.1917806
-0.1744125
-0.1496428
-0.1183699
-0.0906887
-0.0744024
-0.0661911
-0.0574295
-0.0440611
-0.0292153
-0.0206784
-0.0266066
-0.0490884
-0.0804503
-0.1081252
-0.1227841
-0.1214151
-0.1076317
-0.0924860
-0.0889885
-0.0992810
-0.1107558
-0.1105949
-0.1012561
-0.0970132
-0.1082765
-0.1324994
-0.1560634
-0.1626773
-0.1471184
-0.1253679
-0.1234053
-0.1478847
-0.1720274
-0.1587367
-0.0988893
-0.0251768
0.0114091
-0.0181859
-0.0970788
-0.1769869
-0.2210842
-0.2320888
-0.2347883
-0.2381061
-0.2273770
-0.1925298
-0.1481320
-0.1181434
-0.1089275
-0.1044306
-0.0855596
-0.0511472
-0.0196845
-0.0086599
-0.0127502
-0.0105232
0.0029734
0.0009552
-0.0459192
-0.1296571
-0.2051314
-0.2276593
-0.1803055
-0.0652040
0.1195590
0.3833936
0.7164981
1.0561132
1.2892738
1.3131593
1.1103729
0.7639304
0.3939515
0.0822377
-0.1470806
-0.2968219
-0.3683360
-0.3630654
-0.2997209
-0.2197869
-0.1669217
-0.1535842
-0.1520946
-0.1288145
-0.0851042
-0.0533901
-0.0548268
-0.0756308
-0.0881869
-0.0824789
-0.0702824
-0.0663705
-0.0717735
-0.0736678
-0.0613892
-0.0426620
-0.0369508
-0.0485502
-0.0567549
-0.0426536
-0.0163898
-0.0042396
-0.0143155
-0.0290316
-0.0294524
-0.0155815
-0.0026515
-0.0046336
-0.0205490
-0.0338651
-0.0295770
-0.0128011
-0.0017201
-0.0009202
0.0049884
0.0263788
0.0516297
0.0642884
0.0663898
0.0751785
0.1033864
0.1484566
0.1949861
0.2256028
0.2370241
0.2450528
0.2643650
0.2865025
0.2917842
0.2811158
0.2791019
0.3032190
0.3441703
0.3797174
0.3963480
0.3955849
0.3884749
0.3837976
0.3752332
0.3459832
0.2940331
0.2425083
0.2122611
0.1941525
0.1638122
0.1158157
0.0678412
0.0373924
0.0279372
0.0314710
0.0327043
0.0175733
-0.0122002
-0.0400846
-0.0565168
-0.0690182
-0.0858321
-0.1041322
-0.1198025
-0.1314614
-0.1283178
-0.0939837
-0.0325463
0.0262721
0.0572938
0.0607283
0.0488554
0.0306596
0.0150758
0.0105576
0.0143094
0.0157268
0.0116673
0.0046507
-0.0084778
-0.0276859
-0.0379742
-0.0295728
-0.0215201
-0.0388274
-0.0731846
-0.0937140
-0.0909968
-0.0836587
-0.0864602
-0.0968839
-0.1081554
-0.1141867
-0.1091538
-0.0990153
-0.0995984
-0.1083431
-0.1002739
-0.0701453
-0.0508296
-0.0667112
-0.0975456
-0.1139333
-0.1193254
-0.1303180
-0.1440389
-0.1500928
-0.1463483
-0.1234527
-0.0679041
0.0019313
0.0423045
0.0430627
0.0370839
0.0385735
0.0243353
-0.0094641
-0.0304082
-0.0263980
-0.0200867
-0.0155285
0.0039082
0.0189279
-0.0064780
-0.0460148
-0.0424656
-0.0190226
-0.0489620
-0.1109463
-0.1104370
-0.0613638
-0.0814862
-0.1592998
-0.1104368
0.1351112
