0.0252577
0.0175664
0.0259218
0.0277980
0.0213186
0.0224910
0.0344530
0.0437280
0.0439425
0.0426380
0.0447261
0.0462211
0.0454562
0.0467150
0.0514382
0.0566549
0.0622587
0.0704225
0.0785857
0.0817163
0.0803052
0.0782058
0.0745343
0.0657721
0.0540516
0.0452173
0.0395523
0.0317663
0.0202235
0.0103062
0.0078515
0.0125155
0.0175764
0.0156287
0.0074796
0.0057771
0.0239560
0.0601286
0.1011535
0.1492526
0.2355165
0.3909470
0.5975262
0.7731281
0.8147561
0.6687652
0.3706884
0.0212813
-0.2813583
-0.4957479
-0.6349761
-0.7239969
-0.7676645
-0.7565185
-0.6899835
-0.5855660
-0.4688840
-0.3600739
-0.2684489
-0.1956783
-0.1417050
-0.1068438
-0.0885437
-0.0792334
-0.0707794
-0.0605164
-0.0506169
-0.0428147
-0.0366933
-0.0320863
-0.0296408
-0.0289456
-0.0286637
-0.0285178
-0.0291942
-0.0305667
-0.0315215
-0.0308698
-0.0273468
-0.0202554
-0.0116814
-0.0063027
-0.0067506
-0.0101306
-0.0109455
-0.0067782
0.0000111
0.0051654
0.0062356
0.0047671
0.0056059
0.0125394
0.0237956
0.0332431
0.0366191
0.0352132
0.0333986
0.0346329
0.0401758
0.0491110
0.0582329
0.0636174
0.0638973
0.0616817
0.0615585
0.0670817
0.0786250
0.0922786
0.1011026
0.0994461
0.0867809
0.0671222
0.0458931
0.0284840
0.0198674
0.0221222
0.0315370
0.0399356
0.0400967
0.0303219
0.0148352
0.0004160
-0.0086563
-0.0137916
-0.0198015
-0.0287592
-0.0371246
-0.0397744
-0.0357326
-0.0288723
-0.0239447
-0.0229481
-0.0245716
-0.0261659
-0.0265554
-0.0271273
-0.0295221
-0.0325796
-0.0331184
-0.0299750
-0.0256938
-0.0236196
-0.0245308
-0.0265837
-0.0273545
-0.0254536
-0.0212840
-0.0169233
-0.0146283
-0.0149516
-0.0163636
-0.0164081
-0.0131893
-0.0069369
-0.0007206
0.0024925
0.0062405
0.0237803
0.0719449
0.1587566
0.2741525
0.3892416
0.4630205
0.4543125
0.3373378
0.1163482
-0.1689398
-0.4539046
-0.6744355
-0.7950987
-0.8218173
-0.7888898
-0.7305075
-0.6605502
-0.5752326
-0.4705473
-0.3549934
-0.2470351
-0.1626836
-0.1057786
-0.0688634
-0.0422093
-0.0214589
-0.0071589
0.0007718
0.0056348
0.0111648
0.0182218
0.0250874
0.0299960
0.0327727
0.0346893
0.0371564
0.0402203
0.0424026
0.0424980
0.0413296
0.0412103
0.0439473
0.0497525
0.0574291
0.0649157
0.0703403
0.0735315
0.0761329
0.0795550
0.0834655
0.0871733
0.0917644
0.0994253
0.1105195
0.1222906
0.1310587
0.1357991
0.1395003
0.1464429
0.1574293
0.1681342
0.1734532
0.1735352
0.1741157
0.1803752
0.1916333
0.2027501
0.2096758
0.2126572
0.2146264
0.2175418
0.2205114
0.2211605
0.2184946
0.2139662
0.2095864
0.2056806
0.2010407
0.1945430
0.1857241
0.1744360
0.1612032
0.1476639
0.1353986
0.1242276
0.1126901
0.1004498
0.0894244
0.0820609
0.0787033
0.0768196
0.0729354
0.0656651
0.0568697
0.0494220
0.0440289
0.0391625
0.0340784
0.0303965
0.0298256
0.0313973
0.0322241
0.0306474
0.0276113
0.0249081
0.0228256
0.0200049
0.0156407
0.0114499
0.0106106
0.0142063
0.0194561
0.0225734
0.0230330
0.0236522
0.0263174
0.0289935
0.0277764
0.0213326
0.0126910
0.0067723
0.0062456
0.0095183
0.0126349
0.0131217
0.0117677
0.0107813
0.0110826
0.0119077
0.0122741
0.0119109
0.0111189
0.0105695
0.0110886
0.0129200
0.0151650
0.0163479
0.0155380
0.0128578
0.0092961
0.0062591
0.0048948
0.0055501
0.0080841
0.0125290
0.0186439
0.0246927
0.0277308
0.0260071
0.0208550
0.0156653
0.0129543
0.0125204
0.0123391
0.0111991
0.0103288
0.0118740
0.0155794
0.0180581
0.0165621
0.0128977
0.0118245
0.0151356
0.0188307
0.0174744
0.0109130
0.0052743
0.0065267
0.0134916
0.0184582
0.0154693
0.0071697
0.0018908
0.0039936
0.0090933
0.0100039
0.0057928
0.0026623
0.0060004
0.0137075
0.0186436
0.0168269
0.0117047
0.0098345
0.0132082
0.0171945
0.0165304
0.0122904
0.0115455
0.0200335
0.0359767
0.0511890
0.0576762
0.0536523
0.0447375
0.0398726
0.0446238
0.0567719
0.0681801
0.0716783
0.0666759
0.0584167
0.0522581
0.0490295
0.0457574
0.0400875
0.0329123
0.0262964
0.0200712
0.0123702
0.0035432
-0.0027616
-0.0039222
-0.0021026
-0.0011809
-0.0003341
0.0064540
0.0235720
0.0497767
0.0853533
0.1432594
0.2464958
0.4045835
0.5867306
0.7213190
0.7325050
0.5893849
0.3275047
0.0251380
-0.2441818
-0.4446207
-0.5770032
-0.6556631
-0.6888563
-0.6769842
-0.6226913
-0.5379557
-0.4408618
-0.3473586
-0.2668737
-0.2037012
-0.1593671
-0.1325017
-0.1179934
-0.1085218
-0.0983183
-0.0861747
-0.0751320
-0.0689400
-0.0681848
-0.0696209
-0.0693350
-0.0663524
-0.0629003
-0.0614008
-0.0616616
-0.0610634
-0.0573733
-0.0514309
-0.0468868
-0.0466694
-0.0495084
-0.0506998
-0.0470016
-0.0403949
-0.0361709
-0.0371697
-0.0404381
-0.0400024
-0.0330059
-0.0229117
-0.0162652
-0.0161817
-0.0195659
-0.0211975
-0.0197652
-0.0184879
-0.0198362
-0.0214896
-0.0190096
-0.0119682
-0.0057269
-0.0062159
-0.0134779
-0.0215530
-0.0252852
-0.0264180
-0.0315608
-0.0439854
-0.0590523
-0.0691214
-0.0722297
-0.0741157
-0.0813766
-0.0941299
-0.1065961
-0.1143215
-0.1193233
-0.1273066
-0.1403505
-0.1536653
-0.1603977
-0.1590846
-0.1551343
-0.1547281
-0.1583670
-0.1612130
-0.1590811
-0.1528960
-0.1470542
-0.1441450
-0.1419648
-0.1358960
-0.1239693
-0.1090621
-0.0958454
-0.0860924
-0.0777537
-0.0684128
-0.0584501
-0.0501260
-0.0441837
-0.0383766
-0.0296689
-0.0175587
-0.0048137
0.0052420
0.0119403
0.0173802
0.0234535
0.0295625
0.0337990
0.0357634
0.0372704
0.0402684
0.0447767
0.0491042
0.0516726
0.0523465
0.0521218
0.0517099
0.0506012
0.0477875
0.0434400
0.0394654
0.0380202
0.0395101
0.0421610
0.0434626
0.0421091
0.0389216
0.0360093
0.0347100
0.0342146
0.0325336
0.0289413
0.0250862
0.0234324
0.0248265
0.0277571
0.0297799
0.0295282
0.0275451
0.0253588
0.0237821
0.0222627
0.0200377
0.0176107
0.0165532
0.0177664
0.0202956
0.0220312
0.0215105
0.0191157
0.0166398
0.0155207
0.0153428
0.0143596
0.0117834
0.0092182
0.0092300
0.0124537
0.0165620
0.0183527
0.0167815
0.0138332
0.0123553
0.0130607
0.0139568
0.0130345
0.0111500
0.0113606
0.0152172
0.0207071
0.0248072
0.0276553
0.0328286
0.0426638
0.0538550
0.0592529
0.0553886
0.0480611
0.0486319
0.0629466
0.0839442
0.0967824
0.0923444
0.0754586
0.0594871
0.0534112
0.0548280
0.0548644
0.0481282
0.0367970
0.0261245
0.0184929
0.0130560
0.0092679
0.0076538
0.0068928
0.0035958
-0.0022099
-0.0031175
0.0101036
0.0386154
0.0761497
0.1241985
0.2038444
0.3418851
0.5343352
0.7215699
0.8086803
0.7249303
0.4750892
0.1377072
-0.1876830
-0.4378987
-0.6035144
-0.7041924
-0.7557947
-0.7597804
-0.7149838
-0.6306520
-0.5257480
-0.4188875
-0.3218473
-0.2411510
-0.1811709
-0.1427386
-0.1202650
-0.1039591
-0.0869504
-0.0698647
-0.0577527
-0.0530461
-0.0523689
-0.0501802
-0.0446322
-0.0390348
-0.0374885
-0.0397416
-0.0411519
-0.0378006
-0.0308685
-0.0252730
-0.0242005
-0.0256896
-0.0248938
-0.0194312
-0.0121208
-0.0082127
-0.0098713
-0.0136216
-0.0135560
-0.0070184
0.0031607
0.0118372
0.0162369
0.0173798
0.0178775
0.0194313
0.0224395
0.0269417
0.0329185
0.0396074
0.0453967
0.0494081
0.0533695
0.0610308
0.0746274
0.0915892
0.1050872
0.1082604
0.0985766
0.0793636
0.0582712
0.0438316
0.0413501
0.0498500
0.0622286
0.0692809
0.0652335
0.0507696
0.0312459
0.0118364
-0.0058499
-0.0226487
-0.0380722
-0.0487553
-0.0513083
-0.0463584
-0.0389611
-0.0345956
-0.0347339
-0.0363049
-0.0354113
-0.0315557
-0.0281501
-0.0287034
-0.0325875
-0.0350146
-0.0315987
-0.0229717
-0.0147246
-0.0125599
-0.0171282
-0.0233434
-0.0249836
-0.0204855
-0.0143315
-0.0123593
-0.0155351
-0.0187254
-0.0159744
-0.0068205
0.0030411
0.0074906
0.0061071
0.0043824
0.0082369
0.0192091
0.0353250
0.0553563
0.0805455
0.1131324
0.1571917
0.2231126
0.3260423
0.4684957
0.6159944
0.6933831
0.6209117
0.3722827
0.0066632
-0.3600869
-0.6279796
-0.7707047
-0.8324444
-0.8735309
-0.9185056
-0.9494037
-0.9382749
-0.8792405
-0.7916103
-0.7006065
-0.6205045
-0.5531771
-0.4947409
-0.4388777
-0.3767285
-0.3006354
-0.2121603
-0.1249976
-0.0562903
-0.0133350
0.0107202
0.0280883
0.0446854
0.0578816
0.0641903
0.0664284
0.0718047
0.0837472
0.0975523
0.1052776
0.1044968
0.1010403
0.1027077
0.1110907
0.1204369
0.1243241
0.1225518
0.1211047
0.1258274
0.1367168
0.1484691
0.1561884
0.1601005
0.1646329
0.1733748
0.1854989
0.1971187
0.2056612
0.2126334
0.2222684
0.2375394
0.2571996
0.2765064
0.2910664
0.3003459
0.3075907
0.3163840
0.3273603
0.3381769
0.3463723
0.3520079
0.3574941
0.3648390
0.3730236
0.3781532
0.3764292
0.3672325
0.3535007
0.3391720
0.3260032
0.3123364
0.2947458
0.2713901
0.2444494
0.2192934
0.2005670
0.1884103
0.1783514
0.1652148
0.1476623
0.1293283
0.1154884
0.1082095
0.1045059
0.0993932
0.0909127
0.0819948
0.0771968
0.0777592
0.0801642
0.0795858
0.0745372
0.0679352
0.0636319
0.0622086
0.0606192
0.0560988
0.0499193
0.0465981
0.0492576
0.0562094
0.0624328
0.0642659
0.0624018
0.0603554
0.0603037
0.0607364
0.0583628
0.0522425
0.0456567
0.0434954
0.0476404
0.0549434
0.0597668
0.0586505
0.0528820
0.0468795
0.0441022
0.0443461
0.0448536
0.0438180
0.0424363
0.0433725
0.0475165
0.0526710
0.0554764
0.0544242
0.0509450
0.0477580
0.0463394
0.0459644
0.0449602
0.0426002
0.0397636
0.0381082
0.0388576
0.0420376
0.0462576
0.0492093
0.0491034
0.0462226
0.0428819
0.0412964
0.0413113
0.0405738
0.0373031
0.0327972
0.0306656
0.0331077
0.0380894
0.0408567
0.0386414
0.0335437
0.0302687
0.0311177
0.0337441
0.0339975
0.0305356
0.0262095
0.0249906
0.0279118
0.0322148
0.0342721
0.0329783
0.0302288
0.0285600
0.0288589
0.0302626
0.0315722
0.0323144
0.0327573
0.0334586
0.0348796
0.0371343
0.0400176
0.0434558
0.0479175
0.0539162
0.0606115
0.0651078
0.0642832
0.0585699
0.0538979
0.0581933
0.0740033
0.0942244
0.1064783
0.1032194
0.0880134
0.0717127
0.0625213
0.0599280
0.0577165
0.0514582
0.0421051
0.0330801
0.0259508
0.0200967
0.0153629
0.0128217
0.0126404
0.0133176
0.0145895
0.0196304
0.0318680
0.0505124
0.0742994
0.1134515
0.1939023
0.3379265
0.5295122
0.6982314
0.7491785
0.6256982
0.3543431
0.0301002
-0.2480945
-0.4363999
-0.5522252
-0.6321008
-0.6883926
-0.7042857
-0.6623900
-0.5706848
-0.4596222
-0.3584443
-0.2778771
-0.2137677
-0.1615677
-0.1233167
-0.1019973
-0.0936495
-0.0880240
-0.0768314
-0.0602070
-0.0450633
-0.0378583
-0.0390037
-0.0433283
-0.0450094
-0.0420556
-0.0368249
-0.0329442
-0.0317815
-0.0314747
-0.0290884
-0.0237738
-0.0179180
-0.0150764
-0.0166209
-0.0204071
-0.0227572
-0.0216865
-0.0182114
-0.0147412
-0.0124783
-0.0104893
-0.0072345
-0.0027927
0.0007411
0.0013130
-0.0007074
-0.0025386
-0.0016166
0.0018263
0.0049115
0.0048269
0.0014002
-0.0028811
-0.0052766
-0.0052985
-0.0050773
-0.0074539
-0.0136776
-0.0226693
-0.0321814
-0.0406324
-0.0481432
-0.0560920
-0.0655758
-0.0760429
-0.0854266
-0.0919181
-0.0958533
-0.0998125
-0.1065727
-0.1165974
-0.1273420
-0.1352163
-0.1386790
-0.1396246
-0.1414825
-0.1456186
-0.1496636
-0.1497110
-0.1442728
-0.1358195
-0.1281862
-0.1225978
-0.1166387
-0.1073042
-0.0947077
-0.0822043
-0.0727290
-0.0655246
-0.0570110
-0.0447832
-0.0302620
-0.0172781
-0.0084223
-0.0030211
0.0016267
0.0074994
0.0143584
0.0205856
0.0251575
0.0287524
0.0330107
0.0387305
0.0447668
0.0488127
0.0495383
0.0481205
0.0474281
0.0492663
0.0523485
0.0534135
0.0507213
0.0462689
0.0440412
0.0458604
0.0492294
0.0496585
0.0452266
0.0386462
0.0345752
0.0348632
0.0366945
0.0356481
0.0304750
0.0245066
0.0222123
0.0245982
0.0282366
0.0287303
0.0248810
0.0194602
0.0162112
0.0163537
0.0178738
0.0177841
0.0148495
0.0104423
0.0072885
0.0073909
0.0104790
0.0139119
0.0144498
0.0110402
0.0062023
0.0040336
0.0061227
0.0095661
0.0098005
0.0057282
0.0014270
0.0019830
0.0077201
0.0134952
0.0142577
0.0106253
0.0078703
0.0094567
0.0129330
0.0131900
0.0090663
0.0051988
0.0069303
0.0145134
0.0233616
0.0294156
0.0326962
0.0351207
0.0363849
0.0340310
0.0278372
0.0223774
0.0234744
0.0320899
0.0428481
0.0490435
0.0484222
0.0436756
0.0383457
0.0337322
0.0296413
0.0261196
0.0228034
0.0174547
0.0077053
-0.0046470
-0.0130166
-0.0124018
-0.0063285
-0.0044004
-0.0107243
-0.0165161
-0.0078711
0.0188338
0.0541059
0.0927859
0.1525486
0.2655717
0.4413163
0.6342268
0.7545757
0.7229147
0.5250174
0.2207018
-0.0986703
-0.3649306
-0.5567881
-0.6841258
-0.7593718
-0.7846505
-0.7590406
-0.6897731
-0.5932585
-0.4873194
-0.3847980
-0.2937138
-0.2201363
-0.1682078
-0.1372819
-0.1206708
-0.1088980
-0.0953985
-0.0799776
-0.0672129
-0.0612263
-0.0612889
-0.0621330
-0.0587841
-0.0513735
-0.0450266
-0.0445946
-0.0493929
-0.0534087
-0.0509138
-0.0417923
-0.0312832
-0.0247714
-0.0231910
-0.0233336
-0.0218440
-0.0183024
-0.0147198
-0.0128954
-0.0126203
-0.0119532
-0.0087280
-0.0020962
0.0066333
0.0144985
0.0189565
0.0202174
0.0214108
0.0256719
0.0326703
0.0385129
0.0398428
0.0381518
0.0394074
0.0487287
0.0651910
0.0818931
0.0910939
0.0894679
0.0792263
0.0654440
0.0529431
0.0449038
0.0425939
0.0449650
0.0484883
0.0485286
0.0420520
0.0294329
0.0135306
-0.0029987
-0.0192740
-0.0351697
-0.0493504
-0.0590903
-0.0623557
-0.0598337
-0.0546054
-0.0498359
-0.0469176
-0.0456411
-0.0455202
-0.0464231
-0.0480571
-0.0494937
-0.0496568
-0.0481820
-0.0455475
-0.0424811
-0.0395675
-0.0373613
-0.0363134
-0.0361967
-0.0359275
-0.0345555
-0.0324468
-0.0308762
-0.0301084
-0.0284267
-0.0238676
-0.0169051
-0.0105632
-0.0072726
-0.0059587
-0.0027781
0.0055615
0.0200138
0.0407193
0.0694587
0.1104195
0.1696706
0.2539285
0.3656085
0.4915374
0.5921313
0.6068779
0.4845426
0.2223858
-0.1187482
