-0.0275637
-0.0293756
-0.0306965
-0.0357721
-0.0456329
-0.0572182
-0.0670824
-0.0751896
-0.0844197
-0.0968023
-0.1112616
-0.1252504
-0.1376251
-0.1490631
-0.1601147
-0.1700665
-0.1781102
-0.1846928
-0.1907362
-0.1958128
-0.1982365
-0.1974149
-0.1953171
-0.1946461
-0.1955932
-0.1951664
-0.1900399
-0.1795999
-0.1658574
-0.1509416
-0.1355198
-0.1195693
-0.1035833
-0.0882129
-0.0732138
-0.0578446
-0.0425686
-0.0294796
-0.0201817
-0.0134595
-0.0059816
0.0041876
0.0151278
0.0226218
0.0241969
0.0213571
0.0178695
0.0162783
0.0163386
0.0165143
0.0164009
0.0174152
0.0212809
0.0280198
0.0354093
0.0404526
0.0416993
0.0404248
0.0394136
0.0401912
0.0413739
0.0401921
0.0360581
0.0323509
0.0338058
0.0415625
0.0511460
0.0562350
0.0548508
0.0513550
0.0516552
0.0564907
0.0602620
0.0571174
0.0478733
0.0399877
0.0401674
0.0473910
0.0539813
0.0537230
0.0482646
0.0448224
0.0477509
0.0533618
0.0538563
0.0461762
0.0360722
0.0327791
0.0397743
0.0512335
0.0577173
0.0550549
0.0474523
0.0422453
0.0422966
0.0438970
0.0417962
0.0355943
0.0306807
0.0327570
0.0415386
0.0501407
0.0511940
0.0440712
0.0360259
0.0354808
0.0435004
0.0520321
0.0514214
0.0402383
0.0273021
0.0231821
0.0295041
0.0373277
0.0366881
0.0273460
0.0190936
0.0210677
0.0315755
0.0395524
0.0361818
0.0242421
0.0153165
0.0180037
0.0294795
0.0387454
0.0376268
0.0281616
0.0195237
0.0184976
0.0234126
0.0270826
0.0249464
0.0198346
0.0187652
0.0253406
0.0355758
0.0414599
0.0388733
0.0320944
0.0302573
0.0388210
0.0540335
0.0658122
0.0667667
0.0592843
0.0539433
0.0600441
0.0764351
0.0913597
0.0923446
0.0773868
0.0564451
0.0412256
0.0336223
0.0255527
0.0108780
-0.0043874
-0.0069985
0.0073762
0.0260080
0.0313782
0.0220465
0.0169198
0.0347962
0.0720754
0.1085901
0.1405326
0.2025776
0.3441705
0.5721436
0.8150859
0.9535417
0.8994150
0.6580838
0.3198171
-0.0089137
-0.2722517
-0.4771876
-0.6535558
-0.8081450
-0.9141309
-0.9370494
-0.8668899
-0.7281538
-0.5646634
-0.4158884
-0.3021966
-0.2244964
-0.1730944
-0.1376021
-0.1122600
-0.0953565
-0.0854473
-0.0788983
-0.0712143
-0.0602517
-0.0474023
-0.0355320
-0.0264050
-0.0204402
-0.0180641
-0.0197970
-0.0245414
-0.0289025
-0.0295991
-0.0266935
-0.0234584
-0.0225200
-0.0228782
-0.0216759
-0.0185024
-0.0164601
-0.0182858
-0.0224905
-0.0248220
-0.0235390
-0.0217784
-0.0236750
-0.0287840
-0.0317727
-0.0281399
-0.0194608
-0.0121448
-0.0111872
-0.0158576
-0.0215480
-0.0249193
-0.0265115
-0.0288165
-0.0330010
-0.0380222
-0.0423249
-0.0456314
-0.0491202
-0.0544266
-0.0625727
-0.0732547
-0.0846607
-0.0943782
-0.1014657
-0.1080489
-0.1181160
-0.1335883
-0.1513787
-0.1653158
-0.1719615
-0.1744224
-0.1795804
-0.1912094
-0.2062925
-0.2184969
-0.2247800
-0.2277456
-0.2315078
-0.2362678
-0.2378447
-0.2322268
-0.2195447
-0.2032965
-0.1866515
-0.1704607
-0.1543685
-0.1383592
-0.1225735
-0.1066327
-0.0904203
-0.0753803
-0.0637488
-0.0558171
-0.0487277
-0.0391231
-0.0270697
-0.0164545
-0.0109660
-0.0102372
-0.0106909
-0.0098638
-0.0087872
-0.0097436
-0.0126906
-0.0149879
-0.0143686
-0.0110235
-0.0065066
-0.0017248
0.0030381
0.0068172
0.0082993
0.0079395
0.0084937
0.0121062
0.0172135
0.0199228
0.0191323
0.0190207
0.0248371
0.0363460
0.0471033
0.0511516
0.0494409
0.0482291
0.0513817
0.0558883
0.0558407
0.0498289
0.0429037
0.0411518
0.0455836
0.0521046
0.0565896
0.0585107
0.0594886
0.0598451
0.0580441
0.0533243
0.0475587
0.0437618
0.0431863
0.0445229
0.0458599
0.0468169
0.0484342
0.0512394
0.0539672
0.0545754
0.0525641
0.0499940
0.0497562
0.0525522
0.0557336
0.0556489
0.0515701
0.0471622
0.0473993
0.0535037
0.0611664
0.0644676
0.0618176
0.0575516
0.0571856
0.0613625
0.0651898
0.0638013
0.0580699
0.0541888
0.0574927
0.0670193
0.0763423
0.0794941
0.0758068
0.0693663
0.0647232
0.0636225
0.0650619
0.0670256
0.0676142
0.0655315
0.0609586
0.0563013
0.0550609
0.0587598
0.0647600
0.0679233
0.0653102
0.0593595
0.0558823
0.0584809
0.0650522
0.0700894
0.0704110
0.0683654
0.0692965
0.0760140
0.0859326
0.0937084
0.0966581
0.0974625
0.1013476
0.1105282
0.1215957
0.1286242
0.1289023
0.1254887
0.1240450
0.1271925
0.1319886
0.1327630
0.1261412
0.1132717
0.0977742
0.0825502
0.0690337
0.0586187
0.0531130
0.0529091
0.0554474
0.0569751
0.0565988
0.0581595
0.0672746
0.0866138
0.1156951
0.1575436
0.2260295
0.3431751
0.5218267
0.7429489
0.9465893
1.0504121
0.9903759
0.7587195
0.4119864
0.0414185
-0.2742352
-0.5006982
-0.6459135
-0.7327550
-0.7733907
-0.7647339
-0.7022571
-0.5944154
-0.4638571
-0.3367297
-0.2313307
-0.1544348
-0.1043585
-0.0751042
-0.0587231
-0.0472649
-0.0355701
-0.0231836
-0.0130431
-0.0076154
-0.0059719
-0.0044392
0.0000494
0.0072316
0.0139177
0.0169521
0.0158726
0.0129397
0.0108358
0.0103567
0.0100900
0.0081129
0.0040849
-0.0000901
-0.0016555
0.0006598
0.0053801
0.0092640
0.0097237
0.0066761
0.0024036
-0.0003785
-0.0007321
-0.0002196
-0.0013976
-0.0052260
-0.0097812
-0.0117252
-0.0093715
-0.0044746
-0.0009588
-0.0017064
-0.0064071
-0.0124455
-0.0177709
-0.0226906
-0.0287734
-0.0363225
-0.0434629
-0.0479552
-0.0497666
-0.0516993
-0.0574411
-0.0687202
-0.0838185
-0.0986075
-0.1095196
-0.1163500
-0.1225528
-0.1323949
-0.1470323
-0.1629214
-0.1743553
-0.1782573
-0.1769260
-0.1759804
-0.1793447
-0.1861243
-0.1921814
-0.1942292
-0.1919730
-0.1865999
-0.1781096
-0.1648223
-0.1455091
-0.1216500
-0.0973094
-0.0765966
-0.0609543
-0.0485296
-0.0359582
-0.0210371
-0.0044255
0.0106569
0.0206779
0.0247286
0.0258612
0.0290908
0.0370905
0.0473560
0.0539696
0.0529039
0.0460315
0.0397474
0.0391515
0.0433616
0.0468047
0.0453210
0.0406431
0.0383840
0.0418514
0.0486902
0.0539568
0.0557317
0.0566709
0.0599738
0.0648569
0.0670104
0.0635050
0.0564475
0.0513245
0.0521291
0.0585145
0.0670579
0.0740551
0.0770198
0.0752119
0.0704461
0.0670092
0.0687199
0.0747882
0.0794180
0.0771914
0.0693372
0.0636202
0.0668924
0.0778059
0.0877101
0.0890013
0.0819893
0.0733119
0.0686139
0.0679428
0.0678675
0.0662560
0.0639503
0.0628015
0.0636986
0.0665870
0.0709252
0.0751277
0.0764305
0.0730573
0.0670598
0.0636720
0.0661949
0.0715214
0.0723581
0.0651163
0.0549879
0.0516431
0.0592754
0.0716361
0.0777734
0.0727241
0.0621219
0.0561646
0.0593682
0.0665164
0.0684859
0.0615727
0.0509145
0.0452071
0.0486229
0.0577240
0.0653612
0.0669802
0.0636022
0.0597142
0.0587938
0.0605360
0.0617535
0.0596673
0.0546024
0.0499679
0.0496532
0.0548380
0.0627248
0.0685256
0.0694250
0.0670454
0.0658018
0.0684431
0.0731550
0.0752849
0.0722131
0.0667604
0.0657290
0.0744779
0.0920626
0.1112988
0.1240118
0.1271385
0.1244944
0.1228093
0.1255800
0.1300323
0.1297712
0.1208208
0.1056496
0.0913075
0.0831822
0.0803072
0.0769143
0.0687680
0.0578379
0.0503260
0.0498843
0.0533389
0.0542641
0.0512531
0.0514836
0.0645349
0.0933963
0.1351157
0.1931419
0.2865190
0.4384537
0.6463104
0.8590727
0.9897220
0.9621810
0.7596640
0.4360711
0.0817063
-0.2280995
-0.4625434
-0.6278048
-0.7391667
-0.8006414
-0.8054404
-0.7496537
-0.6432892
-0.5098119
-0.3766948
-0.2649468
-0.1835411
-0.1299620
-0.0950804
-0.0695546
-0.0485684
-0.0323411
-0.0225682
-0.0182990
-0.0152805
-0.0094112
-0.0007864
0.0060555
0.0066185
0.0016796
-0.0023411
0.0007614
0.0103112
0.0185960
0.0182054
0.0095107
0.0002456
-0.0024809
0.0008380
0.0035611
0.0009107
-0.0044994
-0.0057600
0.0002431
0.0090190
0.0132101
0.0103203
0.0047392
0.0022996
0.0039546
0.0053959
0.0023256
-0.0047017
-0.0107255
-0.0112031
-0.0062508
-0.0004478
0.0011639
-0.0030446
-0.0107057
-0.0179730
-0.0226107
-0.0253928
-0.0291657
-0.0364094
-0.0470959
-0.0585949
-0.0677960
-0.0735957
-0.0775763
-0.0824687
-0.0899404
-0.0996470
-0.1102605
-0.1213414
-0.1339274
-0.1488921
-0.1647819
-0.1778998
-0.1850705
-0.1863317
-0.1847342
-0.1835790
-0.1839502
-0.1846420
-0.1838596
-0.1805352
-0.1741278
-0.1639114
-0.1493084
-0.1310282
-0.1111542
-0.0915436
-0.0724926
-0.0535605
-0.0353903
-0.0197445
-0.0074772
0.0026561
0.0123029
0.0208621
0.0255859
0.0250688
0.0222808
0.0229646
0.0301867
0.0408132
0.0483546
0.0495566
0.0474581
0.0474809
0.0511691
0.0547021
0.0534793
0.0472770
0.0404986
0.0379144
0.0408100
0.0470555
0.0538254
0.0593907
0.0627951
0.0634592
0.0621373
0.0613798
0.0633616
0.0669322
0.0681589
0.0648684
0.0600849
0.0596774
0.0662259
0.0759341
0.0822556
0.0823259
0.0790984
0.0770503
0.0767894
0.0750250
0.0696728
0.0634978
0.0616173
0.0658355
0.0724705
0.0759046
0.0736904
0.0680916
0.0633048
0.0616444
0.0621124
0.0620478
0.0599204
0.0567742
0.0553262
0.0576495
0.0632217
0.0688041
0.0705669
0.0671709
0.0611082
0.0566006
0.0557639
0.0569035
0.0566872
0.0538066
0.0503805
0.0499147
0.0539148
0.0602305
0.0646005
0.0641211
0.0595679
0.0544468
0.0517566
0.0515952
0.0516850
0.0500107
0.0469878
0.0451679
0.0466890
0.0508412
0.0542937
0.0540014
0.0499205
0.0448315
0.0416756
0.0411514
0.0415811
0.0407975
0.0383335
0.0360700
0.0365891
0.0405523
0.0457548
0.0490891
0.0495039
0.0488252
0.0495646
0.0520236
0.0537878
0.0523929
0.0486570
0.0470519
0.0521598
0.0644489
0.0795958
0.0919059
0.0982882
0.0993480
0.0975754
0.0950157
0.0923426
0.0894745
0.0865527
0.0839856
0.0814819
0.0774663
0.0700233
0.0585937
0.0446554
0.0309106
0.0199895
0.0134528
0.0111016
0.0109726
0.0108452
0.0108210
0.0144772
0.0262920
0.0467886
0.0711977
0.0965604
0.1334390
0.2087078
0.3483248
0.5472174
0.7517549
0.8769204
0.8528716
0.6679832
0.3749317
0.0554668
-0.2272981
-0.4526127
-0.6292564
-0.7656792
-0.8531543
-0.8739184
-0.8209739
-0.7087041
-0.5666842
-0.4253676
-0.3058888
-0.2180506
-0.1624408
-0.1324073
-0.1164297
-0.1031943
-0.0875924
-0.0721148
-0.0614908
-0.0560076
-0.0508348
-0.0416873
-0.0298172
-0.0205844
-0.0175916
-0.0191154
-0.0205021
-0.0195165
-0.0186300
-0.0217979
-0.0294237
-0.0371595
-0.0397800
-0.0358730
-0.0287837
-0.0235788
-0.0231859
-0.0265809
-0.0299401
-0.0299094
-0.0266000
-0.0235736
-0.0244541
-0.0292526
-0.0341091
-0.0349081
-0.0314343
-0.0280236
-0.0296929
-0.0371455
-0.0457387
-0.0499099
-0.0486535
-0.0462189
-0.0474304
-0.0528419
-0.0586518
-0.0609667
-0.0599198
-0.0598280
-0.0653955
-0.0774757
-0.0923400
-0.1051574
-0.1143199
-0.1225693
-0.1341404
-0.1506150
-0.1688880
-0.1829768
-0.1886996
-0.1875795
-0.1861029
-0.1903628
-0.2009489
-0.2129445
-0.2206421
-0.2221040
-0.2195638
-0.2160631
-0.2119674
-0.2046794
-0.1916161
-0.1732233
-0.1528434
-0.1338177
-0.1171278
-0.1017410
-0.0866602
-0.0724699
-0.0612391
-0.0548459
-0.0527461
-0.0512173
-0.0455623
-0.0339042
-0.0190870
-0.0067750
-0.0013557
-0.0028853
-0.0072371
-0.0093559
-0.0072516
-0.0033784
-0.0020163
-0.0050565
-0.0101296
-0.0125578
-0.0091910
-0.0010396
0.0072681
0.0110048
0.0091785
0.0052318
0.0038364
0.0069091
0.0125176
0.0171056
0.0186210
0.0181197
0.0188492
0.0233745
0.0309681
0.0378336
0.0402784
0.0378539
0.0335405
0.0310479
0.0316809
0.0332789
0.0322722
0.0274939
0.0221871
0.0215482
0.0276542
0.0369090
0.0428255
0.0415354
0.0349338
0.0287578
0.0273544
0.0298389
0.0314007
0.0286200
0.0232439
0.0204131
0.0235876
0.0316768
0.0404892
0.0459122
0.0458964
0.0408568
0.0332260
0.0263255
0.0226271
0.0222015
0.0226157
0.0210048
0.0171438
0.0143662
0.0163576
0.0226378
0.0281721
0.0282795
0.0234861
0.0188649
0.0188053
0.0228479
0.0264257
0.0254336
0.0204203
0.0165750
0.0191788
0.0285446
0.0393407
0.0449700
0.0428418
0.0360812
0.0307368
0.0308539
0.0351685
0.0383844
0.0363978
0.0306430
0.0270782
0.0308497
0.0418992
0.0550382
0.0636353
0.0640133
0.0578940
0.0511371
0.0492812
0.0534301
0.0601872
0.0655258
0.0688209
0.0733573
0.0827335
0.0962600
0.1082541
0.1131519
0.1115704
0.1098014
0.1122622
0.1156386
0.1121762
0.0984950
0.0796170
0.0639365
0.0555275
0.0525308
0.0522575
0.0551549
0.0616472
0.0667929
0.0632100
0.0522564
0.0486192
0.0673816
0.1060913
0.1470671
0.1842781
0.2452396
0.3748533
0.5861603
0.8236860
0.9817292
0.9707219
0.7774122
0.4681509
0.1368428
-0.1530058
-0.3862464
-0.5728741
-0.7173439
-0.8086794
-0.8316501
-0.7821895
-0.6737629
-0.5328067
-0.3886252
-0.2641612
-0.1712877
-0.1108320
-0.0758466
-0.0563049
-0.0430737
-0.0297731
-0.0134176
0.0048453
0.0203216
0.0286128
0.0300168
0.0291630
0.0299596
0.0321882
0.0334734
0.0329506
0.0318302
0.0314131
0.0319541
0.0333056
0.0357225
0.0395311
0.0439205
0.0465119
0.0452613
0.0412312
0.0381235
0.0378878
0.0380216
0.0350417
0.0298936
0.0277080
0.0319331
0.0402348
0.0466454
0.0468896
0.0415187
0.0346537
0.0299368
0.0275516
0.0252799
0.0219077
0.0182467
0.0149185
0.0112579
0.0073036
0.0048643
0.0049088
0.0050927
0.0015515
-0.0072852
-0.0195783
-0.0322123
-0.0434773
-0.0542413
-0.0666632
-0.0810305
-0.0942690
-0.1030461
-0.1081240
-0.1138308
-0.1231200
-0.1348399
-0.1458740
-0.1541420
-0.1594197
-0.1630510
-0.1669868
-0.1713381
-0.1727294
-0.1667213
-0.1521514
-0.1321590
-0.1114342
-0.0933624
-0.0785276
-0.0644115
-0.0478938
-0.0298101
-0.0154408
-0.0082904
-0.0049008
0.0015715
0.0135322
0.0267881
0.0353079
0.0365854
0.0335326
0.0323329
0.0367711
0.0436372
0.0458671
0.0410938
0.0343747
0.0317435
0.0346605
0.0418139
0.0517578
0.0614832
0.0667255
0.0668069
0.0660809
0.0682763
0.0722730
0.0748324
0.0743475
0.0714876
0.0699466
0.0757371
0.0901307
0.1043183
0.1083982
0.1048510
0.1041324
0.1076844
0.1072327
0.1021149
0.1028106
0.1120208
0.1167358
0.1080711
