-0.0273873
-0.0240851
-0.0255902
-0.0349475
-0.0474561
-0.0565803
-0.0614730
-0.0660641
-0.0717571
-0.0751524
-0.0745077
-0.0742325
-0.0781040
-0.0800156
-0.0693309
-0.0489571
-0.0406920
-0.0617241
-0.0952941
-0.0966603
-0.0381777
0.0572359
0.1427171
0.2115372
0.3178271
0.5106174
0.7426559
0.8649691
0.7392583
0.3690858
-0.0840551
-0.4240116
-0.5671284
-0.5782049
-0.5772030
-0.6221189
-0.6775749
-0.6764951
-0.5939594
-0.4624141
-0.3326727
-0.2339712
-0.1680242
-0.1263482
-0.1028692
-0.0924374
-0.0865673
-0.0763807
-0.0590678
-0.0392076
-0.0236829
-0.0161204
-0.0154169
-0.0175978
-0.0183977
-0.0155120
-0.0100423
-0.0057592
-0.0057328
-0.0090147
-0.0111193
-0.0084342
-0.0021079
0.0028909
0.0027387
-0.0014091
-0.0046854
-0.0035534
0.0004832
0.0022321
-0.0020268
-0.0105739
-0.0174895
-0.0182121
-0.0142134
-0.0120584
-0.0173360
-0.0291453
-0.0407086
-0.0457861
-0.0445260
-0.0426918
-0.0450582
-0.0500243
-0.0512085
-0.0442138
-0.0312271
-0.0186573
-0.0105614
-0.0048554
0.0039752
0.0187609
0.0363812
0.0503881
0.0567988
0.0576522
0.0592295
0.0664886
0.0783590
0.0880236
0.0885049
0.0791881
0.0672051
0.0615015
0.0645303
0.0698368
0.0686432
0.0591578
0.0487974
0.0465730
0.0535391
0.0616424
0.0622960
0.0553093
0.0484964
0.0487954
0.0550256
0.0599733
0.0586662
0.0533021
0.0500885
0.0525462
0.0587173
0.0641529
0.0662780
0.0656233
0.0639432
0.0621648
0.0599174
0.0561252
0.0499459
0.0421056
0.0359252
0.0360723
0.0445904
0.0576395
0.0673559
0.0683456
0.0625130
0.0568044
0.0560282
0.0585314
0.0592749
0.0563969
0.0535673
0.0555835
0.0625241
0.0692284
0.0705794
0.0666219
0.0621715
0.0618699
0.0660766
0.0712117
0.0733030
0.0711041
0.0666341
0.0635178
0.0645954
0.0700889
0.0772558
0.0819826
0.0816513
0.0772726
0.0728684
0.0722201
0.0757731
0.0806906
0.0839984
0.0855630
0.0879811
0.0938758
0.1035222
0.1146606
0.1238069
0.1276527
0.1244351
0.1157284
0.1075920
0.1086547
0.1245723
0.1525552
0.1814467
0.1987660
0.1994363
0.1887389
0.1771249
0.1717162
0.1715633
0.1697532
0.1598811
0.1416902
0.1217053
0.1082169
0.1043388
0.1052833
0.1033364
0.0967713
0.0935754
0.1046840
0.1330669
0.1722913
0.2197894
0.2913120
0.4150082
0.6006090
0.8083365
0.9518853
0.9441238
0.7541225
0.4294657
0.0655558
-0.2514554
-0.4821394
-0.6288248
-0.7054886
-0.7170364
-0.6638881
-0.5579191
-0.4268876
-0.3016378
-0.2004316
-0.1256935
-0.0728490
-0.0388465
-0.0219353
-0.0168018
-0.0142656
-0.0074264
0.0030866
0.0114245
0.0138330
0.0126131
0.0128751
0.0167662
0.0219228
0.0250129
0.0254405
0.0251829
0.0260004
0.0279687
0.0306922
0.0347274
0.0407266
0.0473668
0.0512391
0.0495778
0.0429967
0.0351588
0.0297726
0.0280499
0.0287925
0.0303278
0.0319783
0.0337046
0.0345970
0.0321690
0.0237708
0.0091961
-0.0082227
-0.0237851
-0.0353405
-0.0451724
-0.0576261
-0.0745215
-0.0930333
-0.1084901
-0.1192615
-0.1283014
-0.1394934
-0.1529985
-0.1650398
-0.1722057
-0.1749200
-0.1759521
-0.1760305
-0.1721037
-0.1605887
-0.1421186
-0.1224748
-0.1083284
-0.1017729
-0.0988945
-0.0936871
-0.0835223
-0.0710761
-0.0610477
-0.0548314
-0.0483145
-0.0354232
-0.0146315
0.0079910
0.0231289
0.0264380
0.0222869
0.0188691
0.0199863
0.0226250
0.0226819
0.0215793
0.0254686
0.0375815
0.0526794
0.0606286
0.0559753
0.0435705
0.0344475
0.0363128
0.0477985
0.0607515
0.0670170
0.0636530
0.0537095
0.0434648
0.0383877
0.0400837
0.0459712
0.0518047
0.0548865
0.0552088
0.0538910
0.0510835
0.0459281
0.0386102
0.0317790
0.0289899
0.0312967
0.0357293
0.0377177
0.0352459
0.0305764
0.0278927
0.0292258
0.0325207
0.0336511
0.0305913
0.0257648
0.0239341
0.0272528
0.0323894
0.0331346
0.0265568
0.0168650
0.0127963
0.0202845
0.0369950
0.0542663
0.0651966
0.0710370
0.0788997
0.0925596
0.1061468
0.1084133
0.0940651
0.0701745
0.0499904
0.0400245
0.0344241
0.0231677
0.0047393
-0.0117845
-0.0176914
-0.0146615
-0.0108628
-0.0085773
-0.0009042
0.0168484
0.0374182
0.0514804
0.0697729
0.1275369
0.2539811
0.4295160
0.5763122
0.6019610
0.4637989
0.1980332
-0.1101408
-0.3848746
-0.5951386
-0.7457194
-0.8458462
-0.8908067
-0.8692314
-0.7809644
-0.6451019
-0.4927416
-0.3534450
-0.2455636
-0.1735191
-0.1304481
-0.1043945
-0.0856706
-0.0710736
-0.0619086
-0.0584253
-0.0569999
-0.0529288
-0.0450202
-0.0364577
-0.0311948
-0.0300864
-0.0306405
-0.0299918
-0.0275945
-0.0250362
-0.0236728
-0.0228099
-0.0201219
-0.0136009
-0.0032844
0.0083397
0.0174820
0.0213592
0.0202667
0.0174873
0.0166501
0.0188193
0.0221294
0.0241960
0.0247438
0.0258793
0.0298694
0.0366278
0.0433551
0.0467284
0.0454605
0.0406576
0.0338848
0.0254228
0.0147885
0.0028126
-0.0072863
-0.0115094
-0.0084835
-0.0017007
0.0021396
-0.0017100
-0.0115911
-0.0202261
-0.0207239
-0.0125358
-0.0017581
0.0045923
0.0049393
0.0040157
0.0073839
0.0152572
0.0222394
0.0232519
0.0188714
0.0139637
0.0114984
0.0091777
0.0029690
-0.0067977
-0.0143004
-0.0138927
-0.0064479
0.0009000
0.0017438
-0.0033738
-0.0082865
-0.0083357
-0.0051329
-0.0039704
-0.0074651
-0.0126371
-0.0139429
-0.0083951
0.0022038
0.0130964
0.0200463
0.0216677
0.0196382
0.0173000
0.0174071
0.0199561
0.0218392
0.0196635
0.0139657
0.0101464
0.0137577
0.0243284
0.0347565
0.0377128
0.0324977
0.0250684
0.0214808
0.0219899
0.0218716
0.0175016
0.0107681
0.0071572
0.0099545
0.0169382
0.0226711
0.0234173
0.0197727
0.0153029
0.0132053
0.0138959
0.0152155
0.0150081
0.0137391
0.0143140
0.0189655
0.0266480
0.0340781
0.0391301
0.0423011
0.0445068
0.0444626
0.0399008
0.0321150
0.0282465
0.0369634
0.0605052
0.0912261
0.1168397
0.1293945
0.1294562
0.1229305
0.1153587
0.1088721
0.1023377
0.0929299
0.0785830
0.0607509
0.0447333
0.0354556
0.0319944
0.0278626
0.0189935
0.0110901
0.0157060
0.0368229
0.0644593
0.0883124
0.1206708
0.1997815
0.3586453
0.5811429
0.7882243
0.8753193
0.7764646
0.5054320
0.1434940
-0.2121226
-0.4968187
-0.6923392
-0.8077240
-0.8537895
-0.8336297
-0.7505508
-0.6193566
-0.4679966
-0.3278896
-0.2208526
-0.1520426
-0.1126447
-0.0887441
-0.0697297
-0.0519717
-0.0375649
-0.0300976
-0.0301517
-0.0337010
-0.0351335
-0.0324546
-0.0292217
-0.0304279
-0.0361002
-0.0396923
-0.0340710
-0.0196812
-0.0059252
-0.0028949
-0.0112123
-0.0210479
-0.0221346
-0.0142275
-0.0065452
-0.0069372
-0.0129147
-0.0143880
-0.0049581
0.0106386
0.0211295
0.0205016
0.0141627
0.0126610
0.0200410
0.0299653
0.0336481
0.0300251
0.0265035
0.0299914
0.0388307
0.0445336
0.0408812
0.0300902
0.0196141
0.0138310
0.0102536
0.0039912
-0.0056723
-0.0145115
-0.0184296
-0.0174923
-0.0145609
-0.0114954
-0.0081200
-0.0044633
-0.0023102
-0.0033658
-0.0061720
-0.0061606
0.0001061
0.0107991
0.0198135
0.0223024
0.0187533
0.0134033
0.0095420
0.0072204
0.0049509
0.0022196
-0.0001357
-0.0011930
-0.0007849
0.0007568
0.0029730
0.0050608
0.0058113
0.0047059
0.0032628
0.0042233
0.0083535
0.0126326
0.0132002
0.0104320
0.0096279
0.0154444
0.0261884
0.0348935
0.0363170
0.0321547
0.0288509
0.0306208
0.0354061
0.0379950
0.0363874
0.0339247
0.0349729
0.0397001
0.0441262
0.0447970
0.0422200
0.0395741
0.0389088
0.0390857
0.0371833
0.0317365
0.0247365
0.0203410
0.0211984
0.0258350
0.0297858
0.0294905
0.0252923
0.0208183
0.0193720
0.0207474
0.0217316
0.0199912
0.0170207
0.0163852
0.0190870
0.0218280
0.0206302
0.0156762
0.0117590
0.0138099
0.0220560
0.0313053
0.0349303
0.0303028
0.0213488
0.0161387
0.0213544
0.0377972
0.0600269
0.0801286
0.0928301
0.0981135
0.0992185
0.0982073
0.0939805
0.0847194
0.0711512
0.0563092
0.0426304
0.0306314
0.0203012
0.0120903
0.0056428
-0.0011119
-0.0095496
-0.0166097
-0.0149609
0.0018373
0.0357029
0.0888252
0.1726980
0.3063377
0.4950724
0.7041771
0.8563174
0.8665876
0.6943775
0.3721230
-0.0120550
-0.3634502
-0.6241343
-0.7831055
-0.8563050
-0.8615619
-0.8094614
-0.7101546
-0.5816060
-0.4484727
-0.3333649
-0.2486792
-0.1943379
-0.1614225
-0.1388014
-0.1191490
-0.1013767
-0.0885709
-0.0832476
-0.0835267
-0.0835548
-0.0784251
-0.0692197
-0.0624226
-0.0632426
-0.0695787
-0.0734745
-0.0688844
-0.0576930
-0.0479200
-0.0460827
-0.0511969
-0.0560627
-0.0543943
-0.0465982
-0.0384602
-0.0346635
-0.0344559
-0.0336253
-0.0295041
-0.0231796
-0.0173579
-0.0131282
-0.0091727
-0.0038188
0.0026436
0.0081564
0.0114117
0.0133876
0.0156573
0.0177783
0.0177159
0.0150381
0.0123956
0.0128199
0.0159083
0.0175936
0.0141253
0.0061403
-0.0016835
-0.0054478
-0.0062153
-0.0084024
-0.0137063
-0.0178670
-0.0148731
-0.0042204
0.0072784
0.0116276
0.0074578
0.0014927
0.0019644
0.0101016
0.0181714
0.0168077
0.0048983
-0.0082710
-0.0114982
-0.0024989
0.0097238
0.0131275
0.0034123
-0.0126243
-0.0238678
-0.0250954
-0.0207863
-0.0192399
-0.0237650
-0.0302524
-0.0325691
-0.0287578
-0.0217929
-0.0158534
-0.0130101
-0.0128935
-0.0141973
-0.0158686
-0.0170906
-0.0168112
-0.0140635
-0.0089910
-0.0030529
0.0021659
0.0060114
0.0085025
0.0098376
0.0107554
0.0125705
0.0157465
0.0187024
0.0190697
0.0162687
0.0122180
0.0094414
0.0089990
0.0103481
0.0126690
0.0157548
0.0193919
0.0222438
0.0224218
0.0199732
0.0180473
0.0199706
0.0249741
0.0283931
0.0270562
0.0234827
0.0234669
0.0296855
0.0386487
0.0443055
0.0443139
0.0423102
0.0437451
0.0497880
0.0562080
0.0585517
0.0573138
0.0569073
0.0602580
0.0659853
0.0708677
0.0734711
0.0745781
0.0751688
0.0755105
0.0766235
0.0817002
0.0943657
0.1142113
0.1344938
0.1462450
0.1459860
0.1388301
0.1330563
0.1318143
0.1305358
0.1220005
0.1037014
0.0811907
0.0647643
0.0614645
0.0685032
0.0748165
0.0712566
0.0607180
0.0574209
0.0742902
0.1107873
0.1562047
0.2085587
0.2883136
0.4235593
0.6103872
0.7857206
0.8493021
0.7280486
0.4313752
0.0492301
-0.3053030
-0.5599621
-0.7053900
-0.7693577
-0.7773992
-0.7361740
-0.6451279
-0.5144837
-0.3690010
-0.2374337
-0.1401903
-0.0832540
-0.0583535
-0.0482098
-0.0361624
-0.0156691
0.0074528
0.0221870
0.0227506
0.0135500
0.0051112
0.0052354
0.0134680
0.0234274
0.0296872
0.0319764
0.0335927
0.0372478
0.0426181
0.0467742
0.0467053
0.0424735
0.0381670
0.0384816
0.0436310
0.0486782
0.0491077
0.0468494
0.0496914
0.0638082
0.0865518
0.1073914
0.1176248
0.1197841
0.1258504
0.1444704
0.1706525
0.1898465
0.1919054
0.1792783
0.1616581
0.1452311
0.1289890
0.1102651
0.0908786
0.0760365
0.0680386
0.0635342
0.0581931
0.0521893
0.0484095
0.0460393
0.0398639
0.0277535
0.0160288
0.0139979
0.0234511
0.0359739
0.0413242
0.0371979
0.0300285
0.0268876
0.0276430
0.0255652
0.0152720
-0.0009520
-0.0151809
-0.0212668
-0.0194770
-0.0148230
-0.0124316
-0.0143075
-0.0189823
-0.0236339
-0.0268320
-0.0289667
-0.0300019
-0.0286226
-0.0251538
-0.0233985
-0.0260029
-0.0280990
-0.0201064
-0.0002266
0.0183741
0.0191036
0.0040873
0.0013582
0.0428365
0.1326807
0.2437183
0.3522215
0.4714333
0.6342627
0.8310873
0.9720468
0.9329515
0.6581922
0.2243649
-0.2035208
-0.4892969
-0.6114569
-0.6455729
-0.6725918
-0.7073444
-0.7079580
-0.6384951
-0.5113336
-0.3727603
-0.2605561
-0.1818483
-0.1249109
-0.0810043
-0.0509745
-0.0359794
-0.0292410
-0.0201880
-0.0049883
0.0103646
0.0182662
0.0185912
0.0180141
0.0218175
0.0285465
0.0323662
0.0290394
0.0197168
0.0101443
0.0061473
0.0089805
0.0150074
0.0199342
0.0223535
0.0227991
0.0210785
0.0162149
0.0083500
-0.0007636
-0.0091604
-0.0159568
-0.0215289
-0.0267062
-0.0314191
-0.0342996
-0.0344589
-0.0334352
-0.0341883
-0.0382719
-0.0452043
-0.0541279
-0.0640201
-0.0720757
-0.0741277
-0.0679440
-0.0552107
-0.0397652
-0.0247400
-0.0115426
-0.0004016
0.0087132
0.0153626
0.0189316
0.0198989
0.0199721
0.0202622
0.0203538
0.0201440
0.0213532
0.0256993
0.0323626
0.0385792
0.0420475
0.0418404
0.0382905
0.0335102
0.0308699
0.0319811
0.0344941
0.0343714
0.0304387
0.0259533
0.0255741
0.0306553
0.0371284
0.0388088
0.0341561
0.0289451
0.0299316
0.0361347
0.0392283
0.0332096
0.0211136
0.0110985
0.0082359
0.0117173
0.0182180
0.0254605
0.0322095
0.0361334
0.0335895
0.0234885
0.0113270
0.0062967
0.0119406
0.0214088
0.0247872
0.0201900
0.0148885
0.0160518
0.0231739
0.0298030
0.0304477
0.0250266
0.0177216
0.0121990
0.0082511
0.0037384
-0.0009601
-0.0028288
-0.0008074
0.0023862
0.0043187
0.0060880
0.0096121
0.0137759
0.0154640
0.0133163
0.0090371
0.0059020
0.0065839
0.0110416
0.0160164
0.0180560
0.0172823
0.0166735
0.0178459
0.0194715
0.0195765
0.0172964
0.0128020
0.0078194
0.0056525
0.0080201
0.0122365
0.0141832
0.0137787
0.0149060
0.0200952
0.0276011
0.0335682
0.0352557
0.0327455
0.0291601
0.0283337
0.0309392
0.0343588
0.0374827
0.0432017
0.0543437
0.0695695
0.0851929
0.0984335
0.1069191
0.1081918
0.1027389
0.0951361
0.0890596
0.0825253
0.0704945
0.0516242
0.0314376
0.0191534
0.0200869
0.0291662
0.0343523
0.0306265
0.0279449
0.0384640
0.0575536
0.0687827
0.0739079
0.1103792
0.2257221
0.4250292
0.6406365
0.7591979
0.6940130
0.4470378
0.1059448
-0.2221363
-0.4777070
-0.6590649
-0.7835052
-0.8526904
-0.8533211
-0.7789629
-0.6457699
-0.4897313
-0.3485680
-0.2423321
-0.1697222
-0.1211640
-0.0902196
-0.0721211
-0.0605474
-0.0521156
-0.0485547
-0.0494016
-0.0480371
-0.0397040
-0.0279695
-0.0189963
-0.0149477
-0.0160029
-0.0217718
-0.0275891
-0.0272017
-0.0220815
-0.0198703
-0.0217540
-0.0212570
-0.0169912
-0.0147718
-0.0152468
-0.0126179
-0.0076464
-0.0073218
-0.0096043
-0.0049000
0.0050942
0.0083311
0.0041191
0.0025127
0.0001466
-0.0158203
-0.0331511
-0.0163803
0.0406879
