-0.0935819
-0.1199106
-0.1231264
-0.1295347
-0.1452072
-0.1557617
-0.1566301
-0.1575396
-0.1613296
-0.1608801
-0.1561381
-0.1554669
-0.1596800
-0.1602875
-0.1543338
-0.1479900
-0.1449214
-0.1421020
-0.1371406
-0.1302281
-0.1195698
-0.1036448
-0.0870208
-0.0760249
-0.0697070
-0.0618083
-0.0499286
-0.0366186
-0.0237250
-0.0116344
-0.0017460
0.0058761
0.0149374
0.0279827
0.0414937
0.0503928
0.0548499
0.0585864
0.0631706
0.0677812
0.0719963
0.0754924
0.0774680
0.0789105
0.0825692
0.0884962
0.0927971
0.0929296
0.0911041
0.0905687
0.0916445
0.0930411
0.0939546
0.0934240
0.0906574
0.0872481
0.0862351
0.0880372
0.0899403
0.0899987
0.0886868
0.0866249
0.0836846
0.0805098
0.0780951
0.0758192
0.0725326
0.0693731
0.0688357
0.0711750
0.0739798
0.0749164
0.0729987
0.0681604
0.0617743
0.0566275
0.0542843
0.0534544
0.0527194
0.0533607
0.0573092
0.0635307
0.0686180
0.0702522
0.0686864
0.0657950
0.0636803
0.0629779
0.0619068
0.0587391
0.0557020
0.0579006
0.0670527
0.0784591
0.0857856
0.0873506
0.0865457
0.0874854
0.0912006
0.0948373
0.0938440
0.0860100
0.0738054
0.0620320
0.0534678
0.0476537
0.0428587
0.0376164
0.0314704
0.0262768
0.0255717
0.0299497
0.0340461
0.0317977
0.0253244
0.0253663
0.0408679
0.0698709
0.1037671
0.1418426
0.1994835
0.2959887
0.4275819
0.5514774
0.6034315
0.5401031
0.3699037
0.1451622
-0.0745867
-0.2548662
-0.3919271
-0.4964634
-0.5746937
-0.6217388
-0.6284729
-0.5919919
-0.5196817
-0.4259378
-0.3272446
-0.2386545
-0.1702999
-0.1244808
-0.0966139
-0.0797752
-0.0683141
-0.0585605
-0.0489122
-0.0401520
-0.0340109
-0.0303520
-0.0265227
-0.0199554
-0.0108681
-0.0023118
0.0021065
0.0010919
-0.0030452
-0.0065647
-0.0084275
-0.0112687
-0.0172573
-0.0241217
-0.0269042
-0.0232054
-0.0153929
-0.0079683
-0.0038595
-0.0030159
-0.0035990
-0.0043515
-0.0058867
-0.0092691
-0.0136600
-0.0167302
-0.0176801
-0.0183448
-0.0205449
-0.0236020
-0.0254381
-0.0251901
-0.0237301
-0.0221317
-0.0204459
-0.0179364
-0.0143024
-0.0105523
-0.0080043
-0.0060620
-0.0023219
0.0036287
0.0076512
0.0048494
-0.0039101
-0.0117525
-0.0135470
-0.0126961
-0.0183772
-0.0354807
-0.0577922
-0.0722104
-0.0709225
-0.0595777
-0.0522927
-0.0579802
-0.0724612
-0.0843087
-0.0867630
-0.0826728
-0.0792536
-0.0802819
-0.0834492
-0.0838146
-0.0792156
-0.0726397
-0.0692903
-0.0712001
-0.0752074
-0.0766082
-0.0743573
-0.0721262
-0.0741596
-0.0800940
-0.0841774
-0.0807262
-0.0709393
-0.0627509
-0.0620808
-0.0653702
-0.0637019
-0.0541921
-0.0433731
-0.0368278
-0.0282473
-0.0036515
0.0423728
0.0986706
0.1506854
0.2018210
0.2752552
0.3860696
0.5088279
0.5783621
0.5314784
0.3542372
0.0919792
-0.1838961
-0.4189384
-0.5934650
-0.7110202
-0.7792275
-0.8026384
-0.7872857
-0.7439164
-0.6829355
-0.6078962
-0.5173175
-0.4134562
-0.3071761
-0.2130543
-0.1406854
-0.0910131
-0.0590682
-0.0384093
-0.0237980
-0.0120794
-0.0021232
0.0058189
0.0111576
0.0142108
0.0169526
0.0219845
0.0298924
0.0379501
0.0425701
0.0432095
0.0430580
0.0456916
0.0516385
0.0582810
0.0625722
0.0638478
0.0644728
0.0676940
0.0744611
0.0824719
0.0885682
0.0916529
0.0929405
0.0940486
0.0956327
0.0975470
0.0995942
0.1021316
0.1061702
0.1124608
0.1201691
0.1270215
0.1313309
0.1335898
0.1357166
0.1390719
0.1434932
0.1479325
0.1518483
0.1562576
0.1632450
0.1736381
0.1850450
0.1931104
0.1953367
0.1933223
0.1908697
0.1900824
0.1894727
0.1858380
0.1781357
0.1694588
0.1643290
0.1633495
0.1613814
0.1524902
0.1367237
0.1207117
0.1109973
0.1075137
0.1042866
0.0963088
0.0851281
0.0772904
0.0772628
0.0824367
0.0858112
0.0833387
0.0774581
0.0731319
0.0718196
0.0705589
0.0663162
0.0598604
0.0551219
0.0553633
0.0601498
0.0657479
0.0683565
0.0670440
0.0637455
0.0609340
0.0597178
0.0596518
0.0593725
0.0574603
0.0537754
0.0503536
0.0501151
0.0539528
0.0593369
0.0622463
0.0605550
0.0556483
0.0509661
0.0488683
0.0486820
0.0479629
0.0457506
0.0439561
0.0449618
0.0483520
0.0509277
0.0499790
0.0459718
0.0419684
0.0407314
0.0422547
0.0437926
0.0425059
0.0384515
0.0348178
0.0348865
0.0388162
0.0434892
0.0452872
0.0430612
0.0389343
0.0364151
0.0372504
0.0398261
0.0409455
0.0392426
0.0363923
0.0349340
0.0355882
0.0370211
0.0376694
0.0372895
0.0369098
0.0375588
0.0390082
0.0398014
0.0386834
0.0358711
0.0327324
0.0305559
0.0300182
0.0313753
0.0342999
0.0375036
0.0392705
0.0387741
0.0367314
0.0347160
0.0338794
0.0340961
0.0341741
0.0332020
0.0318975
0.0321761
0.0349742
0.0388425
0.0411632
0.0405873
0.0379942
0.0353939
0.0343197
0.0350847
0.0371102
0.0398241
0.0432707
0.0478347
0.0535753
0.0601256
0.0670198
0.0736257
0.0789960
0.0826210
0.0854190
0.0890628
0.0937381
0.0970447
0.0958146
0.0892062
0.0799675
0.0725825
0.0697362
0.0699767
0.0687698
0.0623794
0.0512296
0.0396707
0.0323916
0.0305682
0.0308692
0.0284817
0.0223899
0.0182611
0.0249060
0.0466810
0.0806946
0.1245108
0.1873288
0.2891917
0.4411191
0.6193255
0.7591996
0.7837594
0.6520743
0.3910246
0.0824422
-0.1864747
-0.3706880
-0.4776733
-0.5395802
-0.5773494
-0.5876573
-0.5576565
-0.4870474
-0.3945827
-0.3051904
-0.2332374
-0.1781943
-0.1334311
-0.0960244
-0.0680307
-0.0511822
-0.0429563
-0.0380258
-0.0324544
-0.0259794
-0.0206703
-0.0180611
-0.0177867
-0.0183996
-0.0185687
-0.0173338
-0.0141967
-0.0098486
-0.0063867
-0.0057664
-0.0077696
-0.0100281
-0.0103864
-0.0091032
-0.0085431
-0.0106032
-0.0143716
-0.0165226
-0.0144676
-0.0092031
-0.0046295
-0.0038598
-0.0065155
-0.0097534
-0.0114483
-0.0120001
-0.0133359
-0.0166004
-0.0208790
-0.0241053
-0.0252747
-0.0257085
-0.0279576
-0.0335310
-0.0418849
-0.0514171
-0.0610069
-0.0706398
-0.0810141
-0.0926861
-0.1053286
-0.1177555
-0.1288740
-0.1386266
-0.1479124
-0.1578077
-0.1690620
-0.1819347
-0.1958522
-0.2091968
-0.2200383
-0.2275346
-0.2326050
-0.2369707
-0.2412039
-0.2435593
-0.2411208
-0.2327929
-0.2212075
-0.2109080
-0.2041523
-0.1989074
-0.1914148
-0.1803771
-0.1680796
-0.1575465
-0.1491465
-0.1401755
-0.1275768
-0.1109644
-0.0930587
-0.0772873
-0.0650282
-0.0549885
-0.0447695
-0.0328414
-0.0195592
-0.0068820
0.0031744
0.0105506
0.0176204
0.0269586
0.0383880
0.0487706
0.0551010
0.0575478
0.0591517
0.0626602
0.0679175
0.0723765
0.0739799
0.0733030
0.0728138
0.0743481
0.0776782
0.0812853
0.0837883
0.0845067
0.0835034
0.0817270
0.0806049
0.0806760
0.0807155
0.0789290
0.0752533
0.0720231
0.0718718
0.0748789
0.0780436
0.0779601
0.0741918
0.0697551
0.0679919
0.0691565
0.0704385
0.0691562
0.0654294
0.0617943
0.0607920
0.0630392
0.0670251
0.0703149
0.0711945
0.0696506
0.0670235
0.0647927
0.0636368
0.0633574
0.0633743
0.0632906
0.0631764
0.0633756
0.0640531
0.0650503
0.0661528
0.0672454
0.0682019
0.0690198
0.0701473
0.0721119
0.0744959
0.0759073
0.0757736
0.0759723
0.0796907
0.0880673
0.0982752
0.1056346
0.1079996
0.1078579
0.1096107
0.1146273
0.1193984
0.1189405
0.1117725
0.1012158
0.0921882
0.0872956
0.0856107
0.0840982
0.0799835
0.0728542
0.0653441
0.0611918
0.0615656
0.0634484
0.0629716
0.0611151
0.0651496
0.0828630
0.1156120
0.1597898
0.2172005
0.3011112
0.4242840
0.5740794
0.6994617
0.7305275
0.6221278
0.3875558
0.0935746
-0.1795563
-0.3809418
-0.5039530
-0.5692638
-0.5976066
-0.5958693
-0.5619073
-0.4962193
-0.4075967
-0.3104171
-0.2191053
-0.1443244
-0.0911650
-0.0583840
-0.0392961
-0.0253065
-0.0108693
0.0036940
0.0142578
0.0182680
0.0181746
0.0192767
0.0242879
0.0306129
0.0333201
0.0305661
0.0257641
0.0243681
0.0286102
0.0354403
0.0396255
0.0387464
0.0349921
0.0322586
0.0321129
0.0329389
0.0325469
0.0308673
0.0299348
0.0316132
0.0355578
0.0393088
0.0403020
0.0378803
0.0335057
0.0292412
0.0261679
0.0240168
0.0218027
0.0186567
0.0144658
0.0100722
0.0066805
0.0047222
0.0032347
0.0004801
-0.0047336
-0.0122111
-0.0206638
-0.0288428
-0.0365107
-0.0442790
-0.0524270
-0.0601212
-0.0661709
-0.0705319
-0.0746658
-0.0801555
-0.0869843
-0.0931933
-0.0962607
-0.0951001
-0.0910573
-0.0869203
-0.0845976
-0.0835074
-0.0811889
-0.0755022
-0.0664018
-0.0559547
-0.0468625
-0.0406634
-0.0368278
-0.0333704
-0.0285180
-0.0221195
-0.0157382
-0.0114397
-0.0101176
-0.0105080
-0.0098855
-0.0063129
-0.0005321
0.0046754
0.0073113
0.0081269
0.0094615
0.0123289
0.0152227
0.0161069
0.0153326
0.0160009
0.0209734
0.0295605
0.0376416
0.0414008
0.0407971
0.0391601
0.0396570
0.0425534
0.0457214
0.0471843
0.0469571
0.0468251
0.0486873
0.0529481
0.0581265
0.0618683
0.0625235
0.0601620
0.0564339
0.0534155
0.0521576
0.0520328
0.0515967
0.0502611
0.0490064
0.0492510
0.0510958
0.0529213
0.0528515
0.0506460
0.0481048
0.0473971
0.0487596
0.0499802
0.0485661
0.0445550
0.0408633
0.0405752
0.0439454
0.0481445
0.0498236
0.0478881
0.0440306
0.0408641
0.0395887
0.0393423
0.0386526
0.0373542
0.0369823
0.0393073
0.0444710
0.0504506
0.0544019
0.0548825
0.0530625
0.0516702
0.0525400
0.0552020
0.0578824
0.0596001
0.0610373
0.0635873
0.0679336
0.0734742
0.0786927
0.0819796
0.0825081
0.0807268
0.0779490
0.0750803
0.0715148
0.0654918
0.0559728
0.0443027
0.0337184
0.0270056
0.0247994
0.0260590
0.0292068
0.0319477
0.0309815
0.0244180
0.0157867
0.0139752
0.0263301
0.0513130
0.0808251
0.1128711
0.1610849
0.2462099
0.3717204
0.5054518
0.5887111
0.5705476
0.4404366
0.2330160
0.0035143
-0.2034774
-0.3685582
-0.4911634
-0.5753157
-0.6214011
-0.6272140
-0.5929102
-0.5243984
-0.4337513
-0.3371828
-0.2507537
-0.1848240
-0.1406318
-0.1121416
-0.0918716
-0.0755041
-0.0618568
-0.0502181
-0.0393211
-0.0289040
-0.0208180
-0.0172660
-0.0178852
-0.0194357
-0.0190067
-0.0172094
-0.0173511
-0.0211655
-0.0260498
-0.0273556
-0.0233477
-0.0171418
-0.0133894
-0.0135171
-0.0147808
-0.0138788
-0.0108582
-0.0090411
-0.0112507
-0.0165848
-0.0211790
-0.0219576
-0.0193219
-0.0162754
-0.0154151
-0.0169309
-0.0190228
-0.0197646
-0.0188013
-0.0178494
-0.0196012
-0.0254907
-0.0339881
-0.0412884
-0.0443683
-0.0438269
-0.0435624
-0.0471623
-0.0544130
-0.0616606
-0.0658843
-0.0681293
-0.0723908
-0.0810987
-0.0922363
-0.1012258
-0.1053787
-0.1061802
-0.1073939
-0.1113236
-0.1169230
-0.1211161
-0.1215955
-0.1184581
-0.1136146
-0.1089904
-0.1051608
-0.1012501
-0.0959420
-0.0888911
-0.0814609
-0.0758812
-0.0732360
-0.0722070
-0.0701271
-0.0655091
-0.0594872
-0.0546797
-0.0526527
-0.0524701
-0.0515882
-0.0480870
-0.0421656
-0.0357545
-0.0308903
-0.0283502
-0.0274261
-0.0267033
-0.0252512
-0.0234595
-0.0226314
-0.0231822
-0.0230361
-0.0185032
-0.0077294
0.0064546
0.0177433
0.0212624
0.0177191
0.0126336
0.0112416
0.0140688
0.0174902
0.0183370
0.0174105
0.0182486
0.0228815
0.0294239
0.0339222
0.0341661
0.0314720
0.0289719
0.0284489
0.0288399
0.0276637
0.0238482
0.0191750
0.0169027
0.0188068
0.0233995
0.0270393
0.0269939
0.0236696
0.0198996
0.0179655
0.0173440
0.0155145
0.0109324
0.0049671
0.0008354
0.0007995
0.0044098
0.0090922
0.0121242
0.0123056
0.0103582
0.0080415
0.0066377
0.0058919
0.0043845
0.0012575
-0.0022315
-0.0031795
0.0003584
0.0070188
0.0127877
0.0145194
0.0128654
0.0114746
0.0132761
0.0177565
0.0218571
0.0232026
0.0223088
0.0219696
0.0248660
0.0316267
0.0406113
0.0491157
0.0549458
0.0574536
0.0575639
0.0567981
0.0559717
0.0546991
0.0522242
0.0486114
0.0447618
0.0411138
0.0366882
0.0299390
0.0207549
0.0114603
0.0054732
0.0044804
0.0065291
0.0071391
0.0033576
-0.0022303
-0.0016946
0.0125720
0.0411889
0.0776275
0.1171428
0.1669087
0.2441405
0.3577907
0.4873205
0.5808800
0.5818541
0.4663864
0.2611275
0.0257203
-0.1848427
-0.3467101
-0.4645927
-0.5499997
-0.6043509
-0.6202900
-0.5938604
-0.5319323
-0.4487162
-0.3581516
-0.2707097
-0.1948769
-0.1376536
-0.1015776
-0.0821858
-0.0704656
-0.0591397
-0.0469691
-0.0371874
-0.0322343
-0.0303986
-0.0274503
-0.0210031
-0.0128458
-0.0069898
-0.0056463
-0.0072158
-0.0081313
-0.0065316
-0.0039963
-0.0035623
-0.0060872
-0.0088748
-0.0082100
-0.0032270
0.0030297
0.0065066
0.0058931
0.0033382
0.0017015
0.0016048
0.0014540
0.0000574
-0.0014427
-0.0006788
0.0030461
0.0074743
0.0093408
0.0075585
0.0043129
0.0030321
0.0053777
0.0101118
0.0146023
0.0172861
0.0188811
0.0215437
0.0269025
0.0345555
0.0420565
0.0463692
0.0458294
0.0411572
0.0344956
0.0270847
0.0178497
0.0047530
-0.0121198
-0.0291926
-0.0419032
-0.0489724
-0.0538250
-0.0611491
-0.0718893
-0.0820786
-0.0870279
-0.0864598
-0.0848573
-0.0864444
-0.0902829
-0.0910471
-0.0848411
-0.0738072
-0.0645037
-0.0617027
-0.0640778
-0.0661319
-0.0641096
-0.0595825
-0.0570779
-0.0585546
-0.0608602
-0.0589806
-0.0515335
-0.0424800
-0.0371338
-0.0367729
-0.0376773
-0.0355247
-0.0301589
-0.0254080
-0.0243179
-0.0253919
-0.0241419
-0.0179967
-0.0088584
-0.0006584
0.0049141
0.0098720
0.0179487
0.0323549
0.0556083
0.0906005
0.1412974
0.2129527
0.3112901
0.4376137
0.5782654
0.6952830
0.7320622
0.6405356
0.4157761
0.1097516
-0.1926174
-0.4207028
-0.5526452
-0.6117602
-0.6333243
-0.6339659
-0.6079119
-0.5458299
-0.4528525
-0.3488788
-0.2549064
-0.1810779
-0.1261642
-0.0849471
-0.0542365
-0.0331264
-0.0202423
-0.0124154
-0.0059355
0.0015101
0.0100619
0.0182714
0.0243000
0.0271172
0.0272496
0.0265703
0.0269897
0.0289182
0.0309750
0.0315190
0.0307003
0.0308643
0.0345414
0.0417901
0.0496403
0.0545020
0.0553616
0.0545907
0.0555022
0.0591216
0.0634497
0.0658523
0.0659727
0.0661749
0.0692211
0.0756204
0.0831258
0.0886066
0.0905182
0.0900412
0.0901996
0.0936173
0.1004293
0.1079853
0.1129574
0.1144129
0.1150115
