-0.2365440
-0.2432939
-0.2435149
-0.2350374
-0.2204179
-0.2045037
-0.1903491
-0.1770496
-0.1613366
-0.1414920
-0.1199006
-0.1015605
-0.0896829
-0.0826635
-0.0756925
-0.0656066
-0.0540262
-0.0454677
-0.0424564
-0.0428328
-0.0419176
-0.0369865
-0.0294743
-0.0232320
-0.0211376
-0.0231702
-0.0268677
-0.0290958
-0.0279221
-0.0239022
-0.0199498
-0.0191217
-0.0214123
-0.0226803
-0.0178596
-0.0062493
0.0065666
0.0130677
0.0107366
0.0045675
0.0023089
0.0071157
0.0149583
0.0191845
0.0174149
0.0138827
0.0151285
0.0235161
0.0348918
0.0424402
0.0428658
0.0390908
0.0371444
0.0403103
0.0460568
0.0486821
0.0451886
0.0386274
0.0354714
0.0395608
0.0486502
0.0567672
0.0595949
0.0574899
0.0538811
0.0515714
0.0507573
0.0498975
0.0476322
0.0438030
0.0394487
0.0365449
0.0373684
0.0428762
0.0510282
0.0574110
0.0587315
0.0560035
0.0535943
0.0546152
0.0576186
0.0584617
0.0553568
0.0513065
0.0509040
0.0549151
0.0588629
0.0575912
0.0510120
0.0446852
0.0444651
0.0508172
0.0584471
0.0611272
0.0568205
0.0488438
0.0428918
0.0428179
0.0482343
0.0552106
0.0592426
0.0583375
0.0541145
0.0501762
0.0489881
0.0498700
0.0500212
0.0476951
0.0442367
0.0427208
0.0446691
0.0484385
0.0508460
0.0500910
0.0470990
0.0444029
0.0438627
0.0450962
0.0457544
0.0435121
0.0383866
0.0334623
0.0329664
0.0386954
0.0476910
0.0538596
0.0530081
0.0468685
0.0416882
0.0421839
0.0468726
0.0496729
0.0460737
0.0375537
0.0301492
0.0290513
0.0344752
0.0421589
0.0473446
0.0483131
0.0466509
0.0448232
0.0437657
0.0424388
0.0392399
0.0339486
0.0286885
0.0268432
0.0303357
0.0375698
0.0442969
0.0469281
0.0452511
0.0421440
0.0408067
0.0420427
0.0437516
0.0429146
0.0384050
0.0322309
0.0281112
0.0286200
0.0332460
0.0387470
0.0414299
0.0397736
0.0354466
0.0317236
0.0305728
0.0312287
0.0316031
0.0307725
0.0298079
0.0304001
0.0330890
0.0368598
0.0401649
0.0421092
0.0426269
0.0417396
0.0391620
0.0350070
0.0305338
0.0274486
0.0263088
0.0261798
0.0261680
0.0267953
0.0292754
0.0335188
0.0374328
0.0386837
0.0372232
0.0356276
0.0362646
0.0380250
0.0367049
0.0295220
0.0191146
0.0122059
0.0138154
0.0228037
0.0329815
0.0383184
0.0373365
0.0332677
0.0305629
0.0311563
0.0334841
0.0344123
0.0318853
0.0263353
0.0204726
0.0177759
0.0201547
0.0261983
0.0319056
0.0338243
0.0318208
0.0288910
0.0284095
0.0313703
0.0356853
0.0378881
0.0360386
0.0316026
0.0285022
0.0298753
0.0353409
0.0412066
0.0434581
0.0410510
0.0366995
0.0342763
0.0351354
0.0372217
0.0381064
0.0383720
0.0410616
0.0476927
0.0556519
0.0601782
0.0589041
0.0542868
0.0515137
0.0538006
0.0594727
0.0637058
0.0633824
0.0603864
0.0602388
0.0674990
0.0819133
0.0981551
0.1093704
0.1123882
0.1107218
0.1120964
0.1215889
0.1362965
0.1470176
0.1461294
0.1347106
0.1220625
0.1174294
0.1213794
0.1255208
0.1212193
0.1080825
0.0929780
0.0816073
0.0735441
0.0663384
0.0616162
0.0634323
0.0706046
0.0748371
0.0701587
0.0629538
0.0675549
0.0896374
0.1192669
0.1487884
0.1984864
0.3131840
0.5178988
0.7700462
0.9621604
0.9860695
0.8080347
0.4899466
0.1404924
-0.1576680
-0.3839120
-0.5595323
-0.7034697
-0.8080673
-0.8492702
-0.8119312
-0.7049545
-0.5581976
-0.4086614
-0.2858214
-0.2021465
-0.1522393
-0.1208552
-0.0946421
-0.0695190
-0.0492883
-0.0383301
-0.0355468
-0.0347504
-0.0303938
-0.0225493
-0.0161523
-0.0155513
-0.0198437
-0.0231832
-0.0196342
-0.0086537
0.0034112
0.0079513
0.0017006
-0.0098169
-0.0171334
-0.0156504
-0.0095912
-0.0073118
-0.0129586
-0.0225458
-0.0278144
-0.0240329
-0.0144699
-0.0073799
-0.0084946
-0.0162942
-0.0241227
-0.0262872
-0.0223746
-0.0169321
-0.0156988
-0.0213488
-0.0316648
-0.0415019
-0.0468240
-0.0472355
-0.0453803
-0.0448257
-0.0483501
-0.0567591
-0.0682114
-0.0791501
-0.0870557
-0.0928013
-0.1000640
-0.1119248
-0.1276235
-0.1427590
-0.1534201
-0.1605203
-0.1693656
-0.1842108
-0.2037839
-0.2231393
-0.2395930
-0.2556587
-0.2759508
-0.3019987
-0.3303234
-0.3550254
-0.3722158
-0.3827857
-0.3915779
-0.4037521
-0.4212133
-0.4415097
-0.4594405
-0.4702283
-0.4726462
-0.4698914
-0.4667571
-0.4651173
-0.4622031
-0.4534174
-0.4364897
-0.4130573
-0.3872578
-0.3631924
-0.3425888
-0.3236292
-0.3021794
-0.2751873
-0.2435463
-0.2117261
-0.1843182
-0.1623125
-0.1423470
-0.1200817
-0.0949603
-0.0712779
-0.0537063
-0.0419700
-0.0309316
-0.0161355
0.0014062
0.0161420
0.0233797
0.0240360
0.0245808
0.0318865
0.0470579
0.0639530
0.0742779
0.0747116
0.0695397
0.0668176
0.0717001
0.0822849
0.0912278
0.0922148
0.0859495
0.0797769
0.0808959
0.0898889
0.1008060
0.1069071
0.1060559
0.1013905
0.0977140
0.0972496
0.0984196
0.0983473
0.0960077
0.0926359
0.0898648
0.0886523
0.0896972
0.0932119
0.0975892
0.0994764
0.0964594
0.0897432
0.0836263
0.0818377
0.0839190
0.0851799
0.0810756
0.0723681
0.0653866
0.0661296
0.0741023
0.0825521
0.0846367
0.0790611
0.0704240
0.0650338
0.0659743
0.0709560
0.0745378
0.0729914
0.0675244
0.0630933
0.0643348
0.0721931
0.0833388
0.0925043
0.0964600
0.0967002
0.0980187
0.1039514
0.1136276
0.1228859
0.1279491
0.1283954
0.1277553
0.1312898
0.1416667
0.1557809
0.1665002
0.1685732
0.1630028
0.1555131
0.1508239
0.1482974
0.1429728
0.1311597
0.1152150
0.1020350
0.0960983
0.0947188
0.0913119
0.0829247
0.0732183
0.0680069
0.0691329
0.0733575
0.0766908
0.0790765
0.0846806
0.0985657
0.1258056
0.1766028
0.2704684
0.4269145
0.6415251
0.8662788
1.0179934
1.0184498
0.8411763
0.5299182
0.1732179
-0.1464024
-0.3902410
-0.5628655
-0.6825940
-0.7549750
-0.7709672
-0.7236065
-0.6221437
-0.4912475
-0.3593815
-0.2476169
-0.1656276
-0.1135639
-0.0850079
-0.0692617
-0.0551880
-0.0369802
-0.0170747
-0.0021446
0.0042794
0.0049496
0.0055004
0.0092529
0.0151874
0.0196740
0.0198060
0.0159012
0.0113617
0.0100420
0.0135417
0.0204252
0.0271009
0.0296570
0.0265999
0.0207936
0.0175065
0.0191687
0.0225664
0.0223342
0.0170381
0.0110355
0.0103228
0.0167799
0.0262408
0.0321659
0.0316635
0.0279163
0.0263055
0.0285815
0.0316729
0.0316742
0.0276118
0.0215278
0.0165881
0.0154358
0.0186596
0.0236811
0.0259075
0.0221608
0.0133488
0.0037678
-0.0024899
-0.0052837
-0.0090478
-0.0187741
-0.0344708
-0.0502730
-0.0600494
-0.0634830
-0.0659356
-0.0730603
-0.0863855
-0.1031757
-0.1190506
-0.1309974
-0.1392983
-0.1470473
-0.1572749
-0.1700926
-0.1822662
-0.1892831
-0.1885505
-0.1818860
-0.1746978
-0.1709960
-0.1686616
-0.1611143
-0.1445892
-0.1228038
-0.1035815
-0.0914117
-0.0836984
-0.0736025
-0.0562886
-0.0332648
-0.0112151
0.0037110
0.0107054
0.0136861
0.0168896
0.0217131
0.0267539
0.0294201
0.0280142
0.0238395
0.0211929
0.0238102
0.0308894
0.0373849
0.0385208
0.0339398
0.0279420
0.0258772
0.0292624
0.0337698
0.0331804
0.0264868
0.0202181
0.0222547
0.0334225
0.0460970
0.0512505
0.0467920
0.0393716
0.0379117
0.0446371
0.0526373
0.0533380
0.0461803
0.0393730
0.0408627
0.0501604
0.0596278
0.0623524
0.0579569
0.0518808
0.0500465
0.0537276
0.0588610
0.0602502
0.0563221
0.0498731
0.0452155
0.0452488
0.0499514
0.0560507
0.0588559
0.0563078
0.0513153
0.0488216
0.0504749
0.0530706
0.0521356
0.0464207
0.0392762
0.0361604
0.0399999
0.0480912
0.0541026
0.0538769
0.0488877
0.0438515
0.0420201
0.0431975
0.0449747
0.0450045
0.0431246
0.0421186
0.0454686
0.0534892
0.0623127
0.0673367
0.0673763
0.0655414
0.0667776
0.0741339
0.0860151
0.0970131
0.1027244
0.1039960
0.1055966
0.1110655
0.1200298
0.1299416
0.1384708
0.1440202
0.1457013
0.1437219
0.1391267
0.1327663
0.1247559
0.1147566
0.1027134
0.0900730
0.0802295
0.0760101
0.0758933
0.0746409
0.0693291
0.0632448
0.0617133
0.0650689
0.0683524
0.0683531
0.0691456
0.0795306
0.1059192
0.1502434
0.2172669
0.3223095
0.4831477
0.6931333
0.8984962
1.0102832
0.9534583
0.7178762
0.3692012
0.0100505
-0.2787641
-0.4738970
-0.6000154
-0.6898637
-0.7509508
-0.7650148
-0.7135001
-0.6009043
-0.4564242
-0.3173633
-0.2102838
-0.1422726
-0.1047086
-0.0836061
-0.0679331
-0.0519812
-0.0345463
-0.0179861
-0.0060954
-0.0003811
0.0013858
0.0022164
0.0029283
0.0032323
0.0038566
0.0053452
0.0058474
0.0027372
-0.0032791
-0.0073909
-0.0050384
0.0030551
0.0106383
0.0116109
0.0065692
0.0025680
0.0049299
0.0105327
0.0117515
0.0063787
0.0002598
-0.0005419
0.0029997
0.0052448
0.0034367
0.0006777
0.0018726
0.0080121
0.0147450
0.0165555
0.0122553
0.0056690
0.0008676
-0.0016945
-0.0036824
-0.0058850
-0.0087701
-0.0142002
-0.0235817
-0.0346829
-0.0427978
-0.0455420
-0.0452506
-0.0466386
-0.0529203
-0.0637740
-0.0762047
-0.0876042
-0.0981621
-0.1096906
-0.1225941
-0.1357429
-0.1490658
-0.1635659
-0.1780358
-0.1885518
-0.1930540
-0.1946100
-0.1982468
-0.2054969
-0.2133719
-0.2179333
-0.2177632
-0.2141833
-0.2086299
-0.2002389
-0.1870805
-0.1701124
-0.1537742
-0.1407040
-0.1276310
-0.1094854
-0.0868043
-0.0659524
-0.0519052
-0.0434336
-0.0358684
-0.0264512
-0.0162174
-0.0081005
-0.0040077
-0.0032649
-0.0036570
-0.0036327
-0.0025392
0.0008452
0.0075773
0.0155756
0.0199238
0.0179992
0.0127657
0.0094528
0.0102566
0.0133763
0.0156238
0.0147613
0.0109581
0.0074755
0.0087148
0.0161524
0.0266197
0.0349398
0.0376769
0.0350076
0.0307279
0.0300422
0.0349931
0.0417254
0.0441493
0.0406219
0.0355366
0.0344931
0.0394174
0.0478018
0.0547034
0.0559133
0.0513786
0.0456331
0.0433662
0.0447849
0.0464369
0.0456895
0.0429896
0.0407044
0.0411685
0.0447900
0.0487350
0.0488045
0.0440925
0.0384826
0.0361129
0.0366807
0.0365781
0.0333682
0.0279859
0.0238486
0.0246151
0.0310612
0.0390810
0.0423849
0.0383395
0.0301974
0.0234297
0.0212881
0.0235591
0.0272695
0.0285267
0.0261739
0.0240023
0.0269815
0.0348941
0.0420187
0.0437337
0.0415164
0.0407919
0.0451115
0.0525788
0.0572902
0.0552809
0.0501302
0.0509524
0.0628473
0.0807848
0.0950133
0.1010287
0.1020002
0.1030113
0.1057218
0.1077883
0.1050070
0.0945204
0.0779711
0.0613197
0.0502512
0.0457810
0.0443432
0.0412027
0.0343702
0.0271787
0.0261664
0.0332209
0.0406451
0.0391755
0.0320632
0.0354756
0.0609415
0.1018299
0.1447725
0.1961541
0.2906792
0.4620819
0.6949137
0.9045613
0.9776505
0.8500743
0.5559485
0.2012975
-0.1127012
-0.3468833
-0.5193586
-0.6592353
-0.7690632
-0.8250582
-0.8051042
-0.7135764
-0.5810505
-0.4438820
-0.3261146
-0.2367915
-0.1754231
-0.1352243
-0.1058663
-0.0800299
-0.0581294
-0.0444733
-0.0397400
-0.0391557
-0.0368908
-0.0306083
-0.0227772
-0.0183879
-0.0197795
-0.0231865
-0.0224274
-0.0163140
-0.0099070
-0.0081005
-0.0107004
-0.0141754
-0.0153334
-0.0128634
-0.0082521
-0.0057065
-0.0083246
-0.0138107
-0.0164481
-0.0135068
-0.0075018
-0.0026018
-0.0013109
-0.0039794
-0.0087199
-0.0121550
-0.0126369
-0.0122006
-0.0135265
-0.0162926
-0.0183899
-0.0188561
-0.0175528
-0.0143021
-0.0107891
-0.0106716
-0.0146531
-0.0175947
-0.0138652
-0.0042366
0.0052575
0.0103871
0.0127638
0.0175629
0.0277688
0.0393528
0.0429063
0.0331334
0.0161226
0.0027847
-0.0052095
-0.0178682
-0.0435936
-0.0779000
-0.1078936
-0.1250719
-0.1318714
-0.1379608
-0.1514274
-0.1718381
-0.1912661
-0.2029093
-0.2073129
-0.2087028
-0.2083402
-0.2050871
-0.1997066
-0.1935467
-0.1843354
-0.1682838
-0.1462810
-0.1243039
-0.1076670
-0.0971647
-0.0898207
-0.0813880
-0.0698809
-0.0585931
-0.0532788
-0.0544579
-0.0555234
-0.0507451
-0.0420405
-0.0354479
-0.0340075
-0.0364737
-0.0399989
-0.0418519
-0.0412843
-0.0413433
-0.0458606
-0.0534694
-0.0579260
-0.0553929
-0.0481625
-0.0407612
-0.0359988
-0.0348490
-0.0359040
-0.0346594
-0.0276941
-0.0180450
-0.0125286
-0.0135492
-0.0170649
-0.0181504
-0.0150184
-0.0086134
-0.0020791
0.0005406
-0.0011806
-0.0022028
0.0018991
0.0089269
0.0134666
0.0138821
0.0125466
0.0119348
0.0139210
0.0197430
0.0269107
0.0293278
0.0243753
0.0171997
0.0147354
0.0180680
0.0230054
0.0250268
0.0219382
0.0155342
0.0121899
0.0173700
0.0279737
0.0347106
0.0333809
0.0289730
0.0275666
0.0294843
0.0317418
0.0322072
0.0301626
0.0272846
0.0283430
0.0361358
0.0458350
0.0492028
0.0440953
0.0354907
0.0285943
0.0256039
0.0269784
0.0303408
0.0302238
0.0245224
0.0192140
0.0214328
0.0300136
0.0376270
0.0396519
0.0366704
0.0315983
0.0285968
0.0309630
0.0359652
0.0359606
0.0284748
0.0205846
0.0197889
0.0255631
0.0330578
0.0393360
0.0425959
0.0412046
0.0370802
0.0347800
0.0347850
0.0331431
0.0291244
0.0268960
0.0284800
0.0316012
0.0349838
0.0387512
0.0396902
0.0340498
0.0253632
0.0218291
0.0256084
0.0314470
0.0349768
0.0356317
0.0333509
0.0296027
0.0292126
0.0339856
0.0376382
0.0342263
0.0277408
0.0259831
0.0291654
0.0317950
0.0312269
0.0276438
0.0210626
0.0148971
0.0161793
0.0255845
0.0336862
0.0331699
0.0278645
0.0244995
0.0235679
0.0233803
0.0244745
0.0251660
0.0216175
0.0163144
0.0169607
0.0237395
0.0279031
0.0255741
0.0220517
0.0205482
0.0183224
0.0154884
0.0156502
0.0168091
0.0136469
0.0088230
0.0098731
0.0160542
0.0205013
0.0227182
0.0261205
0.0273673
0.0219844
0.0157689
0.0164357
0.0195055
0.0165806
0.0109136
0.0106801
0.0145908
0.0177678
0.0223312
0.0287551
0.0283992
0.0185910
0.0121542
0.0179384
0.0260079
0.0255169
0.0213494
0.0202638
0.0186405
0.0163368
0.0223235
0.0344957
0.0363922
0.0254309
0.0195651
0.0253434
0.0272174
0.0186706
0.0132732
0.0154337
0.0137116
0.0108990
0.0229079
0.0412960
0.0397764
0.0234893
0.0232758
0.0369356
0.0327448
0.0149887
0.0188578
0.0348140
0.0188774
-0.0104385
0.0154057
0.0751303
0.0407576
-0.1378094
