-0.0748762
-0.0753190
-0.0766972
-0.0779232
-0.0780277
-0.0765164
-0.0742495
-0.0734387
-0.0757959
-0.0802985
-0.0832014
-0.0808936
-0.0731697
-0.0639260
-0.0586488
-0.0606650
-0.0687737
-0.0778437
-0.0822849
-0.0803337
-0.0756644
-0.0740735
-0.0774681
-0.0811901
-0.0784632
-0.0681377
-0.0571777
-0.0542200
-0.0606312
-0.0689540
-0.0706106
-0.0643485
-0.0565286
-0.0540438
-0.0583312
-0.0659379
-0.0727470
-0.0762709
-0.0752575
-0.0697934
-0.0625402
-0.0578972
-0.0580112
-0.0601276
-0.0596244
-0.0557585
-0.0526996
-0.0542133
-0.0591112
-0.0635752
-0.0664212
-0.0689259
-0.0695493
-0.0632788
-0.0496768
-0.0388366
-0.0430187
-0.0607062
-0.0748424
-0.0723872
-0.0609798
-0.0536637
-0.0312843
0.0680026
0.2989888
0.6345078
0.9453025
1.0737467
0.9462910
0.6230749
0.2406095
-0.0931532
-0.3526050
-0.5611881
-0.7261578
-0.8173907
-0.8043109
-0.6987689
-0.5533313
-0.4208974
-0.3217524
-0.2473807
-0.1862142
-0.1386344
-0.1100030
-0.0979370
-0.0916958
-0.0824965
-0.0708232
-0.0631056
-0.0633510
-0.0690051
-0.0734953
-0.0712752
-0.0611100
-0.0464887
-0.0335745
-0.0273924
-0.0282383
-0.0313323
-0.0307146
-0.0243047
-0.0154902
-0.0097606
-0.0096053
-0.0123565
-0.0127034
-0.0073408
0.0024368
0.0122149
0.0182893
0.0203045
0.0207576
0.0225161
0.0268667
0.0332366
0.0397747
0.0439256
0.0435289
0.0390359
0.0351738
0.0389309
0.0536627
0.0744748
0.0909181
0.0961824
0.0939697
0.0951150
0.1065434
0.1240384
0.1368765
0.1396948
0.1390023
0.1474324
0.1718392
0.2073723
0.2427140
0.2701357
0.2904121
0.3093878
0.3313322
0.3555468
0.3778326
0.3940892
0.4030576
0.4069848
0.4101442
0.4158823
0.4239581
0.4303122
0.4297093
0.4191313
0.3991496
0.3725942
0.3422719
0.3096569
0.2747934
0.2367185
0.1944260
0.1487293
0.1038778
0.0665013
0.0413006
0.0267458
0.0152486
-0.0013546
-0.0252634
-0.0507359
-0.0685786
-0.0735619
-0.0686603
-0.0625513
-0.0625307
-0.0690293
-0.0763161
-0.0780581
-0.0721363
-0.0608723
-0.0482168
-0.0379464
-0.0338403
-0.0389327
-0.0522952
-0.0669976
-0.0739450
-0.0697095
-0.0599895
-0.0537508
-0.0540025
-0.0558418
-0.0538330
-0.0492507
-0.0481624
-0.0532572
-0.0601404
-0.0625801
-0.0596116
-0.0556899
-0.0546424
-0.0556711
-0.0556613
-0.0533062
-0.0494072
-0.0444638
-0.0383051
-0.0319148
-0.0271756
-0.0239797
-0.0199080
-0.0146336
-0.0126061
-0.0180024
-0.0278374
-0.0348791
-0.0386417
-0.0459865
-0.0507503
-0.0130856
0.1253229
0.3851574
0.7001761
0.9338773
0.9650366
0.7729984
0.4455640
0.1039127
-0.1824711
-0.4149414
-0.6158029
-0.7742599
-0.8465204
-0.8028055
-0.6651417
-0.4961215
-0.3537263
-0.2581420
-0.1961894
-0.1483381
-0.1075021
-0.0770470
-0.0595272
-0.0515789
-0.0473153
-0.0426307
-0.0355548
-0.0250211
-0.0115450
0.0012596
0.0078966
0.0053328
-0.0035661
-0.0114147
-0.0117306
-0.0037408
0.0073213
0.0143733
0.0138517
0.0084987
0.0054318
0.0105076
0.0232602
0.0371089
0.0452809
0.0471602
0.0487112
0.0562623
0.0698798
0.0833721
0.0912368
0.0952902
0.1035191
0.1217361
0.1466435
0.1679183
0.1776016
0.1774883
0.1774668
0.1869233
0.2075210
0.2333191
0.2568945
0.2753372
0.2913567
0.3097525
0.3330928
0.3600025
0.3866158
0.4095501
0.4283162
0.4456347
0.4652932
0.4889570
0.5145131
0.5374296
0.5539360
0.5633273
0.5677484
0.5699346
0.5706271
0.5673655
0.5555448
0.5312802
0.4942969
0.4487479
0.4010537
0.3559645
0.3136915
0.2706291
0.2234397
0.1730777
0.1250154
0.0853392
0.0562117
0.0346068
0.0151551
-0.0054221
-0.0258286
-0.0415471
-0.0489289
-0.0486855
-0.0458583
-0.0462590
-0.0522731
-0.0613172
-0.0680469
-0.0685213
-0.0630542
-0.0555685
-0.0502621
-0.0486641
-0.0494074
-0.0501949
-0.0497047
-0.0480385
-0.0460598
-0.0445983
-0.0440233
-0.0441850
-0.0445893
-0.0447489
-0.0446496
-0.0449756
-0.0465438
-0.0491425
-0.0512029
-0.0513741
-0.0506024
-0.0518147
-0.0566782
-0.0628880
-0.0656893
-0.0627083
-0.0568908
-0.0538409
-0.0559563
-0.0597203
-0.0594679
-0.0537979
-0.0475707
-0.0471562
-0.0540307
-0.0633739
-0.0685821
-0.0667128
-0.0600006
-0.0531538
-0.0495714
-0.0495187
-0.0511410
-0.0529279
-0.0551486
-0.0588506
-0.0637514
-0.0678636
-0.0697819
-0.0710081
-0.0748943
-0.0824451
-0.0896106
-0.0902057
-0.0824717
-0.0721361
-0.0676320
-0.0719180
-0.0797963
-0.0837173
-0.0815155
-0.0777496
-0.0779741
-0.0827936
-0.0877555
-0.0882791
-0.0840822
-0.0791027
-0.0777836
-0.0815023
-0.0878646
-0.0927467
-0.0932956
-0.0900218
-0.0865560
-0.0867262
-0.0909307
-0.0953641
-0.0955075
-0.0906636
-0.0847501
-0.0825403
-0.0854326
-0.0908448
-0.0950070
-0.0957842
-0.0932704
-0.0888942
-0.0847314
-0.0830941
-0.0852629
-0.0897359
-0.0925036
-0.0905399
-0.0853300
-0.0818493
-0.0833481
-0.0879673
-0.0915196
-0.0929894
-0.0955056
-0.1012044
-0.1065879
-0.1050678
-0.0946993
-0.0820584
-0.0768272
-0.0823549
-0.0926068
-0.0988214
-0.0980895
-0.0944893
-0.0929516
-0.0942196
-0.0962008
-0.0980616
-0.1008083
-0.1041941
-0.1052976
-0.1016578
-0.0952375
-0.0916727
-0.0947418
-0.1020492
-0.1070152
-0.1052350
-0.0984569
-0.0924266
-0.0915541
-0.0957787
-0.1015417
-0.1048458
-0.1038824
-0.1000067
-0.0965839
-0.0961586
-0.0981235
-0.0994258
-0.0981077
-0.0960689
-0.0975597
-0.1042917
-0.1123522
-0.1151423
-0.1101971
-0.1025939
-0.1004530
-0.1067545
-0.1162676
-0.1209044
-0.1175692
-0.1103966
-0.1059594
-0.1071348
-0.1114238
-0.1140877
-0.1121592
-0.1059682
-0.0981724
-0.0920903
-0.0901749
-0.0924860
-0.0960814
-0.0970128
-0.0941451
-0.0907789
-0.0914416
-0.0968257
-0.1025717
-0.1033997
-0.0981011
-0.0903396
-0.0850858
-0.0846591
-0.0877432
-0.0912572
-0.0927683
-0.0917816
-0.0898077
-0.0893963
-0.0920335
-0.0960112
-0.0969913
-0.0921982
-0.0842836
-0.0795316
-0.0811053
-0.0849321
-0.0838612
-0.0759970
-0.0674759
-0.0659739
-0.0721131
-0.0786700
-0.0785455
-0.0721882
-0.0659465
-0.0640229
-0.0644475
-0.0636619
-0.0625167
-0.0648581
-0.0708291
-0.0750285
-0.0729993
-0.0673838
-0.0649088
-0.0678926
-0.0717541
-0.0718165
-0.0696121
-0.0695267
-0.0708768
-0.0681025
-0.0601335
-0.0546473
-0.0581780
-0.0648764
-0.0627741
-0.0515959
-0.0424041
-0.0273825
0.0451291
0.2424010
0.5715996
0.9296599
1.1470363
1.1048029
0.8221499
0.4313622
0.0667903
-0.2227580
-0.4620745
-0.6715699
-0.8195955
-0.8536099
-0.7645121
-0.6069265
-0.4557636
-0.3501724
-0.2809471
-0.2225465
-0.1662317
-0.1218516
-0.0979245
-0.0896183
-0.0857615
-0.0805100
-0.0745797
-0.0689275
-0.0624788
-0.0558786
-0.0530630
-0.0566617
-0.0635721
-0.0674697
-0.0655106
-0.0608915
-0.0584442
-0.0590930
-0.0597640
-0.0580477
-0.0552070
-0.0538742
-0.0538900
-0.0518468
-0.0447447
-0.0331329
-0.0204815
-0.0102219
-0.0034198
0.0018761
0.0097290
0.0237254
0.0436600
0.0644081
0.0789938
0.0837761
0.0810593
0.0766937
0.0750959
0.0764787
0.0785178
0.0799071
0.0816287
0.0851868
0.0909765
0.0989854
0.1098962
0.1240171
0.1394480
0.1529674
0.1634705
0.1736257
0.1871280
0.2045237
0.2226515
0.2385542
0.2532671
0.2706735
0.2923273
0.3144592
0.3314923
0.3425964
0.3534846
0.3708013
0.3950686
0.4196467
0.4362218
0.4408268
0.4351089
0.4230215
0.4069339
0.3864985
0.3602986
0.3278691
0.2902588
0.2495755
0.2086398
0.1704654
0.1369032
0.1076404
0.0814428
0.0588196
0.0426879
0.0354057
0.0349717
0.0348057
0.0283098
0.0145562
-0.0004369
-0.0089521
-0.0089701
-0.0062546
-0.0084492
-0.0169620
-0.0250086
-0.0237872
-0.0106544
0.0082407
0.0228013
0.0267109
0.0214693
0.0138377
0.0097069
0.0100525
0.0117034
0.0109517
0.0066512
0.0012108
-0.0007267
0.0043660
0.0153258
0.0257809
0.0282111
0.0197729
0.0048993
-0.0077596
-0.0116426
-0.0065978
0.0023422
0.0101638
0.0156654
0.0203957
0.0250943
0.0284363
0.0290983
0.0277558
0.0263778
0.0260433
0.0259275
0.0242549
0.0200999
0.0145989
0.0107124
0.0115378
0.0181076
0.0279960
0.0358602
0.0364397
0.0288246
0.0183706
0.0130210
0.0160899
0.0226594
0.0242353
0.0175511
0.0084105
0.0062919
0.0148540
0.0277141
0.0339365
0.0282107
0.0156926
0.0065332
0.0058505
0.0097128
0.0108046
0.0068181
0.0024554
0.0036964
0.0110550
0.0187742
0.0204196
0.0150143
0.0075517
0.0036395
0.0041445
0.0052726
0.0032170
-0.0019696
-0.0066810
-0.0070556
-0.0022046
0.0048004
0.0089082
0.0069316
0.0002078
-0.0065349
-0.0092598
-0.0079255
-0.0061337
-0.0075865
-0.0124763
-0.0170731
-0.0171181
-0.0118744
-0.0047541
-0.0001354
-0.0000702
-0.0038661
-0.0096194
-0.0153940
-0.0196940
-0.0219734
-0.0228255
-0.0231660
-0.0231575
-0.0222331
-0.0202043
-0.0180679
-0.0173933
-0.0186641
-0.0204191
-0.0207748
-0.0201003
-0.0212153
-0.0258341
-0.0313537
-0.0327918
-0.0284074
-0.0223324
-0.0207552
-0.0257481
-0.0333104
-0.0373998
-0.0357082
-0.0315827
-0.0304160
-0.0342488
-0.0399939
-0.0427067
-0.0401036
-0.0340451
-0.0285686
-0.0268528
-0.0291410
-0.0327116
-0.0343021
-0.0333733
-0.0327985
-0.0356818
-0.0415687
-0.0463000
-0.0456980
-0.0393573
-0.0311629
-0.0263076
-0.0273173
-0.0322545
-0.0364669
-0.0362323
-0.0313819
-0.0254688
-0.0237034
-0.0292894
-0.0399741
-0.0484154
-0.0479266
-0.0389609
-0.0291546
-0.0261176
-0.0304982
-0.0365958
-0.0392651
-0.0392593
-0.0414563
-0.0483841
-0.0565390
-0.0598265
-0.0562295
-0.0499644
-0.0469018
-0.0490253
-0.0538782
-0.0580555
-0.0598950
-0.0595981
-0.0585617
-0.0588311
-0.0618274
-0.0667026
-0.0703482
-0.0698201
-0.0652060
-0.0600879
-0.0586785
-0.0619672
-0.0669025
-0.0699992
-0.0714931
-0.0748407
-0.0818001
-0.0890038
-0.0903677
-0.0830302
-0.0708663
-0.0621067
-0.0628227
-0.0718265
-0.0819917
-0.0872090
-0.0878793
-0.0889604
-0.0932383
-0.0980415
-0.0987377
-0.0938884
-0.0859942
-0.0782921
-0.0725688
-0.0702260
-0.0735089
-0.0833486
-0.0957683
-0.1029944
-0.1007457
-0.0936839
-0.0906060
-0.0937964
-0.0965314
-0.0930319
-0.0872934
-0.0874155
-0.0926411
-0.0925348
-0.0818972
-0.0712395
-0.0755123
-0.0933685
-0.1061941
-0.1021776
-0.0920905
-0.0854823
-0.0488852
0.0918644
0.3801249
0.7500072
1.0353023
1.0811380
0.8614230
0.4893205
0.1141040
-0.1893346
-0.4354279
-0.6542061
-0.8256875
-0.8942834
-0.8354401
-0.6912964
-0.5371776
-0.4219014
-0.3454018
-0.2847973
-0.2280288
-0.1799570
-0.1471094
-0.1274595
-0.1150546
-0.1076403
-0.1059498
-0.1081165
-0.1088216
-0.1043061
-0.0955687
-0.0854144
-0.0746067
-0.0633078
-0.0547972
-0.0538535
-0.0603025
-0.0668962
-0.0658588
-0.0566403
-0.0457179
-0.0394295
-0.0383398
-0.0381561
-0.0346114
-0.0270304
-0.0180308
-0.0106787
-0.0061547
-0.0035745
-0.0010205
0.0035221
0.0110845
0.0205766
0.0295126
0.0370586
0.0457030
0.0583160
0.0736797
0.0866156
0.0933344
0.0959868
0.1012860
0.1144834
0.1343593
0.1539794
0.1670176
0.1738369
0.1808729
0.1937539
0.2119283
0.2306237
0.2469246
0.2625383
0.2809091
0.3028675
0.3255904
0.3456397
0.3628228
0.3805229
0.4015005
0.4237137
0.4415238
0.4512799
0.4547312
0.4566736
0.4601021
0.4637038
0.4628817
0.4528751
0.4321171
0.4034459
0.3716046
0.3390865
0.3045602
0.2652396
0.2204997
0.1736262
0.1305127
0.0958101
0.0691821
0.0457474
0.0214338
-0.0021324
-0.0189084
-0.0245556
-0.0208904
-0.0148682
-0.0138362
-0.0209009
-0.0334191
-0.0456391
-0.0532464
-0.0556058
-0.0543540
-0.0513828
-0.0486734
-0.0484893
-0.0520626
-0.0580915
-0.0630826
-0.0633234
-0.0573584
-0.0480230
-0.0418819
-0.0444532
-0.0546922
-0.0653145
-0.0698121
-0.0686841
-0.0679713
-0.0719645
-0.0779961
-0.0787317
-0.0700537
-0.0568355
-0.0498931
-0.0561630
-0.0723909
-0.0892133
-0.1002833
-0.1060096
-0.1097530
-0.1132397
-0.1161346
-0.1179811
-0.1192336
-0.1209632
-0.1241479
-0.1290679
-0.1351882
-0.1413519
-0.1456473
-0.1457104
-0.1408538
-0.1341448
-0.1303589
-0.1306061
-0.1303033
-0.1238226
-0.1104387
-0.0949991
-0.0838625
-0.0809428
-0.0862255
-0.0964470
-0.1075269
-0.1174004
-0.1266752
-0.1366419
-0.1472224
-0.1567487
-0.1630054
-0.1647550
-0.1631761
-0.1614742
-0.1620523
-0.1644494
-0.1669017
-0.1688448
-0.1703796
-0.1705478
-0.1685888
-0.1663350
-0.1665804
-0.1686822
-0.1681855
-0.1620258
-0.1528291
-0.1469171
-0.1482729
-0.1547140
-0.1597931
-0.1584218
-0.1506604
-0.1403087
-0.1312710
-0.1264486
-0.1279363
-0.1344573
-0.1392594
-0.1356025
-0.1250380
-0.1124363
-0.0855134
-0.0037530
0.1772355
0.4560156
0.7558205
0.9527384
0.9496004
0.7385425
0.4001708
0.0422525
-0.2658866
-0.5099505
-0.6990713
-0.8309559
-0.8886970
-0.8624160
-0.7664296
-0.6351569
-0.5044322
-0.3953349
-0.3116476
-0.2484621
-0.2007826
-0.1653266
-0.1391669
-0.1204880
-0.1094187
-0.1052576
-0.1035057
-0.0981827
-0.0872219
-0.0741667
-0.0646634
-0.0617508
-0.0632451
-0.0627288
-0.0546182
-0.0396843
-0.0246495
-0.0156723
-0.0135003
-0.0149891
-0.0167007
-0.0161069
-0.0121959
-0.0068850
-0.0038514
-0.0040312
-0.0035294
0.0025784
0.0151019
0.0298557
0.0410820
0.0461590
0.0483523
0.0542333
0.0666187
0.0811242
0.0919032
0.0993152
0.1087262
0.1228308
0.1390649
0.1545149
0.1696550
0.1863460
0.2048079
0.2236855
0.2419113
0.2602737
0.2813676
0.3065379
0.3323235
0.3526297
0.3661274
0.3788665
0.3974329
0.4219418
0.4477474
0.4711526
0.4909307
0.5070447
0.5208941
0.5348023
0.5485419
0.5576897
0.5570791
0.5445763
0.5211181
0.4895300
0.4535697
0.4149506
0.3708492
0.3177768
0.2584747
0.2016152
0.1541994
0.1170358
0.0867331
0.0581308
0.0260186
-0.0099746
-0.0419077
-0.0599099
-0.0630486
-0.0605528
-0.0625319
-0.0724719
-0.0870403
-0.0989581
-0.1015106
-0.0946782
-0.0860296
-0.0826723
-0.0845135
-0.0877726
-0.0906630
-0.0918211
-0.0883866
-0.0811841
-0.0775168
-0.0830756
-0.0942757
-0.1029494
-0.1048865
-0.1005067
-0.0924470
-0.0860740
-0.0864135
-0.0909128
-0.0914451
-0.0863137
-0.0828110
-0.0853087
-0.0897269
-0.0927677
-0.0967377
-0.1017443
-0.1033928
-0.1017110
-0.1019818
-0.1043197
-0.1037924
-0.1018230
-0.1038317
-0.1056056
-0.0989483
-0.0908471
-0.0962348
-0.1104630
-0.1136989
-0.1059738
-0.1078982
-0.1177416
-0.1018974
-0.0469716
