-0.0417443
-0.0427863
-0.0446202
-0.0399743
-0.0275606
-0.0132045
-0.0034364
0.0014929
0.0077538
0.0212863
0.0415582
0.0622353
0.0777426
0.0885808
0.1000116
0.1160921
0.1357743
0.1549242
0.1713623
0.1871654
0.2062498
0.2306623
0.2596774
0.2916620
0.3253954
0.3590834
0.3891166
0.4113499
0.4243534
0.4311874
0.4376391
0.4487095
0.4666048
0.4910655
0.5200724
0.5494126
0.5722767
0.5810240
0.5709104
0.5427641
0.5019760
0.4545642
0.4037629
0.3497615
0.2920668
0.2318724
0.1724646
0.1177457
0.0703111
0.0304561
-0.0033957
-0.0332926
-0.0604011
-0.0846088
-0.1052149
-0.1219410
-0.1352868
-0.1459687
-0.1541794
-0.1596184
-0.1623452
-0.1634330
-0.1644607
-0.1661931
-0.1678652
-0.1679664
-0.1657903
-0.1621235
-0.1583157
-0.1546909
-0.1499881
-0.1425158
-0.1319766
-0.1202139
-0.1101236
-0.1036247
-0.1003338
-0.0979249
-0.0938715
-0.0873344
-0.0798694
-0.0743963
-0.0731146
-0.0758621
-0.0800481
-0.0821507
-0.0799085
-0.0741133
-0.0688322
-0.0691353
-0.0769423
-0.0880030
-0.0935260
-0.0864841
-0.0676385
-0.0454738
-0.0296959
-0.0244521
-0.0274769
-0.0345782
-0.0434325
-0.0531852
-0.0628234
-0.0722246
-0.0839663
-0.1009401
-0.1207801
-0.1350952
-0.1374494
-0.1317969
-0.1295913
-0.1368727
-0.1468720
-0.1486474
-0.1417444
-0.1375350
-0.1443750
-0.1558485
-0.1585351
-0.1496234
-0.1405176
-0.1415618
-0.1497595
-0.1564529
-0.1596725
-0.1542482
-0.1065734
0.0420957
0.3199532
0.6610927
0.9125823
0.9324166
0.6993990
0.3291411
-0.0226269
-0.2762007
-0.4556585
-0.6177207
-0.7704740
-0.8661397
-0.8605477
-0.7633729
-0.6275117
-0.5006979
-0.3968209
-0.3090244
-0.2357978
-0.1855879
-0.1611022
-0.1501227
-0.1363015
-0.1150309
-0.0942515
-0.0810369
-0.0719266
-0.0577400
-0.0347117
-0.0079642
0.0149899
0.0311998
0.0421146
0.0489897
0.0509584
0.0475161
0.0408631
0.0344932
0.0300746
0.0268835
0.0242874
0.0237031
0.0274723
0.0363105
0.0485862
0.0620365
0.0756339
0.0897533
0.1052772
0.1232395
0.1451233
0.1724475
0.2051322
0.2403769
0.2741844
0.3048363
0.3346228
0.3672872
0.4035730
0.4400932
0.4732233
0.5035179
0.5350174
0.5697722
0.6040039
0.6308312
0.6466948
0.6538146
0.6554762
0.6497707
0.6298019
0.5908983
0.5368359
0.4779220
0.4229741
0.3736226
0.3259393
0.2762770
0.2249872
0.1755213
0.1313145
0.0936322
0.0613649
0.0323134
0.0054386
-0.0170729
-0.0302698
-0.0306430
-0.0210885
-0.0109454
-0.0092834
-0.0173136
-0.0280916
-0.0343481
-0.0360912
-0.0397410
-0.0502454
-0.0654215
-0.0786016
-0.0858086
-0.0890200
-0.0925725
-0.0980629
-0.1040460
-0.1098608
-0.1173984
-0.1277784
-0.1374280
-0.1397297
-0.1316005
-0.1176695
-0.1067916
-0.1041782
-0.1073743
-0.1100913
-0.1094820
-0.1089932
-0.1138560
-0.1241286
-0.1328079
-0.1313802
-0.1177575
-0.0991903
-0.0872848
-0.0890903
-0.1015420
-0.1139760
-0.1169304
-0.1098834
-0.1009977
-0.0989502
-0.1045483
-0.1102746
-0.1081018
-0.0975898
-0.0860894
-0.0811475
-0.0832758
-0.0865685
-0.0859360
-0.0826126
-0.0820370
-0.0871422
-0.0949001
-0.0993826
-0.0969296
-0.0876013
-0.0726509
-0.0525625
-0.0285397
-0.0050506
0.0109670
0.0148468
0.0083955
-0.0012236
-0.0074579
-0.0096201
-0.0125774
-0.0216731
-0.0380355
-0.0582648
-0.0778030
-0.0941297
-0.1069570
-0.1162082
-0.1209085
-0.1206468
-0.1176005
-0.1158438
-0.1179265
-0.1225874
-0.1265346
-0.1282095
-0.1289015
-0.1301074
-0.1310568
-0.1300003
-0.1274003
-0.1260176
-0.1269690
-0.1271807
-0.1229526
-0.1159346
-0.1128199
-0.1172256
-0.1237226
-0.1232993
-0.1148813
-0.1077243
-0.1098987
-0.1170489
-0.1171696
-0.1065635
-0.0957940
-0.0962263
-0.1044473
-0.1066879
-0.0976092
-0.0832078
-0.0550680
0.0320772
0.2353380
0.5565724
0.8993923
1.1102454
1.0826733
0.8327896
0.4759092
0.1307226
-0.1549313
-0.3949840
-0.6025690
-0.7520627
-0.8026242
-0.7460731
-0.6207768
-0.4801039
-0.3554514
-0.2513205
-0.1663746
-0.1076170
-0.0822079
-0.0833593
-0.0920628
-0.0934327
-0.0878452
-0.0848539
-0.0890662
-0.0948193
-0.0937436
-0.0842256
-0.0720445
-0.0635694
-0.0604020
-0.0600503
-0.0595362
-0.0574320
-0.0536535
-0.0486861
-0.0429711
-0.0362592
-0.0274131
-0.0153813
-0.0006727
0.0144922
0.0280786
0.0404633
0.0544329
0.0725690
0.0946386
0.1177995
0.1393878
0.1593877
0.1804276
0.2057815
0.2371063
0.2731478
0.3101287
0.3440496
0.3735823
0.4008614
0.4289005
0.4579403
0.4846541
0.5054531
0.5207808
0.5358656
0.5565619
0.5837662
0.6116238
0.6313259
0.6370098
0.6286054
0.6098698
0.5842690
0.5524796
0.5130387
0.4648774
0.4092417
0.3493748
0.2886089
0.2290682
0.1721316
0.1193620
0.0721641
0.0306163
-0.0065631
-0.0404549
-0.0706553
-0.0959441
-0.1160754
-0.1323472
-0.1460795
-0.1569058
-0.1633488
-0.1653191
-0.1652511
-0.1658771
-0.1672072
-0.1669368
-0.1641983
-0.1617234
-0.1630590
-0.1678900
-0.1713335
-0.1685163
-0.1594942
-0.1491393
-0.1422199
-0.1389937
-0.1357341
-0.1290856
-0.1193488
-0.1096813
-0.1028772
-0.0991736
-0.0963851
-0.0914614
-0.0825271
-0.0706545
-0.0598599
-0.0543730
-0.0551030
-0.0588874
-0.0614586
-0.0608964
-0.0579638
-0.0536582
-0.0475808
-0.0393012
-0.0306106
-0.0249377
-0.0237883
-0.0246368
-0.0237696
-0.0213239
-0.0221457
-0.0306669
-0.0455050
-0.0601907
-0.0692740
-0.0730133
-0.0759640
-0.0818384
-0.0905836
-0.1002306
-0.1102215
-0.1215169
-0.1334126
-0.1418755
-0.1427930
-0.1370651
-0.1312461
-0.1321069
-0.1405353
-0.1510630
-0.1572334
-0.1571813
-0.1542255
-0.1527392
-0.1540813
-0.1565436
-0.1584117
-0.1600034
-0.1625450
-0.1659887
-0.1687222
-0.1690678
-0.1663636
-0.1608860
-0.1537951
-0.1475090
-0.1451363
-0.1482062
-0.1545806
-0.1594603
-0.1596409
-0.1569944
-0.1566580
-0.1607898
-0.1648248
-0.1616604
-0.1499039
-0.1362514
-0.1282878
-0.1259878
-0.1224993
-0.1134072
-0.1026757
-0.0974145
-0.0982147
-0.0980701
-0.0910865
-0.0765417
-0.0473183
0.0249223
0.1809676
0.4346262
0.7345949
0.9720133
1.0411245
0.9074908
0.6259149
0.2946792
-0.0102784
-0.2650432
-0.4762371
-0.6428248
-0.7438414
-0.7593640
-0.6958944
-0.5875367
-0.4739947
-0.3789719
-0.3066034
-0.2522453
-0.2126196
-0.1868663
-0.1722989
-0.1628035
-0.1523603
-0.1394139
-0.1271822
-0.1198708
-0.1187993
-0.1216231
-0.1243905
-0.1242405
-0.1208311
-0.1156590
-0.1099345
-0.1032033
-0.0943768
-0.0838396
-0.0736088
-0.0650569
-0.0572791
-0.0485650
-0.0391658
-0.0314382
-0.0265344
-0.0214425
-0.0105904
0.0087954
0.0334945
0.0576967
0.0797429
0.1040483
0.1352435
0.1714305
0.2052782
0.2322938
0.2565032
0.2864096
0.3253854
0.3672885
0.4025463
0.4283695
0.4518391
0.4821134
0.5200856
0.5568526
0.5824615
0.5949957
0.6003848
0.6042317
0.6051834
0.5963801
0.5723456
0.5337900
0.4861708
0.4346866
0.3813118
0.3260672
0.2695930
0.2135312
0.1591778
0.1072170
0.0589487
0.0165794
-0.0185293
-0.0474915
-0.0730469
-0.0968903
-0.1179643
-0.1335270
-0.1421262
-0.1456855
-0.1484545
-0.1535834
-0.1607404
-0.1672259
-0.1712381
-0.1737968
-0.1775340
-0.1836615
-0.1898762
-0.1912589
-0.1840032
-0.1691099
-0.1524482
-0.1405759
-0.1358589
-0.1351315
-0.1327633
-0.1253479
-0.1143066
-0.1043950
-0.0992255
-0.0976617
-0.0945348
-0.0850908
-0.0689838
-0.0505171
-0.0355857
-0.0279152
-0.0268062
-0.0276873
-0.0256172
-0.0195690
-0.0136888
-0.0137688
-0.0218692
-0.0344105
-0.0459397
-0.0547787
-0.0642498
-0.0778648
-0.0943082
-0.1087513
-0.1187457
-0.1264261
-0.1342042
-0.1414167
-0.1478936
-0.1570427
-0.1666524
-0.1526483
-0.0702165
0.1124083
0.3690251
0.6058298
0.7105177
0.6273974
0.3939088
0.1054998
-0.1570582
-0.3707924
-0.5523297
-0.7099834
-0.8209525
-0.8527218
-0.7988000
-0.6891469
-0.5677500
-0.4633270
-0.3802837
-0.3114973
-0.2535893
-0.2091643
-0.1791265
-0.1581228
-0.1387867
-0.1185364
-0.1007719
-0.0898608
-0.0857560
-0.0834779
-0.0774588
-0.0662302
-0.0528998
-0.0414161
-0.0330792
-0.0267629
-0.0211846
-0.0154014
-0.0072920
0.0065462
0.0277779
0.0531168
0.0751250
0.0873944
0.0896325
0.0875264
0.0872130
0.0901286
0.0938606
0.0975731
0.1049487
0.1207885
0.1453827
0.1733267
0.1980728
0.2174493
0.2350091
0.2563928
0.2842117
0.3159799
0.3466765
0.3731385
0.3960926
0.4185648
0.4428436
0.4684791
0.4921452
0.5091316
0.5155898
0.5099391
0.4924669
0.4641865
0.4265052
0.3813724
0.3307080
0.2756659
0.2172964
0.1581648
0.1025980
0.0547282
0.0163093
-0.0134311
-0.0359818
-0.0519876
-0.0618523
-0.0677201
-0.0736372
-0.0822786
-0.0915320
-0.0958927
-0.0922519
-0.0836535
-0.0765726
-0.0749642
-0.0775232
-0.0799177
-0.0784529
-0.0718844
-0.0614781
-0.0506779
-0.0442554
-0.0458938
-0.0549493
-0.0657867
-0.0721387
-0.0733046
-0.0750861
-0.0832116
-0.0964572
-0.1080029
-0.1134811
-0.1156314
-0.1201195
-0.1284753
-0.1369595
-0.1416604
-0.1424162
-0.1410354
-0.1378221
-0.1324672
-0.1278355
-0.1290508
-0.1364756
-0.1428853
-0.1430644
-0.1450795
-0.1620696
-0.1841150
-0.1627389
-0.0403110
0.1893256
0.4471690
0.6069826
0.5822394
0.3865743
0.1130860
-0.1448782
-0.3546828
-0.5356405
-0.7039686
-0.8371700
-0.8921236
-0.8491597
-0.7322238
-0.5888447
-0.4564472
-0.3476240
-0.2597017
-0.1898350
-0.1390437
-0.1067448
-0.0873865
-0.0740204
-0.0628959
-0.0531300
-0.0437320
-0.0333597
-0.0225586
-0.0139078
-0.0090765
-0.0068224
-0.0046810
-0.0020380
-0.0006677
-0.0019703
-0.0039573
-0.0018454
0.0071853
0.0196555
0.0275648
0.0258607
0.0179935
0.0131747
0.0179709
0.0309244
0.0452823
0.0565085
0.0669300
0.0830841
0.1086960
0.1407643
0.1728836
0.2017658
0.2295227
0.2598234
0.2930563
0.3255793
0.3529452
0.3738293
0.3918146
0.4134400
0.4429347
0.4774153
0.5073834
0.5230449
0.5212434
0.5070528
0.4887917
0.4706944
0.4494902
0.4180656
0.3728814
0.3179075
0.2615504
0.2105673
0.1670888
0.1299349
0.0970180
0.0665960
0.0377415
0.0106237
-0.0135465
-0.0329535
-0.0460154
-0.0527006
-0.0553420
-0.0573726
-0.0605978
-0.0640053
-0.0655002
-0.0643008
-0.0613730
-0.0581600
-0.0554127
-0.0530539
-0.0510542
-0.0506198
-0.0540661
-0.0625832
-0.0741620
-0.0847443
-0.0917557
-0.0958770
-0.0993043
-0.1031793
-0.1070689
-0.1101887
-0.1124635
-0.1144718
-0.1166028
-0.1184628
-0.1194196
-0.1195988
-0.1196078
-0.1192888
-0.1180753
-0.1171917
-0.1198755
-0.1276923
-0.1374633
-0.1439861
-0.1460780
-0.1481799
-0.1547868
-0.1639302
-0.1676506
-0.1599797
-0.1444042
-0.1321365
-0.1316294
-0.1399832
-0.1459144
-0.1412209
-0.1280924
-0.1151455
-0.1080970
-0.1053346
-0.1013458
-0.0929213
-0.0820478
-0.0735359
-0.0702014
-0.0706552
-0.0720334
-0.0741202
-0.0794007
-0.0888310
-0.0988287
-0.1036704
-0.1012133
-0.0960386
-0.0961151
-0.1050890
-0.1176942
-0.1242757
-0.1207616
-0.1128908
-0.1094970
-0.1132165
-0.1197882
-0.1250301
-0.1289274
-0.1322767
-0.1329832
-0.1290892
-0.1244200
-0.1269171
-0.1387653
-0.1505316
-0.1499074
-0.1371991
-0.1271820
-0.1314853
-0.1429743
-0.1447210
-0.1324849
-0.1153314
-0.0849485
0.0062237
0.2133329
0.5286192
0.8449381
1.0077840
0.9237724
0.6293142
0.2552299
-0.0770173
-0.3286712
-0.5276596
-0.6993456
-0.8252296
-0.8651246
-0.8053874
-0.6773498
-0.5328143
-0.4083873
-0.3121986
-0.2361873
-0.1735066
-0.1240079
-0.0891390
-0.0674255
-0.0553739
-0.0494621
-0.0459405
-0.0412138
-0.0345421
-0.0289966
-0.0276612
-0.0293845
-0.0297548
-0.0259134
-0.0192205
-0.0133886
-0.0108553
-0.0108152
-0.0102118
-0.0067170
-0.0008144
0.0053448
0.0108234
0.0168415
0.0251338
0.0363985
0.0501057
0.0645935
0.0775804
0.0881583
0.0984738
0.1120254
0.1298992
0.1497993
0.1691909
0.1885662
0.2112513
0.2402323
0.2747006
0.3092402
0.3374291
0.3575537
0.3743423
0.3939979
0.4179331
0.4422118
0.4623105
0.4771172
0.4886497
0.4989859
0.5074003
0.5100722
0.5031178
0.4861934
0.4622346
0.4334025
0.3986296
0.3558656
0.3056243
0.2517114
0.1995755
0.1543186
0.1186025
0.0911525
0.0679823
0.0459337
0.0248312
0.0064198
-0.0078317
-0.0180947
-0.0266181
-0.0366122
-0.0492172
-0.0615578
-0.0692244
-0.0708689
-0.0693646
-0.0687638
-0.0713785
-0.0774280
-0.0858933
-0.0954617
-0.1054818
-0.1158071
-0.1252252
-0.1310912
-0.1316330
-0.1277862
-0.1218454
-0.1155184
-0.1103673
-0.1084101
-0.1101114
-0.1125390
-0.1116169
-0.1064514
-0.1004999
-0.0983590
-0.1014335
-0.1061917
-0.1070056
-0.1020000
-0.0957962
-0.0946359
-0.0989567
-0.1031623
-0.1030109
-0.1004992
-0.1003314
-0.1039458
-0.1088074
-0.1122394
-0.1142864
-0.1170136
-0.1215233
-0.1257173
-0.1257641
-0.1204341
-0.1127690
-0.1063039
-0.1012957
-0.0966383
-0.0936969
-0.0949925
-0.0995260
-0.1024450
-0.1000498
-0.0935682
-0.0877911
-0.0869135
-0.0911843
-0.0967309
-0.0995492
-0.1003952
-0.1042601
-0.1139716
-0.1259977
-0.1339978
-0.1352563
-0.1326493
-0.1317113
-0.1363666
-0.1455500
-0.1532553
-0.1540527
-0.1493570
-0.1460129
-0.1480424
-0.1524596
-0.1541253
-0.1516764
-0.1469185
-0.1410585
-0.1342869
-0.1281362
-0.1258435
-0.1293318
-0.1362211
-0.1416497
-0.1446440
-0.1486591
-0.1460534
-0.0988954
0.0505230
0.3274932
0.6727519
0.9513676
1.0320168
0.8747829
0.5529103
0.1925592
-0.1145093
-0.3518905
-0.5477030
-0.7150156
-0.8279033
-0.8508546
-0.7801104
-0.6512165
-0.5123600
-0.3958130
-0.3096695
-0.2470062
-0.1993251
-0.1637587
-0.1404813
-0.1265503
-0.1159737
-0.1055654
-0.0967682
-0.0911094
-0.0877589
-0.0862941
-0.0876739
-0.0911541
-0.0938002
-0.0940856
-0.0928956
-0.0908691
-0.0881094
-0.0859720
-0.0851427
-0.0825632
-0.0745304
-0.0622776
-0.0504201
-0.0408071
-0.0317890
-0.0218368
-0.0096072
0.0073717
0.0292260
0.0510230
0.0683271
0.0834385
0.1018486
0.1252033
0.1519455
0.1815266
0.2134614
0.2455428
0.2769680
0.3094629
0.3421771
0.3706335
0.3939227
0.4166778
0.4405078
0.4607002
0.4752061
0.4888143
0.5038323
0.5145348
0.5152159
0.5057731
0.4859437
0.4532649
0.4101765
0.3634773
0.3141595
0.2584276
0.2000451
0.1486438
0.1046404
0.0607464
0.0190859
-0.0108930
-0.0321928
-0.0568622
-0.0814933
-0.0913325
-0.0920566
-0.1065665
-0.1308721
-0.1275835
-0.0820556
