-0.1177587
-0.1229245
-0.1217145
-0.1145047
-0.1048795
-0.0974454
-0.0947811
-0.0957661
-0.0971672
-0.0972006
-0.0970353
-0.0981938
-0.0990952
-0.0957632
-0.0866953
-0.0759166
-0.0695462
-0.0691197
-0.0696428
-0.0652558
-0.0561649
-0.0486109
-0.0477982
-0.0520996
-0.0552524
-0.0537263
-0.0505571
-0.0514657
-0.0581293
-0.0663116
-0.0705524
-0.0698828
-0.0685108
-0.0711638
-0.0779806
-0.0837462
-0.0821154
-0.0713889
-0.0571169
-0.0488670
-0.0529552
-0.0669753
-0.0815346
-0.0884609
-0.0879556
-0.0873717
-0.0927553
-0.1023596
-0.1093762
-0.1105166
-0.1100900
-0.1146248
-0.1247147
-0.1342974
-0.1382967
-0.1389130
-0.1424066
-0.1503310
-0.1565461
-0.1543087
-0.1448623
-0.1365756
-0.1352018
-0.1370557
-0.1336787
-0.1226060
-0.1112595
-0.1090466
-0.1166497
-0.1246881
-0.1231020
-0.1108644
-0.0961176
-0.0877651
-0.0879101
-0.0920030
-0.0947543
-0.0949300
-0.0949253
-0.0967950
-0.0991881
-0.0981158
-0.0910070
-0.0805185
-0.0738982
-0.0769382
-0.0874022
-0.0954456
-0.0927570
-0.0818858
-0.0745461
-0.0787531
-0.0887297
-0.0906605
-0.0793190
-0.0658236
-0.0655521
-0.0797101
-0.0935720
-0.0936445
-0.0791279
-0.0476110
0.0284928
0.1948448
0.4653645
0.7736340
0.9866577
0.9884032
0.7657660
0.4169459
0.0728915
-0.1944281
-0.3951158
-0.5677716
-0.7161026
-0.8013836
-0.7887328
-0.6896516
-0.5560497
-0.4381185
-0.3527318
-0.2888437
-0.2335614
-0.1868558
-0.1545059
-0.1355091
-0.1214391
-0.1060720
-0.0911048
-0.0813076
-0.0768088
-0.0725915
-0.0648041
-0.0550958
-0.0477920
-0.0440839
-0.0403917
-0.0322312
-0.0186406
-0.0026833
0.0114464
0.0213855
0.0277900
0.0340085
0.0444341
0.0614329
0.0825558
0.1013794
0.1127792
0.1180562
0.1239567
0.1356738
0.1512485
0.1640799
0.1711312
0.1772866
0.1902512
0.2114665
0.2337020
0.2486644
0.2563334
0.2654676
0.2846426
0.3137835
0.3452148
0.3722483
0.3952620
0.4190203
0.4454051
0.4704529
0.4888410
0.5002182
0.5100701
0.5242698
0.5431199
0.5605331
0.5683687
0.5615302
0.5399949
0.5072816
0.4672004
0.4211910
0.3681713
0.3074974
0.2429085
0.1832261
0.1375201
0.1081101
0.0883406
0.0683842
0.0440752
0.0199327
0.0032249
-0.0044406
-0.0087570
-0.0159461
-0.0254658
-0.0306458
-0.0266235
-0.0166588
-0.0097383
-0.0120328
-0.0213384
-0.0301145
-0.0334164
-0.0331283
-0.0343793
-0.0386230
-0.0412804
-0.0366507
-0.0248097
-0.0129980
-0.0097507
-0.0175350
-0.0311080
-0.0428905
-0.0496599
-0.0539887
-0.0597350
-0.0670731
-0.0724746
-0.0731251
-0.0703373
-0.0680583
-0.0684568
-0.0698483
-0.0692463
-0.0663741
-0.0644062
-0.0666238
-0.0728369
-0.0795062
-0.0831988
-0.0834570
-0.0822820
-0.0814627
-0.0810497
-0.0803476
-0.0797098
-0.0808117
-0.0851388
-0.0923631
-0.1001442
-0.1053995
-0.1059923
-0.1017492
-0.0942585
-0.0855793
-0.0767209
-0.0671894
-0.0562277
-0.0446328
-0.0349329
-0.0291047
-0.0260399
-0.0220555
-0.0147830
-0.0065763
-0.0032784
-0.0088967
-0.0214724
-0.0345837
-0.0430459
-0.0468928
-0.0497070
-0.0536107
-0.0567128
-0.0557054
-0.0503531
-0.0446669
-0.0435168
-0.0484331
-0.0568161
-0.0648205
-0.0706113
-0.0750293
-0.0797481
-0.0852160
-0.0902614
-0.0933413
-0.0940703
-0.0937443
-0.0945027
-0.0977398
-0.1029454
-0.1080149
-0.1109787
-0.1116469
-0.1114372
-0.1114355
-0.1108799
-0.1080644
-0.1028883
-0.0980209
-0.0968515
-0.1000465
-0.1045027
-0.1062297
-0.1044057
-0.1022632
-0.1036258
-0.1085810
-0.1128342
-0.1115182
-0.1036889
-0.0931628
-0.0850289
-0.0811769
-0.0788780
-0.0736090
-0.0635309
-0.0514323
-0.0420669
-0.0372604
-0.0339023
-0.0275531
-0.0183645
-0.0125895
-0.0169100
-0.0309465
-0.0464308
-0.0548263
-0.0554003
-0.0546862
-0.0581573
-0.0641930
-0.0673110
-0.0658819
-0.0642791
-0.0673288
-0.0750044
-0.0838973
-0.0918617
-0.0984919
-0.1020014
-0.0998015
-0.0939238
-0.0921106
-0.0989047
-0.1069758
-0.1036087
-0.0883396
-0.0781799
-0.0882452
-0.1097856
-0.1179803
-0.1051644
-0.0938294
-0.0995587
-0.0811290
0.0492983
0.3390832
0.7112567
0.9848289
1.0028253
0.7542884
0.3730595
0.0181865
-0.2429197
-0.4421910
-0.6255379
-0.7809001
-0.8523115
-0.8079080
-0.6778181
-0.5257945
-0.3960949
-0.2940781
-0.2090830
-0.1408903
-0.0985785
-0.0818259
-0.0743348
-0.0584614
-0.0318785
-0.0065320
0.0068032
0.0094931
0.0110195
0.0175540
0.0266346
0.0317827
0.0298861
0.0235026
0.0174466
0.0144705
0.0139640
0.0136283
0.0118357
0.0088900
0.0067116
0.0073125
0.0110804
0.0163238
0.0208119
0.0241479
0.0286065
0.0372523
0.0508498
0.0665443
0.0798728
0.0885389
0.0944758
0.1020790
0.1141635
0.1296544
0.1454047
0.1601802
0.1763900
0.1974886
0.2237583
0.2511545
0.2747778
0.2935442
0.3111162
0.3319507
0.3565434
0.3809512
0.4011499
0.4175129
0.4344784
0.4555800
0.4789448
0.4979134
0.5062079
0.5025295
0.4901944
0.4725930
0.4495069
0.4181648
0.3775936
0.3311736
0.2843929
0.2402593
0.1975008
0.1536321
0.1095695
0.0706024
0.0422381
0.0249105
0.0130314
-0.0003670
-0.0177908
-0.0358092
-0.0490688
-0.0556343
-0.0586512
-0.0632580
-0.0720802
-0.0834655
-0.0936376
-0.1002786
-0.1040647
-0.1070426
-0.1099795
-0.1116876
-0.1110162
-0.1091662
-0.1093809
-0.1137299
-0.1201320
-0.1232832
-0.1194946
-0.1108766
-0.1040572
-0.1039672
-0.1088492
-0.1119502
-0.1084218
-0.1002163
-0.0937740
-0.0930759
-0.0956811
-0.0960543
-0.0923546
-0.0888928
-0.0912339
-0.0992629
-0.1060669
-0.1042656
-0.0932671
-0.0798213
-0.0712992
-0.0687605
-0.0670548
-0.0617395
-0.0551768
-0.0546989
-0.0641643
-0.0779467
-0.0847039
-0.0781385
-0.0639296
-0.0551490
-0.0601310
-0.0748331
-0.0874310
-0.0903473
-0.0872103
-0.0876984
-0.0962296
-0.1069687
-0.1104838
-0.1044778
-0.0966775
-0.0968430
-0.1068538
-0.1196240
-0.1275054
-0.1303479
-0.1342591
-0.1431588
-0.1535597
-0.1587204
-0.1566150
-0.1516004
-0.1481428
-0.1455204
-0.1408715
-0.1359477
-0.1368604
-0.1454348
-0.1538146
-0.1518895
-0.1401280
-0.1306200
-0.1324993
-0.1396847
-0.1387395
-0.1277949
-0.1175809
-0.1046636
-0.0482921
0.1077948
0.3727897
0.6654232
0.8465251
0.8133220
0.5742233
0.2354561
-0.0852762
-0.3353109
-0.5293353
-0.6930696
-0.8172560
-0.8662568
-0.8204451
-0.7008783
-0.5539196
-0.4190289
-0.3129131
-0.2362927
-0.1852496
-0.1535347
-0.1309117
-0.1076024
-0.0824778
-0.0636584
-0.0584806
-0.0638663
-0.0684903
-0.0640599
-0.0526380
-0.0426676
-0.0396979
-0.0423054
-0.0458667
-0.0480294
-0.0497684
-0.0523440
-0.0545983
-0.0533943
-0.0462663
-0.0337403
-0.0195520
-0.0083991
-0.0023637
0.0012852
0.0082210
0.0217373
0.0389044
0.0529530
0.0604003
0.0655004
0.0766260
0.0978871
0.1248710
0.1491244
0.1665592
0.1808966
0.1988749
0.2228218
0.2486812
0.2712552
0.2904349
0.3113687
0.3385774
0.3708517
0.4026530
0.4301856
0.4550598
0.4813482
0.5094215
0.5336706
0.5469287
0.5468728
0.5374065
0.5236268
0.5060294
0.4800834
0.4411295
0.3892802
0.3300359
0.2710373
0.2180207
0.1723570
0.1312570
0.0908824
0.0507599
0.0155913
-0.0084953
-0.0206986
-0.0281098
-0.0399834
-0.0588881
-0.0787148
-0.0924227
-0.1005415
-0.1097870
-0.1232400
-0.1348021
-0.1359370
-0.1269461
-0.1183194
-0.1194782
-0.1281759
-0.1336384
-0.1298915
-0.1231024
-0.1238967
-0.1339042
-0.1428572
-0.1398500
-0.1255288
-0.1112937
-0.1071388
-0.1122642
-0.1179452
-0.1176594
-0.1127573
-0.1089793
-0.1095233
-0.1123738
-0.1132836
-0.1099339
-0.1031387
-0.0951084
-0.0873337
-0.0798766
-0.0720850
-0.0639581
-0.0571384
-0.0543064
-0.0567935
-0.0626103
-0.0677667
-0.0703852
-0.0729896
-0.0794401
-0.0892925
-0.0963933
-0.0944313
-0.0839832
-0.0730340
-0.0696804
-0.0744855
-0.0806539
-0.0816517
-0.0777288
-0.0744581
-0.0758502
-0.0804970
-0.0847433
-0.0880618
-0.0935417
-0.1029479
-0.1127229
-0.1163209
-0.1108427
-0.1007429
-0.0942351
-0.0958108
-0.1025166
-0.1076513
-0.1076593
-0.1048752
-0.1037177
-0.1052088
-0.1061845
-0.1038296
-0.0998019
-0.0985710
-0.1016106
-0.1047072
-0.1024813
-0.0950861
-0.0883612
-0.0864828
-0.0863871
-0.0818607
-0.0724377
-0.0648081
-0.0638723
-0.0655632
-0.0625129
-0.0547192
-0.0456045
-0.0206056
0.0646047
0.2566011
0.5478611
0.8456492
1.0113808
0.9510717
0.6811905
0.3106718
-0.0425145
-0.3226759
-0.5378871
-0.7078316
-0.8220795
-0.8493722
-0.7779461
-0.6377685
-0.4826556
-0.3548127
-0.2664994
-0.2083467
-0.1671339
-0.1351450
-0.1096902
-0.0906387
-0.0792034
-0.0756696
-0.0763421
-0.0741672
-0.0643346
-0.0490515
-0.0352773
-0.0274183
-0.0234112
-0.0184614
-0.0111114
-0.0038913
0.0014370
0.0068595
0.0152019
0.0257782
0.0349853
0.0411486
0.0469621
0.0561270
0.0685561
0.0803877
0.0888459
0.0958759
0.1060815
0.1215349
0.1397094
0.1567520
0.1718814
0.1878286
0.2074493
0.2309140
0.2562916
0.2819358
0.3076389
0.3338527
0.3605502
0.3870293
0.4123864
0.4357616
0.4561876
0.4727710
0.4857274
0.4974741
0.5121374
0.5329232
0.5590485
0.5848622
0.6022181
0.6045598
0.5898144
0.5601484
0.5192434
0.4699115
0.4142660
0.3554983
0.2981819
0.2458915
0.1987421
0.1541730
0.1106263
0.0700737
0.0362828
0.0104863
-0.0106234
-0.0318402
-0.0542763
-0.0738650
-0.0855596
-0.0887634
-0.0880265
-0.0885266
-0.0916638
-0.0953227
-0.0975282
-0.0987399
-0.1004868
-0.1026722
-0.1031327
-0.1000372
-0.0943135
-0.0892924
-0.0878867
-0.0901764
-0.0935627
-0.0949868
-0.0931592
-0.0892023
-0.0852984
-0.0822126
-0.0778890
-0.0691948
-0.0559106
-0.0427486
-0.0362446
-0.0388948
-0.0466688
-0.0529296
-0.0547839
-0.0549762
-0.0572982
-0.0609375
-0.0606847
-0.0532149
-0.0422040
-0.0358901
-0.0393716
-0.0501582
-0.0616848
-0.0703510
-0.0781030
-0.0882967
-0.1003091
-0.1093538
-0.1116609
-0.1089467
-0.1068653
-0.1090716
-0.1137501
-0.1166354
-0.1167377
-0.1176135
-0.1224157
-0.1287019
-0.1297155
-0.1215394
-0.1084595
-0.1001177
-0.1026317
-0.1127036
-0.1210397
-0.1215441
-0.1165652
-0.1130966
-0.1148796
-0.1191802
-0.1208927
-0.1184897
-0.1152701
-0.1152866
-0.1189190
-0.1227136
-0.1231305
-0.1198593
-0.1153673
-0.1117520
-0.1086389
-0.1041039
-0.0970797
-0.0885722
-0.0807871
-0.0753857
-0.0726349
-0.0721747
-0.0743584
-0.0801961
-0.0893419
-0.0983344
-0.1018940
-0.0969694
-0.0857748
-0.0745628
-0.0689971
-0.0703134
-0.0756374
-0.0817709
-0.0883575
-0.0970922
-0.1081074
-0.1180923
-0.1228391
-0.1216305
-0.1184577
-0.1184232
-0.1229288
-0.1285804
-0.1309469
-0.1292944
-0.1272044
-0.1282171
-0.1313307
-0.1318028
-0.1266894
-0.1186718
-0.1134861
-0.1138943
-0.1172210
-0.1190384
-0.1182891
-0.1178339
-0.1202615
-0.1244148
-0.1267242
-0.1251313
-0.1204513
-0.1142331
-0.1072341
-0.1008691
-0.0982090
-0.1011244
-0.1069636
-0.1104829
-0.1084178
-0.0967444
-0.0590573
0.0379419
0.2239634
0.4867875
0.7516490
0.9094486
0.8824001
0.6752684
0.3675061
0.0543429
-0.2095033
-0.4182942
-0.5817753
-0.6933730
-0.7319501
-0.6878321
-0.5805335
-0.4501027
-0.3333842
-0.2479426
-0.1931837
-0.1603983
-0.1401757
-0.1247824
-0.1095430
-0.0944168
-0.0828128
-0.0771305
-0.0755376
-0.0737064
-0.0692596
-0.0636811
-0.0599274
-0.0588487
-0.0581984
-0.0548298
-0.0476334
-0.0384806
-0.0305505
-0.0257300
-0.0233002
-0.0207894
-0.0162035
-0.0098438
-0.0039226
0.0001899
0.0044384
0.0128992
0.0273428
0.0444928
0.0587871
0.0679917
0.0753354
0.0858596
0.1013092
0.1190749
0.1357103
0.1507031
0.1666248
0.1862262
0.2101069
0.2370333
0.2653439
0.2932339
0.3185264
0.3398519
0.3584196
0.3773432
0.3982671
0.4192997
0.4372624
0.4517126
0.4656072
0.4814249
0.4970498
0.5061607
0.5029369
0.4861760
0.4586521
0.4230619
0.3798157
0.3292461
0.2747839
0.2222523
0.1755755
0.1339670
0.0939495
0.0539652
0.0166309
-0.0137132
-0.0357311
-0.0531239
-0.0712555
-0.0913209
-0.1084132
-0.1163040
-0.1143145
-0.1088735
-0.1078261
-0.1132235
-0.1199243
-0.1214027
-0.1167711
-0.1115843
-0.1114795
-0.1157144
-0.1180070
-0.1136487
-0.1045990
-0.0970590
-0.0949699
-0.0967747
-0.0979866
-0.0957081
-0.0903578
-0.0838459
-0.0770903
-0.0696510
-0.0612467
-0.0527191
-0.0452636
-0.0394335
-0.0354170
-0.0335587
-0.0336015
-0.0337859
-0.0321090
-0.0290690
-0.0284000
-0.0341260
-0.0465365
-0.0611473
-0.0720218
-0.0768236
-0.0789965
-0.0845854
-0.0964228
-0.1115827
-0.1247328
-0.1334271
-0.1394810
-0.1455765
-0.1516658
-0.1552930
-0.1549916
-0.1524432
-0.1507431
-0.1509948
-0.1517496
-0.1519784
-0.1528470
-0.1549682
-0.1553250
-0.1501137
-0.1410376
-0.1352738
-0.1366924
-0.1397901
-0.1369094
-0.1305183
-0.1299561
-0.1278950
-0.0826032
0.0611660
0.3160910
0.6112004
0.8170581
0.8297764
0.6438659
0.3479547
0.0498952
-0.1962637
-0.3982998
-0.5761463
-0.7161661
-0.7764819
-0.7309137
-0.6007880
-0.4425885
-0.3078362
-0.2156965
-0.1580174
-0.1210715
-0.0982093
-0.0865891
-0.0803818
-0.0717053
-0.0571617
-0.0408758
-0.0299502
-0.0270192
-0.0276394
-0.0251050
-0.0174180
-0.0090753
-0.0063636
-0.0116098
-0.0217403
-0.0313378
-0.0367883
-0.0382172
-0.0378530
-0.0364649
-0.0319882
-0.0225381
-0.0102646
-0.0004954
0.0037341
0.0054869
0.0114150
0.0253443
0.0443850
0.0614953
0.0724100
0.0802325
0.0923877
0.1124976
0.1361842
0.1559307
0.1695219
0.1825766
0.2029379
0.2332904
0.2688903
0.3017038
0.3270690
0.3472495
0.3687643
0.3961556
0.4283585
0.4604326
0.4874607
0.5066109
0.5169291
0.5181410
0.5092263
0.4882216
0.4546981
0.4126496
0.3691440
0.3287647
0.2900218
0.2481498
0.2011952
0.1530121
0.1104673
0.0774895
0.0514280
0.0258500
-0.0022767
-0.0289122
-0.0475244
-0.0565382
-0.0608583
-0.0667821
-0.0770109
-0.0898377
-0.1010419
-0.1067646
-0.1066852
-0.1049413
-0.1066080
-0.1127237
-0.1192335
-0.1207273
-0.1152135
-0.1062741
-0.1007481
-0.1026002
-0.1083919
-0.1107116
-0.1069418
-0.1022894
-0.1027125
-0.1073016
-0.1098356
-0.1060773
-0.0973164
-0.0878902
-0.0810222
-0.0764575
-0.0714414
-0.0648155
-0.0594823
-0.0584697
-0.0593028
-0.0560679
-0.0472529
-0.0375392
-0.0313920
-0.0293356
-0.0312892
-0.0384232
-0.0498544
-0.0619857
-0.0728662
-0.0831518
-0.0920859
-0.0976010
-0.1006394
-0.1027118
-0.0986566
-0.0807783
-0.0531052
