0.1278514
0.1521989
0.1593253
0.1981913
0.2325232
0.1991033
0.1238275
0.0961510
0.1466232
0.2238228
0.2839304
0.3334716
0.3804828
0.4065496
0.4051552
0.4034153
0.4248307
0.4553674
0.4588839
0.4124476
0.3265453
0.2430769
0.2052313
0.2142982
0.2276535
0.2145660
0.1958308
0.2047640
0.2258510
0.2055675
0.1228674
0.0228811
-0.0272047
-0.0063364
0.0365072
0.0237643
-0.0753320
-0.2048106
-0.2703699
-0.2361070
-0.1592166
-0.1191960
-0.1299569
-0.1396772
-0.1066316
-0.0528075
-0.0374885
-0.0862513
-0.1534428
-0.1627983
-0.0916202
-0.0064979
0.0004804
-0.0901972
-0.2065503
-0.2635968
-0.2418410
-0.1836441
-0.1339151
-0.1024884
-0.0766674
-0.0510349
-0.0352032
-0.0350865
-0.0371919
-0.0237361
-0.0036079
-0.0121844
-0.0692487
-0.1485517
-0.2039161
-0.2172224
-0.2029581
-0.1714056
-0.1133642
-0.0314493
0.0324703
0.0252394
-0.0566510
-0.1471099
-0.1683155
-0.1129906
-0.0558919
-0.0705772
-0.1445629
-0.1982676
-0.1845318
-0.1387817
-0.1177519
-0.1185874
-0.0934236
-0.0352373
-0.0072797
-0.0645873
-0.1668017
-0.2050604
-0.1269633
-0.0125196
0.0017858
-0.1259866
-0.2932411
-0.3648243
-0.3123961
-0.2195658
-0.1659205
-0.1462774
-0.1129002
-0.0602393
-0.0326962
-0.0563458
-0.0970973
-0.1035104
-0.0760571
-0.0695710
-0.1223104
-0.2018826
-0.2399312
-0.2125190
-0.1615177
-0.1318615
-0.1149360
-0.0774109
-0.0305591
-0.0334241
-0.1133804
-0.2074184
-0.2141330
-0.1113907
-0.0026928
-0.0224704
-0.1904024
-0.3765699
-0.4269821
-0.3174876
-0.1665488
-0.0981132
-0.1159824
-0.1269203
-0.0688914
0.0138101
0.0299310
-0.0444038
-0.1328687
-0.1440408
-0.0748993
-0.0140153
-0.0426709
-0.1486922
-0.2468927
-0.2715353
-0.2307242
-0.1742993
-0.1325134
-0.0999975
-0.0669594
-0.0431309
-0.0426984
-0.0569275
-0.0581604
-0.0355669
-0.0155387
-0.0330703
-0.0850313
-0.1269265
-0.1216545
-0.0785274
-0.0328759
0.0023823
0.0451004
0.1027914
0.1436587
0.1267588
0.0577473
-0.0039821
-0.0064684
0.0326075
0.0410813
-0.0251873
-0.1282136
-0.1886965
-0.1725562
-0.1191284
-0.0849755
-0.0824987
-0.0866245
-0.0847458
-0.0938794
-0.1257905
-0.1570283
-0.1525931
-0.1159803
-0.0978674
-0.1443362
-0.2424210
-0.3278022
-0.3456946
-0.2950147
-0.2141297
-0.1399098
-0.0906800
-0.0748749
-0.0928117
-0.1249607
-0.1338551
-0.0908645
0.0004131
0.1140797
0.2352461
0.3775231
0.5622376
0.7801152
0.9781907
1.0898448
1.0791586
0.9556477
0.7510764
0.4926883
0.2042952
-0.0744663
-0.2858859
-0.3845111
-0.3753822
-0.3184132
-0.2840370
-0.2957155
-0.3168798
-0.2982772
-0.2336996
-0.1607142
-0.1102449
-0.0722470
-0.0208110
0.0382022
0.0644762
0.0340014
-0.0206102
-0.0371141
0.0063626
0.0603667
0.0542374
-0.0263498
-0.1232079
-0.1671235
-0.1423940
-0.0845883
-0.0295621
0.0161431
0.0571107
0.0839870
0.0819234
0.0572336
0.0395431
0.0514571
0.0831208
0.1043695
0.0996018
0.0821135
0.0726199
0.0740438
0.0768952
0.0837018
0.1126921
0.1712969
0.2351268
0.2638932
0.2396804
0.1867758
0.1536022
0.1741771
0.2412690
0.3115983
0.3395796
0.3146346
0.2719188
0.2650049
0.3204357
0.4126114
0.4843179
0.4984497
0.4726388
0.4592690
0.4885751
0.5354624
0.5464395
0.4948551
0.4024767
0.3092897
0.2339285
0.1707924
0.1188607
0.0980591
0.1273704
0.1902385
0.2346459
0.2178756
0.1498656
0.0836010
0.0593899
0.0643514
0.0513951
-0.0063019
-0.0866061
-0.1431621
-0.1515618
-0.1265062
-0.0963780
-0.0693716
-0.0321766
0.0189042
0.0566988
0.0450148
-0.0168243
-0.0806477
-0.0900687
-0.0363181
0.0297744
0.0446433
-0.0078493
-0.0826307
-0.1189925
-0.0976375
-0.0502345
-0.0158316
0.0021693
0.0290125
0.0748688
0.1119005
0.1023978
0.0454401
-0.0134584
-0.0241394
0.0176205
0.0641862
0.0616100
-0.0005522
-0.0846073
-0.1434020
-0.1562749
-0.1295912
-0.0766350
-0.0098676
0.0502636
0.0754269
0.0520161
0.0032825
-0.0228246
0.0009780
0.0478114
0.0577286
-0.0009761
-0.0954586
-0.1601848
-0.1623239
-0.1260210
-0.0921066
-0.0691656
-0.0376649
0.0050322
0.0262775
-0.0025961
-0.0593704
-0.0844880
-0.0488014
0.0057886
0.0088331
-0.0588659
-0.1436050
-0.1796481
-0.1551720
-0.1066167
-0.0630402
-0.0214490
0.0220786
0.0449843
0.0244652
-0.0193290
-0.0350391
-0.0060117
0.0139586
-0.0461534
-0.1857166
-0.3158465
-0.3421615
-0.2544789
-0.1246153
-0.0266883
0.0205091
0.0355953
0.0297853
0.0023391
-0.0319395
-0.0416167
-0.0171727
0.0058380
-0.0180151
-0.0868601
-0.1460528
-0.1475379
-0.1034335
-0.0667030
-0.0633064
-0.0636934
-0.0314883
0.0150956
0.0145764
-0.0600191
-0.1525327
-0.1719331
-0.0909316
0.0157067
0.0412230
-0.0458916
-0.1710562
-0.2306121
-0.1919958
-0.1114431
-0.0599466
-0.0491909
-0.0388122
-0.0033018
0.0311165
0.0238602
-0.0204960
-0.0498364
-0.0258176
0.0259738
0.0412402
-0.0096342
-0.0875510
-0.1298570
-0.1167960
-0.0783250
-0.0416223
0.0036039
0.0755020
0.1537459
0.1900773
0.1692759
0.1374402
0.1498782
0.1975571
0.2081316
0.1291108
-0.0050806
-0.1055295
-0.1222547
-0.0860665
-0.0557460
-0.0476260
-0.0372019
-0.0170736
-0.0205703
-0.0754721
-0.1546211
-0.1966910
-0.1750931
-0.1279116
-0.1124870
-0.1435061
-0.1880741
-0.2127437
-0.2150285
-0.2050860
-0.1775273
-0.1217392
-0.0540508
-0.0162050
-0.0317273
-0.0763427
-0.1043122
-0.0973495
-0.0728230
-0.0444508
0.0083895
0.1221337
0.3080006
0.5400789
0.7776885
0.9809471
1.0998375
1.0721147
0.8654488
0.5311742
0.1947452
-0.0332091
-0.1418330
-0.2078126
-0.2983014
-0.3977575
-0.4364280
-0.3788464
-0.2671984
-0.1756110
-0.1356574
-0.1182629
-0.0838236
-0.0345192
-0.0085246
-0.0290498
-0.0715779
-0.0864923
-0.0500977
0.0108210
0.0442850
0.0217552
-0.0360495
-0.0796155
-0.0780184
-0.0469600
-0.0276419
-0.0374509
-0.0478303
-0.0183835
0.0490432
0.1018281
0.0908881
0.0292737
-0.0163071
0.0014978
0.0549383
0.0709768
0.0157014
-0.0656203
-0.1001628
-0.0663251
-0.0045223
0.0444891
0.0859018
0.1424523
0.2003098
0.2155762
0.1798577
0.1506532
0.1890558
0.2745360
0.3132411
0.2457920
0.1267862
0.0714380
0.1283278
0.2331985
0.2971109
0.3115917
0.3374213
0.4022468
0.4523561
0.4260721
0.3477268
0.3097855
0.3588477
0.4316332
0.4263411
0.3220579
0.1993593
0.1434529
0.1562487
0.1792272
0.1784652
0.1726317
0.1795416
0.1735758
0.1218619
0.0447451
0.0049005
0.0285123
0.0616134
0.0252527
-0.0937564
-0.2257433
-0.2913282
-0.2740906
-0.2151288
-0.1560054
-0.1090948
-0.0767360
-0.0685276
-0.0830673
-0.0903506
-0.0596796
-0.0071330
0.0069964
-0.0567456
-0.1635873
-0.2327199
-0.2196483
-0.1572427
-0.1088322
-0.0928356
-0.0710681
-0.0123860
0.0511534
0.0509940
-0.0343411
-0.1382875
-0.1640187
-0.0852791
0.0184647
0.0353579
-0.0685285
-0.2143542
-0.2869694
-0.2432965
-0.1415046
-0.0675127
-0.0469862
-0.0401445
-0.0133455
0.0099318
-0.0158456
-0.0857729
-0.1345307
-0.1104131
-0.0441635
-0.0222517
-0.0894889
-0.1960553
-0.2534983
-0.2319208
-0.1814899
-0.1584122
-0.1552256
-0.1243149
-0.0580092
-0.0134469
-0.0436759
-0.1222444
-0.1630237
-0.1195882
-0.0461066
-0.0427969
-0.1449201
-0.2811706
-0.3463143
-0.3032628
-0.2046462
-0.1247417
-0.0906520
-0.0837880
-0.0868373
-0.1044375
-0.1373965
-0.1600169
-0.1432974
-0.0975211
-0.0730191
-0.1075880
-0.1804693
-0.2311622
-0.2235127
-0.1788971
-0.1412490
-0.1226843
-0.0998802
-0.0606274
-0.0321156
-0.0485592
-0.1004828
-0.1370820
-0.1258394
-0.0967193
-0.1124167
-0.1956099
-0.2973919
-0.3425407
-0.2989334
-0.1979485
-0.0969362
-0.0357308
-0.0259685
-0.0597556
-0.1115542
-0.1407675
-0.1169012
-0.0536310
-0.0069003
-0.0232807
-0.0883432
-0.1360484
-0.1146317
-0.0374964
0.0370069
0.0704546
0.0768889
0.0890508
0.1068778
0.0960353
0.0377129
-0.0359813
-0.0698481
-0.0467671
-0.0093183
-0.0138479
-0.0682338
-0.1249615
-0.1379663
-0.1169932
-0.1145136
-0.1593275
-0.2166690
-0.2260741
-0.1748537
-0.1182903
-0.1181977
-0.1702835
-0.2080381
-0.1817706
-0.1204301
-0.1017799
-0.1647433
-0.2664925
-0.3318090
-0.3312504
-0.2958219
-0.2622564
-0.2294363
-0.1809540
-0.1313921
-0.1207088
-0.1575809
-0.1911506
-0.1590840
-0.0568314
0.0617409
0.1564590
0.2532405
0.4060491
0.6138825
0.7989132
0.8763191
0.8312707
0.7125520
0.5605510
0.3670630
0.1150742
-0.1610771
-0.3798250
-0.4811182
-0.4792014
-0.4404513
-0.4163214
-0.4063265
-0.3812171
-0.3269647
-0.2583921
-0.1982438
-0.1562596
-0.1308739
-0.1212976
-0.1288624
-0.1479918
-0.1636016
-0.1623560
-0.1465518
-0.1353581
-0.1503291
-0.1960915
-0.2518314
-0.2823179
-0.2624731
-0.1971313
-0.1193526
-0.0673519
-0.0578325
-0.0765059
-0.0924794
-0.0841965
-0.0561261
-0.0336269
-0.0409836
-0.0803464
-0.1280759
-0.1515901
-0.1337271
-0.0845824
-0.0305381
0.0086949
0.0321539
0.0486143
0.0611948
0.0666419
0.0686677
0.0830846
0.1214740
0.1705092
0.1960249
0.1750195
0.1232759
0.0854878
0.0946388
0.1437068
0.2005458
0.2468096
0.2932875
0.3539638
0.4144129
0.4394078
0.4151668
0.3737167
0.3627668
0.3897993
0.4059272
0.3546459
0.2353221
0.1098762
0.0433935
0.0448012
0.0718065
0.0866153
0.0911326
0.1032773
0.1149092
0.0937601
0.0293429
-0.0404223
-0.0643993
-0.0378794
-0.0132423
-0.0445932
-0.1291098
-0.2114476
-0.2415874
-0.2169951
-0.1680235
-0.1180778
-0.0719327
-0.0361645
-0.0296018
-0.0615134
-0.1081108
-0.1269163
-0.0998291
-0.0548251
-0.0382400
-0.0675832
-0.1168011
-0.1464093
-0.1403234
-0.1100105
-0.0708407
-0.0264928
0.0213141
0.0586544
0.0670194
0.0461156
0.0200713
0.0128376
0.0182090
0.0018156
-0.0610925
-0.1507599
-0.2113683
-0.1987486
-0.1204472
-0.0282938
0.0269669
0.0329568
0.0132751
-0.0026442
-0.0033809
0.0038983
0.0056520
-0.0090212
-0.0445569
-0.0944288
-0.1385757
-0.1525417
-0.1269667
-0.0783842
-0.0357536
-0.0144619
-0.0073486
-0.0031606
-0.0071025
-0.0332636
-0.0758936
-0.0999456
-0.0737590
-0.0131689
0.0182338
-0.0338682
-0.1539493
-0.2603386
-0.2773375
-0.2042865
-0.1095413
-0.0576730
-0.0504552
-0.0431000
-0.0089722
0.0275036
0.0266827
-0.0107571
-0.0410577
-0.0324370
-0.0085674
-0.0235121
-0.0964679
-0.1856122
-0.2315051
-0.2145686
-0.1594197
-0.0935854
-0.0252408
0.0338707
0.0499029
0.0006529
-0.0748164
-0.0922492
-0.0108272
0.1062224
0.1474387
0.0754594
-0.0278384
-0.0534429
0.0137799
0.0916786
0.1129136
0.1037386
0.1289665
0.1840661
0.1880399
0.0943916
-0.0277217
-0.0603261
0.0221196
0.1138565
0.0945331
-0.0384160
-0.1772828
-0.2303397
-0.2072658
-0.1740033
-0.1587888
-0.1362749
-0.0919904
-0.0590557
-0.0712650
-0.1055040
-0.1048863
-0.0582552
-0.0273974
-0.0789046
-0.2027917
-0.3165998
-0.3454350
-0.2825857
-0.1755768
-0.0774583
-0.0227959
-0.0267107
-0.0721911
-0.0950304
-0.0137720
0.1968223
0.4672243
0.6901202
0.8207861
0.9048555
0.9984958
1.0786219
1.0556760
0.8758121
0.5897083
0.3071870
0.0943727
-0.0673067
-0.2229151
-0.3669957
-0.4406691
-0.4004631
-0.2755181
-0.1512098
-0.1008006
-0.1335503
-0.1999968
-0.2386700
-0.2207078
-0.1614973
-0.0985113
-0.0583353
-0.0406825
-0.0298256
-0.0170570
-0.0077922
-0.0071983
-0.0067442
0.0060620
0.0248586
0.0217511
-0.0237340
-0.0959871
-0.1531039
-0.1672518
-0.1470452
-0.1155022
-0.0765646
-0.0186689
0.0499861
0.0903593
0.0735202
0.0258748
0.0120196
0.0628977
0.1335817
0.1487004
0.0879015
0.0107144
-0.0087624
0.0415483
0.1120858
0.1582449
0.1844533
0.2169485
0.2539227
0.2656526
0.2420934
0.2183405
0.2389682
0.3050256
0.3705770
0.3923149
0.3724029
0.3496207
0.3584101
0.4040572
0.4694689
0.5310621
0.5665766
0.5627239
0.5282681
0.4947442
0.4896653
0.5037238
0.4925813
0.4191649
0.2926662
0.1613695
0.0697404
0.0287098
0.0250005
0.0452169
0.0798418
0.1100780
0.1092476
0.0682239
0.0130646
-0.0159799
-0.0071542
0.0078724
-0.0125837
-0.0750219
-0.1444591
-0.1812512
-0.1761863
-0.1464743
-0.1062909
-0.0544788
0.0059019
0.0481211
0.0380362
-0.0249480
-0.0922796
-0.1049162
-0.0529468
0.0081531
0.0082058
-0.0679596
-0.1632291
-0.2023128
-0.1623385
-0.0884504
-0.0415457
-0.0365574
-0.0370646
-0.0077529
0.0384854
0.0545081
0.0178232
-0.0357089
-0.0463007
0.0030415
0.0628667
0.0653547
-0.0073994
-0.1079079
-0.1728805
-0.1794612
-0.1502285
-0.1141188
-0.0775350
-0.0354561
0.0043187
0.0236165
0.0195060
0.0131800
0.0239679
0.0404395
0.0293452
-0.0243262
-0.0951814
-0.1419652
-0.1489358
-0.1332560
-0.1129703
-0.0824998
-0.0310535
0.0226239
0.0341881
-0.0171420
-0.0929948
-0.1258366
-0.0886279
-0.0253795
-0.0057553
-0.0546082
-0.1333619
-0.1853479
-0.1860373
-0.1474536
-0.0913605
-0.0357056
-0.0010295
-0.0053177
-0.0392162
-0.0605938
-0.0360064
0.0108676
0.0111997
-0.0757755
-0.2101744
-0.3061316
-0.3162762
-0.2672161
-0.2104451
-0.1594984
-0.0941085
-0.0149496
0.0378590
0.0358953
0.0126937
0.0339293
0.1135994
0.1827974
0.1608362
0.0505625
-0.0564932
-0.0746666
-0.0101012
0.0576692
0.0698237
0.0452422
0.0402314
0.0693841
0.0867932
0.0474464
-0.0297776
-0.0766290
-0.0531111
0.0014529
0.0044061
-0.0845145
-0.2201563
-0.3165275
-0.3287162
-0.2848494
-0.2405483
-0.2151171
-0.1837085
-0.1278464
-0.0746766
-0.0705380
-0.1193800
-0.1663488
-0.1558114
-0.0994554
-0.0702233
-0.1224627
-0.2286266
-0.3067038
-0.3063210
-0.2534940
-0.2069691
-0.1857772
-0.1554176
-0.0791976
0.0399354
0.1797132
0.3435960
0.5583922
0.8190473
1.0527260
1.1577546
1.0823799
0.8599259
0.5698250
0.2770724
0.0132389
-0.2016694
-0.3448012
-0.4062451
-0.4056192
-0.3774343
-0.3398021
-0.2873004
-0.2169142
-0.1508012
-0.1233325
-0.1467504
-0.1971248
-0.2361874
-0.2419287
-0.2158574
-0.1684595
-0.1088327
-0.0500620
-0.0136853
-0.0160893
-0.0479271
-0.0749495
-0.0682198
-0.0355812
-0.0188158
-0.0544210
-0.1349583
-0.2096695
-0.2249762
-0.1672483
-0.0701350
0.0158816
0.0608414
0.0685553
0.0618581
0.0596125
0.0651834
0.0700927
0.0644080
0.0451973
0.0193082
-0.0001305
-0.0015917
0.0181435
0.0543460
0.1008375
0.1541853
0.2097934
0.2558750
0.2770638
0.2689288
0.2486772
0.2466680
