0.0885591
0.1010740
0.0528611
0.0672835
0.1397386
0.1675697
0.1387174
0.1341644
0.1661529
0.1578084
0.0858722
0.0236951
0.0272103
0.0723990
0.1206664
0.1680635
0.2139368
0.2420714
0.2468244
0.2371076
0.2161087
0.1905956
0.1826791
0.1938113
0.1806481
0.1112170
0.0229513
-0.0216307
-0.0175359
-0.0088001
-0.0137981
-0.0080400
0.0233101
0.0568084
0.0594015
0.0236089
-0.0249754
-0.0456919
-0.0216774
0.0111546
-0.0044548
-0.0763244
-0.1485056
-0.1692099
-0.1443079
-0.1080835
-0.0722873
-0.0292678
0.0164747
0.0469308
0.0525602
0.0408641
0.0287375
0.0290055
0.0328967
0.0086383
-0.0625824
-0.1492696
-0.1905987
-0.1592197
-0.0859054
-0.0215094
0.0065116
0.0007535
-0.0194877
-0.0320717
-0.0288493
-0.0242640
-0.0379801
-0.0704062
-0.1047177
-0.1274606
-0.1360493
-0.1328460
-0.1237067
-0.1154479
-0.1049562
-0.0812405
-0.0485655
-0.0324538
-0.0459525
-0.0629404
-0.0476807
-0.0077783
0.0018439
-0.0658355
-0.1960837
-0.3156981
-0.3532844
-0.3043553
-0.2350081
-0.2101066
-0.2211425
-0.2032248
-0.1239639
-0.0312358
0.0007499
-0.0422357
-0.0979786
-0.0937035
-0.0203227
0.0580724
0.0683468
0.0045424
-0.0647390
-0.0705667
-0.0151405
0.0439707
0.0698521
0.0811397
0.1081410
0.1382030
0.1238355
0.0423672
-0.0644922
-0.1203473
-0.0894332
-0.0192176
0.0038140
-0.0565605
-0.1534233
-0.2161705
-0.2242665
-0.2094761
-0.2026125
-0.2023579
-0.1934105
-0.1733733
-0.1530425
-0.1398138
-0.1303271
-0.1205399
-0.1189908
-0.1427361
-0.1953961
-0.2556014
-0.2964933
-0.3115104
-0.3083955
-0.2834345
-0.2234786
-0.1393767
-0.0775647
-0.0808534
-0.1410140
-0.1996370
-0.1959048
-0.1102699
0.0370866
0.2253790
0.4613389
0.7554508
1.0674267
1.2936499
1.3321124
1.1651676
0.8713717
0.5578019
0.2883724
0.0714806
-0.1037626
-0.2348548
-0.3085794
-0.3265298
-0.3162021
-0.3081852
-0.3052328
-0.2849852
-0.2347923
-0.1718421
-0.1236188
-0.0999704
-0.0929500
-0.0941348
-0.0994472
-0.1013503
-0.0899604
-0.0666342
-0.0514412
-0.0709191
-0.1331034
-0.2123395
-0.2641565
-0.2629223
-0.2237999
-0.1818162
-0.1528933
-0.1249053
-0.0846373
-0.0396832
-0.0083507
0.0030423
0.0048890
0.0085949
0.0110578
-0.0028513
-0.0406126
-0.0863043
-0.1111988
-0.1027531
-0.0752652
-0.0462334
-0.0116920
0.0424534
0.1084228
0.1511798
0.1420833
0.0927867
0.0491278
0.0487276
0.0846674
0.1144143
0.1082492
0.0847996
0.0898077
0.1407994
0.2052007
0.2385236
0.2336983
0.2227547
0.2350276
0.2648356
0.2822318
0.2688143
0.2365008
0.2091904
0.1902458
0.1570387
0.0913042
0.0064342
-0.0641288
-0.0999866
-0.1047428
-0.0893194
-0.0612673
-0.0335461
-0.0264585
-0.0462123
-0.0675557
-0.0543203
-0.0044534
0.0336670
0.0037818
-0.0943587
-0.1931212
-0.2207121
-0.1735595
-0.1120103
-0.0852559
-0.0807565
-0.0583645
-0.0151106
0.0094454
-0.0101269
-0.0483063
-0.0621574
-0.0495490
-0.0543253
-0.1088957
-0.1847597
-0.2153819
-0.1688922
-0.0844463
-0.0281242
-0.0233847
-0.0394698
-0.0420640
-0.0332547
-0.0340576
-0.0455717
-0.0470192
-0.0306952
-0.0229203
-0.0595204
-0.1419596
-0.2259707
-0.2603454
-0.2359990
-0.1900388
-0.1604915
-0.1468561
-0.1226968
-0.0788052
-0.0389432
-0.0303680
-0.0495720
-0.0658499
-0.0574094
-0.0380008
-0.0432869
-0.0900244
-0.1528645
-0.1869201
-0.1720120
-0.1282341
-0.0887425
-0.0676350
-0.0588543
-0.0551952
-0.0550643
-0.0524229
-0.0330592
0.0111022
0.0662818
0.1019526
0.0965830
0.0589637
0.0205755
0.0049491
0.0085873
0.0152481
0.0219622
0.0398305
0.0695081
0.0886037
0.0728438
0.0271742
-0.0120927
-0.0115547
0.0210519
0.0355141
-0.0169694
-0.1338092
-0.2574550
-0.3251781
-0.3201025
-0.2720643
-0.2180255
-0.1735433
-0.1395552
-0.1191346
-0.1153050
-0.1186278
-0.1126747
-0.0991350
-0.1089132
-0.1729206
-0.2769998
-0.3580011
-0.3588456
-0.2859603
-0.2009869
-0.1563206
-0.1520176
-0.1572006
-0.1517751
-0.1265136
-0.0503261
0.1328425
0.4531762
0.8614868
1.2377616
1.4619345
1.4824160
1.3259469
1.0579771
0.7453326
0.4469309
0.2107596
0.0569812
-0.0325250
-0.0918057
-0.1344515
-0.1482859
-0.1276127
-0.0985828
-0.1018146
-0.1514896
-0.2192037
-0.2615197
-0.2610113
-0.2364915
-0.2130293
-0.1887168
-0.1399072
-0.0600280
0.0170780
0.0433534
0.0074779
-0.0464830
-0.0579152
-0.0107328
0.0453510
0.0408165
-0.0409364
-0.1399026
-0.1757658
-0.1270384
-0.0461633
0.0033039
0.0105584
0.0105889
0.0264176
0.0397633
0.0244598
-0.0077882
-0.0147154
0.0222125
0.0678429
0.0718242
0.0305907
-0.0069690
0.0013739
0.0446463
0.0836384
0.1071715
0.1391420
0.1906560
0.2320971
0.2303448
0.2005248
0.1963433
0.2443288
0.3051587
0.3150728
0.2594846
0.1887972
0.1587816
0.1725522
0.1944464
0.2077581
0.2328727
0.2846176
0.3361499
0.3451728
0.3070010
0.2604836
0.2383373
0.2275406
0.1890421
0.1083675
0.0137906
-0.0551284
-0.0844913
-0.0850491
-0.0651833
-0.0225340
0.0346849
0.0751148
0.0695224
0.0257605
-0.0155207
-0.0239768
-0.0098047
-0.0065397
-0.0308169
-0.0663061
-0.0843847
-0.0726922
-0.0411544
-0.0056808
0.0268448
0.0562327
0.0782850
0.0841608
0.0709326
0.0469279
0.0238418
0.0072418
-0.0032742
-0.0097212
-0.0159869
-0.0284698
-0.0498455
-0.0723058
-0.0819968
-0.0720428
-0.0490401
-0.0258695
-0.0102792
-0.0021503
0.0000454
-0.0048860
-0.0152362
-0.0204211
-0.0098410
0.0084794
0.0064135
-0.0364326
-0.1044566
-0.1554540
-0.1613876
-0.1330187
-0.1009018
-0.0802712
-0.0634170
-0.0424179
-0.0257139
-0.0251056
-0.0341436
-0.0331097
-0.0187086
-0.0168859
-0.0534203
-0.1152044
-0.1561372
-0.1472553
-0.1091236
-0.0834143
-0.0798184
-0.0669402
-0.0171450
0.0546106
0.1073462
0.1226512
0.1229103
0.1376410
0.1619840
0.1599660
0.1083038
0.0265672
-0.0413138
-0.0681850
-0.0589042
-0.0315672
0.0017669
0.0335047
0.0539575
0.0581113
0.0541128
0.0529049
0.0471682
0.0102193
-0.0749133
-0.1861668
-0.2706720
-0.2890065
-0.2502889
-0.1989186
-0.1681132
-0.1541906
-0.1381191
-0.1205511
-0.1222645
-0.1514772
-0.1847397
-0.1894408
-0.1611062
-0.1295652
-0.1262370
-0.1510385
-0.1766718
-0.1824713
-0.1743612
-0.1659555
-0.1467667
-0.0812476
0.0581510
0.2658705
0.5160796
0.7911774
1.0832166
1.3640430
1.5657916
1.6077305
1.4543702
1.1509887
0.7992497
0.4921692
0.2662904
0.1082388
-0.0041349
-0.0749476
-0.0991535
-0.0839888
-0.0520551
-0.0247373
-0.0091416
-0.0037851
-0.0125759
-0.0454963
-0.1018496
-0.1583220
-0.1840287
-0.1708896
-0.1414501
-0.1196038
-0.0996370
-0.0570006
0.0089958
0.0580037
0.0485101
-0.0075866
-0.0469017
-0.0233036
0.0313310
0.0328384
-0.0603829
-0.1896279
-0.2488635
-0.1939335
-0.0830413
-0.0039019
0.0213331
0.0408800
0.0930671
0.1506453
0.1597414
0.1169426
0.0794776
0.0931988
0.1325594
0.1327422
0.0737769
0.0078207
-0.0041324
0.0389940
0.0914007
0.1276167
0.1659033
0.2204865
0.2618929
0.2525888
0.2111455
0.2065279
0.2741860
0.3586680
0.3661655
0.2730069
0.1586865
0.1200998
0.1695279
0.2361855
0.2584473
0.2451862
0.2381684
0.2423844
0.2237757
0.1694250
0.1163695
0.1030592
0.1099228
0.0756471
-0.0238784
-0.1336529
-0.1730740
-0.1243501
-0.0492799
-0.0147368
-0.0192412
-0.0091144
0.0416175
0.0921194
0.0854943
0.0228407
-0.0343611
-0.0375684
-0.0101561
-0.0193687
-0.0936247
-0.1835305
-0.2136120
-0.1641348
-0.0873714
-0.0430561
-0.0347742
-0.0223197
0.0142183
0.0457473
0.0359598
-0.0057191
-0.0324164
-0.0196730
0.0013066
-0.0178949
-0.0798345
-0.1341837
-0.1376103
-0.1050320
-0.0859178
-0.0962510
-0.0967056
-0.0490173
0.0213974
0.0418638
-0.0244971
-0.1277153
-0.1770728
-0.1363379
-0.0619829
-0.0421333
-0.1047238
-0.1944768
-0.2373895
-0.2148888
-0.1681697
-0.1406803
-0.1335865
-0.1205313
-0.0910005
-0.0639867
-0.0598507
-0.0717508
-0.0742954
-0.0578571
-0.0450922
-0.0682452
-0.1331997
-0.2114079
-0.2663302
-0.2811444
-0.2589664
-0.2057118
-0.1247317
-0.0286778
0.0547342
0.0989313
0.1006535
0.0806793
0.0607903
0.0441646
0.0220783
-0.0044217
-0.0197252
-0.0147756
-0.0045093
-0.0123845
-0.0378720
-0.0521025
-0.0339599
-0.0028945
-0.0029613
-0.0530415
-0.1236739
-0.1705813
-0.1851632
-0.2003732
-0.2447251
-0.3013791
-0.3236784
-0.2889564
-0.2252698
-0.1801251
-0.1715182
-0.1787398
-0.1758867
-0.1604828
-0.1458555
-0.1379541
-0.1322259
-0.1305919
-0.1479108
-0.1937037
-0.2529961
-0.2959377
-0.3089600
-0.3080729
-0.3130432
-0.3116400
-0.2609539
-0.1292639
0.0710944
0.3015466
0.5438677
0.8136731
1.1164580
1.3954764
1.5418380
1.4743423
1.2151104
0.8801357
0.5877702
0.3753344
0.2049085
0.0402390
-0.0993501
-0.1670267
-0.1560154
-0.1193025
-0.1164243
-0.1521014
-0.1802013
-0.1665900
-0.1339210
-0.1346988
-0.1865468
-0.2484317
-0.2649765
-0.2240739
-0.1621696
-0.1193781
-0.1025941
-0.0933806
-0.0779541
-0.0585048
-0.0407846
-0.0244958
-0.0105475
-0.0093460
-0.0327727
-0.0788441
-0.1308996
-0.1725908
-0.1969006
-0.1981471
-0.1653315
-0.0956893
-0.0128083
0.0435212
0.0543411
0.0417184
0.0422640
0.0630215
0.0743345
0.0491877
0.0000301
-0.0321998
-0.0220012
0.0179088
0.0594077
0.0937319
0.1328079
0.1794597
0.2114652
0.2051578
0.1692981
0.1433173
0.1579831
0.2032958
0.2393854
0.2363024
0.1997016
0.1601887
0.1435996
0.1534382
0.1768924
0.2001796
0.2153269
0.2173685
0.2033711
0.1771849
0.1501184
0.1303067
0.1103370
0.0696686
-0.0061855
-0.1072355
-0.2005846
-0.2528318
-0.2537841
-0.2196891
-0.1739859
-0.1269623
-0.0764370
-0.0258485
0.0067076
0.0047503
-0.0224618
-0.0408261
-0.0242409
0.0138731
0.0293241
-0.0068693
-0.0739878
-0.1202545
-0.1167359
-0.0846196
-0.0637320
-0.0624770
-0.0532010
-0.0180702
0.0171198
0.0104102
-0.0388759
-0.0782339
-0.0587438
0.0033687
0.0367772
-0.0089258
-0.1065375
-0.1789354
-0.1785149
-0.1280180
-0.0826478
-0.0664885
-0.0583675
-0.0336930
-0.0015466
0.0086848
-0.0121872
-0.0409350
-0.0526460
-0.0526963
-0.0683597
-0.1119200
-0.1633539
-0.1932402
-0.1935104
-0.1766191
-0.1505335
-0.1102288
-0.0583701
-0.0199302
-0.0200197
-0.0488996
-0.0652243
-0.0436255
-0.0111075
-0.0226638
-0.0990815
-0.1989177
-0.2577813
-0.2483358
-0.1938447
-0.1298834
-0.0697129
-0.0116298
0.0367999
0.0608805
0.0629552
0.0661315
0.0844374
0.0996000
0.0817843
0.0322241
-0.0090774
-0.0066436
0.0266319
0.0413607
0.0093903
-0.0402673
-0.0518855
-0.0064544
0.0545836
0.0718873
0.0280713
-0.0409479
-0.0913395
-0.1190573
-0.1570180
-0.2284272
-0.3120083
-0.3599799
-0.3483835
-0.3014479
-0.2619857
-0.2441283
-0.2254883
-0.1860526
-0.1418875
-0.1284942
-0.1541716
-0.1846594
-0.1825802
-0.1545426
-0.1453723
-0.1833277
-0.2434715
-0.2764687
-0.2679793
-0.2528809
-0.2641192
-0.2797694
-0.2361703
-0.0926537
0.1306536
0.3846791
0.6467301
0.9249294
1.2054882
1.4146439
1.4558633
1.2930874
0.9905661
0.6634804
0.3907766
0.1784680
-0.0013618
-0.1539197
-0.2526951
-0.2771160
-0.2432976
-0.1925490
-0.1567519
-0.1411713
-0.1369507
-0.1409845
-0.1599424
-0.1993300
-0.2532175
-0.3032901
-0.3250727
-0.2990301
-0.2252460
-0.1317749
-0.0618530
-0.0423592
-0.0616481
-0.0828231
-0.0819520
-0.0708649
-0.0798784
-0.1208029
-0.1719075
-0.1998931
-0.1920250
-0.1628586
-0.1321415
-0.1038273
-0.0714052
-0.0391099
-0.0269929
-0.0483497
-0.0859965
-0.1009372
-0.0708148
-0.0174039
0.0108632
-0.0126998
-0.0642817
-0.0925811
-0.0695978
-0.0143973
0.0335991
0.0575461
0.0728241
0.0981449
0.1294539
0.1489255
0.1522981
0.1548126
0.1674157
0.1764584
0.1564446
0.1020806
0.0397974
0.0036677
0.0043490
0.0268228
0.0551269
0.0891428
0.1322855
0.1704147
0.1759842
0.1383207
0.0831252
0.0514678
0.0555580
0.0606844
0.0192082
-0.0750572
-0.1716853
-0.2091878
-0.1754304
-0.1167978
-0.0855751
-0.0860437
-0.0814007
-0.0501734
-0.0197505
-0.0327727
-0.0876642
-0.1310871
-0.1178724
-0.0672770
-0.0437981
-0.0823130
-0.1479541
-0.1791332
-0.1584775
-0.1238219
-0.1115791
-0.1114966
-0.0909438
-0.0494063
-0.0235518
-0.0346343
-0.0537873
-0.0392200
0.0010455
0.0086502
-0.0549874
-0.1562254
-0.2242031
-0.2294822
-0.2054941
-0.1900856
-0.1723026
-0.1188962
-0.0400017
0.0054865
-0.0183494
-0.0714363
-0.0832047
-0.0457638
-0.0326863
-0.1106220
-0.2495774
-0.3450138
-0.3282488
-0.2342383
-0.1519311
-0.1259898
-0.1275614
-0.1139923
-0.0882943
-0.0850276
-0.1142728
-0.1450116
-0.1470655
-0.1308323
-0.1322512
-0.1661953
-0.2091887
-0.2279356
-0.2111776
-0.1671413
-0.1020393
-0.0179582
0.0683505
0.1228554
0.1253331
0.0987713
0.0920139
0.1255338
0.1620675
0.1423565
0.0514822
-0.0581033
-0.1155153
-0.1010719
-0.0615069
-0.0551865
-0.0882989
-0.1117244
-0.0803586
-0.0078883
0.0439201
0.0293035
-0.0348986
-0.0909576
-0.1051096
-0.1027137
-0.1346549
-0.2138008
-0.2944301
-0.3182161
-0.2738357
-0.2030541
-0.1508113
-0.1220522
-0.0947825
-0.0654319
-0.0624260
-0.1076857
-0.1769127
-0.2153883
-0.1966603
-0.1541874
-0.1453430
-0.1887800
-0.2481671
-0.2774485
-0.2683711
-0.2433145
-0.2092198
-0.1361353
0.0125533
0.2394093
0.5121553
0.7952831
1.0638721
1.2811708
1.3822555
1.3073161
1.0608409
0.7259201
0.4060978
0.1530550
-0.0429606
-0.1995472
-0.3006108
-0.3196112
-0.2702615
-0.2094475
-0.1818483
-0.1764735
-0.1531821
-0.1063711
-0.0826781
-0.1268469
-0.2215593
-0.2957587
-0.2924954
-0.2186596
-0.1272036
-0.0634441
-0.0374785
-0.0382384
-0.0541548
-0.0742213
-0.0839103
-0.0766927
-0.0682697
-0.0849374
-0.1304201
-0.1720656
-0.1706201
-0.1230742
-0.0669050
-0.0384485
-0.0345360
-0.0230614
0.0121539
0.0489150
0.0548741
0.0312800
0.0169511
0.0446086
0.0994941
0.1297889
0.1001909
0.0307533
-0.0216846
-0.0196215
0.0217520
0.0582103
0.0680542
0.0727342
0.1050324
0.1648897
0.2169702
0.2330169
0.2262639
0.2334594
0.2651735
0.2875013
0.2619003
0.1960962
0.1410630
0.1345288
0.1603386
0.1750224
0.1666664
0.1673742
0.2005015
0.2333515
0.2056760
0.1069031
0.0037035
-0.0272942
0.0118427
0.0385245
-0.0168914
-0.1295636
-0.2063567
-0.1886370
-0.1117469
-0.0563820
-0.0558226
