-0.2382668
-0.1386789
-0.0472130
-0.2128747
-0.4953885
-0.5550912
-0.3452694
-0.1361165
-0.1065916
-0.1678377
-0.1818296
-0.1355277
-0.0728366
-0.0213408
-0.0164377
-0.0745674
-0.1289647
-0.0943282
0.0042359
0.0552082
0.0014079
-0.1230560
-0.2697391
-0.4024679
-0.4702299
-0.4432233
-0.3700056
-0.3304177
-0.3395203
-0.3487694
-0.3219342
-0.2640546
-0.2034179
-0.1876852
-0.2610971
-0.3972348
-0.4890783
-0.4559684
-0.3350330
-0.2281731
-0.1883887
-0.1945138
-0.2059043
-0.2014368
-0.1844277
-0.1779356
-0.1999207
-0.2326660
-0.2436732
-0.2408850
-0.2666911
-0.3267633
-0.3689443
-0.3514220
-0.2941007
-0.2429608
-0.2152585
-0.1977475
-0.1738127
-0.1388069
-0.1062313
-0.1007442
-0.1266482
-0.1510135
-0.1428615
-0.1180836
-0.1146649
-0.1334386
-0.1387140
-0.1129850
-0.0769663
-0.0549101
-0.0475596
-0.0405172
-0.0196199
0.0180616
0.0519122
0.0453994
-0.0165251
-0.1056882
-0.1783570
-0.2122974
-0.2086790
-0.1799948
-0.1512387
-0.1500266
-0.1748735
-0.1901887
-0.1704877
-0.1335784
-0.1135536
-0.1163040
-0.1191664
-0.1051600
-0.0851502
-0.0906571
-0.1450966
-0.2314837
-0.2937027
-0.2890103
-0.2365684
-0.1923398
-0.1785733
-0.1643417
-0.1178180
-0.0499458
0.0049367
0.0340510
0.0617196
0.1285937
0.2559273
0.4206926
0.5682891
0.6577639
0.6872055
0.6681026
0.5942299
0.4580934
0.2867344
0.1341702
0.0359021
-0.0139913
-0.0402495
-0.0526332
-0.0374651
0.0181821
0.0909355
0.1187612
0.0563654
-0.0642248
-0.1533454
-0.1556145
-0.1015638
-0.0553648
-0.0355812
-0.0125065
0.0300235
0.0623528
0.0475921
-0.0031342
-0.0323733
-0.0016177
0.0534557
0.0550507
-0.0207278
-0.1031647
-0.1058392
-0.0301455
0.0422889
0.0541576
0.0316374
0.0305326
0.0585839
0.0790775
0.0774263
0.0921165
0.1655152
0.2750781
0.3373091
0.2962665
0.1976375
0.1483911
0.1991926
0.2943482
0.3520607
0.3660980
0.3980330
0.4830291
0.5799398
0.6228668
0.5993594
0.5602804
0.5566582
0.5807975
0.5807387
0.5316536
0.4754569
0.4738429
0.5321960
0.5939935
0.6103661
0.5896782
0.5688849
0.5584153
0.5356145
0.4845100
0.4229971
0.3837307
0.3716564
0.3483644
0.2704826
0.1484037
0.0530238
0.0476550
0.1181777
0.1869358
0.1950465
0.1564007
0.1291197
0.1483831
0.1953534
0.2258229
0.2203339
0.2002029
0.1927478
0.1909606
0.1642183
0.1077598
0.0583856
0.0490166
0.0662165
0.0721906
0.0579435
0.0517819
0.0759669
0.1158691
0.1423957
0.1539847
0.1791698
0.2307244
0.2679912
0.2262218
0.0929533
-0.0606776
-0.1436378
-0.1325503
-0.0767985
-0.0250458
0.0216189
0.0762449
0.1188213
0.1130756
0.0628271
0.0229897
0.0409913
0.0977598
0.1238654
0.0779705
-0.0048755
-0.0565093
-0.0559826
-0.0401800
-0.0334511
-0.0037984
0.0825945
0.1861793
0.2187085
0.1513283
0.0643123
0.0619165
0.1474075
0.2096020
0.1445152
-0.0230366
-0.1581126
-0.1561255
-0.0447475
0.0654373
0.1099062
0.1190168
0.1454335
0.1860493
0.1995774
0.1760519
0.1518389
0.1540294
0.1573048
0.1141037
0.0203596
-0.0665912
-0.0839029
-0.0287799
0.0450440
0.0936030
0.1244865
0.1619412
0.1921804
0.1742947
0.1057921
0.0485016
0.0690460
0.1597000
0.2337074
0.2065599
0.0822271
-0.0441548
-0.0739702
0.0030923
0.1073543
0.1561234
0.1418399
0.1215173
0.1436458
0.2006541
0.2503903
0.2698294
0.2780453
0.3048017
0.3407187
0.3305865
0.2292995
0.0624483
-0.0847206
-0.1458231
-0.1312337
-0.1027447
-0.1040406
-0.1298906
-0.1564282
-0.1799711
-0.2135038
-0.2531575
-0.2690533
-0.2437860
-0.2121646
-0.2388007
-0.3443493
-0.4689198
-0.5272032
-0.4948358
-0.4243029
-0.3800763
-0.3794897
-0.4016265
-0.4308529
-0.4689369
-0.5076232
-0.5108965
-0.4411344
-0.3021722
-0.1428383
-0.0073669
0.1116484
0.2562966
0.4377011
0.6012575
0.6661875
0.5941860
0.4168348
0.2080752
0.0390755
-0.0528635
-0.0746121
-0.0667219
-0.0749266
-0.1194742
-0.1842251
-0.2338722
-0.2458868
-0.2298036
-0.2132539
-0.2067044
-0.1886734
-0.1343864
-0.0544296
0.0082364
0.0218721
-0.0039903
-0.0366623
-0.0597936
-0.0861291
-0.1323076
-0.1880587
-0.2173232
-0.1942841
-0.1356490
-0.0878655
-0.0783821
-0.0881801
-0.0804321
-0.0490730
-0.0259504
-0.0398803
-0.0804948
-0.1099293
-0.1067256
-0.0905925
-0.0985050
-0.1368969
-0.1657704
-0.1388694
-0.0567097
0.0313674
0.0791038
0.0856913
0.0820623
0.0884537
0.0995141
0.1074054
0.1239020
0.1698964
0.2447925
0.3140283
0.3349490
0.2983006
0.2404729
0.2107920
0.2292597
0.2788904
0.3320955
0.3743509
0.4041491
0.4220459
0.4260734
0.4141066
0.3867081
0.3472650
0.2984923
0.2391634
0.1692355
0.1003174
0.0529140
0.0346058
0.0256704
-0.0013842
-0.0459449
-0.0735548
-0.0547553
-0.0063897
0.0168577
-0.0204251
-0.0902692
-0.1274907
-0.1053331
-0.0719708
-0.0958359
-0.1806061
-0.2563122
-0.2597864
-0.2030024
-0.1467166
-0.1223260
-0.1057790
-0.0685610
-0.0273793
-0.0230710
-0.0602020
-0.0943612
-0.0907511
-0.0774493
-0.1151316
-0.2141064
-0.3076362
-0.3237876
-0.2674439
-0.2080068
-0.1922178
-0.1963184
-0.1721334
-0.1174456
-0.0792508
-0.0941866
-0.1477067
-0.1993840
-0.2331940
-0.2648391
-0.3018466
-0.3188580
-0.2890276
-0.2294589
-0.1912484
-0.1991546
-0.2208553
-0.2104636
-0.1699761
-0.1465565
-0.1688531
-0.2055293
-0.2005760
-0.1440003
-0.0923096
-0.1104954
-0.1984945
-0.2860403
-0.3034747
-0.2486417
-0.1768166
-0.1341813
-0.1176917
-0.1003203
-0.0760749
-0.0639611
-0.0725734
-0.0789324
-0.0546148
-0.0096931
0.0039810
-0.0538699
-0.1579172
-0.2321755
-0.2272070
-0.1714786
-0.1328454
-0.1366098
-0.1421545
-0.1044600
-0.0376811
0.0022771
-0.0080242
-0.0280416
-0.0099448
0.0279747
0.0126495
-0.0909992
-0.2216267
-0.2802657
-0.2403135
-0.1713861
-0.1485592
-0.1660421
-0.1622379
-0.1119567
-0.0591122
-0.0534517
-0.0846457
-0.1024479
-0.0899101
-0.0866280
-0.1305465
-0.1993254
-0.2328974
-0.2065485
-0.1537566
-0.1104606
-0.0660174
0.0052644
0.0815201
0.1021667
0.0482966
-0.0180123
-0.0232130
0.0199501
0.0157298
-0.1031413
-0.2866356
-0.4100921
-0.4011970
-0.3056239
-0.2232533
-0.2008153
-0.2056777
-0.1905923
-0.1502715
-0.1057121
-0.0631604
-0.0181256
0.0097000
-0.0203456
-0.1168258
-0.2233719
-0.2615548
-0.2099790
-0.1282752
-0.0933397
-0.1162962
-0.1332609
-0.0799178
0.0360522
0.1470549
0.2062047
0.2441333
0.3397558
0.5360538
0.7846843
0.9719365
1.0037623
0.8755206
0.6651243
0.4597109
0.2913090
0.1436427
0.0090102
-0.0818297
-0.0940132
-0.0400934
0.0209545
0.0413995
0.0314374
0.0371318
0.0743365
0.1007042
0.0653304
-0.0220913
-0.0908831
-0.0828793
-0.0115362
0.0625237
0.1026760
0.1246540
0.1567103
0.1944232
0.2108632
0.2024453
0.2019400
0.2349270
0.2755147
0.2666210
0.1898443
0.0988413
0.0672074
0.1093660
0.1712855
0.2006033
0.2052117
0.2285051
0.2806661
0.3200825
0.3087407
0.2665146
0.2504618
0.2835842
0.3257970
0.3275470
0.2975016
0.2936922
0.3479801
0.4250387
0.4714861
0.4870010
0.5191331
0.5904389
0.6609803
0.6797303
0.6551388
0.6476635
0.6912720
0.7464304
0.7479972
0.6887533
0.6320120
0.6368235
0.6905153
0.7308664
0.7226679
0.6887528
0.6654295
0.6527344
0.6242910
0.5709723
0.5112917
0.4587152
0.3993706
0.3146090
0.2164695
0.1450941
0.1282250
0.1533014
0.1862220
0.2101741
0.2337173
0.2619383
0.2763553
0.2553852
0.2073095
0.1676774
0.1610401
0.1743654
0.1732177
0.1391916
0.0869062
0.0473854
0.0399727
0.0604477
0.0917872
0.1217387
0.1486076
0.1731021
0.1897895
0.1895796
0.1705151
0.1452561
0.1354005
0.1517840
0.1749619
0.1604756
0.0768209
-0.0555980
-0.1704001
-0.2086339
-0.1663769
-0.0876849
-0.0172208
0.0307856
0.0601528
0.0677516
0.0464585
0.0089928
-0.0115442
0.0006822
0.0146387
-0.0185858
-0.1017343
-0.1745251
-0.1772241
-0.1215180
-0.0760919
-0.0806087
-0.0979847
-0.0686254
0.0025312
0.0408207
-0.0101220
-0.1163918
-0.1906746
-0.1955496
-0.1858883
-0.2369220
-0.3468787
-0.4344498
-0.4322335
-0.3607759
-0.2993241
-0.2987433
-0.3407288
-0.3753165
-0.3756156
-0.3488829
-0.3124684
-0.2794620
-0.2665324
-0.2960426
-0.3752271
-0.4768815
-0.5541807
-0.5797852
-0.5634820
-0.5273219
-0.4731380
-0.3867232
-0.2707464
-0.1578251
-0.0831571
-0.0519954
-0.0433090
-0.0418797
-0.0549791
-0.0922515
-0.1369187
-0.1500993
-0.1099876
-0.0408510
0.0075093
0.0114194
-0.0037623
0.0016888
0.0309115
0.0458852
0.0154812
-0.0426978
-0.0796472
-0.0745622
-0.0672498
-0.1198403
-0.2436105
-0.3726624
-0.4213280
-0.3688749
-0.2794646
-0.2348279
-0.2545525
-0.2899125
-0.2903786
-0.2613955
-0.2490454
-0.2759675
-0.3086147
-0.2966956
-0.2387091
-0.1944602
-0.2263179
-0.3342082
-0.4551527
-0.5223323
-0.5168020
-0.4667692
-0.4135665
-0.3862396
-0.3953821
-0.4301316
-0.4556066
-0.4292430
-0.3399452
-0.2357215
-0.1985558
-0.2743970
-0.4231208
-0.5453810
-0.5662676
-0.4935069
-0.3955022
-0.3308181
-0.3051856
-0.2901054
-0.2675186
-0.2471273
-0.2446992
-0.2549533
-0.2533713
-0.2230879
-0.1714837
-0.1132395
-0.0398918
0.0818890
0.2711850
0.4910774
0.6534478
0.6759151
0.5438098
0.3221189
0.1068598
-0.0401338
-0.1171221
-0.1558880
-0.1812823
-0.1994152
-0.2130790
-0.2298345
-0.2467377
-0.2361732
-0.1627899
-0.0238958
0.1283690
0.2136970
0.1827898
0.0572079
-0.0882194
-0.1856955
-0.2227183
-0.2373885
-0.2717350
-0.3299168
-0.3770551
-0.3747266
-0.3184141
-0.2425415
-0.1886249
-0.1682424
-0.1593883
-0.1388293
-0.1106485
-0.0951016
-0.0926507
-0.0737876
-0.0164503
0.0510356
0.0628187
-0.0142449
-0.1279469
-0.1767493
-0.1088399
0.0234975
0.1206731
0.1417373
0.1369081
0.1727277
0.2469036
0.2983914
0.2942977
0.2776346
0.3123083
0.3956919
0.4535339
0.4292514
0.3585747
0.3351105
0.4066562
0.5271249
0.6175508
0.6549316
0.6810412
0.7317701
0.7854297
0.7944032
0.7527945
0.7091399
0.7062585
0.7225887
0.6885320
0.5626150
0.3825323
0.2349364
0.1784624
0.2017063
0.2521607
0.2929948
0.3233163
0.3499213
0.3563091
0.3126888
0.2169317
0.1151344
0.0696510
0.1024764
0.1740513
0.2206643
0.2082844
0.1463000
0.0582813
-0.0427066
-0.1444768
-0.2181940
-0.2325834
-0.1910307
-0.1415109
-0.1360587
-0.1803083
-0.2312495
-0.2461357
-0.2248728
-0.1991927
-0.1899074
-0.1892894
-0.1845305
-0.1812152
-0.1923472
-0.2135543
-0.2246727
-0.2151948
-0.1938721
-0.1683494
-0.1292862
-0.0688538
-0.0085401
0.0126814
-0.0120659
-0.0339834
0.0041015
0.0948586
0.1603648
0.1343351
0.0422197
-0.0199159
0.0108172
0.0980061
0.1536356
0.1383919
0.0936770
0.0740025
0.0721323
0.0340292
-0.0560692
-0.1321534
-0.1091865
0.0144279
0.1378336
0.1548906
0.0652537
-0.0242328
-0.0120047
0.0927062
0.1833683
0.1707150
0.0730532
-0.0130854
-0.0250618
-0.0019856
-0.0327081
-0.1450156
-0.2639862
-0.2866176
-0.1862324
-0.0316360
0.0887704
0.1420057
0.1474505
0.1244240
0.0710192
-0.0058952
-0.0695010
-0.0864586
-0.0739419
-0.0867224
-0.1474164
-0.2080319
-0.2008223
-0.1212599
-0.0387651
-0.0198494
-0.0584110
-0.0948190
-0.0906355
-0.0626535
-0.0440856
-0.0367800
-0.0190853
0.0102977
0.0201820
-0.0155214
-0.0840340
-0.1497587
-0.1943583
-0.2241134
-0.2406798
-0.2273924
-0.1772860
-0.1191183
-0.0916635
-0.0911989
-0.0667441
0.0168525
0.1210581
0.1595641
0.0881066
-0.0433598
-0.1386468
-0.1509973
-0.1210215
-0.1213841
-0.1773817
-0.2484846
-0.2757599
-0.2309761
-0.1225614
0.0225838
0.1648279
0.2488818
0.2233424
0.0833788
-0.1077879
-0.2547594
-0.2992939
-0.2580013
-0.1930567
-0.1501823
-0.1287148
-0.1065769
-0.0799849
-0.0677764
-0.0803002
-0.0976991
-0.0883267
-0.0463717
-0.0030032
0.0043739
-0.0281081
-0.0656739
-0.0696777
-0.0329753
0.0232183
0.0845824
0.1665472
0.2954765
0.4701463
0.6508012
0.7907956
0.8738784
0.9116471
0.9039683
0.8153654
0.6090661
0.3112726
0.0285552
-0.1209832
-0.1065571
-0.0120371
0.0422774
0.0054519
-0.0772852
-0.1334474
-0.1408648
-0.1294580
-0.1224876
-0.1038327
-0.0545310
-0.0041432
-0.0195042
-0.1356928
-0.3125723
-0.4701379
-0.5577363
-0.5771591
-0.5497728
-0.4903417
-0.4243748
-0.4057636
-0.4808627
-0.6268515
-0.7497641
-0.7674867
-0.6931868
-0.6218280
-0.6334440
-0.7236582
-0.8305485
-0.9044362
-0.9266905
-0.8729444
-0.7028516
-0.4161429
-0.1026021
0.1036283
0.1393719
0.0715236
0.0272315
0.0688616
0.1474628
0.1733988
0.1146086
0.0204110
-0.0335855
-0.0066311
0.0916184
0.2196780
0.3279279
0.3833404
0.3948789
0.4132256
0.4831631
0.5835119
0.6260896
0.5335103
0.3223581
0.0994031
-0.0317053
-0.0576047
-0.0482126
-0.0710364
-0.1226985
-0.1453055
-0.0991987
-0.0090573
0.0612680
0.0710967
0.0350145
-0.0040838
-0.0268936
-0.0571021
-0.1271533
-0.2279978
-0.3015435
-0.2914389
-0.2015151
-0.0963497
-0.0392470
-0.0339403
-0.0324488
0.0054064
0.0724016
0.1339329
0.1705436
0.1844505
0.1702092
0.1043355
-0.0192878
-0.1550398
-0.2316808
-0.2217449
-0.1701242
-0.1388006
-0.1308346
-0.0896146
0.0221795
0.1626927
0.2486680
0.2468243
0.2051125
0.1843355
0.1765280
0.1144866
-0.0372378
-0.2227361
-0.3418037
-0.3481424
-0.2834276
-0.2156014
-0.1667343
-0.1175710
-0.0668278
-0.0513427
-0.0932545
-0.1493892
-0.1453691
-0.0657783
0.0135630
0.0050745
-0.0847025
-0.1509821
-0.1012534
0.0431951
0.1686805
0.1839200
0.0971320
-0.0183824
-0.1104950
-0.1824660
-0.2540266
-0.3171311
-0.3415762
-0.3098038
-0.2313777
-0.1310308
-0.0406068
-0.0007123
-0.0432784
-0.1511437
-0.2456791
-0.2440514
-0.1416271
-0.0227747
0.0266110
0.0107114
0.0097383
0.0739123
0.1537968
0.1541469
0.0477679
-0.0876548
-0.1520373
-0.1233710
-0.0598257
-0.0133910
0.0295746
0.1094586
0.2151227
0.2748497
0.2350835
0.1325739
0.0697419
0.1161943
0.2434220
0.3590954
0.3964796
0.3623395
0.3040629
0.2481627
0.1839132
0.1025507
0.0343751
0.0308392
0.1066915
0.2087549
0.2539157
0.2042947
0.1032657
0.0323157
0.0305487
0.0594298
0.0488027
-0.0262165
-0.1199226
-0.1658099
-0.1415235
-0.0770762
-0.0062353
0.0720276
0.1750577
0.2931545
0.3874226
0.4371866
0.4716025
