-0.0643771
-0.0845141
-0.0249931
0.0819006
0.1621705
0.1649547
0.0992114
0.0152260
-0.0402838
-0.0533318
-0.0415339
-0.0355477
-0.0600869
-0.1225275
-0.2104506
-0.2968181
-0.3498494
-0.3450502
-0.2777396
-0.1703869
-0.0638692
0.0099406
0.0539813
0.0999412
0.1679489
0.2334179
0.2458303
0.1885706
0.1128126
0.0966290
0.1649277
0.2598045
0.3013019
0.2744263
0.2431107
0.2745212
0.3636608
0.4490261
0.4994100
0.5616469
0.7017283
0.9014647
1.0359102
0.9736948
0.7041918
0.3589396
0.1022747
-0.0004589
-0.0120543
-0.0353506
-0.1073850
-0.1776922
-0.1756425
-0.0859764
0.0405771
0.1380707
0.1765115
0.1665664
0.1279588
0.0655528
-0.0225539
-0.1231966
-0.2056616
-0.2448919
-0.2430930
-0.2227259
-0.1977520
-0.1573467
-0.0838434
0.0132833
0.0878815
0.0894532
0.0087907
-0.1101110
-0.2065270
-0.2517609
-0.2605896
-0.2568651
-0.2366086
-0.1752323
-0.0726996
0.0202665
0.0378311
-0.0316266
-0.1199073
-0.1369762
-0.0599326
0.0425385
0.0807502
0.0340984
-0.0383352
-0.0738296
-0.0751096
-0.0912711
-0.1411729
-0.1824772
-0.1694719
-0.1236862
-0.1170056
-0.1763593
-0.2278424
-0.1627400
0.0382401
0.2648823
0.3729165
0.3122337
0.1532753
0.0011315
-0.0902446
-0.1160930
-0.0695292
0.0640628
0.2535466
0.3973563
0.3915708
0.2306246
0.0212544
-0.1174751
-0.1614746
-0.1816385
-0.2487744
-0.3591756
-0.4560083
-0.5011696
-0.5052746
-0.4938632
-0.4695184
-0.4194445
-0.3463931
-0.2726867
-0.2137123
-0.1634036
-0.1134327
-0.0750901
-0.0680675
-0.0906129
-0.1160188
-0.1244661
-0.1271531
-0.1472984
-0.1823400
-0.2007893
-0.1825720
-0.1508596
-0.1487355
-0.1829025
-0.2028297
-0.1468953
-0.0091025
0.1462371
0.2379072
0.2327142
0.1588330
0.0652830
-0.0209024
-0.0984989
-0.1673066
-0.2135725
-0.2226192
-0.1981853
-0.1610049
-0.1267330
-0.0894601
-0.0312959
0.0512170
0.1327972
0.1747575
0.1580101
0.1044209
0.0671378
0.0958524
0.2010910
0.3410028
0.4396836
0.4291208
0.2939630
0.0916335
-0.0740035
-0.1202672
-0.0497995
0.0480004
0.0728489
0.0037703
-0.0871387
-0.1172993
-0.0868409
-0.0782402
-0.1607208
-0.3083146
-0.4258491
-0.4503015
-0.4083031
-0.3689800
-0.3587738
-0.3413792
-0.2739678
-0.1587940
-0.0333680
0.0672828
0.1195131
0.0991090
-0.0045060
-0.1541313
-0.2736126
-0.3157603
-0.3095276
-0.3131461
-0.3251903
-0.2776375
-0.1314425
0.0569735
0.2065754
0.3342694
0.5440954
0.8624269
1.1309853
1.1379498
0.8674268
0.5583193
0.4645792
0.5788859
0.6498980
0.4792469
0.1459872
-0.1027509
-0.1484285
-0.1215220
-0.2147570
-0.4357729
-0.6011565
-0.5617699
-0.3747983
-0.2270450
-0.2243956
-0.3017114
-0.3333716
-0.2843252
-0.2240649
-0.2149108
-0.2283347
-0.1843512
-0.0524694
0.1080528
0.2064726
0.2042729
0.1370153
0.0657007
0.0210346
-0.0037644
-0.0203210
-0.0233787
-0.0066408
0.0124508
0.0034628
-0.0334502
-0.0474373
0.0182980
0.1551833
0.2785673
0.3064470
0.2459181
0.1824858
0.1786553
0.2055369
0.1983522
0.1690799
0.2231517
0.4356558
0.7252046
0.8905282
0.7949781
0.5040948
0.2218855
0.0940333
0.0916209
0.0883238
0.0223123
-0.0462459
-0.0290296
0.0769369
0.1913320
0.2485364
0.2611848
0.2787369
0.3087402
0.3079478
0.2515992
0.1855870
0.1882709
0.2836689
0.4090959
0.4742557
0.4419126
0.3437379
0.2298029
0.1234035
0.0284232
-0.0407395
-0.0609993
-0.0343150
-0.0009359
-0.0028110
-0.0362113
-0.0537228
-0.0179244
0.0549312
0.1105576
0.1090241
0.0530600
-0.0286831
-0.1070385
-0.1528471
-0.1294384
-0.0126021
0.1698153
0.3303687
0.3749747
0.2753513
0.0894218
-0.0915952
-0.2150154
-0.2881649
-0.3403156
-0.3783954
-0.3849789
-0.3496378
-0.2883776
-0.2291426
-0.1864238
-0.1569460
-0.1358868
-0.1256136
-0.1222966
-0.1013820
-0.0318494
0.0862527
0.2049181
0.2624106
0.2392309
0.1724895
0.1092503
0.0552300
-0.0149380
-0.0982106
-0.1379867
-0.0815220
0.0415344
0.1260957
0.0981057
0.0048908
-0.0265919
0.0695220
0.2168327
0.2727532
0.1753006
-0.0081155
-0.1742291
-0.2908666
-0.3868737
-0.4602172
-0.4486647
-0.3146643
-0.1283163
-0.0204932
-0.0464366
-0.1273628
-0.1480566
-0.0911663
-0.0416857
-0.0633746
-0.1133149
-0.1056450
-0.0359963
0.0009100
-0.0740149
-0.2232455
-0.3305573
-0.3266132
-0.2503987
-0.1862627
-0.1668615
-0.1536919
-0.0962267
0.0145567
0.1478090
0.2604507
0.3116425
0.2725684
0.1507313
0.0037623
-0.0956274
-0.1211344
-0.1075224
-0.0943666
-0.0706345
0.0023681
0.1180242
0.2069010
0.2139167
0.1773882
0.1974837
0.3146818
0.4416734
0.4416105
0.2733209
0.0402077
-0.1109204
-0.1255575
-0.0693552
-0.0400034
-0.0767394
-0.1546392
-0.2365061
-0.3042668
-0.3470958
-0.3490500
-0.3075221
-0.2555550
-0.2449165
-0.2962178
-0.3707253
-0.4013386
-0.3560502
-0.2703107
-0.2147627
-0.2274297
-0.2729367
-0.2685852
-0.1590082
0.0260381
0.1888203
0.2461426
0.1976131
0.1086419
0.0301303
-0.0482469
-0.1552665
-0.2651924
-0.2971699
-0.1969710
0.0023302
0.2243094
0.4430674
0.6966961
0.9912474
1.2240829
1.2534694
1.0569725
0.7843446
0.6166472
0.5804225
0.5348963
0.3498185
0.0629217
-0.1666950
-0.2444947
-0.2393433
-0.2855364
-0.4175903
-0.5353459
-0.5268725
-0.3921787
-0.2306454
-0.1300749
-0.0974492
-0.0932358
-0.0987187
-0.1277002
-0.1858976
-0.2457497
-0.2691598
-0.2439659
-0.1905922
-0.1381991
-0.0997006
-0.0651614
-0.0119805
0.0760232
0.1884526
0.2816187
0.3006651
0.2233511
0.0881106
-0.0279455
-0.0687755
-0.0415739
0.0000708
0.0132846
0.0047462
0.0156904
0.0738549
0.1624352
0.2342168
0.2535592
0.2242851
0.1794017
0.1497053
0.1477255
0.1777963
0.2450777
0.3401821
0.4215959
0.4396167
0.3978737
0.3819254
0.4948408
0.7411965
0.9835757
1.0436343
0.8650288
0.5697568
0.3402772
0.2496465
0.2210093
0.1485258
0.0277491
-0.0556619
-0.0502749
-0.0125303
-0.0371311
-0.1334509
-0.2038163
-0.1534960
-0.0019964
0.1347297
0.1661142
0.1088135
0.0423409
0.0068830
-0.0294289
-0.1059918
-0.2024906
-0.2570163
-0.2419288
-0.1967407
-0.1748921
-0.1725017
-0.1323506
-0.0231028
0.1046598
0.1629414
0.1256931
0.0613346
0.0505376
0.0847965
0.0763236
-0.0198931
-0.1172957
-0.0672670
0.1683277
0.4332687
0.4960710
0.2659782
-0.1168833
-0.4116699
-0.4876321
-0.4016175
-0.2912651
-0.2314230
-0.2072097
-0.1915118
-0.1989084
-0.2513111
-0.3229898
-0.3538584
-0.3167592
-0.2479785
-0.2015068
-0.1887344
-0.1769502
-0.1344366
-0.0542149
0.0621504
0.2096993
0.3476600
0.3858657
0.2483581
-0.0339908
-0.3188918
-0.4670766
-0.4594630
-0.3863523
-0.3277315
-0.2727049
-0.1696583
-0.0290350
0.0638627
0.0456517
-0.0466713
-0.1199545
-0.1333745
-0.1294761
-0.1537098
-0.1791861
-0.1423163
-0.0397557
0.0493998
0.0533934
-0.0034587
-0.0282147
0.0296399
0.1214568
0.1641398
0.1398748
0.1047047
0.1016706
0.0975726
0.0276518
-0.1120736
-0.2485722
-0.3159256
-0.3331551
-0.3754966
-0.4720151
-0.5543812
-0.5217132
-0.3501673
-0.1246907
0.0398043
0.0974531
0.0856555
0.0544889
0.0065189
-0.0836588
-0.2069059
-0.3018593
-0.3085854
-0.2307076
-0.1347205
-0.0888413
-0.1067927
-0.1478341
-0.1614403
-0.1277589
-0.0643545
-0.0085403
0.0043368
-0.0398893
-0.1206469
-0.1894301
-0.2046327
-0.1685805
-0.1260509
-0.1200130
-0.1493488
-0.1723109
-0.1493211
-0.0805778
-0.0062662
0.0243508
-0.0135195
-0.1070428
-0.2179177
-0.3080606
-0.3585698
-0.3678680
-0.3358509
-0.2588740
-0.1495780
-0.0574909
-0.0472854
-0.1335259
-0.2385789
-0.2400515
-0.0785582
0.1868181
0.4403227
0.6171317
0.7312659
0.8022509
0.7893044
0.6282062
0.3261053
-0.0123964
-0.2697352
-0.4104956
-0.4742751
-0.4879530
-0.4236789
-0.2622055
-0.0701946
0.0294168
-0.0234113
-0.1587248
-0.2462192
-0.2214313
-0.1275977
-0.0442267
-0.0046745
0.0056809
-0.0023354
-0.0383146
-0.0928195
-0.1136352
-0.0532312
0.0630657
0.1453290
0.1314986
0.0568713
0.0108804
0.0299784
0.0587696
0.0288561
-0.0417137
-0.0530185
0.0674703
0.2743474
0.4350086
0.4480216
0.3234530
0.1514251
0.0107452
-0.0799614
-0.1368623
-0.1688382
-0.1747997
-0.1661378
-0.1667401
-0.1847129
-0.1968921
-0.1721467
-0.1071496
-0.0305796
0.0297884
0.0774694
0.1388158
0.2267329
0.3209698
0.3876321
0.4120835
0.4069214
0.3929653
0.3829552
0.3838314
0.4018936
0.4349058
0.4628194
0.4587744
0.4166883
0.3646712
0.3428056
0.3634144
0.3965297
0.3991613
0.3567292
0.2897944
0.2226337
0.1580841
0.0903909
0.0317326
0.0080615
0.0245086
0.0468319
0.0291366
-0.0387732
-0.1159019
-0.1428913
-0.0891752
0.0290038
0.1674147
0.2824403
0.3462000
0.3509841
0.3117621
0.2584087
0.2092028
0.1470466
0.0336167
-0.1413615
-0.3275614
-0.4418832
-0.4364056
-0.3401678
-0.2334324
-0.1810103
-0.1896728
-0.2245815
-0.2547869
-0.2715553
-0.2669965
-0.2181955
-0.1137147
0.0088274
0.0775948
0.0569348
-0.0052279
-0.0210621
0.0397402
0.1112936
0.1061961
0.0221244
-0.0509394
-0.0405796
0.0142140
0.0107585
-0.0792698
-0.1596656
-0.1244374
0.0009922
0.0796196
0.0340381
-0.0414966
0.0193041
0.2491540
0.4834645
0.5274245
0.3652267
0.1646966
0.0728376
0.0510336
-0.0509347
-0.2789729
-0.4896844
-0.5060974
-0.3269330
-0.1380342
-0.1134470
-0.2379325
-0.3457255
-0.3136862
-0.1815011
-0.0785360
-0.0689620
-0.1032784
-0.1112076
-0.0957109
-0.1074819
-0.1494110
-0.1508581
-0.0530975
0.1006585
0.1865706
0.1181197
-0.0626057
-0.2132601
-0.2097532
-0.0440367
0.1780676
0.3217182
0.3122021
0.1680671
-0.0269194
-0.1831428
-0.2592856
-0.2789841
-0.2971483
-0.3427933
-0.3912484
-0.3917294
-0.3182774
-0.1897179
-0.0435295
0.0984698
0.2294790
0.3268070
0.3405426
0.2352097
0.0478475
-0.1144427
-0.1588957
-0.0941193
-0.0209572
-0.0293130
-0.1097685
-0.1719003
-0.1416929
-0.0301775
0.0897042
0.1551077
0.1501261
0.0853018
-0.0254390
-0.1464759
-0.1985261
-0.1012432
0.1335517
0.3655898
0.4195120
0.2367922
-0.0661251
-0.2983903
-0.3570050
-0.2955155
-0.2458256
-0.2864210
-0.3893070
-0.4793070
-0.5195882
-0.5279910
-0.5269657
-0.5066089
-0.4457558
-0.3502223
-0.2480806
-0.1464148
-0.0096991
0.2040635
0.4838343
0.7497924
0.9055838
0.9095502
0.7937486
0.6174869
0.4146867
0.1932863
-0.0268193
-0.1985527
-0.2808110
-0.2792941
-0.2432610
-0.2188141
-0.2085439
-0.1798765
-0.1115627
-0.0259449
0.0297827
0.0312250
-0.0024622
-0.0357031
-0.0534520
-0.0636923
-0.0711759
-0.0629975
-0.0245960
0.0366060
0.0904395
0.1088191
0.0913713
0.0667858
0.0694466
0.1143866
0.1906035
0.2702538
0.3215209
0.3232943
0.2807661
0.2245414
0.1797259
0.1306881
0.0285124
-0.1540667
-0.3761801
-0.5448224
-0.5812948
-0.4755116
-0.2847186
-0.0906445
0.0416674
0.0818866
0.0408532
-0.0267032
-0.0439653
0.0293809
0.1480128
0.2118195
0.1692040
0.0836561
0.0755409
0.1948350
0.3704484
0.4942369
0.5362793
0.5540800
0.5940089
0.6191052
0.5623309
0.4375280
0.3525816
0.3862920
0.4765125
0.4752069
0.3230899
0.1342455
0.0782554
0.1918144
0.3383746
0.3583735
0.2338361
0.0868126
0.0302612
0.0514132
0.0527891
-0.0162862
-0.1031545
-0.1301287
-0.0972034
-0.0763396
-0.1084979
-0.1359985
-0.0564565
0.1589255
0.4096031
0.5325044
0.4317415
0.1543528
-0.1535367
-0.3643690
-0.4490653
-0.4556810
-0.4329305
-0.3916075
-0.3332717
-0.2871519
-0.2908612
-0.3301426
-0.3198305
-0.1764530
0.0761853
0.2911153
0.3165884
0.1390699
-0.1038972
-0.2569587
-0.2788448
-0.2385100
-0.2079879
-0.1916958
-0.1601947
-0.1182820
-0.1081607
-0.1473678
-0.1911805
-0.1772891
-0.1006833
-0.0227602
-0.0017586
-0.0332640
-0.0715628
-0.0920090
-0.1081063
-0.1329058
-0.1525622
-0.1502810
-0.1387439
-0.1487573
-0.1862066
-0.2127005
-0.1762269
-0.0607748
0.0957999
0.2316358
0.3048018
0.3080011
0.2507130
0.1424586
-0.0013738
-0.1457012
-0.2361335
-0.2178242
-0.0677898
0.1702952
0.3812838
0.4375439
0.2966118
0.0470873
-0.1600002
-0.2425375
-0.2542056
-0.3158230
-0.4761419
-0.6454843
-0.6794251
-0.5321337
-0.3132114
-0.1793398
-0.1787995
-0.2222013
-0.2026614
-0.1166107
-0.0506456
-0.0679224
-0.1370000
-0.1793379
-0.1664394
-0.1456234
-0.1670460
-0.2095277
-0.2054167
-0.1350702
-0.0639379
-0.0657834
-0.1268099
-0.1532818
-0.0731806
0.0903094
0.2499775
0.3397126
0.3552148
0.3210847
0.2428861
0.1103030
-0.0566234
-0.1910626
-0.2334743
-0.1981094
-0.1618579
-0.1786304
-0.2218180
-0.2239520
-0.1604789
-0.0764972
-0.0334509
-0.0462729
-0.0817097
-0.1103899
-0.1421379
-0.1961238
-0.2450929
-0.2209838
-0.0984785
0.0424496
0.0721940
-0.0573835
-0.2513317
-0.3523153
-0.2809888
-0.0983261
0.0593581
0.1005777
0.0404354
-0.0459018
-0.1184857
-0.2080055
-0.3533243
-0.5189050
-0.5937227
-0.4801379
-0.1851657
0.1741199
0.4597265
0.6189214
0.7056563
0.7908435
0.8585027
0.8136440
0.5990070
0.2795276
-0.0088367
-0.1815640
-0.2576004
-0.2984312
-0.3231589
-0.2974405
-0.1955143
-0.0519365
0.0620310
0.1079131
0.1063670
0.0881356
0.0419462
-0.0646987
-0.2229159
-0.3679671
-0.4305470
-0.3872758
-0.2654308
-0.1217048
-0.0184378
0.0067283
-0.0319915
-0.0775791
-0.0790874
-0.0352982
0.0100304
0.0163565
-0.0093341
-0.0215089
0.0026501
0.0209859
-0.0287647
-0.1386063
-0.2169676
-0.1881147
-0.0843221
-0.0097777
-0.0182497
-0.0512584
-0.0040859
0.1572901
0.3520038
0.4602130
0.4445274
0.3838635
0.3727337
0.4034489
0.3843992
0.2765949
0.1684792
0.1836414
0.3301667
0.4731839
0.4689158
0.3226530
0.2029988
0.2794350
0.5360106
0.7658425
0.7698926
0.5451545
0.2577076
0.0599513
-0.0213753
-0.0348385
-0.0110541
0.0501886
0.1332676
0.1880351
0.1694484
0.0909079
0.0240594
0.0265925
0.0737959
0.0899085
0.0485190
0.0005876
-0.0117020
-0.0207571
-0.0784661
-0.1723268
-0.2402494
-0.2496212
-0.2260799
-0.2148467
-0.2349846
-0.2576046
-0.2192379
-0.0830375
0.1028466
0.2381501
0.2691010
0.2208581
0.1355688
0.0327021
-0.0624861
-0.1134313
-0.1162238
-0.1005560
-0.0793547
-0.0504962
-0.0403084
-0.0700471
-0.0885821
-0.0366550
0.0250198
-0.0247666
-0.1643852
-0.2277653
-0.1500382
-0.0638739
-0.0749637
