0.0420180
-0.1009188
-0.1811212
-0.1301899
-0.0077169
0.0553821
-0.0038386
-0.1246800
-0.2003061
-0.1846161
-0.1205674
-0.0808973
-0.0874369
-0.0886422
-0.0262448
0.0767050
0.1223247
0.0522156
-0.0686038
-0.1175634
-0.0583702
0.0159585
-0.0069258
-0.1308125
-0.2503851
-0.2668625
-0.1858211
-0.0974471
-0.0721371
-0.0915837
-0.0884873
-0.0385413
0.0114354
0.0084588
-0.0400620
-0.0832659
-0.0951106
-0.0997412
-0.1277249
-0.1686029
-0.1816722
-0.1483037
-0.0989941
-0.0801077
-0.0983845
-0.1119227
-0.0826757
-0.0258740
0.0086445
-0.0011259
-0.0277332
-0.0411893
-0.0559563
-0.1101030
-0.2036585
-0.2796400
-0.2764316
-0.1910228
-0.0808629
-0.0057259
0.0218119
0.0257189
0.0208111
-0.0038592
-0.0558970
-0.1142306
-0.1479834
-0.1520190
-0.1476041
-0.1497049
-0.1489678
-0.1297182
-0.0931836
-0.0549123
-0.0269692
-0.0121430
-0.0118548
-0.0277786
-0.0513102
-0.0605697
-0.0405600
-0.0082157
-0.0057587
-0.0576217
-0.1366536
-0.1848492
-0.1709986
-0.1195224
-0.0775295
-0.0607588
-0.0405079
0.0177951
0.1098096
0.1879380
0.2009696
0.1403214
0.0491134
-0.0167470
-0.0391765
-0.0486930
-0.0835246
-0.1419954
-0.1823342
-0.1711969
-0.1250291
-0.0936568
-0.1023800
-0.1224857
-0.1106597
-0.0708567
-0.0560095
-0.0997917
-0.1649781
-0.1824574
-0.1384243
-0.0981745
-0.1307148
-0.2245012
-0.2974263
-0.2876546
-0.2153060
-0.1470211
-0.1166904
-0.1015939
-0.0721791
-0.0380436
-0.0279015
-0.0393321
-0.0348726
0.0102179
0.0792066
0.1444169
0.2083815
0.2927338
0.3918361
0.4617999
0.4640439
0.4028315
0.3053463
0.1775920
0.0062992
-0.1909934
-0.3443684
-0.3869451
-0.3283404
-0.2487205
-0.2119466
-0.2045606
-0.1758352
-0.1186977
-0.0779805
-0.0779270
-0.0779231
-0.0268899
0.0560923
0.0931322
0.0473117
-0.0195990
-0.0171260
0.0572119
0.1056676
0.0470207
-0.0796899
-0.1556930
-0.1185046
-0.0255803
0.0272655
0.0221726
0.0248324
0.0837755
0.1607555
0.1795444
0.1247136
0.0631363
0.0636823
0.1164271
0.1477812
0.1084864
0.0281829
-0.0219982
-0.0067106
0.0467949
0.0929652
0.1212325
0.1568119
0.2171878
0.2819102
0.3118857
0.2954662
0.2681389
0.2801545
0.3431925
0.4139760
0.4367266
0.4014380
0.3539682
0.3458401
0.3802150
0.4155956
0.4219325
0.4212819
0.4613559
0.5501326
0.6308314
0.6337858
0.5499190
0.4404121
0.3707367
0.3469152
0.3256236
0.2763806
0.2140493
0.1674279
0.1365675
0.1008337
0.0624536
0.0554118
0.0967029
0.1451282
0.1361787
0.0619054
-0.0085423
-0.0075900
0.0446846
0.0608594
-0.0053674
-0.0998470
-0.1369228
-0.1082969
-0.0881510
-0.1269243
-0.1764817
-0.1513601
-0.0490392
0.0330710
0.0153554
-0.0605630
-0.0810299
-0.0047373
0.0819910
0.0711787
-0.0341517
-0.1265914
-0.1247718
-0.0591853
-0.0145357
-0.0176903
-0.0176863
0.0299279
0.0973927
0.1228097
0.0919840
0.0511694
0.0391633
0.0363695
-0.0009704
-0.0727572
-0.1278232
-0.1253963
-0.0812906
-0.0410545
-0.0221888
-0.0025821
0.0368140
0.0786555
0.0895460
0.0634529
0.0294729
0.0150158
0.0129236
-0.0064039
-0.0547831
-0.1084550
-0.1334546
-0.1222689
-0.0988217
-0.0883896
-0.0889454
-0.0763159
-0.0366080
0.0108507
0.0282371
0.0002637
-0.0425333
-0.0504932
-0.0101622
0.0333851
0.0209095
-0.0529493
-0.1274697
-0.1407070
-0.0992599
-0.0672525
-0.0829596
-0.1052950
-0.0641473
0.0401316
0.1156263
0.0773644
-0.0452993
-0.1290780
-0.0940336
0.0003036
0.0181012
-0.0987581
-0.2624446
-0.3324474
-0.2600974
-0.1242695
-0.0330943
-0.0156749
-0.0198142
0.0046859
0.0484361
0.0697389
0.0554440
0.0352794
0.0408558
0.0674942
0.0820191
0.0597770
0.0085905
-0.0381540
-0.0470012
-0.0094655
0.0478962
0.0788326
0.0546092
-0.0055177
-0.0456140
-0.0257191
0.0331428
0.0624857
0.0103152
-0.1098462
-0.2353054
-0.3130055
-0.3341987
-0.3161445
-0.2687528
-0.1934049
-0.1074242
-0.0488516
-0.0447409
-0.0803612
-0.1114501
-0.1096076
-0.0892086
-0.0859107
-0.1144724
-0.1557510
-0.1837957
-0.1946294
-0.2003521
-0.2002919
-0.1714770
-0.0946719
0.0161188
0.1214086
0.1986000
0.2716342
0.3881903
0.5605812
0.7316485
0.8085736
0.7384423
0.5520278
0.3323342
0.1430836
-0.0078755
-0.1396419
-0.2490302
-0.3042322
-0.2860373
-0.2199637
-0.1545033
-0.1105791
-0.0665786
0.0003664
0.0696994
0.0902411
0.0391768
-0.0459690
-0.1053402
-0.1204469
-0.1253919
-0.1517118
-0.1764228
-0.1416551
-0.0277704
0.1066601
0.1717408
0.1345750
0.0522714
0.0109977
0.0365391
0.0739227
0.0563550
-0.0159602
-0.0759225
-0.0663077
-0.0032967
0.0469569
0.0497509
0.0419774
0.0797979
0.1568677
0.1983496
0.1470760
0.0409088
-0.0177758
0.0275595
0.1246290
0.1706309
0.1234340
0.0395427
0.0055650
0.0525421
0.1463453
0.2425383
0.3240648
0.3864906
0.4172686
0.4130213
0.4046074
0.4343449
0.4996702
0.5407973
0.5036201
0.4067966
0.3268526
0.3165790
0.3568214
0.3955440
0.4138264
0.4304764
0.4491865
0.4337714
0.3543841
0.2413237
0.1639019
0.1512197
0.1553081
0.1079719
0.0029298
-0.0972952
-0.1340138
-0.1123628
-0.0815143
-0.0720052
-0.0717303
-0.0597901
-0.0416898
-0.0384476
-0.0520753
-0.0605272
-0.0494970
-0.0349565
-0.0432881
-0.0751931
-0.1027738
-0.1049676
-0.0949401
-0.1026309
-0.1332131
-0.1537482
-0.1273311
-0.0576823
0.0067820
0.0175031
-0.0254288
-0.0716357
-0.0707294
-0.0249382
0.0111854
-0.0135671
-0.0927547
-0.1672350
-0.1846216
-0.1484153
-0.1035657
-0.0789611
-0.0582079
-0.0141808
0.0396764
0.0533732
0.0013550
-0.0772612
-0.1176875
-0.1050247
-0.0908839
-0.1264681
-0.1952618
-0.2314610
-0.2006572
-0.1390999
-0.1032878
-0.0997149
-0.0877832
-0.0464621
-0.0075486
-0.0073281
-0.0273220
-0.0153015
0.0352030
0.0594700
-0.0027545
-0.1239399
-0.2118885
-0.2161991
-0.1812485
-0.1766057
-0.1991882
-0.1802247
-0.0881013
0.0146744
0.0432999
-0.0011299
-0.0339357
-0.0012467
0.0445559
0.0114789
-0.1083488
-0.2199473
-0.2362451
-0.1747216
-0.1202899
-0.1130421
-0.1111141
-0.0678329
-0.0070693
0.0087403
-0.0305819
-0.0638821
-0.0412107
0.0045995
-0.0020967
-0.0778407
-0.1505843
-0.1428158
-0.0613746
0.0174970
0.0426405
0.0403732
0.0662825
0.1278492
0.1771631
0.1745700
0.1356671
0.1044937
0.0940663
0.0722976
0.0078180
-0.0850911
-0.1573922
-0.1758708
-0.1528193
-0.1249037
-0.1116405
-0.1018049
-0.0782113
-0.0470720
-0.0358028
-0.0610468
-0.1041798
-0.1259192
-0.1083779
-0.0778603
-0.0783087
-0.1215787
-0.1724243
-0.1890334
-0.1720552
-0.1603998
-0.1764737
-0.1912237
-0.1601456
-0.0899774
-0.0466567
-0.0813470
-0.1594909
-0.1875793
-0.1174438
-0.0052481
0.0527980
0.0383886
0.0425079
0.1680834
0.4130765
0.6656387
0.8116389
0.8295010
0.7740438
0.6881309
0.5586444
0.3641985
0.1410958
-0.0268763
-0.0890924
-0.0813752
-0.0846530
-0.1355858
-0.1929697
-0.1960713
-0.1417771
-0.0878565
-0.0814788
-0.1031336
-0.0954809
-0.0398035
0.0176244
0.0237108
-0.0130301
-0.0333019
-0.0056292
0.0281163
0.0020903
-0.0879366
-0.1697321
-0.1706126
-0.0926461
0.0000039
0.0570969
0.0840074
0.1066700
0.1208782
0.0998299
0.0447816
-0.0000076
0.0031726
0.0355144
0.0412197
-0.0041044
-0.0616378
-0.0729527
-0.0235890
0.0483260
0.0997503
0.1224819
0.1332130
0.1412678
0.1420149
0.1371256
0.1423225
0.1658961
0.1897661
0.1860486
0.1525888
0.1208715
0.1231405
0.1586959
0.2009832
0.2345870
0.2730036
0.3335123
0.4022483
0.4383003
0.4181937
0.3681812
0.3398943
0.3511859
0.3608897
0.3124099
0.2000579
0.0802895
0.0117634
-0.0057601
-0.0194726
-0.0536060
-0.0723339
-0.0290089
0.0567242
0.0985839
0.0360256
-0.0866506
-0.1585272
-0.1246616
-0.0513306
-0.0522682
-0.1581867
-0.2812991
-0.3145676
-0.2470379
-0.1628421
-0.1347067
-0.1456765
-0.1290421
-0.0671347
-0.0208479
-0.0535885
-0.1467812
-0.2138202
-0.1973135
-0.1334145
-0.1086284
-0.1634188
-0.2555121
-0.3182001
-0.3354764
-0.3442810
-0.3718232
-0.3964267
-0.3835748
-0.3457192
-0.3404606
-0.4026011
-0.4962841
-0.5531162
-0.5532708
-0.5490963
-0.6007235
-0.7023025
-0.7872872
-0.8019660
-0.7567059
-0.7013374
-0.6681035
-0.6547186
-0.6532410
-0.6686189
-0.6982319
-0.7126232
-0.6814539
-0.6185020
-0.5788854
-0.5978408
-0.6425234
-0.6412967
-0.5605501
-0.4386304
-0.3393316
-0.2850099
-0.2476186
-0.1975999
-0.1416544
-0.1058577
-0.0969743
-0.0976264
-0.0966460
-0.1059701
-0.1384000
-0.1795657
-0.1971821
-0.1780024
-0.1425631
-0.1165526
-0.0963553
-0.0552969
0.0161754
0.0887197
0.1213634
0.1066992
0.0790513
0.0748535
0.0923897
0.0986411
0.0736802
0.0378609
0.0288573
0.0573897
0.0965531
0.1178628
0.1283217
0.1599578
0.2223861
0.2787947
0.2817830
0.2312918
0.1824369
0.1852981
0.2227407
0.2229355
0.1395172
0.0097322
-0.0789973
-0.0791671
-0.0281926
0.0015532
-0.0133054
-0.0283238
0.0036097
0.0661986
0.0954797
0.0578312
-0.0074891
-0.0354332
-0.0140264
0.0030957
-0.0343413
-0.1096738
-0.1600249
-0.1525162
-0.1178463
-0.1012063
-0.0997033
-0.0718783
-0.0059598
0.0491399
0.0391702
-0.0220353
-0.0596603
-0.0222914
0.0614068
0.1248115
0.1491651
0.1847017
0.2846565
0.4379647
0.5782647
0.6449244
0.6176319
0.5014647
0.3110829
0.0863205
-0.0986265
-0.1775645
-0.1546648
-0.1061432
-0.1031984
-0.1395630
-0.1492633
-0.0918391
-0.0008369
0.0587798
0.0647311
0.0519183
0.0596868
0.0869601
0.1082825
0.1171419
0.1312553
0.1544647
0.1541218
0.0934007
-0.0176150
-0.1184019
-0.1525360
-0.1196262
-0.0661713
-0.0287975
0.0023996
0.0591024
0.1411815
0.2017554
0.1940923
0.1295733
0.0767152
0.0932904
0.1620668
0.2050919
0.1678836
0.0822382
0.0334157
0.0645777
0.1283308
0.1456220
0.1053914
0.0840107
0.1548241
0.2926579
0.3913425
0.3799958
0.3027048
0.2666415
0.3199539
0.4028193
0.4239572
0.3659179
0.2974762
0.2913335
0.3532480
0.4370678
0.5062881
0.5583632
0.5964979
0.6069997
0.5790904
0.5311172
0.4948664
0.4748642
0.4423141
0.3765820
0.2969951
0.2383461
0.2036867
0.1631076
0.1031275
0.0562128
0.0627804
0.1124157
0.1463871
0.1254151
0.0769973
0.0586118
0.0821251
0.0970562
0.0549359
-0.0279993
-0.0895404
-0.0956228
-0.0744196
-0.0702634
-0.0813423
-0.0627610
0.0105642
0.1030280
0.1516055
0.1324813
0.0818314
0.0501346
0.0475786
0.0425452
0.0082382
-0.0411763
-0.0647365
-0.0380580
0.0246657
0.0902265
0.1393458
0.1747094
0.2007516
0.2069571
0.1796217
0.1273995
0.0835436
0.0740481
0.0868993
0.0837284
0.0461010
0.0016333
-0.0060015
0.0301829
0.0719253
0.0861953
0.0912936
0.1335644
0.2170537
0.2777600
0.2485849
0.1459204
0.0681938
0.0936755
0.1896904
0.2421405
0.1775308
0.0405245
-0.0588401
-0.0632356
-0.0160439
0.0062569
-0.0131805
-0.0237954
0.0161840
0.0803740
0.1035157
0.0587102
-0.0128172
-0.0513744
-0.0440620
-0.0302762
-0.0496751
-0.0999158
-0.1488278
-0.1742763
-0.1781364
-0.1655072
-0.1296018
-0.0694394
-0.0129536
-0.0018980
-0.0453088
-0.0996338
-0.1108060
-0.0765611
-0.0539861
-0.0974406
-0.1960776
-0.2827777
-0.3019505
-0.2566515
-0.1871496
-0.1187410
-0.0465542
0.0325913
0.0944021
0.1068430
0.0690226
0.0165980
-0.0136070
-0.0157835
-0.0102073
-0.0172894
-0.0450120
-0.0932748
-0.1532754
-0.1990014
-0.1955563
-0.1327659
-0.0487822
-0.0050341
-0.0293033
-0.0897435
-0.1325383
-0.1402173
-0.1419160
-0.1668046
-0.2026439
-0.2123822
-0.1849664
-0.1519220
-0.1464944
-0.1580852
-0.1426736
-0.0791848
-0.0023050
0.0306938
0.0015529
-0.0511036
-0.0778252
-0.0738800
-0.0809618
-0.1359379
-0.2267879
-0.3027725
-0.3211913
-0.2754831
-0.1796068
-0.0394489
0.1461088
0.3560549
0.5342174
0.6215806
0.6059437
0.5314472
0.4500895
0.3650795
0.2316976
0.0202489
-0.2271178
-0.4137210
-0.4691948
-0.4115387
-0.3246518
-0.2750349
-0.2559533
-0.2156494
-0.1328326
-0.0510977
-0.0320104
-0.0810845
-0.1345913
-0.1270982
-0.0650771
-0.0208362
-0.0508414
-0.1314415
-0.1864896
-0.1731760
-0.1231707
-0.0923911
-0.0870737
-0.0621679
0.0081416
0.0850324
0.1097243
0.0803408
0.0546351
0.0700123
0.0886353
0.0479370
-0.0463322
-0.1130714
-0.0928957
-0.0228154
0.0157933
0.0099821
0.0329298
0.1340187
0.2486971
0.2631944
0.1643739
0.0760346
0.1155463
0.2407479
0.2865678
0.1604003
-0.0380998
-0.1209171
-0.0156989
0.1705625
0.2897100
0.3118708
0.3205684
0.3774770
0.4440534
0.4502530
0.4006888
0.3708735
0.4042661
0.4525829
0.4372881
0.3482072
0.2534077
0.2166339
0.2327303
0.2531508
0.2507759
0.2352798
0.2143389
0.1719213
0.0984681
0.0218132
-0.0178413
-0.0218948
-0.0389341
-0.1050023
-0.1929832
-0.2400745
-0.2218826
-0.1787347
-0.1600498
-0.1591769
-0.1248699
-0.0371266
0.0500902
0.0594103
-0.0209721
-0.1158603
-0.1390437
-0.0836811
-0.0268263
-0.0445986
-0.1324360
-0.2146531
-0.2262000
-0.1740190
-0.1163791
-0.0936493
-0.0929578
-0.0811745
-0.0575534
-0.0576444
-0.1039116
-0.1666162
-0.1878844
-0.1450221
-0.0792323
-0.0543775
-0.0918672
-0.1542745
-0.1908915
-0.1869149
-0.1612634
-0.1278817
-0.0797213
-0.0165245
0.0297004
0.0197027
-0.0404002
-0.0908445
-0.0788588
-0.0220448
0.0058922
-0.0433726
-0.1396407
-0.2123694
-0.2299481
-0.2209953
-0.2182249
-0.2081361
-0.1577629
-0.0788937
-0.0328586
-0.0582522
-0.1153157
-0.1286850
-0.0822684
-0.0448368
-0.0881843
-0.1972324
-0.2831975
-0.2808760
-0.2092489
-0.1304142
-0.0742952
-0.0285902
0.0087064
0.0048880
-0.0605515
-0.1459199
-0.1769887
-0.1316294
-0.0721833
-0.0775292
-0.1536654
-0.2298189
-0.2403830
-0.1906157
-0.1339235
-0.1030473
-0.0856822
-0.0639555
-0.0512571
-0.0724067
-0.1181182
-0.1424875
-0.1137278
-0.0551855
-0.0233586
-0.0479643
-0.1044707
-0.1471221
-0.1576813
-0.1521579
-0.1450216
-0.1226187
-0.0618592
0.0298405
0.1064913
0.1234990
0.0831584
0.0327855
0.0146797
0.0229627
0.0162367
-0.0291843
-0.0893846
-0.1231377
-0.1247505
-0.1305388
-0.1662553
-0.2018262
-0.1790485
-0.0880302
0.0023898
0.0092475
-0.0726360
-0.1622977
-0.1844531
-0.1551653
-0.1576041
-0.2358263
-0.3353115
-0.3627296
-0.2925761
-0.1937463
-0.1493416
-0.1698480
-0.1983221
-0.1880161
