0.0759756
-0.0050543
-0.0695679
-0.0621414
-0.0042279
0.0271202
-0.0176617
-0.1088567
-0.1752624
-0.1841667
-0.1671178
-0.1646166
-0.1654931
-0.1226717
-0.0265918
0.0617830
0.0698368
-0.0021596
-0.0760712
-0.0819299
-0.0344895
-0.0104554
-0.0571445
-0.1430520
-0.2026171
-0.2102654
-0.1920826
-0.1737245
-0.1450658
-0.0890466
-0.0264961
-0.0052436
-0.0419731
-0.0956832
-0.1126938
-0.0874220
-0.0622175
-0.0713097
-0.1049412
-0.1345278
-0.1528913
-0.1696329
-0.1763845
-0.1459598
-0.0767949
-0.0159898
-0.0125967
-0.0529679
-0.0700595
-0.0286585
0.0186437
-0.0158392
-0.1501277
-0.3030603
-0.3766041
-0.3499197
-0.2777245
-0.2110172
-0.1488826
-0.0734252
-0.0029384
0.0190882
-0.0162603
-0.0624163
-0.0702806
-0.0474569
-0.0451730
-0.0894313
-0.1459401
-0.1631493
-0.1360491
-0.1084527
-0.1126850
-0.1258141
-0.0994897
-0.0270014
0.0360898
0.0263538
-0.0580364
-0.1504041
-0.1787897
-0.1318614
-0.0617958
-0.0280655
-0.0438667
-0.0750787
-0.0820509
-0.0548899
-0.0101966
0.0361819
0.0839042
0.1363948
0.1837669
0.2066952
0.1984683
0.1765084
0.1650545
0.1662943
0.1547559
0.1053011
0.0246555
-0.0515359
-0.0959177
-0.1181188
-0.1480325
-0.1904074
-0.2074036
-0.1584684
-0.0568858
0.0269512
0.0303006
-0.0361741
-0.0981746
-0.0974498
-0.0542964
-0.0428450
-0.1077339
-0.2156269
-0.2910338
-0.2892721
-0.2261704
-0.1460045
-0.0801954
-0.0424661
-0.0441702
-0.0887581
-0.1480370
-0.1645696
-0.0961197
0.0452862
0.2123495
0.3809736
0.5729399
0.8074764
1.0400269
1.1725216
1.1360850
0.9546416
0.7154111
0.4826863
0.2575731
0.0249516
-0.1823332
-0.2923862
-0.2715917
-0.1761992
-0.1112886
-0.1380126
-0.2265560
-0.2961631
-0.2905890
-0.2147097
-0.1147794
-0.0394964
-0.0155544
-0.0394527
-0.0796184
-0.0953800
-0.0712764
-0.0367353
-0.0411622
-0.1017443
-0.1810352
-0.2238366
-0.2129393
-0.1785713
-0.1528522
-0.1291794
-0.0790530
-0.0034123
0.0513431
0.0394211
-0.0289924
-0.0912808
-0.0943452
-0.0460785
-0.0012957
-0.0026924
-0.0433722
-0.0850297
-0.1011531
-0.0942514
-0.0759473
-0.0442668
0.0100113
0.0782166
0.1273910
0.1285074
0.0904204
0.0577304
0.0685954
0.1156327
0.1536250
0.1474692
0.1084379
0.0796235
0.0895274
0.1285842
0.1735078
0.2241555
0.3019473
0.4095019
0.5053874
0.5345474
0.4863452
0.4128035
0.3810524
0.4087298
0.4505938
0.4474792
0.3832813
0.2941957
0.2302698
0.2143339
0.2336880
0.2596387
0.2689658
0.2528742
0.2162097
0.1719388
0.1320138
0.0991468
0.0675595
0.0323169
-0.0047040
-0.0398815
-0.0748134
-0.1117228
-0.1414021
-0.1431814
-0.1045309
-0.0406852
0.0113316
0.0227029
-0.0034998
-0.0394678
-0.0611943
-0.0679857
-0.0772580
-0.1064520
-0.1601428
-0.2258856
-0.2747623
-0.2709064
-0.1957364
-0.0730297
0.0350773
0.0712674
0.0317099
-0.0296264
-0.0513391
-0.0222254
0.0120979
-0.0002969
-0.0635573
-0.1315552
-0.1553339
-0.1278059
-0.0817709
-0.0504506
-0.0362235
-0.0178968
0.0167966
0.0509417
0.0520815
0.0059485
-0.0637385
-0.1108818
-0.1061601
-0.0640130
-0.0306179
-0.0421332
-0.0926275
-0.1433128
-0.1626839
-0.1536788
-0.1387751
-0.1244232
-0.0928758
-0.0348232
0.0207908
0.0273114
-0.0242113
-0.0832552
-0.0883310
-0.0360750
0.0114662
-0.0058873
-0.0823914
-0.1598590
-0.1966045
-0.2028952
-0.2038357
-0.1906403
-0.1348885
-0.0465082
0.0147930
0.0065109
-0.0352817
-0.0340650
0.0216007
0.0390880
-0.0841808
-0.3325119
-0.5634824
-0.6384260
-0.5475325
-0.3945155
-0.2743978
-0.1949396
-0.1189191
-0.0469431
-0.0232583
-0.0656574
-0.1259768
-0.1406768
-0.1046574
-0.0709713
-0.0807793
-0.1180212
-0.1419433
-0.1425531
-0.1405823
-0.1408925
-0.1169071
-0.0547385
0.0087832
0.0197995
-0.0230369
-0.0594273
-0.0413599
0.0013233
-0.0076800
-0.0973791
-0.2102552
-0.2659391
-0.2465815
-0.2003852
-0.1689378
-0.1382437
-0.0733633
0.0172924
0.0779337
0.0678213
0.0085194
-0.0435851
-0.0619137
-0.0707352
-0.1031098
-0.1552067
-0.1925209
-0.1916629
-0.1604580
-0.1162973
-0.0600856
0.0159599
0.0996632
0.1540947
0.1512075
0.1059245
0.0662138
0.0652064
0.0881540
0.0919165
0.0542069
-0.0039689
-0.0460682
-0.0614983
-0.0698419
-0.0847681
-0.0866570
-0.0444134
0.0352672
0.0943340
0.0736689
-0.0214985
-0.1169588
-0.1392175
-0.0883314
-0.0354724
-0.0487897
-0.1285024
-0.2168291
-0.2621208
-0.2615759
-0.2424373
-0.2176801
-0.1757451
-0.1119772
-0.0527370
-0.0341960
-0.0601071
-0.0941071
-0.1007540
-0.0874569
-0.0952219
-0.1460648
-0.2068552
-0.2115824
-0.1178484
0.0640611
0.2968020
0.5579237
0.8414004
1.1156124
1.2973505
1.2929049
1.0790797
0.7391677
0.4062281
0.1636230
0.0006544
-0.1380178
-0.2712973
-0.3594209
-0.3573989
-0.2742544
-0.1690334
-0.0948952
-0.0602542
-0.0448205
-0.0374356
-0.0444250
-0.0664393
-0.0850869
-0.0820659
-0.0651829
-0.0650861
-0.1042075
-0.1725619
-0.2338979
-0.2513697
-0.2088157
-0.1185429
-0.0187386
0.0416756
0.0334794
-0.0253037
-0.0778622
-0.0785994
-0.0394574
-0.0190741
-0.0598451
-0.1400938
-0.1956791
-0.1869042
-0.1348653
-0.0888974
-0.0682732
-0.0487475
-0.0063358
0.0406976
0.0475495
-0.0010725
-0.0642166
-0.0830919
-0.0421073
0.0168913
0.0411997
0.0199781
-0.0130028
-0.0212880
0.0006445
0.0362462
0.0770555
0.1309505
0.2002210
0.2644755
0.2974899
0.2995418
0.3013226
0.3288481
0.3700810
0.3859635
0.3554426
0.3011691
0.2644630
0.2597163
0.2643008
0.2564076
0.2514976
0.2860751
0.3633110
0.4295352
0.4206301
0.3320141
0.2296128
0.1829561
0.1930544
0.1961369
0.1375822
0.0313398
-0.0588266
-0.0878622
-0.0674307
-0.0382795
-0.0213743
-0.0079043
0.0105380
0.0206569
0.0035356
-0.0381488
-0.0801341
-0.1017141
-0.1026898
-0.0962875
-0.0949586
-0.1062867
-0.1325355
-0.1630711
-0.1706132
-0.1298233
-0.0481820
0.0285931
0.0539854
0.0255966
-0.0146617
-0.0279311
-0.0182367
-0.0191224
-0.0485214
-0.0905809
-0.1223662
-0.1421450
-0.1584495
-0.1597074
-0.1161296
-0.0215066
0.0790169
0.1216243
0.0888892
0.0308487
0.0107994
0.0343283
0.0445361
-0.0092546
-0.1089552
-0.1836428
-0.1836639
-0.1270077
-0.0695777
-0.0413109
-0.0242061
0.0086427
0.0479560
0.0550707
0.0115182
-0.0514118
-0.0819293
-0.0634626
-0.0325879
-0.0393562
-0.0955826
-0.1662350
-0.2072401
-0.2045893
-0.1763635
-0.1444905
-0.1123853
-0.0709344
-0.0205437
0.0195862
0.0272633
0.0013211
-0.0332257
-0.0469852
-0.0347940
-0.0221253
-0.0406958
-0.0959816
-0.1600647
-0.1982800
-0.2004962
-0.1816122
-0.1537080
-0.1095028
-0.0418711
0.0277938
0.0577941
0.0298354
-0.0251534
-0.0568211
-0.0495768
-0.0366907
-0.0580691
-0.1142444
-0.1699406
-0.1947972
-0.1856583
-0.1497964
-0.0870762
-0.0047288
0.0612492
0.0655091
0.0037292
-0.0717616
-0.1025717
-0.0856882
-0.0703414
-0.0946785
-0.1420349
-0.1677048
-0.1547436
-0.1253117
-0.1005677
-0.0718962
-0.0243339
0.0258273
0.0396925
0.0044720
-0.0449092
-0.0651974
-0.0559519
-0.0561890
-0.0929470
-0.1493323
-0.1877086
-0.1890771
-0.1569716
-0.0936340
0.0037696
0.1163809
0.1929355
0.1898955
0.1246080
0.0701142
0.0825261
0.1388887
0.1608849
0.1013140
-0.0052585
-0.0836972
-0.0985871
-0.0795567
-0.0701643
-0.0710864
-0.0484328
0.0077364
0.0530712
0.0305964
-0.0610388
-0.1547609
-0.1788737
-0.1301385
-0.0760285
-0.0842513
-0.1566304
-0.2355415
-0.2687591
-0.2577312
-0.2394596
-0.2301440
-0.2014299
-0.1206372
-0.0085453
0.0590046
0.0197593
-0.1055156
-0.2221227
-0.2464859
-0.1804381
-0.0976703
-0.0592380
-0.0486412
0.0093151
0.1736889
0.4371836
0.7411231
1.0201824
1.2225270
1.3021116
1.2227662
0.9888583
0.6650802
0.3479850
0.1083699
-0.0399116
-0.1210106
-0.1603957
-0.1717131
-0.1672390
-0.1616916
-0.1580554
-0.1395301
-0.0895982
-0.0223053
0.0176482
-0.0055115
-0.0792740
-0.1485229
-0.1632243
-0.1212282
-0.0673484
-0.0540005
-0.0996609
-0.1766988
-0.2342350
-0.2366548
-0.1878685
-0.1226905
-0.0747414
-0.0515085
-0.0387729
-0.0251002
-0.0162962
-0.0238235
-0.0448028
-0.0633875
-0.0751741
-0.1005649
-0.1599588
-0.2336446
-0.2601775
-0.1900807
-0.0433480
0.0958761
0.1502739
0.1164733
0.0607801
0.0503356
0.0915197
0.1349512
0.1340355
0.0915156
0.0495157
0.0435009
0.0742270
0.1217025
0.1747007
0.2380976
0.3136965
0.3830834
0.4171830
0.4051497
0.3712078
0.3576095
0.3867255
0.4396371
0.4741160
0.4644814
0.4233891
0.3857853
0.3746012
0.3837700
0.3928376
0.3936905
0.3984280
0.4194532
0.4456305
0.4453503
0.3976255
0.3180584
0.2487843
0.2198533
0.2207765
0.2107260
0.1566825
0.0623580
-0.0374872
-0.1068941
-0.1308162
-0.1128285
-0.0631434
0.0020178
0.0545379
0.0646486
0.0282919
-0.0205848
-0.0376871
-0.0135923
0.0138001
-0.0023345
-0.0684515
-0.1444613
-0.1857148
-0.1835445
-0.1603929
-0.1336817
-0.0986118
-0.0484873
0.0024391
0.0293676
0.0258717
0.0096447
-0.0020579
-0.0114356
-0.0290856
-0.0539057
-0.0756655
-0.0935812
-0.1167748
-0.1400818
-0.1328132
-0.0697016
0.0264337
0.0910340
0.0809260
0.0241435
-0.0099412
0.0076558
0.0287415
-0.0169522
-0.1382865
-0.2671894
-0.3245751
-0.2896395
-0.2022916
-0.1128189
-0.0443709
0.0002284
0.0173930
0.0050220
-0.0208480
-0.0317496
-0.0187451
-0.0089572
-0.0370535
-0.1014819
-0.1605443
-0.1759167
-0.1517379
-0.1234686
-0.1130595
-0.1060073
-0.0763100
-0.0268732
0.0048135
-0.0153075
-0.0784591
-0.1372536
-0.1501479
-0.1190372
-0.0826729
-0.0770277
-0.1046804
-0.1398063
-0.1574625
-0.1552192
-0.1469175
-0.1385264
-0.1164260
-0.0659246
-0.0004747
0.0378057
0.0169514
-0.0458210
-0.0931195
-0.0827856
-0.0332841
-0.0079609
-0.0511690
-0.1428344
-0.2194372
-0.2364843
-0.2032907
-0.1577875
-0.1210480
-0.0877718
-0.0534748
-0.0308517
-0.0311691
-0.0425574
-0.0428964
-0.0330926
-0.0425868
-0.0934355
-0.1672980
-0.2209665
-0.2336453
-0.2239914
-0.2127218
-0.1835660
-0.1047093
0.0096426
0.0849023
0.0561157
-0.0535323
-0.1463031
-0.1491665
-0.0862364
-0.0431772
-0.0712175
-0.1426858
-0.1961641
-0.2005285
-0.1615909
-0.0866808
0.0230171
0.1397854
0.2022087
0.1726645
0.0948739
0.0612337
0.1093104
0.1711992
0.1469359
0.0201851
-0.1210663
-0.1802846
-0.1473949
-0.0868624
-0.0499561
-0.0273681
0.0086622
0.0445519
0.0352662
-0.0313657
-0.1080722
-0.1392353
-0.1235076
-0.1077264
-0.1247454
-0.1577758
-0.1711440
-0.1586358
-0.1451042
-0.1458214
-0.1435621
-0.1158070
-0.0749100
-0.0637939
-0.1056086
-0.1684220
-0.1940168
-0.1625705
-0.1169001
-0.1140773
-0.1575693
-0.1869131
-0.1368593
-0.0006004
0.1718414
0.3369118
0.5093364
0.7377373
1.0236688
1.2759754
1.3653145
1.2354203
0.9574122
0.6673314
0.4498500
0.2858467
0.1089146
-0.1006480
-0.2882745
-0.3857522
-0.3820434
-0.3231812
-0.2525606
-0.1737585
-0.0787894
0.0082149
0.0412910
0.0074649
-0.0494095
-0.0734331
-0.0580071
-0.0494227
-0.0899900
-0.1698160
-0.2405877
-0.2668296
-0.2501413
-0.2065015
-0.1410337
-0.0596130
0.0074204
0.0195833
-0.0275968
-0.0875133
-0.1088855
-0.0912327
-0.0803074
-0.1099209
-0.1629975
-0.1957930
-0.1881169
-0.1557853
-0.1178093
-0.0705128
-0.0051748
0.0605311
0.0899190
0.0706628
0.0350360
0.0247313
0.0439146
0.0608784
0.0516963
0.0253602
0.0033380
-0.0076231
-0.0087105
0.0142693
0.0850982
0.2000825
0.3102732
0.3587081
0.3389073
0.3051331
0.3155857
0.3706764
0.4176832
0.4141283
0.3733002
0.3427770
0.3502469
0.3822504
0.4109224
0.4266050
0.4381897
0.4493047
0.4455310
0.4100376
0.3485250
0.2909279
0.2631045
0.2588262
0.2452153
0.1966822
0.1197826
0.0441325
-0.0064524
-0.0308014
-0.0414152
-0.0438201
-0.0288529
0.0120837
0.0658221
0.0988338
0.0865226
0.0399155
-0.0028160
-0.0136579
-0.0016775
-0.0024097
-0.0419712
-0.1112974
-0.1739292
-0.1980226
-0.1795297
-0.1342416
-0.0743046
-0.0036876
0.0631253
0.0946508
0.0706769
0.0137967
-0.0240511
-0.0154818
0.0089379
-0.0080149
-0.0848832
-0.1763943
-0.2193321
-0.1966390
-0.1443873
-0.0983373
-0.0547486
0.0026053
0.0541619
0.0539332
-0.0079199
-0.0772133
-0.0901050
-0.0454768
-0.0037900
-0.0153737
-0.0685911
-0.1158194
-0.1328444
-0.1318748
-0.1214941
-0.0839941
-0.0115878
0.0537867
0.0528542
-0.0120539
-0.0616534
-0.0289028
0.0511078
0.0715065
-0.0237200
-0.1731035
-0.2659504
-0.2575888
-0.1948854
-0.1372120
-0.0863009
-0.0128195
0.0696366
0.0978998
0.0401102
-0.0452198
-0.0649308
-0.0031478
0.0536038
0.0167055
-0.0998764
-0.1965065
-0.2002713
-0.1360467
-0.0805897
-0.0670485
-0.0573850
-0.0089812
0.0546345
0.0625175
-0.0149120
-0.1183642
-0.1580909
-0.1120142
-0.0475928
-0.0445183
-0.1106357
-0.1824313
-0.1992792
-0.1639483
-0.1271395
-0.1209660
-0.1209647
-0.0818584
-0.0038298
0.0549620
0.0409831
-0.0302603
-0.0869729
-0.0777586
-0.0252003
0.0003756
-0.0455562
-0.1391830
-0.2168613
-0.2385899
-0.2158923
-0.1793531
-0.1359896
-0.0748278
-0.0059804
0.0327284
0.0191735
-0.0199201
-0.0368436
-0.0189219
-0.0020937
-0.0276261
-0.0966068
-0.1731427
-0.2248466
-0.2472225
-0.2453755
-0.2080512
-0.1225753
-0.0165582
0.0424175
0.0115542
-0.0725018
-0.1272621
-0.1136295
-0.0733266
-0.0730107
-0.1277495
-0.1907098
-0.2084019
-0.1707574
-0.1053572
-0.0357592
0.0383462
0.1164969
0.1702097
0.1626605
0.0973765
0.0284468
0.0108528
0.0484380
0.0960166
0.1021362
0.0449972
-0.0568389
-0.1527311
-0.1870463
-0.1387201
-0.0425900
0.0334222
0.0402374
-0.0147152
-0.0760990
-0.0917389
-0.0635846
-0.0451470
-0.0810304
-0.1555692
-0.2136430
-0.2258898
-0.2145302
-0.2138430
-0.2235528
-0.2108634
-0.1519097
-0.0665870
-0.0123476
-0.0354109
-0.1199343
-0.1942683
-0.2006399
-0.1531127
-0.1138168
-0.1166437
-0.1272713
-0.0758181
0.0806385
0.3236115
0.5915069
0.8328760
1.0393274
1.2140917
1.3151140
1.2645716
1.0350725
0.7044190
0.3993349
0.1917959
0.0625931
-0.0481316
-0.1722585
-0.2870450
-0.3432689
-0.3212236
-0.2555738
-0.1936493
-0.1417054
-0.0801762
-0.0208988
-0.0045225
-0.0367336
-0.0720627
-0.0755769
-0.0629565
-0.0662696
-0.0961290
-0.1473388
-0.2033458
-0.2288364
-0.2021412
-0.1582626
-0.1460674
-0.1414347
-0.0751860
0.0396248
