-0.0149241
0.0707585
0.0668541
-0.0111616
-0.0959587
-0.1268248
-0.0981978
-0.0508975
-0.0195534
0.0010298
0.0319781
0.0655410
0.0664670
0.0240501
-0.0176065
-0.0039028
0.0589123
0.0992852
0.0584697
-0.0389564
-0.1075247
-0.0905168
-0.0132378
0.0547623
0.0742645
0.0599424
0.0401826
0.0197467
-0.0066347
-0.0238104
-0.0081317
0.0278780
0.0286524
-0.0460074
-0.1635211
-0.2398006
-0.2220783
-0.1383371
-0.0595400
-0.0254350
-0.0194908
-0.0086206
0.0133333
0.0292341
0.0302353
0.0246730
0.0159876
-0.0100507
-0.0640201
-0.1269857
-0.1614276
-0.1501782
-0.1135966
-0.0825695
-0.0634698
-0.0404970
-0.0091841
0.0073440
-0.0150841
-0.0643161
-0.0941272
-0.0714714
-0.0182091
0.0031935
-0.0488788
-0.1492064
-0.2249271
-0.2221509
-0.1529708
-0.0773126
-0.0419942
-0.0413172
-0.0368609
-0.0091705
0.0190342
0.0135910
-0.0249663
-0.0573646
-0.0507795
-0.0196766
-0.0122239
-0.0570073
-0.1315407
-0.1861447
-0.1913440
-0.1555158
-0.1034137
-0.0530047
-0.0174507
-0.0129632
-0.0432527
-0.0755387
-0.0547440
0.0379077
0.1453430
0.1760579
0.0973722
-0.0219316
-0.0757150
-0.0258415
0.0672466
0.1190384
0.1107597
0.0937986
0.1146009
0.1569858
0.1679117
0.1265432
0.0683990
0.0387541
0.0370297
0.0193449
-0.0478293
-0.1474525
-0.2270303
-0.2467224
-0.2096052
-0.1515425
-0.1093614
-0.0972560
-0.1043901
-0.1084264
-0.0939570
-0.0657632
-0.0485171
-0.0704421
-0.1405135
-0.2371220
-0.3189696
-0.3504011
-0.3219411
-0.2532861
-0.1806072
-0.1371369
-0.1345631
-0.1524023
-0.1444216
-0.0650497
0.0982630
0.3126916
0.5219887
0.6863015
0.8033155
0.8900579
0.9454762
0.9367866
0.8284045
0.6238487
0.3732647
0.1357099
-0.0636590
-0.2352895
-0.3870776
-0.4943425
-0.5172090
-0.4491366
-0.3410054
-0.2680979
-0.2686127
-0.3143904
-0.3419661
-0.3110740
-0.2338695
-0.1531271
-0.0995406
-0.0723588
-0.0553223
-0.0414762
-0.0369645
-0.0442956
-0.0516285
-0.0453858
-0.0310120
-0.0325911
-0.0667257
-0.1203387
-0.1607926
-0.1678661
-0.1490190
-0.1205247
-0.0825533
-0.0252237
0.0413996
0.0803277
0.0663533
0.0274916
0.0273272
0.0930157
0.1702838
0.1694541
0.0621072
-0.0794984
-0.1491598
-0.1077987
-0.0092884
0.0687190
0.1022597
0.1230558
0.1599692
0.2018138
0.2224202
0.2237976
0.2354288
0.2720795
0.3085930
0.3069187
0.2636792
0.2219058
0.2332216
0.3102856
0.4151936
0.4912870
0.5080971
0.4821861
0.4580720
0.4653490
0.4894370
0.4846577
0.4195028
0.3089040
0.1985665
0.1185518
0.0597973
0.0005281
-0.0528825
-0.0665384
-0.0250903
0.0347180
0.0517003
0.0034983
-0.0679543
-0.1014555
-0.0826996
-0.0575574
-0.0794637
-0.1510625
-0.2224045
-0.2427230
-0.2076874
-0.1560909
-0.1269334
-0.1246119
-0.1236589
-0.1014131
-0.0630775
-0.0361903
-0.0422128
-0.0734153
-0.0981968
-0.0916870
-0.0623269
-0.0452660
-0.0657037
-0.1098677
-0.1372866
-0.1231087
-0.0826440
-0.0491885
-0.0329469
-0.0138994
0.0215497
0.0505519
0.0373397
-0.0137662
-0.0483201
-0.0208564
0.0423406
0.0597202
-0.0178666
-0.1477234
-0.2361746
-0.2333781
-0.1726881
-0.1165464
-0.0847355
-0.0529250
-0.0101449
0.0125580
-0.0155808
-0.0717326
-0.0942973
-0.0550158
0.0015174
0.0037831
-0.0677502
-0.1601996
-0.2052009
-0.1834943
-0.1291833
-0.0833941
-0.0585477
-0.0458174
-0.0403346
-0.0463991
-0.0621814
-0.0725054
-0.0636018
-0.0416739
-0.0314351
-0.0548518
-0.1112148
-0.1754489
-0.2135497
-0.2030609
-0.1467705
-0.0719951
-0.0141497
0.0062414
-0.0039431
-0.0193875
-0.0195636
-0.0061106
-0.0002214
-0.0240246
-0.0820962
-0.1562113
-0.2149485
-0.2309206
-0.1960712
-0.1270229
-0.0564414
-0.0137469
-0.0069214
-0.0191302
-0.0243552
-0.0107323
0.0080086
0.0046436
-0.0341806
-0.0894914
-0.1203774
-0.0978812
-0.0317986
0.0377526
0.0781863
0.0931398
0.1105004
0.1428827
0.1673155
0.1514815
0.0988707
0.0576555
0.0746703
0.1397735
0.1840505
0.1419868
0.0179599
-0.1116502
-0.1651158
-0.1252836
-0.0459089
0.0055720
0.0063417
-0.0181798
-0.0374027
-0.0494264
-0.0693598
-0.0957332
-0.1052130
-0.0861930
-0.0660696
-0.0889584
-0.1633096
-0.2438294
-0.2760373
-0.2536277
-0.2184367
-0.2028388
-0.1891884
-0.1408157
-0.0640858
-0.0146823
-0.0314498
-0.0817378
-0.0969340
-0.0618624
-0.0431285
-0.1094342
-0.2335902
-0.2969875
-0.1975319
0.0604711
0.3885799
0.7047965
0.9775365
1.1869021
1.2817277
1.2079811
0.9751970
0.6665281
0.3692499
0.1086852
-0.1349519
-0.3560567
-0.4976692
-0.5072676
-0.4033133
-0.2673349
-0.1703602
-0.1204303
-0.0843809
-0.0437958
-0.0127558
-0.0054923
-0.0079897
0.0048409
0.0308436
0.0349733
-0.0123341
-0.0973068
-0.1694086
-0.1845957
-0.1396681
-0.0676775
-0.0067623
0.0253967
0.0348343
0.0392127
0.0539010
0.0825023
0.1133688
0.1250250
0.1012785
0.0472666
-0.0084696
-0.0319778
-0.0092849
0.0430752
0.0928011
0.1187397
0.1250638
0.1305410
0.1460604
0.1653353
0.1782078
0.1888351
0.2134680
0.2566314
0.2945636
0.2924496
0.2435288
0.1864710
0.1750016
0.2272288
0.3098178
0.3760799
0.4148560
0.4534964
0.5136863
0.5776624
0.6094634
0.6039270
0.5966202
0.6162514
0.6392116
0.6101658
0.5102608
0.3888693
0.3152321
0.3065190
0.3196303
0.3124009
0.2912191
0.2846451
0.2869053
0.2580919
0.1863681
0.1216651
0.1193491
0.1578231
0.1455245
0.0265461
-0.1401557
-0.2335835
-0.2003804
-0.1070995
-0.0548441
-0.0658124
-0.0795932
-0.0509308
-0.0132815
-0.0272788
-0.0906391
-0.1348297
-0.1135885
-0.0645086
-0.0619317
-0.1231564
-0.1878677
-0.1917519
-0.1367823
-0.0755909
-0.0436141
-0.0305543
-0.0155292
-0.0029401
-0.0078173
-0.0214794
-0.0170303
0.0091006
0.0221613
-0.0108308
-0.0767674
-0.1289725
-0.1414007
-0.1325680
-0.1298963
-0.1278275
-0.0998704
-0.0460912
-0.0045925
-0.0048708
-0.0257900
-0.0212170
0.0142424
0.0274317
-0.0315113
-0.1406596
-0.2197567
-0.2151085
-0.1553501
-0.1117443
-0.1132185
-0.1196713
-0.0825481
-0.0142612
0.0203839
-0.0192519
-0.0970962
-0.1351541
-0.0980658
-0.0343541
-0.0293006
-0.1179962
-0.2465514
-0.3193165
-0.2854217
-0.1817221
-0.0932639
-0.0727891
-0.0995551
-0.1153479
-0.0935547
-0.0630151
-0.0629290
-0.0882228
-0.0963330
-0.0678861
-0.0412629
-0.0704070
-0.1546046
-0.2303781
-0.2400295
-0.1930676
-0.1452002
-0.1261927
-0.1122996
-0.0751334
-0.0333912
-0.0312444
-0.0720178
-0.1031580
-0.0816244
-0.0356734
-0.0361561
-0.1079280
-0.1942800
-0.2217333
-0.1833162
-0.1359080
-0.1203556
-0.1116902
-0.0624551
0.0230664
0.0855512
0.0841168
0.0496793
0.0465549
0.0896702
0.1228772
0.0875545
-0.0020173
-0.0684954
-0.0553859
0.0128498
0.0612186
0.0462177
-0.0035826
-0.0276495
-0.0022873
0.0381314
0.0426949
-0.0052519
-0.0820354
-0.1582741
-0.2267980
-0.2940325
-0.3539129
-0.3820679
-0.3585147
-0.2908401
-0.2109789
-0.1509504
-0.1237794
-0.1234964
-0.1350686
-0.1420168
-0.1330508
-0.1122058
-0.1031207
-0.1330742
-0.2037034
-0.2789658
-0.3096276
-0.2727208
-0.1838002
-0.0699192
0.0622960
0.2252711
0.4220864
0.6318073
0.8275338
0.9976957
1.1342962
1.2007106
1.1314402
0.8860081
0.5078038
0.1165362
-0.1722143
-0.3250958
-0.3904120
-0.4271300
-0.4450145
-0.4162227
-0.3321406
-0.2308053
-0.1626902
-0.1392518
-0.1270538
-0.0931438
-0.0468880
-0.0302079
-0.0694184
-0.1437657
-0.2033480
-0.2137168
-0.1798858
-0.1307583
-0.0882349
-0.0551906
-0.0279426
-0.0095355
-0.0042746
-0.0034364
0.0121050
0.0473535
0.0754135
0.0564257
-0.0178783
-0.1029431
-0.1355131
-0.0937066
-0.0181189
0.0318495
0.0384630
0.0349047
0.0567934
0.0984888
0.1268005
0.1288773
0.1280981
0.1476151
0.1734757
0.1700951
0.1293099
0.0878963
0.0899989
0.1427396
0.2181732
0.2902664
0.3538966
0.4085721
0.4442762
0.4577904
0.4710669
0.5101244
0.5618932
0.5726821
0.5073270
0.4027085
0.3426123
0.3740549
0.4610209
0.5281742
0.5382473
0.5126102
0.4842645
0.4554738
0.4114008
0.3557813
0.3080621
0.2664886
0.1991190
0.0878147
-0.0307883
-0.0909448
-0.0691596
-0.0143552
0.0052613
-0.0222469
-0.0455708
-0.0200064
0.0312373
0.0395055
-0.0281681
-0.1242669
-0.1660936
-0.1227620
-0.0489102
-0.0286659
-0.0898493
-0.1782322
-0.2156669
-0.1773333
-0.1070457
-0.0607310
-0.0468632
-0.0310226
0.0071931
0.0400511
0.0264668
-0.0267171
-0.0586008
-0.0211592
0.0562834
0.0869496
0.0169627
-0.1135790
-0.2086903
-0.2108791
-0.1473209
-0.0844461
-0.0538217
-0.0354050
-0.0040884
0.0310814
0.0445134
0.0356410
0.0308497
0.0417785
0.0414214
-0.0016417
-0.0723093
-0.1133843
-0.0892818
-0.0315138
-0.0041242
-0.0272537
-0.0543597
-0.0344127
0.0183796
0.0380419
-0.0100469
-0.0811221
-0.1020231
-0.0606490
-0.0228693
-0.0547879
-0.1444108
-0.2147575
-0.2073356
-0.1359316
-0.0583856
-0.0152486
-0.0081799
-0.0228710
-0.0471640
-0.0640666
-0.0523207
-0.0148987
0.0029463
-0.0494642
-0.1645575
-0.2666233
-0.2820958
-0.2144016
-0.1343634
-0.0986665
-0.0965762
-0.0842105
-0.0514056
-0.0303924
-0.0417322
-0.0598770
-0.0498519
-0.0234683
-0.0324862
-0.1011850
-0.1859699
-0.2182246
-0.1793274
-0.1155822
-0.0785623
-0.0693764
-0.0541931
-0.0228853
-0.0092423
-0.0452283
-0.1090572
-0.1362937
-0.0865657
0.0083128
0.0691287
0.0428373
-0.0478621
-0.1246177
-0.1213950
-0.0377495
0.0670929
0.1291569
0.1316251
0.1083683
0.1019450
0.1223297
0.1468779
0.1533978
0.1424190
0.1240477
0.0936605
0.0348713
-0.0515680
-0.1339357
-0.1750931
-0.1689059
-0.1422260
-0.1214227
-0.1083157
-0.0942988
-0.0858043
-0.0985101
-0.1263996
-0.1358564
-0.1060926
-0.0683779
-0.0844228
-0.1765635
-0.2906918
-0.3433858
-0.3055175
-0.2275188
-0.1784632
-0.1724748
-0.1679365
-0.1340094
-0.0978421
-0.1127865
-0.1868358
-0.2591345
-0.2538640
-0.1493823
0.0139669
0.1891348
0.3716925
0.5881904
0.8425478
1.0832692
1.2247385
1.1985960
0.9919143
0.6537259
0.2765193
-0.0394614
-0.2320927
-0.3099285
-0.3388849
-0.3822163
-0.4444229
-0.4761823
-0.4361930
-0.3413389
-0.2489232
-0.1945144
-0.1605640
-0.1104946
-0.0414762
0.0108132
0.0176471
-0.0087106
-0.0356016
-0.0547575
-0.0896386
-0.1547483
-0.2213391
-0.2377423
-0.1835554
-0.0936169
-0.0238130
0.0007069
-0.0022897
-0.0055143
-0.0047460
-0.0128139
-0.0300169
-0.0348536
-0.0101733
0.0279508
0.0383849
-0.0028476
-0.0714467
-0.1117573
-0.0876195
-0.0152615
0.0557800
0.0925524
0.1058326
0.1276202
0.1685400
0.2065281
0.2189805
0.2160644
0.2302047
0.2721795
0.3101406
0.3033487
0.2535161
0.2100395
0.2192393
0.2772912
0.3425011
0.3878658
0.4254683
0.4750577
0.5256787
0.5475165
0.5384619
0.5358721
0.5671767
0.5999490
0.5639098
0.4302143
0.2564146
0.1400913
0.1299787
0.1900343
0.2463397
0.2555347
0.2246111
0.1805796
0.1395941
0.1049150
0.0772245
0.0545531
0.0275653
-0.0133138
-0.0643019
-0.1084236
-0.1312682
-0.1313752
-0.1136497
-0.0810117
-0.0403123
-0.0108136
-0.0124342
-0.0398678
-0.0579165
-0.0347483
0.0194367
0.0550427
0.0287407
-0.0560505
-0.1546933
-0.2205171
-0.2337273
-0.1993901
-0.1328877
-0.0547829
0.0095287
0.0408743
0.0427328
0.0399679
0.0535214
0.0763252
0.0785951
0.0382952
-0.0354933
-0.1090983
-0.1506715
-0.1496096
-0.1157018
-0.0668257
-0.0195267
0.0135846
0.0245611
0.0124782
-0.0145753
-0.0415776
-0.0539151
-0.0471012
-0.0320141
-0.0285769
-0.0490566
-0.0847464
-0.1115742
-0.1126952
-0.0951818
-0.0806230
-0.0786851
-0.0756003
-0.0542595
-0.0224847
-0.0107550
-0.0353115
-0.0694916
-0.0647271
-0.0061718
0.0594468
0.0627078
-0.0183025
-0.1318941
-0.2011455
-0.1953759
-0.1489755
-0.1131154
-0.1005601
-0.0851075
-0.0473566
-0.0043758
0.0131579
0.0028180
-0.0063712
0.0047668
0.0141718
-0.0187190
-0.1010235
-0.1895762
-0.2313705
-0.2130143
-0.1625514
-0.1099056
-0.0620267
-0.0203158
-0.0035454
-0.0316857
-0.0880027
-0.1197683
-0.0932878
-0.0403087
-0.0306347
-0.0943307
-0.1848103
-0.2284515
-0.2012141
-0.1425615
-0.0990919
-0.0753127
-0.0482474
-0.0120061
0.0157678
0.0299225
0.0549170
0.1091691
0.1640078
0.1620012
0.0831296
-0.0213506
-0.0739008
-0.0459423
0.0208600
0.0654186
0.0670173
0.0515154
0.0511393
0.0715874
0.0958739
0.1053377
0.0887822
0.0396646
-0.0412642
-0.1365539
-0.2136271
-0.2451409
-0.2300547
-0.1922759
-0.1579332
-0.1357065
-0.1192593
-0.1047117
-0.1002190
-0.1157719
-0.1455062
-0.1654293
-0.1544340
-0.1198683
-0.0986721
-0.1261468
-0.1995398
-0.2749284
-0.3049148
-0.2800398
-0.2295412
-0.1808364
-0.1246353
-0.0264760
0.1301956
0.3228799
0.5164029
0.7008423
0.8881553
1.0675588
1.1778134
1.1417455
0.9349302
0.6150439
0.2789421
-0.0057383
-0.2240995
-0.3810202
-0.4662891
-0.4648894
-0.3925065
-0.2994948
-0.2287541
-0.1785377
-0.1211442
-0.0574857
-0.0357164
-0.1012832
-0.2331002
-0.3462907
-0.3675565
-0.3018232
-0.2166118
-0.1664239
-0.1464639
-0.1223031
-0.0866077
-0.0670914
-0.0812200
-0.1052236
-0.1029652
-0.0766697
-0.0699597
-0.1157718
-0.1936082
-0.2478692
-0.2421315
-0.1854448
-0.1102672
-0.0408817
0.0115763
0.0392084
0.0410221
0.0342676
0.0435109
0.0685663
0.0742053
0.0273791
-0.0556488
-0.1129865
-0.0952760
-0.0136213
0.0775165
0.1394452
0.1801032
0.2269428
0.2844082
0.3306173
0.3509638
0.3592248
0.3780260
0.4065087
0.4191890
0.3985878
0.3611125
0.3442513
0.3695271
0.4223973
0.4685603
0.4854538
0.4751525
0.4504542
0.4165497
0.3714784
0.3214399
0.2858194
0.2781704
0.2818926
0.2539703
0.1640412
0.0331735
-0.0730177
-0.0994554
-0.0531287
0.0039363
0.0161592
-0.0137036
-0.0374445
-0.0221113
0.0125128
0.0221053
-0.0051352
-0.0342243
-0.0302510
-0.0075513
-0.0175451
-0.0869136
-0.1802443
-0.2324617
-0.2123649
-0.1445802
-0.0729853
-0.0188533
0.0180513
0.0333109
0.0165253
-0.0209593
-0.0391977
-0.0115976
0.0310491
0.0216057
-0.0661633
-0.1735254
-0.2082410
-0.1408206
-0.0349472
0.0243808
0.0201333
0.0065014
0.0296929
0.0685912
0.0667166
0.0095989
-0.0528310
-0.0659189
-0.0352860
-0.0168035
-0.0471583
-0.1017864
-0.1274419
-0.1034383
-0.0572851
-0.0248163
-0.0121399
-0.0033154
0.0083194
0.0134272
0.0095225
0.0127124
0.0350969
