-0.0614163
-0.0420523
-0.0346288
-0.0705254
-0.0984999
-0.0743321
-0.0389414
-0.0642206
-0.1474173
-0.2096685
-0.1957518
-0.1331357
-0.0832007
-0.0666820
-0.0573696
-0.0336773
-0.0137767
-0.0327661
-0.0894591
-0.1281863
-0.0910649
0.0073359
0.0766641
0.0404724
-0.0778835
-0.1759592
-0.1766130
-0.0969862
-0.0137648
0.0228734
0.0293910
0.0497604
0.0919235
0.1163062
0.0892334
0.0331544
0.0049884
0.0248804
0.0468021
0.0117935
-0.0821946
-0.1787319
-0.2246968
-0.2171312
-0.1881033
-0.1600161
-0.1291205
-0.0888724
-0.0536107
-0.0469044
-0.0690980
-0.0906015
-0.0859693
-0.0666287
-0.0675785
-0.1041639
-0.1547450
-0.1876977
-0.1929237
-0.1805285
-0.1595872
-0.1312543
-0.1001382
-0.0781673
-0.0677607
-0.0444929
0.0330074
0.1886357
0.4052057
0.6381262
0.8477838
1.0094281
1.0950614
1.0676204
0.9121796
0.6684189
0.4134426
0.2045480
0.0465684
-0.0803522
-0.1730863
-0.2022751
-0.1585641
-0.0866763
-0.0563881
-0.0971824
-0.1723111
-0.2230250
-0.2279595
-0.2072967
-0.1777637
-0.1286092
-0.0522641
0.0200940
0.0386276
-0.0067327
-0.0651995
-0.0754294
-0.0325561
0.0064249
-0.0133483
-0.0838645
-0.1446292
-0.1485325
-0.1052793
-0.0570855
-0.0251914
0.0046326
0.0461481
0.0799920
0.0703817
0.0127336
-0.0464130
-0.0471379
0.0220547
0.1032053
0.1177774
0.0428012
-0.0628672
-0.1129121
-0.0747957
0.0060746
0.0620951
0.0757068
0.0889764
0.1433598
0.2221181
0.2651820
0.2412596
0.1907992
0.1836807
0.2375393
0.2938924
0.2828713
0.2021897
0.1207269
0.1073442
0.1681044
0.2550348
0.3224687
0.3614636
0.3838071
0.3920593
0.3789294
0.3487809
0.3212251
0.3066630
0.2898041
0.2490793
0.1873401
0.1303652
0.0947794
0.0709979
0.0446774
0.0234599
0.0269653
0.0510857
0.0583938
0.0159779
-0.0622091
-0.1239683
-0.1337580
-0.1102961
-0.1022862
-0.1329706
-0.1799860
-0.2085065
-0.2093243
-0.1959639
-0.1755849
-0.1401966
-0.0884662
-0.0415778
-0.0252579
-0.0388284
-0.0527058
-0.0413555
-0.0144935
-0.0102576
-0.0573435
-0.1459268
-0.2337305
-0.2759021
-0.2511182
-0.1708342
-0.0739957
-0.0087266
-0.0033303
-0.0441535
-0.0848241
-0.0866409
-0.0544084
-0.0306243
-0.0519421
-0.1119437
-0.1684534
-0.1865581
-0.1702797
-0.1491628
-0.1381306
-0.1207826
-0.0780210
-0.0264033
-0.0139234
-0.0692845
-0.1594767
-0.2092407
-0.1715395
-0.0793187
-0.0214174
-0.0607912
-0.1742891
-0.2740974
-0.2890663
-0.2250751
-0.1485752
-0.1168014
-0.1276288
-0.1352714
-0.1084849
-0.0667328
-0.0557546
-0.0904204
-0.1312595
-0.1264685
-0.0754514
-0.0387609
-0.0761335
-0.1787463
-0.2727931
-0.2912573
-0.2332687
-0.1490836
-0.0794919
-0.0275508
0.0120558
0.0221905
-0.0148916
-0.0731384
-0.0918018
-0.0462512
0.0071760
-0.0158710
-0.1279573
-0.2448466
-0.2725131
-0.2049688
-0.1180415
-0.0749830
-0.0662281
-0.0515876
-0.0338984
-0.0553879
-0.1215673
-0.1665938
-0.1246254
-0.0234690
0.0286074
-0.0377440
-0.1691184
-0.2467078
-0.2171216
-0.1394631
-0.0994492
-0.1061983
-0.0995074
-0.0463883
0.0078034
0.0017808
-0.0523689
-0.0778575
-0.0354322
0.0130411
-0.0307380
-0.1803831
-0.3337409
-0.3719255
-0.2755878
-0.1321247
-0.0392168
-0.0200480
-0.0318466
-0.0331852
-0.0228382
-0.0200307
-0.0315467
-0.0507718
-0.0763077
-0.1123666
-0.1500373
-0.1645543
-0.1414839
-0.0976812
-0.0639975
-0.0489908
-0.0324727
0.0003277
0.0295062
0.0191174
-0.0348045
-0.0875256
-0.0875980
-0.0339600
0.0179093
0.0111977
-0.0548765
-0.1267805
-0.1518616
-0.1248385
-0.0799450
-0.0471617
-0.0259421
-0.0008844
0.0282081
0.0429291
0.0336529
0.0208534
0.0383603
0.0932104
0.1496925
0.1612097
0.1173594
0.0531710
0.0107974
0.0000650
0.0034175
0.0129118
0.0450803
0.1094648
0.1732466
0.1796157
0.1120601
0.0278714
0.0070139
0.0630737
0.1197371
0.0885546
-0.0352498
-0.1668273
-0.2196885
-0.1850723
-0.1192910
-0.0704113
-0.0397158
-0.0131886
-0.0022900
-0.0297767
-0.0833870
-0.1125398
-0.0851428
-0.0327422
-0.0190319
-0.0658151
-0.1288767
-0.1529003
-0.1332443
-0.1076778
-0.0959505
-0.0702940
0.0080071
0.1412089
0.3017984
0.4784828
0.6898312
0.9384979
1.1647653
1.2686904
1.1885209
0.9532909
0.6565440
0.3854884
0.1778248
0.0322752
-0.0613923
-0.1103674
-0.1234109
-0.1110783
-0.0790110
-0.0298010
0.0237211
0.0535591
0.0349577
-0.0274072
-0.0967889
-0.1331306
-0.1247657
-0.0906403
-0.0546410
-0.0237715
0.0073044
0.0369867
0.0505351
0.0359428
0.0026148
-0.0209741
-0.0116433
0.0255832
0.0598033
0.0611984
0.0275166
-0.0147077
-0.0341671
-0.0201395
0.0139439
0.0486879
0.0772721
0.1048019
0.1319891
0.1461144
0.1343582
0.1052087
0.0879762
0.1031949
0.1352028
0.1429526
0.1031362
0.0387302
-0.0009521
0.0128061
0.0667852
0.1300185
0.1877886
0.2425066
0.2885790
0.3065133
0.2921393
0.2784938
0.3068912
0.3720324
0.4133890
0.3773718
0.2836748
0.2139588
0.2299575
0.3133858
0.3939424
0.4264418
0.4249289
0.4228761
0.4212101
0.3925596
0.3293945
0.2656988
0.2402498
0.2486719
0.2460961
0.1973937
0.1148919
0.0433398
0.0152215
0.0261010
0.0474670
0.0537198
0.0365668
0.0037205
-0.0277271
-0.0395531
-0.0245819
0.0027549
0.0107336
-0.0271618
-0.1082177
-0.1971333
-0.2480865
-0.2350662
-0.1682215
-0.0863380
-0.0315411
-0.0223923
-0.0431812
-0.0581079
-0.0409687
0.0028380
0.0400366
0.0357118
-0.0190791
-0.0991065
-0.1614335
-0.1743734
-0.1382347
-0.0823062
-0.0400068
-0.0230338
-0.0182125
-0.0097725
-0.0019867
-0.0138947
-0.0494857
-0.0808164
-0.0728812
-0.0284563
0.0024241
-0.0297051
-0.1163605
-0.1923094
-0.2004075
-0.1488969
-0.0953840
-0.0776601
-0.0752614
-0.0470993
0.0051196
0.0315158
-0.0028509
-0.0660690
-0.0894536
-0.0490638
-0.0001937
-0.0195126
-0.1199806
-0.2354219
-0.2879292
-0.2578227
-0.1839628
-0.1113921
-0.0570720
-0.0233162
-0.0192223
-0.0487381
-0.0856138
-0.0863098
-0.0414748
-0.0022232
-0.0348472
-0.1456391
-0.2636926
-0.3071801
-0.2602963
-0.1764306
-0.1126506
-0.0784852
-0.0533616
-0.0348093
-0.0451885
-0.0893694
-0.1287298
-0.1175339
-0.0608612
-0.0169862
-0.0344108
-0.0982212
-0.1499527
-0.1527920
-0.1211321
-0.0867856
-0.0575015
-0.0243948
0.0021775
-0.0080255
-0.0600800
-0.1074650
-0.0948880
-0.0285279
0.0161949
-0.0296088
-0.1518825
-0.2649017
-0.2957699
-0.2453860
-0.1666521
-0.1020672
-0.0579962
-0.0292061
-0.0212457
-0.0361092
-0.0515716
-0.0381735
-0.0003682
0.0161782
-0.0276794
-0.1143844
-0.1806309
-0.1810257
-0.1309937
-0.0810615
-0.0584295
-0.0474274
-0.0258233
-0.0027074
-0.0066195
-0.0416697
-0.0728742
-0.0644666
-0.0257400
-0.0062936
-0.0426441
-0.1169594
-0.1747982
-0.1802296
-0.1461756
-0.1106418
-0.0921956
-0.0764119
-0.0434126
0.0008456
0.0268775
0.0137508
-0.0257822
-0.0550536
-0.0490436
-0.0204284
-0.0098803
-0.0484632
-0.1265590
-0.1981532
-0.2166284
-0.1693525
-0.0814024
0.0096239
0.0792619
0.1206509
0.1350995
0.1288458
0.1175132
0.1202161
0.1385931
0.1461304
0.1112338
0.0351916
-0.0415504
-0.0784439
-0.0746257
-0.0600412
-0.0508384
-0.0312031
0.0109466
0.0448430
0.0183704
-0.0748198
-0.1687474
-0.1861640
-0.1242017
-0.0616141
-0.0738272
-0.1526779
-0.2209206
-0.2175901
-0.1531282
-0.0820501
-0.0418749
-0.0315953
-0.0363042
-0.0486788
-0.0619848
-0.0622365
-0.0450727
-0.0334505
-0.0580012
-0.1125220
-0.1408936
-0.0795110
0.0905385
0.3386971
0.6210308
0.9011206
1.1331194
1.2500657
1.1996689
0.9980062
0.7301133
0.4819658
0.2751125
0.0777247
-0.1257446
-0.2952225
-0.3740643
-0.3540305
-0.2830242
-0.2093688
-0.1382432
-0.0552609
0.0215487
0.0407541
-0.0212163
-0.1138092
-0.1496768
-0.0940907
-0.0062643
0.0183148
-0.0554008
-0.1691585
-0.2330138
-0.2107355
-0.1411007
-0.0842621
-0.0602899
-0.0435253
-0.0075695
0.0366799
0.0521975
0.0208547
-0.0293512
-0.0467943
-0.0075319
0.0571463
0.0870230
0.0484490
-0.0356151
-0.1083427
-0.1273628
-0.0902831
-0.0216684
0.0515392
0.1081563
0.1305859
0.1141277
0.0828029
0.0803072
0.1279356
0.1920406
0.2084637
0.1487026
0.0556376
0.0041914
0.0286502
0.0976330
0.1594792
0.1980332
0.2340515
0.2813503
0.3213864
0.3286246
0.3090624
0.2983245
0.3202305
0.3572528
0.3680367
0.3305336
0.2640230
0.2121312
0.2082617
0.2523312
0.3105218
0.3357378
0.2995714
0.2163354
0.1355802
0.1014421
0.1132098
0.1277025
0.1026418
0.0348245
-0.0459353
-0.1126849
-0.1597602
-0.1860557
-0.1767787
-0.1192502
-0.0359410
0.0166508
-0.0019764
-0.0690837
-0.1145183
-0.0912934
-0.0260281
0.0080212
-0.0323790
-0.1168713
-0.1761088
-0.1731309
-0.1329570
-0.1032991
-0.0976032
-0.0872453
-0.0477837
0.0008286
0.0122109
-0.0290639
-0.0798336
-0.0792024
-0.0179434
0.0410908
0.0201057
-0.0946607
-0.2343491
-0.3091882
-0.2865678
-0.2076733
-0.1340617
-0.0886852
-0.0528529
-0.0106181
0.0208625
0.0128663
-0.0312763
-0.0690171
-0.0618696
-0.0199241
0.0060574
-0.0219999
-0.0905021
-0.1512971
-0.1710111
-0.1555385
-0.1286764
-0.1001121
-0.0643575
-0.0255987
-0.0073760
-0.0273919
-0.0678878
-0.0846231
-0.0530490
-0.0015657
0.0101697
-0.0495381
-0.1488992
-0.2193413
-0.2177520
-0.1611586
-0.1018798
-0.0743266
-0.0706119
-0.0647593
-0.0496067
-0.0409818
-0.0491916
-0.0603604
-0.0555074
-0.0423573
-0.0538261
-0.1085090
-0.1802569
-0.2172116
-0.1913544
-0.1228365
-0.0553311
-0.0163307
-0.0061532
-0.0152352
-0.0360441
-0.0565070
-0.0584709
-0.0378071
-0.0214576
-0.0475485
-0.1212607
-0.1996011
-0.2297769
-0.1994033
-0.1408835
-0.0905539
-0.0578382
-0.0378641
-0.0365731
-0.0631694
-0.1006156
-0.1075018
-0.0655964
-0.0155379
-0.0231746
-0.1041313
-0.1965982
-0.2226206
-0.1706059
-0.1022151
-0.0770533
-0.0877382
-0.0820191
-0.0387148
0.0011132
-0.0129883
-0.0718568
-0.1103170
-0.0825536
-0.0197798
-0.0003583
-0.0648865
-0.1714410
-0.2383749
-0.2239249
-0.1567777
-0.0933197
-0.0582603
-0.0343901
-0.0025108
0.0251182
0.0199308
-0.0209115
-0.0616352
-0.0642969
-0.0329190
-0.0114260
-0.0348905
-0.0891918
-0.1249733
-0.1087060
-0.0525227
0.0067755
0.0483149
0.0781523
0.1049136
0.1201404
0.1124014
0.0932318
0.0924524
0.1208671
0.1474126
0.1270579
0.0528514
-0.0301668
-0.0698813
-0.0603836
-0.0415066
-0.0474946
-0.0694137
-0.0764347
-0.0645110
-0.0653023
-0.1009957
-0.1450843
-0.1466870
-0.0949648
-0.0432245
-0.0563824
-0.1392272
-0.2285670
-0.2566724
-0.2115946
-0.1323292
-0.0604635
-0.0136106
0.0002334
-0.0294860
-0.0944438
-0.1456820
-0.1213081
-0.0072130
0.1447727
0.2760056
0.3922245
0.5548107
0.7932398
1.0411987
1.1773002
1.1291191
0.9272555
0.6605770
0.3982702
0.1663482
-0.0192483
-0.1320295
-0.1623546
-0.1472938
-0.1468656
-0.1852366
-0.2293742
-0.2332066
-0.1913129
-0.1365006
-0.0926711
-0.0521571
-0.0068419
0.0182836
-0.0123236
-0.0878275
-0.1403566
-0.1118931
-0.0278084
0.0165351
-0.0460294
-0.1771995
-0.2665007
-0.2423401
-0.1402276
-0.0562318
-0.0420106
-0.0590056
-0.0373837
0.0340258
0.0919515
0.0739307
-0.0037072
-0.0568106
-0.0240187
0.0633097
0.1107057
0.0586730
-0.0567114
-0.1432942
-0.1445545
-0.0835186
-0.0202268
0.0175344
0.0496618
0.0987074
0.1510020
0.1747177
0.1667138
0.1614775
0.1862690
0.2199119
0.2124385
0.1470263
0.0696887
0.0478975
0.1038275
0.1973709
0.2735053
0.3142238
0.3374614
0.3564156
0.3594979
0.3361175
0.3067488
0.3078953
0.3449083
0.3746648
0.3477386
0.2646272
0.1794822
0.1461744
0.1685671
0.2072491
0.2255390
0.2176524
0.1955003
0.1649955
0.1262217
0.0889340
0.0716924
0.0805307
0.0971069
0.0955019
0.0675146
0.0259606
-0.0125509
-0.0383992
-0.0437083
-0.0211042
0.0213196
0.0516638
0.0387630
-0.0092436
-0.0439136
-0.0279454
0.0159486
0.0231263
-0.0396961
-0.1298589
-0.1694680
-0.1275154
-0.0487972
0.0011116
0.0055606
-0.0003931
0.0117505
0.0248208
0.0052361
-0.0421470
-0.0697310
-0.0432948
0.0108613
0.0286325
-0.0230571
-0.1103909
-0.1689350
-0.1676699
-0.1295546
-0.0937293
-0.0712597
-0.0456497
-0.0093110
0.0159099
0.0026895
-0.0425100
-0.0757581
-0.0584918
-0.0023483
0.0355088
0.0065748
-0.0798337
-0.1639714
-0.1920359
-0.1625218
-0.1164880
-0.0882510
-0.0743010
-0.0519022
-0.0178444
0.0040822
-0.0044630
-0.0282210
-0.0342130
-0.0145089
-0.0018569
-0.0353441
-0.1143258
-0.1936784
-0.2247031
-0.1953427
-0.1306909
-0.0641930
-0.0167564
0.0019474
-0.0115834
-0.0484795
-0.0833008
-0.0907114
-0.0722132
-0.0594965
-0.0829054
-0.1368441
-0.1821601
-0.1843302
-0.1451170
-0.0947835
-0.0589774
-0.0403079
-0.0303492
-0.0283459
-0.0392221
-0.0568565
-0.0617965
-0.0435449
-0.0212213
-0.0319790
-0.0931943
-0.1782426
-0.2343705
-0.2266754
-0.1655136
-0.0939362
-0.0517042
-0.0492950
-0.0682573
-0.0797609
-0.0655213
-0.0307683
-0.0029659
-0.0132379
-0.0694960
-0.1441755
-0.1931764
-0.1925756
-0.1570575
-0.1202470
-0.0989111
-0.0815483
-0.0526646
-0.0209107
-0.0147473
-0.0491208
-0.1024585
-0.1326003
-0.1167375
-0.0742733
-0.0496950
-0.0723321
-0.1300967
-0.1791311
-0.1791192
-0.1236656
-0.0413890
0.0305419
0.0748461
0.0990272
0.1164290
0.1280379
0.1259907
0.1110102
0.0975204
0.0966006
0.0980173
0.0769054
0.0206606
-0.0544265
-0.1153634
-0.1382660
-0.1206308
-0.0747241
-0.0186945
0.0251180
0.0350743
0.0062578
-0.0381792
-0.0626048
-0.0541770
-0.0398162
-0.0602732
-0.1252755
-0.1991677
-0.2341849
-0.2149505
-0.1669051
-0.1249156
-0.1019845
-0.0904281
-0.0837774
-0.0853792
-0.0949841
-0.0992157
-0.0865528
-0.0691491
-0.0770274
-0.1228240
-0.1769746
-0.1860939
-0.1155578
0.0325496
0.2412054
0.5010268
0.7954018
1.0684169
1.2320626
1.2255205
1.0661040
0.8287611
0.5734878
0.3061530
0.0182144
-0.2504902
-0.4148039
-0.4203630
-0.3048757
-0.1696648
-0.0919515
-0.0740277
-0.0737427
-0.0641892
-0.0506775
-0.0426330
-0.0349549
-0.0254362
-0.0327130
-0.0766473
-0.1426963
-0.1841881
-0.1695664
-0.1176322
-0.0738608
-0.0567891
-0.0441483
-0.0161404
0.0049545
-0.0217290
-0.0934826
-0.1460140
-0.1150797
-0.0137594
0.0670222
0.0447211
-0.0708291
-0.1851376
-0.2096734
-0.1404769
-0.0483122
-0.0001688
0.0012580
0.0025615
