-0.1534390
-0.1851777
-0.2028082
-0.1993127
-0.1650653
-0.0689825
0.1346620
0.4612485
0.8475358
1.1565748
1.2530437
1.0964910
0.7720119
0.4281955
0.1755279
0.0313974
-0.0519411
-0.1189570
-0.1722519
-0.1900527
-0.1655799
-0.1210449
-0.0871642
-0.0775003
-0.0848756
-0.0964625
-0.1056804
-0.1102006
-0.1055242
-0.0864163
-0.0545309
-0.0209636
0.0010260
0.0056503
-0.0030560
-0.0168561
-0.0297042
-0.0393039
-0.0449897
-0.0461668
-0.0428673
-0.0366275
-0.0299258
-0.0246152
-0.0209610
-0.0181794
-0.0160043
-0.0159197
-0.0207135
-0.0321354
-0.0482338
-0.0628500
-0.0684521
-0.0606590
-0.0409620
-0.0153397
0.0100442
0.0323389
0.0520805
0.0708344
0.0894187
0.1079792
0.1264083
0.1438429
0.1586441
0.1705614
0.1830872
0.2015496
0.2267285
0.2510063
0.2639454
0.2636619
0.2610776
0.2697423
0.2907823
0.3104212
0.3144094
0.3036510
0.2931883
0.2961385
0.3114353
0.3281688
0.3386544
0.3436999
0.3462837
0.3451526
0.3374203
0.3245349
0.3109929
0.2969145
0.2763341
0.2459755
0.2132500
0.1905300
0.1801499
0.1687843
0.1406175
0.0958923
0.0534213
0.0331904
0.0376025
0.0509452
0.0560077
0.0488975
0.0374766
0.0284186
0.0194708
0.0050756
-0.0133664
-0.0264299
-0.0267587
-0.0182191
-0.0125849
-0.0167959
-0.0253204
-0.0268186
-0.0177816
-0.0072372
-0.0067152
-0.0172004
-0.0285899
-0.0318265
-0.0281312
-0.0239674
-0.0196568
-0.0084735
0.0113323
0.0284387
0.0284302
0.0122133
-0.0011681
0.0051306
0.0243694
0.0309709
0.0091097
-0.0271487
-0.0469673
-0.0354751
-0.0088825
0.0048215
-0.0036889
-0.0182525
-0.0191346
-0.0054063
0.0079003
0.0109629
0.0106070
0.0186702
0.0337939
0.0405455
0.0271893
0.0004509
-0.0198901
-0.0195696
-0.0012780
0.0202005
0.0303780
0.0232663
0.0036843
-0.0129935
-0.0056374
0.0393026
0.1125067
0.1813083
0.2115603
0.1951773
0.1559636
0.1265851
0.1206479
0.1286362
0.1376416
0.1472413
0.1619785
0.1737370
0.1617643
0.1147772
0.0485399
-0.0056021
-0.0315279
-0.0442575
-0.0723169
-0.1255062
-0.1829491
-0.2133224
-0.2048005
-0.1743512
-0.1499299
-0.1460787
-0.1561210
-0.1643518
-0.1625229
-0.1543163
-0.1466999
-0.1410070
-0.1348753
-0.1311188
-0.1393106
-0.1647776
-0.1982728
-0.2218296
-0.2243289
-0.2019156
-0.1351098
0.0264675
0.3321945
0.7607885
1.1820416
1.4115829
1.3338444
0.9892269
0.5435206
0.1675531
-0.0630180
-0.1709287
-0.2110530
-0.2181444
-0.2082679
-0.2000120
-0.2109198
-0.2360696
-0.2486702
-0.2312971
-0.1988959
-0.1811277
-0.1856193
-0.1908872
-0.1786905
-0.1616664
-0.1670256
-0.1962517
-0.2155354
-0.1941403
-0.1454141
-0.1184771
-0.1470360
-0.2127697
-0.2633005
-0.2628859
-0.2214489
-0.1770653
-0.1577584
-0.1628543
-0.1747553
-0.1798726
-0.1763212
-0.1671925
-0.1524869
-0.1287969
-0.0953626
-0.0600283
-0.0388191
-0.0461116
-0.0802407
-0.1180613
-0.1293298
-0.1034229
-0.0634408
-0.0489062
-0.0780122
-0.1248955
-0.1380516
-0.0873728
0.0034639
0.0726588
0.0734994
0.0179551
-0.0304031
-0.0107575
0.0799789
0.1813772
0.2209732
0.1789349
0.1065352
0.0790607
0.1258699
0.2044156
0.2434865
0.2124300
0.1476593
0.1126779
0.1360761
0.1911155
0.2319164
0.2405482
0.2337288
0.2297588
0.2219460
0.1910602
0.1370911
0.0865159
0.0641461
0.0648173
0.0607853
0.0356511
0.0022860
-0.0174214
-0.0245354
-0.0445055
-0.0937873
-0.1527877
-0.1815562
-0.1632581
-0.1249443
-0.1104093
-0.1362326
-0.1808832
-0.2156775
-0.2367733
-0.2599215
-0.2893261
-0.3051115
-0.2883317
-0.2508223
-0.2270780
-0.2330585
-0.2430664
-0.2183862
-0.1571730
-0.1041241
-0.1036641
-0.1494943
-0.1908537
-0.1896856
-0.1618090
-0.1534537
-0.1814393
-0.2093779
-0.1905119
-0.1287359
-0.0857541
-0.1219400
-0.2326688
-0.3471939
-0.3904397
-0.3449064
-0.2553824
-0.1802862
-0.1426973
-0.1253539
-0.1041811
-0.0784661
-0.0667165
-0.0787363
-0.0999552
-0.1070081
-0.0953014
-0.0846628
-0.0953844
-0.1231840
-0.1440140
-0.1436408
-0.1351373
-0.1406536
-0.1591285
-0.1629443
-0.1326959
-0.0885258
-0.0745053
-0.1081765
-0.1544179
-0.1595786
-0.1113620
-0.0561668
-0.0514486
-0.1042640
-0.1629918
-0.1694440
-0.1130629
-0.0316442
0.0337285
0.0744308
0.1056184
0.1340231
0.1457298
0.1255444
0.0791885
0.0297673
-0.0057166
-0.0310312
-0.0610939
-0.1016656
-0.1419776
-0.1667047
-0.1720050
-0.1681112
-0.1676631
-0.1740909
-0.1821707
-0.1879543
-0.1948206
-0.2074993
-0.2212880
-0.2222509
-0.2033546
-0.1797799
-0.1808296
-0.2203862
-0.2779647
-0.3160590
-0.3150270
-0.2786345
-0.1974314
-0.0203730
0.3070396
0.7554714
1.1708050
1.3514905
1.1967372
0.7902576
0.3355881
0.0035647
-0.1658393
-0.2334598
-0.2637566
-0.2716386
-0.2487968
-0.2091536
-0.1881518
-0.2036573
-0.2352550
-0.2487542
-0.2335398
-0.2089365
-0.1983752
-0.2065206
-0.2223006
-0.2348657
-0.2394862
-0.2326901
-0.2124794
-0.1867083
-0.1737846
-0.1866855
-0.2160928
-0.2351162
-0.2242971
-0.1906111
-0.1597309
-0.1504923
-0.1591991
-0.1684026
-0.1669133
-0.1577303
-0.1481693
-0.1383888
-0.1238957
-0.1071765
-0.1007576
-0.1149691
-0.1438155
-0.1663602
-0.1642022
-0.1375700
-0.1033900
-0.0776166
-0.0608715
-0.0424443
-0.0165402
0.0096661
0.0263404
0.0363513
0.0546410
0.0896008
0.1280730
0.1444023
0.1270692
0.0941967
0.0788682
0.0982144
0.1392966
0.1763112
0.1980640
0.2145321
0.2385340
0.2682173
0.2914346
0.3028804
0.3098632
0.3204109
0.3315734
0.3339655
0.3252492
0.3130543
0.3030299
0.2891449
0.2611414
0.2202415
0.1812606
0.1563761
0.1408905
0.1198289
0.0871172
0.0527163
0.0292619
0.0162845
0.0020513
-0.0204894
-0.0445997
-0.0583772
-0.0592070
-0.0558548
-0.0568609
-0.0611075
-0.0620241
-0.0579643
-0.0540239
-0.0542062
-0.0569146
-0.0606384
-0.0698959
-0.0897517
-0.1143840
-0.1267978
-0.1146493
-0.0854265
-0.0614833
-0.0576009
-0.0654323
-0.0633554
-0.0415651
-0.0138863
-0.0027331
-0.0148851
-0.0355781
-0.0455688
-0.0396838
-0.0272182
-0.0184677
-0.0158930
-0.0179242
-0.0256684
-0.0412043
-0.0604032
-0.0725232
-0.0700525
-0.0571027
-0.0445684
-0.0372845
-0.0299905
-0.0178171
-0.0069962
-0.0102167
-0.0313345
-0.0588888
-0.0771145
-0.0810864
-0.0779302
-0.0741781
-0.0667256
-0.0493325
-0.0252486
-0.0071636
-0.0019975
0.0000235
0.0153323
0.0462577
0.0760724
0.0882453
0.0871364
0.0938233
0.1207908
0.1555434
0.1730170
0.1624942
0.1379529
0.1210542
0.1182732
0.1189187
0.1134321
0.1064108
0.1076236
0.1141416
0.1080626
0.0736174
0.0133900
-0.0538917
-0.1090003
-0.1436576
-0.1594618
-0.1612169
-0.1541853
-0.1454305
-0.1425546
-0.1475317
-0.1525922
-0.1461975
-0.1265459
-0.1090219
-0.1162642
-0.1555981
-0.2042550
-0.2215100
-0.1843110
-0.1156714
-0.0728201
-0.0978228
-0.1763073
-0.2479894
-0.2577279
-0.1888617
-0.0439940
0.1904796
0.5322945
0.9411497
1.2841462
1.3982699
1.2149316
0.8272864
0.4244045
0.1501638
0.0202861
-0.0375075
-0.0857847
-0.1305417
-0.1529107
-0.1545844
-0.1565495
-0.1665433
-0.1693407
-0.1529369
-0.1302967
-0.1248433
-0.1405699
-0.1583978
-0.1622224
-0.1569421
-0.1545440
-0.1518631
-0.1355555
-0.1081841
-0.0946868
-0.1134725
-0.1480119
-0.1594481
-0.1288581
-0.0784688
-0.0468077
-0.0489330
-0.0673921
-0.0781382
-0.0751664
-0.0673005
-0.0603986
-0.0524410
-0.0432298
-0.0375123
-0.0347472
-0.0252625
-0.0054731
0.0086587
-0.0034705
-0.0366187
-0.0566636
-0.0381866
0.0012232
0.0185238
-0.0000272
-0.0145804
0.0250806
0.1149903
0.1901801
0.1904444
0.1259249
0.0664323
0.0667223
0.1137749
0.1526736
0.1538246
0.1411009
0.1546092
0.2000064
0.2448540
0.2601257
0.2526897
0.2514687
0.2686793
0.2856329
0.2795068
0.2562639
0.2477142
0.2748206
0.3203478
0.3431858
0.3187923
0.2619066
0.2091347
0.1827637
0.1743620
0.1614363
0.1335555
0.0977040
0.0618663
0.0234120
-0.0206817
-0.0581835
-0.0677112
-0.0447339
-0.0149291
-0.0131674
-0.0479975
-0.0919910
-0.1107474
-0.0992875
-0.0856468
-0.0985622
-0.1365150
-0.1721883
-0.1841490
-0.1774076
-0.1715186
-0.1749373
-0.1771823
-0.1643816
-0.1359269
-0.1031963
-0.0755842
-0.0521995
-0.0272889
-0.0002803
0.0221795
0.0332003
0.0318335
0.0216740
0.0061667
-0.0120074
-0.0283509
-0.0373409
-0.0373014
-0.0327093
-0.0304770
-0.0349810
-0.0469891
-0.0650105
-0.0852779
-0.1012103
-0.1061551
-0.0993210
-0.0892824
-0.0897379
-0.1092091
-0.1433768
-0.1774365
-0.1960799
-0.1914634
-0.1638958
-0.1193161
-0.0684547
-0.0254018
-0.0014372
0.0027348
-0.0015788
0.0016298
0.0228503
0.0611262
0.1051824
0.1400854
0.1556386
0.1520109
0.1394573
0.1319059
0.1372747
0.1504144
0.1555575
0.1394333
0.1052731
0.0737780
0.0678122
0.0933786
0.1333070
0.1587906
0.1494206
0.1065016
0.0500934
0.0029474
-0.0252608
-0.0414475
-0.0600049
-0.0902859
-0.1298627
-0.1671586
-0.1914100
-0.2023069
-0.2092935
-0.2189049
-0.2235612
-0.2078140
-0.1690837
-0.1291838
-0.1182273
-0.1431575
-0.1756671
-0.1785697
-0.1468192
-0.1169555
-0.1294589
-0.1833269
-0.2343444
-0.2365968
-0.1731299
-0.0388888
0.1904298
0.5408218
0.9721571
1.3404595
1.4637161
1.2580057
0.8186166
0.3568396
0.0428185
-0.0996437
-0.1569959
-0.2068929
-0.2490247
-0.2437444
-0.1896436
-0.1399790
-0.1445741
-0.1939185
-0.2322707
-0.2204301
-0.1737392
-0.1363664
-0.1292010
-0.1339474
-0.1258003
-0.1080988
-0.1060550
-0.1318651
-0.1673357
-0.1842345
-0.1757173
-0.1621511
-0.1671068
-0.1917222
-0.2139334
-0.2106743
-0.1786747
-0.1345734
-0.0986061
-0.0806983
-0.0796326
-0.0895001
-0.1036342
-0.1146521
-0.1151379
-0.1010361
-0.0755954
-0.0500849
-0.0380374
-0.0443177
-0.0581523
-0.0601006
-0.0399372
-0.0080256
0.0136764
0.0140711
0.0062003
0.0160067
0.0558444
0.1097554
0.1479458
0.1569226
0.1524115
0.1600990
0.1866242
0.2147727
0.2272739
0.2295217
0.2441599
0.2843521
0.3366200
0.3725834
0.3768026
0.3605806
0.3475401
0.3484334
0.3537540
0.3500474
0.3375375
0.3278493
0.3274501
0.3291143
0.3212282
0.3021635
0.2818676
0.2686850
0.2570829
0.2320516
0.1871175
0.1351143
0.0968543
0.0789574
0.0667937
0.0415359
0.0018918
-0.0338203
-0.0466260
-0.0358572
-0.0188936
-0.0134956
-0.0220886
-0.0340274
-0.0411956
-0.0472169
-0.0596715
-0.0770900
-0.0887538
-0.0874749
-0.0784466
-0.0731278
-0.0760880
-0.0804034
-0.0766291
-0.0651133
-0.0572231
-0.0624828
-0.0752206
-0.0771916
-0.0553888
-0.0161224
0.0195080
0.0327270
0.0195699
-0.0095211
-0.0380884
-0.0525066
-0.0478799
-0.0297289
-0.0103327
-0.0003959
-0.0005875
-0.0005318
0.0104891
0.0288796
0.0352729
0.0130848
-0.0307299
-0.0681791
-0.0766003
-0.0604516
-0.0442955
-0.0456958
-0.0585070
-0.0636614
-0.0534607
-0.0410678
-0.0441582
-0.0617513
-0.0719510
-0.0539319
-0.0086985
0.0439605
0.0852481
0.1099512
0.1225141
0.1283196
0.1318644
0.1390148
0.1547362
0.1760615
0.1892798
0.1785743
0.1412485
0.0943358
0.0628521
0.0593727
0.0757562
0.0946493
0.1061325
0.1111972
0.1112256
0.0983609
0.0594827
-0.0084368
-0.0872508
-0.1459009
-0.1647373
-0.1522714
-0.1349820
-0.1307171
-0.1359054
-0.1388406
-0.1384769
-0.1438266
-0.1571887
-0.1664192
-0.1591968
-0.1421862
-0.1383605
-0.1609069
-0.1938686
-0.2065183
-0.1883799
-0.1635446
-0.1658971
-0.2031068
-0.2461820
-0.2459840
-0.1527015
0.0696612
0.4205685
0.8346232
1.1820253
1.3250883
1.2040181
0.8817479
0.5019214
0.1920182
-0.0041129
-0.1132308
-0.1723702
-0.1938388
-0.1814706
-0.1568721
-0.1514478
-0.1747885
-0.2036641
-0.2080178
-0.1836196
-0.1543521
-0.1438629
-0.1507939
-0.1554604
-0.1473721
-0.1381067
-0.1437529
-0.1609982
-0.1687868
-0.1533747
-0.1251268
-0.1077971
-0.1145589
-0.1369030
-0.1549968
-0.1565834
-0.1462011
-0.1377167
-0.1395778
-0.1484384
-0.1557149
-0.1566401
-0.1517928
-0.1434899
-0.1339791
-0.1256764
-0.1204562
-0.1187609
-0.1195148
-0.1188516
-0.1091999
-0.0848082
-0.0518297
-0.0291924
-0.0327502
-0.0565114
-0.0727093
-0.0546329
-0.0020488
0.0561028
0.0873601
0.0866708
0.0803218
0.0971039
0.1386237
0.1823080
0.2100501
0.2248373
0.2374673
0.2462548
0.2389816
0.2139077
0.1907267
0.1939890
0.2251161
0.2562818
0.2582985
0.2340229
0.2165657
0.2304317
0.2608065
0.2692660
0.2380240
0.1905513
0.1658131
0.1765321
0.1964885
0.1883002
0.1416840
0.0830738
0.0476600
0.0443781
0.0506054
0.0384348
0.0008100
-0.0470702
-0.0845635
-0.1014689
-0.1045886
-0.1144991
-0.1517456
-0.2186034
-0.2924927
-0.3400133
-0.3399954
-0.2953267
-0.2254715
-0.1492383
-0.0747747
-0.0054894
0.0483633
0.0719708
0.0635674
0.0430297
0.0341952
0.0399894
0.0422862
0.0258696
-0.0052641
-0.0370689
-0.0630277
-0.0864433
-0.1080375
-0.1186887
-0.1095815
-0.0886508
-0.0796601
-0.0975294
-0.1266269
-0.1335862
-0.1057205
-0.0694689
-0.0647429
-0.1051211
-0.1677430
-0.2169488
-0.2307163
-0.2074450
-0.1576457
-0.0953192
-0.0357035
0.0053229
0.0182629
0.0109240
0.0069712
0.0242003
0.0532972
0.0653486
0.0433357
0.0020125
-0.0250906
-0.0154493
0.0246536
0.0668212
0.0848511
0.0775070
0.0683308
0.0799149
0.1091739
0.1313349
0.1263752
0.0972567
0.0641258
0.0455276
0.0442952
0.0478479
0.0428350
0.0304975
0.0233163
0.0243962
0.0174273
-0.0159496
-0.0725076
-0.1275192
-0.1568718
-0.1556002
-0.1376748
-0.1218393
-0.1165363
-0.1171563
-0.1186794
-0.1265457
-0.1472172
-0.1709666
-0.1774265
-0.1620643
-0.1454545
-0.1484928
-0.1657156
-0.1714279
-0.1501024
-0.1166753
-0.1074070
-0.1488974
-0.2298155
-0.3000735
-0.2980843
-0.1787228
0.0758123
0.4458171
0.8540476
1.1702633
1.2729299
1.1297388
0.8188076
0.4700172
0.1849707
-0.0011099
-0.1045957
-0.1550228
-0.1691533
-0.1556372
-0.1328559
-0.1253481
-0.1389630
-0.1545994
-0.1544311
-0.1411356
-0.1240465
-0.1038899
-0.0847879
-0.0856754
-0.1205896
-0.1742430
-0.2118906
-0.2116523
-0.1821058
-0.1542047
-0.1562050
-0.1845418
-0.2007256
-0.1741449
-0.1252685
-0.1020956
-0.1141751
-0.1207813
-0.0906262
-0.0418076
-0.0119331
-0.0172937
-0.0508616
-0.0913832
-0.1075354
-0.0860010
-0.0604041
-0.0730905
-0.1044709
-0.0924156
-0.0340681
-0.0061208
-0.0543914
