-0.1263013
-0.1154411
-0.1100482
-0.1121069
-0.1242182
-0.1488512
-0.1806011
-0.2030626
-0.2007735
-0.1773022
-0.1575041
-0.1659044
-0.2010965
-0.2342444
-0.2355437
-0.2020864
-0.1589285
-0.1341398
-0.1349454
-0.1472414
-0.1535132
-0.1471705
-0.1311624
-0.1090354
-0.0820155
-0.0533438
-0.0302905
-0.0188000
-0.0171688
-0.0170627
-0.0109188
0.0022313
0.0168511
0.0242152
0.0159239
-0.0115404
-0.0517210
-0.0887575
-0.1080885
-0.1094518
-0.1068996
-0.1124807
-0.1209707
-0.1153428
-0.0890159
-0.0585890
-0.0498243
-0.0718583
-0.1100300
-0.1452760
-0.1750493
-0.2094394
-0.2487954
-0.2737612
-0.2631975
-0.2195792
-0.1708335
-0.1451822
-0.1464641
-0.1549813
-0.1495319
-0.1264884
-0.1004482
-0.0913445
-0.1110409
-0.1566287
-0.2109959
-0.2485656
-0.2410974
-0.1578794
0.0355013
0.3632771
0.8029337
1.2526177
1.5505062
1.5607770
1.2705417
0.8107651
0.3712362
0.0775510
-0.0659874
-0.1308976
-0.1779929
-0.2163035
-0.2288384
-0.2143490
-0.1934721
-0.1835734
-0.1826801
-0.1810750
-0.1789370
-0.1846279
-0.1992290
-0.2117833
-0.2123800
-0.2044768
-0.1997153
-0.2028137
-0.2062120
-0.1995285
-0.1801423
-0.1530566
-0.1243483
-0.0988377
-0.0826851
-0.0828310
-0.1007934
-0.1286616
-0.1538450
-0.1678790
-0.1697175
-0.1619924
-0.1475110
-0.1304916
-0.1180506
-0.1163357
-0.1242103
-0.1327712
-0.1328659
-0.1231265
-0.1104327
-0.1032587
-0.1049480
-0.1119826
-0.1166846
-0.1115957
-0.0937674
-0.0672363
-0.0412821
-0.0243263
-0.0178518
-0.0157507
-0.0095845
0.0052538
0.0273047
0.0510043
0.0703140
0.0823077
0.0896431
0.0996859
0.1189905
0.1468174
0.1745470
0.1929474
0.2003581
0.2032030
0.2089133
0.2196990
0.2330948
0.2459343
0.2554230
0.2576886
0.2494853
0.2336091
0.2202935
0.2191999
0.2289216
0.2366988
0.2303691
0.2096749
0.1843976
0.1626512
0.1437945
0.1229064
0.0985883
0.0734239
0.0485851
0.0224820
-0.0039639
-0.0244703
-0.0338219
-0.0363713
-0.0438656
-0.0627208
-0.0858913
-0.1003628
-0.1017863
-0.0982949
-0.0992593
-0.1039309
-0.1042928
-0.0972191
-0.0892385
-0.0881824
-0.0939484
-0.1008169
-0.1067385
-0.1152385
-0.1269881
-0.1342923
-0.1288933
-0.1142941
-0.1050597
-0.1112015
-0.1261446
-0.1339404
-0.1274448
-0.1150750
-0.1084677
-0.1079478
-0.1048193
-0.0963342
-0.0916924
-0.0993633
-0.1121438
-0.1117246
-0.0903752
-0.0637853
-0.0571919
-0.0785276
-0.1089938
-0.1221393
-0.1099744
-0.0875759
-0.0735784
-0.0710568
-0.0699725
-0.0647164
-0.0627584
-0.0732729
-0.0906987
-0.0953268
-0.0728399
-0.0316216
0.0021099
0.0073062
-0.0141550
-0.0420895
-0.0585069
-0.0625952
-0.0669582
-0.0819743
-0.1054423
-0.1264203
-0.1365465
-0.1360344
-0.1296384
-0.1195582
-0.1044297
-0.0848512
-0.0672589
-0.0597697
-0.0638069
-0.0716345
-0.0740444
-0.0703643
-0.0690467
-0.0772634
-0.0912328
-0.0992295
-0.0946619
-0.0839025
-0.0786680
-0.0808069
-0.0771923
-0.0517721
-0.0025994
0.0540104
0.0960583
0.1119238
0.1052475
0.0876824
0.0700213
0.0593971
0.0598630
0.0704257
0.0816865
0.0782563
0.0492862
-0.0009675
-0.0532419
-0.0852478
-0.0854790
-0.0579575
-0.0165659
0.0236337
0.0513317
0.0601781
0.0497866
0.0268309
0.0027270
-0.0132865
-0.0206416
-0.0268044
-0.0391711
-0.0570184
-0.0714940
-0.0738366
-0.0639527
-0.0510953
-0.0458278
-0.0506096
-0.0577291
-0.0566359
-0.0441026
-0.0282819
-0.0238806
-0.0434504
-0.0902891
-0.1521576
-0.1932120
-0.1513914
0.0415616
0.4115182
0.8923479
1.3252531
1.5318600
1.4220664
1.0548184
0.5992230
0.2254097
0.0118570
-0.0664874
-0.0805864
-0.0835800
-0.0895764
-0.0916306
-0.0850199
-0.0737904
-0.0647815
-0.0619466
-0.0650804
-0.0705128
-0.0734438
-0.0723397
-0.0710635
-0.0740051
-0.0785896
-0.0759949
-0.0621556
-0.0460585
-0.0425101
-0.0554003
-0.0717602
-0.0759611
-0.0684337
-0.0656839
-0.0797639
-0.1009063
-0.1050850
-0.0797841
-0.0394692
-0.0128561
-0.0149665
-0.0332717
-0.0416629
-0.0267319
0.0006935
0.0190541
0.0189734
0.0116632
0.0153154
0.0349094
0.0567382
0.0627719
0.0494671
0.0318941
0.0297760
0.0499295
0.0816734
0.1077088
0.1185181
0.1174379
0.1146371
0.1181959
0.1301624
0.1481592
0.1683041
0.1868150
0.2012771
0.2127055
0.2266544
0.2504853
0.2871372
0.3304177
0.3673703
0.3875379
0.3916593
0.3913786
0.3994109
0.4190807
0.4430032
0.4613604
0.4705450
0.4734661
0.4727580
0.4661037
0.4497920
0.4260851
0.4043935
0.3927850
0.3882183
0.3772679
0.3487585
0.3059668
0.2645411
0.2366130
0.2175103
0.1906898
0.1472216
0.0982464
0.0642650
0.0513343
0.0422124
0.0160489
-0.0239107
-0.0487984
-0.0354509
0.0028810
0.0241962
0.0001725
-0.0517020
-0.0831798
-0.0631148
-0.0074872
0.0386083
0.0444438
0.0159764
-0.0204758
-0.0470835
-0.0629972
-0.0712679
-0.0688231
-0.0536462
-0.0357720
-0.0326780
-0.0514925
-0.0794016
-0.0948165
-0.0874371
-0.0659739
-0.0475101
-0.0418481
-0.0459842
-0.0504361
-0.0485636
-0.0412584
-0.0355467
-0.0388551
-0.0521210
-0.0671661
-0.0726285
-0.0647367
-0.0517929
-0.0458413
-0.0495078
-0.0533069
-0.0476905
-0.0362043
-0.0333412
-0.0481161
-0.0719946
-0.0859238
-0.0794974
-0.0612030
-0.0488546
-0.0514634
-0.0621431
-0.0678447
-0.0632671
-0.0539570
-0.0476328
-0.0454369
-0.0427616
-0.0371635
-0.0332432
-0.0386418
-0.0553846
-0.0757389
-0.0873443
-0.0836791
-0.0708159
-0.0638771
-0.0748309
-0.1012582
-0.1263899
-0.1316535
-0.1111043
-0.0744768
-0.0365006
-0.0040411
0.0257646
0.0561557
0.0828204
0.0977185
0.1000153
0.0997353
0.1075843
0.1213487
0.1250973
0.1040157
0.0598485
0.0105099
-0.0254634
-0.0428585
-0.0484936
-0.0489555
-0.0431982
-0.0282928
-0.0098815
-0.0029960
-0.0204464
-0.0608215
-0.1087829
-0.1467497
-0.1658754
-0.1675478
-0.1580468
-0.1438200
-0.1298509
-0.1187567
-0.1102241
-0.1032196
-0.0998623
-0.1047986
-0.1177907
-0.1280671
-0.1212924
-0.0961612
-0.0726503
-0.0789460
-0.1264534
-0.1953490
-0.2404467
-0.2066379
-0.0432244
0.2763043
0.7215420
1.1803469
1.4838360
1.4931267
1.1943278
0.7193841
0.2639896
-0.0344482
-0.1600635
-0.1832323
-0.1779476
-0.1726227
-0.1625993
-0.1460923
-0.1358436
-0.1422037
-0.1584817
-0.1685589
-0.1643148
-0.1507479
-0.1364582
-0.1251709
-0.1178179
-0.1175634
-0.1273362
-0.1428575
-0.1527684
-0.1484928
-0.1327322
-0.1163687
-0.1078992
-0.1078486
-0.1124761
-0.1188933
-0.1243361
-0.1234176
-0.1114119
-0.0920087
-0.0782980
-0.0814704
-0.0977273
-0.1094459
-0.1021338
-0.0797871
-0.0612200
-0.0606007
-0.0733237
-0.0822741
-0.0765018
-0.0612456
-0.0495220
-0.0466591
-0.0456382
-0.0371485
-0.0214760
-0.0084691
-0.0061408
-0.0110127
-0.0107823
0.0037218
0.0298737
0.0564120
0.0746102
0.0859819
0.0992219
0.1201808
0.1455679
0.1669911
0.1808043
0.1925709
0.2106315
0.2359072
0.2601607
0.2754165
0.2835359
0.2938980
0.3111904
0.3280258
0.3323924
0.3222468
0.3098206
0.3091624
0.3202685
0.3282168
0.3189205
0.2937519
0.2665860
0.2474391
0.2320786
0.2088670
0.1733265
0.1327787
0.0967878
0.0666186
0.0370823
0.0074768
-0.0139242
-0.0194988
-0.0149462
-0.0179222
-0.0411567
-0.0779275
-0.1071122
-0.1137681
-0.1035148
-0.0955325
-0.1024710
-0.1193477
-0.1323018
-0.1352840
-0.1348180
-0.1386502
-0.1440959
-0.1416826
-0.1295426
-0.1192801
-0.1239508
-0.1416674
-0.1554224
-0.1510693
-0.1331086
-0.1195339
-0.1215134
-0.1319217
-0.1361537
-0.1313587
-0.1295696
-0.1401691
-0.1538830
-0.1503363
-0.1226899
-0.0901790
-0.0811920
-0.1034295
-0.1341031
-0.1421577
-0.1193616
-0.0874002
-0.0745197
-0.0878738
-0.1104066
-0.1223994
-0.1214364
-0.1196309
-0.1250514
-0.1313815
-0.1273841
-0.1128265
-0.1004117
-0.1012449
-0.1117918
-0.1185167
-0.1147637
-0.1092131
-0.1151359
-0.1331240
-0.1484791
-0.1471997
-0.1321080
-0.1202132
-0.1243746
-0.1402635
-0.1526293
-0.1522571
-0.1439006
-0.1379265
-0.1379456
-0.1395333
-0.1393810
-0.1410589
-0.1495686
-0.1628028
-0.1721435
-0.1717863
-0.1647691
-0.1585932
-0.1571051
-0.1588858
-0.1618696
-0.1651213
-0.1643909
-0.1498328
-0.1139836
-0.0636642
-0.0199512
-0.0013919
-0.0064310
-0.0151484
-0.0098442
0.0078273
0.0215941
0.0200410
0.0073879
-0.0056551
-0.0174552
-0.0371955
-0.0709478
-0.1100651
-0.1367019
-0.1398954
-0.1232482
-0.0969230
-0.0666160
-0.0344055
-0.0084408
-0.0046871
-0.0334189
-0.0843859
-0.1300376
-0.1473808
-0.1374210
-0.1221639
-0.1223599
-0.1389708
-0.1562975
-0.1610600
-0.1556973
-0.1524948
-0.1572429
-0.1620448
-0.1554478
-0.1380842
-0.1257745
-0.1359298
-0.1712879
-0.2168764
-0.2493650
-0.2431511
-0.1652450
0.0257865
0.3549211
0.7862081
1.2019577
1.4456950
1.4143257
1.1293000
0.7233293
0.3508893
0.0980185
-0.0389743
-0.1069380
-0.1413785
-0.1531459
-0.1485152
-0.1424073
-0.1472780
-0.1587873
-0.1621238
-0.1518543
-0.1390888
-0.1373172
-0.1463150
-0.1543506
-0.1536959
-0.1481921
-0.1446897
-0.1426617
-0.1371704
-0.1297752
-0.1297027
-0.1413153
-0.1545877
-0.1535769
-0.1347283
-0.1127452
-0.1057758
-0.1165088
-0.1306036
-0.1333193
-0.1245858
-0.1160697
-0.1156906
-0.1189793
-0.1169075
-0.1092085
-0.1058359
-0.1142468
-0.1279609
-0.1309591
-0.1142458
-0.0865687
-0.0669370
-0.0658071
-0.0741212
-0.0718870
-0.0481515
-0.0122340
0.0153049
0.0227573
0.0180161
0.0196900
0.0387021
0.0694678
0.0984846
0.1195345
0.1386517
0.1644350
0.1960120
0.2231378
0.2381404
0.2451855
0.2557372
0.2758873
0.3007142
0.3216358
0.3367663
0.3513052
0.3680971
0.3811432
0.3814133
0.3687820
0.3551507
0.3532020
0.3624693
0.3688120
0.3588328
0.3338472
0.3084062
0.2952589
0.2926279
0.2861655
0.2624920
0.2206491
0.1715454
0.1277687
0.0942599
0.0675281
0.0419454
0.0158229
-0.0080921
-0.0269773
-0.0421797
-0.0586929
-0.0796192
-0.1009668
-0.1135899
-0.1126289
-0.1052755
-0.1065915
-0.1248758
-0.1511954
-0.1659512
-0.1578861
-0.1360868
-0.1212364
-0.1245635
-0.1373616
-0.1428087
-0.1362507
-0.1299574
-0.1367988
-0.1528613
-0.1605031
-0.1486391
-0.1262195
-0.1129096
-0.1176647
-0.1294925
-0.1302103
-0.1142623
-0.0938864
-0.0853789
-0.0927546
-0.1058960
-0.1126797
-0.1102123
-0.1042274
-0.1002991
-0.0981095
-0.0942244
-0.0886040
-0.0865710
-0.0935118
-0.1079172
-0.1209905
-0.1246177
-0.1199276
-0.1167407
-0.1234706
-0.1379395
-0.1493096
-0.1492930
-0.1402440
-0.1311044
-0.1263321
-0.1215568
-0.1116561
-0.1008945
-0.1008317
-0.1165326
-0.1376022
-0.1466771
-0.1374435
-0.1219520
-0.1184012
-0.1323639
-0.1514027
-0.1579629
-0.1460438
-0.1246111
-0.1064818
-0.0969425
-0.0944513
-0.0997812
-0.1194762
-0.1570230
-0.2014958
-0.2289777
-0.2196205
-0.1756797
-0.1221351
-0.0869360
-0.0782924
-0.0806656
-0.0729247
-0.0494772
-0.0228840
-0.0075118
-0.0041169
-0.0018701
0.0072026
0.0197360
0.0273989
0.0281432
0.0274554
0.0287854
0.0267909
0.0132329
-0.0118394
-0.0388074
-0.0595355
-0.0761742
-0.0950925
-0.1130119
-0.1144951
-0.0877003
-0.0424927
-0.0090987
-0.0147270
-0.0595403
-0.1158185
-0.1516573
-0.1563694
-0.1442412
-0.1362298
-0.1403609
-0.1493919
-0.1539920
-0.1545658
-0.1591584
-0.1712554
-0.1821078
-0.1774129
-0.1528834
-0.1226526
-0.1102490
-0.1293964
-0.1725940
-0.2165029
-0.2341398
-0.1977900
-0.0729622
0.1760635
0.5535258
0.9909983
1.3450429
1.4623280
1.2786984
0.8726316
0.4201180
0.0818340
-0.0863287
-0.1331184
-0.1396337
-0.1502163
-0.1617716
-0.1599906
-0.1505223
-0.1535906
-0.1780111
-0.2095431
-0.2251645
-0.2143327
-0.1854550
-0.1559871
-0.1393374
-0.1384812
-0.1467947
-0.1533594
-0.1504118
-0.1388884
-0.1271480
-0.1230837
-0.1270213
-0.1326705
-0.1345694
-0.1330862
-0.1316189
-0.1309886
-0.1292891
-0.1267171
-0.1266768
-0.1298289
-0.1298003
-0.1191910
-0.1000732
-0.0846000
-0.0826582
-0.0907523
-0.0959132
-0.0900298
-0.0773161
-0.0668665
-0.0612105
-0.0558981
-0.0492267
-0.0465877
-0.0511942
-0.0535484
-0.0372065
0.0018805
0.0456099
0.0685724
0.0634691
0.0490455
0.0514368
0.0791743
0.1178570
0.1477092
0.1630632
0.1735964
0.1897058
0.2115315
0.2336132
0.2560252
0.2852941
0.3232978
0.3593045
0.3771760
0.3711091
0.3527124
0.3416870
0.3497012
0.3729199
0.3982744
0.4147008
0.4181900
0.4093343
0.3904838
0.3663362
0.3436097
0.3259742
0.3090955
0.2833685
0.2430200
0.1918245
0.1395844
0.0944386
0.0597501
0.0369425
0.0274285
0.0283821
0.0270835
0.0043379
-0.0506253
-0.1264134
-0.1929622
-0.2225668
-0.2099106
-0.1725383
-0.1327361
-0.0996109
-0.0681690
-0.0337261
-0.0040634
0.0055630
-0.0099780
-0.0360471
-0.0502028
-0.0447794
-0.0349409
-0.0419932
-0.0697198
-0.0999238
-0.1121776
-0.1058599
-0.0999053
-0.1104680
-0.1318858
-0.1431461
-0.1326538
-0.1121158
-0.1028961
-0.1110916
-0.1209112
-0.1137930
-0.0906203
-0.0716960
-0.0749272
-0.0965050
-0.1148989
-0.1134163
-0.0967003
-0.0836586
-0.0856050
-0.0943296
-0.0925142
-0.0736195
-0.0493666
-0.0380873
-0.0471764
-0.0670990
-0.0816939
-0.0837149
-0.0800842
-0.0823665
-0.0937815
-0.1072357
-0.1151972
-0.1183493
-0.1228359
-0.1307712
-0.1363853
-0.1325043
-0.1195412
-0.1062475
-0.1010599
-0.1042532
-0.1103810
-0.1168907
-0.1258099
-0.1355466
-0.1366511
-0.1225589
-0.1037498
-0.1032355
-0.1322068
-0.1725778
-0.1901290
-0.1677470
-0.1227346
-0.0873870
-0.0732992
-0.0600631
-0.0218484
0.0398072
0.0966767
0.1262222
0.1345314
0.1422855
0.1544677
0.1538302
0.1252180
0.0780009
0.0377058
0.0177790
0.0072960
-0.0095765
-0.0269249
-0.0191008
0.0266856
0.0850732
0.1077574
0.0662875
-0.0222613
-0.1115404
-0.1645246
-0.1774141
-0.1726746
-0.1740410
-0.1868648
-0.1980332
-0.1921242
-0.1672180
-0.1355992
-0.1104160
-0.0932569
-0.0755785
-0.0522475
-0.0325189
-0.0346684
-0.0671850
-0.1169201
-0.1586436
-0.1713566
-0.1340368
-0.0055428
0.2683415
0.6977363
1.1881387
1.5546769
1.6278857
1.3719775
0.9122857
0.4464480
0.1172172
-0.0485169
-0.1030820
-0.1051788
-0.0864550
-0.0654144
-0.0608297
-0.0788287
-0.1005304
-0.0990538
-0.0701516
-0.0400244
-0.0419613
-0.0863816
-0.1508175
-0.1968502
-0.1996405
-0.1641212
-0.1134856
-0.0657893
-0.0261618
0.0035283
0.0192896
0.0205482
0.0108804
-0.0092112
-0.0403563
-0.0726911
