-0.0564653
-0.0549426
-0.0491282
-0.0364811
-0.0262160
-0.0311673
-0.0509827
-0.0681470
-0.0652724
-0.0448958
-0.0273739
-0.0282116
-0.0416203
-0.0493998
-0.0428952
-0.0308631
-0.0257638
-0.0284456
-0.0308752
-0.0308431
-0.0367396
-0.0549889
-0.0770667
-0.0846097
-0.0682770
-0.0385306
-0.0159260
-0.0119344
-0.0204368
-0.0265430
-0.0215243
-0.0094899
-0.0020725
-0.0078301
-0.0250836
-0.0429473
-0.0497566
-0.0427015
-0.0302754
-0.0244393
-0.0296544
-0.0400961
-0.0476584
-0.0508705
-0.0542701
-0.0604878
-0.0667358
-0.0706071
-0.0761646
-0.0899009
-0.1102526
-0.1249362
-0.1219184
-0.1022912
-0.0797253
-0.0668435
-0.0640513
-0.0623044
-0.0542831
-0.0402803
-0.0242279
-0.0077553
0.0097788
0.0271486
0.0400618
0.0447800
0.0416874
0.0345809
0.0270446
0.0198713
0.0113265
-0.0004678
-0.0144197
-0.0247965
-0.0239093
-0.0091489
0.0116549
0.0238769
0.0177330
-0.0030732
-0.0251201
-0.0375924
-0.0398916
-0.0377077
-0.0348115
-0.0313714
-0.0288027
-0.0316558
-0.0421744
-0.0552421
-0.0625743
-0.0625200
-0.0627790
-0.0711908
-0.0852168
-0.0934649
-0.0882910
-0.0749350
-0.0666550
-0.0716198
-0.0860215
-0.0996623
-0.1063178
-0.1076313
-0.1081962
-0.1090299
-0.1067347
-0.0981942
-0.0847680
-0.0711997
-0.0605224
-0.0506586
-0.0367538
-0.0170394
0.0043824
0.0215688
0.0334009
0.0447753
0.0600500
0.0761430
0.0841673
0.0787719
0.0647380
0.0530460
0.0507527
0.0557463
0.0609054
0.0613878
0.0571290
0.0504259
0.0439209
0.0408089
0.0437721
0.0511659
0.0553661
0.0481255
0.0291911
0.0083875
-0.0027419
-0.0018546
0.0019169
-0.0036740
-0.0236746
-0.0527702
-0.0802064
-0.0973930
-0.1032440
-0.1052044
-0.1150604
-0.1402378
-0.1758522
-0.2055628
-0.2134951
-0.1980156
-0.1736849
-0.1579738
-0.1551310
-0.1534761
-0.1388517
-0.1101047
-0.0806384
-0.0650995
-0.0655556
-0.0708772
-0.0682680
-0.0537776
-0.0317876
-0.0069509
0.0200544
0.0479837
0.0691220
0.0723667
0.0546544
0.0279163
0.0111019
0.0131399
0.0247428
0.0291302
0.0208841
0.0119053
0.0170512
0.0350506
0.0460547
0.0289248
-0.0188338
-0.0742936
-0.0939968
-0.0220724
0.1945489
0.5726256
1.0509597
1.4820955
1.6922442
1.5858939
1.2150000
0.7474483
0.3551244
0.1151773
0.0009575
-0.0505507
-0.0741550
-0.0712849
-0.0455756
-0.0221331
-0.0273208
-0.0601931
-0.0940227
-0.1052705
-0.0946336
-0.0788569
-0.0690034
-0.0627645
-0.0551071
-0.0478363
-0.0444053
-0.0396994
-0.0222755
0.0109946
0.0462792
0.0630327
0.0533897
0.0294929
0.0110578
0.0072440
0.0114990
0.0119261
0.0034557
-0.0102619
-0.0230981
-0.0310512
-0.0319029
-0.0250766
-0.0144760
-0.0087944
-0.0143399
-0.0264770
-0.0314696
-0.0198273
0.0029246
0.0210686
0.0241012
0.0152005
0.0045631
-0.0018196
-0.0039576
-0.0014910
0.0081598
0.0231869
0.0338965
0.0319140
0.0228521
0.0242733
0.0473100
0.0825397
0.1082927
0.1132389
0.1077046
0.1119001
0.1362992
0.1758785
0.2201131
0.2625467
0.2997777
0.3275220
0.3439918
0.3557153
0.3729151
0.3955237
0.4080344
0.3945697
0.3595277
0.3280436
0.3223620
0.3398640
0.3578956
0.3589452
0.3463009
0.3340940
0.3278771
0.3210114
0.3082901
0.2950399
0.2884111
0.2843925
0.2709194
0.2443432
0.2161715
0.1990881
0.1901680
0.1743305
0.1437710
0.1066798
0.0734053
0.0411226
0.0020756
-0.0335594
-0.0356507
0.0135099
0.0865035
0.1226469
0.0819214
-0.0138935
-0.0996062
-0.1275307
-0.1074751
-0.0867537
-0.0969126
-0.1253681
-0.1360785
-0.1088919
-0.0544351
0.0032791
0.0492041
0.0809524
0.0990242
0.1026457
0.0959303
0.0912228
0.1001467
0.1209226
0.1372632
0.1310943
0.0963702
0.0423082
-0.0131598
-0.0522017
-0.0645415
-0.0534345
-0.0363092
-0.0343278
-0.0548229
-0.0830321
-0.0953309
-0.0835935
-0.0644378
-0.0608969
-0.0757183
-0.0876032
-0.0764996
-0.0491850
-0.0342497
-0.0509472
-0.0878244
-0.1161993
-0.1225656
-0.1217913
-0.1361331
-0.1657139
-0.1858093
-0.1743330
-0.1378803
-0.1071670
-0.1077950
-0.1382148
-0.1757539
-0.2000286
-0.2078421
-0.2080932
-0.2079099
-0.2061705
-0.1972717
-0.1765507
-0.1417941
-0.0941446
-0.0417807
-0.0014723
0.0093030
-0.0133985
-0.0536359
-0.0867960
-0.0996034
-0.0989107
-0.1003805
-0.1104706
-0.1222993
-0.1285122
-0.1329986
-0.1451310
-0.1638886
-0.1745567
-0.1658816
-0.1474589
-0.1428673
-0.1629207
-0.1906997
-0.1988019
-0.1800531
-0.1546225
-0.1445753
-0.1476666
-0.1433270
-0.1225635
-0.1026270
-0.1072389
-0.1380598
-0.1738480
-0.1966016
-0.2092065
-0.2231301
-0.2367924
-0.2365438
-0.2178586
-0.1943988
-0.1806810
-0.1741840
-0.1652791
-0.1617566
-0.1883752
-0.2525918
-0.3164422
-0.3125095
-0.1883156
0.0689037
0.4412754
0.8875707
1.3240203
1.6151560
1.6288109
1.3373777
0.8671586
0.4240380
0.1481910
0.0330209
-0.0200901
-0.0822559
-0.1423000
-0.1581144
-0.1322230
-0.1159190
-0.1461563
-0.2016560
-0.2324292
-0.2212315
-0.1996879
-0.2041649
-0.2312524
-0.2471217
-0.2335871
-0.2102481
-0.2072492
-0.2265554
-0.2409196
-0.2294952
-0.2038209
-0.1926120
-0.2060892
-0.2242083
-0.2215495
-0.1968901
-0.1723908
-0.1663199
-0.1740468
-0.1783442
-0.1724047
-0.1654463
-0.1659533
-0.1669464
-0.1537097
-0.1238791
-0.0931461
-0.0783458
-0.0788598
-0.0792707
-0.0689217
-0.0530882
-0.0425675
-0.0370495
-0.0251030
-0.0006803
0.0266542
0.0428418
0.0484124
0.0600863
0.0904605
0.1298249
0.1538801
0.1507485
0.1363182
0.1387288
0.1680399
0.2048850
0.2211748
0.2101201
0.1926372
0.1937848
0.2159669
0.2382558
0.2411929
0.2280694
0.2187543
0.2242855
0.2326733
0.2231265
0.1924241
0.1622058
0.1572654
0.1783673
0.2001734
0.1971128
0.1689519
0.1387016
0.1268360
0.1313679
0.1344230
0.1244381
0.1066167
0.0911680
0.0769931
0.0530383
0.0157255
-0.0208605
-0.0373804
-0.0313536
-0.0224002
-0.0324603
-0.0620936
-0.0893853
-0.0929085
-0.0736075
-0.0525771
-0.0489487
-0.0627199
-0.0792582
-0.0870704
-0.0877118
-0.0888533
-0.0919157
-0.0903319
-0.0797340
-0.0661159
-0.0605788
-0.0662240
-0.0734798
-0.0710855
-0.0609827
-0.0590478
-0.0787974
-0.1153768
-0.1484442
-0.1619769
-0.1595214
-0.1581130
-0.1684182
-0.1842412
-0.1925922
-0.1903813
-0.1864910
-0.1876591
-0.1881099
-0.1779943
-0.1600597
-0.1511590
-0.1635650
-0.1882780
-0.2027169
-0.1956677
-0.1794962
-0.1737684
-0.1798181
-0.1782021
-0.1532509
-0.1146526
-0.0886609
-0.0889602
-0.1028303
-0.1093345
-0.1061489
-0.1109244
-0.1355211
-0.1662458
-0.1763149
-0.1564608
-0.1262711
-0.1118334
-0.1163330
-0.1188436
-0.1023111
-0.0766681
-0.0692877
-0.0939950
-0.1345162
-0.1606002
-0.1578277
-0.1386997
-0.1257563
-0.1280646
-0.1363557
-0.1384865
-0.1347981
-0.1360438
-0.1483002
-0.1637597
-0.1684338
-0.1581276
-0.1447923
-0.1458621
-0.1673628
-0.1981108
-0.2207205
-0.2277921
-0.2266918
-0.2288823
-0.2363364
-0.2401290
-0.2320331
-0.2149819
-0.1999222
-0.1931322
-0.1899576
-0.1832143
-0.1755708
-0.1783683
-0.1952378
-0.2101628
-0.1989011
-0.1563933
-0.1101960
-0.1008089
-0.1455945
-0.2223590
-0.2863393
-0.2961801
-0.2191408
-0.0219906
0.3166136
0.7609009
1.1853658
1.4148843
1.3339092
0.9784827
0.5208953
0.1506863
-0.0457298
-0.1066770
-0.1181191
-0.1276451
-0.1281685
-0.1033411
-0.0666580
-0.0507431
-0.0693491
-0.1019513
-0.1169372
-0.1036829
-0.0788899
-0.0655851
-0.0709938
-0.0845226
-0.0925708
-0.0919474
-0.0896317
-0.0921251
-0.0967032
-0.0933728
-0.0752957
-0.0471269
-0.0228493
-0.0153013
-0.0276244
-0.0536702
-0.0843531
-0.1122464
-0.1319199
-0.1399778
-0.1373449
-0.1302720
-0.1261542
-0.1271616
-0.1287685
-0.1245923
-0.1110393
-0.0867707
-0.0509718
-0.0067874
0.0331673
0.0501214
0.0341202
-0.0031597
-0.0344339
-0.0396404
-0.0233458
-0.0078572
-0.0086463
-0.0181683
-0.0152278
0.0107584
0.0471764
0.0707254
0.0712565
0.0616341
0.0639499
0.0873317
0.1203186
0.1444152
0.1533198
0.1575133
0.1705354
0.1931443
0.2133149
0.2217439
0.2243280
0.2358964
0.2612444
0.2858571
0.2896258
0.2706470
0.2522287
0.2622720
0.3045757
0.3525394
0.3731855
0.3569739
0.3227620
0.2948236
0.2788945
0.2627054
0.2364325
0.2061729
0.1846967
0.1731530
0.1583809
0.1298901
0.0946927
0.0699384
0.0612999
0.0544504
0.0322811
-0.0017305
-0.0235579
-0.0151246
0.0121476
0.0251497
0.0017700
-0.0466362
-0.0870499
-0.0971097
-0.0830876
-0.0671279
-0.0620246
-0.0623891
-0.0581364
-0.0500111
-0.0482047
-0.0586603
-0.0760487
-0.0913377
-0.1024748
-0.1142851
-0.1291232
-0.1414697
-0.1433944
-0.1336782
-0.1197691
-0.1112717
-0.1126189
-0.1209649
-0.1285689
-0.1269608
-0.1124264
-0.0911459
-0.0779487
-0.0849476
-0.1080135
-0.1264976
-0.1209799
-0.0931651
-0.0659824
-0.0613554
-0.0781366
-0.0940187
-0.0895027
-0.0677447
-0.0491346
-0.0480627
-0.0585991
-0.0641026
-0.0577021
-0.0490852
-0.0504500
-0.0592730
-0.0588685
-0.0367343
-0.0001381
0.0287574
0.0335892
0.0186831
0.0029796
0.0001301
0.0057903
0.0042716
-0.0143231
-0.0453235
-0.0768734
-0.1028871
-0.1262355
-0.1499955
-0.1692384
-0.1745091
-0.1629786
-0.1432065
-0.1271578
-0.1189847
-0.1139715
-0.1078883
-0.1037893
-0.1072152
-0.1166078
-0.1225990
-0.1185282
-0.1096172
-0.1089208
-0.1237243
-0.1472980
-0.1646647
-0.1657161
-0.1526423
-0.1364601
-0.1279706
-0.1305452
-0.1378913
-0.1373789
-0.1188072
-0.0843987
-0.0508662
-0.0386295
-0.0567724
-0.0987282
-0.1506241
-0.1956413
-0.2014521
-0.1067628
0.1581877
0.6086422
1.1466878
1.5758881
1.7064135
1.4808110
1.0166302
0.5257650
0.1762818
0.0080580
-0.0436511
-0.0611847
-0.0812231
-0.0980965
-0.1034741
-0.1076578
-0.1250227
-0.1521698
-0.1701374
-0.1670398
-0.1519461
-0.1435456
-0.1483770
-0.1544278
-0.1462640
-0.1232883
-0.1010614
-0.0956903
-0.1087526
-0.1273616
-0.1370423
-0.1335091
-0.1234018
-0.1161781
-0.1162416
-0.1214113
-0.1269091
-0.1301589
-0.1323511
-0.1358513
-0.1400465
-0.1400229
-0.1304067
-0.1115484
-0.0917949
-0.0822447
-0.0874329
-0.1000840
-0.1053815
-0.0921180
-0.0618940
-0.0288273
-0.0097648
-0.0121629
-0.0281996
-0.0391877
-0.0275747
0.0112988
0.0659327
0.1165809
0.1484625
0.1599153
0.1596435
0.1570380
0.1551486
0.1518679
0.1459296
0.1399603
0.1373553
0.1376535
0.1371165
0.1346929
0.1360666
0.1495129
0.1766097
0.2078899
0.2294649
0.2351428
0.2320256
0.2335015
0.2462483
0.2641815
0.2753050
0.2741103
0.2665571
0.2628373
0.2661277
0.2692653
0.2622697
0.2423178
0.2160206
0.1923683
0.1739512
0.1550889
0.1283119
0.0927339
0.0564621
0.0308457
0.0213925
0.0227145
0.0216614
0.0067547
-0.0228301
-0.0558267
-0.0767596
-0.0772182
-0.0612955
-0.0409286
-0.0259213
-0.0177822
-0.0120528
-0.0053291
0.0007346
0.0019760
-0.0030679
-0.0117388
-0.0210995
-0.0319845
-0.0478725
-0.0693897
-0.0906383
-0.1020657
-0.0980438
-0.0824380
-0.0666482
-0.0608859
-0.0657547
-0.0719055
-0.0688810
-0.0553884
-0.0409344
-0.0366189
-0.0439921
-0.0535895
-0.0550501
-0.0479785
-0.0412486
-0.0413886
-0.0440976
-0.0401395
-0.0293028
-0.0245261
-0.0385341
-0.0670434
-0.0894560
-0.0894750
-0.0741524
-0.0688711
-0.0911143
-0.1303610
-0.1568136
-0.1511739
-0.1242544
-0.1054190
-0.1122561
-0.1338434
-0.1446684
-0.1330718
-0.1133365
-0.1092755
-0.1279370
-0.1516855
-0.1561528
-0.1338087
-0.0983147
-0.0674393
-0.0458703
-0.0270832
-0.0091355
-0.0023237
-0.0173622
-0.0480352
-0.0712695
-0.0683079
-0.0448649
-0.0267244
-0.0338254
-0.0607401
-0.0848914
-0.0922434
-0.0904149
-0.0950398
-0.1076857
-0.1132739
-0.1001334
-0.0772533
-0.0661943
-0.0762065
-0.0925341
-0.0930995
-0.0747779
-0.0581266
-0.0642683
-0.0904892
-0.1127406
-0.1118250
-0.0931609
-0.0787475
-0.0823569
-0.0966223
-0.1048874
-0.1019568
-0.0993106
-0.1097923
-0.1305601
-0.1443655
-0.1376907
-0.1152191
-0.0949466
-0.0903858
-0.0997597
-0.1122241
-0.1210897
-0.1277657
-0.1339396
-0.1350971
-0.1259518
-0.1110194
-0.1045013
-0.1160843
-0.1375441
-0.1439652
-0.1040399
0.0149304
0.2446970
0.5967716
1.0240929
1.4016198
1.5708239
1.4385636
1.0536640
0.5852649
0.2106377
0.0061378
-0.0689444
-0.0976643
-0.1241577
-0.1393443
-0.1255034
-0.0947127
-0.0793547
-0.0957544
-0.1282072
-0.1490518
-0.1477577
-0.1371587
-0.1351287
-0.1455012
-0.1574426
-0.1596559
-0.1520601
-0.1440147
-0.1432950
-0.1478108
-0.1478533
-0.1365371
-0.1184240
-0.1069947
-0.1116489
-0.1265887
-0.1343635
-0.1224093
-0.0959618
-0.0732797
-0.0679447
-0.0769324
-0.0861554
-0.0857178
-0.0776594
-0.0694552
-0.0635519
-0.0564096
-0.0467955
-0.0404012
-0.0429176
-0.0501041
-0.0490901
-0.0315506
-0.0036336
0.0196826
0.0297648
0.0318207
0.0369126
0.0487646
0.0607419
0.0652834
0.0633119
0.0625421
0.0684313
0.0801564
0.0955202
0.1156018
0.1410132
0.1652673
0.1770166
0.1717787
0.1597327
0.1585304
0.1769717
0.2064623
0.2291773
0.2341757
0.2253183
0.2150619
0.2130427
0.2209793
0.2353878
0.2515432
0.2649586
0.2726713
0.2755405
0.2779150
0.2826199
0.2864263
0.2826085
0.2687440
0.2502126
0.2340131
0.2196436
0.1988954
0.1666255
0.1301842
0.1043886
0.0954001
0.0919034
0.0755779
0.0405635
0.0002806
-0.0259506
-0.0313918
-0.0259039
-0.0234160
-0.0284975
-0.0360437
-0.0412297
-0.0456601
-0.0526803
-0.0600932
-0.0618071
-0.0568373
-0.0527385
-0.0573609
-0.0689572
-0.0776723
-0.0768928
-0.0704447
-0.0673343
-0.0712684
-0.0775997
-0.0800542
-0.0776116
-0.0731581
-0.0675958
-0.0593330
-0.0502782
-0.0477784
-0.0558882
-0.0659036
-0.0613236
-0.0353436
-0.0008207
0.0207624
0.0199495
0.0064798
-0.0039675
-0.0067153
-0.0093696
-0.0184875
-0.0304001
-0.0381222
-0.0438079
-0.0578745
-0.0840503
-0.1103840
-0.1202058
-0.1108731
-0.0972322
-0.0958074
-0.1088454
-0.1252034
-0.1336444
-0.1319104
-0.1240477
-0.1135361
-0.1019149
-0.0919149
-0.0868739
-0.0850962
-0.0786963
-0.0628921
-0.0454082
-0.0409590
-0.0542007
-0.0722954
-0.0780614
-0.0683160
-0.0554595
-0.0520637
-0.0583670
-0.0663318
-0.0723389
-0.0811872
-0.0965315
-0.1112741
-0.1129802
-0.1000452
-0.0874504
-0.0914959
-0.1105510
-0.1259565
-0.1221170
-0.1017486
-0.0810739
-0.0737533
-0.0798502
-0.0870232
-0.0826401
-0.0684540
-0.0620482
