-0.0733429
-0.0663903
-0.0655486
-0.0775446
-0.1007855
-0.1222427
-0.1271507
-0.1138719
-0.0973765
-0.0952685
-0.1099771
-0.1264145
-0.1279038
-0.1128220
-0.0940213
-0.0832650
-0.0796920
-0.0749795
-0.0668221
-0.0626382
-0.0685803
-0.0780417
-0.0749951
-0.0494966
-0.0079685
0.0329025
0.0610430
0.0764940
0.0858028
0.0925578
0.0950756
0.0912681
0.0824425
0.0714841
0.0592808
0.0446584
0.0271972
0.0085075
-0.0093578
-0.0253914
-0.0390217
-0.0492851
-0.0558682
-0.0604192
-0.0653259
-0.0710338
-0.0760498
-0.0803990
-0.0875124
-0.1003665
-0.1157356
-0.1249727
-0.1228364
-0.1147766
-0.1127090
-0.1223407
-0.1363149
-0.1419181
-0.1351654
-0.1251094
-0.1234151
-0.1313929
-0.1392113
-0.1373506
-0.1266261
-0.1162220
-0.1137505
-0.1190183
-0.1262979
-0.1295984
-0.1249591
-0.1108887
-0.0903747
-0.0721432
-0.0657508
-0.0723163
-0.0814266
-0.0806883
-0.0693506
-0.0600382
-0.0646784
-0.0795870
-0.0872500
-0.0739556
-0.0441722
-0.0160663
-0.0036451
-0.0050252
-0.0080570
-0.0051686
-0.0009908
-0.0061091
-0.0250082
-0.0506228
-0.0701244
-0.0760404
-0.0725049
-0.0708882
-0.0787012
-0.0926222
-0.1031172
-0.1056836
-0.1052975
-0.1080602
-0.1108299
-0.1043691
-0.0887694
-0.0810973
-0.1012089
-0.1488600
-0.1983881
-0.2155118
-0.1715852
-0.0373529
0.2231045
0.6231545
1.0982148
1.4891825
1.6163052
1.4049619
0.9527208
0.4658954
0.1159894
-0.0568690
-0.1193288
-0.1475238
-0.1636546
-0.1535325
-0.1169348
-0.0813555
-0.0712079
-0.0811636
-0.0880128
-0.0809866
-0.0704112
-0.0683989
-0.0717297
-0.0691786
-0.0597976
-0.0553583
-0.0641819
-0.0792163
-0.0863139
-0.0811565
-0.0729818
-0.0719763
-0.0778760
-0.0833413
-0.0851548
-0.0875543
-0.0945977
-0.1033221
-0.1071546
-0.1046093
-0.1016468
-0.1047860
-0.1135862
-0.1210922
-0.1209145
-0.1129001
-0.1025761
-0.0965277
-0.0981109
-0.1054728
-0.1120759
-0.1100376
-0.0953163
-0.0709350
-0.0446572
-0.0226228
-0.0050210
0.0120723
0.0312225
0.0507291
0.0671434
0.0798790
0.0924954
0.1091018
0.1296252
0.1489461
0.1611934
0.1655097
0.1678160
0.1761940
0.1933624
0.2134131
0.2269909
0.2306580
0.2305560
0.2353531
0.2453616
0.2502672
0.2392432
0.2131058
0.1850872
0.1690287
0.1675287
0.1720692
0.1733560
0.1694068
0.1633833
0.1563744
0.1456609
0.1303765
0.1158025
0.1090296
0.1103984
0.1115347
0.1032983
0.0849220
0.0640753
0.0482551
0.0376533
0.0270757
0.0134462
-0.0005224
-0.0102053
-0.0147482
-0.0174236
-0.0210879
-0.0251882
-0.0277365
-0.0285859
-0.0290488
-0.0285466
-0.0234004
-0.0102462
0.0093087
0.0279317
0.0369015
0.0319709
0.0162625
-0.0016379
-0.0130920
-0.0151532
-0.0127994
-0.0150279
-0.0265294
-0.0419167
-0.0493465
-0.0419605
-0.0262506
-0.0176676
-0.0264927
-0.0479386
-0.0668120
-0.0720619
-0.0664097
-0.0618443
-0.0666571
-0.0777894
-0.0855293
-0.0842365
-0.0774522
-0.0732053
-0.0759458
-0.0835641
-0.0908750
-0.0942803
-0.0930086
-0.0875875
-0.0789067
-0.0689902
-0.0613284
-0.0588689
-0.0611822
-0.0642632
-0.0638096
-0.0585356
-0.0498601
-0.0389397
-0.0255246
-0.0104968
0.0016431
0.0050492
-0.0014228
-0.0111543
-0.0147615
-0.0096838
-0.0044825
-0.0117832
-0.0354267
-0.0647855
-0.0831916
-0.0830968
-0.0730950
-0.0697530
-0.0823053
-0.1049348
-0.1231763
-0.1270098
-0.1177666
-0.1037731
-0.0914998
-0.0820708
-0.0750273
-0.0725337
-0.0779629
-0.0909244
-0.1055510
-0.1147671
-0.1160965
-0.1129862
-0.1107549
-0.1117537
-0.1143366
-0.1155619
-0.1138296
-0.1088267
-0.1001219
-0.0872926
-0.0719025
-0.0586715
-0.0536041
-0.0598616
-0.0744038
-0.0882359
-0.0910124
-0.0776917
-0.0525210
-0.0265285
-0.0096300
-0.0036074
-0.0021790
0.0017402
0.0083191
0.0101117
-0.0007939
-0.0247654
-0.0535874
-0.0770093
-0.0901367
-0.0952624
-0.0981923
-0.1035559
-0.1123348
-0.1219182
-0.1282743
-0.1295749
-0.1286284
-0.1307107
-0.1375627
-0.1440302
-0.1426840
-0.1324140
-0.1202442
-0.1123684
-0.1049718
-0.0885500
-0.0631322
-0.0449322
-0.0522440
-0.0846411
-0.1202477
-0.1327865
-0.1022575
-0.0025516
0.2100712
0.5685005
1.0320463
1.4555619
1.6507856
1.5133559
1.1078949
0.6264245
0.2516287
0.0465215
-0.0408415
-0.0868807
-0.1194326
-0.1238534
-0.0943259
-0.0578493
-0.0476906
-0.0679285
-0.0942364
-0.1055035
-0.1051785
-0.1100907
-0.1264540
-0.1439311
-0.1510288
-0.1488661
-0.1470282
-0.1504001
-0.1550764
-0.1564478
-0.1566852
-0.1618167
-0.1730985
-0.1837397
-0.1844622
-0.1713867
-0.1487162
-0.1252688
-0.1090831
-0.1036278
-0.1062932
-0.1093258
-0.1039178
-0.0861464
-0.0602545
-0.0356841
-0.0199831
-0.0138401
-0.0121090
-0.0088478
-0.0015672
0.0081939
0.0174283
0.0248841
0.0324317
0.0434058
0.0589398
0.0752045
0.0845058
0.0805849
0.0644120
0.0448881
0.0324931
0.0310031
0.0353689
0.0380489
0.0371094
0.0375502
0.0448357
0.0578705
0.0687863
0.0696256
0.0593736
0.0450195
0.0362382
0.0386320
0.0505593
0.0647288
0.0727252
0.0702365
0.0606679
0.0541914
0.0610707
0.0832950
0.1118941
0.1333730
0.1402241
0.1362437
0.1321356
0.1359778
0.1475385
0.1608394
0.1706511
0.1753215
0.1741426
0.1649745
0.1471615
0.1265444
0.1146680
0.1200841
0.1394116
0.1577042
0.1590075
0.1379877
0.1025926
0.0664806
0.0390363
0.0211563
0.0078069
-0.0072407
-0.0279168
-0.0536788
-0.0790182
-0.0966187
-0.1034701
-0.1043178
-0.1076076
-0.1170033
-0.1275207
-0.1311209
-0.1260470
-0.1192974
-0.1187817
-0.1236179
-0.1240303
-0.1118889
-0.0904119
-0.0718308
-0.0651869
-0.0674561
-0.0673210
-0.0571426
-0.0404874
-0.0279124
-0.0259627
-0.0308554
-0.0330041
-0.0270834
-0.0167237
-0.0092258
-0.0068901
-0.0049701
0.0016959
0.0112350
0.0152440
0.0074315
-0.0082782
-0.0190475
-0.0137297
0.0069271
0.0304770
0.0433519
0.0416353
0.0321891
0.0242224
0.0201574
0.0141235
-0.0014780
-0.0281307
-0.0593335
-0.0858336
-0.1024446
-0.1102851
-0.1137344
-0.1163769
-0.1195903
-0.1234938
-0.1279765
-0.1326645
-0.1364169
-0.1375015
-0.1349880
-0.1304094
-0.1275837
-0.1296780
-0.1357614
-0.1405591
-0.1384374
-0.1283455
-0.1150656
-0.1052524
-0.1016968
-0.1013934
-0.0994870
-0.0947692
-0.0903569
-0.0888814
-0.0884497
-0.0847251
-0.0765884
-0.0682126
-0.0648368
-0.0671105
-0.0703885
-0.0696023
-0.0643232
-0.0588283
-0.0576996
-0.0620661
-0.0699390
-0.0788119
-0.0868392
-0.0922367
-0.0933328
-0.0898147
-0.0830113
-0.0743909
-0.0644969
-0.0539314
-0.0445662
-0.0384864
-0.0355689
-0.0331505
-0.0291339
-0.0254695
-0.0276389
-0.0396745
-0.0594630
-0.0794816
-0.0926087
-0.0974176
-0.0983886
-0.1017351
-0.1105794
-0.1224149
-0.1303860
-0.1284877
-0.1173420
-0.1045396
-0.0976677
-0.0969268
-0.0962903
-0.0923222
-0.0892874
-0.0927691
-0.0992669
-0.0969753
-0.0806076
-0.0635033
-0.0690638
-0.1065099
-0.1564141
-0.1814644
-0.1477717
-0.0318464
0.1857651
0.5128133
0.9120778
1.2763691
1.4600796
1.3665808
1.0241889
0.5773743
0.1923807
-0.0434115
-0.1461047
-0.1789439
-0.1839435
-0.1652498
-0.1202447
-0.0662928
-0.0307001
-0.0231557
-0.0282772
-0.0260608
-0.0137234
-0.0045425
-0.0093245
-0.0247172
-0.0401389
-0.0512747
-0.0627878
-0.0792518
-0.0977620
-0.1109447
-0.1147907
-0.1114957
-0.1058934
-0.1013071
-0.0986082
-0.0971843
-0.0958887
-0.0941155
-0.0929752
-0.0948470
-0.1004521
-0.1061955
-0.1059917
-0.0975357
-0.0865902
-0.0828580
-0.0900377
-0.1009924
-0.1046771
-0.0977587
-0.0876287
-0.0834551
-0.0859285
-0.0871842
-0.0799316
-0.0647975
-0.0482790
-0.0349985
-0.0237224
-0.0110661
0.0026854
0.0132396
0.0176483
0.0185930
0.0228954
0.0366377
0.0617094
0.0951263
0.1300497
0.1585931
0.1764448
0.1862156
0.1954808
0.2100785
0.2285049
0.2427056
0.2445513
0.2320748
0.2102635
0.1868658
0.1680897
0.1574039
0.1557707
0.1608002
0.1664172
0.1662201
0.1588411
0.1492126
0.1433149
0.1417997
0.1395699
0.1316646
0.1187805
0.1063189
0.0981256
0.0921839
0.0834396
0.0703395
0.0566987
0.0462881
0.0373872
0.0251218
0.0090961
-0.0038689
-0.0065953
-0.0006656
0.0032706
-0.0043019
-0.0215111
-0.0364905
-0.0399500
-0.0354712
-0.0356416
-0.0479799
-0.0665276
-0.0782581
-0.0762113
-0.0644995
-0.0511620
-0.0388409
-0.0241466
-0.0050432
0.0140349
0.0264577
0.0321540
0.0394011
0.0559046
0.0788520
0.0958811
0.0964295
0.0811060
0.0598578
0.0426404
0.0329208
0.0287538
0.0273029
0.0267499
0.0248445
0.0183156
0.0057559
-0.0094028
-0.0209719
-0.0260636
-0.0278185
-0.0310586
-0.0366387
-0.0422443
-0.0483124
-0.0600800
-0.0813413
-0.1066244
-0.1220557
-0.1164071
-0.0922124
-0.0652759
-0.0520738
-0.0571184
-0.0721446
-0.0858831
-0.0927866
-0.0931921
-0.0888342
-0.0811399
-0.0730570
-0.0694906
-0.0739294
-0.0845547
-0.0943540
-0.0956805
-0.0852399
-0.0653313
-0.0413535
-0.0190560
-0.0032986
0.0037008
0.0055467
0.0120321
0.0324510
0.0658133
0.0982111
0.1122599
0.1012943
0.0752581
0.0522407
0.0428553
0.0418826
0.0352650
0.0154057
-0.0110385
-0.0307138
-0.0377420
-0.0392152
-0.0469565
-0.0650686
-0.0861871
-0.0995680
-0.1019817
-0.0998060
-0.1004396
-0.1033441
-0.1015428
-0.0915923
-0.0793876
-0.0745222
-0.0803667
-0.0917635
-0.1019971
-0.1096108
-0.1172645
-0.1256389
-0.1312361
-0.1308932
-0.1261807
-0.1209040
-0.1153932
-0.1070768
-0.0975706
-0.0945821
-0.1023158
-0.1120977
-0.1084268
-0.0854505
-0.0523446
-0.0195693
0.0146380
0.0563282
0.0954436
0.1041363
0.0649509
-0.0008030
-0.0411434
-0.0122306
0.0975090
0.2838593
0.5512525
0.8957079
1.2550499
1.4969783
1.4903274
1.2087259
0.7637923
0.3279030
0.0178227
-0.1554920
-0.2427024
-0.2843614
-0.2874795
-0.2537921
-0.2049997
-0.1701564
-0.1585870
-0.1578716
-0.1566675
-0.1582147
-0.1680126
-0.1779416
-0.1727530
-0.1511890
-0.1321853
-0.1356727
-0.1603244
-0.1846912
-0.1900277
-0.1783003
-0.1662673
-0.1651222
-0.1699785
-0.1686756
-0.1561581
-0.1376946
-0.1210115
-0.1094581
-0.1026500
-0.0999698
-0.1009701
-0.1032749
-0.1023451
-0.0947968
-0.0822067
-0.0707163
-0.0654915
-0.0652080
-0.0629274
-0.0530124
-0.0367335
-0.0209127
-0.0117558
-0.0099955
-0.0106221
-0.0063292
0.0077590
0.0305278
0.0543555
0.0682474
0.0638945
0.0423487
0.0163919
0.0036339
0.0128860
0.0359826
0.0550287
0.0591919
0.0537272
0.0521715
0.0612711
0.0751930
0.0839867
0.0854675
0.0868175
0.0945436
0.1052169
0.1088172
0.1013229
0.0913861
0.0925717
0.1096351
0.1336685
0.1504848
0.1533123
0.1481306
0.1472051
0.1563217
0.1674398
0.1651830
0.1425300
0.1101149
0.0883951
0.0893138
0.1052153
0.1157424
0.1060468
0.0791825
0.0517098
0.0382450
0.0409811
0.0527770
0.0663521
0.0776800
0.0830967
0.0788834
0.0658907
0.0513555
0.0424871
0.0382692
0.0298408
0.0101925
-0.0171562
-0.0404269
-0.0511349
-0.0526134
-0.0557997
-0.0670563
-0.0823810
-0.0941825
-0.1009062
-0.1072789
-0.1162963
-0.1243141
-0.1251697
-0.1176158
-0.1072827
-0.1012276
-0.1010152
-0.1017813
-0.0985344
-0.0926308
-0.0905019
-0.0957439
-0.1038921
-0.1059944
-0.0970989
-0.0813616
-0.0695350
-0.0707491
-0.0847051
-0.1012990
-0.1093331
-0.1064035
-0.0994345
-0.0954409
-0.0934162
-0.0863185
-0.0699145
-0.0480097
-0.0285006
-0.0150012
-0.0037827
0.0098909
0.0234513
0.0281061
0.0196281
0.0055340
-0.0016123
0.0024474
0.0094976
0.0080938
-0.0052207
-0.0245565
-0.0425700
-0.0577441
-0.0736226
-0.0921296
-0.1096689
-0.1210065
-0.1256903
-0.1281922
-0.1318244
-0.1353019
-0.1363188
-0.1358500
-0.1365739
-0.1383934
-0.1381907
-0.1343873
-0.1301576
-0.1307772
-0.1374263
-0.1444031
-0.1442947
-0.1367271
-0.1299679
-0.1315134
-0.1384092
-0.1404153
-0.1330909
-0.1242542
-0.1253032
-0.1379488
-0.1520783
-0.1566168
-0.1505093
-0.1417925
-0.1368809
-0.1333609
-0.1244998
-0.1080579
-0.0869088
-0.0627165
-0.0358070
-0.0136709
-0.0124620
-0.0416313
-0.0869644
-0.1134858
-0.0843749
0.0281125
0.2466682
0.5841409
1.0111438
1.4223365
1.6566540
1.5883269
1.2253431
0.7203873
0.2696085
-0.0157099
-0.1518794
-0.2171920
-0.2616299
-0.2814760
-0.2610553
-0.2139227
-0.1752563
-0.1648230
-0.1703736
-0.1686469
-0.1543278
-0.1424036
-0.1459588
-0.1602530
-0.1707445
-0.1701891
-0.1627277
-0.1551669
-0.1509653
-0.1519658
-0.1592858
-0.1696592
-0.1746817
-0.1677539
-0.1519542
-0.1392509
-0.1403770
-0.1543503
-0.1678345
-0.1658413
-0.1436730
-0.1083976
-0.0703612
-0.0361206
-0.0091166
0.0075242
0.0121995
0.0073572
-0.0015737
-0.0097802
-0.0155694
-0.0208261
-0.0291656
-0.0414548
-0.0523939
-0.0537300
-0.0424454
-0.0248578
-0.0117502
-0.0096217
-0.0159136
-0.0214139
-0.0179940
-0.0057213
0.0079102
0.0166474
0.0216470
0.0271998
0.0329169
0.0345432
0.0323026
0.0340803
0.0478053
0.0715871
0.0928255
0.0983545
0.0872667
0.0738248
0.0750128
0.0936751
0.1158812
0.1259879
0.1216457
0.1126365
0.1088417
0.1132419
0.1247567
0.1430879
0.1687155
0.1987580
0.2240085
0.2325183
0.2191820
0.1917766
0.1648461
0.1471435
0.1367479
0.1270288
0.1133741
0.0944140
0.0716800
0.0499882
0.0347272
0.0265139
0.0202953
0.0108948
-0.0018128
-0.0134327
-0.0196064
-0.0206435
-0.0225574
-0.0316635
-0.0466556
-0.0587924
-0.0624365
-0.0622906
-0.0664525
-0.0749636
-0.0800647
-0.0768749
-0.0696826
-0.0672891
-0.0739722
-0.0843726
-0.0866564
-0.0734810
-0.0515453
-0.0372730
-0.0404868
-0.0542093
-0.0618410
-0.0519747
-0.0257930
0.0059882
0.0317663
0.0480312
0.0611243
0.0774322
0.0926772
0.0960500
0.0849740
0.0695005
0.0601615
0.0566592
0.0508834
0.0371596
0.0177128
0.0010010
-0.0046511
0.0015924
0.0122120
0.0194771
0.0219332
0.0206378
0.0143187
0.0037545
-0.0038496
-0.0022490
0.0049640
0.0093856
0.0084946
0.0046342
-0.0030193
-0.0170094
-0.0331207
-0.0405236
-0.0321747
-0.0136984
-0.0032777
-0.0204142
-0.0661760
-0.1133277
-0.1272058
-0.1021088
-0.0682572
-0.0577074
-0.0725467
-0.0912234
-0.0946752
-0.0786871
-0.0504924
-0.0220255
-0.0009337
0.0154777
0.0310315
0.0374689
0.0238533
-0.0014482
-0.0153820
-0.0091905
0.0038882
0.0105437
0.0074918
-0.0095050
-0.0409801
-0.0661120
-0.0600681
-0.0354120
-0.0326350
-0.0578787
-0.0667185
-0.0294370
