-0.0293630
-0.0039101
0.0097348
0.0063293
-0.0108116
-0.0309302
-0.0427698
-0.0421734
-0.0345338
-0.0303527
-0.0371728
-0.0535666
-0.0695883
-0.0738626
-0.0624420
-0.0423186
-0.0260260
-0.0214915
-0.0262626
-0.0315032
-0.0314306
-0.0282858
-0.0280852
-0.0328415
-0.0385910
-0.0410846
-0.0414876
-0.0446543
-0.0521734
-0.0592516
-0.0598365
-0.0540467
-0.0490032
-0.0521299
-0.0646577
-0.0818773
-0.0981421
-0.1101434
-0.1163158
-0.1159264
-0.1102171
-0.1027416
-0.0959316
-0.0871589
-0.0706232
-0.0448372
-0.0168519
0.0036771
0.0151779
0.0266903
0.0476408
0.0756814
0.0969023
0.0989764
0.0828335
0.0602613
0.0411336
0.0251714
0.0064948
-0.0162606
-0.0370386
-0.0494656
-0.0543705
-0.0582227
-0.0645552
-0.0690428
-0.0645136
-0.0503767
-0.0355984
-0.0313725
-0.0409275
-0.0569922
-0.0692164
-0.0734975
-0.0737967
-0.0757037
-0.0798563
-0.0826132
-0.0823382
-0.0830051
-0.0903085
-0.1047467
-0.1199285
-0.1281793
-0.1271299
-0.1205363
-0.1138619
-0.1103613
-0.1105196
-0.1123336
-0.1105323
-0.0978287
-0.0710641
-0.0374191
-0.0117659
-0.0048170
-0.0139065
-0.0259153
-0.0248259
0.0116227
0.1236808
0.3629221
0.7485619
1.2136286
1.6014227
1.7429185
1.5681606
1.1586973
0.6914048
0.3206442
0.0980611
-0.0148933
-0.0768131
-0.1151174
-0.1299421
-0.1243554
-0.1153458
-0.1174661
-0.1273498
-0.1306372
-0.1206648
-0.1051218
-0.0954130
-0.0949259
-0.0997944
-0.1071653
-0.1180144
-0.1321187
-0.1443499
-0.1484024
-0.1429636
-0.1324665
-0.1224697
-0.1159791
-0.1136793
-0.1148807
-0.1166077
-0.1135416
-0.1018897
-0.0840394
-0.0674387
-0.0570900
-0.0496497
-0.0366658
-0.0142524
0.0114548
0.0295536
0.0351454
0.0344554
0.0391039
0.0552098
0.0775663
0.0937922
0.0942147
0.0787479
0.0554774
0.0333816
0.0164610
0.0040989
-0.0046117
-0.0088070
-0.0085463
-0.0078246
-0.0123021
-0.0229223
-0.0329543
-0.0331764
-0.0204464
-0.0004120
0.0183632
0.0318319
0.0414599
0.0494070
0.0553382
0.0588226
0.0628262
0.0720984
0.0875783
0.1042531
0.1162890
0.1239022
0.1333852
0.1495025
0.1690470
0.1837826
0.1901062
0.1940694
0.2048420
0.2232530
0.2390915
0.2419386
0.2343235
0.2316118
0.2469910
0.2773764
0.3062562
0.3207388
0.3236343
0.3272086
0.3369608
0.3452112
0.3414002
0.3250300
0.3046467
0.2850713
0.2605566
0.2234382
0.1769078
0.1344686
0.1056489
0.0855336
0.0612218
0.0272330
-0.0087427
-0.0355831
-0.0508454
-0.0609746
-0.0716666
-0.0818995
-0.0878709
-0.0889884
-0.0868305
-0.0799644
-0.0644911
-0.0416825
-0.0220992
-0.0178868
-0.0301034
-0.0461625
-0.0517541
-0.0443109
-0.0329405
-0.0259812
-0.0219665
-0.0145751
-0.0038544
0.0019936
-0.0026200
-0.0112937
-0.0109053
0.0034899
0.0221010
0.0308970
0.0272410
0.0222561
0.0274251
0.0416951
0.0539998
0.0569355
0.0545272
0.0557604
0.0633620
0.0714803
0.0729499
0.0652935
0.0490020
0.0236691
-0.0104380
-0.0477121
-0.0780744
-0.0948352
-0.1005564
-0.1035712
-0.1096784
-0.1189857
-0.1295547
-0.1400505
-0.1470973
-0.1437427
-0.1258188
-0.1004427
-0.0837336
-0.0863208
-0.1021834
-0.1149541
-0.1152155
-0.1084954
-0.1053727
-0.1075898
-0.1079131
-0.1021316
-0.0955915
-0.0954220
-0.1001462
-0.1017298
-0.0969376
-0.0913515
-0.0901156
-0.0891689
-0.0807291
-0.0661655
-0.0573260
-0.0621818
-0.0729352
-0.0733353
-0.0573384
-0.0359915
-0.0241192
-0.0237893
-0.0245177
-0.0180660
-0.0083291
-0.0055951
-0.0150082
-0.0336385
-0.0562022
-0.0788446
-0.0972987
-0.1066250
-0.1065703
-0.1048010
-0.1100166
-0.1211856
-0.1273040
-0.1200556
-0.1043020
-0.0928697
-0.0919503
-0.0953672
-0.0939866
-0.0870163
-0.0809978
-0.0799579
-0.0812964
-0.0819664
-0.0840837
-0.0907454
-0.0983960
-0.0981501
-0.0858321
-0.0674853
-0.0527802
-0.0451963
-0.0416217
-0.0400385
-0.0426460
-0.0494757
-0.0528627
-0.0433291
-0.0213039
0.0006553
0.0093213
0.0026100
-0.0117329
-0.0269380
-0.0429011
-0.0612380
-0.0792004
-0.0918612
-0.0985596
-0.1033170
-0.1085640
-0.1119644
-0.1114814
-0.1109529
-0.1167480
-0.1288121
-0.1384321
-0.1368704
-0.1244895
-0.1092754
-0.0977009
-0.0901446
-0.0852928
-0.0850632
-0.0919973
-0.1033125
-0.1113918
-0.1112873
-0.1055038
-0.0999731
-0.0972340
-0.0958700
-0.0953894
-0.0978651
-0.1032126
-0.1053749
-0.0963292
-0.0740503
-0.0448493
-0.0178277
0.0011847
0.0101488
0.0085856
-0.0020426
-0.0166084
-0.0285371
-0.0353367
-0.0402480
-0.0470739
-0.0551009
-0.0614189
-0.0671950
-0.0781530
-0.0975357
-0.1208268
-0.1392310
-0.1467691
-0.1421648
-0.1265541
-0.1048761
-0.0902678
-0.1002734
-0.1412874
-0.1963534
-0.2323189
-0.2182917
-0.1311014
0.0559419
0.3709043
0.8040573
1.2614505
1.5765680
1.6028617
1.3211563
0.8621103
0.4157993
0.1078930
-0.0513072
-0.1193087
-0.1447965
-0.1398327
-0.1063969
-0.0635792
-0.0383143
-0.0386672
-0.0487329
-0.0507393
-0.0446463
-0.0431066
-0.0532162
-0.0695112
-0.0831532
-0.0915045
-0.0966938
-0.0995377
-0.0994726
-0.0990652
-0.1039642
-0.1169218
-0.1343327
-0.1502255
-0.1617843
-0.1691104
-0.1715009
-0.1675579
-0.1591457
-0.1516314
-0.1478677
-0.1440081
-0.1344763
-0.1205522
-0.1104420
-0.1093632
-0.1123473
-0.1099066
-0.0997527
-0.0893145
-0.0858753
-0.0875456
-0.0866173
-0.0796911
-0.0703015
-0.0613166
-0.0492453
-0.0294548
-0.0048341
0.0154397
0.0267475
0.0350538
0.0492392
0.0691226
0.0847625
0.0882347
0.0831757
0.0806090
0.0869525
0.0988014
0.1091120
0.1153677
0.1201196
0.1257955
0.1321353
0.1386945
0.1469189
0.1577229
0.1679937
0.1715599
0.1642701
0.1476002
0.1274010
0.1101059
0.1003279
0.1004951
0.1106081
0.1275058
0.1452491
0.1576406
0.1614096
0.1576898
0.1509674
0.1464199
0.1470469
0.1519975
0.1573653
0.1592841
0.1567818
0.1515957
0.1454748
0.1386208
0.1312920
0.1258840
0.1255814
0.1302666
0.1348372
0.1329975
0.1230273
0.1093148
0.0981763
0.0927684
0.0920439
0.0931682
0.0932430
0.0888559
0.0762712
0.0542961
0.0269883
0.0018048
-0.0162689
-0.0286384
-0.0405525
-0.0547292
-0.0681617
-0.0754963
-0.0750745
-0.0710751
-0.0697911
-0.0742869
-0.0826286
-0.0903423
-0.0937004
-0.0911927
-0.0837303
-0.0747609
-0.0693346
-0.0708295
-0.0774230
-0.0827855
-0.0818999
-0.0763361
-0.0724536
-0.0738182
-0.0769049
-0.0761458
-0.0725480
-0.0741162
-0.0856080
-0.0996297
-0.1017131
-0.0856468
-0.0614502
-0.0455526
-0.0437242
-0.0463696
-0.0410572
-0.0265357
-0.0115450
-0.0013782
0.0095972
0.0295149
0.0556468
0.0738317
0.0725206
0.0549403
0.0350586
0.0225187
0.0141756
0.0008910
-0.0199271
-0.0409389
-0.0533813
-0.0565004
-0.0573586
-0.0625560
-0.0719756
-0.0806983
-0.0851882
-0.0860797
-0.0856639
-0.0849628
-0.0845343
-0.0868248
-0.0951233
-0.1089759
-0.1218963
-0.1258934
-0.1193072
-0.1093173
-0.1053782
-0.1100251
-0.1170528
-0.1190181
-0.1152671
-0.1111609
-0.1099259
-0.1077214
-0.0986604
-0.0839526
-0.0732974
-0.0750962
-0.0857142
-0.0907775
-0.0789481
-0.0541066
-0.0322956
-0.0260572
-0.0331638
-0.0420505
-0.0469154
-0.0540184
-0.0715265
-0.0958589
-0.1123797
-0.1105931
-0.0954453
-0.0808868
-0.0743177
-0.0717763
-0.0684722
-0.0678869
-0.0751769
-0.0846394
-0.0824249
-0.0655035
-0.0522084
-0.0664632
-0.1119578
-0.1676323
-0.2073771
-0.2118994
-0.1520283
0.0275953
0.3765959
0.8639346
1.3367049
1.5840615
1.4790893
1.0789982
0.5869462
0.2050171
0.0083704
-0.0588051
-0.0880451
-0.1194806
-0.1372621
-0.1233731
-0.0938006
-0.0804003
-0.0919154
-0.1056766
-0.0969147
-0.0669995
-0.0382042
-0.0259468
-0.0241121
-0.0186024
-0.0085744
-0.0079524
-0.0267002
-0.0563970
-0.0780038
-0.0818861
-0.0760681
-0.0742417
-0.0795113
-0.0832878
-0.0786830
-0.0703752
-0.0690401
-0.0784468
-0.0914943
-0.0990690
-0.0999568
-0.1003915
-0.1056276
-0.1146868
-0.1234197
-0.1300036
-0.1354101
-0.1396542
-0.1404398
-0.1365800
-0.1311030
-0.1290214
-0.1320555
-0.1368105
-0.1383965
-0.1346942
-0.1264200
-0.1141956
-0.0974658
-0.0768095
-0.0559126
-0.0394262
-0.0282443
-0.0175859
-0.0006244
0.0257256
0.0585351
0.0916192
0.1195861
0.1393450
0.1495401
0.1508054
0.1472327
0.1460794
0.1537854
0.1710201
0.1917791
0.2080051
0.2154656
0.2153470
0.2109031
0.2038139
0.1943370
0.1839445
0.1760471
0.1734265
0.1756522
0.1796910
0.1825914
0.1827335
0.1787856
0.1691446
0.1539499
0.1374910
0.1268825
0.1265757
0.1336500
0.1390828
0.1343268
0.1171125
0.0917212
0.0650110
0.0427945
0.0286647
0.0237079
0.0258165
0.0300058
0.0311832
0.0275149
0.0207309
0.0127941
0.0029460
-0.0109795
-0.0285076
-0.0452685
-0.0568992
-0.0636333
-0.0696995
-0.0780844
-0.0871986
-0.0933325
-0.0950206
-0.0932478
-0.0878058
-0.0759805
-0.0566155
-0.0345211
-0.0185647
-0.0145490
-0.0210744
-0.0330676
-0.0477064
-0.0646193
-0.0808711
-0.0895227
-0.0860830
-0.0752442
-0.0678770
-0.0702497
-0.0782776
-0.0839291
-0.0853644
-0.0876113
-0.0932806
-0.0962700
-0.0875903
-0.0663885
-0.0422799
-0.0263460
-0.0222824
-0.0274474
-0.0393945
-0.0572054
-0.0768111
-0.0900016
-0.0917051
-0.0866460
-0.0852072
-0.0924576
-0.1040694
-0.1137680
-0.1213487
-0.1302095
-0.1389600
-0.1405932
-0.1317416
-0.1190921
-0.1127990
-0.1149221
-0.1187448
-0.1199208
-0.1230068
-0.1326719
-0.1413460
-0.1326483
-0.0998710
-0.0570870
-0.0274203
-0.0211132
-0.0288351
-0.0365147
-0.0418905
-0.0530505
-0.0735668
-0.0949249
-0.1053588
-0.1024437
-0.0936451
-0.0862737
-0.0810789
-0.0760815
-0.0723868
-0.0727827
-0.0761408
-0.0769482
-0.0712518
-0.0608864
-0.0507389
-0.0437027
-0.0401551
-0.0410498
-0.0483546
-0.0614068
-0.0750198
-0.0835729
-0.0867865
-0.0897717
-0.0971015
-0.1082571
-0.1194260
-0.1281028
-0.1343735
-0.1387068
-0.1407291
-0.1404009
-0.1385744
-0.1357266
-0.1318119
-0.1283209
-0.1282901
-0.1316485
-0.1319646
-0.1224930
-0.1073942
-0.1029156
-0.1219987
-0.1572860
-0.1826662
-0.1708047
-0.1022932
0.0445937
0.2987824
0.6658403
1.0785836
1.3914595
1.4565538
1.2328805
0.8279897
0.4236784
0.1491840
0.0153143
-0.0438406
-0.0831426
-0.1058417
-0.0943778
-0.0560803
-0.0251760
-0.0268011
-0.0532917
-0.0795204
-0.0929436
-0.1014680
-0.1159220
-0.1343177
-0.1464426
-0.1484349
-0.1471782
-0.1511476
-0.1612934
-0.1721645
-0.1789722
-0.1811008
-0.1801704
-0.1776572
-0.1748273
-0.1728993
-0.1721349
-0.1719073
-0.1724833
-0.1752952
-0.1798357
-0.1813178
-0.1740532
-0.1578835
-0.1393494
-0.1249960
-0.1146762
-0.1034140
-0.0894045
-0.0773603
-0.0722605
-0.0714891
-0.0662671
-0.0516408
-0.0328248
-0.0195990
-0.0151673
-0.0126322
-0.0026485
0.0173323
0.0421966
0.0654995
0.0843648
0.0986403
0.1080948
0.1124128
0.1130941
0.1131798
0.1142879
0.1150669
0.1137666
0.1117016
0.1123393
0.1163354
0.1190959
0.1153007
0.1059497
0.0991754
0.1026350
0.1153251
0.1280297
0.1323641
0.1288968
0.1257204
0.1291966
0.1371037
0.1416089
0.1384172
0.1317095
0.1297285
0.1365863
0.1493886
0.1627327
0.1742712
0.1849617
0.1947897
0.2001594
0.1967776
0.1848145
0.1697342
0.1568648
0.1455853
0.1304659
0.1090025
0.0871687
0.0753153
0.0775339
0.0857824
0.0860067
0.0707551
0.0452161
0.0203836
0.0014292
-0.0152507
-0.0336309
-0.0499632
-0.0563158
-0.0517526
-0.0463786
-0.0516992
-0.0680381
-0.0841374
-0.0897186
-0.0863311
-0.0841162
-0.0891204
-0.0966954
-0.0983346
-0.0926040
-0.0864465
-0.0859950
-0.0891638
-0.0891419
-0.0835427
-0.0773437
-0.0764536
-0.0804488
-0.0831114
-0.0792289
-0.0691087
-0.0562454
-0.0423996
-0.0267798
-0.0096658
0.0054988
0.0152298
0.0202960
0.0248490
0.0308293
0.0348371
0.0319562
0.0222026
0.0117852
0.0074455
0.0100480
0.0141024
0.0131459
0.0050092
-0.0078509
-0.0218009
-0.0346906
-0.0456535
-0.0540501
-0.0596772
-0.0634872
-0.0672006
-0.0721712
-0.0788369
-0.0867062
-0.0942056
-0.0990776
-0.1002132
-0.0994032
-0.1002730
-0.1046632
-0.1104747
-0.1140006
-0.1144521
-0.1152468
-0.1200835
-0.1282773
-0.1352575
-0.1379584
-0.1383479
-0.1403820
-0.1443317
-0.1462178
-0.1433694
-0.1386460
-0.1371856
-0.1391841
-0.1377965
-0.1257416
-0.1040286
-0.0829038
-0.0726049
-0.0725035
-0.0701841
-0.0527043
-0.0195416
0.0156455
0.0360974
0.0347424
0.0169568
-0.0070925
-0.0307479
-0.0517231
-0.0677145
-0.0750297
-0.0731014
-0.0682144
-0.0694615
-0.0802589
-0.0956613
-0.1087230
-0.1174064
-0.1237028
-0.1282304
-0.1293047
-0.1271815
-0.1253081
-0.1253467
-0.1241179
-0.1196982
-0.1195588
-0.1368448
-0.1750639
-0.2192059
-0.2450706
-0.2325122
-0.1604674
0.0084200
0.3156604
0.7520468
1.2084299
1.5043595
1.5006331
1.2057343
0.7734612
0.3881401
0.1427354
0.0150087
-0.0594046
-0.1100828
-0.1256644
-0.0999898
-0.0592859
-0.0390671
-0.0481711
-0.0670317
-0.0766573
-0.0777350
-0.0800614
-0.0840974
-0.0815195
-0.0702855
-0.0598454
-0.0588848
-0.0638756
-0.0650097
-0.0609537
-0.0612513
-0.0725221
-0.0876752
-0.0939736
-0.0900278
-0.0887735
-0.1013927
-0.1222598
-0.1341733
-0.1279663
-0.1133468
-0.1087038
-0.1217705
-0.1423029
-0.1536913
-0.1499316
-0.1397908
-0.1351459
-0.1377231
-0.1386469
-0.1295422
-0.1116991
-0.0940917
-0.0841592
-0.0815203
-0.0797194
-0.0726689
-0.0590455
-0.0412710
-0.0217637
-0.0015351
0.0177617
0.0323857
0.0388684
0.0377822
0.0342585
0.0344618
0.0413845
0.0532187
0.0651344
0.0732654
0.0781538
0.0847351
0.0986645
0.1220401
0.1515475
0.1796911
0.1985242
0.2045312
0.2012915
0.1965401
0.1953329
0.1960086
0.1931678
0.1843397
0.1734362
0.1676973
0.1708949
0.1790686
0.1835377
0.1792956
0.1704834
0.1666674
0.1734473
0.1868727
0.1963247
0.1922282
0.1724986
0.1440677
0.1185651
0.1045194
0.1018819
0.1033530
0.1005725
0.0894090
0.0712491
0.0509198
0.0327530
0.0170424
0.0001013
-0.0216932
-0.0480966
-0.0750114
-0.0970094
-0.1098498
-0.1128097
-0.1098242
-0.1065443
-0.1047146
-0.1008810
-0.0921531
-0.0818603
-0.0776275
-0.0841388
-0.0983726
-0.1112708
-0.1144653
-0.1074834
-0.0986937
-0.0971257
-0.1032336
-0.1099321
-0.1119857
-0.1104359
-0.1077085
-0.1033986
-0.0967798
-0.0893286
-0.0826420
-0.0772774
-0.0746178
-0.0750745
-0.0732188
-0.0614315
-0.0421970
-0.0304358
-0.0375242
