-0.0655886
-0.0678081
-0.0703479
-0.0703398
-0.0613257
-0.0414075
-0.0199708
-0.0104784
-0.0144663
-0.0167008
-0.0005139
0.0332209
0.0665733
0.0844478
0.0898981
0.0973069
0.1140614
0.1343154
0.1503915
0.1640413
0.1822669
0.2052250
0.2241644
0.2317993
0.2295616
0.2218898
0.2081076
0.1866091
0.1665189
0.1670619
0.1988156
0.2475597
0.2835376
0.2898024
0.2784300
0.2754476
0.2910955
0.3084035
0.3012041
0.2602472
0.2006619
0.1474706
0.1169763
0.1089854
0.1096425
0.0991609
0.0633789
0.0068241
-0.0443271
-0.0600325
-0.0350625
0.0000333
0.0028690
-0.0411227
-0.1036996
-0.1411796
-0.1367139
-0.1131324
-0.1043034
-0.1185530
-0.1345246
-0.1308829
-0.1128287
-0.1048312
-0.1204404
-0.1461481
-0.1574433
-0.1464624
-0.1288044
-0.1240554
-0.1352717
-0.1502300
-0.1579248
-0.1567126
-0.1463094
-0.1206805
-0.0773388
-0.0323053
-0.0161616
-0.0474049
-0.1100752
-0.1627715
-0.1726067
-0.1400705
-0.0919114
-0.0544071
-0.0365994
-0.0351735
-0.0460809
-0.0658257
-0.0854694
-0.0922310
-0.0812263
-0.0625682
-0.0524115
-0.0567967
-0.0670536
-0.0717179
-0.0701164
-0.0716034
-0.0824500
-0.0971470
-0.1051290
-0.1050853
-0.1092809
-0.1310395
-0.1679160
-0.1993847
-0.2035019
-0.1769011
-0.1380885
-0.1103977
-0.1014679
-0.0994576
-0.0885578
-0.0661410
-0.0430916
-0.0286649
-0.0190114
-0.0033246
0.0203541
0.0396643
0.0403743
0.0227698
0.0030508
-0.0022969
0.0075556
0.0180187
0.0142015
-0.0055804
-0.0310533
-0.0523367
-0.0685782
-0.0840111
-0.0976437
-0.0998958
-0.0815397
-0.0463748
-0.0136882
-0.0055240
-0.0290217
-0.0704416
-0.1071251
-0.1259050
-0.1303354
-0.1317844
-0.1363978
-0.1417337
-0.1430818
-0.1386668
-0.1280381
-0.1099261
-0.0866640
-0.0699659
-0.0755346
-0.1058460
-0.1395854
-0.1458059
-0.1147991
-0.0742178
-0.0688742
-0.1184828
-0.1900730
-0.2075464
-0.0895798
0.2074811
0.6579271
1.1556803
1.5373202
1.6476063
1.4252871
0.9524540
0.4183458
0.0104778
-0.1890284
-0.2240388
-0.1961737
-0.1770152
-0.1748236
-0.1663439
-0.1431706
-0.1224190
-0.1211629
-0.1333197
-0.1375548
-0.1242060
-0.1071071
-0.1059572
-0.1211301
-0.1322160
-0.1231325
-0.1040737
-0.1027496
-0.1326345
-0.1738595
-0.1901756
-0.1655947
-0.1213235
-0.0942321
-0.1001289
-0.1210852
-0.1278940
-0.1099596
-0.0805311
-0.0572004
-0.0446760
-0.0379959
-0.0357453
-0.0425516
-0.0583289
-0.0714874
-0.0683648
-0.0488979
-0.0286490
-0.0231055
-0.0319710
-0.0413093
-0.0397767
-0.0292611
-0.0191835
-0.0140808
-0.0096759
0.0007434
0.0199816
0.0471828
0.0801654
0.1137787
0.1373562
0.1395171
0.1200403
0.0958341
0.0896390
0.1089136
0.1373702
0.1514154
0.1461144
0.1423458
0.1661334
0.2218160
0.2874483
0.3362094
0.3600735
0.3717488
0.3861828
0.4041809
0.4149501
0.4109029
0.3957716
0.3788741
0.3660677
0.3582915
0.3547622
0.3523149
0.3424568
0.3155357
0.2722746
0.2287493
0.2040335
0.2002642
0.1976555
0.1731637
0.1244462
0.0726625
0.0405152
0.0300316
0.0240589
0.0070799
-0.0199039
-0.0448185
-0.0592398
-0.0641185
-0.0639759
-0.0610661
-0.0564531
-0.0528688
-0.0529804
-0.0557918
-0.0578983
-0.0587800
-0.0619123
-0.0686053
-0.0730877
-0.0676760
-0.0528853
-0.0384283
-0.0322414
-0.0318349
-0.0299321
-0.0260757
-0.0267405
-0.0330387
-0.0344373
-0.0204279
0.0030765
0.0153831
0.0024397
-0.0262080
-0.0461049
-0.0431412
-0.0260906
-0.0131160
-0.0110964
-0.0133895
-0.0150048
-0.0211621
-0.0369856
-0.0546289
-0.0584620
-0.0433117
-0.0215982
-0.0093226
-0.0088579
-0.0104959
-0.0093422
-0.0132444
-0.0295371
-0.0485916
-0.0496982
-0.0264685
-0.0001308
0.0000754
-0.0301730
-0.0627009
-0.0652223
-0.0347490
0.0000277
0.0078940
-0.0167318
-0.0539424
-0.0812168
-0.0919580
-0.0933822
-0.0930096
-0.0921381
-0.0903238
-0.0895830
-0.0907645
-0.0886876
-0.0753307
-0.0485937
-0.0158578
0.0120972
0.0299205
0.0402621
0.0488513
0.0584058
0.0676215
0.0750550
0.0820902
0.0906788
0.0985728
0.0986678
0.0846488
0.0576818
0.0271596
0.0040732
-0.0072531
-0.0110055
-0.0128396
-0.0114886
-0.0000872
0.0222027
0.0422201
0.0412467
0.0133890
-0.0266381
-0.0563282
-0.0654012
-0.0620093
-0.0609159
-0.0693232
-0.0855086
-0.1071911
-0.1347568
-0.1641061
-0.1811485
-0.1699997
-0.1283179
-0.0718690
-0.0230953
0.0025319
-0.0004120
-0.0307215
-0.0800446
-0.1290596
-0.1486407
-0.1064531
0.0277837
0.2763258
0.6349705
1.0444873
1.3830999
1.5126526
1.3644386
0.9973585
0.5680209
0.2285850
0.0383877
-0.0395734
-0.0720806
-0.0949710
-0.1083845
-0.1078912
-0.1021984
-0.1019084
-0.1050531
-0.1026036
-0.0943551
-0.0910679
-0.0994298
-0.1110381
-0.1113985
-0.0978021
-0.0829799
-0.0803017
-0.0896524
-0.1001284
-0.1031351
-0.0990204
-0.0927489
-0.0881430
-0.0876713
-0.0940760
-0.1083356
-0.1259643
-0.1378946
-0.1371045
-0.1245910
-0.1079315
-0.0936638
-0.0818450
-0.0683485
-0.0510965
-0.0328169
-0.0188431
-0.0138904
-0.0196749
-0.0325025
-0.0429988
-0.0418903
-0.0287666
-0.0136963
-0.0074437
-0.0099105
-0.0100424
0.0022023
0.0251948
0.0481463
0.0632934
0.0731521
0.0849735
0.1010404
0.1180774
0.1350677
0.1560741
0.1826408
0.2076786
0.2224119
0.2287328
0.2393278
0.2630146
0.2926642
0.3109108
0.3076957
0.2902951
0.2759022
0.2762555
0.2904456
0.3100322
0.3266091
0.3334883
0.3253282
0.3022841
0.2741990
0.2547439
0.2477939
0.2420385
0.2227053
0.1883294
0.1533316
0.1334015
0.1300419
0.1305804
0.1220070
0.1021691
0.0765467
0.0471744
0.0098362
-0.0362219
-0.0800395
-0.1056403
-0.1076414
-0.0973005
-0.0916341
-0.0978085
-0.1089592
-0.1137681
-0.1082412
-0.0980472
-0.0911152
-0.0901484
-0.0929919
-0.0980714
-0.1061953
-0.1166129
-0.1243464
-0.1239435
-0.1153206
-0.1045514
-0.0991160
-0.1026501
-0.1128166
-0.1225856
-0.1240108
-0.1127793
-0.0909016
-0.0660122
-0.0478824
-0.0434656
-0.0522437
-0.0650222
-0.0684904
-0.0534593
-0.0215791
0.0132356
0.0299972
0.0120775
-0.0401114
-0.1056768
-0.1555597
-0.1724467
-0.1608370
-0.1388749
-0.1214650
-0.1110103
-0.1020516
-0.0915451
-0.0824557
-0.0780249
-0.0762054
-0.0731311
-0.0708226
-0.0764780
-0.0919408
-0.1076046
-0.1111003
-0.1010832
-0.0883977
-0.0828098
-0.0819634
-0.0762082
-0.0631562
-0.0538793
-0.0623114
-0.0893038
-0.1198033
-0.1367512
-0.1358505
-0.1256436
-0.1164432
-0.1132509
-0.1176533
-0.1298183
-0.1451271
-0.1524783
-0.1411387
-0.1102717
-0.0699240
-0.0323402
-0.0038637
0.0143402
0.0206056
0.0125359
-0.0055811
-0.0191217
-0.0140376
0.0057309
0.0162576
-0.0050039
-0.0551391
-0.1060396
-0.1297296
-0.1219421
-0.1006385
-0.0842299
-0.0743189
-0.0601793
-0.0373750
-0.0176012
-0.0176130
-0.0402931
-0.0706448
-0.0912250
-0.0983131
-0.1012033
-0.1087153
-0.1202142
-0.1294488
-0.1337948
-0.1376543
-0.1471884
-0.1628016
-0.1773054
-0.1814251
-0.1714036
-0.1529065
-0.1395636
-0.1465341
-0.1802514
-0.2302279
-0.2715323
-0.2763572
-0.2197132
-0.0724207
0.1987428
0.5990944
1.0570989
1.4158485
1.5054918
1.2599301
0.7802918
0.2776749
-0.0671545
-0.2101959
-0.2315606
-0.2328681
-0.2518775
-0.2646579
-0.2450371
-0.2026069
-0.1659006
-0.1468973
-0.1344751
-0.1184690
-0.1076791
-0.1177596
-0.1461358
-0.1683172
-0.1630063
-0.1364558
-0.1163233
-0.1222314
-0.1472679
-0.1688958
-0.1726100
-0.1615534
-0.1468985
-0.1352856
-0.1274503
-0.1252397
-0.1345501
-0.1586744
-0.1905687
-0.2159005
-0.2253786
-0.2213384
-0.2100225
-0.1907012
-0.1578225
-0.1142545
-0.0772529
-0.0666233
-0.0860873
-0.1176686
-0.1360912
-0.1299719
-0.1089645
-0.0897451
-0.0768192
-0.0606326
-0.0345509
-0.0079585
0.0029506
-0.0037502
-0.0096260
0.0054571
0.0399224
0.0699614
0.0756726
0.0665929
0.0755952
0.1230777
0.1900418
0.2335206
0.2304773
0.2015080
0.1876662
0.2070570
0.2390153
0.2505477
0.2336254
0.2132462
0.2199270
0.2577504
0.3012871
0.3216730
0.3120454
0.2882378
0.2704553
0.2675216
0.2743253
0.2780388
0.2671033
0.2395676
0.2048563
0.1748813
0.1520971
0.1282656
0.0960173
0.0593064
0.0297209
0.0126205
-0.0002682
-0.0218877
-0.0540037
-0.0837101
-0.0976095
-0.0965472
-0.0928183
-0.0953096
-0.1029560
-0.1117875
-0.1205237
-0.1262509
-0.1223230
-0.1086771
-0.1012591
-0.1209453
-0.1683825
-0.2152717
-0.2286305
-0.2051038
-0.1755476
-0.1711299
-0.1886333
-0.1969090
-0.1773308
-0.1475387
-0.1383803
-0.1546789
-0.1706736
-0.1637956
-0.1409071
-0.1247445
-0.1223856
-0.1184883
-0.1001578
-0.0782666
-0.0757384
-0.0975290
-0.1223558
-0.1286728
-0.1211072
-0.1211041
-0.1339727
-0.1389025
-0.1183385
-0.0874621
-0.0812299
-0.1120950
-0.1515420
-0.1601877
-0.1317447
-0.0996135
-0.0992556
-0.1306308
-0.1632038
-0.1743222
-0.1726042
-0.1795826
-0.1972454
-0.2051393
-0.1887026
-0.1592832
-0.1403714
-0.1401973
-0.1455831
-0.1416441
-0.1305941
-0.1275705
-0.1406857
-0.1600482
-0.1680930
-0.1576067
-0.1359019
-0.1130786
-0.0924572
-0.0743347
-0.0624181
-0.0598015
-0.0607863
-0.0539255
-0.0356685
-0.0175557
-0.0167744
-0.0396014
-0.0751375
-0.1057768
-0.1233856
-0.1334391
-0.1423349
-0.1442143
-0.1263060
-0.0883377
-0.0511648
-0.0415085
-0.0689353
-0.1195146
-0.1699614
-0.2051557
-0.2231709
-0.2280884
-0.2225036
-0.2085544
-0.1933243
-0.1875055
-0.1958831
-0.2118615
-0.2240543
-0.2257278
-0.2154533
-0.1938965
-0.1677101
-0.1546422
-0.1740243
-0.2259984
-0.2840583
-0.3124891
-0.2870215
-0.1913105
0.0025238
0.3281617
0.7734847
1.2267462
1.4977438
1.4336149
1.0423500
0.5034477
0.0427854
-0.2179243
-0.3061193
-0.3197793
-0.3237920
-0.3196762
-0.2909141
-0.2502169
-0.2322931
-0.2501842
-0.2752462
-0.2673088
-0.2187975
-0.1619357
-0.1349686
-0.1485438
-0.1843537
-0.2172907
-0.2337882
-0.2341316
-0.2254938
-0.2156342
-0.2107080
-0.2145981
-0.2262212
-0.2368786
-0.2346023
-0.2154685
-0.1895850
-0.1724494
-0.1706014
-0.1780733
-0.1856765
-0.1900800
-0.1933936
-0.1970853
-0.1988710
-0.1960180
-0.1907705
-0.1896551
-0.1944012
-0.1953218
-0.1796295
-0.1481350
-0.1183814
-0.1069759
-0.1116493
-0.1147882
-0.1030712
-0.0799712
-0.0595200
-0.0510933
-0.0514231
-0.0499768
-0.0399353
-0.0222079
0.0002190
0.0270285
0.0565858
0.0814421
0.0944748
0.0992775
0.1086647
0.1310125
0.1614832
0.1877676
0.2013275
0.2022062
0.1964366
0.1912822
0.1917358
0.1995179
0.2139959
0.2325917
0.2505476
0.2632252
0.2701349
0.2743016
0.2761607
0.2708452
0.2534850
0.2246208
0.1887139
0.1506624
0.1160486
0.0906273
0.0748149
0.0603403
0.0367890
0.0022213
-0.0342206
-0.0602336
-0.0707820
-0.0722082
-0.0765978
-0.0907674
-0.1104382
-0.1256212
-0.1299061
-0.1230494
-0.1084928
-0.0936833
-0.0904055
-0.1067341
-0.1362278
-0.1602955
-0.1649969
-0.1540715
-0.1443794
-0.1499817
-0.1702734
-0.1909625
-0.1960660
-0.1808243
-0.1539363
-0.1279591
-0.1095664
-0.0987960
-0.0928320
-0.0872917
-0.0774095
-0.0625174
-0.0482521
-0.0414988
-0.0440736
-0.0525317
-0.0616590
-0.0667326
-0.0658525
-0.0626932
-0.0641612
-0.0725808
-0.0821895
-0.0854338
-0.0810094
-0.0744983
-0.0730970
-0.0803240
-0.0932901
-0.1043971
-0.1081056
-0.1064534
-0.1058751
-0.1093409
-0.1144127
-0.1177660
-0.1177357
-0.1131703
-0.1040265
-0.0932346
-0.0847097
-0.0797015
-0.0774198
-0.0773505
-0.0775606
-0.0731674
-0.0616923
-0.0493219
-0.0470671
-0.0596219
-0.0801636
-0.0959809
-0.0980323
-0.0867798
-0.0706678
-0.0576367
-0.0472220
-0.0328692
-0.0116366
0.0124235
0.0345610
0.0532052
0.0659407
0.0682781
0.0609748
0.0541302
0.0585198
0.0736761
0.0868677
0.0830866
0.0563624
0.0145400
-0.0262169
-0.0541246
-0.0691320
-0.0759758
-0.0732166
-0.0553711
-0.0255369
0.0007282
0.0072467
-0.0089940
-0.0360765
-0.0575611
-0.0663920
-0.0707922
-0.0839558
-0.1057733
-0.1194461
-0.1109156
-0.0874967
-0.0707885
-0.0730494
-0.0861733
-0.0926809
-0.0825539
-0.0601304
-0.0393654
-0.0335365
-0.0476221
-0.0788832
-0.1202358
-0.1555418
-0.1500428
-0.0539194
0.1732382
0.5308439
0.9573554
1.3346329
1.5271879
1.4518813
1.1367143
0.7134817
0.3378894
0.0989254
-0.0117194
-0.0574533
-0.0896758
-0.1144875
-0.1135879
-0.0868372
-0.0640198
-0.0720633
-0.1011381
-0.1150303
-0.0929971
-0.0514619
-0.0237648
-0.0266396
-0.0489843
-0.0679433
-0.0722848
-0.0704951
-0.0764266
-0.0896361
-0.0958984
-0.0874633
-0.0738253
-0.0676232
-0.0679180
-0.0649891
-0.0561194
-0.0481152
-0.0463713
-0.0481354
-0.0465386
-0.0380613
-0.0264443
-0.0195916
-0.0205382
-0.0230807
-0.0207171
-0.0171454
-0.0203432
-0.0282442
-0.0305989
-0.0258330
-0.0250412
-0.0346679
-0.0432543
-0.0313274
0.0086097
0.0640100
0.1116608
0.1360793
0.1424492
0.1499806
0.1697755
0.1937764
0.2097142
0.2195951
0.2346143
0.2570314
0.2777336
0.2900968
0.2975180
0.3074567
0.3239444
0.3450902
0.3641440
0.3753097
0.3807049
0.3871736
0.3950840
0.3979189
0.3952641
0.3961872
0.4041470
0.4074638
0.3921963
0.3589312
0.3216063
0.2944390
0.2825148
0.2789843
0.2693981
0.2452569
0.2145284
0.1925067
0.1833413
0.1786287
0.1717760
0.1623268
0.1465525
0.1164224
0.0714819
0.0235946
-0.0124306
-0.0285484
-0.0270978
-0.0213185
-0.0271862
-0.0461197
-0.0607382
-0.0564476
-0.0411385
-0.0337896
-0.0401412
-0.0508049
-0.0579311
-0.0621709
-0.0662481
-0.0706088
-0.0731917
-0.0693596
-0.0579016
-0.0491407
-0.0562276
-0.0744969
-0.0825913
-0.0703432
-0.0525500
-0.0479365
-0.0569829
-0.0678490
-0.0722097
-0.0680211
-0.0573875
-0.0477583
-0.0463022
-0.0506733
-0.0544518
-0.0594029
-0.0692091
-0.0748699
-0.0639366
-0.0428584
-0.0321293
-0.0391205
-0.0518804
-0.0585342
-0.0571420
-0.0493942
-0.0406032
-0.0420683
-0.0580306
-0.0755085
-0.0809854
-0.0786002
-0.0780002
-0.0769382
-0.0723535
-0.0741516
-0.0888356
-0.1032047
-0.1033349
-0.0961730
-0.0949522
-0.0983432
-0.1002288
-0.1033507
-0.1088526
-0.1113122
-0.1156966
-0.1352594
-0.1617946
-0.1673759
-0.1481729
-0.1339539
-0.1402835
-0.1462353
-0.1341254
-0.1147979
-0.0991362
-0.0818451
-0.0647949
-0.0565573
-0.0428774
-0.0046992
0.0323397
0.0238394
-0.0158613
-0.0290120
-0.0097938
-0.0065044
-0.0254229
-0.0267883
-0.0260453
-0.0833005
-0.1618145
-0.1279222
0.0437925
