-0.0526993
-0.0008263
0.1228054
0.3349297
0.6551393
1.0663080
1.4713061
1.7146399
1.6795712
1.3808962
0.9605094
0.5837004
0.3319206
0.1841659
0.0825096
-0.0007494
-0.0565409
-0.0760017
-0.0736027
-0.0730199
-0.0835191
-0.0985562
-0.1119743
-0.1259022
-0.1424129
-0.1559534
-0.1595977
-0.1551740
-0.1510724
-0.1503273
-0.1465429
-0.1341499
-0.1185286
-0.1110146
-0.1147512
-0.1204188
-0.1178242
-0.1080967
-0.1006877
-0.0997952
-0.0984343
-0.0874458
-0.0668988
-0.0452009
-0.0284768
-0.0152286
-0.0025901
0.0062847
0.0054406
-0.0039802
-0.0116067
-0.0082814
0.0031492
0.0103194
0.0043707
-0.0119088
-0.0292285
-0.0419803
-0.0507423
-0.0563555
-0.0558908
-0.0465449
-0.0313044
-0.0175536
-0.0097759
-0.0056464
-0.0000553
0.0088242
0.0190480
0.0292628
0.0410198
0.0560811
0.0730496
0.0879666
0.0976453
0.1016534
0.1022096
0.1041448
0.1145914
0.1392467
0.1757186
0.2110292
0.2292955
0.2249467
0.2085943
0.1984226
0.2049184
0.2240196
0.2445968
0.2608406
0.2758041
0.2932631
0.3084223
0.3091075
0.2872386
0.2486546
0.2103325
0.1868252
0.1790357
0.1761378
0.1677101
0.1527915
0.1371084
0.1237320
0.1092557
0.0893087
0.0648585
0.0404465
0.0173605
-0.0077487
-0.0360758
-0.0615679
-0.0764792
-0.0817419
-0.0877067
-0.1019278
-0.1183465
-0.1225229
-0.1082215
-0.0858998
-0.0728468
-0.0765471
-0.0899086
-0.1015246
-0.1069270
-0.1087259
-0.1091544
-0.1061911
-0.0964072
-0.0781468
-0.0509789
-0.0153339
0.0243354
0.0578792
0.0756199
0.0779943
0.0762712
0.0806575
0.0884577
0.0868229
0.0675344
0.0364744
0.0072529
-0.0119793
-0.0226170
-0.0283642
-0.0291350
-0.0245549
-0.0198882
-0.0230185
-0.0346414
-0.0455318
-0.0468051
-0.0412362
-0.0406737
-0.0518742
-0.0683509
-0.0785467
-0.0799212
-0.0812958
-0.0911958
-0.1076102
-0.1218414
-0.1303458
-0.1385199
-0.1517265
-0.1659410
-0.1708491
-0.1619678
-0.1468308
-0.1379036
-0.1410336
-0.1522502
-0.1640030
-0.1710461
-0.1697558
-0.1558397
-0.1275858
-0.0919725
-0.0636018
-0.0534575
-0.0582012
-0.0628429
-0.0554237
-0.0381848
-0.0232761
-0.0187341
-0.0210574
-0.0217289
-0.0181328
-0.0153287
-0.0178923
-0.0234034
-0.0257718
-0.0230662
-0.0190998
-0.0172914
-0.0160535
-0.0124194
-0.0085274
-0.0109617
-0.0226591
-0.0379448
-0.0479168
-0.0498391
-0.0488655
-0.0507947
-0.0564142
-0.0648126
-0.0792371
-0.1044374
-0.1365793
-0.1596348
-0.1569385
-0.1280337
-0.0923858
-0.0747335
-0.0862359
-0.1182945
-0.1509469
-0.1650731
-0.1503843
-0.1097550
-0.0603139
-0.0263119
-0.0229669
-0.0439420
-0.0678333
-0.0801450
-0.0866757
-0.1011914
-0.1216376
-0.1265631
-0.1005819
-0.0593233
-0.0402177
-0.0656030
-0.1202248
-0.1682203
-0.1837927
-0.1522018
-0.0417068
0.2023089
0.6058658
1.0977343
1.5076216
1.6617837
1.5039279
1.1321922
0.7192647
0.3928985
0.1811316
0.0489790
-0.0361888
-0.0809970
-0.0889042
-0.0818829
-0.0888386
-0.1187503
-0.1546880
-0.1753015
-0.1769289
-0.1726302
-0.1741701
-0.1801541
-0.1813564
-0.1729254
-0.1584483
-0.1437220
-0.1298429
-0.1135494
-0.0931325
-0.0726248
-0.0597206
-0.0594450
-0.0696430
-0.0826894
-0.0918258
-0.0957517
-0.0969436
-0.0963678
-0.0915295
-0.0804946
-0.0666167
-0.0572966
-0.0572806
-0.0637809
-0.0686801
-0.0651595
-0.0520945
-0.0332709
-0.0139324
0.0019985
0.0131589
0.0205327
0.0253971
0.0267021
0.0216670
0.0109042
0.0023068
0.0062867
0.0245717
0.0452742
0.0526144
0.0425071
0.0262974
0.0178237
0.0193062
0.0232898
0.0274746
0.0422562
0.0795652
0.1357514
0.1900755
0.2222681
0.2300787
0.2282155
0.2315355
0.2410784
0.2452233
0.2314957
0.1972791
0.1528317
0.1163907
0.1034028
0.1149313
0.1346548
0.1406585
0.1243250
0.0981782
0.0834143
0.0894972
0.1072355
0.1208521
0.1228091
0.1147896
0.0984587
0.0723303
0.0393576
0.0116031
0.0008530
0.0047921
0.0076115
-0.0032383
-0.0239466
-0.0410110
-0.0488242
-0.0557565
-0.0717508
-0.0941230
-0.1094398
-0.1080066
-0.0926586
-0.0732340
-0.0567269
-0.0453939
-0.0410370
-0.0455503
-0.0563643
-0.0655551
-0.0666597
-0.0608952
-0.0539769
-0.0477689
-0.0385805
-0.0244528
-0.0105925
-0.0044334
-0.0067267
-0.0112809
-0.0141368
-0.0194839
-0.0337734
-0.0558817
-0.0769002
-0.0900021
-0.0971269
-0.1039526
-0.1108202
-0.1122601
-0.1052477
-0.0944260
-0.0874405
-0.0872499
-0.0913506
-0.0971497
-0.1045063
-0.1122115
-0.1154760
-0.1104766
-0.1007381
-0.0954140
-0.0996104
-0.1085418
-0.1136131
-0.1131560
-0.1139888
-0.1216589
-0.1320506
-0.1353021
-0.1269350
-0.1119128
-0.0969406
-0.0818893
-0.0622721
-0.0396844
-0.0254899
-0.0304346
-0.0509306
-0.0689010
-0.0675693
-0.0470445
-0.0231431
-0.0112908
-0.0130747
-0.0185122
-0.0190109
-0.0156804
-0.0154250
-0.0219101
-0.0326339
-0.0439735
-0.0562222
-0.0720674
-0.0913004
-0.1091566
-0.1203999
-0.1239597
-0.1229125
-0.1207052
-0.1183840
-0.1153542
-0.1119524
-0.1107150
-0.1148688
-0.1249834
-0.1366206
-0.1420334
-0.1359613
-0.1207465
-0.1049323
-0.0956480
-0.0927757
-0.0919070
-0.0924210
-0.0994802
-0.1159028
-0.1343640
-0.1422775
-0.1356764
-0.1246889
-0.1222163
-0.1293293
-0.1358538
-0.1342449
-0.1268983
-0.1176334
-0.1027247
-0.0786742
-0.0575144
-0.0637836
-0.1087734
-0.1708608
-0.2069502
-0.1796433
-0.0643243
0.1654758
0.5327945
1.0087847
1.4687082
1.7283214
1.6633363
1.3111336
0.8491653
0.4617411
0.2202746
0.0818622
-0.0182628
-0.0937383
-0.1214222
-0.0998254
-0.0677900
-0.0650346
-0.0921172
-0.1197183
-0.1284819
-0.1262374
-0.1274032
-0.1301779
-0.1232350
-0.1081298
-0.1026306
-0.1192583
-0.1484090
-0.1687274
-0.1709152
-0.1650243
-0.1645677
-0.1698995
-0.1708432
-0.1616815
-0.1476552
-0.1367209
-0.1301784
-0.1243151
-0.1180036
-0.1139499
-0.1124518
-0.1080713
-0.0951381
-0.0750645
-0.0556888
-0.0434109
-0.0377479
-0.0338252
-0.0280476
-0.0197213
-0.0085840
0.0061850
0.0234885
0.0388219
0.0473806
0.0484905
0.0456404
0.0422545
0.0389537
0.0353618
0.0328075
0.0334317
0.0370618
0.0408397
0.0426760
0.0439189
0.0474333
0.0535934
0.0597292
0.0639137
0.0678367
0.0744510
0.0832109
0.0894552
0.0894565
0.0853127
0.0837852
0.0903105
0.1045779
0.1215763
0.1359762
0.1453168
0.1500214
0.1516276
0.1513941
0.1500386
0.1479958
0.1455143
0.1426138
0.1392365
0.1355008
0.1315877
0.1271393
0.1207460
0.1103531
0.0949004
0.0763515
0.0601653
0.0527117
0.0567827
0.0689498
0.0816000
0.0881948
0.0871916
0.0815941
0.0753102
0.0698569
0.0637913
0.0545842
0.0409427
0.0237019
0.0048380
-0.0142823
-0.0338375
-0.0549490
-0.0780695
-0.1016292
-0.1220781
-0.1355154
-0.1398429
-0.1359380
-0.1272293
-0.1182114
-0.1126839
-0.1122291
-0.1155691
-0.1194241
-0.1205434
-0.1175472
-0.1115102
-0.1052812
-0.1019198
-0.1026442
-0.1054787
-0.1064026
-0.1030631
-0.0978135
-0.0961948
-0.1012406
-0.1092808
-0.1126298
-0.1074036
-0.0980566
-0.0927386
-0.0939765
-0.0954913
-0.0894198
-0.0757939
-0.0632114
-0.0601504
-0.0670675
-0.0771802
-0.0828085
-0.0791637
-0.0636594
-0.0357852
-0.0000731
0.0328512
0.0522028
0.0556371
0.0502039
0.0431191
0.0329911
0.0128163
-0.0185665
-0.0513782
-0.0734930
-0.0825461
-0.0866510
-0.0931712
-0.0998015
-0.0987037
-0.0877375
-0.0743149
-0.0672071
-0.0668291
-0.0662061
-0.0613254
-0.0578433
-0.0654842
-0.0864186
-0.1112733
-0.1276647
-0.1319499
-0.1315441
-0.1358110
-0.1458696
-0.1543535
-0.1548115
-0.1495583
-0.1466432
-0.1495330
-0.1521910
-0.1460646
-0.1309194
-0.1163685
-0.1119456
-0.1171210
-0.1222155
-0.1180545
-0.1030238
-0.0812748
-0.0571180
-0.0334614
-0.0142749
-0.0045724
-0.0056551
-0.0120204
-0.0161623
-0.0172787
-0.0232572
-0.0421437
-0.0718674
-0.0997374
-0.1128380
-0.1090832
-0.0983936
-0.0933849
-0.0986474
-0.1083872
-0.1138314
-0.1122837
-0.1084001
-0.1069547
-0.1061683
-0.1002260
-0.0884785
-0.0797226
-0.0848246
-0.1053008
-0.1313031
-0.1501119
-0.1501192
-0.1094505
0.0164256
0.2788996
0.6863709
1.1591334
1.5422329
1.6864268
1.5423479
1.1921184
0.7916619
0.4713782
0.2729557
0.1610778
0.0823968
0.0129613
-0.0393770
-0.0632536
-0.0659257
-0.0689709
-0.0878413
-0.1188605
-0.1456044
-0.1562020
-0.1540436
-0.1528788
-0.1629258
-0.1819097
-0.1982927
-0.2018604
-0.1915099
-0.1747700
-0.1615125
-0.1578646
-0.1640568
-0.1756971
-0.1860645
-0.1883574
-0.1785007
-0.1581144
-0.1349172
-0.1184557
-0.1135018
-0.1168415
-0.1207015
-0.1195807
-0.1136831
-0.1057758
-0.0957622
-0.0802393
-0.0583758
-0.0366468
-0.0246460
-0.0247327
-0.0273832
-0.0191192
0.0046221
0.0355693
0.0614070
0.0769271
0.0860208
0.0948686
0.1060098
0.1190574
0.1336837
0.1484581
0.1574175
0.1521205
0.1304430
0.1024193
0.0840917
0.0839729
0.0963450
0.1082966
0.1121221
0.1102202
0.1098637
0.1159422
0.1288797
0.1466519
0.1661710
0.1832910
0.1943535
0.1994082
0.2026906
0.2079865
0.2138433
0.2154368
0.2116082
0.2076259
0.2088197
0.2127474
0.2108632
0.1988386
0.1827460
0.1725863
0.1704776
0.1680368
0.1564124
0.1366681
0.1177597
0.1051224
0.0948231
0.0805927
0.0636865
0.0518164
0.0486704
0.0487517
0.0447835
0.0370885
0.0315050
0.0289718
0.0226006
0.0082023
-0.0055974
-0.0037407
0.0168608
0.0389602
0.0391861
0.0107614
-0.0301089
-0.0601470
-0.0684215
-0.0600864
-0.0464761
-0.0368457
-0.0378031
-0.0529555
-0.0784088
-0.1020215
-0.1132616
-0.1147557
-0.1196555
-0.1347437
-0.1492662
-0.1455995
-0.1213107
-0.0957040
-0.0906932
-0.1070761
-0.1239136
-0.1214322
-0.1004404
-0.0773372
-0.0639731
-0.0574433
-0.0491583
-0.0383867
-0.0329911
-0.0386903
-0.0520088
-0.0650716
-0.0743397
-0.0816579
-0.0879088
-0.0898201
-0.0851146
-0.0783039
-0.0775668
-0.0853428
-0.0946294
-0.0963194
-0.0889970
-0.0796868
-0.0753805
-0.0758595
-0.0755951
-0.0710255
-0.0639683
-0.0582731
-0.0556503
-0.0560729
-0.0599449
-0.0663475
-0.0692544
-0.0599054
-0.0366124
-0.0108959
0.0002489
-0.0101067
-0.0326654
-0.0523470
-0.0629803
-0.0694379
-0.0767355
-0.0817372
-0.0784560
-0.0689206
-0.0635683
-0.0692965
-0.0808683
-0.0878260
-0.0881204
-0.0897895
-0.0977254
-0.1032762
-0.0919326
-0.0611817
-0.0267152
-0.0083526
-0.0109641
-0.0215861
-0.0253667
-0.0218425
-0.0233086
-0.0379300
-0.0578167
-0.0665087
-0.0577037
-0.0433548
-0.0405121
-0.0507892
-0.0568508
-0.0430678
-0.0187495
-0.0148247
-0.0522931
-0.1158595
-0.1647448
-0.1689088
-0.1239634
-0.0226850
0.1765234
0.5244181
1.0021868
1.4723717
1.7361614
1.6693868
1.3169396
0.8546811
0.4559330
0.1883643
0.0220345
-0.0909821
-0.1630055
-0.1847887
-0.1633602
-0.1277110
-0.1032237
-0.0952102
-0.0988865
-0.1129279
-0.1352653
-0.1532333
-0.1509665
-0.1289861
-0.1076814
-0.1050691
-0.1154824
-0.1176145
-0.1023303
-0.0840674
-0.0814792
-0.0937665
-0.1035058
-0.1001489
-0.0918418
-0.0914681
-0.0981569
-0.0995323
-0.0899935
-0.0789332
-0.0778913
-0.0848207
-0.0872103
-0.0797734
-0.0723381
-0.0765936
-0.0890867
-0.0935594
-0.0804022
-0.0583803
-0.0437593
-0.0407424
-0.0371775
-0.0195795
0.0113782
0.0421270
0.0605399
0.0661414
0.0666777
0.0680651
0.0699841
0.0697716
0.0672595
0.0649381
0.0658422
0.0730179
0.0889320
0.1120355
0.1340963
0.1446503
0.1407637
0.1314109
0.1298501
0.1410771
0.1578782
0.1697177
0.1742373
0.1783796
0.1885509
0.2023451
0.2120001
0.2144052
0.2138698
0.2139281
0.2099825
0.1940964
0.1667564
0.1400606
0.1267114
0.1269204
0.1285311
0.1203290
0.1030427
0.0855128
0.0716578
0.0551993
0.0290075
-0.0033462
-0.0295170
-0.0418932
-0.0455360
-0.0507429
-0.0601329
-0.0662628
-0.0616309
-0.0478806
-0.0334370
-0.0238940
-0.0178668
-0.0129727
-0.0128500
-0.0244759
-0.0481382
-0.0732671
-0.0868774
-0.0854633
-0.0768015
-0.0706845
-0.0701290
-0.0718652
-0.0726951
-0.0727807
-0.0730538
-0.0721533
-0.0682793
-0.0636844
-0.0644241
-0.0732947
-0.0840620
-0.0859066
-0.0748737
-0.0590597
-0.0508627
-0.0553243
-0.0678510
-0.0821756
-0.0970634
-0.1135226
-0.1278545
-0.1319660
-0.1229596
-0.1104472
-0.1101098
-0.1280962
-0.1538974
-0.1710365
-0.1735574
-0.1690920
-0.1662203
-0.1629751
-0.1503352
-0.1248938
-0.0944068
-0.0701475
-0.0562126
-0.0484366
-0.0428044
-0.0415684
-0.0490192
-0.0631208
-0.0750802
-0.0780518
-0.0734704
-0.0670917
-0.0613692
-0.0550256
-0.0489651
-0.0479922
-0.0543076
-0.0616759
-0.0599583
-0.0466591
-0.0317611
-0.0282852
-0.0379879
-0.0491996
-0.0505523
-0.0444914
-0.0436178
-0.0541816
-0.0675809
-0.0705094
-0.0608756
-0.0502109
-0.0506408
-0.0624145
-0.0756225
-0.0823999
-0.0846609
-0.0891769
-0.0976975
-0.1054828
-0.1097718
-0.1157226
-0.1305578
-0.1531458
-0.1729721
-0.1800228
-0.1732141
-0.1581611
-0.1392436
-0.1167758
-0.0917552
-0.0702717
-0.0600832
-0.0624493
-0.0699990
-0.0750911
-0.0789235
-0.0888518
-0.1064914
-0.1226246
-0.1266336
-0.1184712
-0.1076801
-0.1013887
-0.0971100
-0.0886602
-0.0763402
-0.0679369
-0.0693172
-0.0765531
-0.0798195
-0.0745851
-0.0660646
-0.0616430
-0.0620778
-0.0631397
-0.0635663
-0.0664485
-0.0724856
-0.0767605
-0.0751835
-0.0715156
-0.0742057
-0.0862103
-0.1006855
-0.1084901
-0.1090174
-0.1111847
-0.1224751
-0.1388984
-0.1488285
-0.1463248
-0.1366136
-0.1269252
-0.1162594
-0.0984866
-0.0733515
-0.0488959
-0.0319208
-0.0201070
-0.0066510
0.0087038
0.0167336
0.0085643
-0.0130218
-0.0352221
-0.0489809
-0.0577147
-0.0692292
-0.0820292
-0.0859241
-0.0766309
-0.0633901
-0.0583877
-0.0626108
-0.0668814
-0.0650484
-0.0609708
-0.0612473
-0.0647663
-0.0633665
-0.0530275
-0.0407833
-0.0370271
-0.0424502
-0.0479332
-0.0483788
-0.0501129
-0.0598148
-0.0716189
-0.0736827
-0.0661288
-0.0632301
-0.0745440
-0.0907546
-0.0950502
-0.0870869
-0.0890779
-0.1235449
-0.1855284
-0.2401370
-0.2475514
-0.1838310
-0.0327561
0.2305384
0.6217643
1.0971138
1.5301106
1.7637614
1.7080518
1.4002388
0.9772966
0.5867189
0.3076337
0.1362326
0.0305187
-0.0387474
-0.0768348
-0.0867581
-0.0832570
-0.0820905
-0.0864873
-0.0901089
-0.0877006
-0.0796385
-0.0714825
-0.0709331
-0.0794984
-0.0871742
-0.0832934
-0.0722108
-0.0678565
-0.0727878
-0.0761064
-0.0742415
-0.0776446
-0.0905732
