-0.0791251
-0.0548456
-0.0384279
-0.0340101
-0.0361709
-0.0340362
-0.0205258
0.0013864
0.0212818
0.0306864
0.0306785
0.0305407
0.0386237
0.0540666
0.0672515
0.0683751
0.0556571
0.0354614
0.0152357
-0.0025153
-0.0189677
-0.0331204
-0.0395610
-0.0334895
-0.0172418
0.0001504
0.0110007
0.0159732
0.0221268
0.0343538
0.0501941
0.0637075
0.0731712
0.0831511
0.0987930
0.1195805
0.1398129
0.1544682
0.1631840
0.1687165
0.1735916
0.1797784
0.1904094
0.2087855
0.2339812
0.2586784
0.2738815
0.2768444
0.2734164
0.2716388
0.2737325
0.2757061
0.2744245
0.2724572
0.2736806
0.2748174
0.2646510
0.2343606
0.1883986
0.1428318
0.1113880
0.0935621
0.0772014
0.0518980
0.0181483
-0.0163694
-0.0465038
-0.0729133
-0.0967177
-0.1149121
-0.1238031
-0.1255567
-0.1278369
-0.1357141
-0.1460777
-0.1522983
-0.1535480
-0.1566576
-0.1677284
-0.1839735
-0.1961156
-0.1983277
-0.1935037
-0.1880864
-0.1837846
-0.1764004
-0.1619866
-0.1415301
-0.1185870
-0.0943059
-0.0673454
-0.0388483
-0.0152252
-0.0038744
-0.0059194
-0.0142272
-0.0193846
-0.0177326
-0.0136043
-0.0141261
-0.0222278
-0.0345809
-0.0456917
-0.0532761
-0.0593631
-0.0666350
-0.0746873
-0.0804857
-0.0819912
-0.0802659
-0.0778202
-0.0760383
-0.0752370
-0.0764411
-0.0810147
-0.0876678
-0.0914097
-0.0877126
-0.0780181
-0.0694630
-0.0679626
-0.0722226
-0.0755154
-0.0726040
-0.0634019
-0.0503411
-0.0350327
-0.0194578
-0.0086849
-0.0087579
-0.0205771
-0.0379329
-0.0537263
-0.0674346
-0.0843498
-0.1074218
-0.1321503
-0.1508268
-0.1601881
-0.1628471
-0.1621559
-0.1587985
-0.1534196
-0.1496590
-0.1512670
-0.1566540
-0.1594822
-0.1560208
-0.1498498
-0.1472479
-0.1491816
-0.1506011
-0.1476799
-0.1427348
-0.1401393
-0.1393703
-0.1351848
-0.1246300
-0.1111268
-0.1004166
-0.0944305
-0.0907829
-0.0864702
-0.0792318
-0.0662510
-0.0460392
-0.0239430
-0.0126548
-0.0223003
-0.0478949
-0.0659789
-0.0406806
0.0689801
0.2991393
0.6565771
1.0837148
1.4493053
1.6010261
1.4618146
1.0929437
0.6586477
0.3140409
0.1128436
0.0101018
-0.0611478
-0.1258544
-0.1702404
-0.1850073
-0.1865578
-0.1968297
-0.2174126
-0.2330854
-0.2350767
-0.2300126
-0.2252891
-0.2157951
-0.1927513
-0.1616714
-0.1419856
-0.1457909
-0.1627522
-0.1716696
-0.1649102
-0.1549985
-0.1552412
-0.1592162
-0.1455423
-0.1030521
-0.0463524
-0.0030167
0.0132043
0.0134062
0.0182381
0.0353682
0.0544651
0.0619989
0.0560190
0.0445637
0.0333149
0.0201046
0.0023118
-0.0150407
-0.0232642
-0.0215426
-0.0199611
-0.0283320
-0.0443324
-0.0566837
-0.0600194
-0.0620849
-0.0728950
-0.0891752
-0.0950536
-0.0802307
-0.0539681
-0.0368274
-0.0387611
-0.0489771
-0.0489629
-0.0325826
-0.0098944
0.0077841
0.0216614
0.0414248
0.0698919
0.0965268
0.1080981
0.1034854
0.0952754
0.0971298
0.1118080
0.1318972
0.1495862
0.1631450
0.1747380
0.1856348
0.1961640
0.2090251
0.2288352
0.2560761
0.2827175
0.2968675
0.2933594
0.2788079
0.2645752
0.2546261
0.2417072
0.2164603
0.1795150
0.1428438
0.1183266
0.1057174
0.0931140
0.0694358
0.0353838
0.0013419
-0.0246913
-0.0452345
-0.0685815
-0.0971373
-0.1227270
-0.1347983
-0.1324789
-0.1264838
-0.1280339
-0.1370299
-0.1432083
-0.1392464
-0.1304093
-0.1288150
-0.1386944
-0.1506344
-0.1527967
-0.1463103
-0.1454958
-0.1606819
-0.1830087
-0.1905183
-0.1711803
-0.1378408
-0.1172582
-0.1236491
-0.1447640
-0.1551133
-0.1415208
-0.1137036
-0.0903093
-0.0779060
-0.0665789
-0.0454937
-0.0189778
-0.0038377
-0.0106200
-0.0300386
-0.0402583
-0.0278306
-0.0004019
0.0214789
0.0239844
0.0107519
-0.0044895
-0.0131202
-0.0178252
-0.0251655
-0.0357907
-0.0448769
-0.0514536
-0.0633799
-0.0896049
-0.1274683
-0.1605276
-0.1715608
-0.1580312
-0.1338511
-0.1161399
-0.1116689
-0.1163933
-0.1252014
-0.1378776
-0.1544643
-0.1686230
-0.1707901
-0.1594110
-0.1460380
-0.1457073
-0.1617445
-0.1819906
-0.1912150
-0.1864524
-0.1789840
-0.1813436
-0.1931083
-0.1996332
-0.1848714
-0.1467834
-0.1019192
-0.0743607
-0.0766418
-0.0982910
-0.1138553
-0.1058496
-0.0816069
-0.0655240
-0.0727660
-0.0926284
-0.1011944
-0.0890795
-0.0707277
-0.0637225
-0.0652094
-0.0577877
-0.0388895
-0.0339055
-0.0708905
-0.1443399
-0.2120763
-0.2277371
-0.1656712
-0.0095117
0.2658279
0.6695829
1.1369625
1.5125371
1.6282496
1.4261837
1.0102193
0.5695645
0.2440272
0.0547872
-0.0528315
-0.1240153
-0.1611547
-0.1573522
-0.1329356
-0.1233300
-0.1392449
-0.1552969
-0.1425325
-0.1037371
-0.0697717
-0.0649187
-0.0836373
-0.1020641
-0.1054640
-0.0993921
-0.0969142
-0.1016594
-0.1061527
-0.1036988
-0.0976880
-0.0980466
-0.1098190
-0.1263836
-0.1342439
-0.1250391
-0.1036564
-0.0846172
-0.0797486
-0.0888738
-0.1024721
-0.1126943
-0.1202943
-0.1304384
-0.1437153
-0.1537245
-0.1536869
-0.1435551
-0.1296248
-0.1184615
-0.1126231
-0.1111894
-0.1115930
-0.1098495
-0.1013311
-0.0844886
-0.0643330
-0.0501085
-0.0476940
-0.0543410
-0.0612019
-0.0600601
-0.0468717
-0.0207410
0.0167669
0.0597711
0.0981947
0.1236125
0.1361302
0.1438241
0.1541906
0.1671012
0.1772124
0.1819457
0.1844475
0.1882901
0.1920421
0.1916454
0.1871378
0.1837541
0.1852519
0.1886365
0.1881110
0.1834219
0.1812233
0.1869943
0.1976019
0.2040147
0.2007912
0.1907865
0.1802242
0.1713899
0.1619219
0.1498786
0.1364394
0.1227613
0.1065889
0.0844422
0.0566003
0.0275757
0.0011354
-0.0231351
-0.0469467
-0.0685852
-0.0835649
-0.0898837
-0.0899927
-0.0861981
-0.0764670
-0.0582996
-0.0367759
-0.0245896
-0.0302556
-0.0470787
-0.0579044
-0.0529725
-0.0410343
-0.0400041
-0.0572067
-0.0818800
-0.0980022
-0.1015179
-0.1019515
-0.1083315
-0.1178970
-0.1208861
-0.1138944
-0.1045414
-0.1025627
-0.1096456
-0.1203265
-0.1306809
-0.1419470
-0.1546952
-0.1630015
-0.1582171
-0.1387143
-0.1135440
-0.0951745
-0.0894246
-0.0930108
-0.0992570
-0.1039138
-0.1055735
-0.1034046
-0.0972084
-0.0893025
-0.0837687
-0.0824439
-0.0827265
-0.0806014
-0.0749219
-0.0667701
-0.0547772
-0.0340193
-0.0021845
0.0337372
0.0598412
0.0664036
0.0561781
0.0404699
0.0273608
0.0154742
-0.0003969
-0.0200546
-0.0371609
-0.0475039
-0.0548964
-0.0666376
-0.0843498
-0.1020293
-0.1136235
-0.1201975
-0.1277191
-0.1388445
-0.1494645
-0.1540311
-0.1523026
-0.1490348
-0.1480392
-0.1490631
-0.1508081
-0.1540135
-0.1587900
-0.1601337
-0.1502075
-0.1273666
-0.1010786
-0.0847220
-0.0829210
-0.0879356
-0.0894811
-0.0860657
-0.0841449
-0.0869477
-0.0882241
-0.0798670
-0.0640449
-0.0540520
-0.0622328
-0.0888756
-0.1214529
-0.1364823
-0.0944459
0.0611971
0.3771550
0.8368179
1.3253592
1.6653906
1.7187602
1.4793137
1.0753369
0.6768222
0.3882134
0.2135093
0.1037711
0.0221100
-0.0363035
-0.0683657
-0.0856569
-0.1074169
-0.1402743
-0.1740882
-0.1966994
-0.2063013
-0.2083475
-0.2066371
-0.2022826
-0.1982265
-0.1981153
-0.1996092
-0.1941687
-0.1774628
-0.1574065
-0.1470680
-0.1495410
-0.1540609
-0.1489859
-0.1354055
-0.1245334
-0.1232633
-0.1267530
-0.1262579
-0.1202581
-0.1141828
-0.1107399
-0.1052265
-0.0920115
-0.0723355
-0.0523100
-0.0345558
-0.0160329
0.0046952
0.0217179
0.0270359
0.0208492
0.0129847
0.0125011
0.0179019
0.0199064
0.0130745
0.0019691
-0.0049396
-0.0050430
-0.0028501
-0.0024363
-0.0019149
0.0032050
0.0135789
0.0259105
0.0386471
0.0542708
0.0742097
0.0939846
0.1069765
0.1130778
0.1202429
0.1351482
0.1540108
0.1659445
0.1657512
0.1603152
0.1602977
0.1678357
0.1763246
0.1821199
0.1915335
0.2125809
0.2419967
0.2654007
0.2715858
0.2632863
0.2515813
0.2425996
0.2342147
0.2252243
0.2216191
0.2290056
0.2410328
0.2414667
0.2201905
0.1837487
0.1466768
0.1145390
0.0803839
0.0382734
-0.0052225
-0.0374831
-0.0556000
-0.0701797
-0.0919526
-0.1187663
-0.1397499
-0.1505489
-0.1590738
-0.1740959
-0.1919975
-0.1997111
-0.1907693
-0.1741258
-0.1645137
-0.1664948
-0.1716934
-0.1713059
-0.1671145
-0.1676335
-0.1756703
-0.1836734
-0.1821702
-0.1700756
-0.1545864
-0.1424452
-0.1343905
-0.1283910
-0.1247575
-0.1249358
-0.1265817
-0.1238934
-0.1142668
-0.1017254
-0.0908286
-0.0786434
-0.0570279
-0.0244813
0.0073692
0.0229104
0.0181623
0.0042089
-0.0062876
-0.0132440
-0.0265417
-0.0503571
-0.0751028
-0.0880449
-0.0892319
-0.0918235
-0.1056002
-0.1241485
-0.1319066
-0.1224855
-0.1059729
-0.0970455
-0.0991346
-0.1034804
-0.1023998
-0.0988587
-0.1006991
-0.1083723
-0.1129252
-0.1067735
-0.0930462
-0.0819280
-0.0797471
-0.0847793
-0.0929628
-0.1032850
-0.1151019
-0.1231900
-0.1206016
-0.1077205
-0.0948653
-0.0922740
-0.0983709
-0.1017402
-0.0959242
-0.0888866
-0.0941428
-0.1132801
-0.1311419
-0.1300640
-0.1069269
-0.0745598
-0.0483575
-0.0345485
-0.0308703
-0.0341947
-0.0441158
-0.0603554
-0.0802944
-0.1004320
-0.1186382
-0.1338715
-0.1453781
-0.1541229
-0.1637474
-0.1768409
-0.1896063
-0.1932928
-0.1833886
-0.1659092
-0.1519188
-0.1464563
-0.1456492
-0.1443965
-0.1425703
-0.1413556
-0.1376760
-0.1284408
-0.1202697
-0.1281189
-0.1589682
-0.1990154
-0.2210049
-0.2006596
-0.1172353
0.0605637
0.3684887
0.8002745
1.2598592
1.5805266
1.6240683
1.3825013
0.9853862
0.6016427
0.3270580
0.1552651
0.0372496
-0.0505197
-0.0972293
-0.0957169
-0.0670470
-0.0432009
-0.0373057
-0.0402251
-0.0416541
-0.0439330
-0.0535034
-0.0676354
-0.0768847
-0.0783215
-0.0798399
-0.0900483
-0.1079934
-0.1251728
-0.1348418
-0.1361309
-0.1307498
-0.1203919
-0.1087312
-0.1021316
-0.1045436
-0.1125081
-0.1183688
-0.1186884
-0.1167556
-0.1159879
-0.1140647
-0.1065302
-0.0947374
-0.0864672
-0.0876879
-0.0960615
-0.1041048
-0.1069514
-0.1047036
-0.0982508
-0.0865509
-0.0698542
-0.0532026
-0.0433374
-0.0420234
-0.0448721
-0.0471864
-0.0479919
-0.0463160
-0.0363476
-0.0111524
0.0278218
0.0684298
0.0977395
0.1130453
0.1209992
0.1273148
0.1312441
0.1312173
0.1318005
0.1402358
0.1562000
0.1696089
0.1716525
0.1658949
0.1647072
0.1749429
0.1907909
0.2019968
0.2055835
0.2061314
0.2065732
0.2039146
0.1956662
0.1865826
0.1846608
0.1906998
0.1954584
0.1891246
0.1719022
0.1530534
0.1402803
0.1325266
0.1232672
0.1078434
0.0857811
0.0584715
0.0284573
0.0010627
-0.0169643
-0.0229479
-0.0212743
-0.0189820
-0.0188855
-0.0187808
-0.0169889
-0.0157899
-0.0175378
-0.0191379
-0.0138777
0.0000856
0.0153509
0.0219031
0.0177127
0.0105458
0.0088482
0.0128558
0.0158562
0.0123773
0.0026991
-0.0103080
-0.0260043
-0.0458543
-0.0693364
-0.0918979
-0.1079732
-0.1158087
-0.1187566
-0.1216421
-0.1260264
-0.1290971
-0.1270503
-0.1195711
-0.1112305
-0.1082538
-0.1130117
-0.1211984
-0.1252067
-0.1212977
-0.1132835
-0.1084075
-0.1099068
-0.1147284
-0.1184634
-0.1207391
-0.1243014
-0.1294764
-0.1316958
-0.1259822
-0.1134887
-0.1019649
-0.0986207
-0.1029972
-0.1080786
-0.1084121
-0.1054918
-0.1038043
-0.1022578
-0.0916381
-0.0623747
-0.0155673
0.0340409
0.0674636
0.0757901
0.0664290
0.0551611
0.0515856
0.0521695
0.0469591
0.0316030
0.0115392
-0.0051786
-0.0172373
-0.0306442
-0.0501484
-0.0720137
-0.0873192
-0.0923374
-0.0933714
-0.0996413
-0.1125807
-0.1246191
-0.1287409
-0.1268567
-0.1270648
-0.1339177
-0.1437318
-0.1497740
-0.1499964
-0.1479874
-0.1473854
-0.1481576
-0.1493433
-0.1527768
-0.1606274
-0.1694268
-0.1703194
-0.1578846
-0.1372929
-0.1200141
-0.1123163
-0.1096453
-0.1021665
-0.0835669
-0.0537104
-0.0155526
0.0269486
0.0678581
0.0998481
0.1185700
0.1251602
0.1214452
0.1032737
0.0632552
0.0029583
-0.0602468
-0.1013637
-0.0988407
-0.0305629
0.1377126
0.4399472
0.8620183
1.2996988
1.5835795
1.5787772
1.2853692
0.8462939
0.4468747
0.1917639
0.0643458
-0.0112041
-0.0825841
-0.1423223
-0.1673788
-0.1620436
-0.1540399
-0.1597239
-0.1681661
-0.1620306
-0.1442502
-0.1352991
-0.1463208
-0.1639785
-0.1661753
-0.1479332
-0.1252687
-0.1142820
-0.1129299
-0.1063667
-0.0857684
-0.0566084
-0.0296521
-0.0096314
0.0046811
0.0131390
0.0124246
0.0023966
-0.0097860
-0.0157257
-0.0155330
-0.0182209
-0.0310126
-0.0505135
-0.0666474
-0.0738168
-0.0751748
-0.0761897
-0.0776190
-0.0768525
-0.0738818
-0.0723448
-0.0740488
-0.0751147
-0.0701962
-0.0602856
-0.0535406
-0.0562165
-0.0639148
-0.0648232
-0.0524652
-0.0328932
-0.0174519
-0.0100748
-0.0044440
0.0066505
0.0223819
0.0363823
0.0467903
0.0606202
0.0861688
0.1220494
0.1566541
0.1802093
0.1959342
0.2166704
0.2502822
0.2905906
0.3237848
0.3421398
0.3497153
0.3553302
0.3621556
0.3653048
0.3587045
0.3423264
0.3214137
0.2996710
0.2759836
0.2490010
0.2224898
0.2027828
0.1908017
0.1793888
0.1602676
0.1326168
0.1032563
0.0786615
0.0584433
0.0377633
0.0152258
-0.0042202
-0.0158115
-0.0225316
-0.0325727
-0.0487144
-0.0638173
-0.0696559
-0.0681103
-0.0694462
-0.0788791
-0.0882820
-0.0842751
-0.0640654
-0.0404045
-0.0289045
-0.0315014
-0.0352102
-0.0277422
-0.0110383
0.0036127
0.0115524
0.0204003
0.0381508
0.0597499
0.0698486
0.0587974
0.0331493
0.0089296
-0.0045684
-0.0128004
-0.0275281
-0.0518468
-0.0757833
-0.0871432
-0.0845579
-0.0780459
-0.0779231
-0.0853895
-0.0939037
-0.0978890
-0.0990589
-0.1041973
-0.1165792
-0.1301189
-0.1339590
-0.1240088
-0.1084628
-0.1001017
-0.1037158
-0.1125435
-0.1165493
-0.1125059
-0.1056299
-0.1025469
-0.1040291
-0.1054334
-0.1036488
-0.1011298
-0.1013689
-0.1026549
-0.1001618
-0.0937260
-0.0887658
-0.0872649
-0.0813793
-0.0602715
-0.0234145
0.0153992
0.0389164
0.0414965
0.0329333
0.0267403
0.0255438
0.0206113
0.0061150
-0.0106216
-0.0172744
-0.0128802
-0.0108656
-0.0247121
-0.0537276
-0.0843837
-0.1037782
-0.1102892
-0.1115268
-0.1131624
-0.1120180
-0.1025193
-0.0884730
-0.0827167
-0.0921367
-0.1070864
-0.1105316
-0.0967136
-0.0773166
-0.0691560
-0.0774747
-0.0911236
-0.0938655
-0.0815283
-0.0670937
-0.0659842
-0.0777235
-0.0875790
-0.0862704
-0.0806108
-0.0813374
-0.0867341
-0.0840807
-0.0650176
-0.0358511
-0.0133301
-0.0100240
-0.0211634
-0.0277608
-0.0175574
0.0004688
0.0106046
0.0150407
0.0292484
0.0521221
0.0590012
0.0335047
-0.0081146
-0.0367245
