-0.4854573
-0.3775890
-0.2749241
-0.2031916
-0.1599387
-0.1286412
-0.0987519
-0.0711029
-0.0500567
-0.0370546
-0.0317264
-0.0337683
-0.0402668
-0.0437047
-0.0371770
-0.0224548
-0.0099116
-0.0081915
-0.0149670
-0.0198461
-0.0159623
-0.0064178
0.0013947
0.0055550
0.0112130
0.0228841
0.0380001
0.0500330
0.0569521
0.0640633
0.0774329
0.0958379
0.1111590
0.1172763
0.1176279
0.1228873
0.1409299
0.1694394
0.1985347
0.2202453
0.2348703
0.2481512
0.2632257
0.2766060
0.2824206
0.2796415
0.2736557
0.2701439
0.2683102
0.2615333
0.2449722
0.2213193
0.1977733
0.1776392
0.1566051
0.1284533
0.0936902
0.0607941
0.0382224
0.0260863
0.0167764
0.0034683
-0.0133070
-0.0278771
-0.0366652
-0.0413886
-0.0451465
-0.0475413
-0.0457087
-0.0397931
-0.0350855
-0.0371088
-0.0452842
-0.0533203
-0.0565404
-0.0575828
-0.0632856
-0.0758955
-0.0888179
-0.0923016
-0.0831273
-0.0677491
-0.0557745
-0.0512780
-0.0509433
-0.0494616
-0.0448457
-0.0381986
-0.0303189
-0.0208547
-0.0108909
-0.0042013
-0.0039706
-0.0085864
-0.0125796
-0.0127011
-0.0119204
-0.0157885
-0.0250526
-0.0337675
-0.0358895
-0.0327139
-0.0319802
-0.0393474
-0.0521551
-0.0625989
-0.0662360
-0.0658443
-0.0668709
-0.0708246
-0.0745997
-0.0755878
-0.0753683
-0.0773984
-0.0822422
-0.0867333
-0.0879676
-0.0869236
-0.0873638
-0.0915471
-0.0976542
-0.1015377
-0.1009879
-0.0986126
-0.1005845
-0.1116016
-0.1297751
-0.1463822
-0.1519589
-0.1436051
-0.1257396
-0.1032837
-0.0765225
-0.0468612
-0.0281461
-0.0452992
-0.1110406
-0.1984008
-0.2407036
-0.1692869
0.0392972
0.3474520
0.6827610
0.9767899
1.1818858
1.2643880
1.2012561
0.9962543
0.6975343
0.3869063
0.1394792
-0.0132789
-0.0858472
-0.1107868
-0.1121888
-0.1016453
-0.0883341
-0.0830893
-0.0915835
-0.1089247
-0.1248797
-0.1335428
-0.1361174
-0.1358688
-0.1339694
-0.1310265
-0.1293589
-0.1306789
-0.1325716
-0.1305896
-0.1246338
-0.1205941
-0.1236202
-0.1313934
-0.1369538
-0.1379437
-0.1396330
-0.1467111
-0.1542795
-0.1508840
-0.1314548
-0.1045741
-0.0844763
-0.0768049
-0.0748888
-0.0700977
-0.0624981
-0.0587329
-0.0613865
-0.0649612
-0.0638865
-0.0611779
-0.0651745
-0.0778207
-0.0898705
-0.0902549
-0.0788595
-0.0670628
-0.0650077
-0.0706199
-0.0730621
-0.0657563
-0.0531470
-0.0440316
-0.0408656
-0.0382343
-0.0311347
-0.0217116
-0.0162401
-0.0170340
-0.0198439
-0.0196727
-0.0172623
-0.0180260
-0.0249141
-0.0342907
-0.0400882
-0.0411675
-0.0427924
-0.0503510
-0.0628525
-0.0738062
-0.0781465
-0.0770590
-0.0756655
-0.0770384
-0.0796074
-0.0801027
-0.0773998
-0.0723338
-0.0646204
-0.0521896
-0.0347523
-0.0168815
-0.0055190
-0.0037714
-0.0080860
-0.0122255
-0.0134060
-0.0137198
-0.0160278
-0.0199670
-0.0228386
-0.0236809
-0.0250773
-0.0305062
-0.0406991
-0.0532581
-0.0651596
-0.0744503
-0.0797952
-0.0804132
-0.0779387
-0.0773061
-0.0833423
-0.0953956
-0.1065297
-0.1096988
-0.1049123
-0.0992974
-0.0996635
-0.1058788
-0.1123147
-0.1147756
-0.1139985
-0.1121576
-0.1085492
-0.1011766
-0.0915343
-0.0844719
-0.0822762
-0.0815838
-0.0783253
-0.0733385
-0.0688563
-0.0602839
-0.0389895
-0.0098123
-0.0023755
-0.0523648
-0.1606235
-0.2708997
-0.2971245
-0.1813917
0.0702877
0.4033741
0.7548473
1.0714117
1.2977337
1.3718119
1.2560669
0.9798501
0.6407295
0.3489131
0.1609315
0.0621048
0.0061045
-0.0363318
-0.0664470
-0.0809999
-0.0908851
-0.1118414
-0.1445933
-0.1734156
-0.1852254
-0.1846112
-0.1868517
-0.1990178
-0.2124561
-0.2143589
-0.2032708
-0.1904414
-0.1869218
-0.1923655
-0.1977225
-0.1970100
-0.1937882
-0.1955904
-0.2037396
-0.2104057
-0.2059357
-0.1882951
-0.1647516
-0.1446240
-0.1312728
-0.1215166
-0.1116469
-0.1019001
-0.0943357
-0.0882269
-0.0800948
-0.0685438
-0.0568664
-0.0490272
-0.0437818
-0.0350357
-0.0191642
-0.0008178
0.0104784
0.0100285
0.0032125
0.0003149
0.0069441
0.0205563
0.0354572
0.0487652
0.0604874
0.0696992
0.0733789
0.0696334
0.0606250
0.0510282
0.0436901
0.0373668
0.0285303
0.0146166
-0.0046068
-0.0276516
-0.0517708
-0.0727660
-0.0859490
-0.0888847
-0.0833856
-0.0742363
-0.0658348
-0.0601241
-0.0569926
-0.0554558
-0.0543323
-0.0529900
-0.0523515
-0.0545992
-0.0606678
-0.0677442
-0.0702459
-0.0644137
-0.0520333
-0.0388631
-0.0291743
-0.0228045
-0.0182861
-0.0175045
-0.0246592
-0.0397739
-0.0553404
-0.0620323
-0.0580802
-0.0513669
-0.0512226
-0.0588966
-0.0672567
-0.0695775
-0.0669946
-0.0662536
-0.0711552
-0.0784056
-0.0826122
-0.0834864
-0.0857446
-0.0918641
-0.0971573
-0.0938191
-0.0796232
-0.0613889
-0.0492467
-0.0476745
-0.0523630
-0.0555692
-0.0539018
-0.0505489
-0.0504529
-0.0544282
-0.0585336
-0.0586228
-0.0547391
-0.0510408
-0.0517493
-0.0569697
-0.0620820
-0.0616407
-0.0549748
-0.0483795
-0.0505691
-0.0638672
-0.0790580
-0.0810971
-0.0640546
-0.0427150
-0.0467647
-0.0973165
-0.1839788
-0.2634853
-0.2818348
-0.2004826
-0.0076478
0.2835711
0.6351275
0.9785901
1.2217026
1.2826390
1.1378990
0.8443975
0.5098993
0.2311178
0.0488682
-0.0489244
-0.0923823
-0.1027523
-0.0922875
-0.0752798
-0.0677109
-0.0754966
-0.0894883
-0.0965326
-0.0943655
-0.0928121
-0.1007353
-0.1152460
-0.1258280
-0.1271939
-0.1248440
-0.1276341
-0.1375584
-0.1486348
-0.1544140
-0.1542277
-0.1519733
-0.1506899
-0.1496060
-0.1459873
-0.1387672
-0.1299914
-0.1230704
-0.1199766
-0.1199995
-0.1207271
-0.1200173
-0.1173981
-0.1140062
-0.1111270
-0.1086805
-0.1054908
-0.1012341
-0.0973079
-0.0947628
-0.0917423
-0.0844991
-0.0716528
-0.0564590
-0.0435626
-0.0334790
-0.0214128
-0.0024800
0.0221426
0.0454386
0.0616713
0.0725318
0.0846310
0.1005543
0.1139999
0.1153965
0.1020742
0.0815132
0.0641184
0.0536679
0.0456010
0.0342089
0.0201659
0.0098810
0.0074740
0.0086307
0.0037521
-0.0125582
-0.0358040
-0.0556972
-0.0656092
-0.0678373
-0.0699929
-0.0767153
-0.0852010
-0.0890500
-0.0862186
-0.0819855
-0.0830095
-0.0892353
-0.0938521
-0.0920577
-0.0877379
-0.0884964
-0.0937815
-0.0913719
-0.0700270
-0.0368663
-0.0187530
-0.0410307
-0.1015718
-0.1654291
-0.1850801
-0.1258395
0.0247317
0.2614438
0.5621310
0.8783975
1.1338299
1.2486844
1.1833086
0.9666219
0.6822387
0.4202799
0.2322805
0.1205024
0.0597278
0.0246309
0.0011108
-0.0175162
-0.0360672
-0.0574538
-0.0804765
-0.1007851
-0.1148664
-0.1229715
-0.1283453
-0.1340366
-0.1405988
-0.1465324
-0.1503878
-0.1522619
-0.1536521
-0.1561209
-0.1597423
-0.1626058
-0.1624503
-0.1594133
-0.1566288
-0.1570066
-0.1593103
-0.1583784
-0.1499276
-0.1350146
-0.1194127
-0.1084574
-0.1024843
-0.0973558
-0.0893546
-0.0789312
-0.0689488
-0.0597405
-0.0476050
-0.0291851
-0.0063828
0.0146023
0.0293071
0.0391622
0.0491877
0.0620780
0.0753045
0.0842829
0.0879319
0.0903304
0.0965988
0.1076086
0.1190272
0.1248924
0.1215857
0.1093748
0.0918464
0.0739652
0.0590493
0.0465632
0.0333782
0.0176282
0.0005152
-0.0162920
-0.0337852
-0.0540437
-0.0752383
-0.0906149
-0.0952853
-0.0938817
-0.0979381
-0.1127961
-0.1287902
-0.1296764
-0.1106310
-0.0840009
-0.0648121
-0.0544493
-0.0439674
-0.0315502
-0.0276556
-0.0374787
-0.0445758
-0.0243519
0.0209067
0.0484191
0.0095325
-0.0957373
-0.2020665
-0.2218192
-0.1063523
0.1318039
0.4450011
0.7825518
1.0936556
1.3153009
1.3827054
1.2679415
1.0091421
0.6947509
0.4125335
0.2075296
0.0792460
0.0069195
-0.0289630
-0.0435052
-0.0512490
-0.0634073
-0.0817453
-0.1000878
-0.1133220
-0.1228976
-0.1332360
-0.1456777
-0.1580114
-0.1683700
-0.1767755
-0.1824872
-0.1821879
-0.1730805
-0.1576731
-0.1434236
-0.1361339
-0.1344079
-0.1321501
-0.1262018
-0.1195046
-0.1161034
-0.1151223
-0.1119828
-0.1053852
-0.1010043
-0.1066643
-0.1237075
-0.1439298
-0.1560254
-0.1555306
-0.1481065
-0.1427919
-0.1427194
-0.1431721
-0.1379327
-0.1258167
-0.1106157
-0.0960648
-0.0821461
-0.0661754
-0.0466902
-0.0257801
-0.0075145
0.0057029
0.0148513
0.0224889
0.0299300
0.0364033
0.0400966
0.0392781
0.0330102
0.0218639
0.0080366
-0.0058401
-0.0182827
-0.0294753
-0.0406395
-0.0528936
-0.0657807
-0.0761673
-0.0792410
-0.0720061
-0.0565939
-0.0399891
-0.0297037
-0.0285102
-0.0325674
-0.0351228
-0.0330781
-0.0299598
-0.0316559
-0.0394075
-0.0483239
-0.0532799
-0.0550168
-0.0590333
-0.0684303
-0.0788273
-0.0814037
-0.0717067
-0.0554174
-0.0444089
-0.0461746
-0.0572935
-0.0677404
-0.0710726
-0.0695568
-0.0697807
-0.0746738
-0.0805306
-0.0814544
-0.0761414
-0.0698576
-0.0693258
-0.0757702
-0.0837461
-0.0870639
-0.0850262
-0.0822547
-0.0831352
-0.0874251
-0.0912057
-0.0914755
-0.0896020
-0.0902523
-0.0966575
-0.1068525
-0.1148272
-0.1152761
-0.1069729
-0.0922927
-0.0750364
-0.0591462
-0.0480920
-0.0438016
-0.0455661
-0.0501299
-0.0533998
-0.0531792
-0.0511193
-0.0515017
-0.0569198
-0.0650625
-0.0706905
-0.0711165
-0.0691505
-0.0703252
-0.0774480
-0.0878906
-0.0960066
-0.0982746
-0.0961322
-0.0935696
-0.0922998
-0.0903937
-0.0858980
-0.0803528
-0.0775198
-0.0792703
-0.0838008
-0.0875604
-0.0881561
-0.0859100
-0.0836014
-0.0841977
-0.0872711
-0.0875046
-0.0792075
-0.0656059
-0.0641893
-0.0980271
-0.1734212
-0.2605602
-0.2985083
-0.2275955
-0.0256932
0.2800331
0.6297571
0.9545957
1.1892605
1.2791729
1.1964227
0.9610312
0.6444346
0.3400500
0.1166564
-0.0097903
-0.0656185
-0.0857693
-0.0903575
-0.0865751
-0.0812470
-0.0835555
-0.0972528
-0.1168167
-0.1340965
-0.1464210
-0.1562279
-0.1646272
-0.1686999
-0.1662111
-0.1610842
-0.1614804
-0.1714800
-0.1861597
-0.1967056
-0.1998484
-0.2001519
-0.2028310
-0.2068719
-0.2070868
-0.2016490
-0.1950729
-0.1929556
-0.1948801
-0.1940608
-0.1849685
-0.1708860
-0.1619775
-0.1642882
-0.1715155
-0.1698427
-0.1514235
-0.1218767
-0.0942836
-0.0773182
-0.0700043
-0.0665113
-0.0636450
-0.0624861
-0.0636138
-0.0633035
-0.0568247
-0.0452065
-0.0358491
-0.0345412
-0.0382886
-0.0381937
-0.0289439
-0.0135061
0.0014919
0.0128795
0.0223083
0.0317818
0.0399342
0.0437236
0.0427929
0.0399561
0.0365757
0.0297414
0.0167351
0.0011918
-0.0091546
-0.0120350
-0.0145065
-0.0243981
-0.0399480
-0.0519008
-0.0559417
-0.0586935
-0.0679134
-0.0788445
-0.0768499
-0.0580815
-0.0441074
-0.0665232
-0.1303048
-0.1941330
-0.1930890
-0.0844816
0.1264603
0.3994144
0.6871676
0.9475631
1.1367388
1.2075734
1.1291435
0.9130097
0.6176665
0.3214040
0.0849299
-0.0670051
-0.1385170
-0.1477208
-0.1196466
-0.0835092
-0.0643441
-0.0713666
-0.0951297
-0.1180323
-0.1289261
-0.1294460
-0.1286281
-0.1327741
-0.1403491
-0.1454842
-0.1447240
-0.1394503
-0.1328525
-0.1264725
-0.1199323
-0.1127092
-0.1056239
-0.1009916
-0.1008443
-0.1040841
-0.1061488
-0.1032236
-0.0966997
-0.0918518
-0.0919214
-0.0949495
-0.0967415
-0.0954802
-0.0925998
-0.0900796
-0.0881710
-0.0861640
-0.0846855
-0.0854525
-0.0871381
-0.0824945
-0.0630064
-0.0282003
0.0115916
0.0440113
0.0656357
0.0829126
0.1033156
0.1275383
0.1500389
0.1651240
0.1715218
0.1719093
0.1693862
0.1652016
0.1594036
0.1519829
0.1425077
0.1302423
0.1162547
0.1037428
0.0935481
0.0806648
0.0595097
0.0332844
0.0134649
0.0067689
0.0057699
-0.0021142
-0.0159180
-0.0174155
0.0071742
0.0413012
0.0416177
-0.0225527
-0.1294458
-0.2084240
-0.1881281
-0.0431121
0.2026172
0.5059889
0.8265265
1.1190216
1.3212723
1.3694231
1.2378806
0.9662446
0.6428488
0.3554177
0.1496883
0.0250252
-0.0421485
-0.0766738
-0.0984803
-0.1218566
-0.1505235
-0.1752369
-0.1829100
-0.1707233
-0.1500778
-0.1362996
-0.1354636
-0.1414249
-0.1445867
-0.1422220
-0.1395083
-0.1414304
-0.1463293
-0.1488138
-0.1468795
-0.1434390
-0.1417300
-0.1420325
-0.1428919
-0.1431126
-0.1420106
-0.1394904
-0.1364805
-0.1341610
-0.1325121
-0.1304882
-0.1276164
-0.1247466
-0.1233051
-0.1238726
-0.1247626
-0.1223548
-0.1149502
-0.1069095
-0.1063943
-0.1169291
-0.1325088
-0.1428139
-0.1424104
-0.1336371
-0.1217812
-0.1093938
-0.0953306
-0.0783343
-0.0608729
-0.0483855
-0.0437598
-0.0437291
-0.0428369
-0.0402760
-0.0401626
-0.0452665
-0.0536148
-0.0620420
-0.0701332
-0.0789014
-0.0875163
-0.0935263
-0.0959280
-0.0964925
-0.0972632
-0.0970964
-0.0925283
-0.0838497
-0.0781138
-0.0805926
-0.0825650
-0.0659678
-0.0284894
-0.0007410
-0.0259458
-0.1134217
-0.2128207
-0.2405277
-0.1376176
0.0929769
0.4003911
0.7286903
1.0395184
1.2951502
1.4364974
1.4016785
1.1795712
0.8408764
0.5044304
0.2633712
0.1360723
0.0788203
0.0381568
-0.0082245
-0.0517392
-0.0805177
-0.0983384
-0.1171417
-0.1396955
-0.1574101
-0.1638460
-0.1637011
-0.1666913
-0.1767611
-0.1896710
-0.1988880
-0.2018845
-0.2015263
-0.2022672
-0.2052699
-0.2082965
-0.2104111
-0.2138832
-0.2194743
-0.2226260
-0.2178826
-0.2061634
-0.1949620
-0.1917358
-0.1983011
-0.2098946
-0.2178340
-0.2150703
-0.2019086
-0.1858706
-0.1747437
-0.1704517
-0.1694535
-0.1665644
-0.1579969
-0.1438721
-0.1289872
-0.1183285
-0.1107147
-0.0995936
-0.0810183
-0.0579268
-0.0356445
-0.0162299
0.0014151
0.0182581
0.0330516
0.0420087
0.0409732
0.0301468
0.0158395
0.0047884
-0.0024654
-0.0100039
-0.0199737
-0.0309479
-0.0412840
-0.0501930
-0.0563043
-0.0587579
-0.0593093
-0.0607772
-0.0643194
-0.0699844
-0.0776124
-0.0849023
-0.0875671
-0.0845887
-0.0808799
-0.0817337
-0.0867676
-0.0915805
-0.0927158
-0.0890230
-0.0813901
-0.0733464
-0.0687920
-0.0672738
-0.0646625
-0.0595872
-0.0552789
-0.0540682
-0.0545070
-0.0550364
-0.0558504
-0.0558518
-0.0521232
-0.0435627
-0.0318702
-0.0203825
-0.0169642
-0.0351955
-0.0825190
-0.1429450
-0.1757396
-0.1345390
0.0099910
0.2569805
0.5721811
0.8952048
1.1568766
1.2975430
1.2798846
1.1023296
0.8115255
0.4923484
0.2269060
0.0538922
-0.0357412
-0.0728781
-0.0863082
-0.0941352
-0.1033569
-0.1141784
-0.1271699
-0.1439331
-0.1611268
-0.1725416
-0.1798389
-0.1916387
-0.2086139
-0.2206846
-0.2235833
-0.2261438
-0.2352086
-0.2449086
-0.2468624
-0.2398681
-0.2250732
-0.2039291
-0.1844807
-0.1758810
-0.1739537
-0.1673288
-0.1585135
-0.1599031
-0.1685088
-0.1677762
-0.1562599
-0.1485034
-0.1454405
-0.1347632
-0.1241370
-0.1356914
-0.1569431
-0.1403839
-0.0738516
