-0.0521821
-0.0467431
-0.0429170
-0.0427048
-0.0464582
-0.0524334
-0.0571638
-0.0575456
-0.0535875
-0.0489523
-0.0478084
-0.0505096
-0.0527661
-0.0499655
-0.0425893
-0.0366428
-0.0378026
-0.0450972
-0.0513144
-0.0505069
-0.0448065
-0.0426225
-0.0493373
-0.0603712
-0.0648076
-0.0565543
-0.0413071
-0.0314676
-0.0339976
-0.0439308
-0.0501884
-0.0471160
-0.0394350
-0.0360610
-0.0403282
-0.0471738
-0.0493130
-0.0447683
-0.0378383
-0.0337252
-0.0335740
-0.0348490
-0.0353039
-0.0354327
-0.0371452
-0.0409990
-0.0453036
-0.0476572
-0.0468862
-0.0435409
-0.0390233
-0.0346348
-0.0313787
-0.0301965
-0.0317978
-0.0358365
-0.0402950
-0.0423134
-0.0405145
-0.0368700
-0.0356361
-0.0393522
-0.0455074
-0.0479780
-0.0428942
-0.0332844
-0.0270438
-0.0294781
-0.0379581
-0.0445625
-0.0441221
-0.0391174
-0.0363686
-0.0395358
-0.0457334
-0.0493564
-0.0479964
-0.0438093
-0.0399819
-0.0376246
-0.0365733
-0.0375495
-0.0415488
-0.0471802
-0.0505945
-0.0493702
-0.0454266
-0.0420959
-0.0382026
-0.0274359
-0.0058823
0.0204171
0.0384483
0.0410864
0.0365303
0.0428634
0.0721391
0.1203032
0.1728608
0.2186037
0.2555629
0.2840504
0.2979228
0.2871262
0.2498041
0.1989403
0.1535029
0.1221876
0.0975233
0.0670138
0.0285969
-0.0070062
-0.0287097
-0.0366454
-0.0395229
-0.0429046
-0.0446034
-0.0426501
-0.0429166
-0.0528857
-0.0679665
-0.0710075
-0.0521350
-0.0282811
-0.0357760
-0.0974772
-0.1965558
-0.2836448
-0.3072395
-0.2343161
-0.0478582
0.2566489
0.6524168
1.0557394
1.3372872
1.3868326
1.1878485
0.8347962
0.4724662
0.2077010
0.0646132
0.0065689
-0.0128268
-0.0196893
-0.0233397
-0.0298520
-0.0441432
-0.0641154
-0.0814608
-0.0908421
-0.0952374
-0.1002912
-0.1058254
-0.1063072
-0.0995985
-0.0920889
-0.0929823
-0.1043034
-0.1183878
-0.1255556
-0.1232429
-0.1171983
-0.1146434
-0.1172240
-0.1204874
-0.1193713
-0.1137099
-0.1085230
-0.1091233
-0.1158160
-0.1232450
-0.1251551
-0.1202407
-0.1134881
-0.1114788
-0.1159861
-0.1221284
-0.1230368
-0.1164942
-0.1069743
-0.1011751
-0.1016473
-0.1047734
-0.1047602
-0.0994184
-0.0920724
-0.0879522
-0.0887359
-0.0905434
-0.0872799
-0.0761539
-0.0602758
-0.0461251
-0.0383624
-0.0365374
-0.0361620
-0.0326977
-0.0248074
-0.0143696
-0.0038710
0.0060796
0.0170023
0.0308332
0.0481070
0.0674450
0.0862794
0.1019055
0.1121893
0.1158952
0.1129085
0.1044083
0.0926573
0.0801047
0.0681476
0.0565010
0.0438283
0.0292296
0.0133976
-0.0015111
-0.0132062
-0.0207454
-0.0250100
-0.0279186
-0.0312035
-0.0356815
-0.0410942
-0.0461028
-0.0485890
-0.0468671
-0.0414606
-0.0356973
-0.0337715
-0.0373856
-0.0440259
-0.0488485
-0.0487431
-0.0448803
-0.0414091
-0.0416713
-0.0454962
-0.0497119
-0.0508615
-0.0476460
-0.0416123
-0.0361390
-0.0344180
-0.0374420
-0.0433646
-0.0489946
-0.0522885
-0.0534504
-0.0536123
-0.0528614
-0.0502139
-0.0456776
-0.0416228
-0.0411027
-0.0444895
-0.0483963
-0.0487190
-0.0448445
-0.0404131
-0.0397243
-0.0435870
-0.0486835
-0.0505464
-0.0469945
-0.0393896
-0.0315335
-0.0273995
-0.0288298
-0.0342690
-0.0396484
-0.0414243
-0.0395670
-0.0374717
-0.0383285
-0.0414784
-0.0429417
-0.0399344
-0.0343775
-0.0311670
-0.0329568
-0.0373876
-0.0399298
-0.0389963
-0.0373939
-0.0384666
-0.0414492
-0.0416125
-0.0354787
-0.0255207
-0.0188921
-0.0209794
-0.0302293
-0.0395499
-0.0428683
-0.0403309
-0.0372859
-0.0384565
-0.0431759
-0.0461500
-0.0427510
-0.0336670
-0.0246133
-0.0215585
-0.0258555
-0.0333962
-0.0382563
-0.0376866
-0.0343302
-0.0336867
-0.0387450
-0.0465394
-0.0502296
-0.0453257
-0.0343208
-0.0250088
-0.0237324
-0.0299051
-0.0370681
-0.0393220
-0.0366477
-0.0339346
-0.0351991
-0.0393714
-0.0418843
-0.0397751
-0.0345552
-0.0302017
-0.0290945
-0.0303712
-0.0318836
-0.0329649
-0.0348042
-0.0383021
-0.0422230
-0.0440445
-0.0426775
-0.0398803
-0.0384585
-0.0388850
-0.0379221
-0.0311157
-0.0172950
-0.0009002
0.0106470
0.0129936
0.0092195
0.0083453
0.0189912
0.0436351
0.0780285
0.1151570
0.1492425
0.1764552
0.1933381
0.1964487
0.1847061
0.1618428
0.1352043
0.1108417
0.0894534
0.0675186
0.0425421
0.0167697
-0.0045453
-0.0181630
-0.0255854
-0.0309280
-0.0370045
-0.0441320
-0.0518428
-0.0595550
-0.0644436
-0.0607509
-0.0453811
-0.0264948
-0.0244412
-0.0591967
-0.1324530
-0.2194302
-0.2763862
-0.2557560
-0.1193098
0.1493959
0.5274972
0.9378927
1.2599861
1.3792857
1.2527752
0.9403406
0.5711552
0.2673514
0.0836523
0.0035608
-0.0199044
-0.0236101
-0.0234296
-0.0252688
-0.0337374
-0.0494784
-0.0660623
-0.0760580
-0.0797778
-0.0843580
-0.0936055
-0.1021093
-0.1019246
-0.0934399
-0.0862435
-0.0885421
-0.0981339
-0.1057029
-0.1058641
-0.1025146
-0.1028447
-0.1081908
-0.1128956
-0.1118318
-0.1067673
-0.1038178
-0.1056121
-0.1081733
-0.1063346
-0.1008281
-0.0981739
-0.1032278
-0.1129882
-0.1188880
-0.1152776
-0.1049951
-0.0961911
-0.0941142
-0.0967948
-0.0987456
-0.0975941
-0.0957402
-0.0957838
-0.0961553
-0.0926837
-0.0840170
-0.0738910
-0.0672116
-0.0646583
-0.0624212
-0.0573782
-0.0511809
-0.0479245
-0.0481601
-0.0469221
-0.0386884
-0.0234951
-0.0068757
0.0061339
0.0156645
0.0252860
0.0368819
0.0488022
0.0591462
0.0692498
0.0821900
0.0976368
0.1095916
0.1107878
0.0996793
0.0823608
0.0670281
0.0567254
0.0478351
0.0354003
0.0192457
0.0044225
-0.0042969
-0.0078399
-0.0120807
-0.0213356
-0.0330896
-0.0402013
-0.0387851
-0.0331987
-0.0321290
-0.0394495
-0.0496800
-0.0533462
-0.0468608
-0.0363751
-0.0314115
-0.0353096
-0.0429321
-0.0475279
-0.0481294
-0.0489576
-0.0525760
-0.0559796
-0.0544441
-0.0479313
-0.0418685
-0.0413384
-0.0457015
-0.0498110
-0.0498962
-0.0470049
-0.0445978
-0.0442584
-0.0449964
-0.0459127
-0.0474351
-0.0492810
-0.0490154
-0.0446964
-0.0387223
-0.0369047
-0.0422616
-0.0504724
-0.0532837
-0.0471156
-0.0372650
-0.0323246
-0.0347199
-0.0383806
-0.0365744
-0.0306598
-0.0289173
-0.0363386
-0.0474371
-0.0511108
-0.0426573
-0.0294841
-0.0237941
-0.0299459
-0.0402090
-0.0434970
-0.0373644
-0.0300022
-0.0303449
-0.0378308
-0.0433984
-0.0401000
-0.0308613
-0.0247850
-0.0268248
-0.0328676
-0.0354176
-0.0326219
-0.0298049
-0.0319924
-0.0369832
-0.0378768
-0.0320946
-0.0254657
-0.0257784
-0.0333414
-0.0401254
-0.0388262
-0.0312379
-0.0260972
-0.0289936
-0.0361927
-0.0394433
-0.0357581
-0.0303784
-0.0296577
-0.0330336
-0.0341826
-0.0297239
-0.0242860
-0.0253403
-0.0339480
-0.0426181
-0.0430206
-0.0348277
-0.0258299
-0.0235109
-0.0277057
-0.0322161
-0.0327053
-0.0312890
-0.0328496
-0.0382130
-0.0426625
-0.0413728
-0.0351523
-0.0298850
-0.0304365
-0.0357559
-0.0403113
-0.0400846
-0.0366220
-0.0349864
-0.0381950
-0.0442725
-0.0485991
-0.0482488
-0.0435671
-0.0362215
-0.0269132
-0.0155291
-0.0031066
0.0072886
0.0126147
0.0134648
0.0156700
0.0275750
0.0544781
0.0944131
0.1384599
0.1753132
0.1969399
0.2016552
0.1929786
0.1759345
0.1543029
0.1305421
0.1066410
0.0835648
0.0601224
0.0341698
0.0063089
-0.0181107
-0.0324437
-0.0354066
-0.0337973
-0.0369797
-0.0476897
-0.0589484
-0.0611963
-0.0522751
-0.0392259
-0.0306459
-0.0300715
-0.0390260
-0.0642244
-0.1150590
-0.1873094
-0.2472447
-0.2357406
-0.0968928
0.1857901
0.5697711
0.9627395
1.2552673
1.3618992
1.2551696
0.9786655
0.6295200
0.3142895
0.1012863
-0.0011498
-0.0290522
-0.0272661
-0.0232382
-0.0244932
-0.0304072
-0.0408041
-0.0552171
-0.0700233
-0.0806265
-0.0861149
-0.0894601
-0.0928963
-0.0952330
-0.0948368
-0.0934362
-0.0945505
-0.0983524
-0.1005125
-0.0975917
-0.0924566
-0.0922776
-0.1004465
-0.1115390
-0.1157619
-0.1088754
-0.0970587
-0.0911851
-0.0962937
-0.1071234
-0.1138669
-0.1116784
-0.1044557
-0.1000801
-0.1025655
-0.1085907
-0.1111156
-0.1062462
-0.0967857
-0.0892759
-0.0877077
-0.0901853
-0.0915060
-0.0885544
-0.0829552
-0.0786011
-0.0769315
-0.0751020
-0.0692361
-0.0593470
-0.0501711
-0.0463918
-0.0473546
-0.0473960
-0.0416659
-0.0310747
-0.0210189
-0.0153725
-0.0122026
-0.0057377
0.0074932
0.0249342
0.0407940
0.0522617
0.0620825
0.0745521
0.0895735
0.1015708
0.1045286
0.0978474
0.0870467
0.0786385
0.0741955
0.0693958
0.0588945
0.0419692
0.0232172
0.0080206
-0.0021044
-0.0097108
-0.0177703
-0.0263715
-0.0328844
-0.0349902
-0.0333433
-0.0311476
-0.0311260
-0.0331725
-0.0351686
-0.0357482
-0.0357009
-0.0366537
-0.0388647
-0.0406334
-0.0398911
-0.0364341
-0.0326513
-0.0317765
-0.0350140
-0.0402646
-0.0437769
-0.0431589
-0.0390952
-0.0346559
-0.0330084
-0.0351196
-0.0390405
-0.0415733
-0.0411202
-0.0389777
-0.0376728
-0.0381592
-0.0389655
-0.0381776
-0.0360283
-0.0351061
-0.0375116
-0.0417364
-0.0431372
-0.0384753
-0.0299802
-0.0239903
-0.0250188
-0.0314748
-0.0375207
-0.0387698
-0.0357913
-0.0323728
-0.0311113
-0.0311523
-0.0300368
-0.0270360
-0.0239995
-0.0230289
-0.0241126
-0.0254426
-0.0255084
-0.0243984
-0.0235457
-0.0247901
-0.0290823
-0.0349163
-0.0380566
-0.0343361
-0.0241156
-0.0138216
-0.0115679
-0.0197403
-0.0316768
-0.0369281
-0.0311846
-0.0209628
-0.0172973
-0.0242874
-0.0346900
-0.0375283
-0.0295317
-0.0182359
-0.0139607
-0.0195784
-0.0284904
-0.0320842
-0.0283502
-0.0229011
-0.0221850
-0.0267761
-0.0316053
-0.0317542
-0.0269954
-0.0210902
-0.0179412
-0.0187610
-0.0220418
-0.0254354
-0.0277073
-0.0291829
-0.0304526
-0.0309840
-0.0295410
-0.0260883
-0.0227671
-0.0223127
-0.0251497
-0.0282653
-0.0277521
-0.0231699
-0.0190269
-0.0207279
-0.0285144
-0.0362020
-0.0368060
-0.0293663
-0.0199022
-0.0158722
-0.0198163
-0.0276927
-0.0326696
-0.0309480
-0.0250594
-0.0219457
-0.0269716
-0.0384856
-0.0477625
-0.0453154
-0.0290437
-0.0068959
0.0095101
0.0150746
0.0149156
0.0175650
0.0257983
0.0362464
0.0477051
0.0664025
0.0998691
0.1457107
0.1890502
0.2131940
0.2130570
0.1975449
0.1791198
0.1622891
0.1425694
0.1147922
0.0801933
0.0457163
0.0187460
0.0030847
-0.0025413
-0.0042071
-0.0094127
-0.0207956
-0.0329869
-0.0383547
-0.0367730
-0.0367876
-0.0442045
-0.0514422
-0.0440451
-0.0212918
-0.0071052
-0.0333588
-0.1079985
-0.2000483
-0.2563328
-0.2302703
-0.0951572
0.1576209
0.5119160
0.9059198
1.2276904
1.3580960
1.2439238
0.9402119
0.5780816
0.2811958
0.1006135
0.0151225
-0.0207977
-0.0359413
-0.0387859
-0.0348319
-0.0340760
-0.0427666
-0.0569453
-0.0686193
-0.0753428
-0.0805929
-0.0867884
-0.0920761
-0.0944793
-0.0957784
-0.0986972
-0.1017171
-0.1001130
-0.0930440
-0.0868721
-0.0887270
-0.0976537
-0.1050772
-0.1046951
-0.0995656
-0.0978236
-0.1028562
-0.1098348
-0.1117257
-0.1069038
-0.1001001
-0.0968372
-0.0981176
-0.1006558
-0.1013338
-0.1003566
-0.1000110
-0.1013841
-0.1030374
-0.1024002
-0.0978649
-0.0901396
-0.0824342
-0.0787310
-0.0803964
-0.0841883
-0.0846853
-0.0794480
-0.0714816
-0.0660866
-0.0651998
-0.0650593
-0.0598740
-0.0481509
-0.0350107
-0.0272786
-0.0261218
-0.0256044
-0.0191883
-0.0067966
0.0056323
0.0132633
0.0179289
0.0262137
0.0423787
0.0635715
0.0822212
0.0930301
0.0969898
0.0981828
0.0976808
0.0922515
0.0792504
0.0612525
0.0446615
0.0339573
0.0278150
0.0208199
0.0089398
-0.0064207
-0.0197132
-0.0267277
-0.0286274
-0.0303018
-0.0350729
-0.0415000
-0.0451609
-0.0431636
-0.0372307
-0.0327278
-0.0340688
-0.0403277
-0.0457881
-0.0457122
-0.0414650
-0.0391785
-0.0432417
-0.0515850
-0.0575525
-0.0563280
-0.0495774
-0.0437010
-0.0432974
-0.0466830
-0.0485057
-0.0463567
-0.0433739
-0.0439220
-0.0480443
-0.0513224
-0.0497664
-0.0440031
-0.0386643
-0.0379369
-0.0415872
-0.0453525
-0.0454966
-0.0427359
-0.0410527
-0.0427727
-0.0456677
-0.0452830
-0.0398316
-0.0326635
-0.0297635
-0.0340520
-0.0416959
-0.0450305
-0.0403839
-0.0326524
-0.0307945
-0.0384962
-0.0499905
-0.0553207
-0.0494958
-0.0368218
-0.0268407
-0.0258853
-0.0320776
-0.0383685
-0.0400529
-0.0384957
-0.0376162
-0.0383372
-0.0377888
-0.0334950
-0.0271470
-0.0237044
-0.0265644
-0.0334902
-0.0380202
-0.0360496
-0.0307792
-0.0296011
-0.0356625
-0.0439244
-0.0464943
-0.0409553
-0.0324131
-0.0277700
-0.0290268
-0.0325686
-0.0345438
-0.0357550
-0.0399007
-0.0471513
-0.0517914
-0.0482182
-0.0383293
-0.0305747
-0.0312033
-0.0378869
-0.0427096
-0.0407537
-0.0351405
-0.0335473
-0.0396280
-0.0481624
-0.0498330
-0.0413483
-0.0296893
-0.0251666
-0.0308290
-0.0398160
-0.0429632
-0.0381678
-0.0320982
-0.0328497
-0.0409900
-0.0485315
-0.0476257
-0.0395575
-0.0332925
-0.0351247
-0.0419998
-0.0460742
-0.0439375
-0.0393669
-0.0376807
-0.0394667
-0.0408812
-0.0395175
-0.0383109
-0.0419066
-0.0492651
-0.0524230
-0.0446008
-0.0281819
-0.0122532
-0.0028890
0.0015793
0.0059446
0.0122549
0.0205019
0.0332084
0.0559775
0.0916958
0.1345819
0.1717765
0.1924767
0.1954423
0.1867519
0.1715785
0.1509471
0.1259458
0.1003954
0.0768206
0.0531532
0.0272752
0.0029718
-0.0132453
-0.0214331
-0.0297749
-0.0439665
-0.0577367
-0.0590247
-0.0467690
-0.0364066
-0.0425850
-0.0579830
-0.0587991
-0.0370527
-0.0204644
-0.0485346
-0.1273663
-0.2163976
-0.2620833
-0.2346808
-0.1247354
0.0837230
0.4085159
0.8192870
1.2004345
1.3937411
1.3071284
0.9921628
0.6087980
0.3060142
0.1311876
0.0428744
-0.0112485
-0.0446548
-0.0487765
-0.0317309
-0.0225975
-0.0409051
-0.0749462
-0.0964557
-0.0927180
-0.0781117
-0.0741894
-0.0849836
-0.0967101
-0.0979677
-0.0925425
-0.0913495
-0.0982198
-0.1074182
-0.1116347
-0.1086935
-0.1020491
-0.0974210
-0.0982202
-0.1028002
-0.1067228
-0.1078967
-0.1081999
-0.1102074
-0.1140684
-0.1174683
-0.1171188
-0.1111681
-0.1021928
-0.0965794
-0.0982373
-0.1038960
-0.1072761
-0.1066398
-0.1051654
-0.1050627
-0.1047393
-0.1013486
-0.0936891
-0.0834593
-0.0753718
-0.0738438
-0.0773101
-0.0785150
-0.0732338
-0.0658153
-0.0627765
-0.0636048
-0.0615986
-0.0520922
-0.0372072
-0.0241046
-0.0195486
-0.0230599
-0.0248877
-0.0154685
0.0022699
0.0159928
0.0207800
0.0257484
0.0408198
0.0635102
0.0826531
0.0898521
0.0845917
0.0735310
0.0663127
0.0659216
0.0629137
0.0468226
0.0223846
0.0042165
-0.0036507
-0.0098979
-0.0180163
-0.0227864
-0.0266295
-0.0398282
-0.0578074
-0.0586484
-0.0350486
