0.0577018
0.0606164
0.0570471
0.0526412
0.0499612
0.0466759
0.0385882
0.0242925
0.0069238
-0.0085209
-0.0195606
-0.0281317
-0.0383543
-0.0524205
-0.0685098
-0.0825991
-0.0923275
-0.0991124
-0.1063244
-0.1151296
-0.1221435
-0.1217039
-0.1111900
-0.0944062
-0.0793021
-0.0716091
-0.0703040
-0.0693880
-0.0641759
-0.0555101
-0.0475065
-0.0416603
-0.0344143
-0.0213866
-0.0035097
0.0123355
0.0194831
0.0177783
0.0130154
0.0103506
0.0092902
0.0056545
-0.0024173
-0.0118168
-0.0180899
-0.0206280
-0.0231921
-0.0295253
-0.0395895
-0.0506299
-0.0610974
-0.0723735
-0.0865725
-0.1035823
-0.1208434
-0.1354778
-0.1457460
-0.1505441
-0.1488086
-0.1406937
-0.1292330
-0.1194656
-0.1146528
-0.1132833
-0.1106393
-0.1039120
-0.0955598
-0.0910821
-0.0933239
-0.0992704
-0.1027339
-0.1001536
-0.0935932
-0.0881958
-0.0872349
-0.0900257
-0.0942128
-0.0988694
-0.1044123
-0.1098147
-0.1113258
-0.1052399
-0.0921847
-0.0780167
-0.0696401
-0.0693993
-0.0733618
-0.0751041
-0.0714664
-0.0652190
-0.0626749
-0.0685093
-0.0817755
-0.0958171
-0.1021656
-0.0960508
-0.0797916
-0.0613097
-0.0485677
-0.0443372
-0.0456512
-0.0480236
-0.0500360
-0.0538196
-0.0614303
-0.0714676
-0.0798731
-0.0840730
-0.0857442
-0.0889393
-0.0955760
-0.1033679
-0.1085314
-0.1101452
-0.1111399
-0.1147911
-0.1208995
-0.1264039
-0.1299416
-0.1346633
-0.1449621
-0.1600450
-0.1721083
-0.1726041
-0.1607067
-0.1446975
-0.1343870
-0.1326562
-0.1348328
-0.1350940
-0.1311451
-0.1220916
-0.1049615
-0.0783740
-0.0516588
-0.0464231
-0.0815045
-0.1504079
-0.2125487
-0.2099066
-0.0978693
0.1324204
0.4518350
0.8041254
1.1182360
1.3213253
1.3591599
1.2211349
0.9521042
0.6350160
0.3511171
0.1454918
0.0210207
-0.0424140
-0.0663927
-0.0670837
-0.0593050
-0.0576377
-0.0699825
-0.0924047
-0.1139587
-0.1277940
-0.1367646
-0.1480326
-0.1636781
-0.1780067
-0.1836144
-0.1785430
-0.1671440
-0.1554326
-0.1469983
-0.1428049
-0.1428550
-0.1466831
-0.1527554
-0.1587832
-0.1632870
-0.1664276
-0.1687379
-0.1692662
-0.1658241
-0.1575460
-0.1467508
-0.1375171
-0.1322712
-0.1301481
-0.1286832
-0.1264214
-0.1233790
-0.1194656
-0.1135967
-0.1050477
-0.0953452
-0.0878474
-0.0847023
-0.0842604
-0.0821282
-0.0752431
-0.0647324
-0.0543194
-0.0458525
-0.0368041
-0.0226143
-0.0017375
0.0216298
0.0401263
0.0490845
0.0502590
0.0497185
0.0518321
0.0553164
0.0551820
0.0481438
0.0355674
0.0211646
0.0066388
-0.0095291
-0.0289763
-0.0500388
-0.0683453
-0.0808553
-0.0885145
-0.0943518
-0.0994696
-0.1019311
-0.0998325
-0.0946629
-0.0907878
-0.0914201
-0.0952246
-0.0969671
-0.0917953
-0.0794608
-0.0645591
-0.0521221
-0.0425189
-0.0312456
-0.0148605
0.0028649
0.0126288
0.0096868
0.0020082
0.0047945
0.0231177
0.0404432
0.0295519
-0.0196086
-0.0813015
-0.1050650
-0.0479407
0.1015694
0.3262421
0.5979720
0.8854215
1.1446104
1.3130583
1.3297419
1.1740968
0.8900137
0.5681773
0.2968993
0.1195688
0.0279840
-0.0126936
-0.0344536
-0.0534069
-0.0731075
-0.0921374
-0.1080565
-0.1186998
-0.1238026
-0.1260761
-0.1293310
-0.1348224
-0.1400562
-0.1417383
-0.1393918
-0.1353856
-0.1317271
-0.1277752
-0.1214393
-0.1121487
-0.1022225
-0.0952931
-0.0932771
-0.0945977
-0.0954138
-0.0930272
-0.0883110
-0.0845540
-0.0838133
-0.0849307
-0.0858363
-0.0876627
-0.0952940
-0.1124247
-0.1360145
-0.1570866
-0.1682618
-0.1699810
-0.1679203
-0.1644652
-0.1548818
-0.1334680
-0.1024389
-0.0723553
-0.0527769
-0.0434432
-0.0356683
-0.0219735
-0.0032246
0.0137096
0.0238226
0.0281703
0.0307899
0.0332965
0.0335331
0.0287448
0.0188513
0.0065684
-0.0049526
-0.0144985
-0.0233058
-0.0331241
-0.0432426
-0.0498231
-0.0495006
-0.0440448
-0.0400478
-0.0426038
-0.0500639
-0.0570052
-0.0621492
-0.0697356
-0.0800109
-0.0811888
-0.0590566
-0.0202650
-0.0019037
-0.0460253
-0.1549729
-0.2714264
-0.3087328
-0.2074870
0.0315541
0.3606346
0.7186207
1.0469232
1.2835619
1.3654609
1.2585106
0.9924548
0.6584925
0.3600068
0.1556674
0.0424279
-0.0154756
-0.0481479
-0.0673349
-0.0781892
-0.0898090
-0.1102447
-0.1368832
-0.1585364
-0.1679872
-0.1691346
-0.1701150
-0.1720439
-0.1681336
-0.1539069
-0.1348793
-0.1217125
-0.1189238
-0.1208719
-0.1192104
-0.1123595
-0.1062367
-0.1064734
-0.1117372
-0.1155233
-0.1137245
-0.1090675
-0.1075650
-0.1113925
-0.1164163
-0.1169166
-0.1118959
-0.1060946
-0.1050736
-0.1098274
-0.1161992
-0.1191281
-0.1171366
-0.1127040
-0.1087199
-0.1052848
-0.1002011
-0.0917630
-0.0799498
-0.0649416
-0.0458388
-0.0220802
0.0039213
0.0265236
0.0401269
0.0430703
0.0382238
0.0296939
0.0193448
0.0069973
-0.0065468
-0.0183851
-0.0265054
-0.0330167
-0.0425619
-0.0568914
-0.0721120
-0.0825260
-0.0869776
-0.0900512
-0.0961327
-0.1031569
-0.1042123
-0.0961931
-0.0852079
-0.0808936
-0.0850892
-0.0886047
-0.0813756
-0.0650865
-0.0532642
-0.0576935
-0.0757735
-0.0926893
-0.0960316
-0.0872690
-0.0786863
-0.0804041
-0.0914934
-0.1025700
-0.1045956
-0.0952582
-0.0808492
-0.0754702
-0.0956458
-0.1472274
-0.2106333
-0.2395603
-0.1813603
-0.0072734
0.2703221
0.6045056
0.9331181
1.1929817
1.3263549
1.2923247
1.0887679
0.7680858
0.4230716
0.1431507
-0.0280987
-0.1018294
-0.1179185
-0.1121435
-0.1025735
-0.0957608
-0.0956628
-0.1041671
-0.1178733
-0.1301167
-0.1375185
-0.1423969
-0.1476373
-0.1513047
-0.1488867
-0.1403598
-0.1321703
-0.1307198
-0.1351521
-0.1382483
-0.1343322
-0.1252389
-0.1183721
-0.1197308
-0.1292480
-0.1422086
-0.1539753
-0.1628566
-0.1693767
-0.1744829
-0.1791259
-0.1844109
-0.1905491
-0.1954454
-0.1954249
-0.1883798
-0.1764218
-0.1650912
-0.1592745
-0.1591272
-0.1597600
-0.1553640
-0.1440028
-0.1282535
-0.1113781
-0.0938739
-0.0744117
-0.0532885
-0.0334416
-0.0176783
-0.0059353
0.0036808
0.0113453
0.0142896
0.0101041
0.0007007
-0.0086833
-0.0150914
-0.0210599
-0.0307839
-0.0440268
-0.0561000
-0.0639743
-0.0697698
-0.0765247
-0.0825489
-0.0833097
-0.0790790
-0.0771920
-0.0837794
-0.0946392
-0.0983492
-0.0897527
-0.0767344
-0.0698102
-0.0672751
-0.0578107
-0.0410623
-0.0395324
-0.0800657
-0.1593468
-0.2314927
-0.2350364
-0.1340099
0.0660355
0.3354771
0.6425563
0.9517542
1.2071850
1.3352318
1.2815071
1.0542336
0.7306891
0.4153929
0.1833263
0.0515756
-0.0074250
-0.0326496
-0.0501521
-0.0687759
-0.0880211
-0.1058637
-0.1215178
-0.1351731
-0.1474351
-0.1586046
-0.1675272
-0.1714734
-0.1682068
-0.1584642
-0.1459431
-0.1346923
-0.1266973
-0.1217573
-0.1190478
-0.1184065
-0.1199926
-0.1226373
-0.1230299
-0.1179087
-0.1081197
-0.0999594
-0.1009544
-0.1134224
-0.1323135
-0.1496454
-0.1610870
-0.1683697
-0.1757173
-0.1844725
-0.1916500
-0.1936362
-0.1903539
-0.1848745
-0.1793845
-0.1729928
-0.1640147
-0.1532354
-0.1435572
-0.1362191
-0.1278998
-0.1121719
-0.0847369
-0.0483004
-0.0124372
0.0124786
0.0225496
0.0222778
0.0194458
0.0180761
0.0160990
0.0093277
-0.0028571
-0.0161532
-0.0256146
-0.0304724
-0.0335975
-0.0363453
-0.0356985
-0.0277069
-0.0127385
0.0040946
0.0169703
0.0220473
0.0169635
0.0015285
-0.0184298
-0.0306040
-0.0264382
-0.0165526
-0.0327325
-0.1040110
-0.2206737
-0.3204403
-0.3181052
-0.1601900
0.1397300
0.5117499
0.8704079
1.1478317
1.3006306
1.3043915
1.1573498
0.8930727
0.5810750
0.3013619
0.1067335
0.0027509
-0.0400034
-0.0565746
-0.0678645
-0.0806908
-0.0965480
-0.1154600
-0.1343769
-0.1478076
-0.1530367
-0.1537535
-0.1565069
-0.1631152
-0.1678653
-0.1634881
-0.1495426
-0.1335136
-0.1234346
-0.1208681
-0.1219007
-0.1234697
-0.1266306
-0.1336354
-0.1435939
-0.1522474
-0.1558378
-0.1546099
-0.1523115
-0.1524244
-0.1551541
-0.1579981
-0.1584446
-0.1554544
-0.1490272
-0.1398271
-0.1295184
-0.1202155
-0.1127364
-0.1059062
-0.0981697
-0.0894814
-0.0809515
-0.0726574
-0.0623163
-0.0467699
-0.0255223
-0.0030133
0.0135446
0.0198061
0.0179183
0.0139142
0.0114928
0.0089996
0.0025863
-0.0084487
-0.0201630
-0.0278670
-0.0310897
-0.0338417
-0.0394202
-0.0459924
-0.0493532
-0.0502096
-0.0558670
-0.0720086
-0.0938294
-0.1087956
-0.1096383
-0.1022661
-0.0977540
-0.0969786
-0.0879524
-0.0632591
-0.0393813
-0.0510130
-0.1171075
-0.2092407
-0.2572133
-0.1921278
0.0098369
0.3180157
0.6709196
1.0033737
1.2561273
1.3760529
1.3272575
1.1149760
0.7989100
0.4733457
0.2210126
0.0746550
0.0143000
-0.0040926
-0.0165671
-0.0376489
-0.0653571
-0.0920847
-0.1119914
-0.1235640
-0.1292215
-0.1330671
-0.1375226
-0.1408941
-0.1385661
-0.1278223
-0.1118070
-0.0978389
-0.0913024
-0.0917011
-0.0947328
-0.0970569
-0.0983695
-0.0999677
-0.1028167
-0.1071613
-0.1131816
-0.1213605
-0.1317588
-0.1426444
-0.1503456
-0.1515947
-0.1465126
-0.1388676
-0.1331492
-0.1314802
-0.1328390
-0.1342704
-0.1327996
-0.1272116
-0.1186183
-0.1090147
-0.0989917
-0.0869004
-0.0701989
-0.0478209
-0.0220912
0.0013011
0.0164459
0.0218830
0.0220611
0.0229959
0.0262739
0.0282147
0.0253294
0.0199311
0.0193593
0.0288283
0.0447641
0.0561138
0.0537580
0.0389716
0.0216121
0.0098601
0.0032864
-0.0032434
-0.0107712
-0.0140754
-0.0091368
-0.0017899
-0.0072035
-0.0381303
-0.0901237
-0.1356999
-0.1334511
-0.0470747
0.1371823
0.4033039
0.7096462
1.0002384
1.2177634
1.3148874
1.2648395
1.0731572
0.7855141
0.4790000
0.2312637
0.0831440
0.0228590
0.0050389
-0.0119808
-0.0417272
-0.0742200
-0.0978907
-0.1139106
-0.1309783
-0.1516305
-0.1684899
-0.1739072
-0.1694381
-0.1635382
-0.1616996
-0.1612403
-0.1553252
-0.1404112
-0.1199633
-0.1023544
-0.0951724
-0.1000237
-0.1116891
-0.1223914
-0.1276613
-0.1289993
-0.1313166
-0.1373677
-0.1442089
-0.1457082
-0.1393215
-0.1297078
-0.1243495
-0.1258974
-0.1302123
-0.1317827
-0.1293022
-0.1252806
-0.1215356
-0.1163829
-0.1062725
-0.0898225
-0.0700304
-0.0519830
-0.0379288
-0.0250140
-0.0084903
0.0130050
0.0355518
0.0527295
0.0601440
0.0584056
0.0525672
0.0477959
0.0444644
0.0378398
0.0234108
0.0022511
-0.0193388
-0.0349712
-0.0425329
-0.0443282
-0.0439955
-0.0433756
-0.0421309
-0.0403181
-0.0406029
-0.0467130
-0.0594734
-0.0752025
-0.0882910
-0.0950480
-0.0957494
-0.0943258
-0.0957878
-0.1020699
-0.1096186
-0.1122085
-0.1070318
-0.0976204
-0.0904610
-0.0891078
-0.0916045
-0.0930855
-0.0906445
-0.0857140
-0.0815859
-0.0791044
-0.0761204
-0.0714001
-0.0671839
-0.0664596
-0.0689730
-0.0717764
-0.0731740
-0.0743580
-0.0771210
-0.0814174
-0.0857655
-0.0893832
-0.0932560
-0.0987911
-0.1054206
-0.1103096
-0.1113811
-0.1101982
-0.1105744
-0.1145478
-0.1211462
-0.1287469
-0.1362902
-0.1415342
-0.1407087
-0.1323498
-0.1209144
-0.1144795
-0.1176662
-0.1268621
-0.1331320
-0.1308961
-0.1240329
-0.1222638
-0.1306257
-0.1435688
-0.1506590
-0.1470687
-0.1368475
-0.1268354
-0.1198014
-0.1138092
-0.1062635
-0.0972952
-0.0896528
-0.0859132
-0.0859712
-0.0874138
-0.0880348
-0.0871459
-0.0846993
-0.0808266
-0.0768234
-0.0749108
-0.0757848
-0.0774614
-0.0776495
-0.0764325
-0.0756679
-0.0765362
-0.0786426
-0.0810372
-0.0834090
-0.0865055
-0.0915083
-0.0985538
-0.1060623
-0.1121512
-0.1161786
-0.1179729
-0.1166018
-0.1119837
-0.1074034
-0.1078760
-0.1148523
-0.1237171
-0.1274753
-0.1227979
-0.1129022
-0.1054026
-0.1068315
-0.1176962
-0.1322436
-0.1432387
-0.1468866
-0.1436433
-0.1361724
-0.1275576
-0.1199070
-0.1129920
-0.1050744
-0.0964017
-0.0909410
-0.0929912
-0.1022879
-0.1134517
-0.1201153
-0.1194312
-0.1136579
-0.1081411
-0.1069597
-0.1097696
-0.1131587
-0.1148540
-0.1156093
-0.1172698
-0.1204257
-0.1238756
-0.1250276
-0.1214119
-0.1139016
-0.1078499
-0.1076414
-0.1092296
-0.1020392
-0.0827040
-0.0670609
-0.0841558
-0.1518026
-0.2522311
-0.3303626
-0.3205067
-0.1825793
0.0792103
0.4233060
0.7874796
1.1001916
1.2920007
1.3179732
1.1819539
0.9383306
0.6627672
0.4135916
0.2142750
0.0653598
-0.0341443
-0.0812058
-0.0819290
-0.0614536
-0.0517358
-0.0672600
-0.0964114
-0.1183061
-0.1248741
-0.1247798
-0.1297691
-0.1419178
-0.1540226
-0.1592168
-0.1584384
-0.1586879
-0.1647930
-0.1741750
-0.1804462
-0.1807966
-0.1781593
-0.1771681
-0.1801846
-0.1866865
-0.1942250
-0.2001310
-0.2042126
-0.2094109
-0.2177867
-0.2262343
-0.2284765
-0.2218099
-0.2107721
-0.2041297
-0.2084595
-0.2230395
-0.2396207
-0.2485648
-0.2468121
-0.2388462
-0.2289876
-0.2149991
-0.1916034
-0.1591064
-0.1261680
-0.1036928
-0.0959702
-0.0964475
-0.0920124
-0.0736897
-0.0445276
-0.0160419
0.0031227
0.0134527
0.0204404
0.0277833
0.0356282
0.0425183
0.0470184
0.0484525
0.0467159
0.0407802
0.0287258
0.0116831
-0.0034635
-0.0093571
-0.0070941
-0.0068450
-0.0176275
-0.0374148
-0.0544396
-0.0585576
-0.0516907
-0.0459971
-0.0491773
-0.0526138
-0.0403012
-0.0128131
0.0036718
-0.0193049
-0.0789446
-0.1345233
-0.1345009
-0.0485592
0.1234625
0.3639262
0.6478811
0.9368398
1.1681605
1.2672124
1.1886549
0.9537981
0.6430431
0.3447104
0.1063106
-0.0729577
-0.2154399
-0.3376536
-0.4423026
-0.5246894
-0.5796227
-0.6017055
-0.5833916
-0.5202453
-0.4228995
-0.3203229
-0.2437544
-0.2048524
-0.1914722
-0.1837800
-0.1713513
-0.1564793
-0.1466106
-0.1453268
-0.1482591
-0.1471794
-0.1389087
-0.1283980
-0.1215456
-0.1180613
-0.1140963
-0.1085402
-0.1028527
-0.0971994
-0.0906612
-0.0835259
-0.0762357
-0.0675630
-0.0557633
-0.0394700
-0.0167802
0.0123948
0.0414890
0.0598229
0.0634038
0.0600437
0.0613800
0.0724905
0.0900753
0.1068531
0.1169917
0.1216580
0.1299470
0.1497585
0.1772625
0.1999343
0.2098435
0.2090533
0.2028435
0.1937966
0.1824640
0.1679568
0.1477313
0.1216919
0.0954117
0.0740605
0.0548152
0.0309254
0.0017294
-0.0264922
-0.0476967
-0.0600953
-0.0665255
-0.0742626
-0.0883431
-0.1006208
-0.0945260
-0.0698098
-0.0552893
-0.0841005
-0.1549277
-0.2216527
-0.2194322
-0.1026041
0.1297575
0.4349464
0.7552968
1.0477222
1.2807731
1.4115125
1.3916494
1.2110529
0.9238630
0.6198293
0.3725607
0.2110973
0.1209687
0.0636513
0.0089752
-0.0424779
-0.0752891
-0.0918834
-0.1104444
-0.1345839
-0.1518342
-0.1625873
-0.1804514
-0.2011003
-0.2052840
-0.1989519
-0.2102436
-0.2334828
-0.2206510
-0.1536055
