0.2331899
0.1770178
0.1297910
0.0928860
0.0583183
0.0206481
-0.0157111
-0.0415774
-0.0537440
-0.0585658
-0.0645602
-0.0732536
-0.0792026
-0.0787075
-0.0759827
-0.0784643
-0.0863695
-0.0896984
-0.0784489
-0.0566513
-0.0450720
-0.0679138
-0.1340471
-0.2267930
-0.3061188
-0.3175912
-0.2052209
0.0668840
0.4837542
0.9582681
1.3481561
1.5189231
1.4181693
1.1055982
0.7122216
0.3604913
0.1081614
-0.0488388
-0.1358857
-0.1697602
-0.1617344
-0.1332809
-0.1142436
-0.1220941
-0.1481037
-0.1684776
-0.1684605
-0.1535893
-0.1394211
-0.1352121
-0.1394222
-0.1471699
-0.1567436
-0.1679339
-0.1776679
-0.1807672
-0.1752146
-0.1652330
-0.1586617
-0.1613182
-0.1726994
-0.1853997
-0.1891029
-0.1782096
-0.1580389
-0.1424377
-0.1420461
-0.1536383
-0.1629328
-0.1598034
-0.1495957
-0.1467923
-0.1572884
-0.1699046
-0.1679677
-0.1482433
-0.1253951
-0.1168381
-0.1253659
-0.1384277
-0.1427044
-0.1360444
-0.1249708
-0.1147696
-0.1060842
-0.1000354
-0.1011529
-0.1114253
-0.1232321
-0.1229396
-0.1038954
-0.0743304
-0.0502582
-0.0408502
-0.0422091
-0.0446989
-0.0431434
-0.0379852
-0.0289402
-0.0123005
0.0132973
0.0406554
0.0572058
0.0558999
0.0421409
0.0291683
0.0268921
0.0351731
0.0463154
0.0520943
0.0485281
0.0364989
0.0203095
0.0055642
-0.0037761
-0.0079777
-0.0108949
-0.0156071
-0.0205854
-0.0212546
-0.0159688
-0.0095669
-0.0095756
-0.0185153
-0.0308653
-0.0384189
-0.0381832
-0.0340158
-0.0306809
-0.0281056
-0.0231152
-0.0161523
-0.0135011
-0.0206207
-0.0338180
-0.0412277
-0.0341400
-0.0170373
-0.0046053
-0.0077409
-0.0229690
-0.0363713
-0.0375663
-0.0288544
-0.0206907
-0.0197253
-0.0227411
-0.0220050
-0.0148014
-0.0064571
-0.0044253
-0.0105675
-0.0195492
-0.0240479
-0.0210209
-0.0135965
-0.0081019
-0.0094688
-0.0181483
-0.0297169
-0.0371220
-0.0349043
-0.0234703
-0.0101771
-0.0050896
-0.0134292
-0.0306284
-0.0449555
-0.0464382
-0.0347433
-0.0191019
-0.0105559
-0.0137701
-0.0253430
-0.0385822
-0.0488552
-0.0548229
-0.0565693
-0.0544876
-0.0500059
-0.0456332
-0.0427903
-0.0399174
-0.0341773
-0.0256589
-0.0189312
-0.0191125
-0.0262784
-0.0347315
-0.0384402
-0.0367405
-0.0340035
-0.0339827
-0.0354838
-0.0338909
-0.0260510
-0.0128209
0.0025626
0.0170303
0.0281655
0.0340299
0.0352668
0.0383970
0.0551969
0.0955751
0.1587133
0.2307310
0.2918571
0.3273824
0.3338695
0.3174552
0.2878425
0.2530085
0.2166276
0.1780036
0.1345002
0.0858800
0.0373368
-0.0026348
-0.0287834
-0.0436546
-0.0547395
-0.0668213
-0.0778965
-0.0830163
-0.0811597
-0.0772152
-0.0775228
-0.0844158
-0.0945903
-0.1011026
-0.0974095
-0.0837410
-0.0737656
-0.0931136
-0.1624100
-0.2720911
-0.3707054
-0.3826438
-0.2466313
0.0515121
0.4701442
0.9235738
1.3027108
1.5031981
1.4640485
1.2028551
0.8167176
0.4340266
0.1459408
-0.0293292
-0.1247468
-0.1750694
-0.1908858
-0.1730381
-0.1373261
-0.1136055
-0.1205137
-0.1482823
-0.1708459
-0.1727232
-0.1609190
-0.1524952
-0.1558573
-0.1660861
-0.1744770
-0.1776151
-0.1770240
-0.1742648
-0.1696214
-0.1644533
-0.1616391
-0.1625127
-0.1648722
-0.1655537
-0.1645575
-0.1651793
-0.1696045
-0.1753171
-0.1769281
-0.1717206
-0.1629348
-0.1571832
-0.1583510
-0.1636760
-0.1656627
-0.1584018
-0.1430633
-0.1277300
-0.1212183
-0.1258132
-0.1353133
-0.1404059
-0.1365773
-0.1271629
-0.1189020
-0.1149830
-0.1128685
-0.1085106
-0.1013272
-0.0939964
-0.0879888
-0.0811510
-0.0707251
-0.0577533
-0.0467073
-0.0404101
-0.0367568
-0.0316378
-0.0242327
-0.0174058
-0.0123859
-0.0051214
0.0096041
0.0303214
0.0474448
0.0517741
0.0442898
0.0359601
0.0370674
0.0472932
0.0567503
0.0560056
0.0442454
0.0283827
0.0161330
0.0107039
0.0103988
0.0107357
0.0065726
-0.0052176
-0.0222638
-0.0358441
-0.0363529
-0.0223651
-0.0043710
0.0025922
-0.0080692
-0.0285209
-0.0440400
-0.0467817
-0.0418931
-0.0402190
-0.0460014
-0.0527998
-0.0514137
-0.0405616
-0.0286323
-0.0249992
-0.0304975
-0.0369124
-0.0354413
-0.0252448
-0.0140400
-0.0109470
-0.0185554
-0.0308418
-0.0380576
-0.0343961
-0.0225604
-0.0116311
-0.0095188
-0.0160298
-0.0230750
-0.0226813
-0.0154027
-0.0100830
-0.0143005
-0.0253744
-0.0322807
-0.0272187
-0.0143864
-0.0060258
-0.0098400
-0.0215040
-0.0300772
-0.0296717
-0.0244476
-0.0224689
-0.0264605
-0.0316807
-0.0318977
-0.0258067
-0.0175360
-0.0124920
-0.0137064
-0.0209632
-0.0312349
-0.0394564
-0.0408657
-0.0349268
-0.0271384
-0.0250514
-0.0307823
-0.0377745
-0.0366770
-0.0254836
-0.0132123
-0.0121431
-0.0256847
-0.0441022
-0.0525408
-0.0433923
-0.0213442
0.0023148
0.0191382
0.0279544
0.0325400
0.0374685
0.0466667
0.0642423
0.0944462
0.1395126
0.1969896
0.2586535
0.3119718
0.3442082
0.3481059
0.3259104
0.2878577
0.2451511
0.2031712
0.1611353
0.1176570
0.0751672
0.0381597
0.0083289
-0.0166352
-0.0391714
-0.0583085
-0.0709859
-0.0760264
-0.0757525
-0.0744634
-0.0767068
-0.0858470
-0.1006039
-0.1114353
-0.1044023
-0.0750014
-0.0400253
-0.0312157
-0.0716327
-0.1564515
-0.2562897
-0.3344061
-0.3538991
-0.2707965
-0.0389747
0.3527338
0.8357815
1.2643425
1.4871801
1.4403243
1.1813974
0.8368686
0.5144220
0.2574234
0.0647047
-0.0681567
-0.1371088
-0.1488499
-0.1327974
-0.1230159
-0.1306281
-0.1407476
-0.1371264
-0.1241784
-0.1211900
-0.1381461
-0.1631145
-0.1750512
-0.1658247
-0.1469064
-0.1357673
-0.1388678
-0.1485689
-0.1539803
-0.1521219
-0.1486401
-0.1498709
-0.1557903
-0.1604092
-0.1580565
-0.1490825
-0.1398907
-0.1373931
-0.1427397
-0.1500626
-0.1518758
-0.1463819
-0.1392720
-0.1375300
-0.1413530
-0.1432304
-0.1360382
-0.1217319
-0.1106166
-0.1110479
-0.1202881
-0.1266583
-0.1211379
-0.1062644
-0.0930837
-0.0897402
-0.0938542
-0.0960765
-0.0900929
-0.0782744
-0.0678507
-0.0627214
-0.0598004
-0.0531013
-0.0405214
-0.0260182
-0.0152430
-0.0095788
-0.0048485
0.0042457
0.0188288
0.0350873
0.0483159
0.0570855
0.0632430
0.0684386
0.0717133
0.0710879
0.0670215
0.0630720
0.0622631
0.0629687
0.0593102
0.0464831
0.0260500
0.0058880
-0.0055378
-0.0056837
0.0002833
0.0037510
-0.0007227
-0.0118619
-0.0237539
-0.0311969
-0.0332629
-0.0321598
-0.0295480
-0.0251695
-0.0195446
-0.0166686
-0.0214967
-0.0333830
-0.0435301
-0.0420437
-0.0289340
-0.0164014
-0.0175304
-0.0322061
-0.0461387
-0.0454270
-0.0313308
-0.0187530
-0.0198522
-0.0310579
-0.0379280
-0.0319202
-0.0197538
-0.0149940
-0.0221203
-0.0316342
-0.0314965
-0.0212154
-0.0121570
-0.0138726
-0.0224590
-0.0246795
-0.0134995
0.0025935
0.0074945
-0.0055843
-0.0265597
-0.0384564
-0.0339679
-0.0211124
-0.0132540
-0.0156543
-0.0228754
-0.0277258
-0.0297417
-0.0335630
-0.0406828
-0.0457015
-0.0419821
-0.0299235
-0.0180051
-0.0152123
-0.0228945
-0.0340913
-0.0401735
-0.0379478
-0.0312868
-0.0271012
-0.0297723
-0.0382345
-0.0472242
-0.0512734
-0.0483500
-0.0405058
-0.0314324
-0.0235479
-0.0174307
-0.0135722
-0.0136087
-0.0188414
-0.0273933
-0.0335093
-0.0305589
-0.0155711
0.0082516
0.0328257
0.0496671
0.0554660
0.0556009
0.0623173
0.0872625
0.1333197
0.1926475
0.2525442
0.3029146
0.3380696
0.3533068
0.3436630
0.3088521
0.2583990
0.2079780
0.1677273
0.1345433
0.0978520
0.0532672
0.0087384
-0.0239589
-0.0423116
-0.0550775
-0.0706198
-0.0854750
-0.0875110
-0.0714626
-0.0495476
-0.0435216
-0.0639586
-0.0974382
-0.1162929
-0.1036067
-0.0703155
-0.0481910
-0.0655509
-0.1278566
-0.2170644
-0.3020266
-0.3433896
-0.2916217
-0.0964795
0.2591814
0.7203577
1.1577634
1.4240572
1.4367318
1.2236118
0.8940839
0.5632952
0.2939653
0.0948061
-0.0436741
-0.1237359
-0.1472327
-0.1331360
-0.1146053
-0.1149329
-0.1307012
-0.1423573
-0.1394520
-0.1314666
-0.1339202
-0.1486150
-0.1616581
-0.1600931
-0.1465448
-0.1354947
-0.1370704
-0.1474081
-0.1550905
-0.1543670
-0.1498850
-0.1492883
-0.1538962
-0.1581352
-0.1569653
-0.1516322
-0.1472759
-0.1461615
-0.1451924
-0.1406668
-0.1341165
-0.1314758
-0.1358274
-0.1422161
-0.1414942
-0.1300452
-0.1149389
-0.1082175
-0.1154292
-0.1298877
-0.1385267
-0.1335357
-0.1184135
-0.1031904
-0.0945855
-0.0911985
-0.0875289
-0.0811496
-0.0749240
-0.0725093
-0.0728962
-0.0703945
-0.0602647
-0.0440448
-0.0288178
-0.0207810
-0.0193134
-0.0174592
-0.0085254
0.0075878
0.0245611
0.0361133
0.0420470
0.0474278
0.0557220
0.0637308
0.0648346
0.0577030
0.0502548
0.0526364
0.0653842
0.0760074
0.0696741
0.0444192
0.0150077
0.0002440
0.0057045
0.0192282
0.0236665
0.0135428
-0.0014786
-0.0089177
-0.0072896
-0.0062982
-0.0141132
-0.0268432
-0.0323480
-0.0240390
-0.0090902
-0.0018438
-0.0095793
-0.0258523
-0.0378563
-0.0391014
-0.0339709
-0.0306640
-0.0315941
-0.0318087
-0.0261583
-0.0165025
-0.0109127
-0.0157500
-0.0288609
-0.0408220
-0.0430713
-0.0350817
-0.0239197
-0.0171560
-0.0164117
-0.0175779
-0.0165584
-0.0138640
-0.0131814
-0.0160028
-0.0189020
-0.0170485
-0.0102355
-0.0043335
-0.0058313
-0.0149483
-0.0248191
-0.0279435
-0.0233031
-0.0168129
-0.0148761
-0.0180730
-0.0216294
-0.0216940
-0.0199630
-0.0211899
-0.0265396
-0.0309122
-0.0280023
-0.0178063
-0.0080628
-0.0075571
-0.0180180
-0.0327241
-0.0427510
-0.0442230
-0.0398767
-0.0348300
-0.0319072
-0.0308028
-0.0303298
-0.0302832
-0.0312079
-0.0331546
-0.0350134
-0.0348913
-0.0313193
-0.0247964
-0.0183945
-0.0159833
-0.0187152
-0.0231949
-0.0242036
-0.0200964
-0.0150387
-0.0147392
-0.0198024
-0.0246574
-0.0242969
-0.0212430
-0.0233918
-0.0336088
-0.0429888
-0.0374016
-0.0121483
0.0210490
0.0435957
0.0472210
0.0412164
0.0427160
0.0612064
0.0936566
0.1332384
0.1787502
0.2324073
0.2894554
0.3342503
0.3500532
0.3329797
0.2949743
0.2528004
0.2149199
0.1787096
0.1379697
0.0909887
0.0422959
-0.0002815
-0.0291670
-0.0407381
-0.0392925
-0.0368896
-0.0448513
-0.0626909
-0.0778204
-0.0797882
-0.0736025
-0.0738958
-0.0845112
-0.0899789
-0.0744558
-0.0482830
-0.0471599
-0.0986458
-0.1918325
-0.2847005
-0.3373560
-0.3270786
-0.2290804
-0.0018139
0.3793687
0.8597595
1.2896906
1.5000144
1.4165611
1.1093808
0.7309593
0.4056511
0.1716189
0.0092470
-0.1002288
-0.1553409
-0.1593061
-0.1397532
-0.1310396
-0.1425420
-0.1549845
-0.1491880
-0.1309352
-0.1230576
-0.1374403
-0.1616269
-0.1737181
-0.1657011
-0.1492287
-0.1410975
-0.1471722
-0.1606396
-0.1720668
-0.1779291
-0.1800663
-0.1800818
-0.1765515
-0.1676332
-0.1552499
-0.1457204
-0.1453830
-0.1546656
-0.1662086
-0.1697752
-0.1604822
-0.1431631
-0.1287977
-0.1261516
-0.1357013
-0.1501131
-0.1598115
-0.1590835
-0.1490114
-0.1360238
-0.1272372
-0.1256327
-0.1285700
-0.1308530
-0.1294707
-0.1252909
-0.1202537
-0.1140187
-0.1048369
-0.0937428
-0.0858679
-0.0854521
-0.0895562
-0.0887403
-0.0757572
-0.0536175
-0.0339769
-0.0266979
-0.0306895
-0.0348308
-0.0277776
-0.0073455
0.0184571
0.0383734
0.0460177
0.0430872
0.0368213
0.0347517
0.0401006
0.0499046
0.0568105
0.0539607
0.0401578
0.0213887
0.0068363
0.0019660
0.0044382
0.0068190
0.0038445
-0.0029627
-0.0082624
-0.0101780
-0.0133368
-0.0235300
-0.0396852
-0.0527659
-0.0540428
-0.0444678
-0.0346807
-0.0346528
-0.0433737
-0.0497423
-0.0443181
-0.0297965
-0.0189867
-0.0220939
-0.0363421
-0.0485215
-0.0477968
-0.0359254
-0.0249371
-0.0249423
-0.0343679
-0.0421429
-0.0391326
-0.0269829
-0.0157401
-0.0134210
-0.0185583
-0.0229165
-0.0208252
-0.0151364
-0.0137629
-0.0206696
-0.0310059
-0.0357503
-0.0310437
-0.0221108
-0.0173923
-0.0192752
-0.0217180
-0.0175396
-0.0073183
0.0002607
-0.0025090
-0.0137110
-0.0234919
-0.0245318
-0.0195708
-0.0174964
-0.0228001
-0.0308092
-0.0338788
-0.0306597
-0.0274140
-0.0302735
-0.0378870
-0.0428788
-0.0400454
-0.0318237
-0.0252680
-0.0244944
-0.0270197
-0.0273152
-0.0229490
-0.0167899
-0.0137111
-0.0157075
-0.0201643
-0.0226635
-0.0215883
-0.0199734
-0.0223589
-0.0295625
-0.0371410
-0.0396950
-0.0363828
-0.0313204
-0.0286080
-0.0281877
-0.0273362
-0.0251047
-0.0232823
-0.0226169
-0.0203000
-0.0137044
-0.0062387
-0.0061700
-0.0169808
-0.0299636
-0.0298438
-0.0097179
0.0205841
0.0427194
0.0467342
0.0395186
0.0373001
0.0514025
0.0817614
0.1222287
0.1687590
0.2205307
0.2744170
0.3214787
0.3507310
0.3559362
0.3381009
0.3025592
0.2555963
0.2037865
0.1537383
0.1095792
0.0706135
0.0336845
-0.0008453
-0.0270378
-0.0397484
-0.0427520
-0.0471094
-0.0591562
-0.0724790
-0.0760244
-0.0699008
-0.0674624
-0.0776863
-0.0893647
-0.0812486
-0.0514068
-0.0310507
-0.0608228
-0.1499705
-0.2604057
-0.3305242
-0.3100612
-0.1713350
0.0995148
0.4976351
0.9695355
1.3954338
1.6284702
1.5799930
1.2816508
0.8652185
0.4753649
0.1905854
0.0113377
-0.0952093
-0.1510792
-0.1625295
-0.1408564
-0.1119678
-0.1012534
-0.1140562
-0.1352665
-0.1468386
-0.1433991
-0.1327122
-0.1256276
-0.1274009
-0.1360069
-0.1453577
-0.1497345
-0.1472644
-0.1408299
-0.1354750
-0.1341410
-0.1359102
-0.1386472
-0.1424057
-0.1485633
-0.1556854
-0.1588927
-0.1555102
-0.1499779
-0.1499049
-0.1566216
-0.1624805
-0.1596478
-0.1498727
-0.1424771
-0.1426586
-0.1450180
-0.1408785
-0.1300998
-0.1217455
-0.1220562
-0.1252387
-0.1199656
-0.1042504
-0.0895087
-0.0876613
-0.0968646
-0.1034530
-0.0974464
-0.0829260
-0.0722075
-0.0723073
-0.0791157
-0.0833580
-0.0793182
-0.0672723
-0.0502630
-0.0315584
-0.0150702
-0.0049991
-0.0024429
-0.0030394
-0.0002271
0.0086880
0.0209295
0.0325643
0.0423395
0.0502900
0.0546089
0.0526347
0.0452349
0.0382595
0.0378534
0.0440549
0.0499112
0.0478527
0.0369954
0.0235069
0.0138383
0.0088635
0.0052416
0.0007798
-0.0037872
-0.0079067
-0.0133631
-0.0216326
-0.0299773
-0.0322051
-0.0247581
-0.0122192
-0.0054422
-0.0121950
-0.0289528
-0.0431913
-0.0448466
-0.0349738
-0.0228673
-0.0163590
-0.0164218
-0.0198135
-0.0239218
-0.0278073
-0.0300220
-0.0278662
-0.0204557
-0.0121997
-0.0106465
-0.0184084
-0.0281377
-0.0287297
-0.0173073
-0.0026116
0.0045751
0.0021793
-0.0032029
-0.0048195
-0.0021727
-0.0000705
-0.0030201
-0.0103530
-0.0165660
-0.0171098
-0.0132225
-0.0094350
-0.0075062
-0.0061046
-0.0057927
-0.0093840
-0.0160022
-0.0195020
-0.0154937
