-0.0613015
-0.0675671
-0.0635074
-0.0599178
-0.0607559
-0.0609188
-0.0596783
-0.0613319
-0.0639518
-0.0600242
-0.0484732
-0.0359650
-0.0259788
-0.0154937
-0.0032014
0.0068916
0.0115021
0.0117649
0.0098267
0.0061826
0.0005480
-0.0082647
-0.0225169
-0.0421544
-0.0627962
-0.0807015
-0.0978159
-0.1178419
-0.1389905
-0.1550119
-0.1627855
-0.1654734
-0.1685410
-0.1749339
-0.1832160
-0.1886923
-0.1878703
-0.1831868
-0.1808161
-0.1817955
-0.1781681
-0.1611978
-0.1320404
-0.1015056
-0.0797239
-0.0676561
-0.0582372
-0.0448299
-0.0287604
-0.0181065
-0.0179477
-0.0232544
-0.0246075
-0.0204788
-0.0194261
-0.0283320
-0.0419944
-0.0479065
-0.0406982
-0.0292053
-0.0275763
-0.0388942
-0.0489990
-0.0404696
-0.0155552
-0.0023229
-0.0313498
-0.1020694
-0.1720147
-0.1802520
-0.0835016
0.1243094
0.4174629
0.7538284
1.0820662
1.3396980
1.4588515
1.3924953
1.1480648
0.7967931
0.4425086
0.1699892
0.0103732
-0.0568535
-0.0758927
-0.0848179
-0.1009675
-0.1238301
-0.1465231
-0.1647091
-0.1781144
-0.1875833
-0.1926989
-0.1923525
-0.1876668
-0.1839347
-0.1870326
-0.1950740
-0.1949903
-0.1724155
-0.1277587
-0.0803093
-0.0530878
-0.0529018
-0.0660833
-0.0735880
-0.0691608
-0.0623079
-0.0646036
-0.0754969
-0.0835063
-0.0802677
-0.0696487
-0.0612103
-0.0577219
-0.0531522
-0.0424664
-0.0291980
-0.0210428
-0.0198248
-0.0187307
-0.0102049
0.0049880
0.0185834
0.0250559
0.0289762
0.0397943
0.0599683
0.0814550
0.0950306
0.1000945
0.1024364
0.1039176
0.0984233
0.0795434
0.0500141
0.0206447
-0.0007118
-0.0172622
-0.0383808
-0.0670415
-0.0948213
-0.1109842
-0.1146378
-0.1152632
-0.1219641
-0.1350763
-0.1483792
-0.1559133
-0.1543150
-0.1409612
-0.1144197
-0.0786768
-0.0449921
-0.0260775
-0.0261569
-0.0369202
-0.0448534
-0.0434364
-0.0378573
-0.0379967
-0.0480434
-0.0630524
-0.0735079
-0.0718218
-0.0567083
-0.0356018
-0.0245977
-0.0428165
-0.0997783
-0.1805711
-0.2394634
-0.2122121
-0.0469475
0.2622112
0.6616929
1.0563668
1.3480358
1.4713635
1.4105145
1.1955922
0.8879343
0.5620250
0.2858543
0.1009389
0.0095827
-0.0199487
-0.0298065
-0.0464878
-0.0719255
-0.0952266
-0.1097786
-0.1192100
-0.1305885
-0.1458304
-0.1607393
-0.1707281
-0.1755173
-0.1779043
-0.1794308
-0.1790448
-0.1760266
-0.1723646
-0.1707793
-0.1708219
-0.1679535
-0.1566371
-0.1344670
-0.1044268
-0.0740239
-0.0511619
-0.0386994
-0.0321275
-0.0234961
-0.0090612
0.0061831
0.0118352
0.0011128
-0.0222030
-0.0456356
-0.0575460
-0.0554860
-0.0456629
-0.0353285
-0.0267488
-0.0178053
-0.0060820
0.0089531
0.0266069
0.0458291
0.0648526
0.0807570
0.0904159
0.0924949
0.0884955
0.0812802
0.0722427
0.0603161
0.0440931
0.0243582
0.0037754
-0.0157615
-0.0347534
-0.0548669
-0.0762197
-0.0958057
-0.1088088
-0.1124589
-0.1093874
-0.1066683
-0.1103596
-0.1204104
-0.1309909
-0.1357945
-0.1330235
-0.1256691
-0.1175542
-0.1093928
-0.0987920
-0.0840692
-0.0675777
-0.0545559
-0.0485700
-0.0485229
-0.0501522
-0.0498342
-0.0466519
-0.0413174
-0.0338749
-0.0231125
-0.0088998
0.0047453
0.0101713
0.0016819
-0.0184791
-0.0405402
-0.0548414
-0.0596372
-0.0613960
-0.0674524
-0.0784755
-0.0882409
-0.0906949
-0.0866705
-0.0829763
-0.0851191
-0.0921212
-0.0990151
-0.1032117
-0.1068477
-0.1129331
-0.1206437
-0.1254630
-0.1238705
-0.1173251
-0.1112457
-0.1100250
-0.1133270
-0.1174705
-0.1199013
-0.1213282
-0.1233092
-0.1247826
-0.1220658
-0.1124839
-0.0977596
-0.0836845
-0.0761372
-0.0767593
-0.0820221
-0.0864775
-0.0871338
-0.0851145
-0.0837957
-0.0856461
-0.0901069
-0.0935672
-0.0917525
-0.0835464
-0.0730347
-0.0667088
-0.0672625
-0.0699863
-0.0664056
-0.0528201
-0.0356696
-0.0274808
-0.0358938
-0.0559547
-0.0738732
-0.0792413
-0.0737109
-0.0678043
-0.0700938
-0.0802007
-0.0915299
-0.0989247
-0.1025691
-0.1052459
-0.1077457
-0.1082944
-0.1058787
-0.1021176
-0.0988322
-0.0953980
-0.0908683
-0.0880714
-0.0916333
-0.0993232
-0.0983818
-0.0772339
-0.0447714
-0.0344758
-0.0804111
-0.1811125
-0.2850364
-0.3150367
-0.2132166
0.0301414
0.3799795
0.7757545
1.1434691
1.4011192
1.4767326
1.3432529
1.0441599
0.6794028
0.3540715
0.1276652
0.0008083
-0.0593528
-0.0854097
-0.0952515
-0.0975089
-0.0994222
-0.1064785
-0.1188452
-0.1325458
-0.1441075
-0.1524671
-0.1573336
-0.1585545
-0.1580051
-0.1600596
-0.1680622
-0.1804886
-0.1921078
-0.1994030
-0.2035940
-0.2070928
-0.2077727
-0.1991815
-0.1779667
-0.1500817
-0.1274546
-0.1176042
-0.1171933
-0.1162706
-0.1083060
-0.0956267
-0.0856498
-0.0828152
-0.0845299
-0.0845219
-0.0795059
-0.0722362
-0.0681693
-0.0695100
-0.0727194
-0.0718402
-0.0644585
-0.0547379
-0.0502975
-0.0550483
-0.0644539
-0.0684254
-0.0597935
-0.0400110
-0.0162734
0.0062552
0.0279503
0.0501758
0.0688694
0.0751320
0.0635288
0.0389901
0.0134995
-0.0050250
-0.0195702
-0.0385019
-0.0637472
-0.0864347
-0.0952642
-0.0882225
-0.0748194
-0.0670945
-0.0695609
-0.0779021
-0.0857763
-0.0911555
-0.0961362
-0.1024886
-0.1091355
-0.1137266
-0.1150550
-0.1133455
-0.1095007
-0.1052499
-0.1030842
-0.1041954
-0.1064651
-0.1063507
-0.1036385
-0.1027044
-0.1071171
-0.1136811
-0.1147210
-0.1076683
-0.0999011
-0.1002461
-0.1057333
-0.1021139
-0.0827537
-0.0654900
-0.0827179
-0.1474872
-0.2286199
-0.2632443
-0.1974465
-0.0173618
0.2534414
0.5761835
0.9077309
1.1924108
1.3594362
1.3492968
1.1562289
0.8458984
0.5239534
0.2769397
0.1326475
0.0661138
0.0355042
0.0126940
-0.0104707
-0.0324893
-0.0519357
-0.0692436
-0.0846968
-0.0978525
-0.1083115
-0.1156613
-0.1191000
-0.1185963
-0.1165614
-0.1168537
-0.1210820
-0.1266587
-0.1297163
-0.1296917
-0.1297233
-0.1321745
-0.1350831
-0.1345767
-0.1308478
-0.1301442
-0.1390250
-0.1563128
-0.1722788
-0.1777003
-0.1739762
-0.1726848
-0.1835133
-0.2024972
-0.2132075
-0.2005392
-0.1639372
-0.1176236
-0.0783302
-0.0526096
-0.0348118
-0.0154464
0.0097335
0.0380140
0.0644929
0.0868064
0.1056927
0.1226319
0.1376642
0.1488886
0.1536068
0.1504627
0.1410420
0.1290144
0.1168681
0.1033432
0.0848479
0.0600470
0.0326193
0.0083825
-0.0105800
-0.0277827
-0.0473048
-0.0678046
-0.0837352
-0.0931326
-0.1019720
-0.1180934
-0.1406901
-0.1581222
-0.1580147
-0.1393513
-0.1137306
-0.0949968
-0.0886095
-0.0906249
-0.0943600
-0.0958102
-0.0938983
-0.0894456
-0.0857915
-0.0874518
-0.0940059
-0.0960557
-0.0833763
-0.0620040
-0.0605662
-0.1102602
-0.2093915
-0.3050126
-0.3143747
-0.1739829
0.1212572
0.5164125
0.9263962
1.2690935
1.4821693
1.5277666
1.3987954
1.1278830
0.7853062
0.4560315
0.2051062
0.0538282
-0.0178586
-0.0475311
-0.0644826
-0.0788571
-0.0877655
-0.0877228
-0.0817244
-0.0773269
-0.0801461
-0.0894221
-0.0992120
-0.1037979
-0.1024993
-0.0997367
-0.1006087
-0.1064218
-0.1143012
-0.1206303
-0.1243900
-0.1271561
-0.1303812
-0.1333533
-0.1340904
-0.1318867
-0.1284079
-0.1262258
-0.1267822
-0.1299578
-0.1348763
-0.1402202
-0.1438212
-0.1428176
-0.1348604
-0.1193587
-0.0980258
-0.0750508
-0.0567785
-0.0495576
-0.0553694
-0.0681252
-0.0751146
-0.0645332
-0.0337601
0.0090126
0.0514818
0.0857814
0.1110043
0.1290167
0.1400131
0.1428868
0.1382929
0.1290404
0.1168775
0.1001972
0.0763087
0.0460319
0.0150691
-0.0099740
-0.0269108
-0.0389447
-0.0504499
-0.0625545
-0.0734615
-0.0825134
-0.0923308
-0.1057096
-0.1207096
-0.1305200
-0.1299084
-0.1218933
-0.1160947
-0.1184095
-0.1229744
-0.1181421
-0.1037766
-0.1011513
-0.1389661
-0.2218256
-0.3089432
-0.3266251
-0.2095721
0.0593604
0.4388041
0.8495194
1.2051899
1.4342985
1.4919427
1.3701621
1.1064744
0.7781459
0.4742982
0.2577237
0.1414081
0.0953475
0.0756437
0.0525096
0.0193650
-0.0164119
-0.0472700
-0.0716851
-0.0916715
-0.1083858
-0.1212863
-0.1302309
-0.1367240
-0.1426075
-0.1481410
-0.1522141
-0.1547141
-0.1580362
-0.1651894
-0.1760181
-0.1860880
-0.1903740
-0.1881365
-0.1833956
-0.1802840
-0.1786485
-0.1749746
-0.1672546
-0.1577158
-0.1501267
-0.1452380
-0.1402709
-0.1331615
-0.1259490
-0.1225231
-0.1232372
-0.1232943
-0.1173318
-0.1048556
-0.0901102
-0.0768257
-0.0641724
-0.0481728
-0.0261550
0.0009829
0.0302849
0.0589483
0.0842870
0.1024922
0.1093388
0.1032876
0.0876341
0.0687153
0.0514490
0.0363408
0.0203662
0.0004214
-0.0236228
-0.0482714
-0.0684933
-0.0813302
-0.0884502
-0.0951508
-0.1059668
-0.1204355
-0.1329625
-0.1370800
-0.1302219
-0.1148858
-0.0959427
-0.0774923
-0.0620439
-0.0512399
-0.0457638
-0.0443753
-0.0443358
-0.0439054
-0.0441923
-0.0477039
-0.0549963
-0.0634701
-0.0698503
-0.0733616
-0.0758301
-0.0787903
-0.0813257
-0.0814128
-0.0791858
-0.0780141
-0.0816275
-0.0901068
-0.0991163
-0.1035672
-0.1023942
-0.0998550
-0.1018176
-0.1101717
-0.1207107
-0.1269830
-0.1265037
-0.1225596
-0.1193936
-0.1167447
-0.1111952
-0.1029766
-0.0982491
-0.1012179
-0.1048360
-0.0948144
-0.0678819
-0.0452070
-0.0611876
-0.1321250
-0.2330408
-0.3053434
-0.2877554
-0.1429013
0.1353133
0.5223349
0.9573669
1.3411375
1.5612372
1.5464055
1.3122964
0.9555130
0.5951590
0.3093767
0.1156065
-0.0030157
-0.0643468
-0.0799649
-0.0675609
-0.0545550
-0.0624964
-0.0911518
-0.1229728
-0.1431151
-0.1520439
-0.1589190
-0.1676678
-0.1737325
-0.1730969
-0.1695994
-0.1708058
-0.1787771
-0.1881119
-0.1931589
-0.1944595
-0.1965360
-0.2009242
-0.2038263
-0.2008315
-0.1921045
-0.1817620
-0.1730606
-0.1657528
-0.1583199
-0.1513779
-0.1474234
-0.1470625
-0.1465545
-0.1403021
-0.1262492
-0.1085431
-0.0944086
-0.0881574
-0.0881235
-0.0891558
-0.0876168
-0.0836269
-0.0786928
-0.0721011
-0.0607274
-0.0427095
-0.0206086
-0.0000700
0.0147294
0.0238318
0.0297277
0.0335968
0.0339320
0.0286849
0.0181293
0.0053053
-0.0062483
-0.0151965
-0.0231559
-0.0329126
-0.0455749
-0.0590842
-0.0697175
-0.0757322
-0.0797506
-0.0867718
-0.0989159
-0.1123989
-0.1209486
-0.1227098
-0.1225797
-0.1262314
-0.1320896
-0.1311849
-0.1164910
-0.0919736
-0.0707811
-0.0635438
-0.0688090
-0.0755228
-0.0744563
-0.0662445
-0.0583727
-0.0560080
-0.0574136
-0.0579496
-0.0564168
-0.0558673
-0.0587109
-0.0628457
-0.0637257
-0.0598294
-0.0550134
-0.0549276
-0.0613445
-0.0704157
-0.0765009
-0.0774714
-0.0763452
-0.0782453
-0.0860758
-0.0987232
-0.1125501
-0.1240802
-0.1315300
-0.1346799
-0.1342941
-0.1321578
-0.1311714
-0.1340262
-0.1404475
-0.1454987
-0.1417197
-0.1246371
-0.0973312
-0.0695506
-0.0512936
-0.0459582
-0.0489234
-0.0525583
-0.0527246
-0.0508578
-0.0506405
-0.0536545
-0.0584948
-0.0632255
-0.0675128
-0.0720772
-0.0768819
-0.0808048
-0.0831288
-0.0845732
-0.0863105
-0.0883863
-0.0899091
-0.0907743
-0.0922346
-0.0952226
-0.0989697
-0.1024745
-0.1069626
-0.1150121
-0.1261950
-0.1349256
-0.1347813
-0.1251058
-0.1114726
-0.0990825
-0.0888239
-0.0837300
-0.0979515
-0.1506418
-0.2405664
-0.3231984
-0.3195353
-0.1603194
0.1655748
0.5965754
1.0265454
1.3508042
1.4999962
1.4526909
1.2351815
0.9139352
0.5761885
0.2983453
0.1175257
0.0260978
-0.0084068
-0.0171886
-0.0184222
-0.0214096
-0.0325941
-0.0539397
-0.0791300
-0.0973271
-0.1033575
-0.1030505
-0.1069141
-0.1187634
-0.1317087
-0.1355206
-0.1271151
-0.1134180
-0.1046588
-0.1056446
-0.1131910
-0.1207201
-0.1244689
-0.1256184
-0.1274989
-0.1315179
-0.1359492
-0.1384669
-0.1394436
-0.1421232
-0.1489151
-0.1573844
-0.1605193
-0.1520362
-0.1323261
-0.1093678
-0.0931424
-0.0880262
-0.0897280
-0.0894302
-0.0814259
-0.0675867
-0.0550382
-0.0494246
-0.0496766
-0.0485664
-0.0383947
-0.0170422
0.0105258
0.0363569
0.0555130
0.0687191
0.0796127
0.0896785
0.0960860
0.0945960
0.0844289
0.0698606
0.0566920
0.0472021
0.0388731
0.0280681
0.0144413
0.0012594
-0.0083487
-0.0146070
-0.0200941
-0.0260091
-0.0304088
-0.0307096
-0.0276117
-0.0257543
-0.0300161
-0.0412509
-0.0558231
-0.0691204
-0.0793240
-0.0882622
-0.0995524
-0.1159472
-0.1368098
-0.1561199
-0.1630604
-0.1477860
-0.1108580
-0.0687473
-0.0474854
-0.0653196
-0.1160495
-0.1662773
-0.1693028
-0.0857293
0.1017767
0.3837657
0.7249696
1.0672339
1.3376448
1.4673333
1.4184808
1.2056973
0.8955142
0.5793506
0.3333206
0.1883402
0.1274262
0.1084082
0.0938868
0.0685111
0.0364775
0.0077369
-0.0130543
-0.0277825
-0.0399457
-0.0510956
-0.0615885
-0.0725378
-0.0853353
-0.0993213
-0.1110482
-0.1166985
-0.1154088
-0.1101731
-0.1055543
-0.1044672
-0.1067866
-0.1105202
-0.1140592
-0.1174451
-0.1217236
-0.1271308
-0.1318615
-0.1327990
-0.1279346
-0.1184409
-0.1082747
-0.1013630
-0.0989068
-0.0992672
-0.1000684
-0.0998062
-0.0972853
-0.0903778
-0.0767662
-0.0567300
-0.0347512
-0.0171122
-0.0068746
-0.0009900
0.0073236
0.0229399
0.0450395
0.0681693
0.0864364
0.0969237
0.1002547
0.0991423
0.0965967
0.0944812
0.0924723
0.0879328
0.0774014
0.0592989
0.0359805
0.0132297
-0.0028597
-0.0094867
-0.0086020
-0.0052512
-0.0042301
-0.0076290
-0.0148564
-0.0244892
-0.0358072
-0.0485401
-0.0615747
-0.0727002
-0.0802187
-0.0847257
-0.0887187
-0.0940792
-0.1001938
-0.1050336
-0.1080682
-0.1114599
-0.1177036
-0.1260839
-0.1321470
-0.1314102
-0.1237895
-0.1140498
-0.1075394
-0.1053863
-0.1038932
-0.0984988
-0.0881406
-0.0758139
-0.0652555
-0.0574147
-0.0500919
-0.0406515
-0.0288833
-0.0174474
-0.0099000
-0.0082465
-0.0118612
-0.0182541
-0.0249655
-0.0312664
-0.0383249
-0.0474223
-0.0576350
-0.0655600
-0.0681848
-0.0664846
-0.0655340
-0.0698584
-0.0782663
-0.0842522
-0.0828680
-0.0773812
-0.0778344
-0.0915720
-0.1150516
-0.1360903
-0.1450897
-0.1438642
-0.1427441
-0.1489917
-0.1588463
-0.1615182
-0.1506496
-0.1311527
-0.1147289
-0.1092305
-0.1126063
-0.1165712
-0.1153549
-0.1108470
-0.1098520
-0.1166500
-0.1279497
-0.1350478
-0.1316514
-0.1202709
-0.1104946
-0.1098504
-0.1160889
-0.1193333
-0.1121819
-0.0965048
-0.0794926
-0.0654323
-0.0560284
-0.0601596
-0.0969799
-0.1782211
-0.2799335
-0.3340435
-0.2586115
-0.0097174
0.3850830
0.8365637
1.2349431
1.4904940
1.5543920
1.4236554
1.1398187
0.7798523
0.4326813
0.1667018
0.0073581
-0.0608457
-0.0733648
-0.0640889
-0.0554176
-0.0577121
-0.0709661
-0.0874512
-0.0980318
-0.1000508
