-0.1373083
-0.1229054
-0.1100915
-0.0988654
-0.0880344
-0.0769099
-0.0635354
-0.0464514
-0.0285499
-0.0158701
-0.0116603
-0.0134720
-0.0163864
-0.0174139
-0.0166368
-0.0160627
-0.0183858
-0.0258941
-0.0394603
-0.0580151
-0.0783915
-0.0959281
-0.1071036
-0.1129538
-0.1187152
-0.1283440
-0.1399938
-0.1485575
-0.1520418
-0.1530351
-0.1533926
-0.1499066
-0.1376506
-0.1174457
-0.0978624
-0.0879939
-0.0883281
-0.0903063
-0.0856323
-0.0746401
-0.0640970
-0.0582176
-0.0546197
-0.0487906
-0.0391144
-0.0267492
-0.0152165
-0.0141344
-0.0391688
-0.0975768
-0.1665897
-0.1894449
-0.1036143
0.1171528
0.4437529
0.8111791
1.1527759
1.4147097
1.5477035
1.5068614
1.2799886
0.9201070
0.5372390
0.2405363
0.0760338
0.0138259
-0.0096003
-0.0387711
-0.0813427
-0.1266110
-0.1678206
-0.2042748
-0.2313378
-0.2396650
-0.2270421
-0.2055872
-0.1922328
-0.1928578
-0.1990465
-0.2003999
-0.1965907
-0.1954245
-0.2013267
-0.2093370
-0.2112294
-0.2050859
-0.1963071
-0.1895548
-0.1825577
-0.1699577
-0.1522238
-0.1379269
-0.1358471
-0.1459232
-0.1593556
-0.1673444
-0.1686063
-0.1682593
-0.1706613
-0.1746627
-0.1758806
-0.1722953
-0.1661923
-0.1605925
-0.1552958
-0.1477497
-0.1372201
-0.1262307
-0.1169833
-0.1074663
-0.0929598
-0.0721684
-0.0509726
-0.0383558
-0.0373822
-0.0404786
-0.0351070
-0.0153462
0.0119661
0.0328107
0.0375982
0.0274713
0.0104559
-0.0068234
-0.0231194
-0.0398344
-0.0565997
-0.0706693
-0.0799536
-0.0850985
-0.0879991
-0.0892964
-0.0885435
-0.0864327
-0.0852657
-0.0865451
-0.0890086
-0.0897909
-0.0868405
-0.0794936
-0.0679598
-0.0546189
-0.0459561
-0.0497526
-0.0665158
-0.0841153
-0.0858939
-0.0681946
-0.0478298
-0.0460310
-0.0626317
-0.0717615
-0.0509802
-0.0152335
-0.0132867
-0.0806350
-0.1931245
-0.2712419
-0.2351509
-0.0585315
0.2267714
0.5684343
0.9243277
1.2544716
1.4967943
1.5734619
1.4387459
1.1255839
0.7399355
0.4004443
0.1729946
0.0514035
-0.0103985
-0.0525348
-0.0884000
-0.1146983
-0.1299979
-0.1407348
-0.1540028
-0.1701964
-0.1842701
-0.1924289
-0.1962177
-0.2006693
-0.2094551
-0.2216616
-0.2324594
-0.2368046
-0.2333301
-0.2254760
-0.2188371
-0.2166172
-0.2168410
-0.2139689
-0.2040572
-0.1890838
-0.1759873
-0.1705322
-0.1716002
-0.1719270
-0.1652247
-0.1528449
-0.1429701
-0.1425186
-0.1495192
-0.1537979
-0.1458136
-0.1252013
-0.1007395
-0.0821406
-0.0720363
-0.0654344
-0.0557641
-0.0407339
-0.0230119
-0.0065796
0.0070330
0.0195888
0.0340000
0.0511474
0.0680606
0.0790857
0.0797344
0.0704383
0.0565936
0.0440839
0.0342157
0.0233553
0.0077226
-0.0122737
-0.0331963
-0.0530676
-0.0725989
-0.0913924
-0.1051062
-0.1089922
-0.1040762
-0.0971269
-0.0929375
-0.0886854
-0.0791474
-0.0670482
-0.0632789
-0.0727781
-0.0827471
-0.0725668
-0.0401138
-0.0142333
-0.0317653
-0.0959754
-0.1587103
-0.1485078
-0.0203450
0.2188196
0.5268506
0.8588374
1.1774212
1.4370747
1.5748782
1.5351264
1.3134422
0.9765637
0.6317633
0.3668152
0.2082008
0.1262500
0.0737798
0.0215252
-0.0336214
-0.0824549
-0.1187980
-0.1434242
-0.1596770
-0.1700844
-0.1772192
-0.1849700
-0.1968800
-0.2133066
-0.2310485
-0.2458767
-0.2550107
-0.2572706
-0.2519942
-0.2393096
-0.2220844
-0.2066867
-0.1999262
-0.2037200
-0.2125986
-0.2174008
-0.2124696
-0.1996971
-0.1855155
-0.1739648
-0.1630497
-0.1482583
-0.1294344
-0.1131956
-0.1075287
-0.1137975
-0.1246976
-0.1305492
-0.1273794
-0.1185705
-0.1091899
-0.0999048
-0.0870148
-0.0676939
-0.0438561
-0.0203392
-0.0001042
0.0175372
0.0337282
0.0462223
0.0500070
0.0420777
0.0250994
0.0059447
-0.0093854
-0.0195410
-0.0272360
-0.0356201
-0.0453399
-0.0547108
-0.0622255
-0.0686013
-0.0763115
-0.0870706
-0.0996834
-0.1103974
-0.1157218
-0.1153467
-0.1123417
-0.1100830
-0.1087082
-0.1049038
-0.0957771
-0.0831304
-0.0734559
-0.0729097
-0.0816208
-0.0927760
-0.0977332
-0.0928352
-0.0819435
-0.0726607
-0.0700058
-0.0732441
-0.0779710
-0.0804774
-0.0800977
-0.0782586
-0.0763811
-0.0751152
-0.0750542
-0.0771875
-0.0819614
-0.0879674
-0.0922525
-0.0926506
-0.0900378
-0.0879857
-0.0896900
-0.0948489
-0.0994642
-0.0990194
-0.0924260
-0.0832467
-0.0769284
-0.0763929
-0.0800015
-0.0836994
-0.0850375
-0.0850078
-0.0861315
-0.0892359
-0.0925186
-0.0936882
-0.0924638
-0.0904963
-0.0890774
-0.0878198
-0.0861417
-0.0853549
-0.0878493
-0.0936447
-0.0988049
-0.0987061
-0.0928535
-0.0849417
-0.0773005
-0.0670909
-0.0515903
-0.0390652
-0.0514899
-0.1096353
-0.2087764
-0.3064492
-0.3363606
-0.2403673
0.0038712
0.3743701
0.8117821
1.2309339
1.5354757
1.6430087
1.5194894
1.2031586
0.7944117
0.4102576
0.1314514
-0.0229821
-0.0826306
-0.0926651
-0.0879563
-0.0858364
-0.0907238
-0.1001986
-0.1094599
-0.1155390
-0.1199987
-0.1269642
-0.1376886
-0.1479211
-0.1519861
-0.1493747
-0.1459548
-0.1479156
-0.1552662
-0.1623654
-0.1646945
-0.1639517
-0.1658754
-0.1736960
-0.1846643
-0.1930851
-0.1960539
-0.1957056
-0.1961218
-0.1988480
-0.2020810
-0.2041563
-0.2069084
-0.2143319
-0.2271445
-0.2389708
-0.2392399
-0.2215161
-0.1899442
-0.1571878
-0.1347987
-0.1244316
-0.1180022
-0.1064401
-0.0883150
-0.0699981
-0.0578189
-0.0507032
-0.0408036
-0.0211386
0.0076742
0.0380125
0.0618708
0.0765504
0.0843886
0.0882403
0.0884134
0.0840889
0.0766023
0.0699140
0.0671412
0.0668597
0.0636066
0.0528095
0.0355442
0.0181491
0.0066286
0.0012588
-0.0030470
-0.0109396
-0.0215929
-0.0298320
-0.0319883
-0.0297874
-0.0280569
-0.0294151
-0.0325239
-0.0356527
-0.0401953
-0.0487686
-0.0601699
-0.0687824
-0.0709385
-0.0708028
-0.0769641
-0.0918033
-0.1060832
-0.1069318
-0.0917556
-0.0722152
-0.0626836
-0.0655888
-0.0702515
-0.0663634
-0.0560789
-0.0505505
-0.0556009
-0.0641884
-0.0646488
-0.0543724
-0.0425039
-0.0392581
-0.0453565
-0.0533705
-0.0570920
-0.0563018
-0.0527913
-0.0460983
-0.0362830
-0.0283932
-0.0284972
-0.0333540
-0.0288428
-0.0053460
0.0240099
0.0259307
-0.0252370
-0.1185864
-0.2047828
-0.2228267
-0.1302457
0.0853574
0.4096378
0.8018796
1.1895568
1.4760107
1.5756304
1.4600996
1.1781822
0.8286501
0.5063033
0.2623787
0.1023180
0.0086015
-0.0387607
-0.0569431
-0.0622572
-0.0681688
-0.0802250
-0.0960991
-0.1122875
-0.1294421
-0.1499561
-0.1719512
-0.1886987
-0.1951736
-0.1936877
-0.1911772
-0.1908800
-0.1881101
-0.1752793
-0.1509036
-0.1229701
-0.1030263
-0.0967223
-0.0996818
-0.1021065
-0.0974071
-0.0870220
-0.0776802
-0.0744247
-0.0762730
-0.0783987
-0.0780629
-0.0776626
-0.0813449
-0.0888490
-0.0938293
-0.0893722
-0.0752270
-0.0587052
-0.0476984
-0.0429378
-0.0377176
-0.0253946
-0.0066620
0.0110233
0.0209478
0.0234248
0.0245447
0.0295342
0.0382459
0.0469503
0.0531175
0.0571954
0.0600303
0.0602010
0.0552053
0.0450197
0.0331947
0.0236115
0.0165355
0.0086562
-0.0029629
-0.0177177
-0.0325309
-0.0452851
-0.0562058
-0.0659408
-0.0734384
-0.0766392
-0.0750346
-0.0707838
-0.0671045
-0.0659299
-0.0671196
-0.0691318
-0.0697430
-0.0666496
-0.0589017
-0.0486499
-0.0406495
-0.0383676
-0.0399199
-0.0387972
-0.0298839
-0.0150270
-0.0021174
0.0015881
-0.0049347
-0.0170968
-0.0295032
-0.0390518
-0.0440164
-0.0424694
-0.0336242
-0.0205728
-0.0098043
-0.0064501
-0.0099819
-0.0153414
-0.0184338
-0.0199507
-0.0236632
-0.0317192
-0.0423425
-0.0518636
-0.0580920
-0.0613528
-0.0628732
-0.0629997
-0.0611449
-0.0570057
-0.0514668
-0.0463515
-0.0433564
-0.0430169
-0.0445238
-0.0467465
-0.0496908
-0.0546403
-0.0621650
-0.0699187
-0.0734219
-0.0701833
-0.0630876
-0.0586971
-0.0614183
-0.0694966
-0.0771262
-0.0801542
-0.0790512
-0.0766527
-0.0746271
-0.0733945
-0.0745449
-0.0806987
-0.0913466
-0.0999962
-0.0981955
-0.0839062
-0.0650162
-0.0528284
-0.0515110
-0.0546844
-0.0528859
-0.0438078
-0.0344364
-0.0334468
-0.0426463
-0.0563237
-0.0678799
-0.0755136
-0.0812347
-0.0859811
-0.0876226
-0.0840805
-0.0770667
-0.0713324
-0.0700194
-0.0714771
-0.0711611
-0.0663637
-0.0584991
-0.0507781
-0.0444660
-0.0382599
-0.0312306
-0.0252817
-0.0236207
-0.0267685
-0.0310929
-0.0323215
-0.0305215
-0.0305969
-0.0369198
-0.0477061
-0.0560059
-0.0572276
-0.0551025
-0.0585935
-0.0720797
-0.0895747
-0.1002644
-0.1000098
-0.0959162
-0.0982519
-0.1085519
-0.1177152
-0.1166359
-0.1070242
-0.0994471
-0.1007131
-0.1057745
-0.1041883
-0.0935120
-0.0831903
-0.0836728
-0.0934686
-0.0997456
-0.0920899
-0.0733365
-0.0549523
-0.0431687
-0.0334415
-0.0208989
-0.0144770
-0.0358513
-0.0993883
-0.1898903
-0.2588766
-0.2442028
-0.0994306
0.1842921
0.5711582
0.9866902
1.3349439
1.5269592
1.5144134
1.3118058
0.9902483
0.6431313
0.3453248
0.1317103
0.0026246
-0.0582299
-0.0718725
-0.0619425
-0.0526656
-0.0602907
-0.0846451
-0.1119196
-0.1286695
-0.1338919
-0.1374326
-0.1477764
-0.1632450
-0.1754845
-0.1797717
-0.1799447
-0.1832473
-0.1920340
-0.2017443
-0.2064874
-0.2052780
-0.2022793
-0.2015871
-0.2026411
-0.2009699
-0.1931478
-0.1807890
-0.1696267
-0.1644848
-0.1647585
-0.1646172
-0.1579435
-0.1436452
-0.1264916
-0.1127917
-0.1051910
-0.1014755
-0.0977799
-0.0919941
-0.0837525
-0.0722601
-0.0560748
-0.0359708
-0.0169382
-0.0052335
-0.0023000
-0.0023000
0.0029463
0.0162006
0.0327338
0.0463982
0.0567993
0.0690208
0.0862056
0.1041016
0.1145806
0.1143501
0.1085521
0.1047604
0.1042400
0.1006629
0.0877738
0.0670876
0.0468152
0.0334797
0.0258753
0.0178097
0.0057472
-0.0077221
-0.0181554
-0.0256046
-0.0351468
-0.0506880
-0.0691226
-0.0819471
-0.0833692
-0.0765189
-0.0707424
-0.0721437
-0.0770510
-0.0756245
-0.0623461
-0.0424883
-0.0274175
-0.0233521
-0.0254456
-0.0235499
-0.0133849
-0.0010135
0.0039137
-0.0017158
-0.0119979
-0.0189649
-0.0203251
-0.0196744
-0.0205064
-0.0221233
-0.0218536
-0.0195423
-0.0179791
-0.0190004
-0.0209052
-0.0208416
-0.0189127
-0.0182902
-0.0209588
-0.0247600
-0.0260047
-0.0246478
-0.0252972
-0.0322683
-0.0444940
-0.0566502
-0.0653117
-0.0725158
-0.0820295
-0.0927422
-0.0978254
-0.0918907
-0.0784715
-0.0686527
-0.0710987
-0.0836261
-0.0953690
-0.0973675
-0.0905189
-0.0830415
-0.0810874
-0.0830566
-0.0831987
-0.0793523
-0.0754476
-0.0761524
-0.0805838
-0.0830451
-0.0800711
-0.0750940
-0.0746110
-0.0801160
-0.0856890
-0.0846305
-0.0773335
-0.0706507
-0.0694406
-0.0709744
-0.0692463
-0.0629822
-0.0559269
-0.0490642
-0.0376435
-0.0215091
-0.0175270
-0.0532350
-0.1383050
-0.2384682
-0.2813773
-0.1958716
0.0455151
0.4117351
0.8286126
1.2040258
1.4485321
1.4961950
1.3312443
1.0062105
0.6270890
0.3032035
0.0942641
-0.0057647
-0.0405341
-0.0497692
-0.0500866
-0.0445037
-0.0385320
-0.0420598
-0.0590995
-0.0820940
-0.0992591
-0.1063378
-0.1094753
-0.1170769
-0.1305717
-0.1437506
-0.1501213
-0.1497164
-0.1485357
-0.1519004
-0.1588042
-0.1628472
-0.1587024
-0.1477581
-0.1374705
-0.1351011
-0.1419072
-0.1531153
-0.1629355
-0.1689299
-0.1715556
-0.1707702
-0.1649835
-0.1541394
-0.1425360
-0.1361982
-0.1361457
-0.1352434
-0.1239203
-0.1002047
-0.0732463
-0.0551181
-0.0482744
-0.0417600
-0.0209277
0.0186241
0.0667345
0.1078327
0.1338168
0.1482400
0.1595444
0.1720455
0.1836212
0.1901689
0.1900566
0.1839803
0.1723913
0.1551139
0.1336835
0.1124461
0.0956533
0.0831337
0.0697438
0.0500889
0.0240082
-0.0029652
-0.0247729
-0.0401546
-0.0524875
-0.0646341
-0.0750419
-0.0800818
-0.0803017
-0.0829470
-0.0963760
-0.1211006
-0.1471473
-0.1618340
-0.1610318
-0.1524919
-0.1475602
-0.1498888
-0.1531848
-0.1502664
-0.1429994
-0.1412853
-0.1514432
-0.1669228
-0.1727197
-0.1599021
-0.1347493
-0.1122323
-0.1008730
-0.0957581
-0.0869162
-0.0722503
-0.0593170
-0.0546654
-0.0553074
-0.0537389
-0.0493551
-0.0496811
-0.0584543
-0.0670809
-0.0637524
-0.0504435
-0.0436993
-0.0534873
-0.0654484
-0.0537253
-0.0155523
0.0130525
-0.0142799
-0.1060327
-0.2143971
-0.2652711
-0.2041545
-0.0152772
0.2891148
0.6769857
1.0847396
1.4105889
1.5471767
1.4441676
1.1472035
0.7721748
0.4338178
0.1889210
0.0334996
-0.0615300
-0.1192647
-0.1523409
-0.1722097
-0.1914254
-0.2168039
-0.2456165
-0.2705129
-0.2859830
-0.2890797
-0.2772919
-0.2502501
-0.2142900
-0.1821516
-0.1648902
-0.1632904
-0.1679534
-0.1681125
-0.1602618
-0.1489033
-0.1404438
-0.1372370
-0.1367939
-0.1352841
-0.1310638
-0.1251184
-0.1186565
-0.1106648
-0.0983072
-0.0803721
-0.0604203
-0.0455308
-0.0405064
-0.0427742
-0.0437885
-0.0366083
-0.0224523
-0.0093329
-0.0038620
-0.0046105
-0.0038421
0.0044791
0.0190299
0.0335183
0.0439376
0.0525402
0.0644339
0.0808321
0.0963112
0.1029058
0.0968437
0.0814103
0.0635116
0.0474197
0.0314182
0.0101682
-0.0194307
-0.0540410
-0.0850679
-0.1043471
-0.1095780
-0.1050403
-0.0974874
-0.0913332
-0.0871802
-0.0838107
-0.0805955
-0.0780263
-0.0768426
-0.0771409
-0.0776976
-0.0755228
-0.0670227
-0.0516299
-0.0349044
-0.0260199
-0.0296947
-0.0407643
-0.0491674
-0.0512046
-0.0532139
-0.0612870
-0.0692902
-0.0631324
-0.0403718
-0.0217216
-0.0355868
-0.0878282
-0.1494963
-0.1767846
-0.1398886
-0.0283169
0.1665222
0.4569384
0.8311236
1.2185388
1.4982524
1.5622877
1.3858356
1.0427104
0.6548447
0.3233435
0.0942136
-0.0325696
-0.0801242
-0.0817715
-0.0740652
-0.0835481
-0.1129727
-0.1442913
-0.1598682
-0.1603517
-0.1599770
-0.1668816
-0.1734553
-0.1678067
-0.1504762
-0.1348028
-0.1309565
-0.1341675
-0.1316581
-0.1191038
-0.1062427
-0.1053936
-0.1173616
-0.1312567
-0.1372376
-0.1364839
-0.1376606
-0.1458268
-0.1574032
-0.1657418
-0.1688771
-0.1699791
-0.1714577
-0.1713850
-0.1667264
-0.1583774
-0.1508505
-0.1469083
-0.1442373
-0.1384708
-0.1284264
-0.1165778
-0.1042426
-0.0881543
-0.0634434
-0.0296431
0.0078292
0.0426252
0.0726052
0.0988859
0.1206764
0.1334028
0.1332277
0.1223626
0.1080431
0.0959004
0.0855564
0.0733754
0.0582344
0.0427959
0.0292831
0.0162111
0.0008833
-0.0158452
-0.0294607
-0.0370088
-0.0409432
-0.0466335
-0.0568794
-0.0700498
-0.0825373
-0.0905777
-0.0901520
-0.0804817
-0.0729548
-0.0940827
-0.1677827
-0.2819429
-0.3698018
-0.3350093
-0.1122929
0.2820414
0.7517771
1.1716000
1.4439304
1.5238566
1.4131677
1.1494600
