1.3819226
1.5652928
1.5354207
1.3272865
1.0209507
0.6955106
0.4025609
0.1697501
0.0135512
-0.0612439
-0.0718524
-0.0559348
-0.0495702
-0.0636437
-0.0833903
-0.0911786
-0.0868842
-0.0845877
-0.0930334
-0.1052112
-0.1088669
-0.1030728
-0.0994740
-0.1072039
-0.1210444
-0.1276616
-0.1217468
-0.1119585
-0.1099277
-0.1165924
-0.1225462
-0.1209152
-0.1159547
-0.1168187
-0.1250135
-0.1317214
-0.1284312
-0.1176257
-0.1103586
-0.1137306
-0.1232904
-0.1289134
-0.1264446
-0.1213128
-0.1209287
-0.1260318
-0.1311284
-0.1320664
-0.1304577
-0.1299187
-0.1301767
-0.1274490
-0.1205981
-0.1144436
-0.1149948
-0.1219385
-0.1278450
-0.1257336
-0.1164663
-0.1074608
-0.1044075
-0.1056552
-0.1052981
-0.1005688
-0.0945372
-0.0914205
-0.0908584
-0.0883460
-0.0810717
-0.0716989
-0.0652853
-0.0630905
-0.0609224
-0.0541807
-0.0435635
-0.0344529
-0.0305024
-0.0289811
-0.0235505
-0.0114540
0.0031906
0.0138694
0.0187427
0.0220964
0.0286001
0.0373203
0.0427346
0.0416097
0.0374634
0.0369980
0.0423746
0.0483125
0.0475997
0.0388990
0.0280650
0.0216644
0.0202211
0.0186539
0.0127978
0.0040976
-0.0026742
-0.0053072
-0.0063820
-0.0095507
-0.0149133
-0.0192601
-0.0206032
-0.0210696
-0.0243837
-0.0309644
-0.0367112
-0.0371958
-0.0325660
-0.0276511
-0.0272996
-0.0321568
-0.0390185
-0.0444102
-0.0469516
-0.0466189
-0.0433053
-0.0374015
-0.0313890
-0.0291362
-0.0323421
-0.0380456
-0.0409774
-0.0389842
-0.0354246
-0.0353029
-0.0392570
-0.0424867
-0.0401819
-0.0332371
-0.0274354
-0.0269008
-0.0294883
-0.0296201
-0.0252865
-0.0209069
-0.0224744
-0.0304068
-0.0383091
-0.0392580
-0.0328640
-0.0255940
-0.0242140
-0.0293664
-0.0356912
-0.0377349
-0.0351313
-0.0319746
-0.0318015
-0.0339674
-0.0350786
-0.0333218
-0.0305695
-0.0300394
-0.0324644
-0.0352608
-0.0355328
-0.0333066
-0.0312794
-0.0315503
-0.0332648
-0.0338332
-0.0320723
-0.0295087
-0.0285411
-0.0299156
-0.0324117
-0.0345846
-0.0360226
-0.0367615
-0.0362797
-0.0339643
-0.0305472
-0.0282123
-0.0285684
-0.0307102
-0.0320261
-0.0312454
-0.0301668
-0.0316497
-0.0358661
-0.0392803
-0.0380292
-0.0322121
-0.0261237
-0.0237913
-0.0246633
-0.0245446
-0.0210854
-0.0175371
-0.0197994
-0.0292820
-0.0396226
-0.0419213
-0.0337390
-0.0221268
-0.0168147
-0.0205848
-0.0273826
-0.0301753
-0.0292509
-0.0309316
-0.0380941
-0.0443317
-0.0400420
-0.0243837
-0.0087959
-0.0064516
-0.0184690
-0.0325070
-0.0359229
-0.0290111
-0.0235074
-0.0283488
-0.0392193
-0.0437683
-0.0360783
-0.0234624
-0.0180322
-0.0232658
-0.0310670
-0.0319519
-0.0258262
-0.0210284
-0.0236966
-0.0304562
-0.0325717
-0.0259356
-0.0151920
-0.0081714
-0.0081361
-0.0125723
-0.0180885
-0.0236767
-0.0281486
-0.0266542
-0.0133218
0.0111701
0.0364473
0.0498685
0.0485868
0.0435214
0.0500209
0.0741620
0.1084531
0.1404868
0.1643322
0.1826501
0.1990552
0.2111498
0.2124604
0.1999159
0.1770932
0.1495782
0.1190502
0.0840248
0.0461225
0.0129755
-0.0074114
-0.0150354
-0.0186380
-0.0267857
-0.0390665
-0.0478301
-0.0485953
-0.0464372
-0.0500905
-0.0606518
-0.0690900
-0.0662911
-0.0534318
-0.0396334
-0.0304908
-0.0241871
-0.0226271
-0.0426949
-0.1064971
-0.2117543
-0.3108127
-0.3251835
-0.1898798
0.1070230
0.5179672
0.9590526
1.3385929
1.5766114
1.6207235
1.4647756
1.1593031
0.7957416
0.4655602
0.2213611
0.0677881
-0.0173719
-0.0571117
-0.0663549
-0.0584650
-0.0498561
-0.0537185
-0.0711155
-0.0916321
-0.1038196
-0.1045455
-0.0989218
-0.0935453
-0.0914773
-0.0928063
-0.0974063
-0.1053448
-0.1149689
-0.1222100
-0.1230935
-0.1173957
-0.1096697
-0.1060936
-0.1094997
-0.1169605
-0.1224189
-0.1222276
-0.1183072
-0.1156834
-0.1170564
-0.1204692
-0.1226231
-0.1235106
-0.1261938
-0.1316925
-0.1358488
-0.1334603
-0.1257041
-0.1212110
-0.1274790
-0.1413624
-0.1503361
-0.1448694
-0.1289382
-0.1166295
-0.1179638
-0.1292773
-0.1383853
-0.1380859
-0.1326154
-0.1305377
-0.1334481
-0.1341708
-0.1262255
-0.1127533
-0.1039224
-0.1057314
-0.1133310
-0.1165212
-0.1108269
-0.1014676
-0.0963299
-0.0967870
-0.0969243
-0.0911657
-0.0806028
-0.0708296
-0.0648977
-0.0604747
-0.0541224
-0.0462977
-0.0402624
-0.0366371
-0.0313346
-0.0201765
-0.0045871
0.0089647
0.0154562
0.0161741
0.0165164
0.0197706
0.0241513
0.0257658
0.0231589
0.0182344
0.0136119
0.0103725
0.0082858
0.0068234
0.0050972
0.0016380
-0.0043851
-0.0115951
-0.0171601
-0.0198335
-0.0216319
-0.0254953
-0.0313861
-0.0358924
-0.0364347
-0.0351010
-0.0369089
-0.0439251
-0.0521947
-0.0555566
-0.0521832
-0.0462203
-0.0427506
-0.0423831
-0.0420247
-0.0404163
-0.0407757
-0.0464337
-0.0546853
-0.0575045
-0.0500964
-0.0379481
-0.0330268
-0.0416270
-0.0569055
-0.0651919
-0.0599950
-0.0484587
-0.0430810
-0.0480435
-0.0554348
-0.0550657
-0.0460660
-0.0371090
-0.0359892
-0.0414511
-0.0463577
-0.0470468
-0.0468864
-0.0503725
-0.0562046
-0.0583765
-0.0535766
-0.0453898
-0.0404002
-0.0415151
-0.0464848
-0.0521730
-0.0579959
-0.0641853
-0.0683736
-0.0665118
-0.0579069
-0.0477628
-0.0430008
-0.0455829
-0.0510539
-0.0538507
-0.0529073
-0.0512798
-0.0512658
-0.0516629
-0.0502045
-0.0471719
-0.0450845
-0.0452084
-0.0461102
-0.0463787
-0.0473629
-0.0513715
-0.0573023
-0.0601162
-0.0560955
-0.0477925
-0.0419773
-0.0423742
-0.0458541
-0.0467850
-0.0440983
-0.0422169
-0.0448192
-0.0496051
-0.0509717
-0.0472845
-0.0433357
-0.0446102
-0.0505076
-0.0550887
-0.0543070
-0.0504881
-0.0486332
-0.0497993
-0.0503333
-0.0476247
-0.0442157
-0.0443741
-0.0476823
-0.0487909
-0.0445544
-0.0393334
-0.0405551
-0.0490678
-0.0565567
-0.0543837
-0.0437963
-0.0349910
-0.0358419
-0.0437353
-0.0498952
-0.0500684
-0.0481584
-0.0492083
-0.0518732
-0.0504761
-0.0435164
-0.0368477
-0.0369693
-0.0431109
-0.0483566
-0.0480796
-0.0446267
-0.0427292
-0.0425584
-0.0398976
-0.0327408
-0.0250013
-0.0222983
-0.0254989
-0.0302109
-0.0320123
-0.0299053
-0.0240611
-0.0126900
0.0059193
0.0283491
0.0460064
0.0525745
0.0512234
0.0527354
0.0659262
0.0906101
0.1198747
0.1474787
0.1714457
0.1911972
0.2037376
0.2043791
0.1907507
0.1648909
0.1314920
0.0952848
0.0603621
0.0303241
0.0070919
-0.0104633
-0.0251514
-0.0379812
-0.0470796
-0.0510222
-0.0521685
-0.0547157
-0.0594000
-0.0624080
-0.0610506
-0.0586410
-0.0603504
-0.0639258
-0.0588668
-0.0396739
-0.0199436
-0.0282502
-0.0846835
-0.1792444
-0.2724615
-0.3146534
-0.2630568
-0.0869736
0.2264398
0.6529881
1.1126756
1.4829434
1.6532974
1.5862499
1.3339207
0.9964626
0.6612005
0.3732533
0.1487356
-0.0020503
-0.0734370
-0.0798556
-0.0583512
-0.0462534
-0.0558637
-0.0736917
-0.0831094
-0.0832088
-0.0845755
-0.0922257
-0.0994105
-0.0987402
-0.0937616
-0.0948060
-0.1048566
-0.1145689
-0.1133708
-0.1026097
-0.0942701
-0.0971831
-0.1077857
-0.1158404
-0.1168006
-0.1154813
-0.1178711
-0.1227443
-0.1238077
-0.1188708
-0.1136484
-0.1151042
-0.1227357
-0.1287420
-0.1269287
-0.1197133
-0.1152516
-0.1184560
-0.1261550
-0.1310736
-0.1293113
-0.1231317
-0.1172372
-0.1139008
-0.1122899
-0.1113131
-0.1113490
-0.1127465
-0.1139109
-0.1123338
-0.1076216
-0.1024443
-0.0997193
-0.0992410
-0.0980202
-0.0941870
-0.0896723
-0.0879496
-0.0891532
-0.0887445
-0.0822129
-0.0707550
-0.0607692
-0.0569053
-0.0565636
-0.0528297
-0.0430041
-0.0326292
-0.0294980
-0.0339165
-0.0366832
-0.0280481
-0.0082226
0.0123073
0.0231711
0.0237764
0.0221049
0.0251815
0.0325602
0.0392295
0.0427440
0.0454208
0.0498284
0.0543500
0.0548231
0.0499839
0.0434965
0.0397772
0.0387756
0.0363008
0.0296014
0.0213155
0.0167635
0.0175777
0.0191957
0.0154816
0.0056494
-0.0041961
-0.0070579
-0.0025958
0.0019110
-0.0012049
-0.0117713
-0.0213801
-0.0217204
-0.0131560
-0.0045055
-0.0042065
-0.0121678
-0.0207280
-0.0232313
-0.0206508
-0.0192631
-0.0225961
-0.0271605
-0.0267656
-0.0201422
-0.0129137
-0.0116643
-0.0168487
-0.0223596
-0.0220669
-0.0162298
-0.0111022
-0.0123023
-0.0188698
-0.0240655
-0.0220097
-0.0133999
-0.0046909
-0.0018871
-0.0053535
-0.0105696
-0.0134313
-0.0142136
-0.0161488
-0.0206209
-0.0247244
-0.0241980
-0.0184606
-0.0118460
-0.0093924
-0.0118292
-0.0153374
-0.0161872
-0.0148751
-0.0151018
-0.0188858
-0.0235637
-0.0243684
-0.0198641
-0.0139564
-0.0118628
-0.0144611
-0.0176055
-0.0173617
-0.0150433
-0.0158497
-0.0222321
-0.0295760
-0.0298174
-0.0199361
-0.0062909
0.0005410
-0.0042295
-0.0149656
-0.0212524
-0.0180398
-0.0099629
-0.0058971
-0.0098632
-0.0175268
-0.0211656
-0.0174063
-0.0099394
-0.0052085
-0.0061821
-0.0104971
-0.0139664
-0.0149328
-0.0149566
-0.0159520
-0.0175205
-0.0173561
-0.0139791
-0.0087132
-0.0048129
-0.0046668
-0.0079628
-0.0125499
-0.0166866
-0.0199469
-0.0220296
-0.0216348
-0.0176010
-0.0113554
-0.0072701
-0.0092160
-0.0161845
-0.0221064
-0.0213869
-0.0151091
-0.0108429
-0.0151281
-0.0260799
-0.0343684
-0.0322111
-0.0212230
-0.0109397
-0.0095699
-0.0164472
-0.0235259
-0.0238045
-0.0178571
-0.0122836
-0.0124687
-0.0173681
-0.0211268
-0.0191457
-0.0123614
-0.0059934
-0.0044328
-0.0072564
-0.0101462
-0.0098547
-0.0080732
-0.0095198
-0.0154574
-0.0196596
-0.0125353
0.0093382
0.0379218
0.0592566
0.0654595
0.0614513
0.0596889
0.0687178
0.0875081
0.1101529
0.1334794
0.1580031
0.1823972
0.2002409
0.2043152
0.1933769
0.1729411
0.1491655
0.1233202
0.0930844
0.0583016
0.0238286
-0.0037344
-0.0213199
-0.0310123
-0.0372801
-0.0434938
-0.0505746
-0.0575108
-0.0626209
-0.0651991
-0.0666039
-0.0690000
-0.0720671
-0.0714912
-0.0624349
-0.0456314
-0.0299681
-0.0287048
-0.0528139
-0.1061597
-0.1823544
-0.2601174
-0.2988821
-0.2438393
-0.0477592
0.2972636
0.7391308
1.1751645
1.4911684
1.6085970
1.5132319
1.2523608
0.9074089
0.5606436
0.2721899
0.0722521
-0.0364386
-0.0723341
-0.0665506
-0.0511092
-0.0465647
-0.0561312
-0.0709071
-0.0817912
-0.0875866
-0.0929910
-0.1007696
-0.1078946
-0.1097435
-0.1064379
-0.1031210
-0.1039800
-0.1077655
-0.1103654
-0.1107913
-0.1126973
-0.1193872
-0.1285041
-0.1331419
-0.1287082
-0.1182526
-0.1104099
-0.1117531
-0.1210299
-0.1307191
-0.1340554
-0.1307332
-0.1264057
-0.1271033
-0.1338561
-0.1420560
-0.1457893
-0.1431071
-0.1374018
-0.1337374
-0.1339887
-0.1357733
-0.1359291
-0.1343128
-0.1335745
-0.1353074
-0.1371959
-0.1348379
-0.1267059
-0.1167970
-0.1114830
-0.1133459
-0.1184911
-0.1203607
-0.1160452
-0.1085334
-0.1029953
-0.1014669
-0.1013906
-0.0988908
-0.0928152
-0.0853149
-0.0788729
-0.0735621
-0.0676878
-0.0606675
-0.0542475
-0.0503150
-0.0479070
-0.0432072
-0.0330568
-0.0185595
-0.0049020
0.0030085
0.0052020
0.0068281
0.0131460
0.0240991
0.0341825
0.0379960
0.0357719
0.0330537
0.0348101
0.0401257
0.0431079
0.0391950
0.0301678
0.0222558
0.0192242
0.0181973
0.0131803
0.0024803
-0.0084498
-0.0122634
-0.0076127
-0.0012034
-0.0016128
-0.0110917
-0.0237434
-0.0318339
-0.0334042
-0.0331305
-0.0360505
-0.0416794
-0.0451094
-0.0433000
-0.0389602
-0.0376192
-0.0414525
-0.0469952
-0.0493031
-0.0476753
-0.0461700
-0.0482279
-0.0519192
-0.0518363
-0.0456317
-0.0373548
-0.0334336
-0.0358801
-0.0404739
-0.0417657
-0.0389863
-0.0361760
-0.0366746
-0.0386926
-0.0374512
-0.0314715
-0.0252474
-0.0245649
-0.0297098
-0.0347421
-0.0340214
-0.0285724
-0.0249115
-0.0275280
-0.0335076
-0.0356018
-0.0305900
-0.0234342
-0.0220813
-0.0285643
-0.0367648
-0.0395738
-0.0369583
-0.0353509
-0.0392957
-0.0455544
-0.0467575
-0.0402029
-0.0312963
-0.0274998
-0.0299702
-0.0329069
-0.0313236
-0.0275563
-0.0282912
-0.0357411
-0.0439884
-0.0451305
-0.0379033
-0.0287840
-0.0247829
-0.0265119
-0.0289823
-0.0283011
-0.0260739
-0.0266693
-0.0311414
-0.0353631
-0.0345490
-0.0285999
-0.0220364
-0.0190716
-0.0198357
-0.0216501
-0.0230250
-0.0252880
-0.0299777
-0.0353072
-0.0364751
-0.0305014
-0.0205738
-0.0143112
-0.0167238
-0.0251455
-0.0318920
-0.0319964
-0.0277605
-0.0254585
-0.0280868
-0.0321570
-0.0319605
-0.0264238
-0.0206244
-0.0200414
-0.0242439
-0.0276173
-0.0262824
-0.0227604
-0.0227131
-0.0277809
-0.0332252
-0.0333156
-0.0282215
-0.0241884
-0.0263885
-0.0326196
-0.0356051
-0.0315997
-0.0249648
-0.0228909
-0.0266482
-0.0302247
-0.0279583
-0.0215808
-0.0180891
-0.0213033
-0.0273974
-0.0294776
-0.0253859
-0.0194785
-0.0168888
-0.0178446
-0.0186513
-0.0166665
-0.0118370
-0.0035789
0.0105234
0.0304280
0.0495065
0.0583505
0.0546241
0.0480824
0.0537474
0.0790359
0.1176037
0.1557883
0.1843316
0.2031279
0.2154901
0.2205380
0.2133671
0.1919631
0.1613700
0.1297564
0.1014083
0.0748703
0.0475410
0.0204517
-0.0025357
-0.0197222
-0.0341082
-0.0496324
-0.0652413
-0.0744217
-0.0717437
-0.0593449
-0.0461457
-0.0409046
-0.0460844
-0.0567743
-0.0636316
-0.0580539
-0.0391706
-0.0199365
-0.0254441
-0.0784332
-0.1773244
-0.2824628
-0.3247850
-0.2359239
0.0174254
0.4141014
0.8811497
1.3140879
1.6081712
1.6939103
1.5637922
1.2733969
0.9124808
0.5640380
0.2784057
0.0738300
-0.0490074
-0.0981253
-0.0921778
-0.0615184
-0.0377178
-0.0373082
-0.0558000
-0.0781477
-0.0939832
-0.1026425
-0.1071513
-0.1082512
-0.1053574
-0.1002234
-0.0968031
-0.0976638
-0.1019465
-0.1070783
-0.1115612
-0.1153670
-0.1179607
-0.1172852
-0.1119416
-0.1041920
-0.0994222
-0.1017920
-0.1106787
-0.1214293
-0.1289441
-0.1307486
-0.1281404
-0.1251818
-0.1255362
-0.1292245
-0.1329210
-0.1340097
-0.1336369
-0.1349307
-0.1386859
-0.1418822
-0.1408872
-0.1359197
-0.1317553
-0.1330718
-0.1387920
-0.1423039
-0.1386170
-0.1305013
-0.1256921
-0.1280564
-0.1332486
-0.1336065
-0.1261475
-0.1152106
-0.1080721
-0.1084279
-0.1136312
-0.1177835
-0.1171600
-0.1121903
-0.1048358
-0.0961495
-0.0872020
-0.0802000
-0.0765435
-0.0747755
-0.0723600
-0.0688144
-0.0652646
-0.0613187
-0.0543117
-0.0422214
-0.0266404
-0.0124355
-0.0039324
-0.0006285
0.0027370
0.0103015
0.0198394
0.0256918
0.0264115
0.0260216
0.0272117
0.0274089
0.0237193
0.0183644
0.0159961
0.0172122
0.0174064
0.0119240
0.0016713
-0.0062387
-0.0050724
0.0021648
0.0027086
-0.0115138
-0.0312199
-0.0389181
-0.0309845
-0.0222366
-0.0260703
-0.0389377
-0.0496347
