0.1437581
0.1118348
0.0159081
-0.0353301
-0.0320864
-0.0433582
-0.0874924
-0.1162946
-0.1087513
-0.0975042
-0.1050015
-0.1190614
-0.1316863
-0.1474663
-0.1540596
-0.1328282
-0.0998973
-0.0960508
-0.1356230
-0.1978772
-0.2609582
-0.3058468
-0.2882810
-0.1451458
0.1547994
0.5720545
0.9984525
1.2916428
1.3410471
1.1421749
0.8070551
0.4798040
0.2394878
0.0860193
-0.0076039
-0.0587741
-0.0788049
-0.0818173
-0.0826618
-0.0935220
-0.1184511
-0.1461817
-0.1583420
-0.1516980
-0.1425293
-0.1445376
-0.1547752
-0.1652833
-0.1733504
-0.1743929
-0.1607909
-0.1368913
-0.1222815
-0.1307781
-0.1546366
-0.1747941
-0.1785156
-0.1651167
-0.1452000
-0.1369645
-0.1522778
-0.1819095
-0.2016710
-0.1951468
-0.1657974
-0.1304090
-0.1087268
-0.1146529
-0.1455387
-0.1803974
-0.1970109
-0.1899010
-0.1672226
-0.1378153
-0.1105984
-0.0984026
-0.1073672
-0.1240110
-0.1253735
-0.1044166
-0.0782874
-0.0694547
-0.0816230
-0.0944759
-0.0832785
-0.0481844
-0.0220666
-0.0390211
-0.0928767
-0.1378117
-0.1355898
-0.0934837
-0.0501277
-0.0329207
-0.0370480
-0.0398028
-0.0259478
0.0009744
0.0277102
0.0485902
0.0696104
0.0925819
0.1024813
0.0817464
0.0363239
-0.0033123
-0.0106427
0.0128740
0.0425433
0.0529994
0.0361647
0.0041989
-0.0222245
-0.0314888
-0.0282608
-0.0236540
-0.0225501
-0.0230084
-0.0222622
-0.0181631
-0.0099266
-0.0036642
-0.0122466
-0.0412513
-0.0764732
-0.0925975
-0.0762045
-0.0386602
-0.0074452
-0.0048238
-0.0301829
-0.0602784
-0.0698615
-0.0543099
-0.0302640
-0.0156521
-0.0148108
-0.0221903
-0.0312880
-0.0360472
-0.0309685
-0.0167009
-0.0030930
-0.0018683
-0.0155403
-0.0336957
-0.0398096
-0.0245556
0.0037840
0.0236126
0.0187017
-0.0080776
-0.0413894
-0.0690249
-0.0856550
-0.0863982
-0.0675991
-0.0361352
-0.0105621
-0.0074464
-0.0264558
-0.0494388
-0.0550528
-0.0378714
-0.0151731
-0.0116107
-0.0340696
-0.0637834
-0.0753229
-0.0607342
-0.0336283
-0.0139853
-0.0122485
-0.0247051
-0.0398024
-0.0491245
-0.0533279
-0.0566698
-0.0578716
-0.0515002
-0.0383172
-0.0277039
-0.0266341
-0.0306333
-0.0295887
-0.0207032
-0.0130203
-0.0189687
-0.0408378
-0.0648761
-0.0718252
-0.0571817
-0.0387201
-0.0381288
-0.0553097
-0.0669414
-0.0533717
-0.0233788
-0.0076049
-0.0253138
-0.0586001
-0.0648399
-0.0212189
0.0445884
0.0783728
0.0591867
0.0268672
0.0403654
0.1130215
0.2010095
0.2567111
0.2805608
0.3094941
0.3588664
0.3915982
0.3564143
0.2526843
0.1421658
0.0880273
0.0911353
0.0991854
0.0737745
0.0299190
0.0037263
-0.0015441
-0.0187740
-0.0691858
-0.1280788
-0.1477386
-0.1096165
-0.0451926
-0.0041945
-0.0088803
-0.0439138
-0.0844935
-0.1222568
-0.1613810
-0.2001213
-0.2229620
-0.2018317
-0.0957001
0.1383664
0.5052854
0.9283175
1.2595565
1.3633724
1.2119132
0.9045986
0.5887883
0.3533192
0.1915592
0.0570302
-0.0607131
-0.1247760
-0.1066000
-0.0336611
0.0280176
0.0322392
-0.0141124
-0.0710332
-0.1078533
-0.1238154
-0.1343771
-0.1458391
-0.1471991
-0.1256211
-0.0854982
-0.0488496
-0.0376986
-0.0578466
-0.0973330
-0.1358661
-0.1558015
-0.1496138
-0.1217618
-0.0849998
-0.0550577
-0.0464506
-0.0664739
-0.1071995
-0.1456410
-0.1595594
-0.1467003
-0.1258064
-0.1162782
-0.1180757
-0.1135725
-0.0892863
-0.0541670
-0.0335421
-0.0428252
-0.0692143
-0.0839159
-0.0725754
-0.0486041
-0.0351751
-0.0405675
-0.0560962
-0.0726440
-0.0892496
-0.1037560
-0.1035518
-0.0749908
-0.0239294
0.0192581
0.0235937
-0.0105572
-0.0480936
-0.0528905
-0.0232318
0.0107653
0.0227067
0.0156096
0.0113552
0.0228905
0.0435651
0.0609816
0.0734980
0.0891530
0.1107338
0.1272389
0.1237775
0.0989215
0.0682047
0.0489921
0.0448259
0.0463032
0.0437581
0.0356315
0.0268363
0.0231153
0.0261080
0.0302981
0.0253010
0.0052641
-0.0225311
-0.0410993
-0.0386122
-0.0203874
-0.0049408
-0.0066134
-0.0219463
-0.0350790
-0.0370835
-0.0358125
-0.0424071
-0.0515512
-0.0440097
-0.0116940
0.0265214
0.0406737
0.0201938
-0.0159711
-0.0397358
-0.0405447
-0.0300402
-0.0234086
-0.0216714
-0.0153000
-0.0017458
0.0079478
0.0026932
-0.0135664
-0.0255805
-0.0237669
-0.0128957
-0.0047668
-0.0069161
-0.0187125
-0.0334989
-0.0418085
-0.0358505
-0.0158763
0.0065272
0.0145009
-0.0000642
-0.0262708
-0.0406349
-0.0285360
-0.0001941
0.0181713
0.0108474
-0.0122001
-0.0281913
-0.0265727
-0.0178186
-0.0180822
-0.0285985
-0.0331443
-0.0173124
0.0105251
0.0218166
-0.0036467
-0.0521138
-0.0845273
-0.0748132
-0.0374063
-0.0123980
-0.0229544
-0.0513081
-0.0603946
-0.0377386
-0.0112061
-0.0157710
-0.0483348
-0.0666186
-0.0385459
0.0150284
0.0383241
0.0019956
-0.0627912
-0.0970249
-0.0754142
-0.0280058
-0.0014539
-0.0076957
-0.0178641
-0.0032296
0.0296529
0.0513531
0.0501240
0.0475652
0.0716785
0.1248947
0.1870127
0.2437029
0.2993112
0.3580202
0.4018901
0.3991606
0.3373653
0.2427993
0.1610647
0.1177151
0.1011094
0.0833216
0.0513311
0.0134981
-0.0185881
-0.0441292
-0.0670075
-0.0836493
-0.0840093
-0.0637791
-0.0317296
-0.0045555
0.0037037
-0.0119121
-0.0469666
-0.0904409
-0.1299543
-0.1597568
-0.1845012
-0.2062290
-0.1971797
-0.0899777
0.1818551
0.6092915
1.0694544
1.3797528
1.4152188
1.1906468
0.8365920
0.4976413
0.2484096
0.0902040
0.0015256
-0.0296807
-0.0200295
-0.0089241
-0.0356587
-0.0957209
-0.1382885
-0.1213697
-0.0643189
-0.0324063
-0.0664923
-0.1371242
-0.1758690
-0.1492607
-0.0935553
-0.0732631
-0.1107401
-0.1639648
-0.1742216
-0.1291993
-0.0742070
-0.0636014
-0.1061972
-0.1590247
-0.1714638
-0.1338264
-0.0839449
-0.0679740
-0.0962979
-0.1387965
-0.1607357
-0.1567143
-0.1458644
-0.1400675
-0.1284853
-0.0978521
-0.0603373
-0.0496064
-0.0847944
-0.1437624
-0.1800190
-0.1679785
-0.1268716
-0.0972728
-0.0988390
-0.1168539
-0.1266774
-0.1207822
-0.1079429
-0.0947568
-0.0787122
-0.0592471
-0.0461486
-0.0501177
-0.0671496
-0.0788980
-0.0716731
-0.0521368
-0.0397026
-0.0434530
-0.0510671
-0.0430509
-0.0147447
0.0197134
0.0440065
0.0559374
0.0661815
0.0834302
0.1024345
0.1065126
0.0828414
0.0377210
-0.0030812
-0.0129249
0.0119235
0.0452699
0.0505861
0.0130797
-0.0445486
-0.0805662
-0.0730991
-0.0416905
-0.0270368
-0.0481145
-0.0830395
-0.0953067
-0.0756018
-0.0513143
-0.0531451
-0.0775816
-0.0891004
-0.0612983
-0.0113690
0.0125232
-0.0197677
-0.0870548
-0.1353011
-0.1281729
-0.0775881
-0.0272868
-0.0115997
-0.0302978
-0.0571338
-0.0672482
-0.0575455
-0.0456990
-0.0519259
-0.0795735
-0.1102541
-0.1180647
-0.0923526
-0.0496129
-0.0213013
-0.0254436
-0.0489875
-0.0612440
-0.0464936
-0.0204983
-0.0123089
-0.0325126
-0.0637932
-0.0819739
-0.0809278
-0.0738484
-0.0733108
-0.0758724
-0.0687788
-0.0492764
-0.0327161
-0.0390917
-0.0721307
-0.1125986
-0.1319982
-0.1141948
-0.0684572
-0.0251526
-0.0153481
-0.0462970
-0.0926990
-0.1158513
-0.0974558
-0.0563851
-0.0303644
-0.0399174
-0.0706587
-0.0907674
-0.0838655
-0.0627175
-0.0514596
-0.0585560
-0.0708019
-0.0720224
-0.0615947
-0.0518199
-0.0515153
-0.0579956
-0.0645990
-0.0700626
-0.0766557
-0.0814064
-0.0743376
-0.0484222
-0.0105630
0.0203073
0.0287176
0.0170564
0.0044386
0.0118913
0.0488724
0.1113450
0.1875277
0.2624782
0.3197273
0.3444903
0.3304775
0.2857515
0.2305552
0.1850216
0.1547037
0.1275885
0.0878621
0.0339189
-0.0186782
-0.0529763
-0.0673143
-0.0739444
-0.0822841
-0.0881412
-0.0827781
-0.0698386
-0.0656758
-0.0784893
-0.0925330
-0.0835788
-0.0531524
-0.0384975
-0.0782469
-0.1680290
-0.2562050
-0.2831526
-0.2167640
-0.0486403
0.2262841
0.5994598
1.0078362
1.3219758
1.4090884
1.2317491
0.8858257
0.5309128
0.2763113
0.1294651
0.0405567
-0.0245627
-0.0634048
-0.0701646
-0.0628268
-0.0673929
-0.0875881
-0.1051532
-0.1090770
-0.1111670
-0.1259170
-0.1444402
-0.1425692
-0.1158512
-0.0931438
-0.1047630
-0.1421312
-0.1621577
-0.1359387
-0.0848221
-0.0597533
-0.0865694
-0.1391339
-0.1688156
-0.1550078
-0.1212604
-0.1042999
-0.1155392
-0.1368406
-0.1473726
-0.1443596
-0.1362565
-0.1256681
-0.1086702
-0.0890771
-0.0829833
-0.1023046
-0.1363400
-0.1565588
-0.1433271
-0.1063248
-0.0754940
-0.0714931
-0.0872647
-0.0992892
-0.0936892
-0.0777712
-0.0674117
-0.0686209
-0.0744936
-0.0772107
-0.0776342
-0.0810644
-0.0863090
-0.0834844
-0.0649690
-0.0367089
-0.0145629
-0.0076812
-0.0082626
-0.0012916
0.0164242
0.0313560
0.0296366
0.0156739
0.0100763
0.0276261
0.0596617
0.0813933
0.0770723
0.0554937
0.0389534
0.0389968
0.0465279
0.0452961
0.0302235
0.0094969
-0.0079593
-0.0213127
-0.0334164
-0.0425707
-0.0434664
-0.0361364
-0.0298327
-0.0346205
-0.0497277
-0.0634538
-0.0659548
-0.0595007
-0.0532368
-0.0496193
-0.0412838
-0.0235308
-0.0058755
-0.0053286
-0.0267449
-0.0538144
-0.0643831
-0.0552233
-0.0470611
-0.0604077
-0.0877201
-0.0964593
-0.0646235
-0.0101219
0.0223330
0.0060228
-0.0401676
-0.0725744
-0.0687524
-0.0473322
-0.0414299
-0.0588845
-0.0760385
-0.0698729
-0.0469626
-0.0335586
-0.0413226
-0.0537651
-0.0502393
-0.0348133
-0.0314990
-0.0519756
-0.0778729
-0.0807592
-0.0550967
-0.0240017
-0.0124486
-0.0220073
-0.0362591
-0.0454299
-0.0559322
-0.0740443
-0.0896641
-0.0856639
-0.0616974
-0.0393452
-0.0390743
-0.0569504
-0.0701408
-0.0640369
-0.0477597
-0.0408957
-0.0499406
-0.0632318
-0.0677357
-0.0640412
-0.0610244
-0.0601069
-0.0523233
-0.0324729
-0.0103357
-0.0027466
-0.0161510
-0.0411138
-0.0632772
-0.0747656
-0.0734910
-0.0572303
-0.0256614
0.0114640
0.0352606
0.0335662
0.0158181
0.0072937
0.0263570
0.0705184
0.1270103
0.1914016
0.2664849
0.3415432
0.3833978
0.3605651
0.2787867
0.1849923
0.1284739
0.1177132
0.1189430
0.0966413
0.0496002
0.0040748
-0.0219561
-0.0367537
-0.0554907
-0.0745341
-0.0770094
-0.0616519
-0.0516673
-0.0658925
-0.0887426
-0.0836920
-0.0407042
0.0007526
-0.0123886
-0.0897273
-0.1864277
-0.2499057
-0.2624956
-0.2248922
-0.1088247
0.1409460
0.5329003
0.9635044
1.2543299
1.2788581
1.0598282
0.7403070
0.4613371
0.2694744
0.1315680
0.0137834
-0.0736782
-0.1043755
-0.0838457
-0.0532008
-0.0485786
-0.0699560
-0.0928927
-0.1012271
-0.1002698
-0.1022762
-0.1093874
-0.1145855
-0.1139403
-0.1117401
-0.1138197
-0.1203639
-0.1273630
-0.1324555
-0.1360572
-0.1375791
-0.1345187
-0.1272318
-0.1220954
-0.1263075
-0.1389586
-0.1495488
-0.1473226
-0.1320666
-0.1146889
-0.1066605
-0.1094053
-0.1149369
-0.1165681
-0.1166377
-0.1214407
-0.1297915
-0.1311390
-0.1179637
-0.0977194
-0.0875085
-0.0952021
-0.1092202
-0.1110184
-0.0970670
-0.0836489
-0.0868733
-0.1011589
-0.1037721
-0.0822537
-0.0518478
-0.0399822
-0.0548100
-0.0753973
-0.0754884
-0.0523257
-0.0268955
-0.0174299
-0.0192314
-0.0136828
0.0072607
0.0320185
0.0453143
0.0473450
0.0521438
0.0686178
0.0888587
0.0973583
0.0882686
0.0701336
0.0552903
0.0486420
0.0470397
0.0453739
0.0400003
0.0280557
0.0080929
-0.0164158
-0.0364220
-0.0437499
-0.0393559
-0.0335116
-0.0361865
-0.0476235
-0.0591798
-0.0624524
-0.0560495
-0.0444311
-0.0334244
-0.0282853
-0.0332196
-0.0484763
-0.0669034
-0.0764475
-0.0696722
-0.0515629
-0.0360458
-0.0331897
-0.0403581
-0.0470970
-0.0477519
-0.0465817
-0.0498019
-0.0558379
-0.0571301
-0.0511040
-0.0452371
-0.0485379
-0.0596499
-0.0669189
-0.0613115
-0.0470168
-0.0368990
-0.0381464
-0.0453366
-0.0488209
-0.0471334
-0.0473390
-0.0532846
-0.0579251
-0.0509411
-0.0329174
-0.0180688
-0.0207531
-0.0403415
-0.0612639
-0.0681795
-0.0600503
-0.0490553
-0.0470747
-0.0546836
-0.0628129
-0.0629504
-0.0546019
-0.0443443
-0.0397274
-0.0437785
-0.0530622
-0.0599162
-0.0581614
-0.0488847
-0.0409215
-0.0439983
-0.0597337
-0.0790153
-0.0888707
-0.0827137
-0.0646247
-0.0448256
-0.0324183
-0.0324232
-0.0467093
-0.0732441
-0.1027264
-0.1191691
-0.1091157
-0.0733096
-0.0287428
0.0029341
0.0109744
0.0014547
-0.0102619
-0.0118109
0.0003725
0.0244923
0.0595501
0.1068712
0.1661114
0.2305369
0.2865282
0.3188503
0.3191992
0.2919815
0.2510463
0.2079420
0.1623336
0.1060628
0.0384404
-0.0245372
-0.0605239
-0.0622605
-0.0464804
-0.0386208
-0.0492718
-0.0686183
-0.0836997
-0.0951462
-0.1112579
-0.1283328
-0.1271850
-0.0965808
-0.0567536
-0.0498219
-0.1011857
-0.1920188
-0.2714915
-0.2914917
-0.2241880
-0.0521816
0.2373402
0.6271976
1.0359073
1.3277995
1.3847610
1.1871609
0.8298866
0.4567400
0.1722716
0.0029675
-0.0778977
-0.1058354
-0.1049377
-0.0926534
-0.0839722
-0.0847498
-0.0884767
-0.0872847
-0.0847543
-0.0922832
-0.1128666
-0.1347548
-0.1447970
-0.1439331
-0.1437701
-0.1492302
-0.1517698
-0.1429139
-0.1288694
-0.1243575
-0.1323719
-0.1377401
-0.1259179
-0.1042559
-0.0964807
-0.1137974
-0.1378507
-0.1396272
-0.1147628
-0.0927637
-0.1059190
-0.1514763
-0.1908218
-0.1884693
-0.1485722
-0.1093565
-0.1027626
-0.1239719
-0.1420752
-0.1362696
-0.1157327
-0.1037575
-0.1088711
-0.1177038
-0.1149044
-0.1027511
-0.0964989
-0.1036079
-0.1141329
-0.1133557
-0.0992517
-0.0830022
-0.0738880
-0.0691168
-0.0604894
-0.0468310
-0.0348635
-0.0285651
-0.0229902
-0.0113474
0.0050628
0.0184444
0.0256438
0.0333268
0.0496231
0.0728020
0.0914942
0.0963498
0.0894254
0.0812981
0.0801909
0.0845483
0.0848935
0.0720220
0.0453477
0.0160779
0.0014596
0.0111435
0.0356525
0.0503108
0.0357548
-0.0030585
-0.0401738
-0.0530455
-0.0429696
-0.0302001
-0.0309592
-0.0429529
-0.0532531
-0.0548382
-0.0506645
-0.0440469
-0.0327230
-0.0161961
-0.0040883
-0.0094189
-0.0318375
-0.0528858
-0.0529100
-0.0316875
-0.0085285
-0.0019337
-0.0128564
-0.0289642
-0.0403850
-0.0460838
-0.0469124
-0.0404760
-0.0273414
-0.0175958
-0.0231744
-0.0420796
-0.0562213
-0.0499366
-0.0282508
-0.0112932
-0.0107072
-0.0176478
-0.0173277
-0.0101078
-0.0104249
-0.0248801
-0.0397728
-0.0367615
-0.0175227
-0.0044627
-0.0142363
-0.0363000
-0.0438877
-0.0251425
0.0025325
0.0113690
-0.0072992
-0.0360015
-0.0515911
-0.0481368
-0.0386245
-0.0378778
-0.0472785
-0.0554512
-0.0509787
-0.0337207
-0.0154885
-0.0104648
-0.0231553
-0.0437813
-0.0560632
-0.0515650
-0.0371398
-0.0275478
-0.0306933
-0.0410614
-0.0472182
