-0.0272033
-0.0370823
-0.0401170
-0.0302343
-0.0122466
0.0017219
0.0032078
-0.0055202
-0.0153132
-0.0200708
-0.0213595
-0.0225473
-0.0199940
-0.0037627
0.0298764
0.0675978
0.0858218
0.0736697
0.0498002
0.0519243
0.1044724
0.1951576
0.2849935
0.3421148
0.3645812
0.3704382
0.3702727
0.3554875
0.3140745
0.2516069
0.1899713
0.1452629
0.1124309
0.0752417
0.0282385
-0.0167119
-0.0458696
-0.0596619
-0.0689185
-0.0785398
-0.0825296
-0.0773730
-0.0733219
-0.0841119
-0.1061144
-0.1167761
-0.1001768
-0.0701478
-0.0595041
-0.0853960
-0.1337362
-0.1830290
-0.2337409
-0.2955070
-0.3381913
-0.2720821
-0.0060668
0.4544388
0.9683961
1.3332092
1.4165278
1.2324419
0.9045677
0.5652846
0.2856055
0.0782948
-0.0616351
-0.1351966
-0.1494805
-0.1298733
-0.1100297
-0.1094864
-0.1243496
-0.1388196
-0.1423686
-0.1362485
-0.1284825
-0.1265235
-0.1334423
-0.1472087
-0.1619972
-0.1718398
-0.1748921
-0.1742184
-0.1739585
-0.1753052
-0.1769102
-0.1782575
-0.1806601
-0.1845218
-0.1875226
-0.1873233
-0.1853829
-0.1858741
-0.1900726
-0.1935447
-0.1907883
-0.1823613
-0.1755192
-0.1767258
-0.1842267
-0.1891246
-0.1839164
-0.1695651
-0.1543573
-0.1464790
-0.1476236
-0.1526895
-0.1548012
-0.1512041
-0.1455844
-0.1448243
-0.1522123
-0.1629388
-0.1671822
-0.1592178
-0.1435631
-0.1306823
-0.1258867
-0.1236793
-0.1144787
-0.0962570
-0.0773515
-0.0670056
-0.0650154
-0.0628268
-0.0541708
-0.0417997
-0.0325755
-0.0282817
-0.0242790
-0.0168421
-0.0084439
-0.0038780
-0.0032110
-0.0016995
0.0033714
0.0087209
0.0094098
0.0049960
-0.0013155
-0.0087850
-0.0206037
-0.0372914
-0.0511946
-0.0518327
-0.0379870
-0.0220064
-0.0194535
-0.0343701
-0.0558726
-0.0690014
-0.0676555
-0.0572756
-0.0474642
-0.0439044
-0.0462234
-0.0506670
-0.0534547
-0.0529635
-0.0506851
-0.0503141
-0.0546679
-0.0626637
-0.0695851
-0.0707278
-0.0647545
-0.0538196
-0.0416788
-0.0325794
-0.0307850
-0.0384529
-0.0524857
-0.0647653
-0.0679109
-0.0617532
-0.0533411
-0.0499315
-0.0525555
-0.0570581
-0.0604608
-0.0642620
-0.0706791
-0.0773097
-0.0781033
-0.0704786
-0.0599255
-0.0555714
-0.0609178
-0.0701453
-0.0742153
-0.0698293
-0.0615155
-0.0555621
-0.0536035
-0.0528033
-0.0508349
-0.0485480
-0.0474643
-0.0467394
-0.0446578
-0.0425726
-0.0446735
-0.0522498
-0.0597184
-0.0591462
-0.0492670
-0.0375889
-0.0312981
-0.0271201
-0.0137500
0.0136714
0.0437016
0.0575791
0.0502512
0.0405656
0.0570552
0.1121191
0.1910101
0.2663174
0.3211063
0.3562037
0.3773728
0.3813702
0.3587726
0.3088864
0.2465017
0.1905132
0.1471789
0.1076738
0.0622844
0.0137110
-0.0260562
-0.0500644
-0.0634437
-0.0750332
-0.0854553
-0.0875865
-0.0787430
-0.0681226
-0.0684303
-0.0807832
-0.0917017
-0.0875059
-0.0706774
-0.0601361
-0.0760388
-0.1259754
-0.2030667
-0.2876717
-0.3413091
-0.3012801
-0.0999272
0.2854472
0.7861017
1.2490511
1.5113380
1.4933042
1.2388014
0.8729770
0.5183209
0.2383937
0.0413834
-0.0835659
-0.1439148
-0.1501305
-0.1273693
-0.1076661
-0.1083069
-0.1223108
-0.1326407
-0.1331556
-0.1326467
-0.1403244
-0.1530043
-0.1594673
-0.1545100
-0.1442794
-0.1378179
-0.1376093
-0.1408507
-0.1468617
-0.1580667
-0.1728195
-0.1818347
-0.1764332
-0.1601336
-0.1480323
-0.1520077
-0.1678837
-0.1798337
-0.1773548
-0.1653814
-0.1567306
-0.1570755
-0.1601977
-0.1573977
-0.1481403
-0.1394559
-0.1366302
-0.1375903
-0.1370733
-0.1338538
-0.1313825
-0.1317196
-0.1315375
-0.1258815
-0.1148904
-0.1046998
-0.1012276
-0.1044310
-0.1095438
-0.1128086
-0.1142182
-0.1146340
-0.1122646
-0.1039389
-0.0897826
-0.0749721
-0.0656064
-0.0630658
-0.0631030
-0.0601008
-0.0511821
-0.0363977
-0.0169805
0.0048482
0.0251467
0.0396896
0.0472225
0.0503381
0.0521977
0.0531015
0.0514502
0.0475477
0.0444399
0.0440747
0.0441820
0.0410236
0.0349067
0.0304464
0.0300818
0.0294204
0.0220220
0.0087391
-0.0008095
0.0018750
0.0142401
0.0249904
0.0260416
0.0198408
0.0141882
0.0124326
0.0115834
0.0092709
0.0086292
0.0137568
0.0221766
0.0256847
0.0199135
0.0104481
0.0066987
0.0103975
0.0132046
0.0070568
-0.0050403
-0.0111552
-0.0036854
0.0113015
0.0194878
0.0128432
-0.0024311
-0.0129150
-0.0120061
-0.0058526
-0.0054806
-0.0144732
-0.0256138
-0.0293275
-0.0240135
-0.0171616
-0.0167906
-0.0231017
-0.0293200
-0.0300081
-0.0268162
-0.0252068
-0.0269019
-0.0279214
-0.0246006
-0.0193564
-0.0181223
-0.0223980
-0.0264416
-0.0239709
-0.0163034
-0.0113003
-0.0139038
-0.0202672
-0.0233284
-0.0224047
-0.0230727
-0.0262960
-0.0218654
0.0019957
0.0421117
0.0782345
0.0916804
0.0855914
0.0835911
0.1074740
0.1581893
0.2194373
0.2762850
0.3253501
0.3666615
0.3917101
0.3862048
0.3454476
0.2825726
0.2181303
0.1626104
0.1118285
0.0589216
0.0071102
-0.0320082
-0.0515452
-0.0575382
-0.0627296
-0.0736365
-0.0860599
-0.0935688
-0.0976585
-0.1061125
-0.1207825
-0.1304187
-0.1202292
-0.0903243
-0.0624876
-0.0653647
-0.1118148
-0.1910109
-0.2794391
-0.3508968
-0.3688100
-0.2753680
-0.0108711
0.4307716
0.9557895
1.3915476
1.5787450
1.4675956
1.1396981
0.7423453
0.3969311
0.1532549
0.0054469
-0.0703650
-0.0972322
-0.0988526
-0.0987585
-0.1092247
-0.1250914
-0.1342572
-0.1336628
-0.1316372
-0.1356969
-0.1433723
-0.1476613
-0.1480860
-0.1515392
-0.1620249
-0.1737422
-0.1773404
-0.1715187
-0.1650517
-0.1666889
-0.1755815
-0.1834541
-0.1846040
-0.1810685
-0.1780430
-0.1770157
-0.1752124
-0.1705371
-0.1647664
-0.1613862
-0.1615463
-0.1630486
-0.1628187
-0.1595114
-0.1538804
-0.1477407
-0.1431741
-0.1418048
-0.1433783
-0.1450095
-0.1433700
-0.1385821
-0.1348314
-0.1353896
-0.1372266
-0.1327885
-0.1188033
-0.1024193
-0.0959945
-0.1042363
-0.1175916
-0.1207355
-0.1083080
-0.0904391
-0.0810546
-0.0820267
-0.0818280
-0.0702012
-0.0507323
-0.0358230
-0.0306510
-0.0265571
-0.0123549
0.0106393
0.0289223
0.0324198
0.0262087
0.0240006
0.0317559
0.0416558
0.0429145
0.0348017
0.0259233
0.0226065
0.0223937
0.0198273
0.0148516
0.0122152
0.0138952
0.0158241
0.0132827
0.0071490
0.0025253
0.0020586
0.0032370
0.0028750
0.0018243
0.0029633
0.0055444
0.0046274
-0.0026501
-0.0121228
-0.0160571
-0.0114102
-0.0031556
0.0010716
-0.0012662
-0.0058898
-0.0072447
-0.0046416
-0.0021712
-0.0029293
-0.0048094
-0.0033668
0.0014758
0.0035601
-0.0030235
-0.0159523
-0.0250942
-0.0223715
-0.0108442
-0.0023855
-0.0054413
-0.0160138
-0.0222361
-0.0176430
-0.0080027
-0.0041151
-0.0095716
-0.0178274
-0.0209693
-0.0187735
-0.0176223
-0.0218123
-0.0282203
-0.0301917
-0.0254415
-0.0187511
-0.0168653
-0.0217521
-0.0294147
-0.0345360
-0.0351565
-0.0328979
-0.0298908
-0.0264235
-0.0214687
-0.0151065
-0.0101735
-0.0106588
-0.0169413
-0.0222067
-0.0156434
0.0077695
0.0396667
0.0627041
0.0660798
0.0583516
0.0632687
0.0998337
0.1648938
0.2359593
0.2916098
0.3279536
0.3543026
0.3751249
0.3805908
0.3567234
0.3025025
0.2336234
0.1689398
0.1154234
0.0678327
0.0212485
-0.0197969
-0.0462202
-0.0561344
-0.0583423
-0.0635283
-0.0743000
-0.0854238
-0.0919381
-0.0939425
-0.0933523
-0.0894240
-0.0806277
-0.0703815
-0.0677917
-0.0811023
-0.1122405
-0.1595985
-0.2221422
-0.2907466
-0.3284958
-0.2662510
-0.0381942
0.3567158
0.8205202
1.1928269
1.3421158
1.2424060
0.9750161
0.6605798
0.3841225
0.1708944
0.0139741
-0.0913344
-0.1426405
-0.1478122
-0.1326481
-0.1251710
-0.1347371
-0.1499416
-0.1560909
-0.1516616
-0.1472742
-0.1517704
-0.1626470
-0.1703379
-0.1693775
-0.1634304
-0.1602238
-0.1638057
-0.1723136
-0.1814198
-0.1880649
-0.1911202
-0.1901882
-0.1850910
-0.1767966
-0.1684976
-0.1649275
-0.1692989
-0.1798537
-0.1894404
-0.1895946
-0.1767062
-0.1555891
-0.1370986
-0.1306223
-0.1368548
-0.1472866
-0.1515768
-0.1461815
-0.1359343
-0.1277423
-0.1239387
-0.1222351
-0.1207617
-0.1208668
-0.1239065
-0.1265585
-0.1219958
-0.1074052
-0.0893465
-0.0790536
-0.0812660
-0.0890899
-0.0913308
-0.0839416
-0.0723263
-0.0627795
-0.0545917
-0.0425878
-0.0259397
-0.0109615
-0.0034685
-0.0002957
0.0081259
0.0257232
0.0439972
0.0504035
0.0431413
0.0343426
0.0368803
0.0500379
0.0609085
0.0594626
0.0492568
0.0417669
0.0421244
0.0436960
0.0375978
0.0249118
0.0161411
0.0183539
0.0260671
0.0275224
0.0187955
0.0084147
0.0070284
0.0147902
0.0212040
0.0169259
0.0036993
-0.0080265
-0.0098337
-0.0021660
0.0087734
0.0180560
0.0240519
0.0252404
0.0192085
0.0069134
-0.0043172
-0.0056924
0.0041281
0.0166800
0.0215773
0.0163104
0.0074180
0.0024299
0.0021493
0.0016758
-0.0021853
-0.0068867
-0.0082365
-0.0064187
-0.0054184
-0.0069176
-0.0077555
-0.0049649
-0.0013089
-0.0029523
-0.0114564
-0.0204435
-0.0220526
-0.0160773
-0.0106281
-0.0128079
-0.0202110
-0.0237863
-0.0189577
-0.0113445
-0.0099498
-0.0164528
-0.0237810
-0.0248602
-0.0200864
-0.0151989
-0.0138960
-0.0147133
-0.0145879
-0.0131785
-0.0125449
-0.0136140
-0.0143936
-0.0115197
-0.0023447
0.0142927
0.0370017
0.0601404
0.0757858
0.0817893
0.0885794
0.1138404
0.1665008
0.2362862
0.3013638
0.3462624
0.3704328
0.3797315
0.3736881
0.3450728
0.2914659
0.2230484
0.1560096
0.0996374
0.0529125
0.0131795
-0.0166555
-0.0326768
-0.0387205
-0.0451832
-0.0580447
-0.0728975
-0.0824073
-0.0869642
-0.0935057
-0.1036843
-0.1081209
-0.0969627
-0.0753410
-0.0634902
-0.0789551
-0.1216946
-0.1798400
-0.2446358
-0.3067402
-0.3312226
-0.2481964
0.0062345
0.4193496
0.8710484
1.1902964
1.2642349
1.1078108
0.8342025
0.5596531
0.3337463
0.1487752
-0.0050304
-0.1107363
-0.1491111
-0.1347904
-0.1132330
-0.1202390
-0.1515068
-0.1756806
-0.1730701
-0.1557491
-0.1499012
-0.1646545
-0.1835370
-0.1855004
-0.1690694
-0.1530095
-0.1556586
-0.1769649
-0.2003199
-0.2089530
-0.1997349
-0.1835190
-0.1743904
-0.1780693
-0.1885403
-0.1945517
-0.1897900
-0.1780649
-0.1693363
-0.1701317
-0.1770512
-0.1801178
-0.1735095
-0.1623961
-0.1573022
-0.1615467
-0.1666725
-0.1620237
-0.1473600
-0.1335184
-0.1306309
-0.1377765
-0.1450960
-0.1444095
-0.1358021
-0.1243450
-0.1134174
-0.1036236
-0.0968024
-0.0968160
-0.1041366
-0.1120003
-0.1113557
-0.0996407
-0.0824622
-0.0667626
-0.0550603
-0.0470493
-0.0433017
-0.0437032
-0.0430428
-0.0325873
-0.0092428
0.0179224
0.0339654
0.0329266
0.0247864
0.0249239
0.0369318
0.0488127
0.0472260
0.0327515
0.0184890
0.0149533
0.0195739
0.0216460
0.0151618
0.0047286
-0.0006860
0.0019594
0.0068137
0.0059895
-0.0019130
-0.0107675
-0.0135995
-0.0093376
-0.0033780
-0.0025062
-0.0088751
-0.0175802
-0.0200954
-0.0116526
0.0037754
0.0162544
0.0182081
0.0101949
-0.0008348
-0.0079953
-0.0093727
-0.0078778
-0.0071393
-0.0075515
-0.0063953
-0.0018940
0.0035187
0.0048070
-0.0008116
-0.0110433
-0.0204421
-0.0249117
-0.0246183
-0.0228275
-0.0219406
-0.0211587
-0.0187375
-0.0157803
-0.0157303
-0.0195917
-0.0237847
-0.0244755
-0.0227846
-0.0234346
-0.0282551
-0.0331124
-0.0326378
-0.0272577
-0.0237038
-0.0274382
-0.0354555
-0.0388071
-0.0330521
-0.0240878
-0.0213933
-0.0267138
-0.0325951
-0.0323998
-0.0284593
-0.0280181
-0.0329166
-0.0367104
-0.0329464
-0.0239337
-0.0181912
-0.0186080
-0.0162808
-0.0000708
0.0278497
0.0508038
0.0558234
0.0513978
0.0625970
0.1069892
0.1773256
0.2491280
0.3033318
0.3388998
0.3636879
0.3771489
0.3669871
0.3241016
0.2569845
0.1867956
0.1284529
0.0805734
0.0350442
-0.0082013
-0.0405430
-0.0573029
-0.0655481
-0.0763364
-0.0914175
-0.1019164
-0.1015405
-0.0973712
-0.1023559
-0.1170006
-0.1250068
-0.1126582
-0.0896418
-0.0828710
-0.1078484
-0.1528730
-0.1963899
-0.2328214
-0.2666723
-0.2750871
-0.1897360
0.0580021
0.4552263
0.8743961
1.1427291
1.1647340
0.9847114
0.7311752
0.5044458
0.3195936
0.1458763
-0.0219084
-0.1459697
-0.1922394
-0.1760024
-0.1501277
-0.1523936
-0.1745647
-0.1847709
-0.1703951
-0.1502114
-0.1481094
-0.1659272
-0.1859606
-0.1932187
-0.1885168
-0.1820582
-0.1807760
-0.1838043
-0.1867490
-0.1871612
-0.1860683
-0.1860259
-0.1885779
-0.1929110
-0.1959882
-0.1944387
-0.1878026
-0.1798781
-0.1749671
-0.1724681
-0.1677946
-0.1598864
-0.1545667
-0.1571145
-0.1634221
-0.1629624
-0.1509995
-0.1345413
-0.1248104
-0.1260040
-0.1330867
-0.1389852
-0.1411520
-0.1404465
-0.1361068
-0.1255124
-0.1099338
-0.0971848
-0.0947256
-0.1008230
-0.1061464
-0.1043536
-0.0975301
-0.0903469
-0.0830492
-0.0731191
-0.0609647
-0.0498293
-0.0405470
-0.0299051
-0.0156028
-0.0009444
0.0077821
0.0089464
0.0085523
0.0133930
0.0222429
0.0275833
0.0268898
0.0274637
0.0359873
0.0463352
0.0439350
0.0230018
-0.0050049
-0.0222399
-0.0214850
-0.0108214
-0.0034678
-0.0056226
-0.0142843
-0.0242583
-0.0337222
-0.0417514
-0.0440101
-0.0361829
-0.0219722
-0.0125886
-0.0152168
-0.0247420
-0.0300006
-0.0266622
-0.0211203
-0.0222237
-0.0312643
-0.0403200
-0.0398573
-0.0283318
-0.0143943
-0.0089797
-0.0156028
-0.0291503
-0.0424160
-0.0510797
-0.0533607
-0.0489972
-0.0402169
-0.0317290
-0.0283675
-0.0327856
-0.0440775
-0.0569105
-0.0636135
-0.0603875
-0.0515643
-0.0456401
-0.0471919
-0.0539842
-0.0607108
-0.0634014
-0.0611843
-0.0561723
-0.0515205
-0.0485531
-0.0467252
-0.0467707
-0.0512662
-0.0604449
-0.0698306
-0.0740591
-0.0714059
-0.0636135
-0.0541166
-0.0479970
-0.0502739
-0.0609676
-0.0730924
-0.0776590
-0.0705589
-0.0551308
-0.0399319
-0.0328266
-0.0334130
-0.0314182
-0.0169417
0.0068491
0.0252629
0.0280856
0.0219120
0.0262733
0.0592154
0.1243963
0.2073040
0.2836377
0.3349943
0.3575577
0.3556344
0.3314415
0.2860026
0.2264516
0.1649142
0.1093192
0.0592848
0.0110296
-0.0362818
-0.0777692
-0.1044296
-0.1104335
-0.1013602
-0.0919154
-0.0932624
-0.1061302
-0.1262511
-0.1481759
-0.1609363
-0.1511138
-0.1197922
-0.0907076
-0.0920998
-0.1317979
-0.1946552
-0.2597284
-0.3111621
-0.3290883
-0.2724070
-0.0813328
0.2786822
0.7533720
1.1878194
1.4114976
1.3575167
1.0975005
0.7630716
0.4489922
0.1884997
-0.0129862
-0.1493266
-0.2137418
-0.2128264
-0.1783824
-0.1585615
-0.1792552
-0.2138405
-0.2135797
-0.1723338
