-0.1363580
-0.1523408
-0.1626111
-0.1571524
-0.1378380
-0.1174148
-0.1095622
-0.1206167
-0.1441742
-0.1598127
-0.1452037
-0.1002405
-0.0575121
-0.0573852
-0.1072965
-0.1714805
-0.2066555
-0.2044329
-0.1915669
-0.1889516
-0.1802948
-0.1309345
-0.0363899
0.0594214
0.1034298
0.0867898
0.0485130
0.0258908
0.0156754
-0.0043698
-0.0241904
0.0069918
0.1257079
0.2959708
0.4178238
0.4026541
0.2472037
0.0416095
-0.0929792
-0.0879167
0.0269278
0.1462811
0.1704385
0.0884807
-0.0100771
-0.0227371
0.0509511
0.0930606
-0.0059493
-0.1973264
-0.2808432
-0.0983346
0.2744695
0.5565876
0.5082755
0.1531594
-0.2500946
-0.4508629
-0.4112476
-0.2817019
-0.2125871
-0.2206937
-0.2286626
-0.1878143
-0.1279974
-0.0995900
-0.1057168
-0.1098798
-0.0917737
-0.0694981
-0.0658747
-0.0738240
-0.0686416
-0.0453525
-0.0266814
-0.0310638
-0.0458722
-0.0433879
-0.0188782
-0.0001169
-0.0145153
-0.0543012
-0.0824439
-0.0719881
-0.0330990
0.0005224
0.0070926
-0.0053206
-0.0136461
-0.0067256
0.0049737
0.0036728
-0.0155916
-0.0397196
-0.0503873
-0.0418146
-0.0286231
-0.0376320
-0.0867983
-0.1618986
-0.2069678
-0.1424080
0.0904879
0.4816833
0.9353158
1.3040668
1.4619654
1.3714387
1.0987196
0.7668668
0.4822232
0.2876776
0.1684291
0.0903450
0.0310523
-0.0161298
-0.0531171
-0.0818759
-0.1005008
-0.1041802
-0.0960865
-0.0933564
-0.1138251
-0.1545419
-0.1898143
-0.1968900
-0.1816468
-0.1717839
-0.1824657
-0.1950609
-0.1772105
-0.1235799
-0.0696071
-0.0596140
-0.1029822
-0.1660626
-0.2066874
-0.2113230
-0.1966361
-0.1818499
-0.1692325
-0.1522715
-0.1328144
-0.1205901
-0.1175666
-0.1127386
-0.0979627
-0.0836869
-0.0898646
-0.1194787
-0.1481766
-0.1466568
-0.1112039
-0.0654655
-0.0317959
-0.0090502
0.0158993
0.0421186
0.0536483
0.0470896
0.0461186
0.0730672
0.1085692
0.0998979
0.0263188
-0.0497711
-0.0207044
0.1587665
0.4029621
0.5487493
0.4887773
0.2559190
-0.0180117
-0.2151345
-0.2993956
-0.2916011
-0.2119659
-0.0702719
0.0961783
0.2069435
0.1876770
0.0397596
-0.1494071
-0.2743284
-0.2922145
-0.2407945
-0.1867227
-0.1642875
-0.1592255
-0.1369608
-0.0773211
0.0109978
0.0944949
0.1281538
0.0780249
-0.0494064
-0.1924888
-0.2607996
-0.1982058
-0.0352517
0.1211056
0.1620983
0.0570126
-0.1292540
-0.2926601
-0.3666363
-0.3538679
-0.2981464
-0.2370282
-0.1824049
-0.1349328
-0.1011215
-0.0886948
-0.0910794
-0.0878235
-0.0651419
-0.0316089
-0.0081831
-0.0043064
-0.0098082
-0.0117758
-0.0131834
-0.0281708
-0.0599062
-0.0905075
-0.0977608
-0.0792001
-0.0544651
-0.0438411
-0.0493729
-0.0590667
-0.0644041
-0.0673842
-0.0716035
-0.0742529
-0.0714159
-0.0669294
-0.0690804
-0.0783311
-0.0846135
-0.0807427
-0.0752186
-0.0866863
-0.1260419
-0.1869440
-0.2498929
-0.2835022
-0.2358825
-0.0401709
0.3398528
0.8464951
1.3155147
1.5560328
1.4754141
1.1433015
0.7353792
0.4078402
0.2127302
0.1128032
0.0542706
0.0150088
-0.0045152
-0.0110415
-0.0228100
-0.0486086
-0.0765546
-0.0899263
-0.0887006
-0.0888058
-0.1014833
-0.1199594
-0.1293202
-0.1257848
-0.1214091
-0.1295062
-0.1489354
-0.1653266
-0.1670077
-0.1575428
-0.1518515
-0.1610151
-0.1818858
-0.2013586
-0.2097994
-0.2094859
-0.2098216
-0.2150383
-0.2179412
-0.2067270
-0.1776522
-0.1399167
-0.1078829
-0.0894572
-0.0821835
-0.0783333
-0.0708963
-0.0549089
-0.0272227
0.0107329
0.0500775
0.0785121
0.0907602
0.0945390
0.1033026
0.1219618
0.1415825
0.1496889
0.1442476
0.1349405
0.1312469
0.1329619
0.1343098
0.1341247
0.1369141
0.1432159
0.1437515
0.1278909
0.0972549
0.0663407
0.0473209
0.0369440
0.0221068
-0.0025474
-0.0272216
-0.0391044
-0.0383429
-0.0374972
-0.0458299
-0.0590142
-0.0666255
-0.0660703
-0.0643807
-0.0672112
-0.0718703
-0.0741458
-0.0774806
-0.0883370
-0.1015537
-0.0971489
-0.0590013
0.0024626
0.0507082
0.0501252
-0.0058069
-0.0909027
-0.1665645
-0.2048881
-0.1986253
-0.1589468
-0.1080841
-0.0688331
-0.0521575
-0.0510539
-0.0489304
-0.0368692
-0.0223102
-0.0202190
-0.0383286
-0.0734100
-0.1180196
-0.1623092
-0.1867049
-0.1630325
-0.0778918
0.0401603
0.1263277
0.1261528
0.0423246
-0.0672311
-0.1406693
-0.1619413
-0.1620763
-0.1778885
-0.2125616
-0.2288720
-0.1686679
0.0198378
0.3514951
0.7740970
1.1650783
1.3846557
1.3669500
1.1738592
0.9492303
0.8018898
0.7235431
0.6192162
0.4159982
0.1397940
-0.1097261
-0.2486576
-0.2699637
-0.2288322
-0.1863387
-0.1718110
-0.1842130
-0.2094583
-0.2309117
-0.2348164
-0.2184265
-0.1938307
-0.1769372
-0.1701403
-0.1604905
-0.1384363
-0.1144109
-0.1101755
-0.1328111
-0.1626542
-0.1712118
-0.1494404
-0.1150394
-0.0929185
-0.0926419
-0.1053807
-0.1172601
-0.1206172
-0.1147248
-0.1030046
-0.0926941
-0.0923195
-0.1032909
-0.1145917
-0.1116113
-0.0925673
-0.0716771
-0.0620007
-0.0591095
-0.0493539
-0.0330599
-0.0263865
-0.0295169
-0.0011636
0.1118873
0.3040406
0.4784566
0.5103533
0.3605763
0.1245939
-0.0427829
-0.0576020
0.0365077
0.1333096
0.1702784
0.1640199
0.1555685
0.1475267
0.1084277
0.0267160
-0.0618778
-0.1081972
-0.1001663
-0.0692853
-0.0514102
-0.0531709
-0.0594250
-0.0618989
-0.0681920
-0.0840216
-0.0989641
-0.0981013
-0.0840123
-0.0782118
-0.0975680
-0.1335357
-0.1592569
-0.1567793
-0.1342845
-0.1157669
-0.1158073
-0.1261040
-0.1261345
-0.1055247
-0.0753234
-0.0574225
-0.0628812
-0.0806827
-0.0885259
-0.0755628
-0.0541939
-0.0476641
-0.0643286
-0.0844439
-0.0750574
-0.0217022
0.0520711
0.0974780
0.0780276
0.0016581
-0.0810185
-0.1149947
-0.0865672
-0.0358184
-0.0195191
-0.0543416
-0.0962315
-0.0831148
-0.0027536
0.0879159
0.1230313
0.1117892
0.1523747
0.3453023
0.6826235
1.0254069
1.2009628
1.1337610
0.8923248
0.6191351
0.4193640
0.3073577
0.2375301
0.1665811
0.0849437
0.0061108
-0.0555604
-0.0935818
-0.1078376
-0.1051706
-0.1005590
-0.1094267
-0.1339254
-0.1591693
-0.1670532
-0.1540000
-0.1330840
-0.1192445
-0.1156470
-0.1156420
-0.1145171
-0.1149855
-0.1214261
-0.1332651
-0.1469866
-0.1621779
-0.1805319
-0.1972460
-0.1973153
-0.1661815
-0.1071328
-0.0472095
-0.0224345
-0.0525578
-0.1253741
-0.2029019
-0.2451178
-0.2348546
-0.1867504
-0.1336121
-0.0999460
-0.0838014
-0.0628853
-0.0197534
0.0379522
0.0824857
0.0915049
0.0685875
0.0391319
0.0280267
0.0425806
0.0746573
0.1134852
0.1522648
0.1845602
0.2011346
0.1953716
0.1710710
0.1408589
0.1145704
0.0902630
0.0586565
0.0165206
-0.0260518
-0.0531348
-0.0578852
-0.0496605
-0.0462878
-0.0592309
-0.0855105
-0.1125642
-0.1297404
-0.1352224
-0.1334433
-0.1279516
-0.1180632
-0.1019847
-0.0815117
-0.0624091
-0.0503909
-0.0474957
-0.0519858
-0.0601900
-0.0678203
-0.0712999
-0.0703172
-0.0691186
-0.0724808
-0.0781019
-0.0743276
-0.0494226
-0.0057691
0.0361666
0.0511980
0.0293861
-0.0158431
-0.0583678
-0.0779483
-0.0709428
-0.0480173
-0.0252791
-0.0162337
-0.0265434
-0.0516737
-0.0795181
-0.0986299
-0.1065547
-0.1103815
-0.1185301
-0.1320450
-0.1440162
-0.1465837
-0.1373964
-0.1198234
-0.0991387
-0.0799094
-0.0656676
-0.0581796
-0.0557191
-0.0534152
-0.0472040
-0.0377103
-0.0294214
-0.0260681
-0.0278437
-0.0332032
-0.0413528
-0.0507754
-0.0559825
-0.0494753
-0.0302837
-0.0100414
-0.0066532
-0.0285168
-0.0650441
-0.0950710
-0.1058967
-0.1033389
-0.1026612
-0.1113259
-0.1227716
-0.1265070
-0.1209397
-0.1138486
-0.1116850
-0.1120442
-0.1082775
-0.0997988
-0.0958409
-0.1093076
-0.1469612
-0.2009458
-0.2416178
-0.2156399
-0.0616666
0.2506003
0.6782235
1.0993885
1.3662161
1.3888376
1.1887682
0.8785982
0.5850818
0.3778369
0.2540063
0.1754639
0.1137693
0.0647208
0.0329676
0.0141046
-0.0055512
-0.0360944
-0.0753026
-0.1125144
-0.1386912
-0.1522221
-0.1573535
-0.1594740
-0.1617960
-0.1645057
-0.1657723
-0.1641788
-0.1611947
-0.1609151
-0.1660596
-0.1738767
-0.1772886
-0.1716229
-0.1603489
-0.1529583
-0.1560425
-0.1663709
-0.1733509
-0.1686392
-0.1532245
-0.1351972
-0.1213992
-0.1121345
-0.1037959
-0.0951225
-0.0893975
-0.0904687
-0.0977388
-0.1057779
-0.1083429
-0.1020884
-0.0870781
-0.0657329
-0.0425628
-0.0235914
-0.0129157
-0.0078593
0.0015023
0.0253823
0.0651997
0.1115665
0.1518870
0.1798997
0.1977847
0.2102067
0.2181165
0.2186781
0.2095703
0.1918747
0.1695296
0.1478679
0.1325747
0.1270528
0.1280288
0.1247313
0.1063389
0.0727549
0.0366655
0.0122590
0.0017590
-0.0047215
-0.0154933
-0.0265301
-0.0276315
-0.0184156
-0.0134929
-0.0282302
-0.0605698
-0.0907647
-0.1007812
-0.0921866
-0.0829841
-0.0877985
-0.1035639
-0.1148224
-0.1104969
-0.0937460
-0.0771334
-0.0712050
-0.0778878
-0.0914836
-0.1027853
-0.1029283
-0.0872000
-0.0583230
-0.0259995
-0.0011560
0.0111136
0.0137225
0.0134310
0.0149200
0.0180295
0.0188063
0.0124525
-0.0027710
-0.0216984
-0.0323217
-0.0234350
0.0040338
0.0337171
0.0459228
0.0362739
0.0211956
0.0210726
0.0360244
0.0406187
0.0070721
-0.0626725
-0.1260267
-0.1204523
0.0017997
0.2500332
0.5914505
0.9594473
1.2667504
1.4269537
1.3871124
1.1578572
0.8168649
0.4754219
0.2267324
0.1090859
0.1022124
0.1487136
0.1821565
0.1529624
0.0508297
-0.0857146
-0.1892948
-0.2121811
-0.1684988
-0.1268836
-0.1506992
-0.2382031
-0.3229169
-0.3373179
-0.2771833
-0.2019095
-0.1729784
-0.1964996
-0.2273651
-0.2238657
-0.1902407
-0.1645339
-0.1722282
-0.1997637
-0.2132948
-0.1959356
-0.1611391
-0.1327461
-0.1201455
-0.1166271
-0.1164641
-0.1244742
-0.1459513
-0.1733598
-0.1905741
-0.1903865
-0.1810458
-0.1714834
-0.1556222
-0.1208484
-0.0733001
-0.0440058
-0.0577642
-0.0953428
-0.0974272
-0.0159563
0.1380494
0.3011525
0.4098255
0.4417425
0.4105771
0.3379160
0.2447808
0.1634451
0.1316795
0.1556976
0.1843468
0.1423991
0.0044282
-0.1683557
-0.2765422
-0.2719775
-0.1962537
-0.1316054
-0.1218834
-0.1461875
-0.1609664
-0.1521612
-0.1405155
-0.1465340
-0.1646466
-0.1740196
-0.1647504
-0.1452368
-0.1271689
-0.1126179
-0.0989511
-0.0899363
-0.0943223
-0.1131704
-0.1343567
-0.1437100
-0.1401820
-0.1366303
-0.1451657
-0.1642587
-0.1820287
-0.1908182
-0.1953893
-0.2048097
-0.2169777
-0.2141396
-0.1775440
-0.1092831
-0.0393219
-0.0071232
-0.0311978
-0.0934699
-0.1532957
-0.1782397
-0.1632560
-0.1236589
-0.0754157
-0.0269637
0.0119943
0.0236322
-0.0056787
-0.0638568
-0.1108665
-0.1075321
-0.0515179
0.0163189
0.0444645
0.0122451
-0.0578399
-0.1244361
-0.1607892
-0.1666833
-0.1554511
-0.1370884
-0.1154119
-0.0958756
-0.0886196
-0.1006136
-0.1267888
-0.1523060
-0.1647901
-0.1634649
-0.1557878
-0.1465433
-0.1324224
-0.1080809
-0.0763143
-0.0504652
-0.0456375
-0.0665519
-0.1024326
-0.1326028
-0.1385817
-0.1152807
-0.0746742
-0.0382995
-0.0211355
-0.0177562
-0.0042808
0.0409888
0.1135574
0.1781298
0.1912698
0.1337132
0.0245776
-0.0935600
-0.1831934
-0.2292234
-0.2354647
-0.2114246
-0.1652143
-0.1062326
-0.0487892
-0.0084745
0.0062519
-0.0027342
-0.0307036
-0.0805320
-0.1598624
-0.2577284
-0.3182808
-0.2470270
0.0318878
0.4985900
1.0097055
1.3648942
1.4321109
1.2325080
0.9114668
0.6227646
0.4304128
0.3068840
0.2056412
0.1188046
0.0652343
0.0423877
0.0128166
-0.0550440
-0.1439846
-0.1995909
-0.1870673
-0.1296433
-0.0861578
-0.0944324
-0.1418220
-0.1884234
-0.2095072
-0.2104091
-0.2071844
-0.2051585
-0.2005047
-0.1944699
-0.1954244
-0.2059501
-0.2159529
-0.2142216
-0.2031802
-0.1953459
-0.1954728
-0.1939726
-0.1827092
-0.1714755
-0.1785863
-0.2030052
-0.2147493
-0.1826207
-0.1112452
-0.0424830
-0.0149629
-0.0253137
-0.0345587
-0.0118854
0.0335527
0.0659791
0.0627343
0.0357517
0.0159448
0.0231815
0.0537018
0.0908004
0.1203660
0.1362494
0.1384856
0.1333887
0.1344944
0.1562292
0.2002991
0.2473846
0.2660193
0.2350724
0.1619651
0.0802791
0.0267696
0.0151767
0.0282094
0.0350869
0.0198072
-0.0057618
-0.0167389
-0.0030456
0.0191793
0.0251245
0.0084821
-0.0122124
-0.0147989
0.0025796
0.0216599
0.0256566
0.0152649
0.0021862
-0.0072054
-0.0154683
-0.0232711
-0.0237254
-0.0130371
-0.0024824
-0.0108621
-0.0420667
-0.0757711
-0.0865702
-0.0711784
-0.0506534
-0.0439414
-0.0451034
-0.0331770
-0.0031807
0.0209198
0.0100122
-0.0356103
-0.0816933
-0.0925561
-0.0654309
-0.0296849
-0.0138999
-0.0182935
-0.0208500
-0.0061230
0.0178586
0.0321953
0.0318774
0.0328458
0.0535128
0.0922389
0.1258830
0.1304196
0.1013536
0.0543976
0.0097795
-0.0208853
-0.0341985
-0.0287651
-0.0059552
0.0232541
0.0388303
0.0258320
-0.0108560
-0.0494686
-0.0715597
-0.0778787
-0.0822698
-0.0921475
-0.1002995
-0.0975916
-0.0883199
-0.0859309
-0.0931981
-0.0936791
-0.0690797
-0.0237213
0.0142089
0.0180350
-0.0138306
-0.0602480
-0.0952567
-0.0931270
-0.0164951
0.1821329
0.5220687
0.9449288
1.3124583
1.4776873
1.3820251
1.0949371
0.7592013
0.4906941
0.3198156
0.2140906
0.1403919
0.0957383
0.0836642
0.0799104
0.0405139
-0.0508164
-0.1530479
-0.1990242
-0.1620967
-0.0879819
-0.0546191
-0.0993223
-0.1874804
-0.2516093
-0.2555253
-0.2177182
-0.1788396
-0.1580329
-0.1452814
-0.1277026
-0.1102717
-0.1067953
-0.1183094
-0.1295252
-0.1269797
-0.1140932
-0.1043938
-0.1033240
-0.1022184
-0.0905393
-0.0695203
-0.0508266
-0.0438211
-0.0473964
-0.0537367
-0.0563924
-0.0530093
-0.0429295
-0.0259371
-0.0038243
0.0193741
0.0403452
0.0586417
0.0746245
0.0865651
0.0925042
0.0956235
0.1051372
0.1285592
0.1622178
0.1912037
0.2010701
0.1909578
0.1753067
0.1716173
0.1846541
0.2014013
0.2027199
0.1829164
0.1586645
0.1546271
0.1748760
0.1891460
0.1564660
0.0722659
-0.0084471
-0.0076438
0.1012032
0.2509054
0.3219179
0.2398705
0.0411011
-0.1570853
-0.2541956
-0.2409671
-0.1867881
-0.1641041
-0.1886866
-0.2256161
-0.2387024
-0.2251875
-0.2069825
-0.2004518
-0.2018577
-0.1984135
-0.1853844
-0.1697758
-0.1616028
-0.1655469
-0.1792346
-0.1947255
-0.2006128
-0.1873299
-0.1554868
-0.1189775
-0.0955340
-0.0909745
-0.0937370
-0.0877059
-0.0708047
-0.0583495
-0.0658503
-0.0894581
-0.1065066
-0.0974551
-0.0668425
-0.0409411
-0.0438690
-0.0760008
-0.1153342
-0.1384821
