-0.0131241
-0.0143404
-0.0100284
-0.0041816
-0.0037931
-0.0070429
-0.0037755
0.0101325
0.0244972
0.0269324
0.0201195
0.0171582
0.0171711
-0.0012247
-0.0439619
-0.0567130
0.0633001
0.3826322
0.8454753
1.2801559
1.5094346
1.4695865
1.2319049
0.9193344
0.6116015
0.3265775
0.0698438
-0.1263223
-0.2237708
-0.2258587
-0.1859234
-0.1622848
-0.1703734
-0.1832369
-0.1731135
-0.1430376
-0.1167935
-0.1072897
-0.1038871
-0.0899944
-0.0650043
-0.0437664
-0.0375106
-0.0415950
-0.0438441
-0.0409246
-0.0420607
-0.0565594
-0.0810281
-0.1012760
-0.1061922
-0.0980807
-0.0892518
-0.0899030
-0.1001663
-0.1129022
-0.1221765
-0.1278907
-0.1328787
-0.1373253
-0.1375374
-0.1304541
-0.1184616
-0.1085122
-0.1057803
-0.1083845
-0.1090460
-0.1023379
-0.0900841
-0.0792900
-0.0749132
-0.0751509
-0.0739453
-0.0676624
-0.0589749
-0.0545437
-0.0593855
-0.0731296
-0.0905418
-0.1049119
-0.1116048
-0.1098347
-0.1019054
-0.0905987
-0.0770657
-0.0616192
-0.0467546
-0.0381949
-0.0407948
-0.0522615
-0.0620811
-0.0590947
-0.0416497
-0.0199696
-0.0074472
-0.0090278
-0.0179671
-0.0234397
-0.0205763
-0.0131520
-0.0077564
-0.0066950
-0.0066880
-0.0034216
0.0036143
0.0107656
0.0140378
0.0129195
0.0104070
0.0092070
0.0079323
0.0016116
-0.0130740
-0.0326750
-0.0479038
-0.0510889
-0.0434939
-0.0349635
-0.0356427
-0.0475944
-0.0641921
-0.0771187
-0.0834488
-0.0861988
-0.0890726
-0.0916622
-0.0899054
-0.0807658
-0.0661446
-0.0521690
-0.0444313
-0.0434117
-0.0442728
-0.0413316
-0.0329046
-0.0215483
-0.0096221
0.0041709
0.0222678
0.0422988
0.0558045
0.0551274
0.0415268
0.0245266
0.0122741
0.0040128
-0.0062332
-0.0196240
-0.0293879
-0.0292289
-0.0226413
-0.0206035
-0.0296472
-0.0446703
-0.0550082
-0.0559636
-0.0523307
-0.0515867
-0.0564237
-0.0641866
-0.0705013
-0.0715758
-0.0656757
-0.0560912
-0.0514298
-0.0576447
-0.0680027
-0.0662787
-0.0452206
-0.0185738
-0.0064333
-0.0083256
-0.0024642
0.0195623
0.0286794
-0.0057569
-0.0441624
0.0384205
0.3564659
0.8791133
1.4001930
1.6708752
1.5849225
1.2429279
0.8419833
0.5120516
0.2579307
0.0340698
-0.1617755
-0.2846752
-0.3117534
-0.2834687
-0.2647918
-0.2793047
-0.2968657
-0.2823192
-0.2399651
-0.2033873
-0.1925104
-0.1944708
-0.1864341
-0.1649560
-0.1450432
-0.1359186
-0.1285208
-0.1097126
-0.0819508
-0.0621296
-0.0618170
-0.0740076
-0.0816225
-0.0761162
-0.0643877
-0.0581424
-0.0600222
-0.0621256
-0.0566360
-0.0452499
-0.0373441
-0.0401093
-0.0516974
-0.0638140
-0.0699370
-0.0705193
-0.0708007
-0.0745865
-0.0806644
-0.0849657
-0.0854885
-0.0846425
-0.0869852
-0.0952147
-0.1083884
-0.1230845
-0.1351665
-0.1406029
-0.1364871
-0.1234198
-0.1072688
-0.0967645
-0.0969900
-0.1043042
-0.1085678
-0.1017918
-0.0851933
-0.0674827
-0.0559655
-0.0495062
-0.0403722
-0.0226914
0.0012298
0.0226975
0.0341786
0.0352199
0.0318291
0.0307680
0.0340806
0.0379526
0.0360283
0.0243111
0.0043321
-0.0173284
-0.0329391
-0.0385444
-0.0364412
-0.0331003
-0.0339796
-0.0395116
-0.0456459
-0.0481577
-0.0465077
-0.0437941
-0.0434068
-0.0460600
-0.0498900
-0.0527087
-0.0535743
-0.0525097
-0.0498159
-0.0463494
-0.0437765
-0.0431214
-0.0425068
-0.0373351
-0.0242321
-0.0054107
0.0114777
0.0187384
0.0144420
0.0032726
-0.0078154
-0.0144869
-0.0163832
-0.0152860
-0.0130152
-0.0105479
-0.0077113
-0.0031925
0.0041533
0.0128680
0.0180469
0.0144060
0.0013332
-0.0152119
-0.0267003
-0.0287542
-0.0244215
-0.0210704
-0.0239094
-0.0318949
-0.0392590
-0.0410084
-0.0376787
-0.0353531
-0.0406746
-0.0547952
-0.0716036
-0.0822220
-0.0818983
-0.0728948
-0.0611188
-0.0508227
-0.0430403
-0.0380355
-0.0370190
-0.0402200
-0.0442434
-0.0433059
-0.0340898
-0.0191314
-0.0051387
0.0018305
-0.0001227
-0.0083612
-0.0172676
-0.0208609
-0.0166341
-0.0087423
-0.0062911
-0.0156895
-0.0335197
-0.0484075
-0.0516764
-0.0460030
-0.0423958
-0.0486888
-0.0622740
-0.0743077
-0.0790497
-0.0771674
-0.0710049
-0.0602802
-0.0447596
-0.0293795
-0.0226581
-0.0280392
-0.0385890
-0.0431302
-0.0381189
-0.0315378
-0.0336627
-0.0449205
-0.0546282
-0.0519346
-0.0367543
-0.0194225
-0.0109079
-0.0146553
-0.0268414
-0.0414426
-0.0533349
-0.0585726
-0.0556420
-0.0480241
-0.0432927
-0.0467745
-0.0558729
-0.0624077
-0.0611261
-0.0546042
-0.0493017
-0.0487400
-0.0522058
-0.0581229
-0.0646343
-0.0663850
-0.0556508
-0.0312022
-0.0039958
0.0119908
0.0155225
0.0179497
0.0228128
0.0141270
-0.0181943
-0.0348267
0.0554278
0.3273067
0.7515542
1.1802686
1.4366967
1.4352705
1.2236908
0.9181790
0.6083360
0.3238388
0.0724968
-0.1190657
-0.2171980
-0.2239695
-0.1893488
-0.1720550
-0.1919241
-0.2242840
-0.2357362
-0.2175282
-0.1848773
-0.1540089
-0.1282825
-0.1045436
-0.0842017
-0.0731139
-0.0733755
-0.0799481
-0.0857683
-0.0874462
-0.0854549
-0.0817359
-0.0792877
-0.0820144
-0.0910974
-0.1008425
-0.1014931
-0.0893569
-0.0733414
-0.0678502
-0.0772505
-0.0893108
-0.0873255
-0.0693735
-0.0529075
-0.0576743
-0.0845512
-0.1136867
-0.1244075
-0.1151542
-0.1021822
-0.1001404
-0.1073418
-0.1112036
-0.1049899
-0.0950837
-0.0916202
-0.0961386
-0.1019327
-0.1048230
-0.1083964
-0.1162576
-0.1227066
-0.1166890
-0.0963404
-0.0756340
-0.0721776
-0.0881789
-0.1066251
-0.1083294
-0.0913982
-0.0715525
-0.0635757
-0.0653599
-0.0619703
-0.0434864
-0.0155177
0.0081699
0.0199792
0.0226575
0.0210951
0.0150705
0.0030004
-0.0097592
-0.0118385
0.0021713
0.0228228
0.0327345
0.0235242
0.0038972
-0.0104728
-0.0133653
-0.0118177
-0.0143133
-0.0193178
-0.0186012
-0.0101947
-0.0032704
-0.0076346
-0.0207370
-0.0293659
-0.0254505
-0.0171913
-0.0210400
-0.0426072
-0.0684490
-0.0788127
-0.0675654
-0.0476089
-0.0367819
-0.0405137
-0.0493355
-0.0514943
-0.0449780
-0.0364477
-0.0309539
-0.0259958
-0.0163825
-0.0026161
0.0081407
0.0097160
0.0039742
-0.0008095
0.0019591
0.0115514
0.0218390
0.0273653
0.0269013
0.0222632
0.0157244
0.0094438
0.0060531
0.0074574
0.0121219
0.0149457
0.0119347
0.0054066
0.0027998
0.0083835
0.0163375
0.0144673
-0.0029228
-0.0261226
-0.0365949
-0.0246740
-0.0001846
0.0166617
0.0152547
0.0033939
-0.0045879
-0.0048662
-0.0046968
-0.0074390
-0.0056760
0.0039479
0.0046791
-0.0250807
-0.0683279
-0.0474766
0.1320889
0.4953122
0.9479758
1.3215961
1.4805859
1.3987663
1.1467694
0.8212975
0.4920267
0.2009479
-0.0177434
-0.1405262
-0.1767014
-0.1708734
-0.1700922
-0.1880706
-0.2059990
-0.2056470
-0.1927345
-0.1846539
-0.1835677
-0.1725988
-0.1400174
-0.0988577
-0.0754303
-0.0801213
-0.0960165
-0.0986217
-0.0826797
-0.0653437
-0.0644339
-0.0787134
-0.0916707
-0.0912690
-0.0815920
-0.0752618
-0.0785851
-0.0867670
-0.0916117
-0.0901322
-0.0850119
-0.0797253
-0.0758845
-0.0743389
-0.0755805
-0.0775958
-0.0753910
-0.0657230
-0.0528128
-0.0469159
-0.0547648
-0.0714943
-0.0838626
-0.0825397
-0.0707390
-0.0602439
-0.0596678
-0.0676118
-0.0768348
-0.0830563
-0.0879840
-0.0942866
-0.1000925
-0.1004946
-0.0941070
-0.0858877
-0.0818460
-0.0815831
-0.0779865
-0.0652996
-0.0466508
-0.0320541
-0.0283134
-0.0315582
-0.0307897
-0.0191091
-0.0009379
0.0121944
0.0124848
0.0019562
-0.0113925
-0.0215228
-0.0274333
-0.0298625
-0.0279495
-0.0209221
-0.0120305
-0.0080998
-0.0134027
-0.0244636
-0.0326090
-0.0325069
-0.0276403
-0.0267375
-0.0351681
-0.0502989
-0.0645189
-0.0714972
-0.0697289
-0.0621264
-0.0538014
-0.0492893
-0.0495473
-0.0508633
-0.0482983
-0.0416483
-0.0369769
-0.0400812
-0.0485133
-0.0528569
-0.0476364
-0.0387178
-0.0364372
-0.0419132
-0.0445312
-0.0349363
-0.0165214
0.0003442
0.0124900
0.0242384
0.0322885
0.0225456
-0.0020568
0.0110080
0.1497226
0.4651378
0.9003970
1.2990067
1.5012582
1.4488909
1.2071647
0.8947504
0.5970881
0.3392724
0.1202347
-0.0498890
-0.1525463
-0.1888161
-0.1894264
-0.1913152
-0.2074906
-0.2227160
-0.2161498
-0.1843526
-0.1429966
-0.1109973
-0.0959708
-0.0930624
-0.0938058
-0.0944974
-0.0973575
-0.1053252
-0.1163997
-0.1234509
-0.1203039
-0.1083190
-0.0962653
-0.0927593
-0.0986788
-0.1074612
-0.1127921
-0.1150662
-0.1195316
-0.1286989
-0.1382394
-0.1413483
-0.1364267
-0.1290863
-0.1263023
-0.1294507
-0.1335137
-0.1323360
-0.1238931
-0.1110337
-0.0985400
-0.0899556
-0.0860232
-0.0845021
-0.0813058
-0.0734801
-0.0627653
-0.0559130
-0.0594496
-0.0727814
-0.0872823
-0.0937042
-0.0904997
-0.0836250
-0.0780383
-0.0712170
-0.0566918
-0.0332456
-0.0083106
0.0088129
0.0157909
0.0176756
0.0191073
0.0186133
0.0120560
0.0000897
-0.0106013
-0.0140810
-0.0113316
-0.0084131
-0.0095912
-0.0138753
-0.0179195
-0.0204470
-0.0230469
-0.0276864
-0.0344031
-0.0408659
-0.0433668
-0.0391379
-0.0297924
-0.0229395
-0.0278684
-0.0465819
-0.0690926
-0.0805536
-0.0751441
-0.0617406
-0.0538483
-0.0546590
-0.0547357
-0.0448110
-0.0275838
-0.0140754
-0.0101274
-0.0109434
-0.0101264
-0.0098138
-0.0171233
-0.0315500
-0.0417757
-0.0383586
-0.0260194
-0.0178138
-0.0178838
-0.0168296
-0.0075364
0.0006043
-0.0081108
-0.0319762
-0.0483976
-0.0404573
-0.0203685
-0.0152160
-0.0300193
-0.0396897
-0.0276294
-0.0194926
-0.0513000
-0.0921610
-0.0205442
0.2832214
0.7979356
1.3238231
1.6098086
1.5401399
1.2067750
0.8075937
0.4825155
0.2444844
0.0433691
-0.1377393
-0.2631655
-0.3025287
-0.2791468
-0.2501434
-0.2497004
-0.2647511
-0.2637061
-0.2358515
-0.1970113
-0.1654277
-0.1437578
-0.1255914
-0.1104231
-0.1048244
-0.1108238
-0.1199960
-0.1220439
-0.1162434
-0.1108849
-0.1121971
-0.1172922
-0.1192185
-0.1164431
-0.1145877
-0.1190668
-0.1283883
-0.1361162
-0.1386080
-0.1391122
-0.1434756
-0.1525373
-0.1601812
-0.1597026
-0.1515820
-0.1437319
-0.1433448
-0.1488093
-0.1504737
-0.1400026
-0.1191513
-0.0990186
-0.0900865
-0.0926637
-0.0972907
-0.0946736
-0.0848654
-0.0763747
-0.0767643
-0.0850672
-0.0936058
-0.0962749
-0.0938475
-0.0908826
-0.0884248
-0.0814096
-0.0643627
-0.0392827
-0.0164087
-0.0059928
-0.0091489
-0.0170902
-0.0193632
-0.0128080
-0.0030139
0.0020401
-0.0008034
-0.0085870
-0.0168798
-0.0243137
-0.0319948
-0.0394016
-0.0426289
-0.0376974
-0.0253110
-0.0116621
-0.0042269
-0.0064518
-0.0157241
-0.0255897
-0.0298740
-0.0259001
-0.0156514
-0.0049400
-0.0005347
-0.0057718
-0.0174964
-0.0280172
-0.0316591
-0.0297973
-0.0287095
-0.0323531
-0.0382775
-0.0413105
-0.0403097
-0.0395241
-0.0426821
-0.0470824
-0.0455666
-0.0349188
-0.0207407
-0.0121064
-0.0114833
-0.0118691
-0.0051272
0.0078272
0.0169187
0.0135191
0.0004515
-0.0094229
-0.0051070
0.0116703
0.0274164
0.0292165
0.0168160
0.0025418
-0.0011584
0.0058277
0.0117619
0.0063656
-0.0071305
-0.0150040
-0.0088594
0.0034952
0.0058872
-0.0075912
-0.0254571
-0.0325674
-0.0275351
-0.0211184
-0.0183480
-0.0109861
0.0060110
0.0173354
0.0032147
-0.0172684
0.0325325
0.2390351
0.6119835
1.0424017
1.3581763
1.4372605
1.2802782
0.9855173
0.6641213
0.3791151
0.1481002
-0.0227816
-0.1248225
-0.1615811
-0.1605644
-0.1582724
-0.1732280
-0.1970753
-0.2105887
-0.2035225
-0.1788944
-0.1451502
-0.1106874
-0.0841340
-0.0724725
-0.0750276
-0.0823442
-0.0851088
-0.0838069
-0.0866876
-0.0979895
-0.1112275
-0.1161673
-0.1108289
-0.1036590
-0.1034275
-0.1094195
-0.1134803
-0.1104797
-0.1040741
-0.1016127
-0.1054040
-0.1104678
-0.1098930
-0.1009598
-0.0865198
-0.0719853
-0.0613419
-0.0551764
-0.0520529
-0.0518869
-0.0573870
-0.0708445
-0.0890846
-0.1030907
-0.1048264
-0.0952515
-0.0844109
-0.0819923
-0.0877925
-0.0929789
-0.0912980
-0.0872358
-0.0909794
-0.1056406
-0.1216762
-0.1250656
-0.1102541
-0.0846557
-0.0616734
-0.0503006
-0.0502723
-0.0547325
-0.0562917
-0.0516426
-0.0425672
-0.0336014
-0.0278628
-0.0237545
-0.0159218
-0.0010828
0.0163893
0.0261739
0.0211593
0.0049823
-0.0107140
-0.0169285
-0.0146034
-0.0111851
-0.0109621
-0.0101800
-0.0023381
0.0123527
0.0244360
0.0234811
0.0087630
-0.0094948
-0.0200305
-0.0209829
-0.0199711
-0.0245477
-0.0336944
-0.0390926
-0.0343868
-0.0225620
-0.0135042
-0.0139508
-0.0203876
-0.0227737
-0.0153494
-0.0029283
0.0040743
0.0005994
-0.0075253
-0.0092864
0.0001202
0.0138918
0.0204611
0.0160390
0.0092646
0.0121661
0.0268926
0.0428347
0.0473465
0.0384588
0.0263204
0.0224322
0.0281869
0.0343394
0.0313925
0.0195359
0.0076325
0.0031131
0.0046283
0.0053784
0.0022438
-0.0004790
0.0029011
0.0107346
0.0131605
0.0017591
-0.0195685
-0.0354007
-0.0332348
-0.0174443
-0.0063389
-0.0133435
-0.0320738
-0.0423474
-0.0315393
-0.0084872
0.0052147
-0.0024678
-0.0217152
-0.0315096
-0.0214017
-0.0008599
0.0127405
0.0125386
0.0066693
0.0062288
0.0122450
0.0155133
0.0074424
-0.0104426
-0.0273100
-0.0325479
-0.0248971
-0.0129704
-0.0070192
-0.0099232
-0.0157427
-0.0165812
-0.0107386
-0.0043027
-0.0046372
-0.0122912
-0.0202503
-0.0220852
-0.0197608
-0.0211049
-0.0294297
-0.0383028
-0.0383335
-0.0276769
-0.0138363
-0.0056924
-0.0056937
-0.0099133
-0.0136035
-0.0150499
-0.0148840
-0.0142343
-0.0150185
-0.0203545
-0.0315337
-0.0441572
-0.0503779
-0.0470646
-0.0395756
-0.0348236
-0.0326089
-0.0278718
-0.0206878
-0.0183233
-0.0246981
-0.0322337
-0.0296159
-0.0164137
-0.0036722
0.0020250
0.0079170
0.0202482
0.0243311
-0.0022776
-0.0418617
-0.0100209
0.1945423
0.5896134
1.0574608
1.4084361
1.5116535
1.3728994
1.0958808
0.7823061
0.4758175
0.1879343
-0.0523177
-0.1981339
-0.2328334
-0.1993051
-0.1676129
-0.1750752
-0.2052062
-0.2219945
-0.2127402
-0.1930380
-0.1798886
-0.1720292
-0.1574594
-0.1320939
-0.1051944
-0.0881685
-0.0829384
-0.0830849
-0.0832822
-0.0836638
-0.0856005
-0.0879985
-0.0899280
-0.0932034
-0.0986634
-0.1019675
-0.0972911
-0.0851100
-0.0733241
-0.0701280
-0.0772678
-0.0898775
-0.1010407
-0.1063150
-0.1049606
-0.0976249
-0.0845012
-0.0679649
-0.0557314
-0.0563258
-0.0690509
-0.0818297
-0.0822995
-0.0699636
-0.0560316
-0.0528471
-0.0638808
-0.0812381
-0.0918879
-0.0890047
-0.0782297
-0.0708551
-0.0718757
-0.0784416
-0.0879556
-0.1002271
-0.1107295
-0.1096870
-0.0920085
-0.0636518
-0.0360002
-0.0182867
-0.0151140
-0.0231308
-0.0282784
-0.0159541
0.0110179
