0.0219383
0.0238181
0.0137703
0.0081812
0.0082492
0.0033200
-0.0093456
-0.0220912
-0.0305849
-0.0373460
-0.0425781
-0.0423711
-0.0369187
-0.0322788
-0.0326571
-0.0365182
-0.0402987
-0.0413745
-0.0387051
-0.0352244
-0.0374596
-0.0472695
-0.0556613
-0.0508336
-0.0321910
-0.0116454
-0.0009559
-0.0014426
-0.0059626
-0.0076768
-0.0064845
-0.0084628
-0.0183979
-0.0323026
-0.0399053
-0.0361885
-0.0274478
-0.0232265
-0.0247230
-0.0243125
-0.0149604
0.0026780
0.0213350
0.0327568
0.0330087
0.0245854
0.0138465
0.0058055
0.0010500
-0.0034226
-0.0115510
-0.0249066
-0.0396470
-0.0482044
-0.0476369
-0.0454412
-0.0520786
-0.0667293
-0.0756652
-0.0682083
-0.0507458
-0.0399843
-0.0432421
-0.0505372
-0.0481680
-0.0358992
-0.0252549
-0.0220793
-0.0199289
-0.0168788
-0.0294509
-0.0694193
-0.0976039
-0.0172848
0.2570192
0.7071889
1.1913227
1.5280968
1.6124849
1.4610656
1.1629005
0.8044460
0.4432487
0.1301679
-0.0790897
-0.1555391
-0.1328732
-0.0911119
-0.0928057
-0.1376942
-0.1820694
-0.1943101
-0.1823825
-0.1710742
-0.1669618
-0.1550540
-0.1250763
-0.0895763
-0.0708304
-0.0747581
-0.0852507
-0.0849253
-0.0751165
-0.0709125
-0.0800223
-0.0931512
-0.0961674
-0.0869039
-0.0766873
-0.0771229
-0.0883153
-0.1002271
-0.1039257
-0.1004607
-0.0987907
-0.1056517
-0.1181272
-0.1260603
-0.1209894
-0.1029499
-0.0802924
-0.0638518
-0.0597749
-0.0658609
-0.0745831
-0.0805916
-0.0854280
-0.0944667
-0.1093902
-0.1241830
-0.1288661
-0.1178751
-0.0957732
-0.0746569
-0.0646188
-0.0659103
-0.0706764
-0.0720979
-0.0706904
-0.0715330
-0.0769475
-0.0832528
-0.0844337
-0.0782463
-0.0685789
-0.0617072
-0.0598296
-0.0583268
-0.0499069
-0.0316351
-0.0078555
0.0133797
0.0265517
0.0324321
0.0368736
0.0453528
0.0570090
0.0635392
0.0552327
0.0297346
-0.0042234
-0.0318344
-0.0423497
-0.0364975
-0.0249882
-0.0187562
-0.0193948
-0.0191801
-0.0107887
0.0037568
0.0145624
0.0137548
0.0030248
-0.0085755
-0.0136556
-0.0131337
-0.0141863
-0.0218921
-0.0333542
-0.0405209
-0.0385183
-0.0304807
-0.0242358
-0.0249975
-0.0313148
-0.0371825
-0.0375601
-0.0324001
-0.0260548
-0.0230283
-0.0243162
-0.0275464
-0.0298318
-0.0300608
-0.0292477
-0.0295098
-0.0319329
-0.0340833
-0.0301766
-0.0160688
0.0045928
0.0205276
0.0216839
0.0094163
-0.0027529
-0.0004157
0.0181391
0.0396016
0.0477941
0.0384762
0.0218843
0.0114323
0.0115585
0.0166692
0.0194235
0.0177650
0.0146359
0.0134598
0.0151720
0.0186522
0.0224870
0.0257303
0.0274306
0.0262748
0.0211867
0.0121766
0.0004991
-0.0116949
-0.0217832
-0.0276045
-0.0289044
-0.0276971
-0.0265124
-0.0263477
-0.0267011
-0.0269739
-0.0267981
-0.0253478
-0.0218782
-0.0175308
-0.0154778
-0.0180595
-0.0237914
-0.0279437
-0.0265653
-0.0200479
-0.0127899
-0.0094758
-0.0116267
-0.0171411
-0.0221429
-0.0231208
-0.0190094
-0.0132312
-0.0131953
-0.0247635
-0.0451591
-0.0625097
-0.0649067
-0.0509718
-0.0311748
-0.0186945
-0.0191588
-0.0284499
-0.0387056
-0.0454119
-0.0494437
-0.0539402
-0.0601344
-0.0657431
-0.0666883
-0.0608208
-0.0509453
-0.0437735
-0.0441000
-0.0495126
-0.0527176
-0.0502458
-0.0467047
-0.0478903
-0.0514786
-0.0491345
-0.0385017
-0.0278418
-0.0246538
-0.0234708
-0.0126302
0.0061943
0.0144051
-0.0000258
-0.0215440
-0.0239389
-0.0112580
-0.0234336
-0.0781336
-0.1068560
0.0232202
0.3927202
0.9269955
1.4221674
1.6882149
1.6732213
1.4567596
1.1441851
0.7893225
0.4155163
0.0756553
-0.1482244
-0.2148258
-0.1739794
-0.1278094
-0.1409414
-0.1970060
-0.2399638
-0.2420206
-0.2220557
-0.2084763
-0.2030419
-0.1872148
-0.1532085
-0.1165000
-0.0976673
-0.1003784
-0.1114797
-0.1180172
-0.1182100
-0.1168101
-0.1159926
-0.1140441
-0.1100541
-0.1059112
-0.1037586
-0.1040088
-0.1063666
-0.1108312
-0.1164220
-0.1198770
-0.1171500
-0.1067718
-0.0917248
-0.0780608
-0.0713748
-0.0734967
-0.0812897
-0.0884261
-0.0896235
-0.0848407
-0.0797006
-0.0806223
-0.0885111
-0.0976321
-0.1014475
-0.0990737
-0.0950593
-0.0935058
-0.0944379
-0.0964841
-0.1009127
-0.1105053
-0.1245350
-0.1372036
-0.1427928
-0.1417788
-0.1400751
-0.1416512
-0.1432845
-0.1381908
-0.1245403
-0.1086301
-0.0988138
-0.0972384
-0.0983851
-0.0949588
-0.0842136
-0.0692801
-0.0560751
-0.0491723
-0.0489109
-0.0509458
-0.0491078
-0.0405392
-0.0290434
-0.0225651
-0.0258377
-0.0351359
-0.0414004
-0.0394893
-0.0337363
-0.0332112
-0.0416732
-0.0534692
-0.0595969
-0.0565676
-0.0486956
-0.0431592
-0.0446424
-0.0542275
-0.0705349
-0.0895615
-0.1042527
-0.1075708
-0.0984556
-0.0841309
-0.0741970
-0.0715886
-0.0706933
-0.0652944
-0.0569744
-0.0538171
-0.0612300
-0.0760349
-0.0900874
-0.0979667
-0.0998804
-0.0984452
-0.0951093
-0.0901468
-0.0839510
-0.0762583
-0.0647662
-0.0471139
-0.0254928
-0.0076541
-0.0009210
-0.0048481
-0.0112502
-0.0121739
-0.0070436
-0.0016865
-0.0016998
-0.0079049
-0.0172007
-0.0256854
-0.0304754
-0.0303567
-0.0266757
-0.0236224
-0.0260079
-0.0354304
-0.0487220
-0.0608928
-0.0696314
-0.0763685
-0.0831189
-0.0894165
-0.0928725
-0.0918372
-0.0867399
-0.0797465
-0.0744514
-0.0751596
-0.0838598
-0.0965315
-0.1040718
-0.0995755
-0.0854702
-0.0719543
-0.0669607
-0.0681772
-0.0665295
-0.0577916
-0.0490362
-0.0518893
-0.0695956
-0.0921019
-0.1044352
-0.0995358
-0.0832619
-0.0682635
-0.0634150
-0.0675332
-0.0713569
-0.0655512
-0.0483279
-0.0265360
-0.0096804
-0.0029767
-0.0058756
-0.0154950
-0.0288558
-0.0414591
-0.0473610
-0.0449819
-0.0422810
-0.0504387
-0.0685721
-0.0788683
-0.0646177
-0.0334046
-0.0130211
-0.0176769
-0.0262107
-0.0091986
0.0209584
0.0084095
-0.0726152
-0.1419302
-0.0401768
0.3337749
0.8993564
1.4202806
1.6728825
1.6018765
1.3217825
0.9842668
0.6609377
0.3486752
0.0536322
-0.1681666
-0.2614941
-0.2409830
-0.1870483
-0.1716398
-0.1997661
-0.2269578
-0.2208926
-0.1924957
-0.1704342
-0.1622866
-0.1515925
-0.1267821
-0.0995677
-0.0903945
-0.1027669
-0.1191433
-0.1211050
-0.1081434
-0.0952568
-0.0961151
-0.1117357
-0.1333491
-0.1514167
-0.1604672
-0.1590944
-0.1500504
-0.1407120
-0.1393932
-0.1475515
-0.1560441
-0.1521653
-0.1323127
-0.1069792
-0.0916220
-0.0920985
-0.0996384
-0.1003680
-0.0890853
-0.0730404
-0.0628805
-0.0616009
-0.0631671
-0.0605577
-0.0529927
-0.0450193
-0.0405327
-0.0394519
-0.0396870
-0.0405132
-0.0433410
-0.0501778
-0.0621400
-0.0786063
-0.0962145
-0.1085586
-0.1089573
-0.0959181
-0.0761318
-0.0601429
-0.0533296
-0.0512641
-0.0448328
-0.0297556
-0.0102445
0.0063503
0.0169025
0.0239435
0.0313385
0.0404516
0.0503405
0.0594442
0.0655088
0.0651176
0.0561368
0.0417094
0.0297797
0.0259209
0.0264760
0.0211619
0.0041562
-0.0183420
-0.0334323
-0.0346177
-0.0284501
-0.0276189
-0.0382387
-0.0545856
-0.0655802
-0.0651979
-0.0567236
-0.0486530
-0.0477524
-0.0549385
-0.0652599
-0.0709097
-0.0663085
-0.0528903
-0.0389991
-0.0329093
-0.0346167
-0.0355092
-0.0275326
-0.0122319
0.0008720
0.0051677
0.0045977
0.0089715
0.0222581
0.0375205
0.0443741
0.0401887
0.0322417
0.0290546
0.0313994
0.0326078
0.0264206
0.0131762
-0.0010608
-0.0097958
-0.0105120
-0.0058237
-0.0017563
-0.0039324
-0.0131673
-0.0238628
-0.0280000
-0.0224683
-0.0126055
-0.0071757
-0.0090501
-0.0117339
-0.0064442
0.0074026
0.0199940
0.0201793
0.0064284
-0.0116505
-0.0224616
-0.0227365
-0.0190783
-0.0200277
-0.0270407
-0.0332669
-0.0310213
-0.0202126
-0.0090444
-0.0060862
-0.0117345
-0.0180616
-0.0175625
-0.0116905
-0.0096949
-0.0184996
-0.0346245
-0.0474409
-0.0503288
-0.0470835
-0.0465176
-0.0521215
-0.0589496
-0.0605062
-0.0565026
-0.0524016
-0.0524085
-0.0549560
-0.0553952
-0.0513728
-0.0441520
-0.0355956
-0.0261269
-0.0164148
-0.0092518
-0.0075637
-0.0105576
-0.0137294
-0.0139010
-0.0133802
-0.0174507
-0.0272561
-0.0363193
-0.0357544
-0.0237153
-0.0090732
-0.0042655
-0.0134947
-0.0283818
-0.0364255
-0.0340571
-0.0302555
-0.0361679
-0.0516666
-0.0640201
-0.0610976
-0.0451487
-0.0317208
-0.0342392
-0.0507094
-0.0667210
-0.0708167
-0.0651091
-0.0605103
-0.0635529
-0.0698572
-0.0700806
-0.0602192
-0.0451541
-0.0332308
-0.0286990
-0.0291629
-0.0290379
-0.0249001
-0.0182605
-0.0140136
-0.0158992
-0.0225927
-0.0282675
-0.0280747
-0.0235964
-0.0219587
-0.0285201
-0.0409511
-0.0518191
-0.0568497
-0.0589431
-0.0634150
-0.0711036
-0.0780501
-0.0808868
-0.0795975
-0.0745452
-0.0642691
-0.0490700
-0.0341911
-0.0240738
-0.0135240
0.0074615
0.0338164
0.0374136
-0.0031475
-0.0535716
-0.0145167
0.2136259
0.6359460
1.1296181
1.5145360
1.6688239
1.5864480
1.3387778
1.0007294
0.6228854
0.2576007
-0.0237083
-0.1656385
-0.1804042
-0.1466489
-0.1440325
-0.1893329
-0.2397299
-0.2522805
-0.2290968
-0.2033282
-0.1937606
-0.1862550
-0.1589242
-0.1134842
-0.0737002
-0.0571556
-0.0575696
-0.0566981
-0.0470025
-0.0371678
-0.0378661
-0.0483250
-0.0585414
-0.0607460
-0.0555137
-0.0483901
-0.0440913
-0.0442956
-0.0482356
-0.0537359
-0.0590770
-0.0654880
-0.0766417
-0.0932074
-0.1080784
-0.1104698
-0.0974771
-0.0801044
-0.0740639
-0.0833372
-0.0953970
-0.0952091
-0.0827711
-0.0733655
-0.0793136
-0.0941987
-0.0984890
-0.0809517
-0.0517840
-0.0325530
-0.0341262
-0.0467594
-0.0521586
-0.0429761
-0.0285086
-0.0222875
-0.0270282
-0.0332504
-0.0312118
-0.0216780
-0.0140554
-0.0151244
-0.0213417
-0.0229833
-0.0153353
-0.0045824
-0.0015510
-0.0093221
-0.0178116
-0.0120890
0.0128316
0.0455793
0.0677197
0.0700427
0.0593492
0.0490868
0.0448090
0.0408857
0.0312230
0.0197541
0.0168847
0.0258687
0.0364593
0.0350948
0.0206033
0.0067057
0.0074673
0.0219625
0.0357021
0.0370114
0.0293438
0.0256748
0.0322307
0.0408163
0.0383257
0.0219185
0.0023234
-0.0080955
-0.0085446
-0.0093792
-0.0189378
-0.0328751
-0.0382591
-0.0279551
-0.0091561
0.0035610
0.0029186
-0.0048856
-0.0088238
-0.0059580
-0.0037069
-0.0094417
-0.0203495
-0.0259609
-0.0203978
-0.0095524
-0.0043725
-0.0081997
-0.0133925
-0.0112611
-0.0031593
0.0008626
-0.0055584
-0.0163843
-0.0186545
-0.0062411
0.0134340
0.0269364
0.0279974
0.0220989
0.0184508
0.0192693
0.0183789
0.0099461
-0.0032102
-0.0113488
-0.0077436
0.0040388
0.0134394
0.0133070
0.0063254
0.0006760
-0.0001341
-0.0017712
-0.0124761
-0.0324262
-0.0511649
-0.0567158
-0.0470711
-0.0318082
-0.0221562
-0.0202945
-0.0192065
-0.0124951
-0.0025831
0.0020059
-0.0031597
-0.0127178
-0.0169059
-0.0119417
-0.0038922
-0.0021369
-0.0098718
-0.0215823
-0.0292618
-0.0301258
-0.0280950
-0.0286475
-0.0331604
-0.0382435
-0.0398326
-0.0375391
-0.0353802
-0.0385332
-0.0487556
-0.0621471
-0.0716834
-0.0732280
-0.0696733
-0.0682236
-0.0724898
-0.0778549
-0.0764888
-0.0674965
-0.0601067
-0.0643585
-0.0788037
-0.0902092
-0.0873341
-0.0735478
-0.0630673
-0.0646603
-0.0719555
-0.0715257
-0.0583214
-0.0400808
-0.0273179
-0.0227565
-0.0215775
-0.0179373
-0.0078993
0.0100479
0.0294413
0.0307100
-0.0053027
-0.0629518
-0.0698943
0.0716640
0.4068023
0.8678242
1.2965521
1.5402983
1.5407906
1.3438197
1.0378935
0.6934184
0.3540447
0.0615713
-0.1381087
-0.2236417
-0.2234642
-0.1989270
-0.1970421
-0.2209897
-0.2448267
-0.2489155
-0.2355505
-0.2153720
-0.1904364
-0.1567374
-0.1181607
-0.0887506
-0.0783234
-0.0805156
-0.0798182
-0.0695948
-0.0591272
-0.0615807
-0.0778482
-0.0950055
-0.0998079
-0.0909769
-0.0778334
-0.0696169
-0.0684291
-0.0713354
-0.0758223
-0.0813684
-0.0872840
-0.0918171
-0.0942194
-0.0961380
-0.0993548
-0.1025074
-0.1018072
-0.0959569
-0.0894124
-0.0891609
-0.0978685
-0.1111691
-0.1224185
-0.1294210
-0.1352504
-0.1424730
-0.1481420
-0.1460338
-0.1338079
-0.1167318
-0.1035208
-0.0988012
-0.1000592
-0.1012986
-0.0984454
-0.0910986
-0.0806485
-0.0684234
-0.0556327
-0.0435270
-0.0324162
-0.0208940
-0.0071102
0.0088439
0.0243592
0.0365315
0.0446370
0.0499124
0.0531493
0.0535058
0.0503281
0.0455311
0.0427719
0.0434287
0.0438607
0.0377841
0.0219999
-0.0004600
-0.0232595
-0.0425803
-0.0593571
-0.0755810
-0.0893926
-0.0953466
-0.0901837
-0.0776051
-0.0661752
-0.0621003
-0.0643748
-0.0670763
-0.0658752
-0.0619137
-0.0597447
-0.0622004
-0.0673520
-0.0699816
-0.0659285
-0.0557456
-0.0448290
-0.0396077
-0.0423837
-0.0491024
-0.0525244
-0.0484441
-0.0392321
-0.0312541
-0.0288702
-0.0310694
-0.0336002
-0.0336230
-0.0320142
-0.0317369
-0.0345897
-0.0393165
-0.0423077
-0.0403452
-0.0335774
-0.0261125
-0.0227603
-0.0241515
-0.0253047
-0.0202172
-0.0085164
0.0029912
0.0061883
-0.0007514
-0.0116514
-0.0179299
-0.0159097
-0.0095384
-0.0068117
-0.0127128
-0.0237008
-0.0289527
-0.0197541
0.0000066
0.0144525
0.0109271
-0.0047463
-0.0126329
-0.0016247
0.0158154
0.0188214
0.0074968
0.0064709
0.0305184
0.0539436
0.0343420
-0.0201834
-0.0168389
0.1642828
0.5587588
1.0600073
1.4786247
1.6667920
1.5955519
1.3317055
0.9651830
0.5684148
0.2052090
-0.0600793
-0.1893486
-0.2050456
-0.1796758
-0.1786482
-0.2129176
-0.2484519
-0.2546962
-0.2346827
-0.2097649
-0.1884276
-0.1609609
-0.1216927
-0.0845272
-0.0698606
-0.0802805
-0.0963915
-0.0976530
-0.0828019
-0.0672952
-0.0638384
-0.0696574
-0.0725650
-0.0655068
-0.0529110
-0.0446674
-0.0466098
-0.0566885
-0.0680909
-0.0750908
-0.0772566
-0.0793499
-0.0865283
-0.0983193
-0.1075219
-0.1066856
-0.0964893
-0.0866452
-0.0870601
-0.0980242
-0.1100115
-0.1133266
-0.1070979
-0.0984087
-0.0936348
-0.0919181
-0.0870237
-0.0743734
-0.0557657
-0.0381367
-0.0285394
-0.0294653
-0.0371326
-0.0435605
-0.0417164
-0.0307785
-0.0170925
-0.0088692
-0.0085400
-0.0101128
-0.0049122
0.0094025
0.0257323
0.0340227
0.0310224
0.0232190
0.0197847
0.0229454
0.0259933
0.0209714
0.0076511
-0.0058343
-0.0111740
-0.0080020
-0.0036987
-0.0058488
-0.0155081
-0.0272900
-0.0347235
-0.0352185
-0.0312282
-0.0281308
-0.0306161
-0.0391413
-0.0487260
-0.0523014
-0.0471533
-0.0384202
-0.0348818
-0.0403015
-0.0495621
-0.0543676
-0.0524176
-0.0496638
-0.0532147
-0.0632293
-0.0728096
-0.0752760
-0.0703664
-0.0634292
-0.0598605
-0.0608169
-0.0631365
-0.0622200
-0.0556102
-0.0454235
-0.0375794
-0.0370540
-0.0425909
-0.0468367
-0.0433008
-0.0332954
