-0.0605076
-0.0723889
-0.0626890
-0.0551500
-0.0584724
-0.0613042
-0.0576952
-0.0548813
-0.0574494
-0.0617068
-0.0655112
-0.0694889
-0.0696194
-0.0616303
-0.0517226
-0.0509295
-0.0593908
-0.0667999
-0.0677177
-0.0666071
-0.0681130
-0.0713399
-0.0739981
-0.0749389
-0.0725968
-0.0668295
-0.0616912
-0.0614807
-0.0652675
-0.0692497
-0.0721182
-0.0742300
-0.0746718
-0.0734345
-0.0733059
-0.0752588
-0.0751159
-0.0692961
-0.0611778
-0.0573597
-0.0594822
-0.0632440
-0.0638468
-0.0598151
-0.0533077
-0.0487474
-0.0492897
-0.0532307
-0.0558197
-0.0550090
-0.0526532
-0.0501015
-0.0466596
-0.0431718
-0.0427594
-0.0461325
-0.0495815
-0.0496075
-0.0470394
-0.0450325
-0.0449656
-0.0453944
-0.0437132
-0.0387322
-0.0328641
-0.0308083
-0.0341364
-0.0385077
-0.0389197
-0.0366065
-0.0376078
-0.0449672
-0.0552869
-0.0630398
-0.0658807
-0.0653546
-0.0640095
-0.0624247
-0.0591436
-0.0542322
-0.0518209
-0.0557807
-0.0625525
-0.0630944
-0.0549383
-0.0479452
-0.0522428
-0.0617785
-0.0568546
-0.0272430
0.0094771
0.0181758
-0.0206880
-0.0864649
-0.1268031
-0.0895055
0.0548405
0.3134940
0.6730670
1.0800038
1.4226283
1.5625403
1.4192350
1.0414059
0.5904409
0.2372993
0.0565129
0.0038975
-0.0145371
-0.0555409
-0.1104739
-0.1439051
-0.1425810
-0.1240384
-0.1101945
-0.1059023
-0.1034349
-0.0982279
-0.0941705
-0.0961782
-0.1027680
-0.1076601
-0.1073466
-0.1051658
-0.1068751
-0.1129757
-0.1173467
-0.1139819
-0.1035604
-0.0925791
-0.0872128
-0.0886212
-0.0928304
-0.0942539
-0.0904875
-0.0846682
-0.0824335
-0.0860105
-0.0919643
-0.0948584
-0.0921533
-0.0856371
-0.0795678
-0.0777023
-0.0806185
-0.0851775
-0.0874539
-0.0865807
-0.0850942
-0.0856354
-0.0882546
-0.0908557
-0.0913322
-0.0893575
-0.0868957
-0.0866836
-0.0893770
-0.0925865
-0.0936066
-0.0926374
-0.0923317
-0.0944453
-0.0976630
-0.0983419
-0.0929445
-0.0806467
-0.0644666
-0.0491654
-0.0371225
-0.0266414
-0.0147137
-0.0006241
0.0136989
0.0259089
0.0350522
0.0420590
0.0493611
0.0594078
0.0726230
0.0869094
0.0994894
0.1090643
0.1162143
0.1220624
0.1263747
0.1267142
0.1203971
0.1083847
0.0963531
0.0899392
0.0888040
0.0869947
0.0795725
0.0675863
0.0560597
0.0482998
0.0430122
0.0363379
0.0258657
0.0126647
-0.0000581
-0.0096567
-0.0152578
-0.0174404
-0.0184099
-0.0222519
-0.0324646
-0.0476284
-0.0609841
-0.0663888
-0.0644690
-0.0615382
-0.0625846
-0.0664564
-0.0679265
-0.0634051
-0.0541659
-0.0445298
-0.0376562
-0.0335120
-0.0305362
-0.0279610
-0.0256732
-0.0229467
-0.0190673
-0.0149153
-0.0120998
-0.0102767
-0.0071044
-0.0017259
0.0030556
0.0033895
-0.0012688
-0.0073954
-0.0110583
-0.0118170
-0.0125778
-0.0154943
-0.0185760
-0.0174294
-0.0106566
-0.0024469
0.0010887
-0.0023402
-0.0096348
-0.0156190
-0.0171721
-0.0151650
-0.0138448
-0.0179280
-0.0285596
-0.0413841
-0.0493484
-0.0483831
-0.0408528
-0.0335513
-0.0318809
-0.0353039
-0.0384459
-0.0370963
-0.0328261
-0.0308387
-0.0335168
-0.0374934
-0.0375737
-0.0324200
-0.0255535
-0.0214431
-0.0214402
-0.0232615
-0.0237345
-0.0218650
-0.0194232
-0.0188283
-0.0207856
-0.0238432
-0.0255185
-0.0238053
-0.0189179
-0.0143925
-0.0149847
-0.0215217
-0.0285600
-0.0298062
-0.0265150
-0.0278545
-0.0402541
-0.0571376
-0.0628820
-0.0498535
-0.0307037
-0.0299780
-0.0602878
-0.1058930
-0.1287766
-0.0876375
0.0494885
0.3002385
0.6541656
1.0483800
1.3630669
1.4683381
1.3062161
0.9424247
0.5335798
0.2269274
0.0731297
0.0213274
-0.0108867
-0.0643581
-0.1235881
-0.1556403
-0.1505666
-0.1256483
-0.1026056
-0.0897544
-0.0840152
-0.0817293
-0.0827874
-0.0867428
-0.0900967
-0.0896639
-0.0868949
-0.0863800
-0.0899351
-0.0939849
-0.0936694
-0.0883149
-0.0816668
-0.0774486
-0.0760321
-0.0753552
-0.0739518
-0.0725937
-0.0732676
-0.0767053
-0.0810004
-0.0831510
-0.0823418
-0.0813024
-0.0837915
-0.0906228
-0.0983522
-0.1020297
-0.0996412
-0.0943181
-0.0919321
-0.0956556
-0.1026065
-0.1063739
-0.1031119
-0.0948481
-0.0869173
-0.0828400
-0.0818443
-0.0805774
-0.0765688
-0.0701892
-0.0636653
-0.0583862
-0.0532872
-0.0458547
-0.0344430
-0.0196088
-0.0037696
0.0101546
0.0205344
0.0283213
0.0362305
0.0458439
0.0556779
0.0629045
0.0670178
0.0710479
0.0787470
0.0908211
0.1042108
0.1150795
0.1222972
0.1275790
0.1320190
0.1332482
0.1272964
0.1135807
0.0970347
0.0843518
0.0781418
0.0749941
0.0689875
0.0569392
0.0407315
0.0250824
0.0131149
0.0039730
-0.0053896
-0.0165384
-0.0280729
-0.0374428
-0.0435038
-0.0472308
-0.0505104
-0.0544489
-0.0585114
-0.0611882
-0.0617460
-0.0613033
-0.0618408
-0.0640736
-0.0665474
-0.0670194
-0.0648271
-0.0619087
-0.0610764
-0.0627427
-0.0637630
-0.0607990
-0.0550587
-0.0520303
-0.0550794
-0.0603124
-0.0599620
-0.0511911
-0.0397206
-0.0335643
-0.0344263
-0.0371830
-0.0373577
-0.0361632
-0.0365052
-0.0366477
-0.0322296
-0.0246475
-0.0220167
-0.0277986
-0.0322113
-0.0223491
-0.0017621
0.0075301
-0.0113359
-0.0473109
-0.0679465
-0.0455150
0.0341029
0.1904346
0.4569613
0.8410088
1.2623018
1.5512848
1.5475537
1.2289971
0.7469260
0.3201210
0.0790732
0.0004271
-0.0234079
-0.0671366
-0.1243067
-0.1524991
-0.1387094
-0.1109449
-0.0992982
-0.1044750
-0.1082400
-0.1025285
-0.0970451
-0.1010202
-0.1088540
-0.1089277
-0.1007825
-0.0961089
-0.1030146
-0.1152783
-0.1202960
-0.1147457
-0.1081856
-0.1109225
-0.1216431
-0.1295151
-0.1273950
-0.1199774
-0.1177643
-0.1248378
-0.1347758
-0.1384438
-0.1339214
-0.1277978
-0.1275086
-0.1334994
-0.1391290
-0.1378774
-0.1302134
-0.1230817
-0.1227464
-0.1287059
-0.1349068
-0.1362472
-0.1329684
-0.1287877
-0.1259046
-0.1228631
-0.1172442
-0.1094017
-0.1023778
-0.0979776
-0.0941414
-0.0874507
-0.0777494
-0.0684543
-0.0616131
-0.0542813
-0.0417257
-0.0240289
-0.0075944
0.0011947
0.0032329
0.0062046
0.0162903
0.0312288
0.0428425
0.0463347
0.0455354
0.0479897
0.0560456
0.0646595
0.0678712
0.0653234
0.0610794
0.0572256
0.0508772
0.0383013
0.0208579
0.0052439
-0.0027057
-0.0038028
-0.0044293
-0.0100569
-0.0207383
-0.0329135
-0.0442288
-0.0554245
-0.0679500
-0.0809634
-0.0911679
-0.0953912
-0.0933991
-0.0885240
-0.0853738
-0.0862486
-0.0893623
-0.0906814
-0.0878018
-0.0821769
-0.0775015
-0.0758173
-0.0753223
-0.0723317
-0.0653395
-0.0564655
-0.0485545
-0.0418089
-0.0345888
-0.0272032
-0.0229264
-0.0239580
-0.0273160
-0.0267583
-0.0197086
-0.0114662
-0.0110593
-0.0221420
-0.0384417
-0.0491899
-0.0493752
-0.0440713
-0.0423246
-0.0474612
-0.0542653
-0.0554681
-0.0499418
-0.0438261
-0.0438023
-0.0499022
-0.0555539
-0.0549502
-0.0498290
-0.0478908
-0.0540612
-0.0642165
-0.0688786
-0.0633963
-0.0535166
-0.0498241
-0.0565359
-0.0666321
-0.0689850
-0.0602312
-0.0484748
-0.0444980
-0.0501358
-0.0567870
-0.0553819
-0.0461139
-0.0371949
-0.0350686
-0.0379158
-0.0394442
-0.0375347
-0.0369700
-0.0429498
-0.0534009
-0.0598547
-0.0565328
-0.0471684
-0.0414218
-0.0449136
-0.0541536
-0.0614833
-0.0635712
-0.0637356
-0.0662975
-0.0703559
-0.0705513
-0.0639545
-0.0549046
-0.0517409
-0.0586206
-0.0713665
-0.0818127
-0.0857583
-0.0861831
-0.0890482
-0.0966660
-0.1053178
-0.1089505
-0.1048910
-0.0960061
-0.0876488
-0.0830445
-0.0818697
-0.0825513
-0.0845518
-0.0878360
-0.0911224
-0.0922006
-0.0904200
-0.0879820
-0.0877989
-0.0901649
-0.0924420
-0.0922830
-0.0900042
-0.0867333
-0.0814941
-0.0729401
-0.0643457
-0.0629635
-0.0704442
-0.0756240
-0.0635502
-0.0358064
-0.0180255
-0.0390003
-0.0978218
-0.1533547
-0.1486551
-0.0447884
0.1686423
0.4843946
0.8773405
1.2796585
1.5677492
1.6078904
1.3489232
0.8821662
0.3985155
0.0652571
-0.0741471
-0.0945164
-0.0967105
-0.1234597
-0.1533708
-0.1552719
-0.1321113
-0.1130069
-0.1167402
-0.1344133
-0.1461126
-0.1452660
-0.1421471
-0.1478014
-0.1607510
-0.1702660
-0.1688518
-0.1588991
-0.1484613
-0.1432967
-0.1436016
-0.1464841
-0.1495455
-0.1520341
-0.1540478
-0.1556480
-0.1564443
-0.1554947
-0.1518873
-0.1459828
-0.1399056
-0.1360938
-0.1351058
-0.1352654
-0.1348250
-0.1342668
-0.1358970
-0.1407595
-0.1461260
-0.1468171
-0.1397926
-0.1275378
-0.1164369
-0.1114881
-0.1126386
-0.1160414
-0.1181805
-0.1183861
-0.1178981
-0.1174715
-0.1163666
-0.1133946
-0.1083811
-0.1022959
-0.0961361
-0.0901290
-0.0841304
-0.0782973
-0.0728610
-0.0674013
-0.0608926
-0.0526385
-0.0429536
-0.0329514
-0.0239327
-0.0168322
-0.0115362
-0.0062300
0.0021169
0.0154000
0.0315872
0.0446198
0.0486500
0.0437802
0.0374213
0.0384277
0.0486837
0.0606296
0.0638406
0.0543686
0.0376938
0.0229719
0.0149097
0.0109820
0.0055336
-0.0042268
-0.0161251
-0.0259939
-0.0320280
-0.0361892
-0.0418045
-0.0502038
-0.0597128
-0.0676796
-0.0732503
-0.0779916
-0.0837635
-0.0903136
-0.0954163
-0.0972230
-0.0957803
-0.0922957
-0.0882415
-0.0859606
-0.0884826
-0.0960572
-0.1028154
-0.1001944
-0.0864578
-0.0713027
-0.0668700
-0.0728138
-0.0738704
-0.0565079
-0.0274350
-0.0106288
-0.0223087
-0.0493008
-0.0528691
0.0089243
0.1642103
0.4231746
0.7709196
1.1493290
1.4520263
1.5636127
1.4321107
1.1148384
0.7469045
0.4509917
0.2656438
0.1509597
0.0535447
-0.0400454
-0.1074276
-0.1313308
-0.1243480
-0.1148068
-0.1186481
-0.1312150
-0.1420688
-0.1494961
-0.1585194
-0.1704485
-0.1803465
-0.1846011
-0.1864822
-0.1916159
-0.1999293
-0.2053048
-0.2034656
-0.1976408
-0.1947562
-0.1972925
-0.2010451
-0.2009212
-0.1968891
-0.1928425
-0.1906105
-0.1872069
-0.1788392
-0.1664932
-0.1559184
-0.1517842
-0.1529724
-0.1545186
-0.1535261
-0.1517740
-0.1523026
-0.1547720
-0.1553502
-0.1508239
-0.1417856
-0.1316602
-0.1234763
-0.1180545
-0.1145717
-0.1117118
-0.1081402
-0.1030076
-0.0970193
-0.0925631
-0.0913596
-0.0914706
-0.0877941
-0.0768863
-0.0611313
-0.0468508
-0.0377382
-0.0309966
-0.0208419
-0.0054346
0.0108176
0.0223039
0.0288082
0.0361117
0.0499370
0.0700037
0.0904364
0.1053246
0.1129807
0.1151655
0.1138498
0.1098355
0.1037081
0.0964309
0.0884826
0.0793780
0.0688118
0.0576195
0.0464740
0.0338972
0.0174029
-0.0021321
-0.0185119
-0.0252993
-0.0236579
-0.0228761
-0.0306622
-0.0436914
-0.0507254
-0.0458733
-0.0359408
-0.0322148
-0.0368628
-0.0414754
-0.0393110
-0.0342456
-0.0340275
-0.0378538
-0.0371424
-0.0294101
-0.0241893
-0.0291850
-0.0349816
-0.0240071
0.0026095
0.0172018
-0.0046549
-0.0485916
-0.0666560
-0.0210523
0.0883457
0.2490179
0.4758557
0.7974249
1.1849458
1.5094817
1.6055074
1.4042702
1.0064950
0.6105559
0.3586979
0.2481505
0.1816053
0.0865763
-0.0236311
-0.0925415
-0.0974144
-0.0712596
-0.0594320
-0.0730762
-0.0905252
-0.0929923
-0.0862944
-0.0878764
-0.1027860
-0.1191724
-0.1242719
-0.1182811
-0.1113618
-0.1113102
-0.1172652
-0.1237302
-0.1271978
-0.1280664
-0.1283608
-0.1296166
-0.1325730
-0.1371342
-0.1417946
-0.1439826
-0.1422477
-0.1383016
-0.1360597
-0.1380081
-0.1427228
-0.1464713
-0.1472204
-0.1465605
-0.1474607
-0.1505438
-0.1531973
-0.1525312
-0.1487902
-0.1453219
-0.1451373
-0.1479190
-0.1506400
-0.1507980
-0.1486597
-0.1465259
-0.1462679
-0.1475396
-0.1478774
-0.1444748
-0.1365968
-0.1268801
-0.1197937
-0.1176277
-0.1174068
-0.1124376
-0.0981013
-0.0765818
-0.0552719
-0.0397302
-0.0282058
-0.0136969
0.0083810
0.0350143
0.0582913
0.0727753
0.0796404
0.0838126
0.0880664
0.0906203
0.0881762
0.0803652
0.0706145
0.0628377
0.0578214
0.0530606
0.0457958
0.0358537
0.0256976
0.0182233
0.0146345
0.0139530
0.0140491
0.0132068
0.0112339
0.0094333
0.0093453
0.0110848
0.0127009
0.0114342
0.0060683
-0.0017955
-0.0090398
-0.0138330
-0.0170327
-0.0206370
-0.0250200
-0.0280899
-0.0272952
-0.0222773
-0.0155019
-0.0105152
-0.0096398
-0.0129101
-0.0185898
-0.0244968
-0.0292271
-0.0326632
-0.0354815
-0.0379678
-0.0392460
-0.0380384
-0.0345648
-0.0314734
-0.0321597
-0.0376446
-0.0452282
-0.0506362
-0.0517353
-0.0501818
-0.0494306
-0.0510694
-0.0529937
-0.0512589
-0.0440922
-0.0343286
-0.0275871
-0.0274005
-0.0318435
-0.0352742
-0.0338335
-0.0291925
-0.0264975
-0.0285604
-0.0326148
-0.0333130
-0.0286687
-0.0222669
-0.0192959
-0.0209247
-0.0231808
-0.0212911
-0.0147185
-0.0079264
-0.0064559
-0.0120517
-0.0209802
-0.0269262
-0.0262258
-0.0210658
-0.0175501
-0.0200185
-0.0269776
-0.0328957
-0.0341178
-0.0325287
-0.0330122
-0.0378888
-0.0448801
-0.0505255
-0.0542473
-0.0580950
-0.0633871
-0.0692566
-0.0745327
-0.0792746
-0.0834188
-0.0853379
-0.0837717
-0.0808268
-0.0805290
-0.0831602
-0.0830678
-0.0748629
-0.0614325
-0.0525625
-0.0539102
-0.0597536
-0.0599209
-0.0529606
-0.0478597
-0.0507530
-0.0542679
-0.0459719
-0.0272823
-0.0175039
-0.0339987
-0.0700510
-0.0962113
-0.0811269
-0.0034740
0.1569371
0.4235067
0.7938838
1.1952330
1.4828541
1.5153269
1.2591216
0.8280922
0.4113569
0.1459026
0.0419534
0.0157310
-0.0167040
-0.0760442
-0.1311787
-0.1516478
-0.1398687
-0.1201580
-0.1107033
-0.1122457
-0.1179152
-0.1248252
-0.1338378
-0.1432807
-0.1482890
-0.1464833
-0.1411359
-0.1371097
-0.1349836
-0.1308702
-0.1218360
-0.1100974
-0.1012061
-0.0986235
-0.1006426
-0.1024304
-0.1006654
-0.0963345
-0.0935172
-0.0954779
-0.1013969
-0.1066136
-0.1065335
-0.1009771
-0.0947300
-0.0932415
-0.0973675
-0.1025045
-0.1031806
-0.0983644
-0.0918998
-0.0877905
-0.0857370
-0.0819323
-0.0740558
-0.0645968
-0.0585725
-0.0581015
-0.0598228
-0.0579890
-0.0500052
-0.0388675
-0.0303700
-0.0280331
-0.0304285
-0.0329692
-0.0322743
-0.0292668
-0.0283862
-0.0335175
-0.0440631
-0.0547467
-0.0596764
-0.0571941
-0.0509257
-0.0458905
-0.0435036
-0.0405562
-0.0331057
-0.0209679
-0.0079539
0.0022627
0.0100264
0.0191200
0.0323881
0.0481952
0.0613856
0.0678058
0.0679495
0.0662139
0.0665253
0.0685720
0.0682850
0.0620870
0.0507056
0.0387025
0.0301263
0.0247017
0.0185414
0.0087253
-0.0030093
-0.0113953
-0.0125178
-0.0075066
-0.0013838
0.0015955
0.0013788
0.0011638
0.0035053
0.0076992
0.0109338
0.0115930
0.0109815
0.0116883
0.0145180
0.0174204
0.0176179
0.0146470
0.0110188
0.0097167
0.0111361
0.0127237
0.0117616
0.0083746
0.0055237
0.0059046
0.0090108
