-0.0681041
-0.0680445
-0.0626055
-0.0621162
-0.0685806
-0.0751619
-0.0766594
-0.0740216
-0.0707979
-0.0706001
-0.0755469
-0.0820726
-0.0814657
-0.0705911
-0.0590580
-0.0584671
-0.0663386
-0.0690480
-0.0612608
-0.0538544
-0.0582001
-0.0686978
-0.0685134
-0.0523602
-0.0368318
-0.0425544
-0.0670008
-0.0805739
-0.0512496
0.0343714
0.1805221
0.4000906
0.6948356
1.0023334
1.1813118
1.0896317
0.7057065
0.1747699
-0.2798814
-0.5091364
-0.5204547
-0.4292812
-0.3437405
-0.2950421
-0.2586227
-0.2139361
-0.1694894
-0.1407943
-0.1257409
-0.1104703
-0.0904503
-0.0752048
-0.0732886
-0.0801377
-0.0834710
-0.0771723
-0.0667227
-0.0617394
-0.0655503
-0.0729359
-0.0767274
-0.0747176
-0.0701022
-0.0672865
-0.0685988
-0.0735865
-0.0794933
-0.0829925
-0.0833205
-0.0836008
-0.0874967
-0.0944696
-0.0997583
-0.0994197
-0.0943836
-0.0890949
-0.0867458
-0.0862264
-0.0836559
-0.0768503
-0.0679845
-0.0612229
-0.0578557
-0.0548487
-0.0484498
-0.0380347
-0.0258369
-0.0141770
-0.0040167
0.0048076
0.0135120
0.0242955
0.0388108
0.0559163
0.0714745
0.0814570
0.0860876
0.0907777
0.1016919
0.1193485
0.1371986
0.1477676
0.1500791
0.1500389
0.1537893
0.1620284
0.1708698
0.1766006
0.1786162
0.1786221
0.1782221
0.1773694
0.1745367
0.1680177
0.1571504
0.1427017
0.1264793
0.1103291
0.0947418
0.0783631
0.0597827
0.0401815
0.0232315
0.0115548
0.0038817
-0.0034763
-0.0127785
-0.0232150
-0.0325996
-0.0396296
-0.0444470
-0.0478787
-0.0506252
-0.0528430
-0.0539532
-0.0526992
-0.0479069
-0.0400880
-0.0324801
-0.0293007
-0.0316526
-0.0355263
-0.0353594
-0.0299730
-0.0238705
-0.0220010
-0.0240367
-0.0247586
-0.0199222
-0.0110314
-0.0040298
-0.0034021
-0.0077555
-0.0113503
-0.0098933
-0.0045416
-0.0003094
-0.0011446
-0.0067167
-0.0131835
-0.0163941
-0.0148690
-0.0106131
-0.0070945
-0.0059492
-0.0056978
-0.0040142
-0.0009520
0.0007585
-0.0012843
-0.0063402
-0.0110534
-0.0127213
-0.0118254
-0.0111699
-0.0126965
-0.0157150
-0.0184676
-0.0205558
-0.0228132
-0.0252697
-0.0268171
-0.0273168
-0.0286286
-0.0323001
-0.0368060
-0.0384932
-0.0356940
-0.0311670
-0.0297169
-0.0333726
-0.0393177
-0.0427320
-0.0413581
-0.0371097
-0.0338635
-0.0344871
-0.0394457
-0.0465358
-0.0514470
-0.0504453
-0.0443205
-0.0388185
-0.0390100
-0.0431973
-0.0445664
-0.0397128
-0.0333310
-0.0322345
-0.0360558
-0.0374743
-0.0325180
-0.0267074
-0.0269832
-0.0296183
-0.0230261
-0.0054999
0.0059611
-0.0070252
-0.0376695
-0.0517301
-0.0146346
0.0856349
0.2473940
0.4752225
0.7667543
1.0655571
1.2420077
1.1576247
0.7800729
0.2409388
-0.2361862
-0.4867712
-0.5039562
-0.4044849
-0.3105758
-0.2648646
-0.2405842
-0.2055291
-0.1605554
-0.1249840
-0.1058444
-0.0929265
-0.0778443
-0.0658801
-0.0658258
-0.0751331
-0.0818491
-0.0798892
-0.0763272
-0.0811609
-0.0933580
-0.1009644
-0.0945918
-0.0777647
-0.0628350
-0.0583709
-0.0620597
-0.0651935
-0.0621501
-0.0547073
-0.0482988
-0.0459138
-0.0461806
-0.0460416
-0.0436315
-0.0385594
-0.0310209
-0.0219331
-0.0135129
-0.0082850
-0.0066326
-0.0056737
-0.0016098
0.0061398
0.0135848
0.0160201
0.0135720
0.0119550
0.0167531
0.0273340
0.0374845
0.0421211
0.0423909
0.0437785
0.0501401
0.0605714
0.0716652
0.0813059
0.0894053
0.0958993
0.0999665
0.1020343
0.1052410
0.1129614
0.1245733
0.1351209
0.1402760
0.1411074
0.1429427
0.1496187
0.1597290
0.1687555
0.1741061
0.1772575
0.1809963
0.1853138
0.1866980
0.1814601
0.1692544
0.1531581
0.1368366
0.1220792
0.1085529
0.0949105
0.0799442
0.0635709
0.0474923
0.0346409
0.0270969
0.0239798
0.0215226
0.0158377
0.0061959
-0.0043242
-0.0117654
-0.0150792
-0.0168661
-0.0203413
-0.0259582
-0.0312513
-0.0335657
-0.0324283
-0.0295146
-0.0270887
-0.0267332
-0.0289468
-0.0331310
-0.0377697
-0.0411933
-0.0428834
-0.0440750
-0.0463697
-0.0492519
-0.0495554
-0.0444614
-0.0352021
-0.0268874
-0.0239827
-0.0262927
-0.0298944
-0.0316323
-0.0318390
-0.0325736
-0.0341942
-0.0347001
-0.0323960
-0.0281641
-0.0243325
-0.0217794
-0.0192740
-0.0158444
-0.0126482
-0.0116263
-0.0130229
-0.0154959
-0.0185280
-0.0232079
-0.0297928
-0.0355186
-0.0364548
-0.0319097
-0.0259683
-0.0236790
-0.0259141
-0.0288945
-0.0289794
-0.0269981
-0.0270834
-0.0318263
-0.0397530
-0.0474788
-0.0529193
-0.0557095
-0.0558046
-0.0534661
-0.0505811
-0.0501902
-0.0533825
-0.0572189
-0.0572274
-0.0525164
-0.0475151
-0.0475611
-0.0528942
-0.0581064
-0.0580323
-0.0534182
-0.0499653
-0.0521919
-0.0591894
-0.0662786
-0.0696178
-0.0686422
-0.0650742
-0.0610310
-0.0582407
-0.0578182
-0.0595683
-0.0615473
-0.0613519
-0.0585770
-0.0556555
-0.0554782
-0.0581104
-0.0605749
-0.0602893
-0.0582183
-0.0579674
-0.0617765
-0.0678210
-0.0715881
-0.0698489
-0.0635577
-0.0573132
-0.0559131
-0.0606627
-0.0682511
-0.0731929
-0.0721489
-0.0667367
-0.0622342
-0.0628636
-0.0677706
-0.0717820
-0.0704839
-0.0644042
-0.0579226
-0.0545808
-0.0544066
-0.0556822
-0.0577135
-0.0606033
-0.0632130
-0.0635514
-0.0619354
-0.0619320
-0.0659526
-0.0703557
-0.0678484
-0.0564408
-0.0438993
-0.0399392
-0.0442290
-0.0462029
-0.0390134
-0.0300883
-0.0325191
-0.0464460
-0.0557062
-0.0475076
-0.0312346
-0.0294173
-0.0481352
-0.0631313
-0.0406492
0.0330932
0.1525680
0.3202143
0.5527592
0.8388381
1.0902942
1.1614452
0.9494780
0.4933013
-0.0299304
-0.4199170
-0.5815910
-0.5592954
-0.4646075
-0.3804371
-0.3247121
-0.2802141
-0.2359232
-0.1963786
-0.1662490
-0.1413100
-0.1165111
-0.0951090
-0.0846953
-0.0865517
-0.0930463
-0.0955185
-0.0919830
-0.0864398
-0.0829928
-0.0824466
-0.0833968
-0.0841497
-0.0831372
-0.0793612
-0.0739141
-0.0702187
-0.0709961
-0.0747289
-0.0764503
-0.0729280
-0.0665340
-0.0631894
-0.0665642
-0.0746623
-0.0817607
-0.0831060
-0.0780937
-0.0701399
-0.0641415
-0.0632177
-0.0664441
-0.0693114
-0.0674008
-0.0607534
-0.0544808
-0.0539027
-0.0585148
-0.0615479
-0.0565190
-0.0441162
-0.0317225
-0.0258411
-0.0255962
-0.0241378
-0.0160206
-0.0025391
0.0101950
0.0178464
0.0221557
0.0288836
0.0418495
0.0590338
0.0742811
0.0826970
0.0846553
0.0849670
0.0882808
0.0951281
0.1022899
0.1068854
0.1097579
0.1145009
0.1233100
0.1343623
0.1434656
0.1477957
0.1475917
0.1445526
0.1393417
0.1309168
0.1178974
0.1002113
0.0795782
0.0587861
0.0404598
0.0258745
0.0142817
0.0034185
-0.0086223
-0.0214850
-0.0326813
-0.0400940
-0.0444207
-0.0488276
-0.0560397
-0.0658790
-0.0756256
-0.0825347
-0.0859505
-0.0873506
-0.0888045
-0.0914717
-0.0952054
-0.0990773
-0.1020395
-0.1033203
-0.1026143
-0.1000390
-0.0957535
-0.0896261
-0.0816196
-0.0726838
-0.0648600
-0.0598484
-0.0572414
-0.0545065
-0.0491647
-0.0411195
-0.0326357
-0.0258064
-0.0201717
-0.0132970
-0.0040025
0.0052826
0.0100199
0.0077663
0.0007572
-0.0059466
-0.0089668
-0.0093034
-0.0106699
-0.0152854
-0.0213904
-0.0249712
-0.0239267
-0.0204152
-0.0189961
-0.0224919
-0.0296772
-0.0368040
-0.0411415
-0.0430903
-0.0451853
-0.0492807
-0.0546658
-0.0587559
-0.0595152
-0.0572270
-0.0540335
-0.0519303
-0.0512955
-0.0513050
-0.0515818
-0.0531144
-0.0571605
-0.0630973
-0.0677821
-0.0677904
-0.0626372
-0.0554487
-0.0499699
-0.0469209
-0.0437093
-0.0379487
-0.0309665
-0.0272547
-0.0300381
-0.0374436
-0.0435178
-0.0434724
-0.0380095
-0.0323618
-0.0311429
-0.0343423
-0.0382841
-0.0399986
-0.0401684
-0.0417998
-0.0464862
-0.0524594
-0.0563705
-0.0566276
-0.0546806
-0.0532436
-0.0537984
-0.0559642
-0.0587114
-0.0615253
-0.0644458
-0.0675988
-0.0709809
-0.0742680
-0.0763282
-0.0752093
-0.0696284
-0.0611314
-0.0541012
-0.0521094
-0.0536512
-0.0527345
-0.0453429
-0.0350590
-0.0301396
-0.0338260
-0.0392974
-0.0369192
-0.0263235
-0.0179128
-0.0201181
-0.0276673
-0.0272289
-0.0152589
-0.0048327
-0.0097995
-0.0247922
-0.0289204
-0.0123560
0.0076170
0.0056808
-0.0173212
-0.0284495
0.0050484
0.0862343
0.2018111
0.3593330
0.5875122
0.8782716
1.1320205
1.1889492
0.9465044
0.4608219
-0.0720269
-0.4479042
-0.5842961
-0.5412616
-0.4369200
-0.3510789
-0.2962509
-0.2521883
-0.2062548
-0.1614625
-0.1229726
-0.0908079
-0.0649796
-0.0490032
-0.0443327
-0.0450164
-0.0421652
-0.0330524
-0.0227858
-0.0169175
-0.0152817
-0.0143482
-0.0131331
-0.0138615
-0.0172966
-0.0204349
-0.0202746
-0.0181227
-0.0178657
-0.0201926
-0.0208431
-0.0159093
-0.0076164
-0.0027797
-0.0052780
-0.0116471
-0.0151846
-0.0134752
-0.0102843
-0.0100254
-0.0120182
-0.0114926
-0.0057277
0.0022952
0.0069412
0.0058274
0.0017784
-0.0008711
-0.0007865
0.0001724
0.0005308
0.0016598
0.0061788
0.0146027
0.0245132
0.0332784
0.0411178
0.0509527
0.0650595
0.0820784
0.0977400
0.1089001
0.1168485
0.1262087
0.1401384
0.1566324
0.1700395
0.1766467
0.1786494
0.1820725
0.1904888
0.2012098
0.2083341
0.2095094
0.2087949
0.2121307
0.2203432
0.2275903
0.2270548
0.2175530
0.2039205
0.1912103
0.1794719
0.1647264
0.1445332
0.1216286
0.1016906
0.0879150
0.0782315
0.0676815
0.0530644
0.0353046
0.0179388
0.0037871
-0.0071581
-0.0172173
-0.0286480
-0.0414240
-0.0530037
-0.0603780
-0.0626988
-0.0620337
-0.0613588
-0.0616836
-0.0613800
-0.0586168
-0.0541514
-0.0508630
-0.0500827
-0.0491045
-0.0435807
-0.0327326
-0.0211956
-0.0145674
-0.0132161
-0.0116481
-0.0047370
0.0060782
0.0140487
0.0148516
0.0120239
0.0135636
0.0232626
0.0365021
0.0450993
0.0454849
0.0411898
0.0377447
0.0366595
0.0352275
0.0313754
0.0271273
0.0266467
0.0315027
0.0387095
0.0434704
0.0433192
0.0393920
0.0341673
0.0285695
0.0213478
0.0109864
-0.0019260
-0.0142294
-0.0223820
-0.0256102
-0.0269269
-0.0304454
-0.0372296
-0.0440921
-0.0470835
-0.0461121
-0.0453291
-0.0483852
-0.0537503
-0.0557508
-0.0507015
-0.0414472
-0.0350197
-0.0357110
-0.0410334
-0.0448142
-0.0438176
-0.0407231
-0.0406293
-0.0452136
-0.0507551
-0.0518539
-0.0468759
-0.0396333
-0.0356893
-0.0370025
-0.0402969
-0.0408376
-0.0377349
-0.0351225
-0.0377157
-0.0453219
-0.0523593
-0.0533027
-0.0484128
-0.0434385
-0.0434345
-0.0474317
-0.0498373
-0.0468789
-0.0408044
-0.0372786
-0.0391084
-0.0432201
-0.0438545
-0.0382833
-0.0292619
-0.0223598
-0.0213144
-0.0256553
-0.0319689
-0.0369530
-0.0395934
-0.0411134
-0.0431246
-0.0456564
-0.0469315
-0.0453609
-0.0418359
-0.0395002
-0.0406225
-0.0438347
-0.0453017
-0.0431308
-0.0401273
-0.0412440
-0.0479652
-0.0558017
-0.0581264
-0.0526624
-0.0437793
-0.0381146
-0.0382001
-0.0407454
-0.0409503
-0.0377587
-0.0344185
-0.0342074
-0.0363367
-0.0364738
-0.0312184
-0.0218638
-0.0137227
-0.0117392
-0.0164475
-0.0236600
-0.0278071
-0.0260302
-0.0199849
-0.0142542
-0.0126500
-0.0152076
-0.0183960
-0.0186315
-0.0160358
-0.0146274
-0.0183179
-0.0265714
-0.0344619
-0.0375253
-0.0364744
-0.0365295
-0.0417265
-0.0502269
-0.0559005
-0.0547115
-0.0490690
-0.0453890
-0.0474393
-0.0525622
-0.0547250
-0.0510838
-0.0451074
-0.0429901
-0.0471180
-0.0534215
-0.0554099
-0.0507428
-0.0436152
-0.0406611
-0.0447123
-0.0525818
-0.0585242
-0.0593785
-0.0564592
-0.0532310
-0.0518309
-0.0516569
-0.0504599
-0.0462819
-0.0388070
-0.0297223
-0.0219621
-0.0178835
-0.0174668
-0.0183832
-0.0183504
-0.0175558
-0.0184205
-0.0227779
-0.0295135
-0.0352261
-0.0371754
-0.0355857
-0.0333821
-0.0338731
-0.0381896
-0.0441564
-0.0476209
-0.0459254
-0.0408956
-0.0377087
-0.0393180
-0.0419113
-0.0378240
-0.0245764
-0.0098813
-0.0048836
-0.0116571
-0.0199422
-0.0187026
-0.0094476
-0.0042400
-0.0097608
-0.0177538
-0.0156327
-0.0046120
-0.0004717
-0.0128961
-0.0284508
-0.0199467
0.0294229
0.1202361
0.2575893
0.4639148
0.7488250
1.0554911
1.2502991
1.1952107
0.8564417
0.3510122
-0.1205806
-0.4034410
-0.4720704
-0.4098403
-0.3213513
-0.2617400
-0.2296880
-0.2033378
-0.1713047
-0.1365464
-0.1056356
-0.0823945
-0.0688395
-0.0658090
-0.0707599
-0.0775697
-0.0807481
-0.0795004
-0.0768353
-0.0753602
-0.0750494
-0.0746779
-0.0738011
-0.0726385
-0.0710385
-0.0686997
-0.0661421
-0.0644117
-0.0636416
-0.0627703
-0.0612253
-0.0602583
-0.0616527
-0.0650242
-0.0671766
-0.0647918
-0.0577804
-0.0497260
-0.0448890
-0.0446078
-0.0462525
-0.0454495
-0.0396874
-0.0304799
-0.0222549
-0.0185310
-0.0184482
-0.0170874
-0.0099117
0.0026497
0.0152607
0.0227112
0.0248941
0.0265731
0.0323443
0.0422555
0.0524900
0.0598627
0.0651135
0.0718678
0.0828665
0.0973839
0.1119114
0.1229610
0.1294650
0.1331651
0.1370094
0.1427792
0.1496988
0.1553020
0.1580862
0.1595824
0.1635405
0.1725417
0.1851428
0.1965300
0.2023815
0.2023749
0.1999265
0.1983560
0.1972718
0.1928948
0.1821403
0.1663447
0.1506895
0.1396743
0.1330481
0.1261553
0.1141982
0.0962253
0.0754287
0.0562230
0.0412065
0.0302402
0.0214716
0.0130359
0.0045312
-0.0024528
-0.0055664
-0.0043546
-0.0018902
-0.0028849
-0.0092840
-0.0178801
-0.0231078
-0.0225107
-0.0189527
-0.0170554
-0.0179048
-0.0179948
-0.0133932
-0.0042522
0.0052106
0.0108208
0.0120653
0.0118552
0.0133142
0.0169116
0.0202779
0.0205995
0.0176548
0.0149710
0.0176102
0.0278185
0.0423152
0.0542572
0.0585860
0.0557967
0.0505537
0.0468852
0.0450127
0.0425966
0.0382424
0.0331994
0.0298629
0.0292362
0.0300298
0.0298860
0.0272818
0.0225669
0.0175388
0.0138700
0.0114900
0.0084008
0.0025139
-0.0058977
-0.0136230
-0.0168110
-0.0142866
-0.0088475
-0.0052886
-0.0067678
-0.0123990
-0.0179007
-0.0188881
-0.0144590
-0.0081761
-0.0051857
-0.0075175
-0.0118790
-0.0125595
-0.0070735
0.0011049
0.0057844
0.0040602
-0.0012190
-0.0049669
-0.0052421
-0.0045523
-0.0059903
-0.0089059
-0.0090778
-0.0031806
0.0072850
0.0167142
0.0200577
0.0169274
0.0114364
0.0082483
0.0087510
0.0108407
0.0120727
0.0125957
0.0147047
0.0196060
0.0250861
0.0267814
0.0218012
0.0110722
-0.0015534
-0.0120461
-0.0183562
-0.0210977
-0.0231089
-0.0277947
-0.0362630
-0.0453528
-0.0496743
-0.0472046
-0.0426846
-0.0436495
-0.0521339
-0.0616619
-0.0642366
-0.0597628
-0.0561475
-0.0593344
-0.0657597
-0.0672331
-0.0618684
-0.0560906
-0.0548146
-0.0540399
-0.0475362
-0.0385565
