-0.0050920
0.0032917
0.0101959
0.0179920
0.0267051
0.0340876
0.0388971
0.0428031
0.0486016
0.0571938
0.0669914
0.0761021
0.0843765
0.0929801
0.1023749
0.1113846
0.1184940
0.1237882
0.1291576
0.1363413
0.1448738
0.1523335
0.1569477
0.1598459
0.1641522
0.1713134
0.1784694
0.1801977
0.1734037
0.1603042
0.1461223
0.1339199
0.1223242
0.1085671
0.0929487
0.0791209
0.0697118
0.0626571
0.0529733
0.0382244
0.0214225
0.0080291
0.0004987
-0.0036260
-0.0083749
-0.0148335
-0.0202712
-0.0213877
-0.0180330
-0.0138281
-0.0133591
-0.0184944
-0.0268009
-0.0333476
-0.0346487
-0.0315879
-0.0285293
-0.0290136
-0.0321098
-0.0334928
-0.0305173
-0.0257359
-0.0245346
-0.0292912
-0.0368192
-0.0420552
-0.0433545
-0.0430356
-0.0432582
-0.0432883
-0.0415366
-0.0383625
-0.0345402
-0.0277523
-0.0143003
0.0037548
0.0162646
0.0147419
0.0047069
0.0027222
0.0165739
0.0315939
0.0246957
-0.0050956
-0.0262371
-0.0015899
0.0767413
0.1885668
0.3228451
0.4987212
0.7288571
0.9568498
1.0507717
0.8897327
0.4769956
-0.0327343
-0.4311711
-0.5977174
-0.5614941
-0.4422477
-0.3414189
-0.2843776
-0.2447248
-0.1994579
-0.1529727
-0.1203915
-0.1051045
-0.0979701
-0.0909966
-0.0840906
-0.0795559
-0.0763333
-0.0722205
-0.0682991
-0.0674129
-0.0690284
-0.0689026
-0.0648589
-0.0606691
-0.0620896
-0.0695939
-0.0769452
-0.0775336
-0.0709840
-0.0626876
-0.0576014
-0.0556730
-0.0531201
-0.0468494
-0.0370996
-0.0268013
-0.0193933
-0.0166936
-0.0173872
-0.0171527
-0.0115161
0.0000112
0.0126338
0.0202301
0.0213548
0.0209131
0.0251701
0.0352261
0.0461934
0.0529643
0.0558652
0.0598418
0.0686573
0.0811931
0.0936716
0.1042388
0.1142219
0.1253649
0.1372562
0.1480043
0.1565211
0.1631633
0.1685222
0.1728914
0.1773586
0.1841797
0.1945332
0.2059240
0.2132837
0.2136151
0.2088972
0.2033248
0.1979309
0.1892956
0.1741796
0.1544017
0.1356793
0.1214316
0.1088553
0.0921901
0.0697521
0.0467871
0.0307542
0.0239878
0.0213749
0.0151301
0.0015947
-0.0162393
-0.0319444
-0.0409897
-0.0436915
-0.0440707
-0.0462234
-0.0512935
-0.0572010
-0.0609095
-0.0610995
-0.0590487
-0.0571286
-0.0562895
-0.0548662
-0.0501387
-0.0415401
-0.0322900
-0.0271616
-0.0279897
-0.0314892
-0.0322046
-0.0280492
-0.0225815
-0.0211036
-0.0244369
-0.0274183
-0.0243777
-0.0157806
-0.0083306
-0.0080963
-0.0143508
-0.0209140
-0.0229615
-0.0213353
-0.0201338
-0.0214127
-0.0233555
-0.0232381
-0.0209321
-0.0189573
-0.0197282
-0.0234578
-0.0284893
-0.0328671
-0.0355220
-0.0368228
-0.0384800
-0.0420938
-0.0467130
-0.0481551
-0.0422966
-0.0299787
-0.0180205
-0.0141443
-0.0203029
-0.0310263
-0.0383632
-0.0385606
-0.0345098
-0.0324580
-0.0364262
-0.0449898
-0.0526405
-0.0544172
-0.0501124
-0.0444374
-0.0426476
-0.0456055
-0.0495387
-0.0509501
-0.0507657
-0.0523286
-0.0559721
-0.0580072
-0.0559201
-0.0520665
-0.0496064
-0.0463070
-0.0367810
-0.0221253
-0.0128362
-0.0172531
-0.0286945
-0.0309074
-0.0194343
-0.0117918
-0.0279889
-0.0601889
-0.0691099
-0.0154778
0.1091301
0.2874165
0.5038277
0.7471632
0.9744028
1.0855492
0.9670304
0.5880263
0.0593550
-0.4173940
-0.6795994
-0.7016337
-0.5812770
-0.4416787
-0.3456202
-0.2866038
-0.2363921
-0.1854954
-0.1433886
-0.1173253
-0.1025135
-0.0905673
-0.0794712
-0.0725419
-0.0714296
-0.0736786
-0.0760610
-0.0772723
-0.0770169
-0.0749401
-0.0719698
-0.0710977
-0.0744168
-0.0793629
-0.0799398
-0.0728652
-0.0616459
-0.0534464
-0.0521604
-0.0553119
-0.0574711
-0.0556385
-0.0510504
-0.0468614
-0.0452595
-0.0466129
-0.0499459
-0.0531714
-0.0534582
-0.0489538
-0.0408819
-0.0332013
-0.0292740
-0.0289470
-0.0293682
-0.0282695
-0.0255063
-0.0213461
-0.0144742
-0.0028757
0.0133243
0.0307988
0.0455237
0.0563897
0.0659543
0.0773856
0.0908452
0.1031626
0.1110333
0.1143370
0.1164076
0.1212734
0.1303867
0.1414207
0.1500846
0.1536613
0.1533022
0.1528430
0.1551563
0.1596130
0.1629837
0.1624927
0.1579508
0.1513972
0.1450812
0.1395448
0.1330896
0.1230000
0.1078703
0.0893731
0.0716432
0.0580405
0.0478601
0.0367401
0.0214204
0.0041562
-0.0089134
-0.0147098
-0.0176097
-0.0252683
-0.0398428
-0.0547382
-0.0611424
-0.0573902
-0.0508786
-0.0505338
-0.0579824
-0.0664494
-0.0677498
-0.0596011
-0.0463874
-0.0342190
-0.0262740
-0.0221668
-0.0200014
-0.0181964
-0.0161072
-0.0138840
-0.0117927
-0.0094084
-0.0057841
-0.0009061
0.0032389
0.0038735
0.0002505
-0.0049432
-0.0076556
-0.0063887
-0.0038643
-0.0041992
-0.0082148
-0.0120446
-0.0109238
-0.0042638
0.0033640
0.0062096
0.0021723
-0.0058394
-0.0126439
-0.0149666
-0.0137639
-0.0129642
-0.0156741
-0.0211960
-0.0257985
-0.0267471
-0.0256608
-0.0274601
-0.0353814
-0.0469909
-0.0559409
-0.0584047
-0.0573167
-0.0591016
-0.0660721
-0.0732922
-0.0738841
-0.0668015
-0.0581814
-0.0549472
-0.0580440
-0.0625468
-0.0638372
-0.0625623
-0.0630308
-0.0673625
-0.0723809
-0.0728006
-0.0669168
-0.0583636
-0.0522746
-0.0503009
-0.0496445
-0.0467049
-0.0414319
-0.0380270
-0.0411142
-0.0508599
-0.0618391
-0.0671008
-0.0639190
-0.0561696
-0.0513559
-0.0546060
-0.0641818
-0.0723896
-0.0721728
-0.0642142
-0.0570653
-0.0586309
-0.0673373
-0.0735236
-0.0706779
-0.0634946
-0.0619811
-0.0679273
-0.0714933
-0.0644570
-0.0539050
-0.0559732
-0.0739569
-0.0892322
-0.0815070
-0.0563350
-0.0428074
-0.0587436
-0.0842663
-0.0780379
-0.0167226
0.0933163
0.2459431
0.4588702
0.7416302
1.0315631
1.1820570
1.0493623
0.6161755
0.0333885
-0.4706558
-0.7382196
-0.7622298
-0.6464834
-0.5050629
-0.3949251
-0.3179807
-0.2581616
-0.2060276
-0.1595533
-0.1188447
-0.0867543
-0.0691706
-0.0682888
-0.0762045
-0.0796985
-0.0727840
-0.0618828
-0.0569016
-0.0591910
-0.0608527
-0.0551641
-0.0446308
-0.0373497
-0.0371240
-0.0396035
-0.0385667
-0.0340940
-0.0324706
-0.0380116
-0.0470215
-0.0515452
-0.0485440
-0.0435104
-0.0443536
-0.0528185
-0.0629704
-0.0677254
-0.0658283
-0.0621927
-0.0621576
-0.0661893
-0.0701126
-0.0696145
-0.0638430
-0.0551623
-0.0466747
-0.0402561
-0.0357713
-0.0311521
-0.0238042
-0.0130901
-0.0013748
0.0083924
0.0164294
0.0266220
0.0424820
0.0627340
0.0816271
0.0940829
0.1003030
0.1047267
0.1105152
0.1161523
0.1183957
0.1178417
0.1197461
0.1285482
0.1425119
0.1548677
0.1602139
0.1592583
0.1572477
0.1581243
0.1604241
0.1589018
0.1501281
0.1363257
0.1235102
0.1158235
0.1116629
0.1051597
0.0914305
0.0708141
0.0483418
0.0289432
0.0131301
-0.0021692
-0.0184925
-0.0326820
-0.0400085
-0.0401820
-0.0388815
-0.0424898
-0.0516626
-0.0607970
-0.0640666
-0.0616518
-0.0594922
-0.0627028
-0.0697411
-0.0737857
-0.0698686
-0.0600168
-0.0511982
-0.0487418
-0.0520006
-0.0559142
-0.0562969
-0.0536356
-0.0518160
-0.0531555
-0.0552576
-0.0536579
-0.0475035
-0.0412840
-0.0399474
-0.0429219
-0.0443698
-0.0397737
-0.0312462
-0.0251418
-0.0246328
-0.0262305
-0.0245588
-0.0191076
-0.0140261
-0.0117494
-0.0102039
-0.0078838
-0.0083816
-0.0156316
-0.0256498
-0.0286176
-0.0220536
-0.0177718
-0.0293895
-0.0521352
-0.0603299
-0.0284162
0.0495469
0.1672655
0.3287669
0.5462527
0.7988822
0.9961047
1.0062355
0.7510982
0.2881354
-0.2048353
-0.5420128
-0.6469251
-0.5785943
-0.4570451
-0.3658831
-0.3145197
-0.2722294
-0.2202611
-0.1686024
-0.1348667
-0.1209408
-0.1135102
-0.1010270
-0.0843709
-0.0718503
-0.0682300
-0.0706107
-0.0731163
-0.0729191
-0.0712088
-0.0700124
-0.0697480
-0.0695849
-0.0685637
-0.0657658
-0.0606058
-0.0540601
-0.0489615
-0.0478024
-0.0501392
-0.0529062
-0.0534600
-0.0518732
-0.0501459
-0.0495604
-0.0490713
-0.0462877
-0.0399787
-0.0314769
-0.0234980
-0.0177502
-0.0138569
-0.0102105
-0.0053605
0.0010899
0.0081541
0.0141285
0.0184843
0.0232203
0.0314144
0.0438997
0.0578685
0.0692363
0.0762448
0.0806978
0.0860847
0.0946732
0.1060059
0.1177523
0.1279349
0.1365287
0.1452636
0.1561459
0.1697952
0.1844238
0.1964467
0.2032006
0.2057065
0.2079274
0.2123380
0.2165853
0.2154150
0.2059092
0.1903812
0.1742905
0.1616931
0.1523171
0.1422612
0.1274445
0.1070278
0.0840995
0.0631918
0.0468483
0.0340824
0.0220048
0.0094213
-0.0009650
-0.0048558
-0.0018746
0.0018171
-0.0019075
-0.0153754
-0.0327305
-0.0456801
-0.0509702
-0.0519920
-0.0540574
-0.0590745
-0.0645837
-0.0669679
-0.0648990
-0.0597958
-0.0538436
-0.0484755
-0.0445017
-0.0422981
-0.0410975
-0.0390076
-0.0348927
-0.0300330
-0.0270302
-0.0269370
-0.0278901
-0.0266453
-0.0214595
-0.0138891
-0.0079288
-0.0067437
-0.0096955
-0.0129420
-0.0134840
-0.0124191
-0.0137371
-0.0198193
-0.0281779
-0.0326979
-0.0286578
-0.0173609
-0.0058914
-0.0015442
-0.0059075
-0.0142327
-0.0201977
-0.0210151
-0.0187099
-0.0176738
-0.0209643
-0.0277992
-0.0340815
-0.0359050
-0.0330006
-0.0286626
-0.0264321
-0.0272083
-0.0293644
-0.0309650
-0.0316192
-0.0325204
-0.0350328
-0.0394514
-0.0451726
-0.0514554
-0.0571235
-0.0598491
-0.0574172
-0.0505970
-0.0436396
-0.0405676
-0.0412377
-0.0420263
-0.0402656
-0.0371282
-0.0359407
-0.0382123
-0.0418142
-0.0432421
-0.0415309
-0.0393778
-0.0399719
-0.0431864
-0.0456516
-0.0443586
-0.0394724
-0.0339279
-0.0312217
-0.0332653
-0.0388542
-0.0437206
-0.0433168
-0.0367607
-0.0280568
-0.0229738
-0.0244280
-0.0305301
-0.0367677
-0.0402219
-0.0419487
-0.0451515
-0.0510517
-0.0571469
-0.0597868
-0.0577802
-0.0530439
-0.0484798
-0.0459477
-0.0457515
-0.0471941
-0.0496102
-0.0530275
-0.0574009
-0.0612420
-0.0622318
-0.0600062
-0.0573769
-0.0574264
-0.0595874
-0.0598862
-0.0555966
-0.0488758
-0.0446833
-0.0448911
-0.0456897
-0.0424202
-0.0365951
-0.0354725
-0.0431647
-0.0544133
-0.0601030
-0.0577983
-0.0530712
-0.0503349
-0.0472462
-0.0413985
-0.0387934
-0.0487173
-0.0680810
-0.0753582
-0.0446121
0.0362852
0.1663110
0.3471172
0.5825245
0.8455379
1.0470654
1.0614973
0.8138036
0.3572646
-0.1390116
-0.4946372
-0.6285031
-0.5856934
-0.4724835
-0.3700969
-0.2992972
-0.2445270
-0.1924584
-0.1448877
-0.1077330
-0.0813439
-0.0632074
-0.0528257
-0.0497978
-0.0505135
-0.0508163
-0.0507520
-0.0533178
-0.0585090
-0.0615521
-0.0585458
-0.0522657
-0.0500157
-0.0552508
-0.0630111
-0.0653643
-0.0607890
-0.0559028
-0.0572711
-0.0637195
-0.0685023
-0.0675032
-0.0628383
-0.0589568
-0.0578751
-0.0588884
-0.0608161
-0.0628001
-0.0635552
-0.0615537
-0.0567999
-0.0518617
-0.0497604
-0.0501127
-0.0484715
-0.0411320
-0.0301698
-0.0216104
-0.0181469
-0.0156801
-0.0082406
0.0051619
0.0200365
0.0317232
0.0396486
0.0467827
0.0565173
0.0705376
0.0886626
0.1092894
0.1292605
0.1441758
0.1509906
0.1514659
0.1517000
0.1564476
0.1643455
0.1702246
0.1716746
0.1715920
0.1743178
0.1809994
0.1891337
0.1951480
0.1965564
0.1925232
0.1835729
0.1711307
0.1569993
0.1424521
0.1271511
0.1095809
0.0899247
0.0721491
0.0609073
0.0554146
0.0484602
0.0335539
0.0123492
-0.0066393
-0.0165004
-0.0180947
-0.0181094
-0.0220702
-0.0295101
-0.0354732
-0.0360546
-0.0317348
-0.0253816
-0.0187032
-0.0121801
-0.0072088
-0.0055834
-0.0065442
-0.0065902
-0.0033587
0.0015496
0.0046084
0.0046047
0.0042202
0.0075983
0.0163310
0.0275450
0.0362410
0.0398874
0.0402602
0.0406065
0.0421391
0.0439712
0.0450986
0.0451221
0.0440439
0.0428300
0.0433600
0.0461006
0.0480659
0.0446986
0.0343953
0.0207485
0.0099801
0.0057013
0.0055778
0.0035634
-0.0034342
-0.0113941
-0.0132244
-0.0069703
0.0017962
0.0061188
0.0043079
-0.0002133
-0.0037091
-0.0052495
-0.0061365
-0.0079033
-0.0110112
-0.0148217
-0.0183056
-0.0203443
-0.0196714
-0.0160786
-0.0124126
-0.0135368
-0.0213480
-0.0317919
-0.0388444
-0.0409264
-0.0415195
-0.0439402
-0.0476649
-0.0499891
-0.0495058
-0.0472479
-0.0453177
-0.0449168
-0.0454431
-0.0453592
-0.0437247
-0.0406231
-0.0369986
-0.0353895
-0.0396422
-0.0507812
-0.0628458
-0.0664755
-0.0590748
-0.0493832
-0.0491552
-0.0606853
-0.0743111
-0.0782470
-0.0699579
-0.0578651
-0.0523981
-0.0557180
-0.0606849
-0.0596274
-0.0522278
-0.0437286
-0.0378006
-0.0341678
-0.0320167
-0.0318955
-0.0335885
-0.0350244
-0.0347530
-0.0339754
-0.0349791
-0.0382655
-0.0418196
-0.0431212
-0.0420696
-0.0417351
-0.0450011
-0.0503157
-0.0527109
-0.0499112
-0.0453845
-0.0439328
-0.0461643
-0.0490341
-0.0500779
-0.0490437
-0.0466866
-0.0442548
-0.0436961
-0.0465478
-0.0523373
-0.0586346
-0.0627566
-0.0639407
-0.0645689
-0.0681575
-0.0743863
-0.0773076
-0.0714551
-0.0594517
-0.0503034
-0.0495002
-0.0535674
-0.0552857
-0.0518037
-0.0463669
-0.0439196
-0.0463323
-0.0510085
-0.0533955
-0.0511591
-0.0458703
-0.0408037
-0.0384312
-0.0400953
-0.0453756
-0.0504457
-0.0501397
-0.0442758
-0.0394398
-0.0413187
-0.0471396
-0.0491436
-0.0443322
-0.0372598
-0.0335454
-0.0338939
-0.0352654
-0.0355984
-0.0354864
-0.0353735
-0.0330963
-0.0270817
-0.0221563
-0.0271047
-0.0416258
-0.0486380
-0.0258099
0.0373239
0.1422706
0.2999257
0.5275871
0.8082975
1.0524159
1.1200353
0.9106043
0.4529197
-0.0882430
-0.5083076
-0.6898757
-0.6581116
-0.5281484
-0.4053611
-0.3274725
-0.2778130
-0.2302013
-0.1770110
-0.1277811
-0.0937914
-0.0765161
-0.0681494
-0.0606595
-0.0524632
-0.0466408
-0.0457623
-0.0497854
-0.0561919
-0.0606327
-0.0602868
-0.0579080
-0.0590942
-0.0640656
-0.0661913
-0.0607908
-0.0514133
-0.0448966
-0.0437907
-0.0460422
-0.0487527
-0.0499291
-0.0494170
-0.0497764
-0.0535410
-0.0588872
-0.0610906
-0.0584033
-0.0530956
-0.0472398
-0.0415939
-0.0378925
-0.0374546
-0.0378863
-0.0355976
-0.0308567
-0.0261967
-0.0214951
-0.0152209
-0.0082951
-0.0015471
0.0081171
0.0232630
0.0399865
0.0522168
0.0598879
0.0675968
0.0775066
0.0883436
0.0986431
0.1068780
0.1119809
0.1171914
0.1282999
0.1444558
0.1568387
0.1602886
0.1593745
0.1592869
0.1590321
0.1579562
0.1597562
0.1646529
0.1665533
0.1632308
0.1604252
0.1613684
0.1616376
0.1578919
0.1513808
0.1405619
0.1224348
0.1027081
0.0903972
0.0813777
0.0638729
0.0405047
0.0248603
0.0157094
-0.0012783
-0.0245121
-0.0378403
-0.0449237
-0.0676791
-0.0997170
-0.0996273
-0.0519133
