0.0455151
-0.0602645
-0.1613452
-0.1557064
-0.0831280
-0.0514008
-0.0841376
-0.1178840
-0.1141594
-0.0933090
-0.0702458
-0.0310851
0.0194786
0.0444879
0.0240701
-0.0168987
-0.0397370
-0.0264779
0.0156221
0.0598946
0.0739692
0.0517701
0.0299005
0.0520736
0.1195075
0.1912893
0.2271885
0.2173399
0.1817108
0.1565455
0.1695636
0.2107618
0.2371293
0.2215339
0.1857255
0.1686205
0.1739851
0.1708426
0.1407184
0.1042264
0.0965667
0.1257356
0.1584734
0.1480703
0.0806592
-0.0068888
-0.0627539
-0.0718404
-0.0611432
-0.0578121
-0.0607983
-0.0570353
-0.0454597
-0.0336059
-0.0238951
-0.0164330
-0.0186586
-0.0407484
-0.0811214
-0.1203956
-0.1314617
-0.1007329
-0.0452493
-0.0045588
-0.0068264
-0.0437363
-0.0840725
-0.1070199
-0.1139449
-0.1136195
-0.1095532
-0.1022469
-0.0931727
-0.0834756
-0.0743700
-0.0693772
-0.0715756
-0.0788606
-0.0848930
-0.0832288
-0.0695572
-0.0450893
-0.0204179
-0.0096104
-0.0157020
-0.0270444
-0.0321341
-0.0326511
-0.0372837
-0.0478059
-0.0566410
-0.0554337
-0.0432007
-0.0292274
-0.0287295
-0.0496355
-0.0808352
-0.0989254
-0.0905980
-0.0655490
-0.0453222
-0.0421029
-0.0492249
-0.0496660
-0.0337793
-0.0110370
-0.0027999
-0.0206331
-0.0543635
-0.0845448
-0.1015149
-0.1063051
-0.0992549
-0.0798650
-0.0575749
-0.0501698
-0.0644112
-0.0836801
-0.0827941
-0.0568553
-0.0316036
-0.0391747
-0.0803558
-0.1160963
-0.1061803
-0.0570796
-0.0205819
-0.0378732
-0.0916730
-0.1230490
-0.0944402
-0.0292882
0.0121458
-0.0067951
-0.0639677
-0.1027561
-0.0905138
-0.0496394
-0.0279512
-0.0432537
-0.0667757
-0.0622591
-0.0307764
-0.0082650
-0.0216261
-0.0554378
-0.0662569
-0.0287077
0.0364976
0.0836395
0.0888178
0.0687849
0.0520292
0.0420144
0.0194900
-0.0242577
-0.0712623
-0.0977731
-0.1008228
-0.0956631
-0.0915803
-0.0810649
-0.0568653
-0.0323448
-0.0329709
-0.0636932
-0.0946854
-0.0917742
-0.0585796
-0.0340815
-0.0441418
-0.0696560
-0.0749574
-0.0587159
-0.0575405
-0.0949153
-0.1414416
-0.1408745
-0.0756147
0.0052500
0.0320109
-0.0139909
-0.0829684
-0.1123991
-0.0914060
-0.0620224
-0.0591400
-0.0550128
0.0368516
0.2996594
0.7350401
1.2213514
1.5510581
1.5465089
1.1838505
0.6229980
0.1051277
-0.2047198
-0.3003865
-0.2849790
-0.2557765
-0.2396377
-0.2216215
-0.2021862
-0.2018402
-0.2181996
-0.2103824
-0.1453173
-0.0486462
0.0106880
-0.0107331
-0.0884814
-0.1593452
-0.1821458
-0.1632263
-0.1311687
-0.1027324
-0.0791520
-0.0640173
-0.0674714
-0.0884377
-0.1051166
-0.0957665
-0.0662642
-0.0458322
-0.0538145
-0.0801563
-0.1027168
-0.1145891
-0.1247941
-0.1356768
-0.1317768
-0.0976603
-0.0426001
0.0009845
0.0078349
-0.0144059
-0.0347132
-0.0333692
-0.0215803
-0.0248984
-0.0529558
-0.0898803
-0.1100492
-0.0975210
-0.0538475
0.0037831
0.0503269
0.0670681
0.0557475
0.0383661
0.0383987
0.0596611
0.0845872
0.0944760
0.0896361
0.0861417
0.0936535
0.1038546
0.1059894
0.1074718
0.1274449
0.1688566
0.2083492
0.2215729
0.2123241
0.2069842
0.2214965
0.2436461
0.2520313
0.2451559
0.2419927
0.2533009
0.2619460
0.2400055
0.1823960
0.1138780
0.0612367
0.0288383
0.0084243
0.0032021
0.0261540
0.0726804
0.1091070
0.1004311
0.0476321
-0.0108728
-0.0372265
-0.0292060
-0.0149365
-0.0174824
-0.0325460
-0.0425515
-0.0437492
-0.0491076
-0.0654373
-0.0789023
-0.0703429
-0.0403443
-0.0114383
-0.0052498
-0.0223698
-0.0461165
-0.0622348
-0.0711952
-0.0814157
-0.0937752
-0.0961776
-0.0740968
-0.0252048
0.0355652
0.0816665
0.0860422
0.0366300
-0.0478191
-0.1186428
-0.1281141
-0.0715055
0.0023647
0.0312338
-0.0039094
-0.0616934
-0.0811666
-0.0400437
0.0272141
0.0663552
0.0538329
0.0102981
-0.0282666
-0.0432922
-0.0383864
-0.0237010
-0.0057426
0.0097942
0.0147727
0.0034249
-0.0207596
-0.0448924
-0.0544583
-0.0436136
-0.0203345
-0.0008287
0.0037179
-0.0043934
-0.0151900
-0.0246469
-0.0389098
-0.0620177
-0.0820784
-0.0779075
-0.0453398
-0.0116161
-0.0104539
-0.0382025
-0.0476919
-0.0017398
0.0697013
0.0858690
0.0024969
-0.1251134
-0.1848090
-0.1212569
0.0009380
0.0583413
-0.0061385
-0.1257800
-0.1806645
-0.1201289
-0.0087032
0.0464319
0.0035846
-0.0805542
-0.1164578
-0.0702170
0.0115697
0.0550281
0.0306768
-0.0261073
-0.0600000
-0.0546603
-0.0425938
-0.0581911
-0.0904950
-0.0927162
-0.0391103
0.0376282
0.0756898
0.0511068
0.0072483
0.0107700
0.0801609
0.1646842
0.1950200
0.1482561
0.0605151
-0.0149779
-0.0515646
-0.0558407
-0.0479095
-0.0440128
-0.0503075
-0.0611702
-0.0627552
-0.0467522
-0.0241834
-0.0188934
-0.0403347
-0.0661030
-0.0620339
-0.0241062
0.0077129
-0.0118123
-0.0806228
-0.1448889
-0.1519581
-0.1025659
-0.0456292
-0.0263947
-0.0475287
-0.0786731
-0.0924275
-0.0844038
-0.0647612
-0.0421308
-0.0204051
-0.0054809
-0.0065229
-0.0263553
-0.0495918
-0.0375774
0.0662379
0.3143837
0.7115508
1.1685159
1.5049607
1.5365799
1.2050997
0.6440084
0.1050828
-0.2093741
-0.2714283
-0.2070678
-0.1614703
-0.1817559
-0.2172796
-0.2111212
-0.1710485
-0.1496662
-0.1738072
-0.2129583
-0.2179675
-0.1761996
-0.1188865
-0.0809448
-0.0669537
-0.0596246
-0.0503430
-0.0483816
-0.0602679
-0.0737033
-0.0732485
-0.0671491
-0.0829368
-0.1287604
-0.1687265
-0.1521760
-0.0719550
0.0153634
0.0378063
-0.0214068
-0.1063318
-0.1447815
-0.1197044
-0.0793263
-0.0773874
-0.1126042
-0.1353042
-0.1097061
-0.0562508
-0.0250986
-0.0351898
-0.0527321
-0.0339840
0.0194694
0.0588576
0.0424071
-0.0175627
-0.0688580
-0.0764207
-0.0543927
-0.0390559
-0.0415883
-0.0402476
-0.0165596
0.0167100
0.0337518
0.0343215
0.0482598
0.0953361
0.1509132
0.1670161
0.1310666
0.0913120
0.1098607
0.1909694
0.2693205
0.2782114
0.2230194
0.1753429
0.1932023
0.2575521
0.2959374
0.2642792
0.1933064
0.1493721
0.1581809
0.1799729
0.1614794
0.1000293
0.0447713
0.0378349
0.0677130
0.0871759
0.0693591
0.0348054
0.0218015
0.0388396
0.0545822
0.0344687
-0.0193474
-0.0690466
-0.0799328
-0.0532603
-0.0198074
-0.0060003
-0.0113036
-0.0179488
-0.0171864
-0.0209729
-0.0463051
-0.0894906
-0.1197947
-0.1039661
-0.0408249
0.0292631
0.0537790
0.0121016
-0.0657425
-0.1228825
-0.1208647
-0.0673936
-0.0048542
0.0267706
0.0180406
-0.0127607
-0.0432453
-0.0637732
-0.0742280
-0.0729252
-0.0555645
-0.0248399
0.0043144
0.0140129
-0.0004839
-0.0253153
-0.0410207
-0.0420548
-0.0420207
-0.0573651
-0.0856004
-0.1019274
-0.0808869
-0.0244050
0.0312036
0.0405069
-0.0111848
-0.0888024
-0.1316920
-0.1045171
-0.0292497
0.0330640
0.0342561
-0.0237126
-0.0973280
-0.1415863
-0.1420386
-0.1151161
-0.0860949
-0.0693522
-0.0643721
-0.0629115
-0.0574198
-0.0462978
-0.0348415
-0.0303614
-0.0346634
-0.0434636
-0.0555829
-0.0780555
-0.1133814
-0.1414803
-0.1270717
-0.0579637
0.0259144
0.0564112
0.0012384
-0.0984551
-0.1639715
-0.1552662
-0.1054861
-0.0766298
-0.0892605
-0.1075277
-0.0919311
-0.0508543
-0.0283996
-0.0488016
-0.0891829
-0.1103260
-0.1002297
-0.0754440
-0.0468180
-0.0028664
0.0649036
0.1320292
0.1535658
0.1100246
0.0307161
-0.0355511
-0.0662144
-0.0722644
-0.0658260
-0.0392278
0.0135611
0.0663803
0.0722638
0.0124899
-0.0757138
-0.1313437
-0.1283662
-0.0951275
-0.0757605
-0.0825263
-0.0932078
-0.0880732
-0.0746687
-0.0721608
-0.0832596
-0.0938902
-0.0968741
-0.1017243
-0.1159867
-0.1275429
-0.1167225
-0.0831217
-0.0490347
-0.0334754
-0.0327092
-0.0343315
-0.0427664
-0.0748065
-0.1264948
-0.1598855
-0.1373197
-0.0611649
0.0429108
0.1876809
0.4417666
0.8475468
1.3114248
1.6046182
1.5167849
1.0369455
0.3856381
-0.1429643
-0.3877113
-0.3955011
-0.3224678
-0.2815738
-0.2795792
-0.2691998
-0.2283173
-0.1802485
-0.1557929
-0.1571588
-0.1622830
-0.1528479
-0.1298417
-0.1062827
-0.0942581
-0.1006117
-0.1263726
-0.1614238
-0.1817779
-0.1637142
-0.1091044
-0.0533965
-0.0386399
-0.0736853
-0.1240728
-0.1449349
-0.1227092
-0.0820650
-0.0545492
-0.0473137
-0.0456210
-0.0401477
-0.0421198
-0.0682005
-0.1163520
-0.1635575
-0.1867194
-0.1803134
-0.1532954
-0.1163512
-0.0781576
-0.0497906
-0.0425307
-0.0564853
-0.0754895
-0.0793352
-0.0623809
-0.0379169
-0.0235535
-0.0242093
-0.0299027
-0.0269217
-0.0081345
0.0247078
0.0616326
0.0851796
0.0779993
0.0393252
-0.0054672
-0.0200718
0.0111166
0.0677169
0.1139652
0.1343774
0.1448280
0.1674786
0.2006028
0.2199207
0.2092921
0.1825795
0.1695282
0.1829035
0.2063226
0.2151963
0.2028886
0.1816304
0.1624076
0.1424078
0.1138045
0.0783923
0.0479865
0.0319312
0.0287519
0.0303103
0.0298057
0.0234964
0.0087142
-0.0138637
-0.0360074
-0.0462229
-0.0423906
-0.0366489
-0.0418247
-0.0535642
-0.0525472
-0.0280105
0.0050782
0.0180482
-0.0023236
-0.0409167
-0.0718065
-0.0848133
-0.0908780
-0.1030133
-0.1181047
-0.1212235
-0.1051570
-0.0802563
-0.0635465
-0.0614948
-0.0661253
-0.0661285
-0.0583167
-0.0480856
-0.0416697
-0.0400014
-0.0394767
-0.0370865
-0.0337103
-0.0317316
-0.0294484
-0.0195184
0.0042495
0.0370916
0.0619972
0.0620350
0.0364439
0.0031441
-0.0180742
-0.0255960
-0.0360310
-0.0617062
-0.0911504
-0.0982269
-0.0724024
-0.0345585
-0.0170268
-0.0292533
-0.0495831
-0.0532065
-0.0416649
-0.0361824
-0.0425608
-0.0348434
0.0142524
0.0884960
0.1284399
0.0887197
-0.0076445
-0.0845241
-0.0883368
-0.0421430
-0.0159989
-0.0462347
-0.0966830
-0.1071049
-0.0707196
-0.0454593
-0.0806125
-0.1447884
-0.1473690
-0.0396339
0.1159922
0.1926986
0.1200111
-0.0465573
-0.1784928
-0.1926570
-0.1153382
-0.0377351
-0.0221215
-0.0564386
-0.0889986
-0.0893518
-0.0689833
-0.0543579
-0.0556993
-0.0644208
-0.0689817
-0.0627365
-0.0397764
0.0045570
0.0625118
0.1088745
0.1172264
0.0854628
0.0413499
0.0175851
0.0210210
0.0295639
0.0196452
-0.0076627
-0.0310542
-0.0362830
-0.0325316
-0.0390760
-0.0597905
-0.0768375
-0.0713067
-0.0467077
-0.0279798
-0.0367050
-0.0696825
-0.1031021
-0.1154493
-0.1035595
-0.0780058
-0.0489204
-0.0207538
0.0012634
0.0062783
-0.0151945
-0.0584853
-0.1013141
-0.1169147
-0.0947636
-0.0511792
-0.0189912
-0.0227457
-0.0592049
-0.1000091
-0.1144890
-0.0906719
-0.0317072
0.0700409
0.2488405
0.5392399
0.9175196
1.2675391
1.4229663
1.2726015
0.8485602
0.3193122
-0.1136773
-0.3358830
-0.3663380
-0.3079284
-0.2565903
-0.2449802
-0.2508845
-0.2418807
-0.2087724
-0.1659435
-0.1314199
-0.1111862
-0.0997905
-0.0912120
-0.0864979
-0.0908847
-0.1050860
-0.1213798
-0.1293257
-0.1249788
-0.1137786
-0.1047199
-0.1026906
-0.1063659
-0.1115278
-0.1142952
-0.1116589
-0.1022800
-0.0894466
-0.0815609
-0.0851884
-0.0959745
-0.1000928
-0.0887508
-0.0698797
-0.0603597
-0.0651984
-0.0690565
-0.0529836
-0.0178879
0.0138876
0.0214873
0.0053702
-0.0189884
-0.0426631
-0.0702187
-0.1034610
-0.1268032
-0.1185059
-0.0764485
-0.0243820
0.0122275
0.0316307
0.0504719
0.0754886
0.0904736
0.0771107
0.0435647
0.0228853
0.0400924
0.0859950
0.1284202
0.1470678
0.1514490
0.1637272
0.1901962
0.2152872
0.2214149
0.2078415
0.1879857
0.1740779
0.1706430
0.1807979
0.2092651
0.2518965
0.2851297
0.2766081
0.2152218
0.1303298
0.0732541
0.0723788
0.1058364
0.1226256
0.0933239
0.0385368
0.0052130
0.0161583
0.0466522
0.0523060
0.0165951
-0.0337373
-0.0599028
-0.0514133
-0.0308461
-0.0226503
-0.0270553
-0.0290351
-0.0250762
-0.0286462
-0.0465416
-0.0607280
-0.0461371
-0.0065505
0.0194698
-0.0010264
-0.0515965
-0.0746743
-0.0309697
0.0529827
0.1043798
0.0735599
-0.0188575
-0.1042784
-0.1308605
-0.1038081
-0.0673398
-0.0561649
-0.0675726
-0.0745378
-0.0574587
-0.0211209
0.0140978
0.0321596
0.0326572
0.0265385
0.0238187
0.0254292
0.0252441
0.0178582
0.0026403
-0.0191468
-0.0468058
-0.0754205
-0.0908636
-0.0786940
-0.0444157
-0.0194826
-0.0342849
-0.0794944
-0.1032575
-0.0606604
0.0311372
0.0977577
0.0784772
-0.0085195
-0.0805654
-0.0740062
-0.0078355
0.0409517
0.0205746
-0.0461949
-0.0957686
-0.0950650
-0.0693064
-0.0629859
-0.0868746
-0.1112127
-0.1050059
-0.0705806
-0.0362187
-0.0222199
-0.0224045
-0.0187272
-0.0069844
-0.0026519
-0.0219025
-0.0602232
-0.0917256
-0.0902370
-0.0525373
-0.0025804
0.0272871
0.0215226
-0.0092046
-0.0412134
-0.0585746
-0.0609807
-0.0549786
-0.0435031
-0.0268575
-0.0098689
-0.0006425
0.0004391
0.0053677
0.0255598
0.0543619
0.0693132
0.0569810
0.0325952
0.0277150
0.0556596
0.0935600
0.1038151
0.0728841
0.0244547
-0.0075977
-0.0159209
-0.0250813
-0.0599096
-0.1120566
-0.1421455
-0.1170338
-0.0448061
0.0278699
0.0540891
0.0247759
-0.0276200
-0.0604396
-0.0565858
-0.0336943
-0.0229003
-0.0401887
-0.0755689
-0.1052890
-0.1122745
-0.0971877
-0.0741794
-0.0577461
-0.0516464
-0.0479218
-0.0363182
-0.0155042
0.0049479
0.0136150
0.0065419
-0.0133345
-0.0411300
-0.0642895
-0.0464840
0.0732874
0.3429554
0.7382453
1.1379504
1.3742123
1.3325354
1.0245864
0.5762892
0.1464931
-0.1560536
-0.3039779
-0.3310685
-0.2944574
-0.2450633
-0.2108293
-0.1919340
-0.1715877
-0.1389774
-0.1051367
-0.0932289
-0.1106649
-0.1343362
-0.1299889
-0.0888197
-0.0412737
-0.0292228
-0.0626502
-0.1062354
-0.1121283
-0.0675045
-0.0092663
0.0095538
-0.0304747
-0.0966318
-0.1328783
-0.1074854
-0.0365170
0.0332257
0.0612570
0.0384532
-0.0138433
-0.0620880
-0.0811791
-0.0679487
-0.0416936
-0.0283806
-0.0361840
-0.0444494
-0.0235264
0.0283075
0.0715089
0.0592552
-0.0106933
-0.0849504
-0.1042270
-0.0631224
-0.0113780
0.0071626
0.0060701
0.0342673
0.1050148
0.1649407
0.1489509
0.0619525
-0.0119035
0.0071571
0.1069888
0.1910933
0.1761362
0.0751243
-0.0194421
-0.0272168
0.0533317
0.1630800
0.2480782
0.2960485
0.3177924
0.3153100
0.2813106
0.2225186
0.1669098
0.1412838
0.1482655
0.1718253
0.2009154
0.2378920
0.2819730
0.3134638
0.3033611
0.2389676
0.1365484
0.0305318
-0.0443631
-0.0630749
-0.0177576
0.0695828
0.1441708
0.1473074
0.0659289
-0.0459088
-0.1076836
-0.0845639
-0.0183612
0.0178896
-0.0048904
-0.0469059
-0.0496361
-0.0038746
0.0385748
0.0200666
-0.0611806
-0.1460169
-0.1681482
