-0.0400728
-0.0358541
-0.0408541
-0.0377562
-0.0258968
-0.0175101
-0.0144451
-0.0074198
0.0050307
0.0140685
0.0168676
0.0213343
0.0332445
0.0496825
0.0664329
0.0827484
0.0978008
0.1099953
0.1204809
0.1313148
0.1405335
0.1445327
0.1443233
0.1442280
0.1456773
0.1471010
0.1482544
0.1498431
0.1504745
0.1485469
0.1457282
0.1444595
0.1433160
0.1383680
0.1279539
0.1135677
0.0978752
0.0840236
0.0743118
0.0669965
0.0569881
0.0423322
0.0275835
0.0181713
0.0136302
0.0089698
0.0010579
-0.0084824
-0.0154429
-0.0167711
-0.0134819
-0.0104882
-0.0118758
-0.0160557
-0.0174982
-0.0132548
-0.0056201
0.0012775
0.0047921
0.0040400
0.0003196
-0.0022230
0.0004254
0.0072145
0.0123375
0.0116874
0.0075624
0.0061334
0.0110566
0.0196602
0.0248155
0.0212615
0.0110351
0.0018424
-0.0007529
0.0017004
0.0040083
0.0035553
0.0014162
-0.0005955
-0.0014232
-0.0005495
0.0011769
0.0010239
-0.0031496
-0.0098903
-0.0151127
-0.0163415
-0.0154022
-0.0168168
-0.0232708
-0.0319530
-0.0359142
-0.0307085
-0.0197942
-0.0117723
-0.0120383
-0.0185495
-0.0255631
-0.0293194
-0.0296530
-0.0284448
-0.0280281
-0.0298614
-0.0332981
-0.0357835
-0.0347006
-0.0291865
-0.0209793
-0.0142248
-0.0133102
-0.0190567
-0.0271814
-0.0319901
-0.0317928
-0.0298683
-0.0303288
-0.0338917
-0.0374493
-0.0371239
-0.0321974
-0.0265896
-0.0257186
-0.0312068
-0.0394344
-0.0458745
-0.0497695
-0.0536985
-0.0596642
-0.0668229
-0.0723854
-0.0737415
-0.0703198
-0.0644252
-0.0599882
-0.0596093
-0.0625607
-0.0656467
-0.0659801
-0.0635490
-0.0617853
-0.0648801
-0.0731206
-0.0811644
-0.0825603
-0.0762487
-0.0673569
-0.0614445
-0.0593247
-0.0578971
-0.0546728
-0.0505332
-0.0486052
-0.0510665
-0.0569065
-0.0626276
-0.0651502
-0.0639118
-0.0604136
-0.0567104
-0.0546314
-0.0551737
-0.0575128
-0.0592378
-0.0586092
-0.0563594
-0.0547607
-0.0554360
-0.0584324
-0.0624417
-0.0651613
-0.0644824
-0.0606784
-0.0570746
-0.0573494
-0.0619433
-0.0676490
-0.0708242
-0.0707433
-0.0697782
-0.0704447
-0.0725197
-0.0734884
-0.0717407
-0.0682880
-0.0648167
-0.0613897
-0.0574227
-0.0537921
-0.0518826
-0.0510770
-0.0497055
-0.0487144
-0.0515163
-0.0585184
-0.0640469
-0.0618319
-0.0532990
-0.0472393
-0.0494916
-0.0551920
-0.0548655
-0.0480729
-0.0461476
-0.0573655
-0.0714420
-0.0633277
-0.0112161
0.0956258
0.2663526
0.5103346
0.8094339
1.0837209
1.2032430
1.0637364
0.6730246
0.1673601
-0.2676921
-0.5104083
-0.5590097
-0.4963296
-0.4104783
-0.3437736
-0.2965970
-0.2573880
-0.2210789
-0.1881251
-0.1591033
-0.1347904
-0.1176941
-0.1096872
-0.1085352
-0.1088309
-0.1067952
-0.1030631
-0.1003129
-0.0993853
-0.0990365
-0.0987195
-0.0993269
-0.1005123
-0.0993192
-0.0933979
-0.0848522
-0.0790110
-0.0791295
-0.0833047
-0.0867168
-0.0860982
-0.0820246
-0.0778397
-0.0768165
-0.0797788
-0.0847449
-0.0886608
-0.0897019
-0.0883419
-0.0864557
-0.0851008
-0.0828810
-0.0770593
-0.0670939
-0.0566285
-0.0506151
-0.0501527
-0.0512426
-0.0491668
-0.0432165
-0.0364126
-0.0312413
-0.0266423
-0.0192293
-0.0069442
0.0087333
0.0240723
0.0363150
0.0454152
0.0528780
0.0597627
0.0662697
0.0725090
0.0786931
0.0847506
0.0905676
0.0966857
0.1042175
0.1139009
0.1253134
0.1366931
0.1453276
0.1488167
0.1468701
0.1418118
0.1365495
0.1316660
0.1247292
0.1128358
0.0961710
0.0791392
0.0673749
0.0627388
0.0611826
0.0562940
0.0452503
0.0308589
0.0178232
0.0079595
-0.0004886
-0.0097316
-0.0196655
-0.0281070
-0.0330787
-0.0345953
-0.0344626
-0.0347210
-0.0364611
-0.0397451
-0.0438159
-0.0471537
-0.0483228
-0.0477151
-0.0479360
-0.0512269
-0.0563613
-0.0590646
-0.0561133
-0.0487624
-0.0417932
-0.0391118
-0.0401115
-0.0401815
-0.0349964
-0.0246423
-0.0135366
-0.0061829
-0.0030530
-0.0005413
0.0053712
0.0153811
0.0262199
0.0335314
0.0358565
0.0360122
0.0381443
0.0432506
0.0480730
0.0486102
0.0442135
0.0379305
0.0333456
0.0316107
0.0312550
0.0301788
0.0275357
0.0239410
0.0203999
0.0174628
0.0152009
0.0131539
0.0099427
0.0038350
-0.0051960
-0.0141582
-0.0189135
-0.0179560
-0.0140985
-0.0122019
-0.0152031
-0.0219828
-0.0286162
-0.0318379
-0.0318875
-0.0321315
-0.0354894
-0.0409646
-0.0439556
-0.0405316
-0.0318219
-0.0240742
-0.0236208
-0.0310728
-0.0406339
-0.0456814
-0.0447923
-0.0416681
-0.0397951
-0.0389594
-0.0374265
-0.0355194
-0.0350529
-0.0359743
-0.0359909
-0.0342830
-0.0336240
-0.0367800
-0.0415819
-0.0424792
-0.0382438
-0.0355512
-0.0414229
-0.0526147
-0.0569548
-0.0476548
-0.0329086
-0.0266163
-0.0307322
-0.0329504
-0.0244901
-0.0146916
-0.0206868
-0.0424631
-0.0545603
-0.0256546
0.0590875
0.2008909
0.4051961
0.6759044
0.9754364
1.1970832
1.2057240
0.9363553
0.4651271
-0.0236657
-0.3566764
-0.4760761
-0.4457895
-0.3709647
-0.3147942
-0.2793689
-0.2428581
-0.1979506
-0.1554690
-0.1250755
-0.1042301
-0.0856251
-0.0680535
-0.0562423
-0.0528583
-0.0544378
-0.0550927
-0.0519780
-0.0465460
-0.0418845
-0.0398559
-0.0402208
-0.0414005
-0.0418389
-0.0413006
-0.0413576
-0.0441581
-0.0498897
-0.0555072
-0.0570024
-0.0535910
-0.0491225
-0.0485767
-0.0532836
-0.0601273
-0.0652984
-0.0681081
-0.0708491
-0.0754144
-0.0807171
-0.0836823
-0.0824664
-0.0780918
-0.0727077
-0.0669646
-0.0600154
-0.0518350
-0.0441290
-0.0381370
-0.0323374
-0.0236293
-0.0110161
0.0027264
0.0137948
0.0217279
0.0304642
0.0445712
0.0644909
0.0859161
0.1038825
0.1169566
0.1272548
0.1371948
0.1471523
0.1560941
0.1635427
0.1704773
0.1785672
0.1885868
0.1992554
0.2076082
0.2109906
0.2090713
0.2038772
0.1977356
0.1911784
0.1828146
0.1710791
0.1559084
0.1386351
0.1204945
0.1017818
0.0826617
0.0640893
0.0470724
0.0313332
0.0159226
0.0014765
-0.0093913
-0.0150915
-0.0179126
-0.0223929
-0.0302951
-0.0380919
-0.0405663
-0.0369793
-0.0326590
-0.0335644
-0.0396247
-0.0447759
-0.0441502
-0.0400859
-0.0395733
-0.0459884
-0.0549665
-0.0591677
-0.0559773
-0.0492164
-0.0438620
-0.0411115
-0.0395249
-0.0391257
-0.0413960
-0.0448326
-0.0438513
-0.0354198
-0.0255331
-0.0244067
-0.0333874
-0.0406787
-0.0347067
-0.0200215
-0.0134369
-0.0221172
-0.0316987
-0.0233926
-0.0009299
0.0095129
-0.0081716
-0.0340014
-0.0279284
0.0304473
0.1320615
0.2742268
0.4885456
0.8025032
1.1595877
1.3974767
1.3442641
0.9645568
0.4138410
-0.0643214
-0.3107326
-0.3388579
-0.2745832
-0.2270549
-0.2174500
-0.2092896
-0.1772463
-0.1342355
-0.1050336
-0.0947021
-0.0896873
-0.0801208
-0.0703766
-0.0683658
-0.0725904
-0.0741821
-0.0686153
-0.0607007
-0.0578120
-0.0615469
-0.0678508
-0.0734292
-0.0793514
-0.0882874
-0.1001652
-0.1115092
-0.1181853
-0.1182211
-0.1129541
-0.1065321
-0.1036950
-0.1064137
-0.1119849
-0.1150961
-0.1126080
-0.1063703
-0.1009597
-0.0986023
-0.0967776
-0.0911641
-0.0806067
-0.0684697
-0.0589630
-0.0528367
-0.0472310
-0.0393096
-0.0292562
-0.0197092
-0.0128636
-0.0082379
-0.0027685
0.0070620
0.0225340
0.0413864
0.0591949
0.0726719
0.0821817
0.0910737
0.1021911
0.1147602
0.1249470
0.1299461
0.1315229
0.1349560
0.1440727
0.1575163
0.1702235
0.1784732
0.1831425
0.1878599
0.1940763
0.1982668
0.1945398
0.1805331
0.1606605
0.1428400
0.1314174
0.1233104
0.1113804
0.0916529
0.0671205
0.0444679
0.0272715
0.0127622
-0.0044407
-0.0255422
-0.0450822
-0.0556698
-0.0550872
-0.0483935
-0.0431496
-0.0430196
-0.0460135
-0.0482017
-0.0482539
-0.0480974
-0.0496740
-0.0519632
-0.0517919
-0.0474046
-0.0406038
-0.0350987
-0.0330670
-0.0335793
-0.0340582
-0.0328341
-0.0303709
-0.0284384
-0.0282842
-0.0294542
-0.0302109
-0.0290625
-0.0260004
-0.0225113
-0.0205780
-0.0214490
-0.0248757
-0.0293250
-0.0331943
-0.0360760
-0.0387317
-0.0416435
-0.0437383
-0.0429991
-0.0387567
-0.0333686
-0.0310027
-0.0339176
-0.0397661
-0.0433659
-0.0419415
-0.0383790
-0.0383601
-0.0439030
-0.0503368
-0.0503958
-0.0414191
-0.0282036
-0.0186057
-0.0164674
-0.0189624
-0.0205792
-0.0190535
-0.0170036
-0.0181590
-0.0228354
-0.0274459
-0.0280559
-0.0241037
-0.0189160
-0.0168498
-0.0195454
-0.0243958
-0.0267606
-0.0243731
-0.0200035
-0.0194171
-0.0258977
-0.0363189
-0.0429766
-0.0401626
-0.0295025
-0.0186773
-0.0145241
-0.0173417
-0.0219276
-0.0236011
-0.0224612
-0.0218677
-0.0238103
-0.0266132
-0.0270047
-0.0237372
-0.0188923
-0.0159396
-0.0168363
-0.0208481
-0.0256421
-0.0292308
-0.0312834
-0.0332887
-0.0375134
-0.0449880
-0.0538086
-0.0597792
-0.0597859
-0.0551676
-0.0514504
-0.0539531
-0.0630345
-0.0736044
-0.0797351
-0.0801879
-0.0793613
-0.0824309
-0.0894721
-0.0947566
-0.0921817
-0.0813332
-0.0680603
-0.0592226
-0.0570597
-0.0585175
-0.0594715
-0.0589396
-0.0589241
-0.0606288
-0.0618564
-0.0588864
-0.0507936
-0.0412323
-0.0355010
-0.0358448
-0.0396782
-0.0422490
-0.0409392
-0.0371616
-0.0344469
-0.0349333
-0.0375845
-0.0393319
-0.0376122
-0.0322060
-0.0255274
-0.0214298
-0.0228128
-0.0291686
-0.0362876
-0.0393090
-0.0369632
-0.0328362
-0.0319275
-0.0356613
-0.0404941
-0.0417289
-0.0385888
-0.0350813
-0.0356963
-0.0406798
-0.0460313
-0.0479924
-0.0469124
-0.0464166
-0.0490848
-0.0533107
-0.0545089
-0.0495136
-0.0400065
-0.0315493
-0.0287612
-0.0310772
-0.0334005
-0.0312476
-0.0252160
-0.0200955
-0.0195527
-0.0220880
-0.0225961
-0.0177785
-0.0095586
-0.0030754
-0.0018437
-0.0052461
-0.0101106
-0.0135947
-0.0144523
-0.0128864
-0.0104470
-0.0096708
-0.0123772
-0.0176918
-0.0224471
-0.0242965
-0.0242726
-0.0257574
-0.0310208
-0.0393142
-0.0483304
-0.0566422
-0.0640237
-0.0699549
-0.0731249
-0.0729026
-0.0705579
-0.0683956
-0.0680786
-0.0701638
-0.0743180
-0.0787424
-0.0801059
-0.0764316
-0.0708739
-0.0702609
-0.0772203
-0.0846838
-0.0819368
-0.0676330
-0.0536116
-0.0520180
-0.0598699
-0.0616232
-0.0489553
-0.0328941
-0.0304258
-0.0411162
-0.0455976
-0.0310536
-0.0109422
-0.0097295
-0.0289531
-0.0390715
-0.0099751
0.0605544
0.1621592
0.3111911
0.5489754
0.8756025
1.1859280
1.2999828
1.0917163
0.6061897
0.0478626
-0.3592045
-0.5168783
-0.4838581
-0.3877127
-0.3169094
-0.2839854
-0.2623804
-0.2345526
-0.2038756
-0.1779014
-0.1563973
-0.1369395
-0.1230829
-0.1207508
-0.1286767
-0.1373436
-0.1383616
-0.1322930
-0.1258568
-0.1231904
-0.1219452
-0.1175257
-0.1090236
-0.0999331
-0.0939972
-0.0916685
-0.0906283
-0.0887130
-0.0857757
-0.0832854
-0.0828764
-0.0850634
-0.0884858
-0.0902120
-0.0877080
-0.0813992
-0.0750346
-0.0725136
-0.0738398
-0.0746299
-0.0702813
-0.0607622
-0.0509284
-0.0458080
-0.0456503
-0.0458732
-0.0418850
-0.0336535
-0.0253502
-0.0207507
-0.0193853
-0.0172998
-0.0113943
-0.0028572
0.0037518
0.0050613
0.0028779
0.0035763
0.0128708
0.0304511
0.0496191
0.0626884
0.0673709
0.0681321
0.0711352
0.0776953
0.0829068
0.0811180
0.0728028
0.0655150
0.0674471
0.0798492
0.0959322
0.1072998
0.1113940
0.1127200
0.1171568
0.1255124
0.1328114
0.1336406
0.1277182
0.1199394
0.1151255
0.1131240
0.1092424
0.0993183
0.0841344
0.0688231
0.0580463
0.0518261
0.0460701
0.0370420
0.0251708
0.0145350
0.0089184
0.0085325
0.0102356
0.0103678
0.0073089
0.0019626
-0.0034837
-0.0071959
-0.0087409
-0.0091523
-0.0100294
-0.0121986
-0.0149806
-0.0168410
-0.0168606
-0.0153464
-0.0127427
-0.0082754
-0.0005591
0.0099294
0.0195308
0.0237544
0.0217430
0.0181957
0.0199363
0.0296645
0.0427989
0.0509263
0.0491201
0.0403105
0.0323962
0.0308436
0.0340763
0.0361006
0.0333594
0.0285983
0.0279121
0.0342973
0.0443507
0.0511574
0.0501925
0.0426733
0.0338549
0.0283470
0.0264467
0.0242386
0.0175094
0.0065445
-0.0028582
-0.0044706
0.0013223
0.0066620
0.0042029
-0.0044058
-0.0105050
-0.0098153
-0.0089783
-0.0172973
-0.0329909
-0.0427217
-0.0373655
-0.0242643
-0.0182241
-0.0214488
-0.0200576
-0.0046730
0.0118655
0.0073456
-0.0181066
-0.0318406
0.0041650
0.1022540
0.2534939
0.4555054
0.7116298
0.9843336
1.1606548
1.1004688
0.7525195
0.2296585
-0.2475013
-0.5031552
-0.5194392
-0.4129687
-0.3132874
-0.2670055
-0.2433796
-0.2041539
-0.1500214
-0.1066197
-0.0872880
-0.0823353
-0.0784200
-0.0751213
-0.0788245
-0.0881156
-0.0928564
-0.0867525
-0.0751563
-0.0683713
-0.0702668
-0.0760934
-0.0799060
-0.0809222
-0.0821634
-0.0853352
-0.0888981
-0.0903818
-0.0888770
-0.0850382
-0.0799072
-0.0746240
-0.0707812
-0.0699272
-0.0721676
-0.0755030
-0.0769915
-0.0748043
-0.0692761
-0.0621343
-0.0548420
-0.0476403
-0.0400332
-0.0320093
-0.0245340
-0.0185508
-0.0134543
-0.0069591
0.0029208
0.0155180
0.0274427
0.0354221
0.0395633
0.0437094
0.0521240
0.0653952
0.0795640
0.0896140
0.0940772
0.0960892
0.0997392
0.1056910
0.1110653
0.1138068
0.1163009
0.1234098
0.1365172
0.1504028
0.1573144
0.1546240
0.1479279
0.1458982
0.1519289
0.1609591
0.1642998
0.1572771
0.1425035
0.1266843
0.1148255
0.1069138
0.0989690
0.0867958
0.0694087
0.0498151
0.0326648
0.0205196
0.0118988
0.0031206
-0.0075853
-0.0179359
-0.0240635
-0.0252080
-0.0252788
-0.0290345
-0.0368709
-0.0442599
-0.0468118
-0.0453172
-0.0448714
-0.0489160
-0.0549992
-0.0572032
-0.0525812
-0.0444113
-0.0387679
-0.0383551
-0.0401985
-0.0391279
-0.0328763
-0.0237569
-0.0161413
-0.0128560
-0.0135347
-0.0154402
-0.0155610
-0.0126330
-0.0080007
-0.0046033
-0.0045703
-0.0074125
-0.0106675
-0.0124924
-0.0134383
-0.0153691
-0.0187351
-0.0214619
-0.0210007
-0.0174225
-0.0140273
-0.0144593
-0.0190467
-0.0240982
-0.0251197
-0.0210840
-0.0156533
-0.0139583
-0.0178228
-0.0240726
-0.0277139
-0.0268424
-0.0242599
-0.0242019
-0.0278163
-0.0322795
-0.0342687
-0.0336709
-0.0334366
-0.0361061
-0.0411798
-0.0460694
-0.0490479
-0.0507263
-0.0528765
-0.0564638
-0.0609686
-0.0650847
-0.0677153
-0.0687022
-0.0691609
-0.0708702
-0.0744620
-0.0779298
-0.0777948
-0.0727475
-0.0659548
-0.0626340
-0.0647909
-0.0690769
-0.0706702
-0.0688086
-0.0672250
-0.0688990
-0.0717714
-0.0709701
-0.0648422
-0.0573012
-0.0537411
-0.0556264
-0.0597887
-0.0621884
-0.0613345
-0.0587261
-0.0576498
-0.0614764
-0.0707723
-0.0806254
-0.0828986
-0.0744070
-0.0626769
