-0.1068820
-0.0860410
-0.0781968
-0.0828850
-0.0868663
-0.0823040
-0.0740885
-0.0705349
-0.0716744
-0.0699517
-0.0612146
-0.0513376
-0.0499926
-0.0591219
-0.0700387
-0.0727031
-0.0662328
-0.0581911
-0.0536608
-0.0479234
-0.0329338
-0.0105956
0.0047352
0.0012092
-0.0135938
-0.0160374
0.0084637
0.0445550
0.0566725
0.0237838
-0.0367457
-0.0836725
-0.0911280
-0.0710088
-0.0555335
-0.0615897
-0.0772240
-0.0822249
-0.0743988
-0.0693125
-0.0765639
-0.0848698
-0.0756843
-0.0481669
-0.0239711
-0.0253659
-0.0522257
-0.0835189
-0.0994771
-0.0986909
-0.0937516
-0.0943459
-0.0975426
-0.0933825
-0.0773990
-0.0572200
-0.0474305
-0.0565562
-0.0770997
-0.0899625
-0.0828444
-0.0633667
-0.0442207
-0.0060808
0.1181868
0.3977598
0.8172775
1.2325068
1.4355578
1.2981159
0.8740652
0.3662484
-0.0170241
-0.1918064
-0.2134113
-0.1886585
-0.1822334
-0.1933566
-0.1947919
-0.1746253
-0.1425851
-0.1125179
-0.0906939
-0.0788419
-0.0790473
-0.0908513
-0.1065353
-0.1142826
-0.1078901
-0.0926286
-0.0806743
-0.0802265
-0.0882239
-0.0932263
-0.0863864
-0.0709939
-0.0608621
-0.0671202
-0.0853073
-0.0970105
-0.0868955
-0.0589142
-0.0343480
-0.0327255
-0.0549187
-0.0848785
-0.1058900
-0.1129668
-0.1105290
-0.1025907
-0.0890101
-0.0705151
-0.0531613
-0.0447222
-0.0470418
-0.0539054
-0.0571933
-0.0544172
-0.0497856
-0.0485561
-0.0511368
-0.0526626
-0.0479172
-0.0367206
-0.0247637
-0.0188003
-0.0201994
-0.0230085
-0.0190196
-0.0052589
0.0137695
0.0313647
0.0452256
0.0578361
0.0710690
0.0827615
0.0900661
0.0948705
0.1032860
0.1189425
0.1384680
0.1552420
0.1669066
0.1772060
0.1901730
0.2045696
0.2156284
0.2209657
0.2221826
0.2204573
0.2136394
0.2005839
0.1873992
0.1851980
0.1982511
0.2146954
0.2121607
0.1757809
0.1121685
0.0457392
0.0005196
-0.0162649
-0.0155695
-0.0141452
-0.0207491
-0.0320110
-0.0390978
-0.0376240
-0.0320082
-0.0310494
-0.0390460
-0.0507285
-0.0552892
-0.0465981
-0.0301775
-0.0194633
-0.0237868
-0.0392399
-0.0517667
-0.0501242
-0.0362650
-0.0229840
-0.0214067
-0.0308698
-0.0406479
-0.0406669
-0.0300987
-0.0164258
-0.0077985
-0.0069472
-0.0111872
-0.0161424
-0.0186219
-0.0172840
-0.0126549
-0.0071274
-0.0036134
-0.0027821
-0.0018932
0.0022480
0.0087669
0.0124837
0.0096552
0.0035328
0.0021662
0.0093960
0.0191115
0.0206813
0.0108112
-0.0015309
-0.0037309
0.0071570
0.0212144
0.0261540
0.0195429
0.0093841
0.0037552
0.0024619
-0.0002199
-0.0067660
-0.0131810
-0.0146973
-0.0122428
-0.0112665
-0.0148545
-0.0201042
-0.0218853
-0.0186127
-0.0130400
-0.0084512
-0.0062175
-0.0072117
-0.0130239
-0.0233751
-0.0330406
-0.0344238
-0.0252080
-0.0124944
-0.0070679
-0.0127950
-0.0228961
-0.0276598
-0.0248995
-0.0211862
-0.0229437
-0.0284925
-0.0304616
-0.0250530
-0.0166244
-0.0124432
-0.0146063
-0.0188575
-0.0207785
-0.0208545
-0.0222601
-0.0251014
-0.0253385
-0.0201554
-0.0127338
-0.0097167
-0.0138388
-0.0205652
-0.0229072
-0.0186184
-0.0111929
-0.0039627
0.0047813
0.0191752
0.0389571
0.0574782
0.0678449
0.0700796
0.0703060
0.0725678
0.0733220
0.0657502
0.0488406
0.0299009
0.0170435
0.0106400
0.0040946
-0.0072894
-0.0204990
-0.0289740
-0.0308015
-0.0301263
-0.0303818
-0.0292287
-0.0228973
-0.0142924
-0.0126964
-0.0232420
-0.0389375
-0.0468224
-0.0423663
-0.0344817
-0.0341203
-0.0403931
-0.0422898
-0.0343574
-0.0256441
-0.0287066
-0.0418013
-0.0483807
-0.0370492
-0.0175900
-0.0114140
-0.0266595
-0.0481142
-0.0523379
-0.0242869
0.0487154
0.1922037
0.4314173
0.7434421
1.0246988
1.1307163
0.9772825
0.6170630
0.2132748
-0.0742590
-0.1910279
-0.1933647
-0.1700480
-0.1659828
-0.1723333
-0.1677721
-0.1509211
-0.1337275
-0.1195079
-0.1005760
-0.0753193
-0.0565543
-0.0574875
-0.0742309
-0.0889139
-0.0897039
-0.0821328
-0.0785938
-0.0814091
-0.0814662
-0.0722940
-0.0595367
-0.0536168
-0.0564358
-0.0600185
-0.0580946
-0.0545229
-0.0574935
-0.0676829
-0.0761587
-0.0746444
-0.0649231
-0.0560414
-0.0538587
-0.0561595
-0.0579137
-0.0581647
-0.0595331
-0.0624375
-0.0630638
-0.0582269
-0.0504478
-0.0460763
-0.0483377
-0.0537397
-0.0560951
-0.0531605
-0.0481530
-0.0450488
-0.0438204
-0.0409446
-0.0336456
-0.0224654
-0.0099303
0.0019126
0.0119920
0.0193717
0.0236481
0.0266686
0.0325886
0.0445364
0.0608009
0.0754458
0.0839917
0.0885445
0.0962652
0.1120311
0.1329999
0.1512737
0.1620979
0.1687532
0.1786785
0.1948190
0.2114323
0.2189291
0.2128085
0.1975801
0.1820770
0.1715276
0.1643818
0.1558956
0.1432993
0.1270291
0.1083079
0.0875926
0.0660883
0.0473264
0.0349951
0.0283803
0.0213277
0.0077637
-0.0112344
-0.0271689
-0.0322094
-0.0273636
-0.0216145
-0.0228802
-0.0308818
-0.0394301
-0.0444582
-0.0478925
-0.0533738
-0.0601430
-0.0632545
-0.0597446
-0.0526077
-0.0473962
-0.0459470
-0.0453776
-0.0433328
-0.0420560
-0.0454316
-0.0526797
-0.0573222
-0.0537349
-0.0438547
-0.0357203
-0.0349541
-0.0388668
-0.0401602
-0.0360266
-0.0318283
-0.0345978
-0.0436497
-0.0495622
-0.0436326
-0.0278201
-0.0140168
-0.0128399
-0.0235609
-0.0356399
-0.0398289
-0.0367100
-0.0339748
-0.0366149
-0.0416477
-0.0427470
-0.0382191
-0.0326005
-0.0308127
-0.0328294
-0.0351915
-0.0364546
-0.0389497
-0.0446431
-0.0509343
-0.0525328
-0.0477938
-0.0418642
-0.0422535
-0.0511538
-0.0626907
-0.0680440
-0.0633140
-0.0527439
-0.0448621
-0.0454819
-0.0535484
-0.0627332
-0.0667407
-0.0636162
-0.0559847
-0.0482723
-0.0442265
-0.0462760
-0.0552244
-0.0688332
-0.0809647
-0.0843372
-0.0764384
-0.0632239
-0.0555624
-0.0603043
-0.0742555
-0.0872526
-0.0912558
-0.0862169
-0.0776311
-0.0700356
-0.0640837
-0.0590389
-0.0558118
-0.0562640
-0.0603778
-0.0656572
-0.0696162
-0.0718703
-0.0731388
-0.0729214
-0.0693498
-0.0614064
-0.0502305
-0.0376912
-0.0246086
-0.0114987
-0.0004675
0.0056639
0.0072539
0.0097878
0.0199075
0.0384150
0.0574327
0.0651408
0.0540739
0.0260344
-0.0095032
-0.0411481
-0.0611913
-0.0683088
-0.0667202
-0.0625280
-0.0594434
-0.0571293
-0.0536826
-0.0496628
-0.0490323
-0.0555761
-0.0684576
-0.0815445
-0.0872815
-0.0820259
-0.0691853
-0.0578967
-0.0570175
-0.0676761
-0.0809786
-0.0851173
-0.0767856
-0.0648960
-0.0609229
-0.0656677
-0.0684051
-0.0608135
-0.0492549
-0.0491981
-0.0669273
-0.0895396
-0.0929646
-0.0541514
0.0483333
0.2364608
0.5144838
0.8326323
1.0749011
1.1098685
0.8834912
0.4758256
0.0604104
-0.2093947
-0.2931461
-0.2610854
-0.2123974
-0.1963763
-0.2001445
-0.1923442
-0.1645856
-0.1325277
-0.1104390
-0.0961184
-0.0805349
-0.0641317
-0.0575486
-0.0673139
-0.0857144
-0.0976011
-0.0959596
-0.0882621
-0.0869938
-0.0956287
-0.1054069
-0.1054345
-0.0943300
-0.0811341
-0.0755653
-0.0787382
-0.0837688
-0.0842391
-0.0804307
-0.0770894
-0.0768057
-0.0773545
-0.0752587
-0.0700801
-0.0642327
-0.0597882
-0.0571629
-0.0567468
-0.0597831
-0.0661577
-0.0721157
-0.0723051
-0.0652210
-0.0557786
-0.0510121
-0.0529504
-0.0566697
-0.0558696
-0.0495794
-0.0424276
-0.0386171
-0.0368541
-0.0318946
-0.0206772
-0.0061417
0.0054656
0.0111236
0.0146602
0.0234022
0.0408105
0.0626137
0.0809445
0.0927425
0.1035798
0.1220925
0.1500366
0.1784705
0.1950329
0.1955601
0.1879222
0.1837757
0.1870709
0.1916952
0.1901537
0.1827734
0.1769859
0.1781887
0.1831347
0.1831934
0.1732454
0.1560347
0.1377274
0.1206878
0.1021338
0.0797189
0.0566109
0.0394333
0.0312486
0.0278199
0.0216165
0.0092251
-0.0058053
-0.0174056
-0.0235044
-0.0274738
-0.0333392
-0.0407324
-0.0456555
-0.0458992
-0.0440985
-0.0443958
-0.0470136
-0.0480370
-0.0451265
-0.0418229
-0.0441109
-0.0524990
-0.0594732
-0.0568464
-0.0454825
-0.0356278
-0.0361635
-0.0445634
-0.0495282
-0.0437010
-0.0316797
-0.0239239
-0.0239631
-0.0242516
-0.0156300
0.0007622
0.0131433
0.0110129
-0.0037969
-0.0188357
-0.0231820
-0.0169045
-0.0088041
-0.0063799
-0.0089963
-0.0101642
-0.0052101
0.0035178
0.0083240
0.0029738
-0.0111564
-0.0250728
-0.0290833
-0.0211727
-0.0090906
-0.0034492
-0.0078219
-0.0155829
-0.0171457
-0.0104894
-0.0037147
-0.0064377
-0.0191986
-0.0326810
-0.0376280
-0.0342154
-0.0305721
-0.0328439
-0.0384871
-0.0398888
-0.0332676
-0.0225364
-0.0146633
-0.0129680
-0.0159963
-0.0216408
-0.0297647
-0.0398357
-0.0479912
-0.0492624
-0.0433113
-0.0361690
-0.0345943
-0.0388763
-0.0424257
-0.0389913
-0.0297046
-0.0223093
-0.0234380
-0.0321198
-0.0410350
-0.0436638
-0.0397760
-0.0343911
-0.0324219
-0.0346437
-0.0379700
-0.0386769
-0.0355248
-0.0306568
-0.0278439
-0.0293656
-0.0339944
-0.0379517
-0.0381840
-0.0350308
-0.0316754
-0.0307076
-0.0311174
-0.0289771
-0.0213727
-0.0093939
0.0032050
0.0140474
0.0240480
0.0351949
0.0474397
0.0586848
0.0672897
0.0730106
0.0747888
0.0690875
0.0529663
0.0297827
0.0098302
0.0021799
0.0050678
0.0066594
-0.0024625
-0.0184985
-0.0285949
-0.0259047
-0.0175739
-0.0156454
-0.0220430
-0.0266626
-0.0213949
-0.0123823
-0.0141993
-0.0321330
-0.0542897
-0.0636933
-0.0560563
-0.0425198
-0.0359151
-0.0383783
-0.0433807
-0.0455513
-0.0444917
-0.0409908
-0.0349852
-0.0286992
-0.0274618
-0.0337331
-0.0423346
-0.0450049
-0.0364753
-0.0071961
0.0722095
0.2452923
0.5256875
0.8465533
1.0654427
1.0474447
0.7688504
0.3482382
-0.0304137
-0.2400552
-0.2770729
-0.2279458
-0.1823272
-0.1731544
-0.1811038
-0.1765092
-0.1505004
-0.1149575
-0.0856166
-0.0698449
-0.0657170
-0.0668038
-0.0671519
-0.0645512
-0.0607023
-0.0579444
-0.0559994
-0.0529985
-0.0495079
-0.0493841
-0.0549978
-0.0626633
-0.0653132
-0.0604676
-0.0535692
-0.0513257
-0.0526339
-0.0493286
-0.0374729
-0.0254287
-0.0269002
-0.0452031
-0.0671624
-0.0750444
-0.0640081
-0.0459166
-0.0359045
-0.0372681
-0.0410080
-0.0388159
-0.0332903
-0.0335990
-0.0426895
-0.0520733
-0.0507049
-0.0374366
-0.0224902
-0.0165203
-0.0198527
-0.0233706
-0.0189793
-0.0076483
0.0031259
0.0085015
0.0114096
0.0183087
0.0312546
0.0458199
0.0568944
0.0648679
0.0746829
0.0892559
0.1054576
0.1175005
0.1237654
0.1291271
0.1399011
0.1568889
0.1743570
0.1862231
0.1923993
0.1979907
0.2064793
0.2150542
0.2174777
0.2109915
0.1994228
0.1892746
0.1832777
0.1782662
0.1692797
0.1550380
0.1387172
0.1236658
0.1096862
0.0944205
0.0776330
0.0625184
0.0521776
0.0456679
0.0386487
0.0281692
0.0161871
0.0075747
0.0044880
0.0034863
-0.0007857
-0.0091064
-0.0160133
-0.0154925
-0.0079523
-0.0006181
-0.0006735
-0.0082962
-0.0167103
-0.0190534
-0.0149901
-0.0103858
-0.0106430
-0.0150676
-0.0183377
-0.0169104
-0.0126300
-0.0095891
-0.0085828
-0.0061096
0.0009147
0.0104357
0.0163534
0.0147009
0.0082145
0.0039502
0.0062485
0.0127492
0.0176158
0.0177172
0.0146529
0.0113705
0.0085907
0.0053254
0.0018157
0.0003681
0.0027753
0.0075877
0.0108904
0.0100725
0.0062455
0.0023443
-0.0006575
-0.0044158
-0.0098866
-0.0147011
-0.0152470
-0.0111864
-0.0066600
-0.0062587
-0.0101017
-0.0136482
-0.0128193
-0.0089869
-0.0079459
-0.0133686
-0.0219703
-0.0263930
-0.0230209
-0.0158934
-0.0123292
-0.0154774
-0.0220900
-0.0272322
-0.0297873
-0.0324253
-0.0367266
-0.0400385
-0.0384363
-0.0322261
-0.0266154
-0.0260463
-0.0291588
-0.0308822
-0.0288805
-0.0259650
-0.0257164
-0.0275390
-0.0277142
-0.0248012
-0.0220268
-0.0232908
-0.0278606
-0.0309466
-0.0299437
-0.0282169
-0.0307710
-0.0369148
-0.0398911
-0.0347564
-0.0245196
-0.0162805
-0.0121023
-0.0063960
0.0065988
0.0244692
0.0380172
0.0413877
0.0392575
0.0422661
0.0552855
0.0715868
0.0792503
0.0722120
0.0540490
0.0323583
0.0120368
-0.0055833
-0.0196892
-0.0287780
-0.0325201
-0.0330656
-0.0332759
-0.0339079
-0.0335138
-0.0315472
-0.0307633
-0.0351758
-0.0451946
-0.0557522
-0.0604025
-0.0575535
-0.0524176
-0.0525274
-0.0606680
-0.0715391
-0.0760130
-0.0703590
-0.0613689
-0.0599335
-0.0678046
-0.0728407
-0.0613164
-0.0356327
-0.0160665
-0.0212758
-0.0477496
-0.0716532
-0.0701797
-0.0343374
0.0440472
0.1895554
0.4266027
0.7288830
0.9895920
1.0666391
0.8847136
0.5058633
0.0965438
-0.1861923
-0.2911407
-0.2755803
-0.2297239
-0.2033880
-0.1935332
-0.1799893
-0.1570913
-0.1331984
-0.1147096
-0.1010141
-0.0916032
-0.0889262
-0.0920417
-0.0933006
-0.0860162
-0.0735210
-0.0662963
-0.0694921
-0.0764000
-0.0764915
-0.0684205
-0.0619292
-0.0661510
-0.0785674
-0.0878152
-0.0862271
-0.0768505
-0.0681831
-0.0650741
-0.0663351
-0.0689185
-0.0714240
-0.0736197
-0.0749380
-0.0748559
-0.0740795
-0.0740991
-0.0752277
-0.0758395
-0.0744454
-0.0722267
-0.0720734
-0.0745185
-0.0760396
-0.0728595
-0.0657073
-0.0591155
-0.0560754
-0.0549505
-0.0521383
-0.0466280
-0.0410694
-0.0385921
-0.0389585
-0.0379582
-0.0308740
-0.0168137
0.0004991
0.0161794
0.0279897
0.0369576
0.0454567
0.0553677
0.0673649
0.0810663
0.0957868
0.1110513
0.1259585
0.1385839
0.1474607
0.1537922
0.1605222
0.1683618
0.1741511
0.1745792
0.1707658
0.1674017
0.1668675
0.1652539
0.1556641
0.1361606
0.1134584
0.0966281
0.0865892
0.0742427
0.0513204
0.0217541
-0.0009159
-0.0079090
-0.0046101
-0.0044804
-0.0151093
-0.0317842
-0.0442607
-0.0481260
-0.0482609
-0.0514223
-0.0575440
-0.0606119
-0.0575285
-0.0528231
-0.0529431
-0.0581819
-0.0629137
-0.0630097
-0.0604828
-0.0602709
-0.0638360
-0.0669682
-0.0641285
-0.0548811
-0.0452380
-0.0416243
-0.0440599
-0.0468735
-0.0458306
-0.0423346
-0.0400563
-0.0395381
-0.0375835
-0.0311271
-0.0208722
-0.0114494
-0.0077769
-0.0103741
-0.0146588
-0.0159400
-0.0143513
-0.0133354
-0.0142422
-0.0148603
-0.0131614
-0.0101376
-0.0082979
-0.0088122
-0.0106753
-0.0120321
-0.0123851
-0.0135733
-0.0173938
-0.0220574
-0.0233140
-0.0202786
-0.0175363
-0.0192886
-0.0236093
-0.0252358
-0.0226514
-0.0198170
-0.0215788
-0.0289979
-0.0382898
-0.0433559
-0.0408877
-0.0339366
-0.0288038
-0.0280255
-0.0287745
-0.0282799
-0.0273938
-0.0280449
-0.0306859
-0.0351147
-0.0402084
-0.0422970
-0.0381369
-0.0304376
-0.0260376
-0.0276526
-0.0317890
-0.0350892
-0.0374623
-0.0386296
-0.0375300
-0.0356759
-0.0351375
-0.0337655
-0.0296807
-0.0285226
-0.0349308
-0.0370827
