0.0801378
0.1045924
0.0972465
0.0943556
0.1006621
0.0934717
0.0672098
0.0408597
0.0266175
0.0183898
0.0094155
-0.0005801
-0.0136122
-0.0295648
-0.0367604
-0.0247813
-0.0048796
-0.0001722
-0.0157167
-0.0337853
-0.0395665
-0.0377101
-0.0408971
-0.0526358
-0.0649140
-0.0674721
-0.0585425
-0.0485298
-0.0494893
-0.0591720
-0.0630288
-0.0555361
-0.0488818
-0.0528362
-0.0569316
-0.0455230
-0.0240219
-0.0151597
-0.0291595
-0.0496743
-0.0526569
-0.0286853
0.0242266
0.1286688
0.3318680
0.6561413
1.0308323
1.2888728
1.2672268
0.9376162
0.4414350
-0.0109189
-0.2824220
-0.3702687
-0.3565127
-0.3197993
-0.2889025
-0.2567132
-0.2162584
-0.1753921
-0.1443029
-0.1228646
-0.1064017
-0.0964623
-0.0970549
-0.1034387
-0.1040404
-0.0943645
-0.0822292
-0.0774591
-0.0813008
-0.0876484
-0.0906437
-0.0888513
-0.0843355
-0.0798439
-0.0769343
-0.0764418
-0.0793757
-0.0849637
-0.0885585
-0.0858546
-0.0801900
-0.0806833
-0.0902668
-0.0999805
-0.0993791
-0.0896526
-0.0817526
-0.0827105
-0.0879639
-0.0877796
-0.0788847
-0.0683887
-0.0660495
-0.0729976
-0.0798603
-0.0774945
-0.0674372
-0.0586057
-0.0553992
-0.0537616
-0.0488451
-0.0414089
-0.0346603
-0.0284764
-0.0196498
-0.0063256
0.0098538
0.0257029
0.0398021
0.0536372
0.0688867
0.0839345
0.0953972
0.1039784
0.1156825
0.1345482
0.1565170
0.1739765
0.1850907
0.1949419
0.2074835
0.2196026
0.2245450
0.2199327
0.2110802
0.2056520
0.2046268
0.1997602
0.1822158
0.1533887
0.1242612
0.1033704
0.0883746
0.0710288
0.0478818
0.0236603
0.0053360
-0.0050628
-0.0118471
-0.0207554
-0.0327786
-0.0434461
-0.0489277
-0.0514721
-0.0565859
-0.0654664
-0.0730299
-0.0740175
-0.0689951
-0.0634731
-0.0624306
-0.0663846
-0.0720663
-0.0764283
-0.0796984
-0.0835950
-0.0867530
-0.0844710
-0.0746905
-0.0622133
-0.0543061
-0.0528675
-0.0532976
-0.0509172
-0.0464346
-0.0445205
-0.0480023
-0.0540291
-0.0561688
-0.0508349
-0.0413947
-0.0347034
-0.0336090
-0.0345353
-0.0327702
-0.0281449
-0.0243654
-0.0241019
-0.0260312
-0.0263197
-0.0227045
-0.0175984
-0.0166427
-0.0228131
-0.0323429
-0.0383811
-0.0387330
-0.0378362
-0.0403172
-0.0445146
-0.0441396
-0.0360370
-0.0251128
-0.0206482
-0.0271559
-0.0393772
-0.0478566
-0.0496176
-0.0509898
-0.0584230
-0.0688253
-0.0721614
-0.0632710
-0.0484061
-0.0391700
-0.0412948
-0.0501229
-0.0564712
-0.0561481
-0.0532811
-0.0543403
-0.0601247
-0.0652445
-0.0650564
-0.0607857
-0.0570739
-0.0564993
-0.0580202
-0.0596220
-0.0608436
-0.0628184
-0.0665501
-0.0710876
-0.0734479
-0.0709918
-0.0639884
-0.0553600
-0.0482186
-0.0443764
-0.0445558
-0.0483943
-0.0539688
-0.0584426
-0.0596769
-0.0570818
-0.0516479
-0.0460011
-0.0433793
-0.0446123
-0.0460512
-0.0421581
-0.0310277
-0.0168000
-0.0059755
-0.0010126
0.0027134
0.0131026
0.0330956
0.0557613
0.0689052
0.0656465
0.0499291
0.0313483
0.0159601
0.0031202
-0.0101624
-0.0239841
-0.0349785
-0.0399297
-0.0393114
-0.0370957
-0.0370031
-0.0393365
-0.0419660
-0.0438153
-0.0462371
-0.0510614
-0.0582812
-0.0656222
-0.0697036
-0.0683613
-0.0633382
-0.0601849
-0.0632918
-0.0705323
-0.0749003
-0.0727835
-0.0689835
-0.0710485
-0.0786062
-0.0811957
-0.0696530
-0.0492327
-0.0373953
-0.0456176
-0.0659080
-0.0794867
-0.0752238
-0.0476557
0.0288317
0.2091948
0.5324734
0.9477356
1.2924365
1.3751765
1.1141725
0.6126351
0.0954329
-0.2447475
-0.3612551
-0.3400892
-0.2941667
-0.2743245
-0.2653751
-0.2398407
-0.1978210
-0.1598277
-0.1384646
-0.1278693
-0.1173769
-0.1062903
-0.1015165
-0.1048472
-0.1083770
-0.1034997
-0.0909961
-0.0798149
-0.0773920
-0.0833695
-0.0918985
-0.0974815
-0.0981824
-0.0951861
-0.0907064
-0.0861443
-0.0818620
-0.0784887
-0.0775409
-0.0798072
-0.0835216
-0.0854170
-0.0840719
-0.0816420
-0.0816290
-0.0846647
-0.0867251
-0.0824915
-0.0714813
-0.0603828
-0.0576478
-0.0651063
-0.0759086
-0.0813709
-0.0790271
-0.0733515
-0.0695225
-0.0677109
-0.0635289
-0.0533724
-0.0387408
-0.0248944
-0.0152578
-0.0079589
0.0014364
0.0146151
0.0293759
0.0435464
0.0581828
0.0757799
0.0960824
0.1150413
0.1286004
0.1373814
0.1468119
0.1616415
0.1804043
0.1966087
0.2060204
0.2114875
0.2192087
0.2308911
0.2411687
0.2428653
0.2336401
0.2170865
0.1982751
0.1792372
0.1589024
0.1365785
0.1141182
0.0939514
0.0759573
0.0579389
0.0392952
0.0226528
0.0109602
0.0038082
-0.0024420
-0.0111327
-0.0223227
-0.0329493
-0.0396264
-0.0416266
-0.0414184
-0.0422001
-0.0450628
-0.0489299
-0.0529112
-0.0576939
-0.0641369
-0.0709534
-0.0745102
-0.0715949
-0.0629407
-0.0537568
-0.0495695
-0.0508811
-0.0528119
-0.0508533
-0.0460616
-0.0431699
-0.0440109
-0.0446384
-0.0397097
-0.0287067
-0.0167185
-0.0091512
-0.0065512
-0.0052713
-0.0027655
-0.0007621
-0.0023096
-0.0067931
-0.0098711
-0.0085842
-0.0047904
-0.0025257
-0.0030719
-0.0039989
-0.0028112
-0.0004299
-0.0006217
-0.0060936
-0.0151601
-0.0224195
-0.0232744
-0.0182065
-0.0125416
-0.0117582
-0.0167035
-0.0229881
-0.0250505
-0.0214433
-0.0164915
-0.0161680
-0.0218649
-0.0288762
-0.0316464
-0.0296909
-0.0272252
-0.0276083
-0.0299483
-0.0315433
-0.0319846
-0.0332650
-0.0361544
-0.0381830
-0.0365072
-0.0323323
-0.0306477
-0.0343769
-0.0399097
-0.0406186
-0.0350684
-0.0296306
-0.0314198
-0.0396669
-0.0459645
-0.0432759
-0.0334821
-0.0252629
-0.0249611
-0.0304540
-0.0344720
-0.0333353
-0.0309861
-0.0336254
-0.0413971
-0.0471799
-0.0440980
-0.0331900
-0.0227344
-0.0200879
-0.0246474
-0.0290949
-0.0275796
-0.0222032
-0.0205287
-0.0264387
-0.0345912
-0.0351663
-0.0238599
-0.0060484
0.0091233
0.0178330
0.0242056
0.0344399
0.0493681
0.0635542
0.0716135
0.0742068
0.0764002
0.0801740
0.0803113
0.0692575
0.0458945
0.0183245
-0.0027717
-0.0134312
-0.0186455
-0.0251161
-0.0325290
-0.0337875
-0.0248452
-0.0125069
-0.0093689
-0.0203645
-0.0369361
-0.0467077
-0.0474875
-0.0485518
-0.0576523
-0.0700730
-0.0737720
-0.0644875
-0.0517164
-0.0476999
-0.0533934
-0.0593116
-0.0591197
-0.0567533
-0.0578342
-0.0593684
-0.0542100
-0.0440296
-0.0400932
-0.0480765
-0.0578386
-0.0535561
-0.0284479
0.0226881
0.1274502
0.3342488
0.6601809
1.0288784
1.2758792
1.2475829
0.9210441
0.4345949
-0.0053050
-0.2610838
-0.3302594
-0.3017083
-0.2629853
-0.2450765
-0.2336283
-0.2098326
-0.1734084
-0.1364763
-0.1088142
-0.0926635
-0.0858516
-0.0844996
-0.0839894
-0.0815542
-0.0787999
-0.0792988
-0.0828416
-0.0841469
-0.0788027
-0.0691915
-0.0624976
-0.0628851
-0.0672953
-0.0697140
-0.0683616
-0.0669414
-0.0687028
-0.0712016
-0.0688451
-0.0603101
-0.0513677
-0.0491767
-0.0546886
-0.0619570
-0.0647192
-0.0626020
-0.0606054
-0.0631456
-0.0691124
-0.0727582
-0.0692836
-0.0594537
-0.0487469
-0.0422408
-0.0405769
-0.0405363
-0.0386675
-0.0339176
-0.0272016
-0.0192711
-0.0096979
0.0018230
0.0137911
0.0238203
0.0318479
0.0413058
0.0555407
0.0732821
0.0894587
0.1013608
0.1126577
0.1295433
0.1529069
0.1759642
0.1909129
0.1974223
0.2029538
0.2141077
0.2290402
0.2400494
0.2430261
0.2418876
0.2425901
0.2446500
0.2410501
0.2266081
0.2045802
0.1838134
0.1698463
0.1596877
0.1455139
0.1231163
0.0963801
0.0734779
0.0590082
0.0501934
0.0406537
0.0273427
0.0133008
0.0035725
-0.0010765
-0.0054327
-0.0140995
-0.0250681
-0.0308840
-0.0273006
-0.0194170
-0.0170372
-0.0239340
-0.0338196
-0.0379589
-0.0350399
-0.0314227
-0.0322131
-0.0348469
-0.0330776
-0.0257264
-0.0186095
-0.0171822
-0.0197609
-0.0203977
-0.0173241
-0.0151005
-0.0172670
-0.0198061
-0.0152155
-0.0026487
0.0092057
0.0110809
0.0035465
-0.0035949
-0.0023061
0.0050611
0.0092060
0.0048566
-0.0036740
-0.0082512
-0.0062569
-0.0022424
-0.0010108
-0.0018200
-0.0009478
0.0015703
0.0006062
-0.0075562
-0.0188302
-0.0238140
-0.0177291
-0.0067183
-0.0021970
-0.0085150
-0.0181126
-0.0206188
-0.0156376
-0.0136405
-0.0232011
-0.0396243
-0.0490204
-0.0436696
-0.0308261
-0.0244832
-0.0296355
-0.0375544
-0.0374737
-0.0302392
-0.0270992
-0.0352132
-0.0479577
-0.0520988
-0.0431151
-0.0304114
-0.0268545
-0.0353542
-0.0473215
-0.0531220
-0.0516343
-0.0489259
-0.0495188
-0.0513737
-0.0496838
-0.0435615
-0.0372458
-0.0352786
-0.0382196
-0.0434270
-0.0485170
-0.0527363
-0.0554353
-0.0548279
-0.0494231
-0.0406429
-0.0330426
-0.0307971
-0.0336549
-0.0371992
-0.0379728
-0.0378812
-0.0421035
-0.0520838
-0.0617838
-0.0626443
-0.0527578
-0.0399136
-0.0339915
-0.0362405
-0.0376230
-0.0289082
-0.0112616
0.0054046
0.0147069
0.0216727
0.0360361
0.0587554
0.0783991
0.0823514
0.0698468
0.0516407
0.0371894
0.0249522
0.0071284
-0.0177780
-0.0407174
-0.0516598
-0.0509438
-0.0482407
-0.0508346
-0.0561858
-0.0575346
-0.0543574
-0.0539221
-0.0622969
-0.0765082
-0.0874626
-0.0895963
-0.0856665
-0.0821429
-0.0820645
-0.0835669
-0.0836396
-0.0809910
-0.0758979
-0.0702095
-0.0681366
-0.0736131
-0.0838986
-0.0879443
-0.0761577
-0.0533291
-0.0382405
-0.0467970
-0.0756574
-0.1027365
-0.0987251
-0.0313466
0.1375221
0.4370804
0.8428706
1.2381972
1.4423797
1.3177145
0.8801990
0.3108471
-0.1578417
-0.3911111
-0.4142639
-0.3489746
-0.2979997
-0.2833576
-0.2724896
-0.2399611
-0.1957162
-0.1645589
-0.1547738
-0.1531019
-0.1442272
-0.1272359
-0.1125523
-0.1080857
-0.1117793
-0.1160114
-0.1160484
-0.1134438
-0.1126704
-0.1156956
-0.1198512
-0.1205282
-0.1157387
-0.1080726
-0.1022800
-0.1010717
-0.1033865
-0.1065341
-0.1092981
-0.1122383
-0.1152892
-0.1165485
-0.1145661
-0.1111498
-0.1101753
-0.1130655
-0.1166750
-0.1167830
-0.1131213
-0.1096379
-0.1096495
-0.1119148
-0.1123456
-0.1089677
-0.1038377
-0.0996145
-0.0953860
-0.0875246
-0.0750300
-0.0626484
-0.0570214
-0.0593475
-0.0626626
-0.0572289
-0.0389967
-0.0130337
0.0110767
0.0272966
0.0372661
0.0472674
0.0617230
0.0798969
0.0984728
0.1161169
0.1344200
0.1544954
0.1739345
0.1883189
0.1958694
0.1997481
0.2048087
0.2118821
0.2159887
0.2109917
0.1959999
0.1765720
0.1594312
0.1464857
0.1342302
0.1182405
0.0973183
0.0733769
0.0485906
0.0240082
0.0011113
-0.0166295
-0.0256638
-0.0266984
-0.0261805
-0.0316250
-0.0445078
-0.0583421
-0.0648541
-0.0624592
-0.0582517
-0.0611241
-0.0728223
-0.0860640
-0.0917117
-0.0876360
-0.0802338
-0.0774761
-0.0812277
-0.0866770
-0.0884630
-0.0862223
-0.0839730
-0.0849308
-0.0877459
-0.0879002
-0.0824388
-0.0730728
-0.0646192
-0.0605092
-0.0599678
-0.0596275
-0.0577101
-0.0561948
-0.0583548
-0.0639597
-0.0675381
-0.0627131
-0.0491207
-0.0344089
-0.0279097
-0.0317114
-0.0387066
-0.0401515
-0.0346521
-0.0287478
-0.0287747
-0.0335121
-0.0359316
-0.0317172
-0.0244952
-0.0217444
-0.0263398
-0.0336842
-0.0375522
-0.0373814
-0.0382877
-0.0440235
-0.0514708
-0.0533191
-0.0461121
-0.0348096
-0.0287047
-0.0326088
-0.0421848
-0.0482356
-0.0457570
-0.0387328
-0.0359519
-0.0421600
-0.0533579
-0.0606699
-0.0586986
-0.0501779
-0.0427717
-0.0417366
-0.0459214
-0.0504912
-0.0524230
-0.0524539
-0.0522123
-0.0512167
-0.0479199
-0.0430808
-0.0403609
-0.0425767
-0.0479156
-0.0510832
-0.0486852
-0.0428660
-0.0389361
-0.0397086
-0.0431115
-0.0454330
-0.0455723
-0.0449320
-0.0439280
-0.0407780
-0.0347982
-0.0295938
-0.0307939
-0.0398148
-0.0508932
-0.0556632
-0.0509601
-0.0415044
-0.0346324
-0.0329391
-0.0325122
-0.0276922
-0.0164531
-0.0012241
0.0140964
0.0269469
0.0368758
0.0452461
0.0545021
0.0662798
0.0788100
0.0864035
0.0830152
0.0674783
0.0450910
0.0232653
0.0054276
-0.0102323
-0.0258123
-0.0385611
-0.0422151
-0.0340662
-0.0198863
-0.0104129
-0.0120779
-0.0213729
-0.0291432
-0.0307406
-0.0310070
-0.0379163
-0.0516319
-0.0624010
-0.0613906
-0.0521687
-0.0475146
-0.0534608
-0.0603641
-0.0546574
-0.0384752
-0.0306512
-0.0436243
-0.0639131
-0.0645908
-0.0390231
-0.0135404
-0.0185003
-0.0508016
-0.0759316
-0.0669912
-0.0246989
0.0556942
0.2244811
0.5467298
1.0011194
1.4165699
1.5507784
1.2748555
0.6978202
0.1005700
-0.2705836
-0.3644674
-0.3065595
-0.2484871
-0.2449511
-0.2571049
-0.2376978
-0.1884740
-0.1427947
-0.1191890
-0.1076495
-0.0935178
-0.0783309
-0.0726655
-0.0779161
-0.0840348
-0.0833094
-0.0788315
-0.0772241
-0.0781389
-0.0754961
-0.0673366
-0.0596838
-0.0593430
-0.0657133
-0.0719668
-0.0730866
-0.0704092
-0.0682987
-0.0685728
-0.0695006
-0.0691098
-0.0675758
-0.0661025
-0.0648561
-0.0631167
-0.0611098
-0.0606667
-0.0636192
-0.0696385
-0.0756334
-0.0772541
-0.0716641
-0.0599977
-0.0474931
-0.0402313
-0.0403595
-0.0440786
-0.0448755
-0.0392552
-0.0292184
-0.0190003
-0.0099390
0.0005356
0.0147287
0.0306424
0.0434557
0.0512170
0.0579359
0.0698767
0.0888123
0.1098592
0.1265488
0.1376733
0.1484054
0.1644748
0.1857393
0.2060922
0.2197168
0.2268130
0.2325868
0.2408058
0.2492547
0.2521980
0.2469724
0.2371212
0.2284068
0.2221697
0.2136337
0.1972608
0.1732266
0.1476854
0.1264838
0.1094743
0.0918495
0.0707749
0.0495476
0.0345328
0.0284271
0.0273205
0.0245062
0.0166908
0.0062386
-0.0022002
-0.0066019
-0.0090454
-0.0128061
-0.0184463
-0.0229025
-0.0224929
-0.0170242
-0.0109011
-0.0095742
-0.0141991
-0.0199521
-0.0205818
-0.0151480
-0.0094869
-0.0098248
-0.0149832
-0.0163837
-0.0070502
0.0098016
0.0226815
0.0231505
0.0145496
0.0083183
0.0116646
0.0201419
0.0233206
0.0170647
0.0086101
0.0089043
0.0208811
0.0364454
0.0448801
0.0430560
0.0367746
0.0330253
0.0325754
0.0308131
0.0247906
0.0176563
0.0153210
0.0194565
0.0250855
0.0256692
0.0200953
0.0138268
0.0129093
0.0173632
0.0211605
0.0188080
0.0113261
0.0050854
0.0048772
0.0089951
0.0117442
0.0102556
0.0075187
0.0079953
0.0110599
0.0104700
0.0013165
-0.0130977
-0.0227603
-0.0202081
-0.0080548
0.0033372
0.0057432
0.0002272
-0.0054973
-0.0058904
-0.0028280
-0.0022273
-0.0066723
-0.0124028
-0.0134518
-0.0078523
0.0006709
0.0065795
0.0073180
0.0043781
0.0005654
-0.0029693
-0.0069931
-0.0120858
-0.0168086
-0.0182875
-0.0148760
-0.0083522
-0.0031690
-0.0029159
-0.0071398
-0.0117982
-0.0131581
-0.0112742
-0.0094866
-0.0106360
-0.0141694
-0.0170269
-0.0168377
