-0.0189033
-0.0399268
-0.0412135
-0.0278043
-0.0168320
-0.0172514
-0.0217581
-0.0187452
-0.0079817
-0.0008956
-0.0066358
-0.0218997
-0.0357691
-0.0414476
-0.0402908
-0.0360439
-0.0297707
-0.0220816
-0.0168056
-0.0182392
-0.0249446
-0.0298105
-0.0279196
-0.0222067
-0.0192139
-0.0208950
-0.0238936
-0.0266496
-0.0327629
-0.0442279
-0.0540587
-0.0512406
-0.0346597
-0.0180159
-0.0166180
-0.0302794
-0.0435600
-0.0439457
-0.0356654
-0.0320892
-0.0372949
-0.0414295
-0.0358495
-0.0269806
-0.0288652
-0.0431540
-0.0537626
-0.0456632
-0.0251655
-0.0148741
-0.0274460
-0.0495512
-0.0558542
-0.0365280
-0.0062339
0.0138529
0.0176107
0.0150548
0.0166821
0.0234366
0.0322050
0.0439094
0.0600205
0.0733004
0.0696624
0.0434000
0.0075737
-0.0157951
-0.0166552
-0.0051535
0.0020694
0.0005889
-0.0002082
0.0070125
0.0152448
0.0104808
-0.0098353
-0.0300211
-0.0310252
-0.0119431
0.0057737
-0.0019545
-0.0370691
-0.0753179
-0.0887186
-0.0729542
-0.0515404
-0.0513732
-0.0743497
-0.0951943
-0.0885591
-0.0566632
-0.0275704
-0.0263544
-0.0510688
-0.0784341
-0.0892566
-0.0830584
-0.0690073
-0.0513090
-0.0307938
-0.0173996
-0.0295153
-0.0733630
-0.1257479
-0.1432124
-0.0874784
0.0632292
0.3232522
0.6983345
1.1514156
1.5667413
1.7747742
1.6524144
1.2251797
0.6718351
0.2116273
-0.0353368
-0.0988760
-0.0914907
-0.1002248
-0.1352417
-0.1602720
-0.1512622
-0.1207451
-0.0971684
-0.0941215
-0.1021966
-0.1040740
-0.0922529
-0.0737855
-0.0620817
-0.0649943
-0.0783851
-0.0897389
-0.0891999
-0.0786192
-0.0696602
-0.0721548
-0.0843405
-0.0950259
-0.0949188
-0.0848569
-0.0732416
-0.0672691
-0.0678075
-0.0714051
-0.0747349
-0.0765389
-0.0773024
-0.0787877
-0.0829201
-0.0889825
-0.0918812
-0.0856512
-0.0705232
-0.0554638
-0.0512479
-0.0600834
-0.0731498
-0.0792618
-0.0752812
-0.0671617
-0.0617847
-0.0600965
-0.0590229
-0.0577905
-0.0590857
-0.0632851
-0.0641982
-0.0537866
-0.0320118
-0.0102951
-0.0027879
-0.0128342
-0.0282600
-0.0313738
-0.0151296
0.0099650
0.0255075
0.0227237
0.0109143
0.0084330
0.0252426
0.0545082
0.0809305
0.0959268
0.1035019
0.1123565
0.1255468
0.1402505
0.1559531
0.1779686
0.2096694
0.2431881
0.2629129
0.2612390
0.2493584
0.2488995
0.2710972
0.3049358
0.3269029
0.3223252
0.2969449
0.2689986
0.2523336
0.2477137
0.2475332
0.2446697
0.2353502
0.2165432
0.1854255
0.1437704
0.1013533
0.0717170
0.0621379
0.0671986
0.0729048
0.0680409
0.0522563
0.0338557
0.0207131
0.0140127
0.0102750
0.0076238
0.0081868
0.0139069
0.0212172
0.0216754
0.0091170
-0.0135235
-0.0348217
-0.0429196
-0.0341300
-0.0151771
0.0018984
0.0076438
0.0004683
-0.0135433
-0.0256425
-0.0306209
-0.0294677
-0.0264537
-0.0239548
-0.0207882
-0.0157064
-0.0111266
-0.0114320
-0.0170393
-0.0217583
-0.0181509
-0.0059337
0.0063512
0.0092105
0.0012986
-0.0101746
-0.0173369
-0.0181197
-0.0148029
-0.0089420
-0.0005736
0.0082066
0.0125453
0.0100882
0.0052555
0.0047232
0.0078104
0.0046596
-0.0122737
-0.0352817
-0.0443299
-0.0266838
0.0068828
0.0288343
0.0199769
-0.0124990
-0.0425472
-0.0498269
-0.0360541
-0.0188961
-0.0133290
-0.0205346
-0.0322759
-0.0413780
-0.0460644
-0.0470056
-0.0445600
-0.0400082
-0.0366502
-0.0369142
-0.0390357
-0.0392364
-0.0379091
-0.0412802
-0.0543381
-0.0723476
-0.0821659
-0.0743706
-0.0539908
-0.0374570
-0.0378179
-0.0533562
-0.0711318
-0.0805234
-0.0816008
-0.0806419
-0.0804169
-0.0775035
-0.0686095
-0.0566678
-0.0488637
-0.0495340
-0.0567722
-0.0658996
-0.0741521
-0.0806574
-0.0835930
-0.0807462
-0.0739617
-0.0703477
-0.0756103
-0.0858102
-0.0884899
-0.0744895
-0.0485218
-0.0263038
-0.0201347
-0.0274382
-0.0338127
-0.0271320
-0.0085396
0.0096071
0.0153775
0.0067539
-0.0087769
-0.0221329
-0.0299306
-0.0354640
-0.0438914
-0.0565814
-0.0696966
-0.0781582
-0.0808832
-0.0814716
-0.0831569
-0.0837164
-0.0771173
-0.0614343
-0.0444897
-0.0394797
-0.0531723
-0.0784413
-0.0998703
-0.1075816
-0.1049345
-0.1021338
-0.1038006
-0.1052747
-0.1011345
-0.0938751
-0.0907995
-0.0932701
-0.0936016
-0.0853712
-0.0739931
-0.0716534
-0.0806109
-0.0869365
-0.0766935
-0.0571401
-0.0545228
-0.0859363
-0.1355608
-0.1618052
-0.1237623
0.0065995
0.2534397
0.6338733
1.1173405
1.5815824
1.8358904
1.7323464
1.2864211
0.6913406
0.1946498
-0.0647536
-0.1211563
-0.1056188
-0.1169141
-0.1605663
-0.1894898
-0.1774919
-0.1445513
-0.1240733
-0.1249001
-0.1310561
-0.1284331
-0.1202469
-0.1167856
-0.1197177
-0.1225588
-0.1224798
-0.1240784
-0.1303184
-0.1354538
-0.1314849
-0.1197647
-0.1114255
-0.1149766
-0.1264854
-0.1345895
-0.1337087
-0.1288151
-0.1265589
-0.1253521
-0.1181260
-0.1044540
-0.0956737
-0.1046513
-0.1310254
-0.1590930
-0.1713971
-0.1638618
-0.1476098
-0.1373825
-0.1391660
-0.1478301
-0.1541386
-0.1527342
-0.1448923
-0.1364070
-0.1337893
-0.1403824
-0.1533145
-0.1639535
-0.1638948
-0.1529268
-0.1409215
-0.1396769
-0.1511228
-0.1637708
-0.1625070
-0.1434338
-0.1191033
-0.1078669
-0.1169740
-0.1360687
-0.1474395
-0.1421050
-0.1254920
-0.1087422
-0.0970096
-0.0872499
-0.0753553
-0.0621605
-0.0513443
-0.0435292
-0.0352668
-0.0241624
-0.0125927
-0.0043137
0.0016607
0.0111385
0.0278577
0.0483211
0.0651866
0.0750518
0.0810859
0.0879103
0.0957160
0.1006669
0.1001998
0.0961705
0.0923163
0.0898017
0.0863980
0.0795947
0.0690288
0.0553583
0.0381137
0.0163497
-0.0084776
-0.0315128
-0.0472824
-0.0536272
-0.0531878
-0.0516508
-0.0544365
-0.0637787
-0.0775634
-0.0907268
-0.0987576
-0.1010677
-0.1014178
-0.1045312
-0.1115108
-0.1184731
-0.1202330
-0.1155406
-0.1082230
-0.1029917
-0.1009250
-0.0998638
-0.0986782
-0.0995313
-0.1049406
-0.1131332
-0.1177349
-0.1131780
-0.1005223
-0.0871918
-0.0802563
-0.0799744
-0.0802928
-0.0755656
-0.0663181
-0.0584617
-0.0573620
-0.0626586
-0.0681828
-0.0667322
-0.0559175
-0.0406036
-0.0297982
-0.0299922
-0.0399699
-0.0513079
-0.0545717
-0.0466715
-0.0333796
-0.0244228
-0.0250689
-0.0319922
-0.0375201
-0.0378541
-0.0365640
-0.0397227
-0.0481379
-0.0553717
-0.0541324
-0.0444942
-0.0348766
-0.0340456
-0.0423467
-0.0517366
-0.0545792
-0.0513317
-0.0488453
-0.0519826
-0.0583377
-0.0613285
-0.0573089
-0.0488618
-0.0417211
-0.0396279
-0.0423794
-0.0476030
-0.0528577
-0.0560203
-0.0554981
-0.0517140
-0.0478318
-0.0471783
-0.0494039
-0.0504749
-0.0474790
-0.0426878
-0.0414883
-0.0461547
-0.0528117
-0.0554748
-0.0527021
-0.0489919
-0.0489665
-0.0511369
-0.0491698
-0.0398988
-0.0287990
-0.0258877
-0.0357806
-0.0522873
-0.0631616
-0.0604578
-0.0470215
-0.0336336
-0.0295748
-0.0349216
-0.0413651
-0.0407477
-0.0332814
-0.0274874
-0.0316472
-0.0447911
-0.0561623
-0.0544821
-0.0387247
-0.0197464
-0.0104954
-0.0141602
-0.0220181
-0.0226112
-0.0122730
0.0032865
0.0163088
0.0244301
0.0309229
0.0389236
0.0468448
0.0500364
0.0463479
0.0387493
0.0317348
0.0258305
0.0169815
0.0018500
-0.0169464
-0.0317364
-0.0363497
-0.0318334
-0.0253963
-0.0232913
-0.0248079
-0.0239333
-0.0171437
-0.0086427
-0.0068446
-0.0158039
-0.0310974
-0.0445264
-0.0520438
-0.0560198
-0.0599360
-0.0627523
-0.0605389
-0.0532924
-0.0469436
-0.0461375
-0.0469909
-0.0416095
-0.0307042
-0.0265298
-0.0379795
-0.0547385
-0.0542817
-0.0294154
-0.0043643
-0.0146903
-0.0680321
-0.1289161
-0.1447763
-0.0805479
0.0789227
0.3499014
0.7433211
1.2122029
1.6121080
1.7528938
1.5327459
1.0389188
0.5050877
0.1466752
0.0183836
0.0172364
0.0099337
-0.0500786
-0.1181360
-0.1402297
-0.1167449
-0.0886388
-0.0832965
-0.0905735
-0.0873766
-0.0698247
-0.0542613
-0.0542734
-0.0664789
-0.0787264
-0.0846234
-0.0859571
-0.0850666
-0.0811078
-0.0742725
-0.0687345
-0.0681488
-0.0703718
-0.0700909
-0.0661833
-0.0632432
-0.0651161
-0.0697624
-0.0724145
-0.0719018
-0.0710868
-0.0715298
-0.0708231
-0.0667787
-0.0623256
-0.0632641
-0.0706911
-0.0781142
-0.0782746
-0.0719683
-0.0675212
-0.0710209
-0.0794156
-0.0848920
-0.0842859
-0.0814407
-0.0806784
-0.0811449
-0.0793496
-0.0753333
-0.0731859
-0.0749202
-0.0764328
-0.0721986
-0.0635066
-0.0588346
-0.0639286
-0.0732082
-0.0744035
-0.0623956
-0.0457736
-0.0375401
-0.0405241
-0.0444628
-0.0377721
-0.0201957
-0.0024340
0.0057906
0.0053628
0.0051795
0.0118902
0.0243075
0.0375317
0.0496930
0.0625953
0.0770330
0.0903432
0.0995040
0.1052463
0.1119018
0.1233851
0.1396384
0.1565255
0.1687503
0.1733324
0.1711498
0.1655675
0.1593176
0.1522036
0.1418373
0.1272686
0.1120597
0.1023691
0.1002021
0.0989348
0.0881217
0.0644375
0.0367190
0.0181937
0.0136052
0.0152887
0.0121986
0.0014657
-0.0100707
-0.0150632
-0.0143911
-0.0154992
-0.0229798
-0.0330430
-0.0382543
-0.0361700
-0.0314467
-0.0300024
-0.0331857
-0.0381209
-0.0419260
-0.0441050
-0.0454619
-0.0462136
-0.0457314
-0.0436112
-0.0403648
-0.0369293
-0.0338718
-0.0313815
-0.0296134
-0.0282588
-0.0259657
-0.0214328
-0.0156011
-0.0116788
-0.0119605
-0.0151656
-0.0178947
-0.0183276
-0.0173390
-0.0159555
-0.0130182
-0.0064736
0.0030979
0.0112515
0.0130817
0.0081841
0.0014875
-0.0015748
-0.0002739
0.0017628
0.0013702
-0.0012971
-0.0046993
-0.0085925
-0.0132497
-0.0170191
-0.0169086
-0.0125800
-0.0086677
-0.0110978
-0.0200257
-0.0275949
-0.0252134
-0.0140276
-0.0061665
-0.0129530
-0.0317828
-0.0468142
-0.0441139
-0.0257596
-0.0081918
-0.0065292
-0.0205971
-0.0361481
-0.0393634
-0.0298326
-0.0195582
-0.0202965
-0.0327101
-0.0470085
-0.0522354
-0.0446843
-0.0295599
-0.0164929
-0.0127130
-0.0182840
-0.0268128
-0.0312870
-0.0300420
-0.0274226
-0.0287319
-0.0345858
-0.0403730
-0.0414316
-0.0383001
-0.0357349
-0.0363411
-0.0369573
-0.0330892
-0.0259213
-0.0222442
-0.0267050
-0.0361263
-0.0430664
-0.0440064
-0.0421790
-0.0422377
-0.0438952
-0.0424113
-0.0350897
-0.0254179
-0.0194343
-0.0189813
-0.0205845
-0.0208753
-0.0204614
-0.0209552
-0.0202825
-0.0138960
-0.0006296
0.0149797
0.0273163
0.0355198
0.0434755
0.0542130
0.0654408
0.0713519
0.0683804
0.0580150
0.0437767
0.0271402
0.0080951
-0.0111546
-0.0255101
-0.0307377
-0.0266873
-0.0166068
-0.0050676
0.0027032
0.0019102
-0.0081285
-0.0210117
-0.0267008
-0.0208241
-0.0108769
-0.0109172
-0.0278895
-0.0535401
-0.0718398
-0.0746654
-0.0682445
-0.0638506
-0.0653180
-0.0680826
-0.0677883
-0.0651435
-0.0622470
-0.0588651
-0.0550711
-0.0543393
-0.0592560
-0.0645049
-0.0596478
-0.0428810
-0.0292622
-0.0388879
-0.0748468
-0.1166167
-0.1360876
-0.1116046
-0.0178189
0.1890606
0.5473436
1.0253653
1.4817141
1.7187422
1.6121728
1.2101926
0.7066968
0.3053571
0.0918601
0.0173069
-0.0154285
-0.0599921
-0.1082635
-0.1341726
-0.1333880
-0.1211149
-0.1087520
-0.0956786
-0.0807896
-0.0713567
-0.0759461
-0.0926344
-0.1092221
-0.1151745
-0.1104797
-0.1022654
-0.0960226
-0.0928561
-0.0931221
-0.0978574
-0.1053363
-0.1099046
-0.1073837
-0.1003959
-0.0957948
-0.0971458
-0.1016894
-0.1046787
-0.1048172
-0.1045835
-0.1062984
-0.1092722
-0.1111741
-0.1113735
-0.1116228
-0.1131330
-0.1144105
-0.1133991
-0.1109600
-0.1103130
-0.1129355
-0.1166640
-0.1184331
-0.1177630
-0.1169139
-0.1182809
-0.1220475
-0.1259370
-0.1270748
-0.1244278
-0.1194897
-0.1146525
-0.1114798
-0.1105188
-0.1113476
-0.1119057
-0.1091853
-0.1023801
-0.0948624
-0.0912827
-0.0923457
-0.0933721
-0.0883806
-0.0754012
-0.0581118
-0.0427262
-0.0330214
-0.0278859
-0.0233832
-0.0165990
-0.0071169
0.0040194
0.0150084
0.0235602
0.0290789
0.0353046
0.0484222
0.0705670
0.0960376
0.1156314
0.1250110
0.1283213
0.1334332
0.1434864
0.1529507
0.1525645
0.1387948
0.1179871
0.1005619
0.0917517
0.0886490
0.0849345
0.0765896
0.0635359
0.0480606
0.0327607
0.0193555
0.0087344
0.0015200
-0.0024607
-0.0054703
-0.0110829
-0.0207757
-0.0319195
-0.0401822
-0.0435807
-0.0437270
-0.0439064
-0.0464632
-0.0511044
-0.0550965
-0.0559707
-0.0544716
-0.0537191
-0.0549862
-0.0558021
-0.0534279
-0.0492646
-0.0482956
-0.0538323
-0.0632362
-0.0695327
-0.0683279
-0.0632768
-0.0627639
-0.0695703
-0.0756369
-0.0701643
-0.0526683
-0.0350606
-0.0299348
-0.0387188
-0.0520440
-0.0597367
-0.0589437
-0.0536760
-0.0487662
-0.0456950
-0.0439170
-0.0438812
-0.0461385
-0.0479796
-0.0445038
-0.0348536
-0.0251272
-0.0227693
-0.0291479
-0.0392552
-0.0473302
-0.0508428
-0.0502229
-0.0474264
-0.0450938
-0.0452780
-0.0477305
-0.0494232
-0.0464440
-0.0377145
-0.0276730
-0.0239236
-0.0302326
-0.0423509
-0.0525274
-0.0573148
-0.0586547
-0.0585088
-0.0565299
-0.0537094
-0.0541178
-0.0598760
-0.0660141
-0.0635545
-0.0489101
-0.0296430
-0.0195914
-0.0266835
-0.0451046
-0.0607607
-0.0649508
-0.0611088
-0.0579487
-0.0592244
-0.0622438
-0.0633514
-0.0611026
-0.0553741
-0.0472016
-0.0398527
-0.0374250
-0.0412899
-0.0487270
-0.0553116
-0.0584879
-0.0592423
-0.0601725
-0.0612804
-0.0588409
-0.0506275
-0.0412473
-0.0384994
-0.0437275
-0.0493252
-0.0476282
-0.0398200
-0.0341973
-0.0372539
-0.0478378
-0.0588814
-0.0639073
-0.0623916
-0.0586333
-0.0549752
-0.0480516
-0.0339075
-0.0151029
0.0007095
0.0090646
0.0129588
0.0190099
0.0311305
0.0469697
0.0585358
0.0577629
0.0442805
0.0270719
0.0163007
0.0140579
0.0142685
0.0098130
-0.0018390
-0.0174326
-0.0295729
-0.0314070
-0.0227442
-0.0112909
-0.0065541
-0.0127905
-0.0269701
-0.0409585
-0.0464654
-0.0423259
-0.0376156
-0.0431211
-0.0585163
-0.0724638
-0.0768392
-0.0758086
-0.0781296
-0.0850369
-0.0899523
-0.0879210
-0.0812958
-0.0756584
-0.0721849
-0.0667101
-0.0582621
-0.0554190
-0.0664902
-0.0823992
-0.0807440
-0.0556876
-0.0350342
-0.0531648
-0.1086990
-0.1619091
-0.1737692
-0.1304067
-0.0194500
0.2012094
0.5780907
1.0810389
1.5511280
1.7641702
1.5900468
1.1102220
0.5684396
0.1883591
0.0284697
-0.0028201
-0.0209307
-0.0684546
-0.1191015
-0.1386966
-0.1269816
-0.1098251
-0.1056060
-0.1083724
-0.1049344
-0.0982585
-0.1019280
-0.1161371
-0.1254868
-0.1216625
-0.1127277
-0.1071417
-0.1040376
-0.1026345
-0.1051521
-0.1069883
-0.1012974
-0.0960393
-0.1059112
-0.1238587
-0.1256965
-0.1099518
-0.1036902
-0.1149278
-0.1103649
-0.0644935
