0.1103439
0.1413364
0.1163790
0.0900299
0.0836816
0.0774980
0.0658421
0.0636734
0.0654414
0.0468806
0.0081768
-0.0236438
-0.0367448
-0.0463917
-0.0638052
-0.0813713
-0.0907178
-0.0926041
-0.0883652
-0.0800642
-0.0764015
-0.0816807
-0.0846467
-0.0754678
-0.0662122
-0.0745946
-0.0928111
-0.0936115
-0.0673790
-0.0363599
-0.0292456
-0.0518017
-0.0832913
-0.0939839
-0.0631324
0.0223653
0.1895899
0.4843607
0.9202892
1.4079510
1.7620461
1.8191582
1.5652369
1.1457817
0.7515811
0.4908606
0.3517199
0.2620752
0.1736112
0.0920151
0.0408882
0.0173237
-0.0044645
-0.0362941
-0.0635545
-0.0714856
-0.0671743
-0.0681251
-0.0802276
-0.0954027
-0.1045847
-0.1060179
-0.1036474
-0.1017510
-0.1009340
-0.0994474
-0.0988307
-0.1040799
-0.1148142
-0.1216015
-0.1174585
-0.1089153
-0.1080877
-0.1162642
-0.1229586
-0.1204285
-0.1128038
-0.1105666
-0.1197849
-0.1359449
-0.1460072
-0.1393549
-0.1197276
-0.1032522
-0.1016888
-0.1108962
-0.1184715
-0.1185786
-0.1154411
-0.1153547
-0.1190955
-0.1210963
-0.1151041
-0.1025735
-0.0942469
-0.0985955
-0.1092836
-0.1108589
-0.0984285
-0.0849303
-0.0851575
-0.0974870
-0.1061682
-0.0998236
-0.0842012
-0.0760431
-0.0846894
-0.1006809
-0.1055605
-0.0938018
-0.0799440
-0.0800904
-0.0914760
-0.0975085
-0.0904183
-0.0803526
-0.0806680
-0.0908128
-0.0978021
-0.0924021
-0.0806530
-0.0779256
-0.0911266
-0.1087873
-0.1125821
-0.0983648
-0.0804638
-0.0734557
-0.0755624
-0.0743350
-0.0641967
-0.0520518
-0.0463993
-0.0459216
-0.0408533
-0.0246447
-0.0030653
0.0100542
0.0075575
-0.0025863
-0.0066453
-0.0010822
0.0055119
0.0055057
0.0011888
-0.0009698
0.0001071
-0.0002389
-0.0055318
-0.0138318
-0.0199844
-0.0213132
-0.0208571
-0.0237919
-0.0300639
-0.0329928
-0.0273309
-0.0166382
-0.0098840
-0.0121472
-0.0210584
-0.0305744
-0.0352967
-0.0326178
-0.0242442
-0.0157207
-0.0123193
-0.0151073
-0.0213482
-0.0272235
-0.0294988
-0.0269068
-0.0215871
-0.0174970
-0.0161481
-0.0156241
-0.0146590
-0.0153183
-0.0201057
-0.0281769
-0.0358265
-0.0396121
-0.0385293
-0.0345779
-0.0314680
-0.0313886
-0.0333153
-0.0359571
-0.0409694
-0.0500932
-0.0596473
-0.0618806
-0.0534766
-0.0407382
-0.0348600
-0.0422487
-0.0588506
-0.0730776
-0.0755741
-0.0678080
-0.0600877
-0.0597279
-0.0629502
-0.0608286
-0.0517406
-0.0445277
-0.0487904
-0.0638691
-0.0782449
-0.0798535
-0.0676758
-0.0531424
-0.0488257
-0.0559182
-0.0647658
-0.0671846
-0.0645452
-0.0626281
-0.0626055
-0.0606410
-0.0546896
-0.0482339
-0.0468338
-0.0524102
-0.0614090
-0.0683634
-0.0710021
-0.0710667
-0.0700333
-0.0663767
-0.0591768
-0.0524424
-0.0520957
-0.0587239
-0.0665241
-0.0701111
-0.0698101
-0.0692222
-0.0696660
-0.0687847
-0.0642751
-0.0579763
-0.0552097
-0.0589246
-0.0650297
-0.0660666
-0.0602932
-0.0542318
-0.0541568
-0.0576808
-0.0571875
-0.0504343
-0.0439657
-0.0451031
-0.0528408
-0.0584546
-0.0549205
-0.0446399
-0.0368064
-0.0372620
-0.0429437
-0.0476015
-0.0503119
-0.0544474
-0.0592692
-0.0578343
-0.0453084
-0.0257885
-0.0079189
0.0043729
0.0140493
0.0248969
0.0360998
0.0435328
0.0449139
0.0422691
0.0394741
0.0389443
0.0416742
0.0483053
0.0564641
0.0577322
0.0433577
0.0167488
-0.0040190
-0.0025827
0.0172199
0.0345712
0.0345398
0.0229019
0.0149285
0.0130651
0.0024324
-0.0291835
-0.0714574
-0.0982795
-0.0958328
-0.0786300
-0.0727874
-0.0864188
-0.1035275
-0.1070133
-0.0991645
-0.0942987
-0.0971844
-0.0979235
-0.0884179
-0.0756225
-0.0726402
-0.0798989
-0.0827362
-0.0703181
-0.0516443
-0.0463365
-0.0606025
-0.0788055
-0.0784498
-0.0415043
0.0583394
0.2680799
0.6263283
1.1000475
1.5541376
1.8093963
1.7594667
1.4483282
1.0364175
0.6844039
0.4572278
0.3228874
0.2236829
0.1364380
0.0711112
0.0339529
0.0104380
-0.0168809
-0.0474752
-0.0678803
-0.0733815
-0.0765225
-0.0916640
-0.1156864
-0.1298818
-0.1221025
-0.1027425
-0.0945385
-0.1076338
-0.1290687
-0.1380207
-0.1280417
-0.1118719
-0.1063198
-0.1155323
-0.1293978
-0.1361718
-0.1344535
-0.1320854
-0.1349127
-0.1397855
-0.1399233
-0.1344681
-0.1293608
-0.1294380
-0.1331186
-0.1358663
-0.1362655
-0.1365518
-0.1381169
-0.1387230
-0.1351148
-0.1276441
-0.1208022
-0.1184743
-0.1199082
-0.1219999
-0.1244618
-0.1295327
-0.1360532
-0.1375360
-0.1291572
-0.1150609
-0.1054000
-0.1057673
-0.1115796
-0.1137479
-0.1087515
-0.1019000
-0.1005353
-0.1050083
-0.1080253
-0.1036359
-0.0952226
-0.0922397
-0.0991568
-0.1099617
-0.1146589
-0.1098341
-0.1015605
-0.0984522
-0.1030249
-0.1103615
-0.1149088
-0.1171795
-0.1219284
-0.1299857
-0.1350981
-0.1312090
-0.1208679
-0.1128348
-0.1114354
-0.1116560
-0.1061714
-0.0947227
-0.0838508
-0.0779634
-0.0735859
-0.0642464
-0.0497310
-0.0374215
-0.0333548
-0.0346516
-0.0338484
-0.0292949
-0.0267803
-0.0299293
-0.0334602
-0.0296506
-0.0194319
-0.0127351
-0.0172016
-0.0295131
-0.0397154
-0.0425993
-0.0422548
-0.0449992
-0.0503232
-0.0517546
-0.0464741
-0.0405067
-0.0418374
-0.0502500
-0.0574127
-0.0569132
-0.0509845
-0.0460354
-0.0440401
-0.0410387
-0.0338194
-0.0256558
-0.0235239
-0.0297189
-0.0381196
-0.0405506
-0.0361010
-0.0314751
-0.0315775
-0.0330346
-0.0299452
-0.0241452
-0.0251323
-0.0381345
-0.0550816
-0.0609611
-0.0497803
-0.0321048
-0.0246503
-0.0327598
-0.0455792
-0.0495099
-0.0437362
-0.0393606
-0.0445113
-0.0548247
-0.0600952
-0.0567402
-0.0504465
-0.0481180
-0.0509542
-0.0560152
-0.0613900
-0.0668724
-0.0701662
-0.0660663
-0.0524809
-0.0365640
-0.0310725
-0.0420669
-0.0614567
-0.0741375
-0.0724528
-0.0620264
-0.0536389
-0.0516489
-0.0516077
-0.0480564
-0.0426395
-0.0431822
-0.0544277
-0.0706365
-0.0791646
-0.0723330
-0.0551017
-0.0403290
-0.0369697
-0.0433089
-0.0506535
-0.0522440
-0.0485413
-0.0447823
-0.0442338
-0.0446180
-0.0417007
-0.0356720
-0.0321961
-0.0362965
-0.0461530
-0.0541923
-0.0544933
-0.0486262
-0.0436881
-0.0443317
-0.0473921
-0.0459759
-0.0392443
-0.0356533
-0.0435329
-0.0590196
-0.0670767
-0.0569038
-0.0350477
-0.0205927
-0.0264527
-0.0464437
-0.0619687
-0.0611181
-0.0494803
-0.0412703
-0.0420062
-0.0436405
-0.0372537
-0.0262572
-0.0228346
-0.0323279
-0.0457651
-0.0501364
-0.0436336
-0.0370028
-0.0393330
-0.0459426
-0.0440776
-0.0302312
-0.0170682
-0.0192810
-0.0344121
-0.0430158
-0.0297398
-0.0006820
0.0236550
0.0310801
0.0292606
0.0337236
0.0480169
0.0599533
0.0578256
0.0463954
0.0426123
0.0554666
0.0741134
0.0790675
0.0637383
0.0415031
0.0310256
0.0372522
0.0485502
0.0510383
0.0431499
0.0352012
0.0357584
0.0403398
0.0349270
0.0106735
-0.0257289
-0.0567497
-0.0689149
-0.0635761
-0.0542197
-0.0536245
-0.0628603
-0.0722223
-0.0727998
-0.0660505
-0.0604258
-0.0595340
-0.0576200
-0.0490183
-0.0387687
-0.0382592
-0.0493636
-0.0580619
-0.0489512
-0.0249603
-0.0068323
-0.0104076
-0.0288635
-0.0418611
-0.0361468
-0.0026930
0.0914870
0.3103891
0.6965232
1.1929503
1.6279290
1.8073851
1.6519380
1.2577202
0.8232782
0.5079624
0.3446537
0.2671454
0.2017798
0.1279921
0.0662671
0.0320016
0.0140775
-0.0077396
-0.0381338
-0.0643982
-0.0743762
-0.0705687
-0.0663822
-0.0718410
-0.0849742
-0.0962228
-0.0991253
-0.0957466
-0.0927237
-0.0938210
-0.0970781
-0.0985357
-0.0976826
-0.0984694
-0.1044919
-0.1135305
-0.1183713
-0.1142758
-0.1049181
-0.0992332
-0.1022350
-0.1103406
-0.1161684
-0.1164780
-0.1141139
-0.1127982
-0.1117840
-0.1068096
-0.0962344
-0.0850859
-0.0815483
-0.0887621
-0.1006857
-0.1069251
-0.1018164
-0.0887777
-0.0763914
-0.0708120
-0.0715496
-0.0736391
-0.0733032
-0.0712594
-0.0704299
-0.0710540
-0.0693765
-0.0618562
-0.0500794
-0.0406702
-0.0400629
-0.0489944
-0.0613624
-0.0683911
-0.0650759
-0.0538279
-0.0421516
-0.0365628
-0.0384999
-0.0453267
-0.0538790
-0.0622406
-0.0688184
-0.0713759
-0.0683897
-0.0616819
-0.0566554
-0.0581484
-0.0652677
-0.0713465
-0.0703009
-0.0627468
-0.0547125
-0.0503533
-0.0471887
-0.0392128
-0.0241519
-0.0068574
0.0047885
0.0073436
0.0050940
0.0057837
0.0133367
0.0252460
0.0365861
0.0448748
0.0501288
0.0517606
0.0480551
0.0394905
0.0308809
0.0280584
0.0318293
0.0363749
0.0350385
0.0275950
0.0203234
0.0183368
0.0195925
0.0183647
0.0135913
0.0107532
0.0145576
0.0221722
0.0260303
0.0226088
0.0161782
0.0133509
0.0155482
0.0182275
0.0170059
0.0129669
0.0113064
0.0156406
0.0244650
0.0324949
0.0343741
0.0279545
0.0163557
0.0072941
0.0077001
0.0166626
0.0249303
0.0240476
0.0157964
0.0098777
0.0114692
0.0140376
0.0074881
-0.0076469
-0.0183098
-0.0134850
0.0016212
0.0099504
0.0017478
-0.0142030
-0.0213027
-0.0150110
-0.0076544
-0.0127129
-0.0282404
-0.0391614
-0.0346660
-0.0198584
-0.0093951
-0.0120158
-0.0233201
-0.0326828
-0.0344262
-0.0309810
-0.0271087
-0.0242680
-0.0214784
-0.0191634
-0.0193077
-0.0220293
-0.0245344
-0.0248504
-0.0252308
-0.0296243
-0.0373189
-0.0410466
-0.0339648
-0.0190941
-0.0094848
-0.0160475
-0.0349877
-0.0498812
-0.0479362
-0.0328830
-0.0199411
-0.0191024
-0.0262298
-0.0310034
-0.0302212
-0.0298723
-0.0349079
-0.0413111
-0.0412249
-0.0340855
-0.0283763
-0.0310271
-0.0383801
-0.0410456
-0.0364563
-0.0323991
-0.0366836
-0.0463663
-0.0503986
-0.0424072
-0.0282228
-0.0199545
-0.0241705
-0.0369403
-0.0491284
-0.0543911
-0.0520121
-0.0446983
-0.0362666
-0.0309030
-0.0315021
-0.0367503
-0.0410849
-0.0397693
-0.0342462
-0.0310227
-0.0345086
-0.0416531
-0.0445439
-0.0385006
-0.0274249
-0.0208898
-0.0254314
-0.0380912
-0.0482354
-0.0459446
-0.0293972
-0.0052910
0.0169448
0.0316128
0.0390488
0.0430208
0.0462971
0.0485338
0.0481369
0.0455842
0.0440686
0.0463278
0.0509420
0.0523550
0.0454852
0.0312070
0.0172277
0.0122592
0.0181355
0.0279473
0.0328042
0.0300157
0.0232835
0.0150975
0.0016437
-0.0222294
-0.0535859
-0.0802007
-0.0912757
-0.0885782
-0.0841919
-0.0864579
-0.0909646
-0.0882575
-0.0785887
-0.0736623
-0.0815446
-0.0941198
-0.0950657
-0.0798151
-0.0617674
-0.0555842
-0.0587278
-0.0560992
-0.0425680
-0.0328387
-0.0430243
-0.0668015
-0.0791994
-0.0643349
-0.0261963
0.0404784
0.1832111
0.4699648
0.9103966
1.3964194
1.7402306
1.7964204
1.5644933
1.1803597
0.8100466
0.5452444
0.3823449
0.2753758
0.1919559
0.1246458
0.0720563
0.0281397
-0.0101739
-0.0370589
-0.0467393
-0.0448720
-0.0454158
-0.0565451
-0.0736481
-0.0869567
-0.0925897
-0.0939547
-0.0949939
-0.0960876
-0.0965472
-0.0972737
-0.0988002
-0.0991372
-0.0967276
-0.0946081
-0.0979752
-0.1067161
-0.1135545
-0.1121833
-0.1055789
-0.1031063
-0.1094449
-0.1192964
-0.1242588
-0.1225259
-0.1192472
-0.1184764
-0.1183737
-0.1155634
-0.1111828
-0.1092707
-0.1101138
-0.1092029
-0.1042290
-0.0997993
-0.1016943
-0.1076249
-0.1079095
-0.0968867
-0.0809300
-0.0723354
-0.0760142
-0.0847683
-0.0880275
-0.0829111
-0.0751682
-0.0709183
-0.0703190
-0.0696403
-0.0669123
-0.0634978
-0.0612993
-0.0608426
-0.0621543
-0.0652781
-0.0688706
-0.0699362
-0.0667124
-0.0612831
-0.0578740
-0.0587077
-0.0627713
-0.0683772
-0.0748233
-0.0805063
-0.0814707
-0.0748981
-0.0643325
-0.0584579
-0.0621110
-0.0695408
-0.0696177
-0.0584234
-0.0440794
-0.0371101
-0.0377457
-0.0358128
-0.0231625
-0.0032035
0.0134090
0.0204363
0.0209500
0.0215688
0.0250794
0.0299266
0.0344063
0.0382735
0.0405232
0.0387246
0.0323104
0.0247737
0.0201466
0.0177534
0.0130022
0.0040662
-0.0045128
-0.0067657
-0.0026613
0.0016939
0.0010880
-0.0036892
-0.0084552
-0.0112937
-0.0135362
-0.0158822
-0.0162270
-0.0125179
-0.0061797
-0.0009018
0.0013041
0.0008911
-0.0021159
-0.0089172
-0.0181551
-0.0236042
-0.0192867
-0.0073128
0.0023765
0.0021253
-0.0051011
-0.0098714
-0.0081993
-0.0063341
-0.0123310
-0.0250228
-0.0342924
-0.0323385
-0.0222598
-0.0143606
-0.0157687
-0.0254240
-0.0376369
-0.0471738
-0.0505256
-0.0460517
-0.0362959
-0.0289130
-0.0313386
-0.0429695
-0.0546693
-0.0579658
-0.0537621
-0.0500415
-0.0516009
-0.0548606
-0.0538492
-0.0487249
-0.0453846
-0.0473311
-0.0514043
-0.0529386
-0.0524062
-0.0539618
-0.0584144
-0.0611295
-0.0579200
-0.0505309
-0.0444708
-0.0430750
-0.0459709
-0.0520868
-0.0604162
-0.0669501
-0.0648670
-0.0519757
-0.0370206
-0.0337261
-0.0460825
-0.0622953
-0.0669207
-0.0580557
-0.0485293
-0.0493614
-0.0564034
-0.0570105
-0.0475643
-0.0388072
-0.0422783
-0.0556518
-0.0654944
-0.0631333
-0.0534685
-0.0471537
-0.0478581
-0.0504360
-0.0497482
-0.0468259
-0.0454005
-0.0460841
-0.0470092
-0.0482829
-0.0517420
-0.0559077
-0.0550226
-0.0458825
-0.0338548
-0.0286639
-0.0338086
-0.0427595
-0.0469514
-0.0454267
-0.0440606
-0.0461859
-0.0475746
-0.0424448
-0.0321868
-0.0249615
-0.0266003
-0.0344917
-0.0415939
-0.0443368
-0.0442214
-0.0426938
-0.0379655
-0.0286173
-0.0183556
-0.0141297
-0.0188067
-0.0273239
-0.0312967
-0.0266538
-0.0155117
-0.0012702
0.0155661
0.0351572
0.0534786
0.0629315
0.0595550
0.0486586
0.0412761
0.0441896
0.0539763
0.0613020
0.0604757
0.0540039
0.0481435
0.0455325
0.0433323
0.0380679
0.0307025
0.0260722
0.0276788
0.0333891
0.0358196
0.0269043
0.0037062
-0.0281529
-0.0567857
-0.0721374
-0.0738482
-0.0706197
-0.0704121
-0.0719242
-0.0679501
-0.0570626
-0.0482601
-0.0509186
-0.0621206
-0.0688069
-0.0633187
-0.0518691
-0.0441531
-0.0391180
-0.0287001
-0.0151128
-0.0141348
-0.0341009
-0.0583005
-0.0604789
-0.0366646
-0.0032306
0.0512753
0.2001991
0.5301442
1.0310453
1.5389033
1.8181861
1.7325955
1.3505873
0.8861517
0.5337941
0.3502783
0.2715413
0.2139564
0.1467471
0.0842427
0.0406837
0.0107550
-0.0144397
-0.0320473
-0.0358385
-0.0316457
-0.0345613
-0.0510088
-0.0706166
-0.0790504
-0.0749797
-0.0699472
-0.0728215
-0.0794504
-0.0798203
-0.0722468
-0.0661517
-0.0703561
-0.0820496
-0.0902770
-0.0894424
-0.0859445
-0.0896525
-0.1008413
-0.1091281
-0.1062833
-0.0972290
-0.0950194
-0.1051357
-0.1182643
-0.1210631
-0.1122522
-0.1041300
-0.1072191
-0.1169578
-0.1193639
-0.1090171
-0.0967894
-0.0970016
-0.1094103
-0.1184397
-0.1111936
-0.0926971
-0.0801003
-0.0830439
-0.0936741
-0.0974442
-0.0907149
-0.0839069
-0.0873622
-0.0978415
-0.1019797
