-0.0865099
-0.1018631
-0.0584216
0.1212599
0.4749148
0.9375804
1.3485625
1.5460260
1.4788823
1.2364086
0.9674871
0.7657297
0.6246545
0.4897552
0.3374661
0.1973741
0.1084877
0.0716830
0.0521096
0.0196648
-0.0242983
-0.0597913
-0.0765214
-0.0822622
-0.0879741
-0.0945552
-0.0971181
-0.0959772
-0.0970674
-0.1028505
-0.1086505
-0.1099789
-0.1096432
-0.1139608
-0.1234300
-0.1311093
-0.1309356
-0.1246207
-0.1185310
-0.1160692
-0.1161656
-0.1182551
-0.1244155
-0.1344397
-0.1417064
-0.1383850
-0.1255095
-0.1146572
-0.1168380
-0.1304800
-0.1428843
-0.1440235
-0.1369066
-0.1329134
-0.1381577
-0.1467348
-0.1478612
-0.1380267
-0.1247541
-0.1189147
-0.1246253
-0.1367021
-0.1465724
-0.1495475
-0.1469429
-0.1428977
-0.1402772
-0.1392146
-0.1383267
-0.1366089
-0.1345021
-0.1338643
-0.1370340
-0.1451702
-0.1565656
-0.1664729
-0.1696711
-0.1647263
-0.1563763
-0.1528967
-0.1595796
-0.1738557
-0.1870216
-0.1915586
-0.1873471
-0.1808315
-0.1780784
-0.1788549
-0.1778571
-0.1717398
-0.1641817
-0.1628587
-0.1708179
-0.1814669
-0.1834138
-0.1710082
-0.1496909
-0.1302647
-0.1182419
-0.1100167
-0.0997163
-0.0878454
-0.0806234
-0.0806241
-0.0809154
-0.0713036
-0.0501252
-0.0273095
-0.0145749
-0.0142320
-0.0193407
-0.0234611
-0.0268792
-0.0323138
-0.0377384
-0.0372589
-0.0290502
-0.0190664
-0.0148718
-0.0175416
-0.0221305
-0.0252093
-0.0283884
-0.0331280
-0.0352850
-0.0287524
-0.0144472
-0.0021643
-0.0012262
-0.0105601
-0.0201395
-0.0218863
-0.0171761
-0.0133444
-0.0149677
-0.0201131
-0.0238085
-0.0229287
-0.0178913
-0.0120094
-0.0101463
-0.0157203
-0.0265455
-0.0345468
-0.0327433
-0.0234991
-0.0174100
-0.0218754
-0.0321932
-0.0368723
-0.0316992
-0.0252343
-0.0283379
-0.0404367
-0.0496980
-0.0469031
-0.0358590
-0.0282383
-0.0304698
-0.0387994
-0.0462521
-0.0502521
-0.0518265
-0.0509423
-0.0467864
-0.0417674
-0.0407298
-0.0444633
-0.0472975
-0.0444686
-0.0401499
-0.0435145
-0.0556506
-0.0644250
-0.0562610
-0.0318959
-0.0065640
0.0060787
0.0067063
0.0052829
0.0071889
0.0095761
0.0109350
0.0178972
0.0379841
0.0680438
0.0952093
0.1102015
0.1156910
0.1193068
0.1219969
0.1182232
0.1070204
0.0970534
0.0970885
0.1042872
0.1067053
0.0971449
0.0797990
0.0613207
0.0400211
0.0095106
-0.0280069
-0.0586519
-0.0707590
-0.0685635
-0.0672856
-0.0754183
-0.0869263
-0.0923136
-0.0919619
-0.0932196
-0.0969840
-0.0951859
-0.0842594
-0.0742095
-0.0767490
-0.0869290
-0.0864949
-0.0693314
-0.0550670
-0.0672665
-0.1005421
-0.1221658
-0.1119102
-0.0877589
-0.0733278
-0.0374608
0.1126118
0.4507204
0.9334709
1.3924351
1.6426766
1.6138762
1.3850816
1.1009316
0.8592357
0.6706383
0.5031343
0.3427347
0.2072126
0.1165513
0.0672283
0.0383316
0.0137031
-0.0089326
-0.0271194
-0.0433598
-0.0625373
-0.0839436
-0.1009573
-0.1090012
-0.1109400
-0.1132378
-0.1183571
-0.1228198
-0.1225633
-0.1185725
-0.1161992
-0.1193089
-0.1260756
-0.1310064
-0.1307720
-0.1274354
-0.1257520
-0.1277102
-0.1304226
-0.1298197
-0.1261635
-0.1249098
-0.1310186
-0.1423224
-0.1498289
-0.1461023
-0.1334831
-0.1227643
-0.1227055
-0.1311971
-0.1377872
-0.1350946
-0.1266936
-0.1227266
-0.1280891
-0.1364764
-0.1371227
-0.1267161
-0.1131459
-0.1072452
-0.1122136
-0.1220278
-0.1288631
-0.1299058
-0.1269855
-0.1223674
-0.1173311
-0.1139214
-0.1147815
-0.1195057
-0.1229963
-0.1204620
-0.1143857
-0.1137305
-0.1239347
-0.1389099
-0.1460194
-0.1398143
-0.1285701
-0.1252968
-0.1334604
-0.1440840
-0.1470526
-0.1425641
-0.1393327
-0.1427692
-0.1481099
-0.1465094
-0.1359366
-0.1234113
-0.1164819
-0.1149562
-0.1125849
-0.1053738
-0.0955322
-0.0867771
-0.0781128
-0.0646362
-0.0443883
-0.0223755
-0.0063092
0.0011788
0.0046278
0.0096754
0.0162845
0.0196708
0.0177363
0.0153618
0.0194800
0.0304406
0.0403503
0.0410493
0.0327723
0.0234960
0.0198905
0.0206227
0.0196852
0.0150548
0.0114626
0.0137424
0.0196678
0.0221874
0.0185871
0.0143849
0.0161299
0.0221114
0.0236643
0.0165047
0.0078557
0.0091526
0.0220064
0.0347101
0.0347830
0.0232550
0.0133074
0.0145634
0.0221295
0.0236967
0.0154037
0.0063662
0.0065444
0.0138780
0.0171710
0.0107552
0.0018932
0.0012637
0.0085923
0.0119972
0.0025552
-0.0137722
-0.0219743
-0.0150259
-0.0018585
0.0028617
-0.0054446
-0.0180382
-0.0243196
-0.0232050
-0.0218026
-0.0251331
-0.0303780
-0.0317766
-0.0286391
-0.0260027
-0.0277541
-0.0317500
-0.0333323
-0.0322425
-0.0333673
-0.0398819
-0.0475000
-0.0476895
-0.0370006
-0.0221271
-0.0146230
-0.0202291
-0.0335415
-0.0433648
-0.0432845
-0.0369184
-0.0331185
-0.0367401
-0.0444857
-0.0492249
-0.0473769
-0.0416915
-0.0374564
-0.0370352
-0.0386270
-0.0397540
-0.0405348
-0.0426395
-0.0458628
-0.0475707
-0.0461698
-0.0436987
-0.0433840
-0.0450627
-0.0449923
-0.0411328
-0.0372144
-0.0393653
-0.0482094
-0.0561100
-0.0543446
-0.0430385
-0.0320757
-0.0308984
-0.0384625
-0.0450512
-0.0437403
-0.0378693
-0.0360490
-0.0414051
-0.0481545
-0.0490239
-0.0438961
-0.0392458
-0.0396661
-0.0424353
-0.0419283
-0.0379761
-0.0369617
-0.0435788
-0.0535138
-0.0569357
-0.0494845
-0.0377970
-0.0326475
-0.0373051
-0.0443613
-0.0445177
-0.0370984
-0.0301908
-0.0304761
-0.0348945
-0.0339844
-0.0226761
-0.0056076
0.0087172
0.0168901
0.0218621
0.0265804
0.0297938
0.0299613
0.0314526
0.0432576
0.0696727
0.1034530
0.1304970
0.1419892
0.1407930
0.1354612
0.1299439
0.1216698
0.1093985
0.0994589
0.1008339
0.1136856
0.1250701
0.1187221
0.0902811
0.0521745
0.0220487
0.0059451
-0.0060388
-0.0265666
-0.0547718
-0.0756286
-0.0765489
-0.0624933
-0.0514532
-0.0546748
-0.0649438
-0.0677131
-0.0615451
-0.0606776
-0.0739644
-0.0872465
-0.0765024
-0.0403522
-0.0101314
-0.0183890
-0.0601894
-0.0966528
-0.0993860
-0.0775688
-0.0446930
0.0383668
0.2605605
0.6721571
1.1921598
1.6224616
1.7802377
1.6331219
1.3105336
0.9866332
0.7531389
0.5937156
0.4551772
0.3200564
0.2100432
0.1414132
0.0994395
0.0586381
0.0139008
-0.0192071
-0.0308590
-0.0326469
-0.0435849
-0.0672113
-0.0891574
-0.0958751
-0.0898796
-0.0848149
-0.0895963
-0.1011500
-0.1113726
-0.1169739
-0.1206178
-0.1246584
-0.1272079
-0.1253695
-0.1204152
-0.1175078
-0.1200827
-0.1259211
-0.1297412
-0.1292536
-0.1277915
-0.1306320
-0.1389016
-0.1475389
-0.1498455
-0.1442956
-0.1363070
-0.1326050
-0.1341569
-0.1357248
-0.1326082
-0.1266650
-0.1244524
-0.1294688
-0.1373109
-0.1394658
-0.1320120
-0.1199512
-0.1123568
-0.1134612
-0.1192673
-0.1229182
-0.1221849
-0.1206654
-0.1222480
-0.1260004
-0.1272658
-0.1231570
-0.1159975
-0.1110794
-0.1115293
-0.1159734
-0.1210317
-0.1248840
-0.1274821
-0.1283001
-0.1262380
-0.1226362
-0.1224445
-0.1297634
-0.1418513
-0.1496358
-0.1462505
-0.1350879
-0.1276608
-0.1320362
-0.1437726
-0.1498604
-0.1421407
-0.1255365
-0.1119992
-0.1075745
-0.1075184
-0.1038554
-0.0948270
-0.0848560
-0.0766839
-0.0668968
-0.0506947
-0.0292895
-0.0097792
0.0028883
0.0115745
0.0224211
0.0356007
0.0437985
0.0414401
0.0333067
0.0309552
0.0403298
0.0550859
0.0633858
0.0600456
0.0503816
0.0427082
0.0395412
0.0376434
0.0349964
0.0342340
0.0379320
0.0432517
0.0447147
0.0419257
0.0407973
0.0451897
0.0500968
0.0470557
0.0362349
0.0291003
0.0360462
0.0529113
0.0637567
0.0584441
0.0445477
0.0384776
0.0457759
0.0546671
0.0510795
0.0364279
0.0258917
0.0296908
0.0410554
0.0453196
0.0377615
0.0279322
0.0264042
0.0316972
0.0335191
0.0269970
0.0190845
0.0193083
0.0274971
0.0344314
0.0337312
0.0287606
0.0261071
0.0258363
0.0224168
0.0145920
0.0096344
0.0148482
0.0267029
0.0323658
0.0235851
0.0069907
-0.0022053
0.0031262
0.0140934
0.0160012
0.0048836
-0.0086557
-0.0118557
-0.0033689
0.0067975
0.0088863
0.0024085
-0.0061659
-0.0119522
-0.0156553
-0.0195589
-0.0222173
-0.0194549
-0.0104437
-0.0005957
0.0030723
-0.0012025
-0.0088669
-0.0144770
-0.0168939
-0.0188188
-0.0222683
-0.0256578
-0.0257100
-0.0218867
-0.0180719
-0.0189456
-0.0246154
-0.0297888
-0.0290751
-0.0228577
-0.0172187
-0.0178644
-0.0243440
-0.0303986
-0.0300639
-0.0234799
-0.0166153
-0.0153438
-0.0202727
-0.0274842
-0.0331546
-0.0360540
-0.0360785
-0.0326845
-0.0261817
-0.0195098
-0.0168075
-0.0195923
-0.0250875
-0.0290455
-0.0300542
-0.0302714
-0.0316032
-0.0321347
-0.0277665
-0.0173303
-0.0043930
0.0068465
0.0158472
0.0241153
0.0303452
0.0302971
0.0230945
0.0159986
0.0201142
0.0401475
0.0692941
0.0954862
0.1124786
0.1234154
0.1333754
0.1409842
0.1402587
0.1302192
0.1191010
0.1167202
0.1238169
0.1308522
0.1269478
0.1085590
0.0799384
0.0477717
0.0170735
-0.0090006
-0.0283612
-0.0407215
-0.0481754
-0.0533051
-0.0567727
-0.0582732
-0.0597118
-0.0647306
-0.0733678
-0.0794105
-0.0764892
-0.0665751
-0.0588870
-0.0587795
-0.0605476
-0.0546421
-0.0413471
-0.0334969
-0.0437242
-0.0712254
-0.1032447
-0.1255404
-0.1220909
-0.0605548
0.1105909
0.4279303
0.8593961
1.2869308
1.5613790
1.5962143
1.4211095
1.1486000
0.8872651
0.6800745
0.5124802
0.3625036
0.2324342
0.1368815
0.0760783
0.0329047
-0.0061308
-0.0372971
-0.0510356
-0.0507091
-0.0527226
-0.0684722
-0.0920765
-0.1088859
-0.1129612
-0.1119997
-0.1156269
-0.1234874
-0.1276508
-0.1240453
-0.1168942
-0.1116890
-0.1084695
-0.1050845
-0.1040117
-0.1107178
-0.1246227
-0.1358965
-0.1345561
-0.1217945
-0.1095327
-0.1080214
-0.1155581
-0.1218451
-0.1204447
-0.1153881
-0.1147554
-0.1202574
-0.1259905
-0.1267111
-0.1238786
-0.1222337
-0.1230727
-0.1236415
-0.1222821
-0.1212299
-0.1232542
-0.1271858
-0.1286720
-0.1253603
-0.1197497
-0.1158112
-0.1138535
-0.1110002
-0.1070507
-0.1069960
-0.1149461
-0.1266161
-0.1315023
-0.1242470
-0.1120257
-0.1081687
-0.1181305
-0.1333067
-0.1401037
-0.1349106
-0.1284286
-0.1338449
-0.1516135
-0.1682690
-0.1708891
-0.1606064
-0.1501889
-0.1498145
-0.1578071
-0.1651774
-0.1663748
-0.1635470
-0.1612442
-0.1596330
-0.1545874
-0.1436835
-0.1299285
-0.1186214
-0.1119098
-0.1078340
-0.1035207
-0.0970197
-0.0864285
-0.0703312
-0.0506719
-0.0331942
-0.0225532
-0.0171929
-0.0109199
-0.0002447
0.0109476
0.0153811
0.0111342
0.0050663
0.0060533
0.0150836
0.0239579
0.0246339
0.0181887
0.0128199
0.0139440
0.0185156
0.0194410
0.0139273
0.0063754
0.0034954
0.0073749
0.0137240
0.0169297
0.0162422
0.0160503
0.0200218
0.0261415
0.0283893
0.0230080
0.0127870
0.0054700
0.0076928
0.0192389
0.0326080
0.0390657
0.0361059
0.0291042
0.0256658
0.0286013
0.0340403
0.0355072
0.0298472
0.0201431
0.0132222
0.0137852
0.0206837
0.0288714
0.0341794
0.0354320
0.0330002
0.0275076
0.0205873
0.0153796
0.0146513
0.0180271
0.0215048
0.0205309
0.0144088
0.0075625
0.0053005
0.0079463
0.0103446
0.0079303
0.0021208
-0.0015672
-0.0001211
0.0035016
0.0034167
-0.0033563
-0.0138626
-0.0214828
-0.0215827
-0.0155151
-0.0090911
-0.0071986
-0.0102061
-0.0150713
-0.0187101
-0.0201506
-0.0206252
-0.0221713
-0.0254618
-0.0286604
-0.0290144
-0.0258108
-0.0213146
-0.0188263
-0.0201889
-0.0246704
-0.0294448
-0.0316693
-0.0312608
-0.0313629
-0.0347889
-0.0399238
-0.0412811
-0.0345929
-0.0209879
-0.0061853
0.0041280
0.0084640
0.0096150
0.0106373
0.0113719
0.0104191
0.0105638
0.0195131
0.0425961
0.0750775
0.1038451
0.1178564
0.1169206
0.1103293
0.1071579
0.1080222
0.1065532
0.0986373
0.0882474
0.0821130
0.0796047
0.0712704
0.0488389
0.0147291
-0.0201548
-0.0470276
-0.0657146
-0.0806520
-0.0925502
-0.0966206
-0.0902647
-0.0804466
-0.0789792
-0.0885713
-0.0973573
-0.0922796
-0.0770171
-0.0705526
-0.0846602
-0.1066273
-0.1104135
-0.0860976
-0.0534301
-0.0415902
-0.0578133
-0.0836067
-0.1034442
-0.1241665
-0.1481188
-0.1261822
0.0383410
0.4082958
0.9228462
1.4006655
1.6544032
1.6201139
1.3857417
1.1011106
0.8629193
0.6775109
0.5117299
0.3555994
0.2297075
0.1484788
0.0974275
0.0507423
-0.0001449
-0.0435264
-0.0677278
-0.0759735
-0.0808971
-0.0904849
-0.1028038
-0.1121390
-0.1165256
-0.1186336
-0.1218402
-0.1276879
-0.1360389
-0.1446502
-0.1484288
-0.1428005
-0.1301032
-0.1201472
-0.1213373
-0.1321693
-0.1437603
-0.1496377
-0.1503630
-0.1492764
-0.1472467
-0.1431675
-0.1378573
-0.1350803
-0.1376680
-0.1432308
-0.1457467
-0.1428736
-0.1399969
-0.1438984
-0.1527867
-0.1565594
-0.1486427
-0.1346436
-0.1266266
-0.1301625
-0.1393393
-0.1441906
-0.1411894
-0.1355717
-0.1337149
-0.1346795
-0.1314635
-0.1210004
-0.1098216
-0.1069958
-0.1132914
-0.1209660
-0.1237099
-0.1230152
-0.1239658
-0.1279215
-0.1314004
-0.1309530
-0.1274696
-0.1253064
-0.1273792
-0.1319886
-0.1356924
-0.1384875
-0.1433408
-0.1503037
-0.1547383
-0.1533935
-0.1491829
-0.1470276
-0.1471633
-0.1459457
-0.1421864
-0.1391903
-0.1397922
-0.1413184
-0.1369868
-0.1227881
-0.1026857
-0.0854020
-0.0749383
-0.0662726
-0.0528982
-0.0365175
-0.0249142
-0.0207856
-0.0175917
-0.0078162
0.0083307
0.0240669
0.0330436
0.0337355
0.0293727
0.0254346
0.0259263
0.0305298
0.0352387
0.0358247
0.0312189
0.0250057
0.0232705
0.0279870
0.0321456
0.0259933
0.0105437
0.0002212
0.0074218
0.0272574
0.0424886
0.0421174
0.0307377
0.0204183
0.0178945
0.0207117
0.0229778
0.0225278
0.0219718
0.0236492
0.0263460
0.0287666
0.0327965
0.0386941
0.0398477
0.0297416
0.0141404
0.0083158
0.0190390
0.0353252
0.0410350
0.0325448
0.0201596
0.0148196
0.0171261
0.0190804
0.0148059
0.0081641
0.0077674
0.0147246
0.0201815
0.0174594
0.0109388
0.0079623
0.0074248
0.0037343
-0.0017327
-0.0017011
0.0056364
0.0136546
0.0159158
0.0124724
0.0074832
0.0043056
0.0028170
0.0001038
-0.0044232
-0.0052004
0.0026781
0.0128301
0.0124747
0.0005896
-0.0083010
-0.0033615
0.0083642
0.0129785
0.0073028
-0.0004924
-0.0014314
0.0074239
0.0202724
0.0244546
0.0130057
-0.0035751
-0.0078750
0.0019339
0.0121052
0.0151786
0.0164447
0.0182127
0.0157514
0.0112433
0.0126115
0.0158128
0.0097343
0.0013350
0.0093413
0.0265388
0.0192309
-0.0219917
