-0.0686439
-0.0778310
-0.0866339
-0.0902739
-0.0848367
-0.0754407
-0.0709007
-0.0720131
-0.0711222
-0.0646023
-0.0597232
-0.0639617
-0.0712817
-0.0676241
-0.0516326
-0.0414356
-0.0534558
-0.0790058
-0.0924837
-0.0825373
-0.0591533
-0.0157028
0.1071307
0.3895527
0.8392766
1.3307760
1.6614993
1.6941874
1.4568782
1.1068687
0.7992369
0.5881007
0.4388114
0.3079730
0.1933277
0.1143276
0.0706769
0.0378671
-0.0019619
-0.0410938
-0.0632673
-0.0695325
-0.0770655
-0.0950640
-0.1125059
-0.1141074
-0.1018859
-0.0934570
-0.1004583
-0.1160599
-0.1264311
-0.1288092
-0.1320603
-0.1411416
-0.1484224
-0.1440125
-0.1305305
-0.1217433
-0.1263711
-0.1380080
-0.1438658
-0.1407406
-0.1380518
-0.1449103
-0.1579834
-0.1648830
-0.1582210
-0.1434542
-0.1325188
-0.1320400
-0.1392116
-0.1475858
-0.1540930
-0.1597058
-0.1651744
-0.1683044
-0.1659238
-0.1577903
-0.1479667
-0.1422023
-0.1436603
-0.1506152
-0.1579780
-0.1613048
-0.1598650
-0.1562922
-0.1536422
-0.1530620
-0.1540995
-0.1563397
-0.1597576
-0.1636252
-0.1664352
-0.1679176
-0.1704145
-0.1766168
-0.1855359
-0.1921536
-0.1924372
-0.1882018
-0.1854890
-0.1878834
-0.1928273
-0.1953613
-0.1941363
-0.1917521
-0.1895454
-0.1849250
-0.1757943
-0.1658322
-0.1617812
-0.1644695
-0.1652417
-0.1540592
-0.1304920
-0.1042332
-0.0846707
-0.0726794
-0.0638579
-0.0565777
-0.0525428
-0.0498121
-0.0406010
-0.0200901
0.0045096
0.0188559
0.0172818
0.0104653
0.0139522
0.0301848
0.0456386
0.0465259
0.0340496
0.0217003
0.0195433
0.0247232
0.0272424
0.0213086
0.0091276
-0.0034828
-0.0113623
-0.0107792
-0.0008666
0.0129324
0.0197134
0.0121487
-0.0045366
-0.0160322
-0.0137453
-0.0043157
-0.0015479
-0.0097168
-0.0186217
-0.0165910
-0.0052050
0.0025510
-0.0019551
-0.0131443
-0.0190265
-0.0160746
-0.0123645
-0.0157530
-0.0228647
-0.0232066
-0.0132411
-0.0025636
-0.0040333
-0.0192929
-0.0365423
-0.0429088
-0.0373050
-0.0300684
-0.0309631
-0.0391849
-0.0454367
-0.0425457
-0.0327922
-0.0249763
-0.0255453
-0.0333470
-0.0422664
-0.0474180
-0.0481934
-0.0464519
-0.0435730
-0.0400725
-0.0372482
-0.0375202
-0.0420311
-0.0482005
-0.0509998
-0.0477480
-0.0414986
-0.0386600
-0.0426050
-0.0499523
-0.0538836
-0.0513717
-0.0466317
-0.0466911
-0.0533611
-0.0603528
-0.0594571
-0.0498052
-0.0399089
-0.0393275
-0.0485059
-0.0582052
-0.0596456
-0.0540859
-0.0506854
-0.0549043
-0.0612790
-0.0599540
-0.0498614
-0.0422010
-0.0483092
-0.0651772
-0.0764709
-0.0696353
-0.0502090
-0.0366493
-0.0410577
-0.0572351
-0.0687667
-0.0670778
-0.0591566
-0.0576316
-0.0658529
-0.0747915
-0.0738625
-0.0624863
-0.0501479
-0.0465420
-0.0530743
-0.0632121
-0.0690797
-0.0671233
-0.0591013
-0.0497229
-0.0437432
-0.0439001
-0.0498053
-0.0579635
-0.0634392
-0.0629000
-0.0570712
-0.0501571
-0.0461320
-0.0451454
-0.0436930
-0.0385566
-0.0304781
-0.0235675
-0.0207824
-0.0201166
-0.0158211
-0.0038687
0.0139538
0.0318916
0.0461432
0.0582874
0.0723685
0.0890575
0.1037438
0.1110608
0.1110034
0.1094997
0.1119141
0.1160779
0.1131203
0.0964665
0.0696006
0.0432580
0.0242265
0.0082561
-0.0142250
-0.0456164
-0.0764738
-0.0947732
-0.0987850
-0.0983646
-0.1029232
-0.1106227
-0.1121412
-0.1041556
-0.0951190
-0.0956380
-0.1056923
-0.1148747
-0.1145653
-0.1058935
-0.0946407
-0.0828054
-0.0698065
-0.0600369
-0.0623695
-0.0791439
-0.1002222
-0.1124566
-0.1096231
-0.0808502
0.0131965
0.2346413
0.6117114
1.0747910
1.4620142
1.6159025
1.4960818
1.2039550
0.8954896
0.6661239
0.5113036
0.3804109
0.2496443
0.1381019
0.0684503
0.0325644
0.0020595
-0.0377335
-0.0754878
-0.0941364
-0.0939910
-0.0914930
-0.1000456
-0.1180469
-0.1348705
-0.1431699
-0.1432412
-0.1390189
-0.1340472
-0.1310665
-0.1319642
-0.1362195
-0.1408813
-0.1438153
-0.1461313
-0.1496519
-0.1526747
-0.1509681
-0.1439208
-0.1374085
-0.1381687
-0.1459480
-0.1534639
-0.1545076
-0.1502078
-0.1462207
-0.1453131
-0.1449421
-0.1419941
-0.1374530
-0.1347875
-0.1350599
-0.1360078
-0.1359472
-0.1360511
-0.1373600
-0.1375162
-0.1331810
-0.1253233
-0.1193342
-0.1188663
-0.1216450
-0.1231787
-0.1231469
-0.1252971
-0.1309034
-0.1353139
-0.1332060
-0.1258615
-0.1202390
-0.1205155
-0.1234882
-0.1243041
-0.1243705
-0.1296008
-0.1407056
-0.1494523
-0.1475672
-0.1373381
-0.1296495
-0.1314775
-0.1387160
-0.1428421
-0.1416968
-0.1401660
-0.1410807
-0.1399018
-0.1308777
-0.1158522
-0.1027732
-0.0952725
-0.0877589
-0.0734935
-0.0549363
-0.0416049
-0.0373241
-0.0337214
-0.0193681
0.0063625
0.0319746
0.0466083
0.0512246
0.0553513
0.0647277
0.0755730
0.0815528
0.0830614
0.0863419
0.0942588
0.1018096
0.1026391
0.0974723
0.0927062
0.0910770
0.0875045
0.0764997
0.0617168
0.0543520
0.0607359
0.0737514
0.0793636
0.0716811
0.0590458
0.0537944
0.0579641
0.0620841
0.0578339
0.0483182
0.0434775
0.0472843
0.0531099
0.0523940
0.0449347
0.0379663
0.0360962
0.0356659
0.0308537
0.0231150
0.0207317
0.0280516
0.0381931
0.0395973
0.0293385
0.0169252
0.0135717
0.0195267
0.0242294
0.0187500
0.0059894
-0.0026606
0.0001677
0.0103563
0.0175670
0.0162284
0.0096419
0.0039854
0.0010430
-0.0016154
-0.0050456
-0.0065802
-0.0038167
0.0011140
0.0034276
0.0016471
-0.0003986
0.0010309
0.0033367
-0.0005098
-0.0126024
-0.0247573
-0.0256170
-0.0133916
0.0010516
0.0054139
-0.0013138
-0.0095388
-0.0116817
-0.0108804
-0.0153622
-0.0261459
-0.0340037
-0.0299783
-0.0166441
-0.0060552
-0.0067140
-0.0153199
-0.0224677
-0.0238170
-0.0226946
-0.0228854
-0.0231153
-0.0205998
-0.0172785
-0.0186101
-0.0257362
-0.0319872
-0.0299505
-0.0212891
-0.0164193
-0.0228007
-0.0353713
-0.0413665
-0.0345319
-0.0218851
-0.0152757
-0.0186171
-0.0259203
-0.0305521
-0.0325032
-0.0350511
-0.0373383
-0.0344315
-0.0252299
-0.0167023
-0.0168616
-0.0243640
-0.0289702
-0.0240817
-0.0159156
-0.0165032
-0.0281647
-0.0390766
-0.0363638
-0.0211350
-0.0072767
-0.0057125
-0.0130059
-0.0169757
-0.0112268
-0.0007917
0.0066596
0.0114379
0.0203810
0.0360921
0.0521825
0.0615272
0.0665268
0.0770446
0.0977409
0.1206728
0.1328684
0.1303144
0.1222327
0.1210674
0.1297050
0.1395400
0.1399204
0.1274352
0.1060093
0.0808679
0.0549961
0.0302532
0.0082120
-0.0115763
-0.0318016
-0.0534246
-0.0722410
-0.0818914
-0.0810649
-0.0762622
-0.0760036
-0.0824046
-0.0893201
-0.0890622
-0.0804523
-0.0699048
-0.0650157
-0.0676481
-0.0729612
-0.0742934
-0.0689761
-0.0603976
-0.0548528
-0.0559171
-0.0621071
-0.0704597
-0.0789683
-0.0771215
-0.0285150
0.1292877
0.4462491
0.9001487
1.3705662
1.6883416
1.7376188
1.5313841
1.1956665
0.8759305
0.6465776
0.4940598
0.3696697
0.2484245
0.1416358
0.0685363
0.0292420
0.0061029
-0.0168627
-0.0418818
-0.0625750
-0.0754816
-0.0839714
-0.0928715
-0.1025677
-0.1094690
-0.1110074
-0.1089850
-0.1082207
-0.1123532
-0.1205098
-0.1277409
-0.1295903
-0.1270863
-0.1264454
-0.1325215
-0.1428792
-0.1498563
-0.1487607
-0.1427222
-0.1387977
-0.1404495
-0.1452076
-0.1492817
-0.1524284
-0.1567352
-0.1614260
-0.1616105
-0.1540160
-0.1426741
-0.1360690
-0.1379877
-0.1434418
-0.1452318
-0.1428669
-0.1423107
-0.1470301
-0.1521870
-0.1498474
-0.1390802
-0.1283349
-0.1265408
-0.1331936
-0.1393947
-0.1385706
-0.1335567
-0.1316088
-0.1346748
-0.1378034
-0.1366810
-0.1330833
-0.1312976
-0.1319523
-0.1325652
-0.1333085
-0.1384034
-0.1498680
-0.1620715
-0.1660181
-0.1596901
-0.1513676
-0.1503841
-0.1561365
-0.1595679
-0.1554482
-0.1490758
-0.1482354
-0.1513457
-0.1481478
-0.1324686
-0.1105565
-0.0943910
-0.0884778
-0.0860250
-0.0779652
-0.0628567
-0.0461104
-0.0313718
-0.0163157
0.0021649
0.0218532
0.0374629
0.0478145
0.0570583
0.0679895
0.0774911
0.0812440
0.0812103
0.0848090
0.0957631
0.1081715
0.1120445
0.1044565
0.0930906
0.0876141
0.0890372
0.0898401
0.0842492
0.0753504
0.0704473
0.0717723
0.0749000
0.0756098
0.0746852
0.0745160
0.0736993
0.0683515
0.0588293
0.0522657
0.0559326
0.0683417
0.0791641
0.0792992
0.0698793
0.0597775
0.0552446
0.0546236
0.0533959
0.0511218
0.0508806
0.0534671
0.0555143
0.0541157
0.0510267
0.0502389
0.0519562
0.0513459
0.0448085
0.0363100
0.0345883
0.0428255
0.0532193
0.0545490
0.0447453
0.0332351
0.0299124
0.0339818
0.0358130
0.0290625
0.0185081
0.0146366
0.0214796
0.0317543
0.0348062
0.0279964
0.0184518
0.0140637
0.0152929
0.0168366
0.0151019
0.0116291
0.0099390
0.0114751
0.0151083
0.0188340
0.0207662
0.0192856
0.0137549
0.0058269
-0.0003750
-0.0005882
0.0059481
0.0150133
0.0201542
0.0174209
0.0079379
-0.0031218
-0.0096251
-0.0081225
-0.0006400
0.0061965
0.0068291
0.0023043
-0.0012167
-0.0001739
0.0017050
-0.0019976
-0.0117808
-0.0202108
-0.0194938
-0.0103073
-0.0016984
-0.0017778
-0.0096387
-0.0176272
-0.0205407
-0.0200944
-0.0200818
-0.0203167
-0.0179122
-0.0129196
-0.0093633
-0.0103131
-0.0143802
-0.0182914
-0.0213314
-0.0254061
-0.0310176
-0.0349759
-0.0332815
-0.0258074
-0.0169273
-0.0114506
-0.0112100
-0.0158081
-0.0241919
-0.0332643
-0.0369598
-0.0311179
-0.0201446
-0.0149384
-0.0211163
-0.0310513
-0.0310922
-0.0169750
0.0006324
0.0075571
0.0017886
-0.0043517
0.0022257
0.0217069
0.0426414
0.0552205
0.0604421
0.0662512
0.0780995
0.0951266
0.1127897
0.1259419
0.1307123
0.1273561
0.1218474
0.1213248
0.1259065
0.1267951
0.1147976
0.0901422
0.0617251
0.0366023
0.0130324
-0.0139298
-0.0420967
-0.0622532
-0.0700221
-0.0730770
-0.0818702
-0.0953105
-0.1017489
-0.0949520
-0.0830077
-0.0777138
-0.0798528
-0.0811328
-0.0785774
-0.0787403
-0.0847555
-0.0864856
-0.0721714
-0.0486282
-0.0398962
-0.0600733
-0.0937940
-0.1123616
-0.1042541
-0.0723284
0.0065315
0.1998465
0.5652595
1.0613253
1.5246714
1.7631179
1.6933282
1.3967123
1.0438479
0.7640625
0.5791807
0.4420058
0.3146533
0.2012985
0.1204944
0.0702887
0.0307872
-0.0088794
-0.0399230
-0.0513774
-0.0492173
-0.0519258
-0.0695935
-0.0932655
-0.1069270
-0.1067662
-0.1045411
-0.1120455
-0.1267134
-0.1359137
-0.1332007
-0.1254273
-0.1230812
-0.1279337
-0.1334946
-0.1355997
-0.1381084
-0.1465175
-0.1583298
-0.1633621
-0.1550581
-0.1395455
-0.1304265
-0.1343985
-0.1449684
-0.1517269
-0.1527056
-0.1540803
-0.1591061
-0.1621178
-0.1556635
-0.1414017
-0.1308217
-0.1340123
-0.1484663
-0.1606027
-0.1594678
-0.1481773
-0.1400312
-0.1433762
-0.1526649
-0.1558011
-0.1485993
-0.1396382
-0.1405991
-0.1530468
-0.1658113
-0.1661701
-0.1538070
-0.1425098
-0.1465006
-0.1654159
-0.1844081
-0.1891325
-0.1791869
-0.1668033
-0.1641881
-0.1729013
-0.1842141
-0.1884953
-0.1842591
-0.1784495
-0.1783554
-0.1842040
-0.1899437
-0.1897353
-0.1823106
-0.1702333
-0.1572104
-0.1461922
-0.1381892
-0.1318054
-0.1242117
-0.1131097
-0.0984257
-0.0829047
-0.0706083
-0.0631318
-0.0569711
-0.0465082
-0.0305802
-0.0144161
-0.0036370
0.0024338
0.0098548
0.0229781
0.0394430
0.0520594
0.0551488
0.0494292
0.0411080
0.0361039
0.0354025
0.0362020
0.0362017
0.0350959
0.0327300
0.0283139
0.0219804
0.0154565
0.0105756
0.0081045
0.0080290
0.0097069
0.0115758
0.0118904
0.0101825
0.0075399
0.0055326
0.0050012
0.0050684
0.0030725
-0.0029405
-0.0106364
-0.0140163
-0.0095874
-0.0011328
0.0034740
0.0000622
-0.0081987
-0.0143784
-0.0140506
-0.0086511
-0.0037406
-0.0038957
-0.0089634
-0.0154133
-0.0206433
-0.0246757
-0.0281362
-0.0305650
-0.0309655
-0.0284362
-0.0224375
-0.0145766
-0.0100712
-0.0143514
-0.0265604
-0.0383563
-0.0412927
-0.0351171
-0.0277351
-0.0268615
-0.0319516
-0.0348100
-0.0290735
-0.0189088
-0.0161024
-0.0271308
-0.0449720
-0.0558840
-0.0531964
-0.0424634
-0.0342226
-0.0341466
-0.0397430
-0.0441870
-0.0429149
-0.0378097
-0.0351618
-0.0388590
-0.0459054
-0.0492721
-0.0448875
-0.0357982
-0.0300937
-0.0340973
-0.0458364
-0.0555254
-0.0547865
-0.0454956
-0.0370848
-0.0351118
-0.0359616
-0.0339939
-0.0301556
-0.0302662
-0.0365093
-0.0441684
-0.0474013
-0.0461454
-0.0453408
-0.0473162
-0.0475156
-0.0409694
-0.0321486
-0.0327518
-0.0464392
-0.0603054
-0.0578050
-0.0390847
-0.0223477
-0.0234369
-0.0384913
-0.0497186
-0.0459453
-0.0340238
-0.0295559
-0.0385409
-0.0507480
-0.0519312
-0.0400868
-0.0265735
-0.0224324
-0.0280081
-0.0363483
-0.0415692
-0.0411370
-0.0342554
-0.0227748
-0.0122973
-0.0083423
-0.0106399
-0.0126888
-0.0074329
0.0064617
0.0232765
0.0357781
0.0435232
0.0545828
0.0763273
0.1049808
0.1276365
0.1354486
0.1325268
0.1310544
0.1391706
0.1536955
0.1632783
0.1588829
0.1420803
0.1218912
0.1029767
0.0803431
0.0483933
0.0117078
-0.0181102
-0.0349566
-0.0428408
-0.0482582
-0.0526561
-0.0541455
-0.0535410
-0.0553722
-0.0622034
-0.0695780
-0.0697693
-0.0620489
-0.0555351
-0.0572224
-0.0602252
-0.0520178
-0.0344760
-0.0258603
-0.0379197
-0.0593185
-0.0705804
-0.0699192
-0.0691214
-0.0561376
0.0293989
0.2630181
0.6586077
1.1195522
1.4789487
1.6079850
1.4987431
1.2493988
0.9770246
0.7456558
0.5613584
0.4098486
0.2854181
0.1913934
0.1274143
0.0839633
0.0494162
0.0194480
-0.0035246
-0.0193667
-0.0337817
-0.0511109
-0.0684945
-0.0807724
-0.0874117
-0.0908639
-0.0916232
-0.0892636
-0.0860470
-0.0858053
-0.0904845
-0.0991379
-0.1077532
-0.1099646
-0.1030493
-0.0945253
-0.0966693
-0.1113766
-0.1257463
-0.1264786
-0.1147794
-0.1038242
-0.1044781
-0.1156738
-0.1263795
-0.1261388
-0.1157735
-0.1066760
-0.1070667
-0.1123930
-0.1138908
-0.1118672
-0.1126843
-0.1161694
-0.1158346
-0.1105798
-0.1067709
-0.1079182
-0.1100750
-0.1089436
-0.1059133
-0.1059348
-0.1122783
-0.1220171
-0.1254027
-0.1151440
-0.0990270
-0.0953599
-0.1105583
-0.1294083
-0.1342833
-0.1259910
-0.1180815
-0.1184111
-0.1246963
-0.1316403
-0.1347458
-0.1326025
-0.1305108
-0.1352544
-0.1435530
-0.1450718
-0.1387367
-0.1336189
-0.1314383
-0.1235387
-0.1092168
-0.1004127
-0.1023431
-0.1052601
-0.1005751
-0.0894644
-0.0729105
-0.0514257
-0.0353145
-0.0330492
-0.0300190
-0.0065188
0.0236951
0.0283431
0.0133787
0.0212663
0.0599521
0.0811110
0.0541345
