-0.0823789
-0.0937406
-0.0860167
-0.0968087
-0.1176234
-0.1146973
-0.0888311
-0.0728909
-0.0801523
-0.0921907
-0.0950709
-0.0957552
-0.1008553
-0.1049668
-0.1042995
-0.1025858
-0.1002982
-0.0932623
-0.0836946
-0.0800558
-0.0852613
-0.0945579
-0.1030641
-0.1068940
-0.1014177
-0.0880957
-0.0783403
-0.0807758
-0.0890529
-0.0914303
-0.0874232
-0.0851737
-0.0865695
-0.0851437
-0.0768798
-0.0651770
-0.0561813
-0.0543040
-0.0600420
-0.0682648
-0.0717362
-0.0692076
-0.0659983
-0.0648085
-0.0622189
-0.0571749
-0.0558010
-0.0627135
-0.0728184
-0.0769908
-0.0727722
-0.0657676
-0.0627103
-0.0651343
-0.0680230
-0.0648499
-0.0565210
-0.0529738
-0.0606239
-0.0703916
-0.0660340
-0.0448921
-0.0227642
-0.0154225
-0.0209629
-0.0240819
-0.0145551
0.0018937
0.0106330
0.0049532
-0.0051356
-0.0034177
0.0129954
0.0292910
0.0306582
0.0193343
0.0092098
0.0075137
0.0085061
0.0041466
-0.0050779
-0.0114401
-0.0091967
-0.0014339
0.0019077
-0.0060533
-0.0208631
-0.0305428
-0.0282051
-0.0182066
-0.0093917
-0.0060828
-0.0071845
-0.0100869
-0.0123840
-0.0120563
-0.0087372
-0.0040072
0.0006559
0.0053004
0.0107455
0.0174720
0.0243902
0.0272600
0.0207330
0.0057325
-0.0067663
-0.0046355
0.0116540
0.0279289
0.0305067
0.0191553
0.0050258
-0.0019733
-0.0020921
-0.0028166
-0.0083843
-0.0138644
-0.0115734
-0.0024800
0.0029939
-0.0026583
-0.0145621
-0.0215331
-0.0189976
-0.0122159
-0.0082830
-0.0089704
-0.0116206
-0.0139829
-0.0164752
-0.0202785
-0.0243893
-0.0260291
-0.0247510
-0.0241588
-0.0268085
-0.0287629
-0.0236196
-0.0126003
-0.0062255
-0.0131441
-0.0295190
-0.0421540
-0.0415236
-0.0303489
-0.0197743
-0.0179858
-0.0227430
-0.0252564
-0.0209388
-0.0144304
-0.0132488
-0.0189880
-0.0269222
-0.0320180
-0.0320917
-0.0266232
-0.0168468
-0.0075749
-0.0053224
-0.0123684
-0.0237228
-0.0312911
-0.0309717
-0.0253769
-0.0198006
-0.0162765
-0.0130426
-0.0101833
-0.0126092
-0.0234172
-0.0355736
-0.0363534
-0.0227711
-0.0080846
-0.0080871
-0.0224368
-0.0342310
-0.0290632
-0.0115072
-0.0003818
-0.0082483
-0.0276495
-0.0389339
-0.0307421
-0.0105013
0.0052689
0.0074521
-0.0008864
-0.0123026
-0.0221406
-0.0284171
-0.0299481
-0.0272420
-0.0229494
-0.0193108
-0.0162172
-0.0130187
-0.0110712
-0.0125624
-0.0164396
-0.0168459
-0.0076504
0.0104265
0.0286876
0.0388545
0.0421231
0.0467656
0.0563065
0.0641895
0.0630871
0.0565244
0.0563626
0.0683222
0.0836265
0.0875025
0.0751457
0.0571233
0.0479716
0.0506985
0.0550512
0.0514176
0.0426860
0.0386825
0.0409958
0.0393169
0.0246799
0.0016284
-0.0171743
-0.0266005
-0.0342272
-0.0482929
-0.0642827
-0.0684413
-0.0552891
-0.0369736
-0.0306196
-0.0382919
-0.0459954
-0.0438771
-0.0398298
-0.0463980
-0.0588546
-0.0571789
-0.0325887
-0.0034355
0.0032578
-0.0168703
-0.0405938
-0.0423301
-0.0108086
0.0705093
0.2498153
0.5833668
1.0584547
1.5408485
1.8273974
1.7833846
1.4453114
0.9914498
0.6085245
0.3770810
0.2642803
0.1999941
0.1452475
0.0982633
0.0624365
0.0298342
-0.0055050
-0.0349467
-0.0467347
-0.0449385
-0.0469544
-0.0619259
-0.0799090
-0.0861891
-0.0806092
-0.0764718
-0.0821260
-0.0903435
-0.0886926
-0.0765972
-0.0670308
-0.0709312
-0.0841788
-0.0931524
-0.0909021
-0.0832615
-0.0789972
-0.0791256
-0.0790557
-0.0777057
-0.0792815
-0.0861192
-0.0940140
-0.0967911
-0.0936080
-0.0894198
-0.0884199
-0.0889189
-0.0860081
-0.0786652
-0.0722621
-0.0729202
-0.0804683
-0.0884913
-0.0907705
-0.0861059
-0.0773285
-0.0679154
-0.0603020
-0.0557745
-0.0545999
-0.0564900
-0.0610588
-0.0671110
-0.0716367
-0.0710165
-0.0641859
-0.0541057
-0.0454144
-0.0406090
-0.0386434
-0.0371539
-0.0357756
-0.0365210
-0.0400801
-0.0424837
-0.0378224
-0.0255905
-0.0137894
-0.0124377
-0.0235522
-0.0383211
-0.0444556
-0.0366206
-0.0207969
-0.0090638
-0.0089425
-0.0163476
-0.0191208
-0.0086532
0.0114802
0.0286728
0.0333773
0.0283795
0.0260769
0.0359398
0.0543383
0.0677555
0.0670393
0.0574274
0.0525860
0.0591049
0.0693402
0.0706043
0.0597029
0.0465677
0.0437315
0.0533196
0.0647253
0.0647023
0.0495160
0.0275923
0.0113646
0.0074188
0.0135464
0.0225829
0.0276177
0.0253952
0.0177392
0.0104458
0.0092285
0.0152479
0.0241341
0.0294501
0.0277761
0.0215623
0.0173372
0.0200453
0.0282112
0.0350835
0.0351526
0.0292254
0.0228150
0.0203682
0.0219893
0.0253629
0.0293159
0.0341803
0.0387257
0.0386176
0.0304611
0.0178181
0.0104086
0.0145088
0.0250663
0.0305088
0.0258048
0.0176873
0.0151966
0.0177679
0.0165694
0.0075558
-0.0011018
0.0017600
0.0147913
0.0225533
0.0123277
-0.0098762
-0.0244999
-0.0198739
-0.0043749
0.0047707
0.0009814
-0.0076240
-0.0115789
-0.0112148
-0.0122406
-0.0149082
-0.0133173
-0.0055833
0.0003935
-0.0047395
-0.0191660
-0.0300310
-0.0276273
-0.0162636
-0.0081144
-0.0083578
-0.0107728
-0.0082032
-0.0027049
-0.0021628
-0.0091321
-0.0170314
-0.0178502
-0.0109348
-0.0025729
0.0016538
0.0018213
0.0009047
-0.0005428
-0.0047339
-0.0121859
-0.0194557
-0.0225745
-0.0213546
-0.0188611
-0.0175415
-0.0174930
-0.0180359
-0.0190922
-0.0206334
-0.0221892
-0.0237036
-0.0260014
-0.0293741
-0.0318943
-0.0302022
-0.0228292
-0.0126728
-0.0052841
-0.0040720
-0.0076772
-0.0126352
-0.0176571
-0.0236607
-0.0299464
-0.0327846
-0.0292230
-0.0211687
-0.0142082
-0.0126050
-0.0162193
-0.0217435
-0.0256222
-0.0256670
-0.0213391
-0.0140686
-0.0074406
-0.0055464
-0.0094193
-0.0149952
-0.0160793
-0.0102391
-0.0009353
0.0070047
0.0131415
0.0214682
0.0352281
0.0529031
0.0690418
0.0779061
0.0768483
0.0683107
0.0594237
0.0577790
0.0650106
0.0739970
0.0741337
0.0612492
0.0423704
0.0293695
0.0275565
0.0319762
0.0354525
0.0373206
0.0405916
0.0418091
0.0300360
0.0001369
-0.0359345
-0.0573792
-0.0559514
-0.0452801
-0.0453870
-0.0598903
-0.0733382
-0.0717264
-0.0601297
-0.0551287
-0.0627192
-0.0714515
-0.0692065
-0.0590116
-0.0514500
-0.0463896
-0.0335850
-0.0131631
-0.0036420
-0.0193511
-0.0457240
-0.0514764
-0.0266512
0.0102649
0.0609111
0.1926042
0.4983535
0.9797105
1.4734509
1.7307876
1.6062004
1.1823046
0.7044749
0.3851669
0.2627948
0.2315828
0.1812599
0.0935416
0.0183151
-0.0100861
-0.0114959
-0.0245460
-0.0574772
-0.0862816
-0.0920819
-0.0847229
-0.0866019
-0.1035024
-0.1199835
-0.1210576
-0.1105430
-0.1050850
-0.1138850
-0.1287592
-0.1343781
-0.1253702
-0.1113129
-0.1057721
-0.1126300
-0.1237626
-0.1284318
-0.1232769
-0.1136446
-0.1071607
-0.1071761
-0.1118797
-0.1182138
-0.1251400
-0.1325793
-0.1383809
-0.1385776
-0.1317273
-0.1219732
-0.1162899
-0.1185081
-0.1265673
-0.1352206
-0.1402121
-0.1395722
-0.1325581
-0.1198963
-0.1061435
-0.0998862
-0.1078764
-0.1269313
-0.1434474
-0.1443314
-0.1293559
-0.1108937
-0.1005592
-0.0980777
-0.0951826
-0.0886862
-0.0854412
-0.0924202
-0.1046783
-0.1078702
-0.0944112
-0.0742637
-0.0659153
-0.0765442
-0.0942806
-0.1016807
-0.0944135
-0.0838433
-0.0824402
-0.0904971
-0.0983900
-0.0988916
-0.0941030
-0.0907296
-0.0914318
-0.0924208
-0.0884802
-0.0786047
-0.0665582
-0.0570422
-0.0516402
-0.0474196
-0.0390391
-0.0238628
-0.0066633
0.0020419
-0.0044190
-0.0199157
-0.0286770
-0.0200591
0.0001047
0.0146391
0.0117600
-0.0043356
-0.0194287
-0.0240070
-0.0209274
-0.0196998
-0.0255889
-0.0352016
-0.0412217
-0.0396551
-0.0328223
-0.0271034
-0.0280432
-0.0357735
-0.0442022
-0.0464268
-0.0427171
-0.0416846
-0.0505341
-0.0641938
-0.0678207
-0.0529227
-0.0294344
-0.0179309
-0.0283021
-0.0481851
-0.0550294
-0.0393880
-0.0141724
-0.0005058
-0.0068553
-0.0237750
-0.0367104
-0.0396700
-0.0359618
-0.0303387
-0.0248539
-0.0212380
-0.0223960
-0.0289400
-0.0363997
-0.0392933
-0.0382900
-0.0405354
-0.0507422
-0.0633287
-0.0666684
-0.0562255
-0.0411114
-0.0351495
-0.0422596
-0.0533975
-0.0583536
-0.0576657
-0.0602600
-0.0703150
-0.0799630
-0.0772271
-0.0602235
-0.0409919
-0.0341641
-0.0429932
-0.0577902
-0.0670755
-0.0679631
-0.0654491
-0.0644740
-0.0653164
-0.0657654
-0.0646129
-0.0617965
-0.0571663
-0.0515134
-0.0485185
-0.0530844
-0.0657622
-0.0794978
-0.0843234
-0.0768327
-0.0643880
-0.0585126
-0.0637695
-0.0737029
-0.0776761
-0.0709886
-0.0583688
-0.0487293
-0.0472319
-0.0517712
-0.0560298
-0.0556069
-0.0516342
-0.0490414
-0.0516927
-0.0591368
-0.0674058
-0.0721688
-0.0710942
-0.0641908
-0.0532592
-0.0417685
-0.0347062
-0.0367263
-0.0485356
-0.0646645
-0.0760424
-0.0762695
-0.0660123
-0.0515779
-0.0398157
-0.0345194
-0.0363841
-0.0443200
-0.0558087
-0.0668095
-0.0729141
-0.0716150
-0.0634866
-0.0507861
-0.0350144
-0.0165302
0.0032351
0.0202592
0.0300374
0.0314739
0.0280153
0.0248462
0.0255823
0.0313149
0.0408323
0.0501621
0.0530179
0.0447532
0.0276816
0.0112769
0.0045490
0.0074049
0.0111855
0.0090872
0.0044481
0.0056832
0.0127998
0.0126763
-0.0086495
-0.0493992
-0.0906046
-0.1123219
-0.1101263
-0.0955010
-0.0827074
-0.0777220
-0.0783780
-0.0806197
-0.0820444
-0.0817309
-0.0806089
-0.0822092
-0.0893636
-0.0982324
-0.0989137
-0.0863604
-0.0697751
-0.0657697
-0.0796099
-0.0964003
-0.0931254
-0.0538592
0.0355815
0.2060380
0.4990800
0.9182124
1.3761900
1.7059321
1.7544892
1.4934696
1.0479086
0.6118985
0.3214192
0.1891560
0.1409646
0.1010595
0.0448838
-0.0107518
-0.0468864
-0.0641584
-0.0749529
-0.0873275
-0.1011636
-0.1146783
-0.1279683
-0.1396501
-0.1447991
-0.1399811
-0.1295808
-0.1240991
-0.1304977
-0.1447708
-0.1553810
-0.1548280
-0.1476586
-0.1460692
-0.1567256
-0.1724590
-0.1787421
-0.1693397
-0.1543586
-0.1508214
-0.1649078
-0.1850293
-0.1936155
-0.1848682
-0.1692190
-0.1605747
-0.1619394
-0.1656713
-0.1659048
-0.1659545
-0.1712987
-0.1786183
-0.1770106
-0.1613100
-0.1407935
-0.1313989
-0.1397173
-0.1568966
-0.1685621
-0.1686286
-0.1622019
-0.1568597
-0.1541257
-0.1499843
-0.1412277
-0.1291518
-0.1179835
-0.1119754
-0.1139042
-0.1235988
-0.1362454
-0.1439522
-0.1418300
-0.1327363
-0.1239287
-0.1181745
-0.1100297
-0.0928990
-0.0689273
-0.0489065
-0.0407813
-0.0399410
-0.0336642
-0.0153363
0.0085368
0.0273901
0.0406541
0.0587367
0.0885373
0.1207377
0.1353501
0.1210341
0.0871941
0.0552986
0.0387994
0.0333391
0.0267686
0.0159303
0.0101650
0.0180141
0.0340013
0.0423677
0.0342240
0.0181616
0.0114009
0.0207729
0.0345057
0.0338262
0.0115818
-0.0220343
-0.0514642
-0.0705935
-0.0838772
-0.0949196
-0.0988559
-0.0891960
-0.0705835
-0.0601686
-0.0729990
-0.1060136
-0.1383594
-0.1490525
-0.1348168
-0.1107096
-0.0937443
-0.0866158
-0.0777900
-0.0570575
-0.0296511
-0.0130718
-0.0183410
-0.0350075
-0.0385392
-0.0168865
0.0104814
0.0060196
-0.0465274
-0.1142116
-0.1292129
-0.0344643
0.1818575
0.4895495
0.8399795
1.1757023
1.4227365
1.4984612
1.3561202
1.0346649
0.6563204
0.3562739
0.1989092
0.1530103
0.1411529
0.1091258
0.0535052
-0.0013381
-0.0376372
-0.0555396
-0.0633482
-0.0677087
-0.0724852
-0.0792986
-0.0856345
-0.0864877
-0.0820851
-0.0818085
-0.0951486
-0.1180760
-0.1334706
-0.1289896
-0.1120102
-0.1017401
-0.1062434
-0.1125379
-0.1031117
-0.0791164
-0.0610739
-0.0652591
-0.0843181
-0.0958143
-0.0879856
-0.0711812
-0.0623805
-0.0644009
-0.0666543
-0.0641554
-0.0665391
-0.0832693
-0.1057641
-0.1136221
-0.0994553
-0.0789372
-0.0700637
-0.0678037
-0.0498410
-0.0092775
0.0282520
0.0292080
-0.0090438
-0.0539941
-0.0750380
-0.0758337
-0.0819333
-0.1017051
-0.1128330
-0.0920406
-0.0483381
-0.0158465
-0.0154487
-0.0339082
-0.0443335
-0.0387338
-0.0321033
-0.0383698
-0.0532897
-0.0637855
-0.0648555
-0.0592331
-0.0454974
-0.0184129
0.0166528
0.0404925
0.0407308
0.0314056
0.0401000
0.0724074
0.0987334
0.0856447
0.0374181
-0.0036300
-0.0014759
0.0357045
0.0677411
0.0684542
0.0508592
0.0454090
0.0616007
0.0787707
0.0728662
0.0445830
0.0179135
0.0147017
0.0338349
0.0529031
0.0467172
0.0067533
-0.0505095
-0.0916850
-0.0887673
-0.0419237
0.0173550
0.0502276
0.0427561
0.0156820
0.0015765
0.0130643
0.0346461
0.0435292
0.0333832
0.0153747
0.0001515
-0.0142998
-0.0349263
-0.0585091
-0.0702387
-0.0589230
-0.0308799
-0.0058214
0.0012628
-0.0073114
-0.0176734
-0.0208000
-0.0207619
-0.0261969
-0.0361179
-0.0380919
-0.0226782
0.0018314
0.0129895
-0.0046127
-0.0421210
-0.0728469
-0.0772108
-0.0601908
-0.0429013
-0.0386539
-0.0409238
-0.0360134
-0.0240467
-0.0225316
-0.0475602
-0.0936317
-0.1343535
-0.1432529
-0.1140375
-0.0633157
-0.0176310
0.0019986
-0.0107586
-0.0453341
-0.0789816
-0.0899085
-0.0737077
-0.0486254
-0.0399193
-0.0547075
-0.0735108
-0.0708497
-0.0449961
-0.0230142
-0.0320312
-0.0666607
-0.0904185
-0.0730138
-0.0241669
0.0139193
0.0084745
-0.0324178
-0.0711926
-0.0791001
-0.0582185
-0.0280014
-0.0007133
0.0212901
0.0287314
0.0021204
-0.0624606
-0.1289773
-0.1404798
-0.0756072
0.0174767
0.0575608
0.0088405
-0.0815899
-0.1319958
-0.1099660
-0.0597011
-0.0440297
-0.0707975
-0.0897600
-0.0601930
-0.0042671
0.0197158
-0.0096856
-0.0491945
-0.0434461
0.0064063
0.0423565
0.0175646
-0.0500083
-0.1009816
-0.1025800
-0.0781248
-0.0677296
-0.0755756
-0.0703401
-0.0333949
0.0108448
0.0221316
-0.0058559
-0.0359357
-0.0295689
0.0105678
0.0465038
0.0484754
0.0236262
0.0011125
-0.0016675
0.0101203
0.0279516
0.0576363
0.1093265
0.1729841
0.2144346
0.2036687
0.1466638
0.0841716
0.0562495
0.0688820
0.0954643
0.1067516
0.0947068
0.0691764
0.0405125
0.0126247
-0.0105722
-0.0230062
-0.0264025
-0.0357085
-0.0635856
-0.0977752
-0.1041903
-0.0632332
-0.0020788
0.0204560
-0.0293212
-0.1189847
-0.1731700
-0.1433801
-0.0548339
0.0183224
0.0244077
-0.0210446
-0.0612234
-0.0625164
-0.0433585
-0.0322545
-0.0011547
0.1431256
0.4805220
0.9780347
1.4704093
1.7550404
1.7265103
1.4373131
1.0417610
0.6851891
0.4341583
0.2834785
0.2002266
0.1526299
0.1151914
0.0723647
0.0275102
-0.0009906
-0.0034697
0.0027555
-0.0125212
-0.0585035
-0.1113204
-0.1408278
-0.1438420
-0.1425275
-0.1520072
-0.1612307
-0.1521377
-0.1296107
-0.1197440
-0.1371727
-0.1651326
-0.1758702
