-0.0969503
-0.1014674
-0.0854718
-0.0835719
-0.0946492
-0.0944224
-0.0836514
-0.0858856
-0.1045704
-0.1166019
-0.1088464
-0.0939499
-0.0871429
-0.0887653
-0.0929454
-0.0966572
-0.0973533
-0.0942613
-0.0927068
-0.0971529
-0.1021984
-0.1001568
-0.0936543
-0.0907178
-0.0920067
-0.0933320
-0.0959603
-0.1030540
-0.1094895
-0.1066176
-0.0957539
-0.0875930
-0.0887517
-0.0957718
-0.1014346
-0.1017065
-0.0978890
-0.0955764
-0.0991568
-0.1052316
-0.1056960
-0.0992682
-0.0942277
-0.0970537
-0.1046158
-0.1109837
-0.1155228
-0.1198367
-0.1223623
-0.1211572
-0.1182633
-0.1170022
-0.1174778
-0.1175314
-0.1158969
-0.1127770
-0.1093003
-0.1065973
-0.1031409
-0.0943930
-0.0788206
-0.0625404
-0.0528471
-0.0480634
-0.0394567
-0.0232957
-0.0055241
0.0067191
0.0138710
0.0225394
0.0378153
0.0578645
0.0750624
0.0832926
0.0849990
0.0886436
0.0977364
0.1059782
0.1062156
0.1006326
0.0976046
0.1004714
0.1038833
0.1008355
0.0902584
0.0776854
0.0699978
0.0689850
0.0695107
0.0653833
0.0570149
0.0507907
0.0506565
0.0535198
0.0538178
0.0494654
0.0421578
0.0349288
0.0309687
0.0321546
0.0368125
0.0404026
0.0394735
0.0340444
0.0265261
0.0200985
0.0174741
0.0187162
0.0203936
0.0190958
0.0155885
0.0135409
0.0147058
0.0174040
0.0190752
0.0181913
0.0143830
0.0089918
0.0051648
0.0054273
0.0091170
0.0130850
0.0142057
0.0108155
0.0036980
-0.0030851
-0.0045077
0.0001816
0.0058324
0.0067621
0.0028007
-0.0012389
-0.0010951
0.0027844
0.0054438
0.0013741
-0.0099146
-0.0214760
-0.0239471
-0.0144507
0.0000614
0.0086205
0.0049044
-0.0085977
-0.0226339
-0.0277453
-0.0217238
-0.0116545
-0.0070302
-0.0102999
-0.0153837
-0.0153926
-0.0102047
-0.0061697
-0.0093949
-0.0192523
-0.0278647
-0.0269304
-0.0162434
-0.0045916
-0.0010567
-0.0064795
-0.0146177
-0.0199027
-0.0216961
-0.0219291
-0.0215342
-0.0200909
-0.0175770
-0.0152226
-0.0142017
-0.0136203
-0.0110890
-0.0066219
-0.0046690
-0.0093716
-0.0178857
-0.0218485
-0.0169037
-0.0080750
-0.0036891
-0.0060203
-0.0104079
-0.0124163
-0.0128727
-0.0150712
-0.0189046
-0.0200444
-0.0156321
-0.0091553
-0.0071575
-0.0110816
-0.0154486
-0.0156393
-0.0142548
-0.0163663
-0.0206732
-0.0203522
-0.0130149
-0.0052822
-0.0049524
-0.0111866
-0.0157352
-0.0135500
-0.0091949
-0.0107194
-0.0182632
-0.0220902
-0.0139841
0.0014913
0.0108459
0.0068162
-0.0039687
-0.0097342
-0.0063705
0.0014637
0.0095349
0.0196248
0.0349067
0.0526357
0.0643974
0.0644904
0.0571780
0.0539942
0.0630000
0.0815592
0.1005502
0.1142147
0.1237098
0.1318265
0.1375169
0.1370742
0.1291362
0.1170685
0.1066737
0.1017158
0.1008236
0.0982843
0.0883241
0.0691672
0.0435530
0.0163272
-0.0082557
-0.0282400
-0.0441374
-0.0568902
-0.0653913
-0.0674226
-0.0637186
-0.0590928
-0.0576856
-0.0585345
-0.0582230
-0.0569650
-0.0586829
-0.0640527
-0.0664620
-0.0583361
-0.0415221
-0.0282156
-0.0293330
-0.0440213
-0.0638298
-0.0831810
-0.0929027
-0.0550963
0.1036891
0.4452222
0.9417857
1.4459938
1.7607611
1.7674240
1.5047025
1.1298027
0.7998261
0.5786419
0.4376280
0.3238117
0.2163522
0.1266731
0.0659633
0.0273192
-0.0038619
-0.0340187
-0.0602733
-0.0793854
-0.0925187
-0.1025011
-0.1103892
-0.1157295
-0.1184544
-0.1194819
-0.1202494
-0.1225499
-0.1280741
-0.1362937
-0.1424932
-0.1403448
-0.1289757
-0.1166649
-0.1144403
-0.1249451
-0.1394018
-0.1465563
-0.1432774
-0.1356682
-0.1315353
-0.1333189
-0.1373551
-0.1382594
-0.1340456
-0.1280625
-0.1261239
-0.1310269
-0.1394649
-0.1445832
-0.1421600
-0.1346614
-0.1288675
-0.1288610
-0.1318059
-0.1319402
-0.1283542
-0.1261898
-0.1289084
-0.1321061
-0.1283231
-0.1171975
-0.1072274
-0.1062525
-0.1126331
-0.1179572
-0.1173247
-0.1143386
-0.1152184
-0.1200548
-0.1225216
-0.1184237
-0.1118087
-0.1102807
-0.1155212
-0.1215868
-0.1229639
-0.1213363
-0.1225159
-0.1284346
-0.1345368
-0.1348187
-0.1278347
-0.1176021
-0.1097290
-0.1070169
-0.1079355
-0.1082845
-0.1040569
-0.0935413
-0.0780105
-0.0607348
-0.0442526
-0.0279048
-0.0091006
0.0119812
0.0302189
0.0402338
0.0433251
0.0478519
0.0615795
0.0840729
0.1070134
0.1215464
0.1250763
0.1215249
0.1161006
0.1108518
0.1054311
0.1005735
0.0984653
0.0992508
0.0992674
0.0945649
0.0855592
0.0766495
0.0711622
0.0678217
0.0628175
0.0549234
0.0477294
0.0460645
0.0501444
0.0542910
0.0525079
0.0448762
0.0371437
0.0340792
0.0347294
0.0347593
0.0321032
0.0289690
0.0284916
0.0304237
0.0307887
0.0259892
0.0170580
0.0092319
0.0069762
0.0098585
0.0136223
0.0146241
0.0126114
0.0098943
0.0088666
0.0100286
0.0113800
0.0098108
0.0041713
-0.0025879
-0.0050454
-0.0001075
0.0091698
0.0147091
0.0096627
-0.0048577
-0.0191935
-0.0228581
-0.0141051
-0.0015929
0.0039152
-0.0007879
-0.0098719
-0.0153656
-0.0145602
-0.0112172
-0.0108219
-0.0151536
-0.0209864
-0.0233563
-0.0198680
-0.0125251
-0.0065083
-0.0071020
-0.0158922
-0.0283181
-0.0358760
-0.0330415
-0.0226951
-0.0135160
-0.0114312
-0.0145154
-0.0167599
-0.0156356
-0.0144272
-0.0171286
-0.0225455
-0.0249490
-0.0206489
-0.0125410
-0.0070044
-0.0070519
-0.0101996
-0.0128845
-0.0146934
-0.0170940
-0.0198422
-0.0208710
-0.0193020
-0.0166062
-0.0144524
-0.0129826
-0.0121173
-0.0133392
-0.0182547
-0.0250281
-0.0280149
-0.0230274
-0.0129755
-0.0062033
-0.0079553
-0.0149114
-0.0199481
-0.0211021
-0.0227905
-0.0277888
-0.0313700
-0.0263682
-0.0131194
-0.0011675
0.0003626
-0.0074154
-0.0149586
-0.0156776
-0.0130674
-0.0147935
-0.0213421
-0.0241841
-0.0164686
-0.0027956
0.0047819
0.0001389
-0.0101701
-0.0144380
-0.0083317
0.0016984
0.0067470
0.0049782
0.0016937
0.0011999
0.0013357
-0.0025174
-0.0096365
-0.0130234
-0.0068442
0.0072675
0.0227444
0.0354632
0.0463100
0.0565147
0.0632010
0.0622949
0.0560201
0.0549448
0.0694811
0.0984217
0.1276264
0.1420157
0.1389098
0.1287833
0.1235802
0.1258206
0.1288858
0.1256555
0.1153546
0.1029480
0.0936296
0.0881212
0.0821117
0.0694931
0.0469493
0.0169678
-0.0130301
-0.0355010
-0.0479871
-0.0537300
-0.0570330
-0.0590946
-0.0594032
-0.0594528
-0.0616449
-0.0642800
-0.0618294
-0.0531297
-0.0461245
-0.0489963
-0.0568714
-0.0540639
-0.0340739
-0.0131256
-0.0158843
-0.0467954
-0.0830992
-0.1001362
-0.0933902
-0.0596686
0.0431094
0.2918252
0.7222224
1.2471873
1.6701607
1.8102471
1.6345594
1.2741257
0.9113231
0.6495847
0.4794269
0.3451551
0.2213439
0.1237336
0.0681118
0.0420513
0.0200671
-0.0077943
-0.0330098
-0.0487091
-0.0612289
-0.0795213
-0.1012669
-0.1159336
-0.1188859
-0.1162993
-0.1156375
-0.1167412
-0.1159015
-0.1153159
-0.1221955
-0.1372146
-0.1491705
-0.1462909
-0.1315911
-0.1216430
-0.1280630
-0.1438368
-0.1517733
-0.1451757
-0.1356636
-0.1388293
-0.1551762
-0.1690214
-0.1663100
-0.1501923
-0.1367135
-0.1368665
-0.1463334
-0.1531888
-0.1519820
-0.1473196
-0.1455251
-0.1471201
-0.1486742
-0.1489093
-0.1499214
-0.1529720
-0.1558099
-0.1553763
-0.1518736
-0.1485755
-0.1478818
-0.1491248
-0.1506915
-0.1525963
-0.1553261
-0.1572208
-0.1557581
-0.1521299
-0.1520388
-0.1595762
-0.1711832
-0.1783885
-0.1773410
-0.1736299
-0.1756397
-0.1837781
-0.1889957
-0.1835742
-0.1717199
-0.1661588
-0.1731839
-0.1837007
-0.1821004
-0.1635838
-0.1398200
-0.1264505
-0.1272110
-0.1322690
-0.1305308
-0.1201204
-0.1060400
-0.0910178
-0.0727655
-0.0504135
-0.0296453
-0.0178095
-0.0145985
-0.0110795
0.0004575
0.0176614
0.0310909
0.0349702
0.0328130
0.0325289
0.0381344
0.0471060
0.0541353
0.0557199
0.0517267
0.0446024
0.0379434
0.0345465
0.0342126
0.0335118
0.0290466
0.0213927
0.0147278
0.0119320
0.0112962
0.0093672
0.0059759
0.0042370
0.0056193
0.0075317
0.0070890
0.0053439
0.0054289
0.0071816
0.0063978
0.0004577
-0.0073276
-0.0111232
-0.0095816
-0.0069308
-0.0065993
-0.0065959
-0.0037633
-0.0008702
-0.0050405
-0.0177211
-0.0297856
-0.0303324
-0.0193552
-0.0079746
-0.0054797
-0.0096546
-0.0124013
-0.0123065
-0.0166856
-0.0299584
-0.0441442
-0.0455987
-0.0311787
-0.0136745
-0.0086711
-0.0180903
-0.0299566
-0.0336759
-0.0313853
-0.0323198
-0.0391963
-0.0445774
-0.0409857
-0.0309658
-0.0243692
-0.0268625
-0.0342019
-0.0387405
-0.0390725
-0.0404078
-0.0458459
-0.0506272
-0.0473029
-0.0353366
-0.0229260
-0.0187953
-0.0238520
-0.0317987
-0.0365420
-0.0372796
-0.0367307
-0.0366188
-0.0364356
-0.0357599
-0.0354930
-0.0358022
-0.0344503
-0.0295098
-0.0237892
-0.0240199
-0.0334708
-0.0460552
-0.0503049
-0.0407183
-0.0244927
-0.0154139
-0.0203622
-0.0325155
-0.0388766
-0.0343778
-0.0271454
-0.0288858
-0.0411275
-0.0529829
-0.0529075
-0.0408993
-0.0275996
-0.0223178
-0.0243035
-0.0265567
-0.0260597
-0.0272070
-0.0345075
-0.0445696
-0.0484455
-0.0419524
-0.0307813
-0.0235763
-0.0219270
-0.0204064
-0.0162951
-0.0152304
-0.0240204
-0.0393112
-0.0477716
-0.0398754
-0.0215903
-0.0090999
-0.0114855
-0.0212593
-0.0236716
-0.0132204
0.0022168
0.0128547
0.0181114
0.0239856
0.0327395
0.0402850
0.0442211
0.0496933
0.0632960
0.0826289
0.0965492
0.0977584
0.0924073
0.0937310
0.1064211
0.1205618
0.1226007
0.1101705
0.0935939
0.0836995
0.0810847
0.0778879
0.0673162
0.0491626
0.0272721
0.0047267
-0.0172797
-0.0374855
-0.0537050
-0.0645331
-0.0711192
-0.0763789
-0.0820438
-0.0863817
-0.0851542
-0.0759251
-0.0624370
-0.0538480
-0.0568957
-0.0674158
-0.0720601
-0.0620062
-0.0445209
-0.0365908
-0.0454768
-0.0603870
-0.0680131
-0.0707965
-0.0755193
-0.0557586
0.0628982
0.3541480
0.8064001
1.2863103
1.6049589
1.6435737
1.4309265
1.1062050
0.8083536
0.5936993
0.4408064
0.3112266
0.1944665
0.1037084
0.0474726
0.0166621
-0.0045960
-0.0247676
-0.0439125
-0.0611475
-0.0778440
-0.0943830
-0.1080692
-0.1160248
-0.1184313
-0.1176864
-0.1157761
-0.1139786
-0.1139996
-0.1170498
-0.1215858
-0.1240459
-0.1231782
-0.1225484
-0.1269152
-0.1359787
-0.1432907
-0.1425818
-0.1347106
-0.1271302
-0.1263009
-0.1316958
-0.1378671
-0.1412420
-0.1431835
-0.1463953
-0.1502337
-0.1511269
-0.1472089
-0.1410984
-0.1375214
-0.1388328
-0.1434918
-0.1484575
-0.1519065
-0.1532206
-0.1516073
-0.1466350
-0.1404362
-0.1374702
-0.1401074
-0.1447756
-0.1447132
-0.1378896
-0.1310350
-0.1335869
-0.1469344
-0.1611625
-0.1643228
-0.1550527
-0.1444667
-0.1445075
-0.1553679
-0.1660514
-0.1671882
-0.1612228
-0.1586620
-0.1655748
-0.1770207
-0.1830609
-0.1793331
-0.1702865
-0.1630054
-0.1600442
-0.1589174
-0.1566956
-0.1528263
-0.1475582
-0.1399867
-0.1293443
-0.1171654
-0.1060091
-0.0958253
-0.0835462
-0.0675536
-0.0512506
-0.0399876
-0.0341644
-0.0273296
-0.0128385
0.0081019
0.0268275
0.0362854
0.0384195
0.0411844
0.0488790
0.0574087
0.0597047
0.0541271
0.0458663
0.0407978
0.0400341
0.0408814
0.0410165
0.0397378
0.0359205
0.0276267
0.0154823
0.0051271
0.0034717
0.0112304
0.0204890
0.0216133
0.0127744
0.0014477
-0.0038537
-0.0021078
0.0007515
-0.0003358
-0.0042995
-0.0067843
-0.0062283
-0.0051036
-0.0055373
-0.0061886
-0.0050872
-0.0042009
-0.0082400
-0.0178934
-0.0263808
-0.0253981
-0.0146003
-0.0031419
-0.0006585
-0.0077848
-0.0168592
-0.0211900
-0.0215346
-0.0228762
-0.0268516
-0.0297821
-0.0281470
-0.0236385
-0.0211080
-0.0225885
-0.0256390
-0.0278823
-0.0308641
-0.0373759
-0.0457792
-0.0496709
-0.0446515
-0.0343793
-0.0280178
-0.0311375
-0.0401253
-0.0464272
-0.0457192
-0.0416087
-0.0401998
-0.0426293
-0.0444718
-0.0419168
-0.0364414
-0.0324466
-0.0317651
-0.0325436
-0.0334336
-0.0364778
-0.0438355
-0.0523922
-0.0544181
-0.0454801
-0.0308840
-0.0220496
-0.0255512
-0.0366934
-0.0447877
-0.0439861
-0.0377006
-0.0329219
-0.0323718
-0.0333983
-0.0330951
-0.0319927
-0.0321060
-0.0332572
-0.0333673
-0.0320973
-0.0320826
-0.0353526
-0.0397077
-0.0405343
-0.0362876
-0.0305389
-0.0277677
-0.0283837
-0.0293974
-0.0293745
-0.0305254
-0.0349152
-0.0401292
-0.0408172
-0.0347977
-0.0261544
-0.0213665
-0.0231575
-0.0290584
-0.0351086
-0.0390890
-0.0400954
-0.0374300
-0.0319478
-0.0273366
-0.0272367
-0.0304250
-0.0311294
-0.0259487
-0.0191576
-0.0185366
-0.0257369
-0.0332848
-0.0327838
-0.0245244
-0.0165266
-0.0145793
-0.0164001
-0.0170167
-0.0169396
-0.0210262
-0.0293891
-0.0335777
-0.0246895
-0.0037590
0.0187847
0.0337009
0.0402840
0.0429184
0.0441098
0.0442731
0.0465977
0.0567856
0.0753630
0.0931648
0.0987172
0.0904121
0.0783082
0.0726216
0.0730808
0.0721381
0.0667698
0.0627838
0.0664316
0.0752395
0.0801014
0.0748339
0.0602461
0.0391868
0.0121614
-0.0191993
-0.0471615
-0.0616864
-0.0607360
-0.0536703
-0.0517983
-0.0570939
-0.0628980
-0.0644986
-0.0647028
-0.0676102
-0.0709085
-0.0685701
-0.0599485
-0.0515278
-0.0484187
-0.0481128
-0.0458727
-0.0436914
-0.0489839
-0.0641175
-0.0809778
-0.0851685
-0.0568691
0.0389157
0.2530091
0.6175906
1.0897156
1.5315068
1.7723199
1.7208736
1.4324857
1.0657762
0.7647068
0.5712931
0.4381735
0.3092404
0.1788084
0.0793259
0.0301236
0.0124403
-0.0069582
-0.0398311
-0.0714010
-0.0860911
-0.0883219
-0.0945486
-0.1109452
-0.1266138
-0.1293160
-0.1216931
-0.1170995
-0.1216924
-0.1270119
-0.1228954
-0.1133861
-0.1136709
-0.1304592
-0.1505884
-0.1538096
-0.1358050
-0.1139440
-0.1085728
-0.1218373
-0.1381529
-0.1436016
-0.1397481
-0.1368826
-0.1384756
-0.1379362
-0.1303201
-0.1214083
-0.1211870
-0.1306668
-0.1400607
-0.1408414
-0.1356329
-0.1331642
-0.1356721
-0.1359329
-0.1278436
-0.1162148
-0.1123509
-0.1205551
-0.1325552
-0.1368649
-0.1314623
-0.1245456
-0.1234182
-0.1259400
-0.1248015
-0.1183826
-0.1140881
-0.1198629
-0.1341556
-0.1462710
-0.1467749
-0.1365628
-0.1255352
-0.1233287
-0.1317003
-0.1445643
-0.1535776
-0.1536703
-0.1453731
-0.1339317
-0.1259295
-0.1246224
-0.1271008
-0.1266941
-0.1195891
-0.1090817
-0.1018665
-0.0994325
-0.0945573
-0.0784700
-0.0517931
-0.0263540
-0.0140337
-0.0138933
-0.0121975
0.0035792
0.0314346
0.0567062
0.0672279
0.0655320
0.0653759
0.0768827
0.0962341
0.1102037
0.1100244
0.1000665
0.0929319
0.0964263
0.1055061
