0.0142870
0.0233878
0.0296588
0.0261348
0.0174732
0.0145262
0.0218216
0.0331203
0.0390576
0.0365920
0.0298741
0.0239605
0.0203210
0.0182693
0.0179807
0.0202129
0.0241451
0.0276746
0.0301042
0.0328106
0.0362871
0.0379316
0.0347464
0.0280897
0.0236525
0.0255158
0.0314360
0.0356335
0.0355755
0.0337232
0.0321487
0.0282379
0.0186270
0.0065548
0.0014228
0.0087266
0.0222261
0.0292647
0.0240854
0.0132581
0.0067198
0.0059845
0.0042585
-0.0027587
-0.0104730
-0.0118393
-0.0072976
-0.0042831
-0.0070685
-0.0111630
-0.0101421
-0.0054813
-0.0055999
-0.0148786
-0.0270416
-0.0316752
-0.0257118
-0.0160117
-0.0112596
-0.0141127
-0.0217099
-0.0305181
-0.0377910
-0.0400216
-0.0344409
-0.0236574
-0.0158980
-0.0174873
-0.0256986
-0.0317879
-0.0314526
-0.0295709
-0.0329073
-0.0403523
-0.0438761
-0.0392432
-0.0322386
-0.0317163
-0.0381934
-0.0429301
-0.0390349
-0.0305979
-0.0283132
-0.0369928
-0.0499567
-0.0562139
-0.0512500
-0.0397084
-0.0292854
-0.0244487
-0.0258247
-0.0325978
-0.0429837
-0.0530763
-0.0579942
-0.0557673
-0.0493939
-0.0439078
-0.0416398
-0.0412357
-0.0409082
-0.0409026
-0.0418869
-0.0422814
-0.0392814
-0.0328647
-0.0271444
-0.0263250
-0.0297894
-0.0325916
-0.0309538
-0.0258287
-0.0201554
-0.0140492
-0.0050364
0.0069322
0.0175640
0.0236322
0.0289607
0.0414677
0.0628926
0.0839348
0.0925777
0.0869106
0.0769244
0.0726954
0.0734779
0.0712288
0.0635123
0.0584314
0.0645992
0.0788719
0.0876305
0.0799059
0.0561804
0.0240616
-0.0103130
-0.0431935
-0.0687052
-0.0801741
-0.0784176
-0.0744570
-0.0791712
-0.0910554
-0.0984026
-0.0941218
-0.0840800
-0.0784397
-0.0789727
-0.0802361
-0.0810603
-0.0866660
-0.0965488
-0.0981788
-0.0816516
-0.0579817
-0.0515834
-0.0704999
-0.0939037
-0.0989013
-0.0922113
-0.0947551
-0.0855918
0.0214319
0.3145796
0.7809655
1.2735888
1.5996772
1.6556692
1.4842365
1.2114803
0.9413931
0.7087180
0.5088393
0.3425346
0.2212587
0.1440787
0.0899083
0.0376092
-0.0143550
-0.0533175
-0.0724283
-0.0791457
-0.0856091
-0.0969137
-0.1103110
-0.1210867
-0.1259612
-0.1239744
-0.1186331
-0.1180780
-0.1280630
-0.1433633
-0.1503028
-0.1412045
-0.1242332
-0.1151065
-0.1197532
-0.1294164
-0.1338231
-0.1342721
-0.1390784
-0.1484248
-0.1508574
-0.1380710
-0.1187661
-0.1116460
-0.1242539
-0.1435240
-0.1500527
-0.1389923
-0.1233199
-0.1177447
-0.1237725
-0.1317513
-0.1335788
-0.1294621
-0.1236098
-0.1183309
-0.1146642
-0.1155062
-0.1233310
-0.1342949
-0.1385844
-0.1299638
-0.1139822
-0.1035297
-0.1054623
-0.1138657
-0.1180570
-0.1154196
-0.1134459
-0.1190982
-0.1293159
-0.1346142
-0.1310550
-0.1254573
-0.1273547
-0.1377985
-0.1487535
-0.1532178
-0.1529532
-0.1546323
-0.1604906
-0.1659327
-0.1663596
-0.1632743
-0.1616601
-0.1630413
-0.1641640
-0.1627983
-0.1618325
-0.1650046
-0.1696052
-0.1669470
-0.1519524
-0.1304711
-0.1141807
-0.1080070
-0.1050175
-0.0951803
-0.0774250
-0.0604378
-0.0515850
-0.0477440
-0.0390907
-0.0210209
0.0000938
0.0137980
0.0165707
0.0143243
0.0146828
0.0192151
0.0242517
0.0272053
0.0292366
0.0317191
0.0330002
0.0308511
0.0270325
0.0266271
0.0317242
0.0374287
0.0364637
0.0280708
0.0204417
0.0225140
0.0337841
0.0442397
0.0452084
0.0387741
0.0346922
0.0384905
0.0449250
0.0444707
0.0349862
0.0246906
0.0229946
0.0300137
0.0369288
0.0363129
0.0298242
0.0244699
0.0231192
0.0217620
0.0165970
0.0108717
0.0117392
0.0206734
0.0297956
0.0294808
0.0186850
0.0058588
-0.0005817
-0.0009259
-0.0019790
-0.0073420
-0.0125504
-0.0110396
-0.0031067
0.0036306
0.0028208
-0.0037730
-0.0093594
-0.0106861
-0.0111507
-0.0149239
-0.0201447
-0.0204942
-0.0136974
-0.0059931
-0.0057808
-0.0133465
-0.0197237
-0.0173353
-0.0099977
-0.0093650
-0.0208850
-0.0357519
-0.0393256
-0.0273688
-0.0115977
-0.0075303
-0.0178808
-0.0303465
-0.0323077
-0.0251919
-0.0216561
-0.0293747
-0.0412651
-0.0438417
-0.0332421
-0.0195852
-0.0150135
-0.0203880
-0.0263960
-0.0266454
-0.0257554
-0.0321905
-0.0451705
-0.0530107
-0.0462120
-0.0296804
-0.0185997
-0.0221213
-0.0339053
-0.0403345
-0.0362690
-0.0299233
-0.0319568
-0.0423502
-0.0504599
-0.0475164
-0.0362894
-0.0268172
-0.0244677
-0.0255193
-0.0249054
-0.0245843
-0.0303776
-0.0409862
-0.0444674
-0.0292067
0.0019553
0.0314689
0.0428939
0.0364056
0.0271421
0.0285447
0.0395839
0.0495232
0.0528927
0.0559606
0.0675321
0.0863222
0.1006364
0.1006526
0.0889023
0.0774005
0.0753342
0.0809845
0.0856317
0.0835446
0.0763450
0.0678127
0.0567690
0.0374925
0.0075897
-0.0261142
-0.0515419
-0.0622861
-0.0640806
-0.0687234
-0.0805831
-0.0906726
-0.0869038
-0.0703486
-0.0575205
-0.0631132
-0.0822302
-0.0947717
-0.0888613
-0.0751274
-0.0728240
-0.0840741
-0.0897010
-0.0741728
-0.0484868
-0.0396999
-0.0585943
-0.0876170
-0.1048133
-0.1070549
-0.0915694
-0.0146830
0.2053048
0.6132579
1.1356069
1.5899385
1.8010103
1.7239782
1.4604271
1.1592007
0.9055153
0.6980967
0.5091236
0.3405888
0.2177667
0.1469481
0.1010749
0.0499091
-0.0079113
-0.0508327
-0.0665069
-0.0681157
-0.0777287
-0.1010341
-0.1241207
-0.1324765
-0.1268825
-0.1192117
-0.1174873
-0.1197218
-0.1211770
-0.1225050
-0.1279818
-0.1378155
-0.1456619
-0.1447872
-0.1355849
-0.1259915
-0.1242290
-0.1310520
-0.1391262
-0.1402807
-0.1334993
-0.1255761
-0.1239018
-0.1290693
-0.1348646
-0.1351228
-0.1299180
-0.1247983
-0.1243988
-0.1276742
-0.1299527
-0.1290404
-0.1277280
-0.1295430
-0.1333178
-0.1338968
-0.1284759
-0.1206731
-0.1169670
-0.1193546
-0.1227901
-0.1207652
-0.1131449
-0.1072493
-0.1101642
-0.1203624
-0.1283210
-0.1260518
-0.1152558
-0.1054327
-0.1046459
-0.1129990
-0.1244901
-0.1335207
-0.1388144
-0.1420565
-0.1445972
-0.1465464
-0.1484558
-0.1521383
-0.1587117
-0.1664966
-0.1722837
-0.1749751
-0.1769513
-0.1810970
-0.1868563
-0.1899434
-0.1862774
-0.1762608
-0.1649887
-0.1576409
-0.1543038
-0.1499618
-0.1403947
-0.1274948
-0.1171188
-0.1111842
-0.1035457
-0.0858514
-0.0578499
-0.0300987
-0.0143132
-0.0108226
-0.0076229
0.0063498
0.0280731
0.0432808
0.0429809
0.0343186
0.0324421
0.0428734
0.0554779
0.0570254
0.0470263
0.0380148
0.0402759
0.0493897
0.0514358
0.0397319
0.0233183
0.0172360
0.0261334
0.0400034
0.0457833
0.0404473
0.0314888
0.0266349
0.0258504
0.0237254
0.0176747
0.0117761
0.0121120
0.0193704
0.0274039
0.0294541
0.0248591
0.0187146
0.0154454
0.0141411
0.0108196
0.0044216
-0.0008412
0.0000866
0.0066480
0.0120059
0.0100514
0.0025375
-0.0027255
-0.0014448
0.0013531
-0.0027360
-0.0143437
-0.0237791
-0.0211468
-0.0079965
0.0030239
0.0007576
-0.0131780
-0.0266567
-0.0299860
-0.0248680
-0.0201148
-0.0208076
-0.0242743
-0.0259769
-0.0257377
-0.0262991
-0.0280468
-0.0285280
-0.0273787
-0.0287324
-0.0362166
-0.0462200
-0.0491443
-0.0395132
-0.0239063
-0.0160562
-0.0228799
-0.0370351
-0.0450198
-0.0416209
-0.0341558
-0.0325868
-0.0380538
-0.0428254
-0.0402579
-0.0323072
-0.0263933
-0.0264299
-0.0291807
-0.0298872
-0.0293027
-0.0325613
-0.0411718
-0.0489067
-0.0477457
-0.0371561
-0.0255518
-0.0220310
-0.0275415
-0.0347936
-0.0364929
-0.0328119
-0.0301861
-0.0331532
-0.0388340
-0.0405391
-0.0359236
-0.0295985
-0.0272941
-0.0292741
-0.0310953
-0.0301266
-0.0291548
-0.0323315
-0.0384427
-0.0404322
-0.0331602
-0.0207763
-0.0138442
-0.0179973
-0.0272457
-0.0307257
-0.0254616
-0.0198841
-0.0237833
-0.0364574
-0.0465555
-0.0434450
-0.0274483
-0.0083998
0.0048439
0.0119599
0.0182856
0.0265965
0.0340859
0.0372730
0.0373748
0.0392905
0.0464121
0.0580074
0.0712488
0.0840949
0.0954513
0.1033167
0.1042327
0.0959094
0.0809723
0.0673048
0.0630500
0.0702322
0.0830919
0.0923695
0.0909266
0.0762726
0.0500608
0.0168938
-0.0167897
-0.0446025
-0.0629033
-0.0723854
-0.0764448
-0.0772898
-0.0744256
-0.0683886
-0.0649160
-0.0714317
-0.0870941
-0.0994189
-0.0957999
-0.0787135
-0.0648077
-0.0659825
-0.0746853
-0.0732829
-0.0577923
-0.0458768
-0.0567038
-0.0869535
-0.1146198
-0.1250558
-0.1184832
-0.0790111
0.0547215
0.3584567
0.8361690
1.3645975
1.7459777
1.8412528
1.6658149
1.3598715
1.0679242
0.8447984
0.6637378
0.4902087
0.3294394
0.2073379
0.1284236
0.0699239
0.0129625
-0.0362250
-0.0618822
-0.0659614
-0.0693026
-0.0869271
-0.1112815
-0.1244957
-0.1223600
-0.1190491
-0.1277519
-0.1432156
-0.1488263
-0.1386566
-0.1257569
-0.1261618
-0.1393018
-0.1493767
-0.1451670
-0.1334202
-0.1302018
-0.1415208
-0.1561171
-0.1580304
-0.1439887
-0.1262661
-0.1190677
-0.1248395
-0.1350150
-0.1413553
-0.1429545
-0.1427589
-0.1416585
-0.1385829
-0.1342109
-0.1312119
-0.1305997
-0.1301068
-0.1274502
-0.1241922
-0.1245903
-0.1300448
-0.1359267
-0.1356609
-0.1281017
-0.1192703
-0.1159460
-0.1188536
-0.1233714
-0.1256247
-0.1257673
-0.1256446
-0.1256569
-0.1250750
-0.1242203
-0.1247586
-0.1275812
-0.1312264
-0.1334519
-0.1346679
-0.1386176
-0.1479931
-0.1595771
-0.1659393
-0.1633095
-0.1566601
-0.1554430
-0.1643739
-0.1790832
-0.1904255
-0.1923011
-0.1856496
-0.1760747
-0.1685239
-0.1642733
-0.1619016
-0.1593233
-0.1542699
-0.1447193
-0.1311424
-0.1177622
-0.1089607
-0.1035017
-0.0940808
-0.0743114
-0.0460147
-0.0187568
-0.0018157
0.0036626
0.0049702
0.0105174
0.0222098
0.0351082
0.0439287
0.0484095
0.0519362
0.0566077
0.0611358
0.0627296
0.0595184
0.0515883
0.0413054
0.0328761
0.0301922
0.0338547
0.0400996
0.0432530
0.0403836
0.0343213
0.0313907
0.0348348
0.0407079
0.0418193
0.0359340
0.0284594
0.0263341
0.0306200
0.0360939
0.0370720
0.0323250
0.0246821
0.0173032
0.0113187
0.0069131
0.0052122
0.0071782
0.0105993
0.0107700
0.0061888
0.0019000
0.0039480
0.0104690
0.0116401
0.0007684
-0.0159177
-0.0234476
-0.0134986
0.0052755
0.0143610
0.0039315
-0.0168724
-0.0298505
-0.0269522
-0.0168527
-0.0125632
-0.0167080
-0.0218491
-0.0223446
-0.0206974
-0.0214890
-0.0233815
-0.0210398
-0.0143351
-0.0115687
-0.0203248
-0.0360522
-0.0439615
-0.0349107
-0.0171940
-0.0086846
-0.0172457
-0.0323705
-0.0376353
-0.0288416
-0.0173843
-0.0166257
-0.0274138
-0.0379706
-0.0371160
-0.0260774
-0.0163994
-0.0170948
-0.0259918
-0.0343208
-0.0373548
-0.0379851
-0.0407025
-0.0450818
-0.0464856
-0.0420122
-0.0343039
-0.0288968
-0.0279428
-0.0277007
-0.0237085
-0.0178643
-0.0175745
-0.0264428
-0.0378853
-0.0406553
-0.0306621
-0.0157516
-0.0084008
-0.0142427
-0.0276819
-0.0380805
-0.0396880
-0.0352861
-0.0309079
-0.0292196
-0.0293833
-0.0310638
-0.0347282
-0.0378266
-0.0345895
-0.0225250
-0.0080566
-0.0030153
-0.0139397
-0.0344089
-0.0484694
-0.0433803
-0.0206631
0.0054703
0.0213707
0.0253729
0.0259272
0.0302363
0.0369734
0.0401075
0.0380421
0.0376859
0.0488334
0.0736296
0.1016870
0.1174948
0.1140606
0.0985718
0.0841081
0.0773484
0.0756600
0.0744823
0.0744380
0.0798034
0.0905673
0.0974944
0.0873370
0.0550472
0.0106510
-0.0279391
-0.0496751
-0.0573472
-0.0608736
-0.0663546
-0.0724871
-0.0753340
-0.0742102
-0.0726333
-0.0741085
-0.0775217
-0.0777897
-0.0718842
-0.0632052
-0.0585189
-0.0610098
-0.0674518
-0.0713939
-0.0679617
-0.0574447
-0.0476051
-0.0520135
-0.0798407
-0.1187982
-0.1232283
-0.0233721
0.2374627
0.6535640
1.1323498
1.5260657
1.7095136
1.6498775
1.4155668
1.1207480
0.8533880
0.6406721
0.4669483
0.3148471
0.1879687
0.1000712
0.0519822
0.0258656
0.0012817
-0.0281940
-0.0555353
-0.0732331
-0.0824602
-0.0906779
-0.1028641
-0.1160600
-0.1227268
-0.1196119
-0.1123295
-0.1099276
-0.1156372
-0.1245987
-0.1302183
-0.1308865
-0.1302849
-0.1323629
-0.1362761
-0.1361656
-0.1272200
-0.1127278
-0.1031332
-0.1059979
-0.1180001
-0.1288701
-0.1323403
-0.1311057
-0.1315015
-0.1355984
-0.1393538
-0.1377974
-0.1312368
-0.1253196
-0.1241919
-0.1251657
-0.1228476
-0.1177611
-0.1166718
-0.1229171
-0.1300701
-0.1284237
-0.1164169
-0.1029977
-0.0985291
-0.1043669
-0.1116068
-0.1103297
-0.1004127
-0.0922184
-0.0955052
-0.1089126
-0.1220966
-0.1267865
-0.1232817
-0.1174722
-0.1151124
-0.1190434
-0.1285216
-0.1396515
-0.1480025
-0.1519289
-0.1531357
-0.1543625
-0.1568685
-0.1591799
-0.1579960
-0.1521413
-0.1461587
-0.1471742
-0.1563959
-0.1662128
-0.1681849
-0.1621554
-0.1550598
-0.1521078
-0.1515817
-0.1477535
-0.1371564
-0.1220489
-0.1082640
-0.0992531
-0.0925999
-0.0833618
-0.0695337
-0.0519797
-0.0307428
-0.0059542
0.0173962
0.0304476
0.0289368
0.0185837
0.0102301
0.0105463
0.0177226
0.0247516
0.0267082
0.0257658
0.0282868
0.0360023
0.0422650
0.0396303
0.0294479
0.0206631
0.0197854
0.0247707
0.0284873
0.0263278
0.0209359
0.0202974
0.0293493
0.0426054
0.0482908
0.0419139
0.0323858
0.0312579
0.0383023
0.0418698
0.0331240
0.0169916
0.0080620
0.0157961
0.0336725
0.0445025
0.0384477
0.0236837
0.0154514
0.0168283
0.0169483
0.0084149
-0.0011849
0.0008573
0.0156132
0.0302819
0.0314033
0.0177527
0.0004424
-0.0087481
-0.0085304
-0.0063916
-0.0066602
-0.0053117
0.0009222
0.0062178
0.0027793
-0.0070139
-0.0128509
-0.0102610
-0.0060179
-0.0089161
-0.0193280
-0.0290831
-0.0297483
-0.0210428
-0.0117308
-0.0106410
-0.0168203
-0.0218624
-0.0217511
-0.0207652
-0.0223641
-0.0230272
-0.0188965
-0.0129078
-0.0106241
-0.0128075
-0.0161181
-0.0183790
-0.0202927
-0.0240528
-0.0312062
-0.0393448
-0.0418813
-0.0354995
-0.0265240
-0.0240775
-0.0279268
-0.0297879
-0.0260945
-0.0220504
-0.0223957
-0.0250036
-0.0251877
-0.0215719
-0.0171450
-0.0174781
-0.0255447
-0.0350462
-0.0341086
-0.0213263
-0.0121695
-0.0211256
-0.0418228
-0.0535511
-0.0446800
-0.0224533
-0.0028190
0.0030312
-0.0043303
-0.0133587
-0.0130583
-0.0067142
-0.0073352
-0.0168589
-0.0203271
-0.0059952
0.0192357
0.0402844
0.0492764
0.0455000
0.0326553
0.0228348
0.0307881
0.0566051
0.0842764
0.1015926
0.1096375
0.1112276
0.1061124
0.0997066
0.0985753
0.0958204
0.0813848
0.0666895
0.0732550
0.0954457
0.1041937
0.0904893
0.0710625
0.0473979
0.0028333
-0.0471636
-0.0516195
0.0011791
