0.0046738
0.0125864
0.0098925
0.0036862
0.0067536
0.0249067
0.0519804
0.0774274
0.0963340
0.1105200
0.1222413
0.1306448
0.1348707
0.1372982
0.1410834
0.1456428
0.1470417
0.1425461
0.1321755
0.1152001
0.0883420
0.0506691
0.0092761
-0.0237984
-0.0421399
-0.0505558
-0.0582475
-0.0679379
-0.0747031
-0.0752310
-0.0741745
-0.0784333
-0.0870458
-0.0908446
-0.0832207
-0.0686023
-0.0581480
-0.0582275
-0.0651756
-0.0706643
-0.0695909
-0.0622321
-0.0515588
-0.0410810
-0.0345891
-0.0356295
-0.0463533
-0.0660787
-0.0860506
-0.0781134
0.0116735
0.2434250
0.6339309
1.1118158
1.5282275
1.7352324
1.6782779
1.4257094
1.1103747
0.8371297
0.6347595
0.4789946
0.3446802
0.2309736
0.1474064
0.0922052
0.0514999
0.0144995
-0.0181786
-0.0414304
-0.0554600
-0.0659323
-0.0771321
-0.0882772
-0.0960709
-0.0985604
-0.0966684
-0.0943037
-0.0972856
-0.1091080
-0.1253842
-0.1344566
-0.1276795
-0.1102284
-0.0986448
-0.1047245
-0.1227290
-0.1353616
-0.1326587
-0.1222087
-0.1190801
-0.1279157
-0.1383649
-0.1382113
-0.1275958
-0.1178953
-0.1181748
-0.1260196
-0.1323174
-0.1322731
-0.1291656
-0.1281274
-0.1293131
-0.1287062
-0.1240975
-0.1180050
-0.1145956
-0.1154468
-0.1192125
-0.1242127
-0.1296572
-0.1343798
-0.1360592
-0.1329874
-0.1263082
-0.1195355
-0.1156604
-0.1152675
-0.1174414
-0.1213700
-0.1261160
-0.1295662
-0.1294463
-0.1261428
-0.1233627
-0.1246061
-0.1292737
-0.1336516
-0.1359875
-0.1390419
-0.1462886
-0.1564013
-0.1635225
-0.1636255
-0.1591700
-0.1561574
-0.1574533
-0.1608466
-0.1634961
-0.1656659
-0.1683527
-0.1691204
-0.1637537
-0.1526120
-0.1422252
-0.1379872
-0.1367469
-0.1301336
-0.1157415
-0.1015216
-0.0960975
-0.0963255
-0.0887809
-0.0652470
-0.0339477
-0.0122147
-0.0085367
-0.0147180
-0.0162454
-0.0074088
0.0058713
0.0156754
0.0202530
0.0222623
0.0231070
0.0224113
0.0214602
0.0229177
0.0259614
0.0249213
0.0159066
0.0038207
-0.0007164
0.0072224
0.0206577
0.0279515
0.0252129
0.0190643
0.0172084
0.0192984
0.0191941
0.0144318
0.0099657
0.0116531
0.0184985
0.0236853
0.0226033
0.0174654
0.0133461
0.0117130
0.0098930
0.0061588
0.0026988
0.0024614
0.0048406
0.0065443
0.0061150
0.0051387
0.0042668
0.0004698
-0.0090557
-0.0207237
-0.0255181
-0.0183285
-0.0052003
0.0014278
-0.0044814
-0.0162586
-0.0223912
-0.0193959
-0.0144911
-0.0154882
-0.0209469
-0.0226741
-0.0167255
-0.0086720
-0.0067735
-0.0120876
-0.0178800
-0.0185309
-0.0163670
-0.0179797
-0.0250251
-0.0312302
-0.0293721
-0.0197216
-0.0100221
-0.0075661
-0.0128113
-0.0208491
-0.0271641
-0.0303267
-0.0300791
-0.0257008
-0.0179448
-0.0112384
-0.0111340
-0.0183278
-0.0266138
-0.0287721
-0.0244809
-0.0205661
-0.0225134
-0.0273003
-0.0267453
-0.0177925
-0.0072258
-0.0047904
-0.0126994
-0.0236913
-0.0293358
-0.0284386
-0.0263445
-0.0274464
-0.0305336
-0.0315584
-0.0288167
-0.0239464
-0.0191543
-0.0158404
-0.0159805
-0.0221106
-0.0336963
-0.0444544
-0.0461177
-0.0363482
-0.0219848
-0.0129696
-0.0128895
-0.0162330
-0.0149366
-0.0065157
0.0048661
0.0141559
0.0203332
0.0254801
0.0310858
0.0372153
0.0447611
0.0562182
0.0730493
0.0932607
0.1128294
0.1291666
0.1420110
0.1511283
0.1550443
0.1533667
0.1491031
0.1459957
0.1426488
0.1313893
0.1055043
0.0675547
0.0284547
-0.0023542
-0.0240793
-0.0410995
-0.0549428
-0.0632247
-0.0661380
-0.0694218
-0.0775868
-0.0863163
-0.0862915
-0.0755682
-0.0642525
-0.0637167
-0.0733883
-0.0825227
-0.0844473
-0.0833697
-0.0845544
-0.0835390
-0.0724794
-0.0556853
-0.0494699
-0.0620971
-0.0814068
-0.0915039
-0.0967413
-0.1109350
-0.1116507
-0.0180558
0.2564602
0.7085572
1.2041354
1.5515076
1.6334549
1.4787857
1.2141821
0.9552487
0.7424298
0.5618981
0.4002048
0.2657243
0.1689499
0.1031722
0.0526543
0.0110855
-0.0177908
-0.0351474
-0.0522877
-0.0769813
-0.1012365
-0.1101245
-0.1015629
-0.0906106
-0.0920503
-0.1039628
-0.1131573
-0.1138712
-0.1142601
-0.1228261
-0.1343020
-0.1349221
-0.1206404
-0.1041601
-0.1008916
-0.1112447
-0.1213391
-0.1205147
-0.1130924
-0.1104820
-0.1155381
-0.1198326
-0.1160108
-0.1076252
-0.1037439
-0.1068360
-0.1106468
-0.1100197
-0.1081797
-0.1112321
-0.1179820
-0.1200439
-0.1129556
-0.1031458
-0.1004045
-0.1052575
-0.1084247
-0.1037870
-0.0976325
-0.1010186
-0.1143727
-0.1245940
-0.1196731
-0.1034582
-0.0923035
-0.0972153
-0.1125179
-0.1237331
-0.1241451
-0.1201431
-0.1206256
-0.1254401
-0.1272983
-0.1230235
-0.1184064
-0.1207181
-0.1296050
-0.1383283
-0.1428081
-0.1460411
-0.1526988
-0.1620519
-0.1687756
-0.1698471
-0.1678305
-0.1667715
-0.1674989
-0.1690013
-0.1723446
-0.1792151
-0.1861367
-0.1843767
-0.1692599
-0.1480606
-0.1343318
-0.1331957
-0.1353422
-0.1281118
-0.1106853
-0.0946938
-0.0895621
-0.0908769
-0.0859016
-0.0687384
-0.0464173
-0.0298917
-0.0227319
-0.0207705
-0.0197572
-0.0188900
-0.0172506
-0.0118306
-0.0020676
0.0064905
0.0073487
0.0017639
-0.0015317
0.0029316
0.0096231
0.0082606
-0.0029182
-0.0136633
-0.0129090
-0.0010902
0.0110347
0.0144145
0.0094873
0.0023397
-0.0027608
-0.0046951
-0.0025093
0.0042057
0.0118419
0.0139193
0.0083137
0.0011678
0.0003212
0.0052910
0.0071714
-0.0001124
-0.0111213
-0.0145260
-0.0067209
0.0035395
0.0053057
-0.0024431
-0.0113801
-0.0149135
-0.0149195
-0.0168134
-0.0214179
-0.0245483
-0.0231898
-0.0188784
-0.0147272
-0.0119360
-0.0108487
-0.0133694
-0.0211584
-0.0312102
-0.0361319
-0.0311743
-0.0201901
-0.0124001
-0.0130148
-0.0188818
-0.0239649
-0.0268234
-0.0304447
-0.0358343
-0.0390433
-0.0358501
-0.0275974
-0.0204517
-0.0192147
-0.0232238
-0.0282634
-0.0309629
-0.0306253
-0.0281841
-0.0252804
-0.0241566
-0.0262032
-0.0293363
-0.0285309
-0.0215379
-0.0138944
-0.0152784
-0.0288702
-0.0456374
-0.0517463
-0.0422879
-0.0263667
-0.0178334
-0.0218342
-0.0314545
-0.0368922
-0.0359164
-0.0341702
-0.0364624
-0.0403411
-0.0394362
-0.0318284
-0.0231586
-0.0211204
-0.0278927
-0.0384718
-0.0457334
-0.0464015
-0.0423316
-0.0370326
-0.0320681
-0.0273075
-0.0238361
-0.0247280
-0.0316445
-0.0412819
-0.0470099
-0.0450715
-0.0385822
-0.0342799
-0.0351627
-0.0373779
-0.0353417
-0.0293645
-0.0263245
-0.0317267
-0.0423479
-0.0488053
-0.0454352
-0.0356280
-0.0265249
-0.0204599
-0.0140745
-0.0052652
0.0023723
0.0043806
0.0035229
0.0097317
0.0300634
0.0598489
0.0862738
0.1013490
0.1095047
0.1208616
0.1382741
0.1536986
0.1580366
0.1523500
0.1467680
0.1479697
0.1496641
0.1377139
0.1054396
0.0626493
0.0276920
0.0101063
0.0023404
-0.0104945
-0.0337861
-0.0580574
-0.0702766
-0.0684177
-0.0630888
-0.0653039
-0.0747394
-0.0812985
-0.0772533
-0.0658337
-0.0573853
-0.0587065
-0.0673944
-0.0753293
-0.0755821
-0.0665391
-0.0523975
-0.0409959
-0.0388178
-0.0457955
-0.0565331
-0.0690757
-0.0888627
-0.1134683
-0.1057782
0.0103038
0.3044945
0.7667946
1.2730909
1.6398103
1.7392357
1.5817986
1.2938449
1.0141844
0.8043173
0.6431965
0.4890193
0.3337251
0.2021934
0.1152721
0.0665689
0.0339465
0.0033679
-0.0240624
-0.0433418
-0.0555641
-0.0656627
-0.0758853
-0.0853160
-0.0935499
-0.1012164
-0.1074906
-0.1103031
-0.1096612
-0.1083833
-0.1083845
-0.1082601
-0.1065950
-0.1063380
-0.1125026
-0.1243812
-0.1327923
-0.1284855
-0.1133584
-0.1004450
-0.1010777
-0.1135432
-0.1261357
-0.1300878
-0.1268777
-0.1231638
-0.1220392
-0.1214616
-0.1193649
-0.1168632
-0.1156500
-0.1146626
-0.1117142
-0.1079798
-0.1082138
-0.1148089
-0.1228799
-0.1238577
-0.1147211
-0.1019745
-0.0951142
-0.0971200
-0.1029596
-0.1068960
-0.1088781
-0.1124353
-0.1176837
-0.1191413
-0.1119288
-0.0991378
-0.0907444
-0.0940317
-0.1060862
-0.1171825
-0.1210808
-0.1202252
-0.1207123
-0.1244797
-0.1283439
-0.1296781
-0.1303409
-0.1338749
-0.1403606
-0.1462401
-0.1494795
-0.1527750
-0.1595659
-0.1676187
-0.1696125
-0.1616597
-0.1492239
-0.1417884
-0.1420368
-0.1432213
-0.1382745
-0.1288934
-0.1226399
-0.1216547
-0.1178820
-0.1019982
-0.0757129
-0.0517748
-0.0405360
-0.0389276
-0.0352926
-0.0238134
-0.0103949
-0.0034303
-0.0024208
0.0008619
0.0112436
0.0240524
0.0312189
0.0307875
0.0279385
0.0275492
0.0286903
0.0276483
0.0243423
0.0229952
0.0263793
0.0319032
0.0349069
0.0342183
0.0322398
0.0302662
0.0265647
0.0200843
0.0139552
0.0130462
0.0182220
0.0246657
0.0266829
0.0235159
0.0194996
0.0185537
0.0196760
0.0188317
0.0146808
0.0107681
0.0114391
0.0167319
0.0222745
0.0235212
0.0191044
0.0107341
0.0015296
-0.0051334
-0.0065888
-0.0024069
0.0046276
0.0099306
0.0106123
0.0077580
0.0045036
0.0016484
-0.0034765
-0.0124734
-0.0212654
-0.0226594
-0.0144856
-0.0034092
0.0012407
-0.0029414
-0.0095494
-0.0113126
-0.0085115
-0.0080297
-0.0141901
-0.0224325
-0.0240107
-0.0166721
-0.0082421
-0.0079977
-0.0158450
-0.0225189
-0.0207013
-0.0136985
-0.0114113
-0.0184319
-0.0281130
-0.0295622
-0.0199314
-0.0081747
-0.0057191
-0.0143729
-0.0251327
-0.0287745
-0.0254035
-0.0223067
-0.0241354
-0.0278414
-0.0275443
-0.0222348
-0.0168299
-0.0159030
-0.0181677
-0.0186265
-0.0157764
-0.0145795
-0.0206508
-0.0322766
-0.0403959
-0.0374558
-0.0254333
-0.0142892
-0.0127021
-0.0204931
-0.0296692
-0.0325356
-0.0289456
-0.0256800
-0.0286792
-0.0363324
-0.0410090
-0.0369789
-0.0260256
-0.0150621
-0.0088619
-0.0057958
-0.0009029
0.0073244
0.0145445
0.0162942
0.0156790
0.0229023
0.0452180
0.0780470
0.1079599
0.1249420
0.1307649
0.1349245
0.1434467
0.1531158
0.1569214
0.1535557
0.1490625
0.1482788
0.1468844
0.1349065
0.1080768
0.0729331
0.0394783
0.0112696
-0.0145732
-0.0388683
-0.0561385
-0.0611702
-0.0576591
-0.0562577
-0.0626982
-0.0708507
-0.0709982
-0.0637618
-0.0607840
-0.0696096
-0.0823440
-0.0843532
-0.0725868
-0.0592480
-0.0557909
-0.0587710
-0.0563016
-0.0457117
-0.0383115
-0.0456980
-0.0673229
-0.0948837
-0.1207088
-0.1274702
-0.0666923
0.1339920
0.5138972
1.0143747
1.4789793
1.7402226
1.7267485
1.4988012
1.1873478
0.9000466
0.6745409
0.4992436
0.3574728
0.2463104
0.1656777
0.1064960
0.0563157
0.0112626
-0.0237951
-0.0455385
-0.0575897
-0.0653987
-0.0705823
-0.0730544
-0.0759149
-0.0842064
-0.0985282
-0.1125274
-0.1186371
-0.1160564
-0.1117832
-0.1130371
-0.1192480
-0.1227506
-0.1176255
-0.1066977
-0.0989083
-0.1002899
-0.1082910
-0.1147977
-0.1143696
-0.1097249
-0.1090044
-0.1167974
-0.1279301
-0.1317269
-0.1233887
-0.1099366
-0.1033559
-0.1082562
-0.1177225
-0.1215317
-0.1172233
-0.1119351
-0.1133737
-0.1203384
-0.1239327
-0.1183779
-0.1084899
-0.1043733
-0.1096245
-0.1174665
-0.1190691
-0.1134522
-0.1076389
-0.1081811
-0.1143000
-0.1194826
-0.1187079
-0.1132578
-0.1085310
-0.1081400
-0.1112116
-0.1150728
-0.1187542
-0.1230124
-0.1283239
-0.1342548
-0.1400255
-0.1444188
-0.1458611
-0.1442295
-0.1424864
-0.1449916
-0.1534225
-0.1647156
-0.1733939
-0.1761188
-0.1743141
-0.1723693
-0.1729202
-0.1740706
-0.1718750
-0.1652112
-0.1569965
-0.1504601
-0.1454526
-0.1390179
-0.1288689
-0.1158797
-0.1035316
-0.0946562
-0.0879126
-0.0779912
-0.0609781
-0.0398686
-0.0232274
-0.0172643
-0.0196884
-0.0220473
-0.0180265
-0.0092097
-0.0026530
-0.0028198
-0.0064478
-0.0063351
0.0001125
0.0080519
0.0116508
0.0111468
0.0111992
0.0133664
0.0133756
0.0070088
-0.0029419
-0.0075745
-0.0005601
0.0142932
0.0252975
0.0239998
0.0138823
0.0065855
0.0092484
0.0171343
0.0195724
0.0119504
0.0006808
-0.0032808
0.0046620
0.0178343
0.0241478
0.0176229
0.0041935
-0.0046171
-0.0034347
0.0027134
0.0054511
0.0022873
-0.0020942
-0.0024310
0.0008335
0.0022915
-0.0018019
-0.0087234
-0.0125199
-0.0118820
-0.0123260
-0.0188447
-0.0281990
-0.0314154
-0.0239897
-0.0115303
-0.0045200
-0.0083266
-0.0186475
-0.0262874
-0.0263513
-0.0227633
-0.0232499
-0.0300424
-0.0368859
-0.0358487
-0.0260027
-0.0145815
-0.0102438
-0.0155480
-0.0251601
-0.0310879
-0.0304086
-0.0277392
-0.0290893
-0.0339549
-0.0357703
-0.0304842
-0.0221780
-0.0185616
-0.0221996
-0.0279238
-0.0289151
-0.0245400
-0.0215772
-0.0270018
-0.0394346
-0.0490848
-0.0473698
-0.0358051
-0.0243005
-0.0215892
-0.0283709
-0.0383008
-0.0436259
-0.0408496
-0.0334905
-0.0294794
-0.0339075
-0.0435814
-0.0495461
-0.0454489
-0.0335148
-0.0227706
-0.0212006
-0.0284118
-0.0358601
-0.0357367
-0.0297638
-0.0271957
-0.0335035
-0.0433828
-0.0466247
-0.0394605
-0.0283536
-0.0230607
-0.0269285
-0.0339578
-0.0355449
-0.0304606
-0.0268429
-0.0323763
-0.0434509
-0.0472145
-0.0351655
-0.0125075
0.0070813
0.0146477
0.0133298
0.0138004
0.0233236
0.0394580
0.0548718
0.0675472
0.0833696
0.1072432
0.1345682
0.1548603
0.1627176
0.1621141
0.1599878
0.1580487
0.1514350
0.1342337
0.1061468
0.0739794
0.0457699
0.0234041
0.0026990
-0.0190262
-0.0382517
-0.0497901
-0.0540383
-0.0574948
-0.0663330
-0.0799921
-0.0906382
-0.0898384
-0.0777836
-0.0652003
-0.0632174
-0.0714569
-0.0792884
-0.0789059
-0.0732787
-0.0699892
-0.0710131
-0.0714301
-0.0665291
-0.0578376
-0.0526302
-0.0589221
-0.0802651
-0.1110678
-0.1290259
-0.0867999
0.0801305
0.4132943
0.8770580
1.3439452
1.6534495
1.7091533
1.5351481
1.2466200
0.9648711
0.7481519
0.5853071
0.4407431
0.3001442
0.1778362
0.0921763
0.0443335
0.0201222
0.0031818
-0.0172460
-0.0443622
-0.0730494
-0.0936257
-0.1011760
-0.1007383
-0.1015253
-0.1076808
-0.1159777
-0.1205335
-0.1185930
-0.1132457
-0.1106843
-0.1134666
-0.1179951
-0.1208699
-0.1245337
-0.1318468
-0.1379092
-0.1344585
-0.1223560
-0.1131521
-0.1163370
-0.1289625
-0.1390626
-0.1370906
-0.1246815
-0.1141276
-0.1169213
-0.1305153
-0.1400364
-0.1359671
-0.1250704
-0.1194441
-0.1204640
-0.1202559
-0.1150911
-0.1101194
-0.1121320
-0.1219761
-0.1325521
-0.1329380
-0.1192518
-0.1028367
-0.1005034
-0.1138083
-0.1258885
-0.1225944
-0.1087429
-0.0993370
-0.1026264
-0.1156390
-0.1284702
-0.1302247
-0.1195179
-0.1105655
-0.1182484
-0.1365913
-0.1454445
-0.1393576
-0.1336495
-0.1394717
-0.1507365
-0.1595767
-0.1658502
-0.1671193
-0.1601843
-0.1568924
-0.1726166
-0.1907539
-0.1686314
-0.0957890
