-0.2800709
-0.3735247
-0.2931792
-0.2482846
-0.3029981
-0.3543867
-0.3516363
-0.3478577
-0.3608711
-0.3444697
-0.2965545
-0.2687599
-0.2694102
-0.2622392
-0.2539434
-0.2845809
-0.3368274
-0.3455793
-0.2971808
-0.2423385
-0.2132396
-0.1953920
-0.1768809
-0.1648973
-0.1577147
-0.1501534
-0.1573297
-0.1895800
-0.2192360
-0.2137980
-0.1849121
-0.1664650
-0.1639494
-0.1618794
-0.1604057
-0.1687206
-0.1802460
-0.1849463
-0.1882911
-0.1934267
-0.1861152
-0.1603767
-0.1364376
-0.1317210
-0.1363432
-0.1360514
-0.1361314
-0.1448692
-0.1558467
-0.1629222
-0.1725576
-0.1888279
-0.2054171
-0.2200624
-0.2360886
-0.2452543
-0.2329469
-0.2052316
-0.1869295
-0.1879439
-0.1935011
-0.1904900
-0.1810661
-0.1674983
-0.1451552
-0.1145232
-0.0837014
-0.0584695
-0.0428446
-0.0431354
-0.0558852
-0.0608180
-0.0444403
-0.0225416
-0.0201121
-0.0360278
-0.0463228
-0.0369870
-0.0173390
-0.0058278
-0.0148280
-0.0420201
-0.0660878
-0.0608527
-0.0250806
0.0109121
0.0177735
-0.0031033
-0.0283940
-0.0385806
-0.0281709
-0.0044585
0.0154419
0.0183366
0.0121438
0.0174361
0.0376879
0.0520974
0.0435161
0.0205106
0.0062507
0.0161265
0.0486559
0.0869392
0.1076213
0.1004060
0.0807741
0.0741411
0.0885714
0.1123252
0.1337899
0.1513194
0.1667582
0.1822616
0.2020218
0.2268184
0.2495484
0.2646704
0.2766938
0.2901727
0.2980224
0.2905190
0.2705512
0.2501864
0.2369459
0.2313803
0.2321715
0.2356441
0.2353937
0.2282743
0.2150003
0.1915373
0.1494393
0.0906335
0.0335307
-0.0021632
-0.0122955
-0.0089874
-0.0113659
-0.0332351
-0.0676787
-0.0842910
-0.0575283
-0.0033628
0.0251987
-0.0117371
-0.0997808
-0.1806427
-0.1955077
-0.1155786
0.0607537
0.3281792
0.6787799
1.0730632
1.4095198
1.5529466
1.4274294
1.0896533
0.6976526
0.3977094
0.2354718
0.1604796
0.0979712
0.0152659
-0.0667099
-0.1133218
-0.1204827
-0.1163259
-0.1248886
-0.1416145
-0.1483036
-0.1396063
-0.1259956
-0.1188852
-0.1220889
-0.1334191
-0.1474494
-0.1587136
-0.1652979
-0.1667702
-0.1594482
-0.1404803
-0.1167620
-0.1016882
-0.1012418
-0.1097895
-0.1196255
-0.1267774
-0.1273813
-0.1179232
-0.1021326
-0.0907621
-0.0912515
-0.1008385
-0.1096911
-0.1079517
-0.0930155
-0.0746507
-0.0688289
-0.0804567
-0.0963773
-0.1019203
-0.0993364
-0.1013094
-0.1099820
-0.1127977
-0.1001742
-0.0806478
-0.0756185
-0.0993107
-0.1421414
-0.1749858
-0.1761015
-0.1549894
-0.1425015
-0.1553097
-0.1783819
-0.1861124
-0.1718968
-0.1503557
-0.1368113
-0.1322820
-0.1266915
-0.1121259
-0.0927791
-0.0815099
-0.0843641
-0.0909476
-0.0853336
-0.0645179
-0.0395830
-0.0202859
-0.0064457
0.0053585
0.0143495
0.0168970
0.0105178
-0.0040755
-0.0212475
-0.0320648
-0.0320199
-0.0257805
-0.0205783
-0.0174548
-0.0130467
-0.0066111
-0.0002806
0.0048683
0.0084345
0.0093088
0.0089932
0.0132035
0.0256381
0.0423362
0.0554964
0.0607000
0.0587564
0.0542484
0.0540052
0.0624103
0.0759126
0.0863163
0.0910075
0.0951966
0.1028149
0.1109169
0.1155022
0.1180389
0.1236766
0.1364055
0.1569569
0.1817823
0.2037986
0.2181994
0.2279950
0.2408013
0.2611705
0.2889880
0.3219599
0.3537890
0.3723329
0.3674327
0.3421389
0.3117823
0.2906647
0.2812556
0.2748310
0.2604320
0.2354589
0.2093634
0.1932393
0.1835707
0.1620040
0.1166534
0.0599954
0.0194132
0.0103087
0.0216687
0.0277555
0.0132647
-0.0112064
-0.0192077
0.0019235
0.0315923
0.0322254
-0.0123906
-0.0785648
-0.1220583
-0.1085144
-0.0216505
0.1497030
0.4180869
0.7790592
1.1799903
1.5115926
1.6504268
1.5357270
1.2186464
0.8342227
0.5154948
0.3209995
0.2265672
0.1716693
0.1138021
0.0513339
0.0061978
-0.0098018
-0.0096828
-0.0149338
-0.0317413
-0.0481812
-0.0512944
-0.0413094
-0.0297809
-0.0275619
-0.0349031
-0.0422600
-0.0416486
-0.0361971
-0.0346476
-0.0371297
-0.0333587
-0.0178995
-0.0011711
0.0001957
-0.0183295
-0.0439580
-0.0582239
-0.0524560
-0.0343453
-0.0210217
-0.0237013
-0.0377965
-0.0489172
-0.0476921
-0.0370178
-0.0271154
-0.0270225
-0.0386767
-0.0543747
-0.0611706
-0.0529106
-0.0377573
-0.0294849
-0.0318044
-0.0359681
-0.0340248
-0.0296405
-0.0335366
-0.0500169
-0.0695151
-0.0754901
-0.0609095
-0.0381179
-0.0288427
-0.0428044
-0.0693642
-0.0912668
-0.1015498
-0.1040441
-0.1027887
-0.0972770
-0.0866198
-0.0731329
-0.0602649
-0.0481221
-0.0317777
-0.0060611
0.0251566
0.0462119
0.0419486
0.0145777
-0.0155661
-0.0281112
-0.0193916
-0.0014462
0.0112629
0.0124486
0.0051215
-0.0039246
-0.0097255
-0.0096091
-0.0006511
0.0177902
0.0369758
0.0408805
0.0228562
-0.0021191
-0.0097852
0.0073991
0.0320016
0.0415815
0.0331188
0.0241894
0.0306042
0.0459725
0.0470879
0.0214412
-0.0139718
-0.0272138
-0.0050758
0.0335685
0.0598148
0.0641022
0.0598347
0.0631405
0.0755728
0.0857142
0.0830761
0.0696309
0.0597362
0.0688212
0.1003572
0.1422649
0.1749967
0.1844981
0.1723985
0.1570174
0.1602073
0.1863883
0.2150153
0.2197854
0.1964931
0.1671753
0.1551343
0.1600742
0.1607937
0.1403938
0.1058346
0.0811262
0.0802917
0.0881096
0.0719126
0.0155718
-0.0604871
-0.1167565
-0.1319005
-0.1208878
-0.1168253
-0.1362005
-0.1620397
-0.1625517
-0.1289059
-0.0927826
-0.0998862
-0.1629529
-0.2445263
-0.2875508
-0.2569373
-0.1475419
0.0386845
0.3050801
0.6388815
0.9813363
1.2336934
1.3093747
1.1908240
0.9378835
0.6410732
0.3678360
0.1481312
-0.0071023
-0.0938757
-0.1232113
-0.1251484
-0.1306374
-0.1487135
-0.1663551
-0.1706946
-0.1668828
-0.1715645
-0.1911221
-0.2118825
-0.2155192
-0.2013689
-0.1871140
-0.1867411
-0.1950661
-0.1986230
-0.1961011
-0.1998500
-0.2177188
-0.2403335
-0.2497545
-0.2385487
-0.2177977
-0.2059148
-0.2103133
-0.2214493
-0.2254500
-0.2199888
-0.2143803
-0.2156616
-0.2200355
-0.2194536
-0.2122979
-0.2047408
-0.2037856
-0.2110123
-0.2217361
-0.2291126
-0.2303084
-0.2292276
-0.2321003
-0.2405894
-0.2505184
-0.2563808
-0.2549206
-0.2453337
-0.2294435
-0.2126787
-0.2028569
-0.2061704
-0.2228760
-0.2448212
-0.2575938
-0.2499928
-0.2254320
-0.2019426
-0.1965431
-0.2091106
-0.2234070
-0.2232866
-0.2064218
-0.1838632
-0.1690577
-0.1670368
-0.1718037
-0.1728435
-0.1640959
-0.1472591
-0.1286571
-0.1151121
-0.1110714
-0.1153788
-0.1202842
-0.1175572
-0.1074389
-0.0990349
-0.1003239
-0.1096900
-0.1182380
-0.1183855
-0.1093233
-0.0963099
-0.0861792
-0.0823667
-0.0831820
-0.0851531
-0.0876875
-0.0933806
-0.1038164
-0.1157012
-0.1210733
-0.1124445
-0.0908057
-0.0690925
-0.0632584
-0.0762674
-0.0935231
-0.0982365
-0.0898115
-0.0826754
-0.0873395
-0.0974845
-0.0982236
-0.0847022
-0.0688722
-0.0662819
-0.0772714
-0.0841902
-0.0691043
-0.0323811
0.0090928
0.0405129
0.0615985
0.0808377
0.1030113
0.1253314
0.1423513
0.1507139
0.1499343
0.1413364
0.1269271
0.1087257
0.0888381
0.0693041
0.0510670
0.0343189
0.0214053
0.0175899
0.0251011
0.0355453
0.0313026
-0.0018832
-0.0613438
-0.1256871
-0.1687560
-0.1799439
-0.1723355
-0.1675675
-0.1710192
-0.1666367
-0.1408540
-0.1077121
-0.1013481
-0.1402607
-0.2037054
-0.2481068
-0.2443972
-0.1917859
-0.0915540
0.0832266
0.3718997
0.7645562
1.1593240
1.4014107
1.3861957
1.1356292
0.7775639
0.4509320
0.2240894
0.0872311
0.0022637
-0.0517987
-0.0766029
-0.0788570
-0.0801035
-0.0983799
-0.1288048
-0.1511433
-0.1553700
-0.1526987
-0.1596743
-0.1769308
-0.1882835
-0.1796829
-0.1557157
-0.1358825
-0.1349728
-0.1484731
-0.1587915
-0.1553990
-0.1461344
-0.1473136
-0.1648303
-0.1872062
-0.1963935
-0.1840595
-0.1584868
-0.1371507
-0.1316961
-0.1385165
-0.1438764
-0.1382640
-0.1248275
-0.1141662
-0.1131845
-0.1197597
-0.1259549
-0.1247375
-0.1150258
-0.1021493
-0.0932803
-0.0915480
-0.0943004
-0.0964532
-0.0947843
-0.0897999
-0.0849079
-0.0833981
-0.0849529
-0.0857046
-0.0829308
-0.0784954
-0.0758639
-0.0752875
-0.0750186
-0.0764866
-0.0839551
-0.0971043
-0.1066045
-0.1005063
-0.0758604
-0.0425747
-0.0139535
0.0068631
0.0289212
0.0599384
0.0928322
0.1106105
0.1058883
0.0911337
0.0860018
0.0967531
0.1118797
0.1171654
0.1112577
0.1052446
0.1092333
0.1217974
0.1330322
0.1364237
0.1352730
0.1365921
0.1412280
0.1434399
0.1400924
0.1368073
0.1425850
0.1585730
0.1731805
0.1698014
0.1422443
0.1042941
0.0813369
0.0878734
0.1124455
0.1279368
0.1187388
0.0964250
0.0870583
0.1033793
0.1305199
0.1396799
0.1161637
0.0737617
0.0410447
0.0340630
0.0436679
0.0485142
0.0370885
0.0161127
0.0014324
0.0048768
0.0289631
0.0694724
0.1193265
0.1694923
0.2087303
0.2271418
0.2236488
0.2090203
0.1972254
0.1919420
0.1839952
0.1638818
0.1344347
0.1079197
0.0912666
0.0780352
0.0577501
0.0317672
0.0147102
0.0154382
0.0178802
-0.0114171
-0.0896779
-0.1925873
-0.2687996
-0.2841105
-0.2514672
-0.2165494
-0.2138694
-0.2365868
-0.2479970
-0.2215961
-0.1694710
-0.1312575
-0.1362478
-0.1777942
-0.2227465
-0.2385029
-0.2041203
-0.0980407
0.1101844
0.4370967
0.8426841
1.2140603
1.4105515
1.3497824
1.0666237
0.6911999
0.3621719
0.1479932
0.0342806
-0.0302699
-0.0831175
-0.1330328
-0.1767005
-0.2156206
-0.2540173
-0.2871340
-0.3008139
-0.2867521
-0.2554610
-0.2297218
-0.2245025
-0.2353711
-0.2468661
-0.2498468
-0.2490441
-0.2544757
-0.2673140
-0.2759653
-0.2675643
-0.2432688
-0.2199214
-0.2146150
-0.2282933
-0.2460921
-0.2531746
-0.2483037
-0.2417306
-0.2417443
-0.2452453
-0.2421666
-0.2282370
-0.2110086
-0.2014103
-0.2007757
-0.1999272
-0.1920821
-0.1830358
-0.1847981
-0.1997347
-0.2146249
-0.2129062
-0.1925748
-0.1701070
-0.1648273
-0.1792619
-0.1968638
-0.2005633
-0.1919310
-0.1892594
-0.2067722
-0.2382325
-0.2620402
-0.2610768
-0.2370345
-0.2072341
-0.1893773
-0.1889482
-0.1989126
-0.2086675
-0.2118095
-0.2070548
-0.1958226
-0.1812342
-0.1674571
-0.1568555
-0.1474683
-0.1348680
-0.1167344
-0.0947945
-0.0729782
-0.0555670
-0.0472789
-0.0524203
-0.0704257
-0.0910098
-0.0966804
-0.0758688
-0.0372294
-0.0081671
-0.0125874
-0.0468234
-0.0802120
-0.0832825
-0.0559797
-0.0269097
-0.0248255
-0.0515095
-0.0817990
-0.0881652
-0.0643158
-0.0263868
0.0051837
0.0218702
0.0269148
0.0253340
0.0192240
0.0117059
0.0096335
0.0183358
0.0344064
0.0466544
0.0462097
0.0359649
0.0289222
0.0357165
0.0535561
0.0687647
0.0708190
0.0626297
0.0562577
0.0603309
0.0738786
0.0917017
0.1122996
0.1377689
0.1662172
0.1874663
0.1903480
0.1761191
0.1622102
0.1681963
0.1963256
0.2279948
0.2412353
0.2303734
0.2067866
0.1820765
0.1549680
0.1176762
0.0735300
0.0428802
0.0461937
0.0800641
0.1134904
0.1123709
0.0693573
0.0091372
-0.0355057
-0.0523625
-0.0563532
-0.0704987
-0.1013835
-0.1323459
-0.1402768
-0.1197269
-0.0906948
-0.0820598
-0.1067630
-0.1520956
-0.1907544
-0.1960714
-0.1438675
-0.0049084
0.2496744
0.6176196
1.0307705
1.3589546
1.4715572
1.3205760
0.9775420
0.5887616
0.2829695
0.1048397
0.0197235
-0.0296487
-0.0723447
-0.1035839
-0.1135451
-0.1102857
-0.1129280
-0.1295756
-0.1496652
-0.1587276
-0.1554252
-0.1504909
-0.1513265
-0.1526049
-0.1438335
-0.1236106
-0.1028918
-0.0933860
-0.0951567
-0.0982310
-0.0955698
-0.0907222
-0.0908201
-0.0948055
-0.0928378
-0.0783308
-0.0581492
-0.0483985
-0.0592131
-0.0836195
-0.1019148
-0.0985405
-0.0762908
-0.0541300
-0.0498209
-0.0634131
-0.0773275
-0.0730056
-0.0483032
-0.0191754
-0.0042835
-0.0079208
-0.0184986
-0.0234002
-0.0228761
-0.0270359
-0.0405359
-0.0544952
-0.0557448
-0.0419784
-0.0248063
-0.0178963
-0.0243217
-0.0363933
-0.0459976
-0.0525740
-0.0606392
-0.0717692
-0.0812709
-0.0823349
-0.0714347
-0.0496948
-0.0218569
0.0044458
0.0211453
0.0255222
0.0236571
0.0246264
0.0295132
0.0288945
0.0148739
-0.0047824
-0.0091342
0.0151002
0.0556509
0.0820485
0.0742069
0.0425848
0.0170134
0.0158439
0.0296145
0.0362779
0.0284694
0.0209955
0.0316287
0.0588675
0.0816215
0.0797233
0.0523556
0.0165329
-0.0094924
-0.0192166
-0.0166522
-0.0073251
0.0064274
0.0227714
0.0366414
0.0406802
0.0302366
0.0080603
-0.0154681
-0.0283649
-0.0262444
-0.0166490
-0.0126536
-0.0205315
-0.0341377
-0.0425535
-0.0426885
-0.0423547
-0.0501403
-0.0641884
-0.0736486
-0.0710718
-0.0599417
-0.0474889
-0.0325531
-0.0057947
0.0364423
0.0823719
0.1129248
0.1190850
0.1082056
0.0934425
0.0810878
0.0708472
0.0651578
0.0714304
0.0918268
0.1144334
0.1210301
0.1061711
0.0854380
0.0806159
0.0960470
0.1115686
0.0998365
0.0506973
-0.0197831
-0.0814063
-0.1109389
-0.1061132
-0.0842014
-0.0676638
-0.0677495
-0.0788618
-0.0884975
-0.0932232
-0.1036480
-0.1313112
-0.1702618
-0.1935693
-0.1686756
-0.0735123
0.1031855
0.3683367
0.7141327
1.0899114
1.3913627
1.5007338
1.3619931
1.0285371
0.6350096
0.3118173
0.1130268
0.0118588
-0.0475331
-0.0989249
-0.1445237
-0.1776536
-0.2011621
-0.2232447
-0.2443414
-0.2557413
-0.2513241
-0.2370313
-0.2268456
-0.2300923
-0.2433942
-0.2547475
-0.2551461
-0.2465805
-0.2391080
-0.2401052
-0.2464624
-0.2479795
-0.2390120
-0.2260377
-0.2218683
-0.2315045
-0.2453232
-0.2486336
-0.2379492
-0.2252857
-0.2249209
-0.2377703
-0.2514313
-0.2550917
-0.2510933
-0.2499725
-0.2560548
-0.2611765
-0.2534655
-0.2306373
-0.2033670
-0.1862691
-0.1862101
-0.1977155
-0.2072373
-0.2026915
-0.1836240
-0.1654574
-0.1706056
-0.2082193
-0.2596187
-0.2884586
-0.2722960
-0.2257072
-0.1880608
-0.1851712
-0.2049142
-0.2140960
-0.1979824
-0.1771300
-0.1817898
-0.2139545
-0.2421445
-0.2354888
-0.1973728
-0.1603066
-0.1499341
-0.1605725
-0.1674716
-0.1565422
-0.1355998
-0.1187949
-0.1091772
-0.1017706
-0.0985058
-0.1100038
-0.1388001
-0.1667921
-0.1676522
-0.1337855
-0.0869459
-0.0588254
-0.0622370
-0.0833116
-0.0998710
-0.1025931
-0.0968107
-0.0886719
-0.0765235
-0.0577100
-0.0390170
-0.0342716
-0.0499072
-0.0756580
-0.0924653
-0.0898706
-0.0746117
-0.0623109
-0.0620265
-0.0691796
-0.0719556
-0.0629644
-0.0449973
-0.0273499
-0.0178375
-0.0177484
-0.0228291
-0.0280264
-0.0313190
-0.0336104
-0.0356283
-0.0357216
-0.0313111
-0.0221692
-0.0107700
0.0018691
