-0.0184255
-0.0831133
-0.1357198
-0.1517273
-0.1298465
-0.0943363
-0.0773508
-0.0939698
-0.1293428
-0.1486699
-0.1244649
-0.0622833
-0.0035867
0.0023167
-0.0601560
-0.1533289
-0.2118367
-0.1958866
-0.1241981
-0.0545668
-0.0314129
-0.0524042
-0.0835357
-0.0996779
-0.1047277
-0.1147276
-0.1304464
-0.1332723
-0.1070104
-0.0588333
-0.0164526
-0.0051767
-0.0268866
-0.0586820
-0.0716632
-0.0550533
-0.0259362
-0.0141658
-0.0332340
-0.0647943
-0.0756497
-0.0528417
-0.0192126
-0.0098578
-0.0340481
-0.0659341
-0.0749251
-0.0598709
-0.0472176
-0.0575625
-0.0824939
-0.0981281
-0.0947622
-0.0841891
-0.0786034
-0.0729641
-0.0558547
-0.0328922
-0.0278843
-0.0562046
-0.1030803
-0.1352090
-0.1325279
-0.1026410
-0.0643550
-0.0259384
0.0137047
0.0480615
0.0607083
0.0465662
0.0282729
0.0391197
0.0858521
0.1353935
0.1461935
0.1122782
0.0703210
0.0606264
0.0848449
0.1063075
0.0911116
0.0448050
0.0068081
0.0102698
0.0486006
0.0803282
0.0661916
0.0043311
-0.0667583
-0.0995947
-0.0770643
-0.0264795
0.0043306
-0.0116238
-0.0591837
-0.0993216
-0.1081006
-0.0973029
-0.0982187
-0.1286900
-0.1769185
-0.2112408
-0.1962088
-0.0978778
0.1125058
0.4379036
0.8253675
1.1627710
1.3268655
1.2574701
0.9982147
0.6672824
0.3818627
0.1967547
0.0975553
0.0387521
-0.0131859
-0.0625479
-0.0956264
-0.1032416
-0.0945882
-0.0918904
-0.1106851
-0.1438614
-0.1668119
-0.1616643
-0.1367963
-0.1193043
-0.1263779
-0.1466987
-0.1534955
-0.1347675
-0.1059782
-0.0916045
-0.0987504
-0.1132671
-0.1192168
-0.1152930
-0.1103945
-0.1098184
-0.1128041
-0.1211556
-0.1401288
-0.1652612
-0.1749567
-0.1477316
-0.0899188
-0.0379675
-0.0248102
-0.0458368
-0.0662345
-0.0633200
-0.0527164
-0.0651226
-0.1022921
-0.1289661
-0.1136691
-0.0687134
-0.0381932
-0.0465766
-0.0705443
-0.0689624
-0.0338016
0.0011028
0.0032657
-0.0185925
-0.0279472
-0.0086221
0.0146937
0.0099688
-0.0176363
-0.0281326
0.0044622
0.0561483
0.0756822
0.0418848
-0.0107849
-0.0284780
0.0052102
0.0553389
0.0768991
0.0610568
0.0351968
0.0232485
0.0179372
-0.0027174
-0.0389911
-0.0615529
-0.0440682
0.0028534
0.0386473
0.0342313
0.0002019
-0.0295235
-0.0367329
-0.0340948
-0.0423041
-0.0617065
-0.0739425
-0.0679963
-0.0542939
-0.0485289
-0.0482974
-0.0357471
-0.0048239
0.0228284
0.0176654
-0.0231191
-0.0686195
-0.0858614
-0.0737867
-0.0595698
-0.0629106
-0.0729085
-0.0658974
-0.0409062
-0.0261571
-0.0450423
-0.0818133
-0.0918542
-0.0500173
0.0172313
0.0554371
0.0381139
-0.0065860
-0.0277966
-0.0062091
0.0286614
0.0338882
-0.0006687
-0.0442981
-0.0587981
-0.0341428
0.0074234
0.0345754
0.0296325
-0.0053409
-0.0533574
-0.0895865
-0.0924094
-0.0591094
-0.0130277
0.0118878
0.0001505
-0.0317609
-0.0535415
-0.0515933
-0.0379974
-0.0296287
-0.0246333
-0.0053683
0.0367782
0.0863858
0.1177505
0.1207335
0.1085455
0.1010850
0.1062159
0.1194050
0.1359763
0.1560890
0.1766230
0.1844988
0.1651114
0.1196864
0.0719332
0.0534436
0.0787217
0.1320006
0.1781496
0.1888206
0.1620116
0.1194319
0.0853679
0.0663512
0.0493050
0.0180362
-0.0295464
-0.0802020
-0.1179827
-0.1339181
-0.1238870
-0.0851187
-0.0239766
0.0328586
0.0457634
-0.0074701
-0.1053170
-0.1906260
-0.2084654
-0.1356716
0.0247901
0.2669314
0.5824501
0.9312008
1.2224843
1.3492149
1.2602467
1.0052818
0.7044889
0.4658019
0.3210101
0.2293668
0.1338142
0.0148456
-0.0996315
-0.1669264
-0.1708277
-0.1364406
-0.1080439
-0.1105231
-0.1300572
-0.1337158
-0.1092385
-0.0817288
-0.0854258
-0.1205289
-0.1480032
-0.1340516
-0.0934805
-0.0764815
-0.1100912
-0.1642150
-0.1857416
-0.1610516
-0.1305617
-0.1370259
-0.1711748
-0.1816552
-0.1368175
-0.0630649
-0.0156043
-0.0206364
-0.0578413
-0.0953567
-0.1246889
-0.1529455
-0.1736031
-0.1646914
-0.1200019
-0.0683767
-0.0490273
-0.0693569
-0.0970345
-0.0966112
-0.0666333
-0.0346623
-0.0207753
-0.0165933
-0.0029949
0.0203511
0.0324557
0.0170213
-0.0166958
-0.0422017
-0.0408385
-0.0154318
0.0172814
0.0421196
0.0538769
0.0565345
0.0579599
0.0627178
0.0659780
0.0559150
0.0279823
-0.0014289
-0.0025034
0.0379586
0.0938960
0.1165672
0.0811512
0.0141152
-0.0331249
-0.0383729
-0.0294686
-0.0468926
-0.0916069
-0.1204446
-0.0962966
-0.0350646
0.0068101
-0.0078787
-0.0577304
-0.0887563
-0.0755459
-0.0473821
-0.0506537
-0.0924486
-0.1304884
-0.1204033
-0.0666040
-0.0199855
-0.0252011
-0.0750869
-0.1205521
-0.1227328
-0.0893361
-0.0582536
-0.0525783
-0.0605785
-0.0595104
-0.0482405
-0.0464663
-0.0638998
-0.0819917
-0.0743854
-0.0415086
-0.0141830
-0.0183931
-0.0431742
-0.0524330
-0.0281280
0.0074311
0.0174116
-0.0073239
-0.0401730
-0.0518902
-0.0424836
-0.0351815
-0.0448010
-0.0617025
-0.0681319
-0.0615265
-0.0536855
-0.0499979
-0.0405951
-0.0179904
0.0032951
-0.0035588
-0.0450306
-0.0918563
-0.1043676
-0.0730980
-0.0288348
-0.0105932
-0.0278109
-0.0577907
-0.0768864
-0.0854744
-0.0975487
-0.1116614
-0.1041414
-0.0571503
0.0122303
0.0610874
0.0625419
0.0343650
0.0215481
0.0513466
0.1085406
0.1542920
0.1648241
0.1490279
0.1317481
0.1267220
0.1286522
0.1267759
0.1185219
0.1078781
0.0956294
0.0769283
0.0486407
0.0153300
-0.0145180
-0.0377272
-0.0602456
-0.0902185
-0.1263142
-0.1537897
-0.1550863
-0.1268945
-0.0863032
-0.0574576
-0.0505376
-0.0548955
-0.0548146
-0.0517284
-0.0669531
-0.1169019
-0.1824382
-0.2043710
-0.1149322
0.1176532
0.4641423
0.8421715
1.1474454
1.2925541
1.2415311
1.0271525
0.7369931
0.4685589
0.2790561
0.1654315
0.0884005
0.0167365
-0.0485743
-0.0884048
-0.0965774
-0.0919006
-0.0997458
-0.1264442
-0.1551875
-0.1656582
-0.1547370
-0.1382791
-0.1354455
-0.1520570
-0.1764973
-0.1891284
-0.1768533
-0.1432112
-0.1080145
-0.0952824
-0.1147720
-0.1504576
-0.1698969
-0.1522802
-0.1105400
-0.0818906
-0.0915535
-0.1261906
-0.1472009
-0.1315124
-0.0957119
-0.0765872
-0.0901507
-0.1161108
-0.1248687
-0.1129919
-0.1029693
-0.1087652
-0.1137305
-0.0921250
-0.0472497
-0.0144652
-0.0213173
-0.0537404
-0.0720483
-0.0581463
-0.0353321
-0.0357855
-0.0566296
-0.0605891
-0.0219146
0.0388561
0.0746521
0.0625172
0.0251129
0.0012617
0.0048879
0.0191232
0.0238280
0.0174895
0.0109822
0.0096496
0.0090594
0.0049760
-0.0006458
-0.0052011
-0.0106592
-0.0183522
-0.0220003
-0.0130922
0.0058692
0.0199655
0.0178728
0.0048929
-0.0059044
-0.0128873
-0.0275555
-0.0545181
-0.0775088
-0.0738292
-0.0423434
-0.0103928
-0.0090648
-0.0436692
-0.0909743
-0.1228959
-0.1283881
-0.1135898
-0.0894319
-0.0659015
-0.0536709
-0.0594164
-0.0749129
-0.0789359
-0.0596747
-0.0338491
-0.0336774
-0.0694348
-0.1098655
-0.1081412
-0.0500938
0.0267473
0.0656594
0.0419733
-0.0191451
-0.0727654
-0.0954077
-0.0944417
-0.0845064
-0.0663272
-0.0329131
0.0100555
0.0394024
0.0335070
-0.0059027
-0.0535609
-0.0825762
-0.0856731
-0.0749193
-0.0632632
-0.0504461
-0.0285581
0.0017324
0.0250802
0.0233424
-0.0067793
-0.0475793
-0.0715858
-0.0618797
-0.0262931
0.0063555
0.0073399
-0.0286683
-0.0773378
-0.1025432
-0.0852219
-0.0389585
0.0022564
0.0136754
-0.0008772
-0.0173724
-0.0158993
0.0054619
0.0370859
0.0700242
0.0987174
0.1177335
0.1240375
0.1233736
0.1283863
0.1458227
0.1671647
0.1760196
0.1653521
0.1438817
0.1233895
0.1035549
0.0754203
0.0397976
0.0146518
0.0179608
0.0453941
0.0708021
0.0696447
0.0388148
-0.0055350
-0.0433222
-0.0611627
-0.0549569
-0.0319395
-0.0118187
-0.0172620
-0.0537273
-0.0982502
-0.1164721
-0.0977866
-0.0716133
-0.0811861
-0.1364429
-0.1927099
-0.1760143
-0.0306698
0.2481676
0.6103779
0.9666741
1.2170639
1.2893494
1.1738353
0.9289842
0.6469376
0.4015346
0.2188820
0.0890963
-0.0019174
-0.0567437
-0.0772882
-0.0788721
-0.0837746
-0.1008123
-0.1172238
-0.1140070
-0.0884161
-0.0609328
-0.0606808
-0.1014395
-0.1666392
-0.2165226
-0.2162313
-0.1652391
-0.1016383
-0.0723187
-0.0920149
-0.1300829
-0.1419952
-0.1174261
-0.0938244
-0.1157705
-0.1807606
-0.2335618
-0.2212094
-0.1509690
-0.0862687
-0.0826575
-0.1315945
-0.1708198
-0.1486135
-0.0744934
-0.0069104
0.0043407
-0.0399541
-0.0995131
-0.1373532
-0.1462738
-0.1396222
-0.1285755
-0.1141165
-0.0955306
-0.0779207
-0.0684438
-0.0679477
-0.0693287
-0.0644472
-0.0513784
-0.0344968
-0.0195286
-0.0112151
-0.0146990
-0.0335185
-0.0621851
-0.0837764
-0.0814190
-0.0544533
-0.0202050
0.0026826
0.0110798
0.0152424
0.0211538
0.0198804
-0.0011546
-0.0372977
-0.0634841
-0.0573270
-0.0237593
0.0088171
0.0174018
0.0040550
-0.0148424
-0.0316332
-0.0519018
-0.0781047
-0.0984177
-0.0979391
-0.0778462
-0.0566263
-0.0502893
-0.0558363
-0.0588348
-0.0549455
-0.0564124
-0.0741793
-0.0995534
-0.1106832
-0.0960172
-0.0650718
-0.0352676
-0.0143886
0.0003872
0.0110406
0.0135020
0.0046245
-0.0110733
-0.0259914
-0.0388335
-0.0534903
-0.0664107
-0.0614088
-0.0260914
0.0258187
0.0577937
0.0441402
-0.0016822
-0.0389865
-0.0408536
-0.0182218
-0.0014627
-0.0038561
-0.0103106
-0.0016208
0.0190544
0.0317999
0.0289842
0.0268576
0.0417522
0.0632922
0.0649969
0.0419520
0.0235268
0.0380678
0.0719023
0.0786007
0.0336325
-0.0301871
-0.0529208
-0.0127357
0.0487016
0.0718895
0.0450581
0.0148493
0.0317207
0.0946896
0.1560713
0.1741388
0.1521225
0.1280134
0.1363243
0.1818159
0.2405430
0.2781071
0.2714373
0.2246877
0.1693718
0.1432104
0.1599648
0.1979621
0.2227280
0.2223851
0.2147213
0.2151172
0.2058591
0.1520947
0.0518766
-0.0422651
-0.0655637
-0.0065310
0.0759125
0.1039636
0.0492642
-0.0472393
-0.1169634
-0.1224279
-0.0808369
-0.0405187
-0.0401096
-0.0851495
-0.1506741
-0.1963017
-0.1804958
-0.0710190
0.1459871
0.4557410
0.8047093
1.1016076
1.2449800
1.1749089
0.9157873
0.5711704
0.2668102
0.0815491
0.0145800
0.0065822
-0.0077584
-0.0563809
-0.1231015
-0.1741788
-0.1915566
-0.1868776
-0.1889672
-0.2165430
-0.2580457
-0.2781367
-0.2505024
-0.1881393
-0.1366786
-0.1313122
-0.1606311
-0.1785843
-0.1549939
-0.1110534
-0.0993132
-0.1460955
-0.2172024
-0.2472654
-0.2055862
-0.1283787
-0.0813322
-0.0934050
-0.1337070
-0.1520532
-0.1332813
-0.1071638
-0.1107232
-0.1489371
-0.1933447
-0.2133329
-0.2034359
-0.1807126
-0.1617895
-0.1482334
-0.1327678
-0.1123820
-0.0916363
-0.0773046
-0.0741658
-0.0833141
-0.0994300
-0.1104927
-0.1056121
-0.0857922
-0.0650907
-0.0587582
-0.0693819
-0.0847780
-0.0903201
-0.0840463
-0.0784852
-0.0858808
-0.1028374
-0.1126394
-0.1028083
-0.0776639
-0.0535875
-0.0450788
-0.0556695
-0.0780138
-0.0996078
-0.1100435
-0.1059996
-0.0913415
-0.0742000
-0.0645228
-0.0711278
-0.0960963
-0.1307149
-0.1593604
-0.1691570
-0.1565784
-0.1273835
-0.0935400
-0.0694033
-0.0655895
-0.0816332
-0.1036327
-0.1125548
-0.1010811
-0.0855548
-0.0955636
-0.1413536
-0.1902947
-0.1877553
-0.1130661
-0.0126136
0.0340273
-0.0120271
-0.1093704
-0.1726060
-0.1494566
-0.0642702
0.0111986
0.0270918
-0.0046139
-0.0349121
-0.0344947
-0.0204927
-0.0295580
-0.0715884
-0.1137215
-0.1095863
-0.0450885
0.0430323
0.0961847
0.0859464
0.0381751
0.0033239
0.0036811
0.0128226
-0.0139337
-0.0913919
-0.1818144
-0.2103163
-0.1033158
0.1692306
0.5634392
0.9604082
1.2091595
1.2051500
0.9590286
0.5972526
0.2802102
0.0986852
0.0357884
0.0182328
-0.0062800
-0.0408788
-0.0679257
-0.0831075
-0.0972276
-0.1170925
-0.1368601
-0.1488506
-0.1557011
-0.1665073
-0.1830718
-0.1967382
-0.2011013
-0.2013963
-0.2050956
-0.2077577
-0.1979626
-0.1765309
-0.1608532
-0.1644522
-0.1779052
-0.1777896
-0.1549470
-0.1287586
-0.1286493
-0.1600237
-0.1920351
-0.1859668
-0.1385792
-0.0918019
-0.0926911
-0.1443644
-0.2011985
-0.2131227
-0.1725704
-0.1191885
-0.1015285
-0.1332403
-0.1830562
-0.2056332
-0.1818139
-0.1294429
-0.0798797
-0.0515205
-0.0461720
-0.0599777
-0.0871961
-0.1148156
-0.1234715
-0.1015311
-0.0600480
-0.0303618
-0.0397480
-0.0842184
-0.1283272
-0.1384117
-0.1155633
-0.0897447
-0.0820865
-0.0820123
-0.0656532
-0.0294800
0.0031308
0.0089905
-0.0071912
-0.0172899
-0.0028244
0.0209899
0.0208341
-0.0151328
-0.0618311
-0.0861528
-0.0836206
-0.0774313
-0.0856665
-0.1013252
-0.1067160
-0.0981066
-0.0891979
-0.0926656
-0.1040791
-0.1069878
-0.0925609
-0.0695500
-0.0519566
-0.0416815
-0.0309707
-0.0198025
-0.0196584
-0.0362592
-0.0577491
-0.0670921
-0.0609691
-0.0497296
-0.0420463
-0.0366976
-0.0295549
-0.0233664
-0.0267517
-0.0425380
-0.0590829
-0.0584209
-0.0361114
-0.0087266
0.0032042
-0.0040849
-0.0195494
-0.0350427
-0.0511246
-0.0662241
-0.0710751
-0.0592933
-0.0387244
-0.0272010
-0.0358961
-0.0561175
-0.0637569
-0.0426739
-0.0069336
0.0063018
-0.0264137
-0.0861034
-0.1244093
-0.1063180
-0.0406972
0.0270983
0.0520358
0.0257622
-0.0187448
-0.0416085
-0.0362009
-0.0294792
-0.0420785
-0.0589621
-0.0479571
-0.0022067
0.0451495
0.0509260
0.0051144
-0.0563082
-0.0841959
-0.0643533
-0.0293339
-0.0186338
-0.0344804
-0.0471460
-0.0382065
-0.0218818
-0.0204193
-0.0326968
-0.0374743
-0.0226941
-0.0024761
-0.0017857
-0.0254467
-0.0478115
-0.0412325
-0.0139605
-0.0062740
-0.0412886
-0.0912687
-0.1063281
-0.0712527
-0.0208119
0.0003133
-0.0171434
-0.0424747
-0.0396446
-0.0057429
0.0237621
0.0111704
-0.0417627
-0.0940011
-0.1069303
-0.0776381
-0.0310209
0.0086220
0.0337133
0.0522731
0.0773218
0.1109303
0.1368149
0.1371982
0.1176437
0.1042517
0.1143001
0.1403406
0.1648663
0.1787185
0.1813136
0.1731186
0.1539848
0.1257522
0.0964897
0.0822696
0.0940831
0.1157381
0.1088836
0.0558842
-0.0122860
-0.0489533
-0.0455917
-0.0345783
-0.0432050
-0.0641438
-0.0723877
-0.0581018
-0.0403851
-0.0524500
-0.1073995
-0.1756599
-0.2066596
-0.1735705
-0.0787208
0.0850702
0.3442351
0.6934460
1.0550393
1.3132440
1.3855585
1.2621989
1.0031967
0.7089495
0.4658043
0.2968884
0.1735375
0.0735054
0.0031591
-0.0355966
-0.0616381
-0.0874533
-0.1079813
-0.1227800
-0.1358732
-0.1346299
-0.1116533
-0.1027453
-0.1451618
-0.1990869
-0.1840746
-0.1045119
-0.0539797
-0.0671560
-0.0598853
0.0312275
