-0.0164839
0.0067292
-0.0183571
-0.0394161
-0.0304034
-0.0090790
0.0058796
0.0132255
0.0107871
-0.0046949
-0.0202907
-0.0185135
-0.0053976
-0.0026603
-0.0143158
-0.0239773
-0.0229822
-0.0192667
-0.0191629
-0.0200730
-0.0216341
-0.0277122
-0.0367258
-0.0428392
-0.0457125
-0.0483333
-0.0480310
-0.0393462
-0.0217272
0.0040210
0.0401009
0.0824382
0.1142666
0.1217163
0.1125434
0.1087627
0.1219820
0.1429912
0.1535177
0.1431523
0.1177514
0.0947994
0.0866606
0.0866764
0.0778135
0.0561504
0.0367565
0.0326274
0.0366590
0.0301759
0.0028170
-0.0407157
-0.0871618
-0.1225108
-0.1384832
-0.1376497
-0.1315294
-0.1313302
-0.1401118
-0.1513857
-0.1529183
-0.1368161
-0.1127273
-0.1076997
-0.1430381
-0.2086973
-0.2641076
-0.2619588
-0.1660635
0.0465836
0.3805600
0.8023652
1.2255650
1.5286762
1.6095375
1.4455930
1.1134319
0.7439955
0.4438971
0.2465189
0.1256871
0.0424908
-0.0243585
-0.0790489
-0.1204192
-0.1483777
-0.1652187
-0.1754545
-0.1842485
-0.1950303
-0.2073428
-0.2155714
-0.2117998
-0.1944817
-0.1744381
-0.1673911
-0.1784797
-0.1969220
-0.2067969
-0.2005997
-0.1830619
-0.1662880
-0.1615331
-0.1707030
-0.1836705
-0.1870330
-0.1773288
-0.1638232
-0.1579263
-0.1620353
-0.1688581
-0.1694840
-0.1617972
-0.1521371
-0.1480959
-0.1492501
-0.1475745
-0.1384684
-0.1276125
-0.1232797
-0.1246928
-0.1228686
-0.1123081
-0.0978306
-0.0892620
-0.0915357
-0.1001970
-0.1053609
-0.1002947
-0.0868248
-0.0722510
-0.0620379
-0.0572379
-0.0571886
-0.0602482
-0.0619429
-0.0577907
-0.0502459
-0.0484561
-0.0574422
-0.0699438
-0.0727766
-0.0610728
-0.0440841
-0.0362183
-0.0424752
-0.0529371
-0.0527603
-0.0382662
-0.0214221
-0.0169482
-0.0270249
-0.0408853
-0.0470920
-0.0427393
-0.0324572
-0.0232928
-0.0210245
-0.0273891
-0.0386716
-0.0484483
-0.0530799
-0.0544477
-0.0574405
-0.0647932
-0.0735235
-0.0766128
-0.0701438
-0.0591189
-0.0536598
-0.0582346
-0.0669244
-0.0706740
-0.0668059
-0.0596138
-0.0539825
-0.0511397
-0.0495207
-0.0471436
-0.0428207
-0.0363651
-0.0285268
-0.0212864
-0.0179813
-0.0210358
-0.0277943
-0.0304862
-0.0236091
-0.0108815
-0.0016516
-0.0001679
-0.0014460
0.0013899
0.0084147
0.0132900
0.0109694
0.0033802
-0.0027421
-0.0033821
-0.0019197
-0.0049442
-0.0134799
-0.0209790
-0.0216294
-0.0183313
-0.0194485
-0.0283003
-0.0383914
-0.0394065
-0.0266590
-0.0044716
0.0190423
0.0401574
0.0617548
0.0865141
0.1095835
0.1218489
0.1214715
0.1184927
0.1246342
0.1395425
0.1498575
0.1424949
0.1179912
0.0904714
0.0745314
0.0721206
0.0727016
0.0661419
0.0534045
0.0427664
0.0371211
0.0283091
0.0047256
-0.0368107
-0.0864103
-0.1268128
-0.1450594
-0.1421922
-0.1327654
-0.1326202
-0.1448761
-0.1576582
-0.1563381
-0.1392251
-0.1227461
-0.1309874
-0.1764065
-0.2450887
-0.2961727
-0.2741979
-0.1272741
0.1714365
0.5993691
1.0696572
1.4484970
1.6117045
1.5112751
1.2041927
0.8189572
0.4819528
0.2553582
0.1265936
0.0468371
-0.0207721
-0.0821328
-0.1271618
-0.1527337
-0.1688818
-0.1874670
-0.2096287
-0.2254515
-0.2253873
-0.2116479
-0.1975069
-0.1945110
-0.2012778
-0.2065097
-0.2024629
-0.1932186
-0.1892432
-0.1956175
-0.2068144
-0.2124316
-0.2071750
-0.1950610
-0.1841833
-0.1783734
-0.1750768
-0.1706324
-0.1651462
-0.1613600
-0.1608804
-0.1630615
-0.1659526
-0.1665313
-0.1613922
-0.1497772
-0.1359651
-0.1267267
-0.1253868
-0.1287127
-0.1299876
-0.1252201
-0.1163821
-0.1083645
-0.1029023
-0.0967157
-0.0864602
-0.0739913
-0.0645882
-0.0606130
-0.0594964
-0.0582533
-0.0573937
-0.0589493
-0.0622878
-0.0638912
-0.0613136
-0.0563705
-0.0537167
-0.0558865
-0.0599337
-0.0599893
-0.0536745
-0.0449876
-0.0398776
-0.0396409
-0.0396648
-0.0342074
-0.0217248
-0.0062658
0.0054758
0.0092542
0.0066173
0.0029583
0.0016517
0.0007368
-0.0039263
-0.0130227
-0.0223785
-0.0269863
-0.0257917
-0.0225054
-0.0217491
-0.0241866
-0.0259245
-0.0236408
-0.0198660
-0.0213961
-0.0316287
-0.0453576
-0.0520937
-0.0448516
-0.0263731
-0.0074722
0.0014353
-0.0012815
-0.0081411
-0.0110773
-0.0095449
-0.0086993
-0.0102873
-0.0084643
0.0032607
0.0220587
0.0356011
0.0337871
0.0203103
0.0102391
0.0142373
0.0264400
0.0311202
0.0216631
0.0090787
0.0088837
0.0220918
0.0337960
0.0309425
0.0173520
0.0080516
0.0104286
0.0153659
0.0093189
-0.0070094
-0.0162455
-0.0019132
0.0344943
0.0764510
0.1097705
0.1324840
0.1483276
0.1573339
0.1576398
0.1533692
0.1538441
0.1626368
0.1711272
0.1670814
0.1492433
0.1296576
0.1196892
0.1167198
0.1087517
0.0911594
0.0730223
0.0638616
0.0585503
0.0415757
0.0061418
-0.0362599
-0.0676777
-0.0818148
-0.0872465
-0.0946284
-0.1053119
-0.1137731
-0.1172055
-0.1179271
-0.1167262
-0.1097811
-0.0972075
-0.0926433
-0.1168471
-0.1754176
-0.2405769
-0.2548503
-0.1552405
0.0961821
0.4876364
0.9476965
1.3594744
1.6025062
1.6072819
1.3904799
1.0448556
0.6878010
0.4030547
0.2134111
0.0950699
0.0123347
-0.0565588
-0.1145252
-0.1547086
-0.1722671
-0.1719863
-0.1677962
-0.1735152
-0.1915422
-0.2106053
-0.2164416
-0.2060018
-0.1911787
-0.1878536
-0.2005920
-0.2180705
-0.2239894
-0.2125471
-0.1930194
-0.1798992
-0.1798499
-0.1880197
-0.1948807
-0.1952063
-0.1913293
-0.1890925
-0.1906532
-0.1910810
-0.1831240
-0.1662697
-0.1499183
-0.1453261
-0.1537036
-0.1637969
-0.1631477
-0.1519480
-0.1438298
-0.1508556
-0.1683284
-0.1777678
-0.1669350
-0.1446031
-0.1317641
-0.1382666
-0.1519282
-0.1529464
-0.1367979
-0.1192765
-0.1182371
-0.1329479
-0.1443250
-0.1359686
-0.1127107
-0.0958841
-0.1004180
-0.1192577
-0.1320250
-0.1273536
-0.1138624
-0.1088003
-0.1182745
-0.1308894
-0.1307933
-0.1149532
-0.0954867
-0.0851431
-0.0834930
-0.0802587
-0.0708741
-0.0637995
-0.0695237
-0.0848346
-0.0927050
-0.0795074
-0.0504726
-0.0260088
-0.0227684
-0.0395373
-0.0617330
-0.0775737
-0.0874279
-0.0978500
-0.1101721
-0.1179068
-0.1143576
-0.1000019
-0.0821323
-0.0693498
-0.0668339
-0.0742962
-0.0859600
-0.0931130
-0.0895332
-0.0766102
-0.0631128
-0.0582325
-0.0632158
-0.0696838
-0.0672214
-0.0532693
-0.0353251
-0.0235145
-0.0217285
-0.0258287
-0.0288242
-0.0267109
-0.0204270
-0.0140404
-0.0114215
-0.0136729
-0.0188870
-0.0239956
-0.0266970
-0.0260607
-0.0224400
-0.0175726
-0.0142876
-0.0149934
-0.0196839
-0.0253398
-0.0279596
-0.0262813
-0.0237999
-0.0258342
-0.0332172
-0.0393264
-0.0349217
-0.0163736
0.0115345
0.0405621
0.0651125
0.0831320
0.0935312
0.0961074
0.0948763
0.0986628
0.1141740
0.1367872
0.1509133
0.1438364
0.1202923
0.1002598
0.0994355
0.1127365
0.1195261
0.1050781
0.0745968
0.0452884
0.0267730
0.0118014
-0.0136314
-0.0529666
-0.0933850
-0.1171911
-0.1180806
-0.1064014
-0.0994093
-0.1061152
-0.1197054
-0.1239411
-0.1094862
-0.0870236
-0.0831504
-0.1181921
-0.1841352
-0.2443648
-0.2557241
-0.1894526
-0.0311485
0.2304441
0.5972007
1.0299330
1.4244646
1.6397300
1.5786130
1.2620663
0.8271558
0.4410427
0.1990600
0.0883292
0.0353507
-0.0178397
-0.0775671
-0.1202468
-0.1338410
-0.1332639
-0.1413813
-0.1639184
-0.1865030
-0.1930094
-0.1822893
-0.1668980
-0.1593069
-0.1618347
-0.1682964
-0.1722229
-0.1724961
-0.1724092
-0.1747352
-0.1780817
-0.1778583
-0.1707530
-0.1584834
-0.1473209
-0.1434437
-0.1476562
-0.1542383
-0.1560523
-0.1519649
-0.1486046
-0.1530379
-0.1634044
-0.1685930
-0.1588960
-0.1367955
-0.1158166
-0.1078767
-0.1121522
-0.1172372
-0.1140855
-0.1051437
-0.0992862
-0.0990173
-0.0962478
-0.0827382
-0.0626100
-0.0506360
-0.0567863
-0.0744603
-0.0863682
-0.0822230
-0.0691260
-0.0634955
-0.0734646
-0.0907037
-0.0997501
-0.0937460
-0.0797498
-0.0699023
-0.0698786
-0.0761579
-0.0818178
-0.0826704
-0.0785348
-0.0709952
-0.0611488
-0.0489974
-0.0343112
-0.0181143
-0.0035205
0.0053835
0.0065831
0.0026706
-0.0005229
0.0005577
0.0027700
-0.0009537
-0.0129446
-0.0257707
-0.0280509
-0.0161740
0.0007748
0.0089564
0.0028612
-0.0098002
-0.0163375
-0.0119644
-0.0039979
-0.0029566
-0.0102069
-0.0160102
-0.0106031
0.0039515
0.0149051
0.0125317
0.0017050
-0.0019317
0.0114540
0.0333301
0.0424077
0.0245670
-0.0123020
-0.0440472
-0.0515416
-0.0367719
-0.0188324
-0.0152914
-0.0275439
-0.0427545
-0.0481456
-0.0426929
-0.0356468
-0.0351735
-0.0398889
-0.0418908
-0.0369005
-0.0296533
-0.0286706
-0.0367141
-0.0478378
-0.0543252
-0.0555175
-0.0580317
-0.0665089
-0.0756846
-0.0741215
-0.0562612
-0.0285370
-0.0018755
0.0200885
0.0421869
0.0672566
0.0886736
0.0971668
0.0942634
0.0943044
0.1095916
0.1347627
0.1499634
0.1412843
0.1156663
0.0929941
0.0849520
0.0853196
0.0810399
0.0680339
0.0526755
0.0405451
0.0293622
0.0140097
-0.0062110
-0.0289686
-0.0545688
-0.0843227
-0.1127464
-0.1281061
-0.1264427
-0.1215631
-0.1319277
-0.1548943
-0.1625323
-0.1328891
-0.0843366
-0.0682871
-0.1202617
-0.2198052
-0.3019966
-0.3046011
-0.1979187
0.0253339
0.3665441
0.8041640
1.2576706
1.5907830
1.6807837
1.5036377
1.1540708
0.7778799
0.4780590
0.2744508
0.1349382
0.0289091
-0.0503845
-0.0998658
-0.1250654
-0.1395710
-0.1527890
-0.1649363
-0.1733296
-0.1785983
-0.1830837
-0.1867351
-0.1881402
-0.1885851
-0.1916030
-0.1975383
-0.2009677
-0.1957333
-0.1822026
-0.1681025
-0.1617682
-0.1650615
-0.1729344
-0.1790821
-0.1811637
-0.1806134
-0.1786533
-0.1741008
-0.1655978
-0.1549191
-0.1465261
-0.1432349
-0.1429295
-0.1406413
-0.1345486
-0.1294801
-0.1329552
-0.1464720
-0.1613168
-0.1651247
-0.1538731
-0.1365383
-0.1265215
-0.1286358
-0.1357258
-0.1380596
-0.1341606
-0.1307318
-0.1326963
-0.1360950
-0.1326748
-0.1202819
-0.1058700
-0.0974214
-0.0954015
-0.0947834
-0.0943546
-0.0998542
-0.1152644
-0.1325506
-0.1338595
-0.1065955
-0.0567623
-0.0065039
0.0227579
0.0260662
0.0154013
0.0057680
0.0012418
-0.0058745
-0.0234659
-0.0485155
-0.0683363
-0.0731127
-0.0667419
-0.0638338
-0.0747620
-0.0943504
-0.1074614
-0.1065232
-0.1012560
-0.1079375
-0.1287239
-0.1449304
-0.1350534
-0.1012342
-0.0755104
-0.0938131
-0.1562649
-0.2080384
-0.1610930
0.0541468
0.4405645
0.9207252
1.3667916
1.6571634
1.7283982
1.5947435
1.3279259
1.0143489
0.7181759
0.4689485
0.2714416
0.1217672
0.0160552
-0.0503915
-0.0868658
-0.1071620
-0.1242540
-0.1436441
-0.1609395
-0.1667809
-0.1567758
-0.1385853
-0.1282576
-0.1366133
-0.1577875
-0.1728283
-0.1670324
-0.1442268
-0.1229551
-0.1183368
-0.1284898
-0.1388040
-0.1379457
-0.1282012
-0.1208117
-0.1234423
-0.1334365
-0.1419977
-0.1427303
-0.1358550
-0.1262587
-0.1192389
-0.1172813
-0.1187670
-0.1192264
-0.1152430
-0.1080551
-0.1024829
-0.1013352
-0.1014998
-0.0969068
-0.0854298
-0.0715638
-0.0615193
-0.0566060
-0.0528752
-0.0470625
-0.0408016
-0.0373736
-0.0353291
-0.0280754
-0.0112173
0.0108800
0.0277531
0.0325694
0.0286798
0.0264221
0.0338164
0.0500915
0.0672112
0.0770607
0.0777900
0.0744405
0.0740666
0.0798319
0.0888926
0.0953020
0.0948223
0.0872450
0.0748419
0.0598274
0.0442675
0.0316747
0.0261401
0.0279411
0.0309561
0.0272950
0.0158579
0.0046574
0.0023882
0.0079068
0.0105628
0.0025641
-0.0103901
-0.0136345
0.0003542
0.0223001
0.0348419
0.0305195
0.0185978
0.0130416
0.0161994
0.0175415
0.0081995
-0.0070710
-0.0152141
-0.0107382
-0.0026645
-0.0042557
-0.0180717
-0.0340318
-0.0419329
-0.0426896
-0.0452850
-0.0546525
-0.0660831
-0.0720652
-0.0715613
-0.0700888
-0.0720267
-0.0759895
-0.0784590
-0.0794562
-0.0823493
-0.0887627
-0.0959778
-0.1000259
-0.0997409
-0.0965794
-0.0918310
-0.0863313
-0.0827631
-0.0852331
-0.0943612
-0.1042114
-0.1071867
-0.1026294
-0.0982005
-0.1009240
-0.1082592
-0.1107354
-0.1036761
-0.0936500
-0.0911401
-0.0979721
-0.1050244
-0.1033570
-0.0951653
-0.0909959
-0.0967587
-0.1067479
-0.1110764
-0.1077464
-0.1042469
-0.1073775
-0.1147507
-0.1184986
-0.1156676
-0.1115111
-0.1116303
-0.1137189
-0.1103184
-0.0994731
-0.0891679
-0.0886931
-0.0970415
-0.1033262
-0.0998490
-0.0922916
-0.0940345
-0.1103954
-0.1309972
-0.1394865
-0.1300097
-0.1123348
-0.1006275
-0.0990994
-0.1002623
-0.0963098
-0.0894094
-0.0890402
-0.1000949
-0.1157741
-0.1233503
-0.1165361
-0.1014377
-0.0902095
-0.0892185
-0.0938098
-0.0947065
-0.0889172
-0.0831940
-0.0860542
-0.0971560
-0.1063417
-0.1041703
-0.0923798
-0.0820246
-0.0808706
-0.0845856
-0.0825460
-0.0718717
-0.0626818
-0.0671955
-0.0846953
-0.1001949
-0.0992007
-0.0823647
-0.0641348
-0.0578170
-0.0638421
-0.0726373
-0.0764666
-0.0761633
-0.0768353
-0.0798156
-0.0809021
-0.0757999
-0.0648738
-0.0511311
-0.0345751
-0.0110568
0.0215831
0.0568212
0.0815022
0.0874086
0.0814950
0.0822579
0.1025592
0.1350852
0.1571935
0.1527760
0.1288332
0.1077476
0.1025485
0.1030178
0.0895213
0.0590014
0.0314515
0.0269134
0.0391043
0.0385497
0.0045025
-0.0505959
-0.0938013
-0.1077645
-0.1077084
-0.1188913
-0.1421539
-0.1507638
-0.1245381
-0.0810915
-0.0651556
-0.1049852
-0.1826566
-0.2476064
-0.2524948
-0.1696261
0.0207319
0.3362251
0.7645730
1.2251801
1.5751968
1.6806399
1.5039653
1.1323339
0.7195942
0.3910494
0.1868840
0.0762475
0.0103071
-0.0387847
-0.0757993
-0.1001876
-0.1169445
-0.1328635
-0.1492516
-0.1620895
-0.1686148
-0.1718824
-0.1781870
-0.1901567
-0.2025747
-0.2055437
-0.1929819
-0.1691300
-0.1466978
-0.1375067
-0.1436888
-0.1573524
-0.1686409
-0.1740970
-0.1774216
-0.1828331
-0.1886920
-0.1881937
-0.1761295
-0.1544825
-0.1313057
-0.1145607
-0.1073860
-0.1086797
-0.1163484
-0.1280221
-0.1386957
-0.1405810
-0.1289157
-0.1089477
-0.0946290
-0.0969456
-0.1125321
-0.1255271
-0.1224524
-0.1052439
-0.0888588
-0.0863465
-0.0971545
-0.1095391
-0.1123359
-0.1034293
-0.0889643
-0.0776640
-0.0761840
-0.0861455
-0.1017420
-0.1106523
-0.1015632
-0.0742385
-0.0417593
-0.0203083
-0.0154904
-0.0192010
-0.0198506
-0.0139110
-0.0061612
-0.0002059
0.0078121
0.0244521
0.0496051
0.0744246
0.0891687
0.0919783
0.0895874
0.0907612
0.0999636
0.1158667
0.1332246
0.1454372
0.1475926
0.1396769
0.1269563
0.1154840
0.1066208
0.0974354
0.0874938
0.0833486
0.0929178
0.1143464
