0.2316433
0.2575154
0.2830642
0.3032216
0.3151682
0.3209504
0.3266446
0.3370718
0.3505138
0.3598146
0.3601697
0.3556249
0.3563368
0.3684916
0.3874174
0.4012904
0.4012601
0.3874056
0.3657002
0.3412365
0.3152695
0.2870821
0.2561393
0.2220779
0.1848596
0.1468422
0.1136923
0.0904799
0.0756906
0.0607883
0.0379905
0.0086453
-0.0177258
-0.0335174
-0.0410695
-0.0494685
-0.0640898
-0.0811018
-0.0925766
-0.0951496
-0.0921830
-0.0887460
-0.0872373
-0.0883916
-0.0934904
-0.1023364
-0.1097534
-0.1082614
-0.0970665
-0.0866141
-0.0900188
-0.1082625
-0.1262332
-0.1265200
-0.1073948
-0.0852384
-0.0784217
-0.0901435
-0.1079742
-0.1183661
-0.1188395
-0.1161733
-0.1164163
-0.1198325
-0.1243201
-0.1294332
-0.1348260
-0.1371956
-0.1326963
-0.1230611
-0.1164003
-0.1193906
-0.1294672
-0.1372350
-0.1371593
-0.1338247
-0.1359429
-0.1452875
-0.1540578
-0.1537500
-0.1445564
-0.1342414
-0.1289667
-0.1280056
-0.1278996
-0.1286774
-0.1328775
-0.1393763
-0.1422523
-0.1380534
-0.1319664
-0.1329446
-0.1420660
-0.1489221
-0.1424522
-0.1244922
-0.1094839
-0.1096442
-0.1224017
-0.1342682
-0.1357611
-0.1297915
-0.1253835
-0.1264965
-0.1295801
-0.1304092
-0.1293166
-0.1283956
-0.1265398
-0.1207455
-0.1120757
-0.1069296
-0.1101846
-0.1185082
-0.1232475
-0.1203506
-0.1151829
-0.1158979
-0.1232583
-0.1293095
-0.1263515
-0.1152512
-0.1036718
-0.0974870
-0.0960654
-0.0957631
-0.0953403
-0.0960449
-0.0978091
-0.0985044
-0.0978378
-0.0993878
-0.1059213
-0.1132389
-0.1120618
-0.0982265
-0.0796589
-0.0704219
-0.0769709
-0.0916527
-0.1007237
-0.0978221
-0.0884441
-0.0822308
-0.0832923
-0.0886955
-0.0938515
-0.0964125
-0.0952810
-0.0894061
-0.0801635
-0.0734410
-0.0757181
-0.0866307
-0.0974121
-0.0990359
-0.0915530
-0.0832814
-0.0802383
-0.0784137
-0.0684172
-0.0468773
-0.0206576
0.0008032
0.0146466
0.0236055
0.0276286
0.0216658
0.0049353
-0.0103560
-0.0056684
0.0250106
0.0647597
0.0862341
0.0765796
0.0491727
0.0298153
0.0320804
0.0469662
0.0550095
0.0451995
0.0210903
-0.0080221
-0.0370173
-0.0653133
-0.0915743
-0.1124564
-0.1265947
-0.1363294
-0.1433944
-0.1449065
-0.1370184
-0.1227852
-0.1129026
-0.1155448
-0.1264548
-0.1326148
-0.1269433
-0.1166654
-0.1144858
-0.1228958
-0.1308580
-0.1266189
-0.1106717
-0.0948367
-0.0926209
-0.1135638
-0.1593811
-0.2089968
-0.1993151
-0.0379432
0.3285392
0.8310748
1.2677630
1.4122578
1.1727647
0.6650154
0.1273715
-0.2488442
-0.4244101
-0.4760218
-0.4831662
-0.4611709
-0.3895172
-0.2747576
-0.1647733
-0.1047430
-0.0955345
-0.1028378
-0.0989833
-0.0856061
-0.0777081
-0.0780400
-0.0750526
-0.0614912
-0.0454215
-0.0397545
-0.0457116
-0.0516564
-0.0475744
-0.0365755
-0.0302298
-0.0345847
-0.0433981
-0.0451715
-0.0349968
-0.0186452
-0.0062114
-0.0031222
-0.0069525
-0.0111720
-0.0107609
-0.0048673
0.0040448
0.0123007
0.0169008
0.0173662
0.0170705
0.0219275
0.0356942
0.0555909
0.0735472
0.0832050
0.0858877
0.0889825
0.0983371
0.1129523
0.1274014
0.1384977
0.1483887
0.1612232
0.1782822
0.1975446
0.2173036
0.2382120
0.2608012
0.2822811
0.2979404
0.3063814
0.3121042
0.3213810
0.3353749
0.3483388
0.3535772
0.3512033
0.3492495
0.3564076
0.3735829
0.3927987
0.4042061
0.4037044
0.3940305
0.3798912
0.3633644
0.3436383
0.3194093
0.2902941
0.2565491
0.2190960
0.1806620
0.1460132
0.1193724
0.1006959
0.0849777
0.0662678
0.0428969
0.0186848
-0.0009987
-0.0142192
-0.0237913
-0.0342256
-0.0475165
-0.0613659
-0.0709993
-0.0729924
-0.0682647
-0.0620918
-0.0609598
-0.0680770
-0.0804576
-0.0902027
-0.0902922
-0.0811682
-0.0719794
-0.0736687
-0.0889243
-0.1085692
-0.1189217
-0.1138523
-0.0999435
-0.0897137
-0.0899263
-0.0967445
-0.1017130
-0.1009923
-0.0979140
-0.0977156
-0.1020049
-0.1089429
-0.1168434
-0.1252953
-0.1328555
-0.1359813
-0.1322549
-0.1245069
-0.1199494
-0.1236342
-0.1327316
-0.1385945
-0.1356381
-0.1278478
-0.1251167
-0.1325005
-0.1441377
-0.1492662
-0.1442006
-0.1366664
-0.1370206
-0.1461245
-0.1541350
-0.1519570
-0.1417570
-0.1337865
-0.1337193
-0.1367365
-0.1356997
-0.1319350
-0.1334756
-0.1426755
-0.1503405
-0.1458296
-0.1312757
-0.1212656
-0.1268205
-0.1425096
-0.1524368
-0.1481136
-0.1370922
-0.1330059
-0.1401188
-0.1506128
-0.1555644
-0.1542007
-0.1509087
-0.1469421
-0.1396378
-0.1295624
-0.1237952
-0.1286664
-0.1405879
-0.1480036
-0.1440839
-0.1352471
-0.1340928
-0.1439778
-0.1536272
-0.1491569
-0.1301216
-0.1109634
-0.1061927
-0.1162248
-0.1289650
-0.1334732
-0.1295463
-0.1243107
-0.1227759
-0.1242004
-0.1262704
-0.1289589
-0.1323625
-0.1329956
-0.1259996
-0.1120182
-0.0993830
-0.0968502
-0.1042615
-0.1122112
-0.1117689
-0.1037425
-0.0975694
-0.1013118
-0.1132477
-0.1232229
-0.1219213
-0.1090180
-0.0930912
-0.0842265
-0.0863330
-0.0953007
-0.1033932
-0.1054270
-0.1017989
-0.0967216
-0.0941086
-0.0950765
-0.0985549
-0.1027363
-0.1048261
-0.1002756
-0.0848789
-0.0595993
-0.0327577
-0.0150154
-0.0102846
-0.0117966
-0.0088087
0.0018042
0.0115817
0.0098892
-0.0023182
-0.0099096
0.0030932
0.0369700
0.0736734
0.0912792
0.0816993
0.0557205
0.0325416
0.0244411
0.0289369
0.0325024
0.0212160
-0.0092619
-0.0502658
-0.0856079
-0.1033186
-0.1053093
-0.1056451
-0.1169160
-0.1370595
-0.1510870
-0.1474079
-0.1314632
-0.1208673
-0.1266961
-0.1418400
-0.1496144
-0.1423568
-0.1283081
-0.1197440
-0.1183538
-0.1162827
-0.1097255
-0.1050798
-0.1092193
-0.1198728
-0.1326070
-0.1523840
-0.1811814
-0.1824844
-0.0697276
0.2376715
0.7177826
1.2031161
1.4599247
1.3463773
0.9175126
0.3816089
-0.0526330
-0.3019716
-0.4103792
-0.4560538
-0.4714519
-0.4434567
-0.3640616
-0.2596724
-0.1708993
-0.1173653
-0.0905326
-0.0751547
-0.0671772
-0.0691187
-0.0771016
-0.0812145
-0.0777474
-0.0738655
-0.0767785
-0.0821228
-0.0779595
-0.0599028
-0.0381196
-0.0272288
-0.0312206
-0.0408177
-0.0450433
-0.0424578
-0.0397340
-0.0414481
-0.0444952
-0.0428266
-0.0348444
-0.0240689
-0.0139953
-0.0051880
0.0022701
0.0062547
0.0049085
0.0008398
0.0006177
0.0087814
0.0231258
0.0372075
0.0474117
0.0561815
0.0677449
0.0822142
0.0958232
0.1065541
0.1170596
0.1308925
0.1477380
0.1646189
0.1810511
0.2000092
0.2225049
0.2435141
0.2565688
0.2628256
0.2726503
0.2952759
0.3272418
0.3539739
0.3644142
0.3625830
0.3627308
0.3738685
0.3914395
0.4043033
0.4070803
0.4037217
0.4007771
0.4004217
0.4004895
0.3982381
0.3913021
0.3760427
0.3488448
0.3112139
0.2715813
0.2386023
0.2121980
0.1839569
0.1480580
0.1098444
0.0808996
0.0661063
0.0583035
0.0465476
0.0274096
0.0063284
-0.0104898
-0.0222041
-0.0309869
-0.0370927
-0.0396650
-0.0413378
-0.0474392
-0.0582024
-0.0646685
-0.0568410
-0.0363762
-0.0176800
-0.0142195
-0.0254431
-0.0393161
-0.0464050
-0.0483415
-0.0521898
-0.0599559
-0.0665847
-0.0671291
-0.0624111
-0.0565634
-0.0518208
-0.0484777
-0.0484207
-0.0544263
-0.0646565
-0.0714492
-0.0692500
-0.0626560
-0.0625915
-0.0732546
-0.0857275
-0.0872363
-0.0758182
-0.0630777
-0.0617735
-0.0726741
-0.0851716
-0.0895038
-0.0858477
-0.0813408
-0.0811657
-0.0847784
-0.0890806
-0.0916957
-0.0907217
-0.0847008
-0.0753448
-0.0685459
-0.0694010
-0.0759424
-0.0804811
-0.0787792
-0.0761367
-0.0815358
-0.0954645
-0.1063150
-0.1014969
-0.0817160
-0.0617741
-0.0561910
-0.0654767
-0.0776544
-0.0817204
-0.0774926
-0.0729874
-0.0750070
-0.0833077
-0.0918249
-0.0934693
-0.0846356
-0.0678564
-0.0513855
-0.0446205
-0.0512695
-0.0658200
-0.0775514
-0.0792885
-0.0726128
-0.0646694
-0.0608473
-0.0613165
-0.0634090
-0.0649774
-0.0650602
-0.0635381
-0.0617775
-0.0622995
-0.0657564
-0.0687023
-0.0667107
-0.0605178
-0.0571159
-0.0625108
-0.0736251
-0.0797164
-0.0734053
-0.0593496
-0.0500709
-0.0530893
-0.0638754
-0.0719889
-0.0721346
-0.0675911
-0.0645345
-0.0659940
-0.0712021
-0.0775288
-0.0812243
-0.0785362
-0.0693510
-0.0597015
-0.0576776
-0.0649265
-0.0736531
-0.0746453
-0.0682722
-0.0646720
-0.0712561
-0.0822267
-0.0840859
-0.0716537
-0.0551458
-0.0493469
-0.0579204
-0.0710875
-0.0775745
-0.0752492
-0.0692056
-0.0628130
-0.0541203
-0.0405085
-0.0233975
-0.0065276
0.0083357
0.0209753
0.0286159
0.0265210
0.0156135
0.0073133
0.0159686
0.0443024
0.0780356
0.0971226
0.0928079
0.0737448
0.0565272
0.0512399
0.0552996
0.0588112
0.0538822
0.0389815
0.0166901
-0.0101244
-0.0393276
-0.0684206
-0.0941501
-0.1134095
-0.1241551
-0.1259974
-0.1210106
-0.1141299
-0.1115033
-0.1166351
-0.1269946
-0.1349665
-0.1342254
-0.1265860
-0.1212183
-0.1245190
-0.1309117
-0.1271726
-0.1083844
-0.0877305
-0.0866880
-0.1143251
-0.1573224
-0.1886132
-0.1793118
-0.0977119
0.0952272
0.4269366
0.8670096
1.2959531
1.5413616
1.4784271
1.1194256
0.6108828
0.1359043
-0.1948377
-0.3764026
-0.4592492
-0.4823294
-0.4535748
-0.3771588
-0.2787435
-0.1954878
-0.1469972
-0.1243815
-0.1079800
-0.0897151
-0.0756835
-0.0722215
-0.0759437
-0.0778296
-0.0729585
-0.0641488
-0.0578163
-0.0579919
-0.0633652
-0.0682177
-0.0662026
-0.0551107
-0.0394953
-0.0281692
-0.0273489
-0.0351895
-0.0434746
-0.0452177
-0.0402472
-0.0333475
-0.0285078
-0.0263396
-0.0257530
-0.0253436
-0.0226313
-0.0144252
-0.0000777
0.0161532
0.0277219
0.0315226
0.0307227
0.0316117
0.0377170
0.0472547
0.0563550
0.0641795
0.0740769
0.0898216
0.1116931
0.1365081
0.1604400
0.1811352
0.1981389
0.2127437
0.2274507
0.2444962
0.2641986
0.2846829
0.3033105
0.3186917
0.3317983
0.3451019
0.3601089
0.3756989
0.3893692
0.3999650
0.4083960
0.4157212
0.4216133
0.4250349
0.4252772
0.4214470
0.4116654
0.3941415
0.3695349
0.3417720
0.3156897
0.2931418
0.2712743
0.2451542
0.2125409
0.1760414
0.1408612
0.1112203
0.0886762
0.0719303
0.0569223
0.0386550
0.0155876
-0.0073277
-0.0217585
-0.0234979
-0.0168318
-0.0112008
-0.0135712
-0.0236494
-0.0355569
-0.0435229
-0.0462591
-0.0468536
-0.0494447
-0.0559501
-0.0646591
-0.0709596
-0.0703697
-0.0625943
-0.0526378
-0.0466011
-0.0463180
-0.0493110
-0.0535230
-0.0595341
-0.0672306
-0.0730734
-0.0737633
-0.0720270
-0.0753784
-0.0871385
-0.1001610
-0.1024692
-0.0902853
-0.0737252
-0.0673718
-0.0755290
-0.0888885
-0.0958083
-0.0940944
-0.0903524
-0.0907323
-0.0957733
-0.1031164
-0.1108598
-0.1166658
-0.1166093
-0.1083086
-0.0952423
-0.0857248
-0.0860561
-0.0948109
-0.1045421
-0.1090055
-0.1080541
-0.1057678
-0.1055108
-0.1077230
-0.1107700
-0.1117265
-0.1072822
-0.0969937
-0.0862132
-0.0829045
-0.0895772
-0.0998464
-0.1048501
-0.1022839
-0.0974793
-0.0962840
-0.0991757
-0.1029452
-0.1059288
-0.1089672
-0.1112563
-0.1083023
-0.0969111
-0.0815806
-0.0725439
-0.0757141
-0.0863054
-0.0941475
-0.0940438
-0.0891906
-0.0858576
-0.0874384
-0.0932770
-0.1001237
-0.1034300
-0.0994516
-0.0886222
-0.0768004
-0.0713882
-0.0750269
-0.0833987
-0.0899436
-0.0923566
-0.0931722
-0.0942024
-0.0932885
-0.0887829
-0.0850009
-0.0886790
-0.0992095
-0.1062889
-0.1002271
-0.0831213
-0.0672956
-0.0631130
-0.0701679
-0.0800784
-0.0854727
-0.0850377
-0.0815271
-0.0778099
-0.0759017
-0.0775866
-0.0828200
-0.0874453
-0.0856364
-0.0764576
-0.0661131
-0.0616702
-0.0639838
-0.0688947
-0.0736712
-0.0787289
-0.0833983
-0.0844053
-0.0809083
-0.0781499
-0.0817900
-0.0881098
-0.0836232
-0.0583251
-0.0192352
0.0129471
0.0232076
0.0164090
0.0094437
0.0111450
0.0150283
0.0126958
0.0085915
0.0160176
0.0397100
0.0673840
0.0809146
0.0743375
0.0588548
0.0502064
0.0526625
0.0563836
0.0492782
0.0288674
0.0018751
-0.0249039
-0.0502165
-0.0757574
-0.1012912
-0.1234906
-0.1381229
-0.1426822
-0.1381341
-0.1291577
-0.1223088
-0.1227600
-0.1312358
-0.1427558
-0.1491203
-0.1454855
-0.1359113
-0.1304302
-0.1346268
-0.1433519
-0.1466416
-0.1406889
-0.1309353
-0.1261265
-0.1333946
-0.1580410
-0.1979575
-0.2258831
-0.1765753
0.0287184
0.4137733
0.8840293
1.2422333
1.3015772
1.0172141
0.5217372
0.0297253
-0.3040799
-0.4537739
-0.4809364
-0.4496215
-0.3847621
-0.2930111
-0.1957368
-0.1262739
-0.1001721
-0.1020100
-0.1061472
-0.1030812
-0.0997586
-0.1003776
-0.0977046
-0.0847568
-0.0670463
-0.0575665
-0.0618654
-0.0721728
-0.0762339
-0.0694007
-0.0573511
-0.0488880
-0.0481279
-0.0531528
-0.0590522
-0.0601795
-0.0520329
-0.0355063
-0.0195003
-0.0149023
-0.0234891
-0.0350576
-0.0376353
-0.0290513
-0.0170737
-0.0101226
-0.0099369
-0.0120611
-0.0109503
-0.0041380
0.0073829
0.0216504
0.0375446
0.0539075
0.0685658
0.0802044
0.0907416
0.1039975
0.1217727
0.1420007
0.1602354
0.1726022
0.1793291
0.1869816
0.2047693
0.2351818
0.2690168
0.2929658
0.3026305
0.3061257
0.3148031
0.3322146
0.3522675
0.3664410
0.3718677
0.3726928
0.3742702
0.3775398
0.3803579
0.3824785
0.3853677
0.3868840
0.3804319
0.3618784
0.3349427
0.3074788
0.2837467
0.2615806
0.2355888
0.2021530
0.1631081
0.1257582
0.0978805
0.0815174
0.0720369
0.0628665
0.0500447
0.0333137
0.0152893
-0.0004407
-0.0121502
-0.0206518
-0.0262259
-0.0269735
-0.0227072
-0.0183974
-0.0198400
-0.0263366
-0.0309269
-0.0280992
-0.0192891
-0.0112462
-0.0106511
-0.0191429
-0.0315327
-0.0398094
-0.0406486
-0.0381779
-0.0385469
-0.0434924
-0.0498938
-0.0531097
-0.0498876
-0.0411890
-0.0336395
-0.0349374
-0.0457359
-0.0584224
-0.0651654
-0.0646399
-0.0604357
-0.0567567
-0.0570516
-0.0629583
-0.0721098
-0.0790694
-0.0796892
-0.0732566
-0.0615284
-0.0488882
-0.0421920
-0.0456587
-0.0554476
-0.0629292
-0.0636728
-0.0607269
-0.0601277
-0.0657577
-0.0763044
-0.0840227
-0.0797622
-0.0637783
-0.0484833
-0.0453181
-0.0516540
-0.0559859
-0.0532427
-0.0489432
-0.0499539
-0.0567381
-0.0643556
-0.0678787
-0.0677320
-0.0702616
-0.0791759
-0.0864502
-0.0791223
-0.0574905
-0.0385827
-0.0375794
-0.0527545
-0.0716689
-0.0837278
-0.0833215
-0.0708066
-0.0562932
-0.0539455
-0.0665441
-0.0819583
-0.0876410
-0.0813153
-0.0674623
-0.0540801
-0.0525363
-0.0668646
-0.0827277
-0.0822166
-0.0696009
-0.0646835
-0.0715424
-0.0767534
-0.0793805
-0.0936614
-0.1150322
-0.1157742
-0.0895814
