-0.0416597
-0.0404922
-0.0523403
-0.0534328
-0.0453655
-0.0447115
-0.0521275
-0.0542898
-0.0499741
-0.0524497
-0.0664563
-0.0801431
-0.0818087
-0.0719804
-0.0577149
-0.0455486
-0.0410383
-0.0462167
-0.0562067
-0.0645187
-0.0708349
-0.0779013
-0.0833405
-0.0816167
-0.0726304
-0.0621109
-0.0546426
-0.0512592
-0.0518957
-0.0552034
-0.0579377
-0.0591733
-0.0629819
-0.0723905
-0.0826962
-0.0853732
-0.0777089
-0.0654575
-0.0570422
-0.0570029
-0.0631327
-0.0684181
-0.0681504
-0.0660586
-0.0698563
-0.0794458
-0.0842417
-0.0754758
-0.0579069
-0.0456311
-0.0475489
-0.0591082
-0.0675239
-0.0644085
-0.0545547
-0.0520297
-0.0652917
-0.0863213
-0.0973329
-0.0887036
-0.0680179
-0.0514456
-0.0486153
-0.0557319
-0.0607122
-0.0547225
-0.0409715
-0.0324875
-0.0394837
-0.0589419
-0.0779081
-0.0860769
-0.0834308
-0.0769976
-0.0730711
-0.0725723
-0.0718645
-0.0675505
-0.0609395
-0.0569587
-0.0581581
-0.0615487
-0.0625480
-0.0601012
-0.0559496
-0.0502501
-0.0404285
-0.0248092
-0.0069516
0.0035369
-0.0040404
-0.0322202
-0.0694664
-0.0957315
-0.0968717
-0.0748524
-0.0449219
-0.0240771
-0.0207970
-0.0316684
-0.0454100
-0.0517151
-0.0488813
-0.0439720
-0.0457749
-0.0574367
-0.0746868
-0.0899309
-0.0985122
-0.1019407
-0.1045225
-0.1066325
-0.1035212
-0.0925295
-0.0792098
-0.0727842
-0.0760372
-0.0829896
-0.0868864
-0.0871110
-0.0864406
-0.0843171
-0.0771174
-0.0660973
-0.0616756
-0.0751910
-0.1050031
-0.1330955
-0.1357168
-0.0913720
0.0264749
0.2546071
0.6132565
1.0540290
1.4384487
1.5953570
1.4316384
1.0059419
0.4954624
0.0790613
-0.1654420
-0.2706999
-0.3082183
-0.3173377
-0.2965972
-0.2422175
-0.1745550
-0.1237903
-0.1013112
-0.0947323
-0.0886131
-0.0820815
-0.0837160
-0.0945019
-0.1024230
-0.0953412
-0.0755098
-0.0575260
-0.0524145
-0.0571446
-0.0607993
-0.0578785
-0.0528483
-0.0531971
-0.0609820
-0.0711188
-0.0759404
-0.0713277
-0.0601997
-0.0507022
-0.0497742
-0.0572389
-0.0659444
-0.0680842
-0.0621068
-0.0539495
-0.0510033
-0.0539700
-0.0550048
-0.0452031
-0.0241778
-0.0013031
0.0126832
0.0145979
0.0099202
0.0069055
0.0102425
0.0191051
0.0300001
0.0412630
0.0547752
0.0732401
0.0964798
0.1212825
0.1444842
0.1651262
0.1838137
0.2012900
0.2180468
0.2344543
0.2506519
0.2665637
0.2824028
0.2993104
0.3193634
0.3440605
0.3716309
0.3961834
0.4115492
0.4170928
0.4184328
0.4208858
0.4227503
0.4165901
0.3974275
0.3688436
0.3403785
0.3186003
0.3005068
0.2762011
0.2391085
0.1937463
0.1524646
0.1239834
0.1056337
0.0870863
0.0610194
0.0298167
0.0025864
-0.0136044
-0.0197499
-0.0231002
-0.0302240
-0.0421620
-0.0555022
-0.0663949
-0.0729491
-0.0755648
-0.0768120
-0.0800918
-0.0861203
-0.0906127
-0.0876694
-0.0767641
-0.0651887
-0.0617747
-0.0678492
-0.0753947
-0.0751399
-0.0664484
-0.0582184
-0.0593177
-0.0688837
-0.0772789
-0.0762429
-0.0665710
-0.0558604
-0.0507985
-0.0526285
-0.0581776
-0.0630002
-0.0639648
-0.0610590
-0.0576940
-0.0581834
-0.0635317
-0.0695276
-0.0699845
-0.0629050
-0.0533558
-0.0491387
-0.0530675
-0.0603639
-0.0643354
-0.0636024
-0.0624760
-0.0649780
-0.0703103
-0.0743011
-0.0736975
-0.0684937
-0.0614584
-0.0565140
-0.0567530
-0.0623655
-0.0698713
-0.0741991
-0.0728447
-0.0685693
-0.0672704
-0.0720466
-0.0793441
-0.0820100
-0.0765738
-0.0668332
-0.0599991
-0.0600856
-0.0652917
-0.0706439
-0.0722978
-0.0701581
-0.0676519
-0.0688350
-0.0746115
-0.0813532
-0.0837312
-0.0794722
-0.0715429
-0.0655957
-0.0649908
-0.0680786
-0.0704088
-0.0695615
-0.0673791
-0.0673324
-0.0704168
-0.0741831
-0.0751632
-0.0715751
-0.0644992
-0.0577032
-0.0557736
-0.0604245
-0.0679115
-0.0714910
-0.0679001
-0.0612171
-0.0592221
-0.0654682
-0.0753752
-0.0806363
-0.0772756
-0.0687552
-0.0613520
-0.0579536
-0.0573621
-0.0581309
-0.0603130
-0.0631738
-0.0640960
-0.0619072
-0.0597735
-0.0619500
-0.0675097
-0.0697974
-0.0637567
-0.0527237
-0.0459073
-0.0487038
-0.0569662
-0.0621022
-0.0609798
-0.0587084
-0.0611835
-0.0670193
-0.0688917
-0.0621930
-0.0503737
-0.0414818
-0.0407032
-0.0462293
-0.0506040
-0.0455703
-0.0281007
-0.0046939
0.0103905
0.0046878
-0.0209921
-0.0500495
-0.0617709
-0.0486982
-0.0232641
-0.0061467
-0.0074752
-0.0198681
-0.0291383
-0.0292789
-0.0256980
-0.0261856
-0.0323914
-0.0406955
-0.0483387
-0.0558181
-0.0637820
-0.0704203
-0.0735688
-0.0740507
-0.0745961
-0.0754793
-0.0738861
-0.0691614
-0.0663203
-0.0707784
-0.0797957
-0.0831513
-0.0746824
-0.0606696
-0.0531047
-0.0552003
-0.0579002
-0.0529817
-0.0462739
-0.0527544
-0.0779505
-0.1081370
-0.1197326
-0.0909671
0.0035490
0.2028964
0.5396441
0.9844183
1.4081452
1.6249420
1.5086118
1.0912193
0.5509514
0.0924422
-0.1786480
-0.2856895
-0.3111368
-0.3107306
-0.2897463
-0.2392193
-0.1718714
-0.1169033
-0.0908907
-0.0853620
-0.0825219
-0.0753596
-0.0692703
-0.0692201
-0.0716567
-0.0694348
-0.0606024
-0.0498344
-0.0427470
-0.0411239
-0.0432221
-0.0462949
-0.0480648
-0.0476825
-0.0468036
-0.0485331
-0.0534331
-0.0571743
-0.0544335
-0.0456266
-0.0377622
-0.0370111
-0.0412963
-0.0420932
-0.0339281
-0.0208150
-0.0121882
-0.0127613
-0.0175023
-0.0170226
-0.0071273
0.0077075
0.0196486
0.0249567
0.0262493
0.0290083
0.0368196
0.0490778
0.0619758
0.0718713
0.0788698
0.0875457
0.1033565
0.1274471
0.1549133
0.1788442
0.1967163
0.2127607
0.2333956
0.2600598
0.2872332
0.3082655
0.3227894
0.3373484
0.3584566
0.3856879
0.4119004
0.4297737
0.4378642
0.4408603
0.4446444
0.4510186
0.4563860
0.4547440
0.4419837
0.4183675
0.3881185
0.3567255
0.3274149
0.2991000
0.2678631
0.2311312
0.1905902
0.1508655
0.1155878
0.0851385
0.0580436
0.0338620
0.0141743
0.0006660
-0.0074823
-0.0137868
-0.0216257
-0.0312947
-0.0402663
-0.0463043
-0.0497926
-0.0528704
-0.0568507
-0.0608913
-0.0628840
-0.0612875
-0.0563926
-0.0503744
-0.0461328
-0.0454267
-0.0474112
-0.0489523
-0.0472052
-0.0427399
-0.0397517
-0.0417443
-0.0464314
-0.0463892
-0.0366751
-0.0217400
-0.0128855
-0.0174820
-0.0311050
-0.0414517
-0.0404028
-0.0318001
-0.0269601
-0.0327056
-0.0443381
-0.0506489
-0.0454958
-0.0339356
-0.0270234
-0.0311078
-0.0423861
-0.0514808
-0.0528914
-0.0499045
-0.0502974
-0.0573781
-0.0658931
-0.0675251
-0.0602429
-0.0510740
-0.0489815
-0.0556749
-0.0643983
-0.0676206
-0.0648678
-0.0623715
-0.0655349
-0.0728076
-0.0774757
-0.0749447
-0.0673958
-0.0612498
-0.0609075
-0.0653909
-0.0702812
-0.0719467
-0.0701438
-0.0676010
-0.0674449
-0.0703577
-0.0737159
-0.0738569
-0.0697806
-0.0646344
-0.0630081
-0.0662994
-0.0708931
-0.0716235
-0.0675231
-0.0636686
-0.0662783
-0.0756065
-0.0844370
-0.0845142
-0.0746377
-0.0621280
-0.0561742
-0.0596544
-0.0672053
-0.0710271
-0.0685151
-0.0642088
-0.0643378
-0.0698375
-0.0752219
-0.0743370
-0.0667324
-0.0580865
-0.0546269
-0.0574668
-0.0623565
-0.0646283
-0.0639775
-0.0641239
-0.0678924
-0.0732083
-0.0745412
-0.0684595
-0.0575931
-0.0489254
-0.0478842
-0.0536993
-0.0604514
-0.0629628
-0.0616877
-0.0613219
-0.0645135
-0.0679940
-0.0661416
-0.0582007
-0.0504704
-0.0501641
-0.0574170
-0.0646224
-0.0644496
-0.0580328
-0.0540707
-0.0593013
-0.0705491
-0.0772040
-0.0717518
-0.0573969
-0.0452029
-0.0440525
-0.0532222
-0.0639293
-0.0677078
-0.0638883
-0.0596607
-0.0626574
-0.0726507
-0.0802051
-0.0743027
-0.0527427
-0.0259685
-0.0101828
-0.0150188
-0.0362895
-0.0600712
-0.0739623
-0.0749651
-0.0678493
-0.0580876
-0.0479022
-0.0382631
-0.0318130
-0.0315045
-0.0366420
-0.0425390
-0.0458641
-0.0497429
-0.0612136
-0.0821041
-0.1036091
-0.1125834
-0.1043956
-0.0882854
-0.0785235
-0.0807319
-0.0883000
-0.0919312
-0.0903510
-0.0899643
-0.0952925
-0.1027393
-0.1049862
-0.0996032
-0.0908939
-0.0837450
-0.0786835
-0.0745289
-0.0736434
-0.0810828
-0.0973923
-0.1123456
-0.1035584
-0.0379343
0.1224451
0.4014238
0.7765674
1.1568829
1.4039359
1.4018680
1.1329233
0.6962959
0.2486957
-0.0878413
-0.2783326
-0.3560836
-0.3673588
-0.3370423
-0.2760222
-0.2026234
-0.1437320
-0.1151941
-0.1091755
-0.1059589
-0.0961913
-0.0874137
-0.0892869
-0.0979885
-0.0996440
-0.0876915
-0.0717729
-0.0669136
-0.0762355
-0.0878281
-0.0888730
-0.0799614
-0.0733233
-0.0779298
-0.0890059
-0.0934881
-0.0845758
-0.0689484
-0.0593422
-0.0615158
-0.0697149
-0.0742424
-0.0717039
-0.0670252
-0.0663023
-0.0691668
-0.0690347
-0.0607058
-0.0468025
-0.0356526
-0.0324935
-0.0335888
-0.0301569
-0.0182016
-0.0033387
0.0051629
0.0049352
0.0039777
0.0128162
0.0336048
0.0580188
0.0761080
0.0860967
0.0944916
0.1074647
0.1243263
0.1403575
0.1543915
0.1711709
0.1955746
0.2259114
0.2544902
0.2750775
0.2889614
0.3029425
0.3215635
0.3422314
0.3585954
0.3682614
0.3759263
0.3879458
0.4039536
0.4150031
0.4112701
0.3918864
0.3661307
0.3437131
0.3242134
0.2978778
0.2577963
0.2098341
0.1682236
0.1410501
0.1220813
0.0984159
0.0650777
0.0298150
0.0032762
-0.0130486
-0.0268464
-0.0439469
-0.0606246
-0.0687729
-0.0668999
-0.0627209
-0.0642035
-0.0706819
-0.0751956
-0.0746060
-0.0742554
-0.0810806
-0.0937330
-0.1021871
-0.0979955
-0.0835778
-0.0698420
-0.0648595
-0.0664604
-0.0666807
-0.0620263
-0.0571430
-0.0579942
-0.0634501
-0.0659022
-0.0604105
-0.0513908
-0.0484117
-0.0554045
-0.0657233
-0.0692336
-0.0637119
-0.0574486
-0.0598409
-0.0706756
-0.0802989
-0.0802367
-0.0720727
-0.0650215
-0.0657687
-0.0722644
-0.0776502
-0.0787203
-0.0788769
-0.0827768
-0.0897026
-0.0937430
-0.0904492
-0.0820601
-0.0753602
-0.0748402
-0.0788427
-0.0825268
-0.0837850
-0.0853168
-0.0906984
-0.0991375
-0.1051419
-0.1037934
-0.0958483
-0.0869937
-0.0822659
-0.0820072
-0.0834651
-0.0852743
-0.0890062
-0.0960505
-0.1040120
-0.1074985
-0.1030309
-0.0928642
-0.0834016
-0.0796099
-0.0810338
-0.0832115
-0.0827585
-0.0810202
-0.0828717
-0.0917156
-0.1050735
-0.1150491
-0.1141951
-0.1022449
-0.0872830
-0.0793215
-0.0817700
-0.0891055
-0.0931591
-0.0914070
-0.0883930
-0.0890047
-0.0917260
-0.0903078
-0.0823775
-0.0744984
-0.0763698
-0.0896297
-0.1041898
-0.1074804
-0.0973200
-0.0843531
-0.0810832
-0.0891801
-0.0985533
-0.0987080
-0.0896631
-0.0807707
-0.0796048
-0.0839255
-0.0855196
-0.0807818
-0.0753990
-0.0776662
-0.0880925
-0.0972065
-0.0945463
-0.0796984
-0.0637650
-0.0592581
-0.0682922
-0.0809080
-0.0852210
-0.0790831
-0.0714992
-0.0726744
-0.0831791
-0.0933296
-0.0931144
-0.0822149
-0.0699626
-0.0658369
-0.0707651
-0.0778907
-0.0808637
-0.0800633
-0.0805038
-0.0848221
-0.0896202
-0.0889610
-0.0809133
-0.0701763
-0.0641013
-0.0658988
-0.0713707
-0.0722367
-0.0632925
-0.0473439
-0.0337426
-0.0316133
-0.0431073
-0.0618732
-0.0776051
-0.0827349
-0.0762397
-0.0627972
-0.0493902
-0.0420767
-0.0436829
-0.0523483
-0.0620873
-0.0665639
-0.0641632
-0.0596639
-0.0600501
-0.0680222
-0.0797386
-0.0890563
-0.0934527
-0.0952280
-0.0975015
-0.1005468
-0.1025963
-0.1027277
-0.1011305
-0.0970417
-0.0889784
-0.0782618
-0.0703239
-0.0698342
-0.0748897
-0.0789860
-0.0798500
-0.0833801
-0.0956244
-0.1122128
-0.1198536
-0.1074924
-0.0673533
0.0222677
0.2074795
0.5285312
0.9565948
1.3593280
1.5528746
1.4210007
1.0056845
0.4850571
0.0529307
-0.1977490
-0.2963540
-0.3242845
-0.3341442
-0.3281303
-0.2920475
-0.2309518
-0.1691045
-0.1259989
-0.1020021
-0.0865909
-0.0737616
-0.0661670
-0.0675395
-0.0757596
-0.0841776
-0.0874676
-0.0848824
-0.0789835
-0.0728181
-0.0681940
-0.0652414
-0.0627982
-0.0596970
-0.0563496
-0.0548417
-0.0567383
-0.0607137
-0.0631449
-0.0617751
-0.0585827
-0.0580540
-0.0618467
-0.0654240
-0.0612277
-0.0463926
-0.0272510
-0.0147989
-0.0144109
-0.0202393
-0.0210329
-0.0120024
0.0000901
0.0048191
0.0007489
-0.0014101
0.0105539
0.0370151
0.0650452
0.0806361
0.0816675
0.0784293
0.0825035
0.0967147
0.1157959
0.1345610
0.1532569
0.1752133
0.2014646
0.2292116
0.2549844
0.2778616
0.2992074
0.3201780
0.3402370
0.3576613
0.3706450
0.3781227
0.3808073
0.3821338
0.3871246
0.3984405
0.4127956
0.4221758
0.4198495
0.4055043
0.3841254
0.3598566
0.3316038
0.2951797
0.2496111
0.2008276
0.1587368
0.1301613
0.1136520
0.1002648
0.0797541
0.0480318
0.0107269
-0.0203478
-0.0361360
-0.0378030
-0.0356760
-0.0398037
-0.0509056
-0.0608735
-0.0623247
-0.0569530
-0.0536985
-0.0590147
-0.0701360
-0.0785237
-0.0790948
-0.0747556
-0.0717650
-0.0720401
-0.0714084
-0.0653022
-0.0548227
-0.0461818
-0.0443777
-0.0482366
-0.0520475
-0.0517415
-0.0489487
-0.0487927
-0.0538916
-0.0608881
-0.0631948
-0.0573583
-0.0468323
-0.0394772
-0.0410560
-0.0505518
-0.0611805
-0.0658127
-0.0620959
-0.0535329
-0.0464588
-0.0456572
-0.0515221
-0.0601818
-0.0663351
-0.0670404
-0.0637089
-0.0604682
-0.0602394
-0.0624716
-0.0649522
-0.0673477
-0.0717526
-0.0791185
-0.0861112
-0.0872952
-0.0812101
-0.0732605
-0.0710023
-0.0761743
-0.0824110
-0.0818836
-0.0741472
-0.0676148
-0.0716878
-0.0872315
-0.1046693
-0.1115504
-0.1028771
-0.0853554
-0.0720021
-0.0714749
-0.0810361
-0.0894490
-0.0876320
-0.0774009
-0.0697262
-0.0738674
-0.0881162
-0.1014616
-0.1041583
-0.0960811
-0.0849063
-0.0775591
-0.0747792
-0.0735082
-0.0724600
-0.0738622
-0.0802318
-0.0907054
-0.1006826
-0.1042863
-0.0973877
-0.0801905
-0.0587845
-0.0437432
-0.0444236
-0.0618572
-0.0865413
-0.1045420
-0.1075934
-0.0984370
-0.0868790
-0.0808371
-0.0808492
-0.0821839
-0.0810096
-0.0779835
-0.0763660
-0.0776415
-0.0796801
-0.0793123
-0.0764060
-0.0748688
-0.0790125
-0.0885350
-0.0972770
-0.0977182
-0.0875983
-0.0724815
-0.0614394
-0.0595199
-0.0640167
-0.0680751
-0.0679361
-0.0663806
-0.0688326
-0.0763468
-0.0832120
-0.0821774
-0.0721330
-0.0601471
-0.0553903
-0.0608487
-0.0709672
-0.0771381
-0.0749985
-0.0663283
-0.0548547
-0.0419314
-0.0274086
-0.0140991
-0.0092852
-0.0196725
-0.0439487
-0.0708978
-0.0862685
-0.0830408
-0.0662421
-0.0484359
-0.0401495
-0.0430365
-0.0502473
-0.0525731
-0.0455017
-0.0326184
-0.0232946
-0.0260140
-0.0418944
-0.0636033
-0.0810179
-0.0889449
-0.0899815
-0.0902669
-0.0929350
-0.0958410
-0.0949522
-0.0890198
-0.0809989
-0.0758240
-0.0768835
