-0.0358479
-0.0072747
-0.0026007
0.0040903
0.0118151
0.0039003
-0.0137526
-0.0184269
-0.0081914
-0.0047628
-0.0193065
-0.0390950
-0.0502346
-0.0541499
-0.0577196
-0.0619636
-0.0648059
-0.0655112
-0.0647113
-0.0661080
-0.0751518
-0.0893027
-0.0953900
-0.0859188
-0.0725070
-0.0722938
-0.0847720
-0.0928705
-0.0848283
-0.0651095
-0.0447061
-0.0297305
-0.0205173
-0.0154237
-0.0134177
-0.0151024
-0.0208406
-0.0277872
-0.0324754
-0.0369456
-0.0467336
-0.0610395
-0.0713075
-0.0725213
-0.0694580
-0.0678377
-0.0656705
-0.0589924
-0.0515812
-0.0526289
-0.0661656
-0.0867638
-0.1051221
-0.1160285
-0.1217758
-0.1285421
-0.1386180
-0.1472292
-0.1488674
-0.1446324
-0.1399166
-0.1369303
-0.1339806
-0.1303064
-0.1260106
-0.1178124
-0.1007888
-0.0754874
-0.0489345
-0.0274499
-0.0120801
-0.0020635
0.0010582
-0.0044353
-0.0153143
-0.0227107
-0.0187337
-0.0054773
0.0038523
-0.0032926
-0.0250039
-0.0463865
-0.0558473
-0.0556720
-0.0546686
-0.0559926
-0.0574164
-0.0603055
-0.0716002
-0.0957750
-0.1282703
-0.1584764
-0.1782322
-0.1869902
-0.1892831
-0.1880118
-0.1816174
-0.1685023
-0.1521375
-0.1392167
-0.1335488
-0.1339253
-0.1367615
-0.1380716
-0.1341262
-0.1239441
-0.1113625
-0.1024812
-0.1020761
-0.1135699
-0.1349034
-0.1415910
-0.0730011
0.1437528
0.5261554
0.9765759
1.3020728
1.3269655
1.0189613
0.5184133
0.0379280
-0.2804830
-0.4265147
-0.4662098
-0.4517971
-0.3927101
-0.2934781
-0.1880534
-0.1224212
-0.1123406
-0.1318659
-0.1450810
-0.1412459
-0.1349345
-0.1385949
-0.1454399
-0.1410305
-0.1228226
-0.1007547
-0.0823586
-0.0661546
-0.0502133
-0.0388296
-0.0359576
-0.0368412
-0.0321659
-0.0195375
-0.0062782
-0.0000153
0.0002702
0.0016700
0.0075888
0.0142066
0.0180017
0.0233458
0.0374219
0.0571868
0.0670910
0.0545634
0.0259787
0.0027534
0.0010399
0.0177572
0.0367627
0.0461464
0.0484100
0.0555710
0.0763244
0.1081698
0.1408352
0.1657673
0.1818987
0.1943766
0.2105581
0.2367588
0.2750551
0.3207674
0.3641522
0.3962063
0.4131241
0.4163242
0.4109912
0.4052674
0.4071890
0.4180400
0.4280133
0.4210963
0.3873824
0.3322833
0.2732958
0.2259968
0.1921656
0.1619884
0.1272319
0.0894397
0.0541704
0.0213442
-0.0133965
-0.0480814
-0.0707272
-0.0703316
-0.0507563
-0.0307023
-0.0280267
-0.0437633
-0.0620861
-0.0663626
-0.0546767
-0.0389845
-0.0305735
-0.0293828
-0.0280825
-0.0231052
-0.0182802
-0.0183384
-0.0220186
-0.0232643
-0.0185763
-0.0117590
-0.0103166
-0.0171886
-0.0275446
-0.0349128
-0.0390238
-0.0450921
-0.0557347
-0.0667461
-0.0722239
-0.0717376
-0.0705599
-0.0741292
-0.0844747
-0.1015193
-0.1245914
-0.1498316
-0.1668177
-0.1622646
-0.1318428
-0.0886207
-0.0553868
-0.0449763
-0.0491857
-0.0494206
-0.0370275
-0.0200902
-0.0109171
-0.0114914
-0.0140056
-0.0130345
-0.0121865
-0.0169719
-0.0243946
-0.0245775
-0.0140115
-0.0031887
-0.0064824
-0.0249807
-0.0438841
-0.0487798
-0.0413605
-0.0362232
-0.0440983
-0.0619196
-0.0794140
-0.0918132
-0.1032495
-0.1183268
-0.1333770
-0.1386968
-0.1298151
-0.1148093
-0.1088326
-0.1217720
-0.1526183
-0.1952833
-0.2455366
-0.2951073
-0.3131355
-0.2362035
0.0058748
0.4272441
0.9303374
1.3202607
1.4071133
1.1322005
0.6161447
0.0828459
-0.2820247
-0.4258752
-0.4139529
-0.3406486
-0.2575718
-0.1711799
-0.0839806
-0.0183974
0.0011121
-0.0227775
-0.0592735
-0.0778125
-0.0733393
-0.0636466
-0.0662756
-0.0810834
-0.0939904
-0.0940189
-0.0842022
-0.0763417
-0.0776512
-0.0844592
-0.0882930
-0.0858185
-0.0814874
-0.0808701
-0.0824696
-0.0774196
-0.0589752
-0.0330150
-0.0172394
-0.0267897
-0.0592027
-0.0941891
-0.1089050
-0.0938417
-0.0556885
-0.0081340
0.0380779
0.0778475
0.1091590
0.1316867
0.1482646
0.1647172
0.1852068
0.2079250
0.2276280
0.2425563
0.2561413
0.2707387
0.2828068
0.2878269
0.2889599
0.2964792
0.3165738
0.3431313
0.3639092
0.3747244
0.3841132
0.4014560
0.4225194
0.4316457
0.4202109
0.3990554
0.3875045
0.3900725
0.3887540
0.3614288
0.3061187
0.2441603
0.1996354
0.1778299
0.1641205
0.1412257
0.1047468
0.0625144
0.0231897
-0.0102264
-0.0363403
-0.0503762
-0.0478795
-0.0328143
-0.0180583
-0.0154521
-0.0259573
-0.0408738
-0.0525570
-0.0626022
-0.0783918
-0.1019564
-0.1243921
-0.1336393
-0.1279108
-0.1191786
-0.1215559
-0.1367452
-0.1523267
-0.1544090
-0.1408955
-0.1219161
-0.1081323
-0.1000542
-0.0896572
-0.0716506
-0.0508365
-0.0368183
-0.0327429
-0.0320160
-0.0267814
-0.0173843
-0.0113783
-0.0139133
-0.0215474
-0.0268331
-0.0278605
-0.0309515
-0.0429166
-0.0622057
-0.0799450
-0.0892323
-0.0902152
-0.0847622
-0.0700848
-0.0430801
-0.0113816
0.0053444
-0.0094653
-0.0522240
-0.1000832
-0.1306878
-0.1402649
-0.1412398
-0.1442386
-0.1470325
-0.1428813
-0.1350695
-0.1361588
-0.1511640
-0.1667467
-0.1627744
-0.1345969
-0.0997947
-0.0805432
-0.0809167
-0.0841508
-0.0722831
-0.0459460
-0.0227641
-0.0173305
-0.0260197
-0.0330525
-0.0291074
-0.0204050
-0.0193374
-0.0297861
-0.0447986
-0.0579209
-0.0731378
-0.1006147
-0.1426188
-0.1862774
-0.2129534
-0.2149982
-0.2013447
-0.1858626
-0.1726326
-0.1556564
-0.1324867
-0.1138773
-0.1159189
-0.1419400
-0.1744804
-0.1880459
-0.1712387
-0.1360317
-0.1048463
-0.0895321
-0.0843263
-0.0780140
-0.0685991
-0.0628587
-0.0634308
-0.0619269
-0.0484548
-0.0261577
-0.0111396
-0.0149570
-0.0296515
-0.0351392
-0.0224803
-0.0052300
-0.0041142
-0.0241252
-0.0530827
-0.0800009
-0.1004677
-0.0924799
0.0039414
0.2542587
0.6494992
1.0559342
1.2689378
1.1510297
0.7394560
0.2223231
-0.1979696
-0.4311100
-0.5126435
-0.5207139
-0.4965980
-0.4393666
-0.3504534
-0.2580909
-0.1943449
-0.1624457
-0.1391839
-0.1072303
-0.0745598
-0.0584538
-0.0587113
-0.0564952
-0.0392176
-0.0176875
-0.0132314
-0.0317612
-0.0569208
-0.0687084
-0.0632711
-0.0517644
-0.0441422
-0.0401342
-0.0363462
-0.0360912
-0.0467217
-0.0683682
-0.0908375
-0.1041837
-0.1088663
-0.1111985
-0.1100949
-0.0941451
-0.0552203
-0.0025065
0.0416771
0.0618762
0.0639306
0.0680477
0.0881240
0.1194650
0.1469092
0.1626533
0.1735749
0.1914257
0.2189062
0.2475258
0.2679533
0.2798021
0.2905297
0.3065310
0.3272548
0.3480254
0.3666612
0.3851196
0.4042278
0.4188797
0.4212835
0.4098829
0.3934371
0.3840849
0.3855315
0.3884777
0.3783043
0.3477336
0.3024885
0.2552769
0.2151172
0.1829197
0.1561376
0.1346464
0.1198139
0.1090277
0.0948131
0.0715833
0.0421806
0.0155387
-0.0024225
-0.0138708
-0.0239459
-0.0320331
-0.0312000
-0.0178707
-0.0001263
0.0071342
-0.0035509
-0.0248781
-0.0435613
-0.0550460
-0.0664851
-0.0845705
-0.1035428
-0.1090218
-0.0946169
-0.0723980
-0.0639075
-0.0798362
-0.1097963
-0.1330884
-0.1383143
-0.1305900
-0.1204209
-0.1093703
-0.0895864
-0.0562281
-0.0166336
0.0148632
0.0300000
0.0324125
0.0306301
0.0279906
0.0217863
0.0111921
0.0019904
0.0007692
0.0058933
0.0075136
-0.0025584
-0.0228581
-0.0452317
-0.0640727
-0.0803202
-0.0966183
-0.1114995
-0.1208965
-0.1248833
-0.1301204
-0.1437997
-0.1661378
-0.1906840
-0.2116224
-0.2283273
-0.2417722
-0.2487742
-0.2427022
-0.2201011
-0.1848150
-0.1448864
-0.1067088
-0.0731966
-0.0462449
-0.0280616
-0.0185630
-0.0129011
-0.0044462
0.0084315
0.0197752
0.0219604
0.0141081
0.0031192
-0.0042443
-0.0091830
-0.0194917
-0.0402530
-0.0666386
-0.0868604
-0.0930393
-0.0894504
-0.0894736
-0.1034486
-0.1290951
-0.1540138
-0.1675662
-0.1700382
-0.1704824
-0.1767513
-0.1887023
-0.2009830
-0.2110097
-0.2225611
-0.2409928
-0.2656271
-0.2875491
-0.2946491
-0.2788340
-0.2403216
-0.1879800
-0.1361229
-0.0976205
-0.0757979
-0.0618034
-0.0419998
-0.0103308
0.0259907
0.0534149
0.0645504
0.0633957
0.0588152
0.0548586
0.0492193
0.0403068
0.0323652
0.0307736
0.0329431
0.0271585
0.0030633
-0.0365272
-0.0754984
-0.0973645
-0.0994340
-0.0950954
-0.1023729
-0.1294708
-0.1699992
-0.2105504
-0.2417978
-0.2628435
-0.2771990
-0.2868712
-0.2904391
-0.2849400
-0.2681236
-0.2396552
-0.2023803
-0.1635288
-0.1329324
-0.1165605
-0.1098143
-0.0987542
-0.0714254
-0.0298394
0.0101089
0.0320016
0.0323389
0.0207907
0.0087537
-0.0001946
-0.0086813
-0.0176751
-0.0237198
-0.0244437
-0.0240412
-0.0303550
-0.0463739
-0.0666704
-0.0832304
-0.0932200
-0.0994084
-0.1043954
-0.1078086
-0.1102454
-0.1170503
-0.1346059
-0.1627129
-0.1936672
-0.2209954
-0.2472099
-0.2786650
-0.3110829
-0.3240430
-0.2963409
-0.2299688
-0.1560255
-0.1115448
-0.1078380
-0.1226504
-0.1246179
-0.1042745
-0.0794205
-0.0713942
-0.0803731
-0.0868890
-0.0753395
-0.0506721
-0.0302918
-0.0247983
-0.0327238
-0.0511457
-0.0780164
-0.0921748
-0.0353756
0.1636415
0.5213942
0.9447323
1.2546221
1.2909804
1.0210944
0.5612182
0.0941824
-0.2448891
-0.4244650
-0.4882437
-0.4917123
-0.4656475
-0.4215783
-0.3695459
-0.3205874
-0.2779170
-0.2361716
-0.1923768
-0.1528744
-0.1253930
-0.1067588
-0.0840788
-0.0499583
-0.0133618
0.0078429
0.0046513
-0.0146818
-0.0335092
-0.0417123
-0.0413540
-0.0401752
-0.0423192
-0.0454476
-0.0446846
-0.0378009
-0.0271926
-0.0182123
-0.0154909
-0.0193448
-0.0249910
-0.0264282
-0.0224794
-0.0185595
-0.0209595
-0.0293528
-0.0367011
-0.0373833
-0.0334951
-0.0305059
-0.0268466
-0.0110836
0.0274565
0.0852396
0.1439949
0.1852065
0.2047826
0.2131146
0.2226740
0.2382082
0.2583282
0.2818585
0.3086213
0.3354447
0.3563701
0.3691831
0.3793242
0.3942455
0.4144245
0.4327917
0.4435316
0.4484105
0.4519276
0.4520913
0.4402636
0.4113950
0.3711985
0.3301811
0.2921408
0.2524473
0.2080192
0.1647282
0.1315484
0.1092138
0.0889692
0.0635489
0.0362563
0.0166917
0.0091444
0.0085650
0.0082901
0.0083447
0.0134374
0.0243664
0.0352448
0.0403134
0.0406227
0.0412690
0.0432494
0.0415660
0.0325913
0.0208399
0.0155544
0.0204295
0.0286141
0.0289992
0.0167970
-0.0027414
-0.0199822
-0.0284545
-0.0271102
-0.0183164
-0.0066902
0.0007800
-0.0024491
-0.0164235
-0.0323745
-0.0395568
-0.0357593
-0.0296672
-0.0314051
-0.0414826
-0.0506835
-0.0506415
-0.0424192
-0.0336364
-0.0291387
-0.0272725
-0.0250357
-0.0233955
-0.0252254
-0.0299616
-0.0337603
-0.0349842
-0.0361974
-0.0390777
-0.0402235
-0.0356648
-0.0287607
-0.0290294
-0.0405916
-0.0545467
-0.0571408
-0.0455778
-0.0316897
-0.0279236
-0.0333766
-0.0384152
-0.0414086
-0.0530755
-0.0793988
-0.1050047
-0.1031580
-0.0661203
-0.0200482
-0.0022288
-0.0226505
-0.0533092
-0.0587758
-0.0340961
-0.0075996
-0.0071442
-0.0298342
-0.0485159
-0.0437938
-0.0228187
-0.0063671
-0.0046284
-0.0112343
-0.0177448
-0.0256607
-0.0407544
-0.0605059
-0.0738272
-0.0740577
-0.0679078
-0.0687193
-0.0828198
-0.1052721
-0.1276457
-0.1455926
-0.1572620
-0.1580657
-0.1420520
-0.1097440
-0.0723379
-0.0458520
-0.0402204
-0.0531218
-0.0728627
-0.0868935
-0.0894885
-0.0838633
-0.0783108
-0.0806273
-0.0958110
-0.1256678
-0.1623277
-0.1739372
-0.0997009
0.1210637
0.4882466
0.8962623
1.1633223
1.1374333
0.8038535
0.3015461
-0.1697242
-0.4731783
-0.5902907
-0.5816319
-0.5134286
-0.4213790
-0.3232617
-0.2390404
-0.1863570
-0.1636364
-0.1502468
-0.1269506
-0.0920280
-0.0562102
-0.0278008
-0.0079270
0.0032199
0.0040484
-0.0017408
-0.0021954
0.0122479
0.0354373
0.0484540
0.0389872
0.0152621
-0.0026241
-0.0040323
0.0034504
0.0069888
0.0054320
0.0086887
0.0216259
0.0346600
0.0341206
0.0194247
0.0048116
0.0027102
0.0091526
0.0095351
-0.0020550
-0.0137852
-0.0089819
0.0141378
0.0397823
0.0524536
0.0539913
0.0595909
0.0785351
0.1039738
0.1242052
0.1404970
0.1680453
0.2178792
0.2817975
0.3392314
0.3780841
0.4045490
0.4309524
0.4581372
0.4751823
0.4763968
0.4726059
0.4802795
0.5003522
0.5131094
0.4974401
0.4534875
0.4026308
0.3642695
0.3353838
0.2957833
0.2329824
0.1586582
0.0982179
0.0650938
0.0482598
0.0264755
-0.0071033
-0.0376780
-0.0469532
-0.0359689
-0.0262591
-0.0370375
-0.0633462
-0.0799220
-0.0674796
-0.0331756
-0.0032246
0.0038995
-0.0053311
-0.0091773
0.0051674
0.0294313
0.0454238
0.0450669
0.0372772
0.0362076
0.0456702
0.0566974
0.0590533
0.0524205
0.0449668
0.0421236
0.0390941
0.0256747
-0.0021301
-0.0366937
-0.0655310
-0.0827252
-0.0925309
-0.1017920
-0.1107127
-0.1131224
-0.1055870
-0.0936474
-0.0868833
-0.0884544
-0.0919424
-0.0895629
-0.0818671
-0.0772099
-0.0816879
-0.0915514
-0.0966685
-0.0903495
-0.0742233
-0.0541188
-0.0337534
-0.0139186
0.0037772
0.0153487
0.0177578
0.0126335
0.0053877
0.0005995
-0.0014891
-0.0046310
-0.0136112
-0.0309308
-0.0544555
-0.0773523
-0.0915733
-0.0933658
-0.0859385
-0.0760705
-0.0681413
-0.0625148
-0.0595141
-0.0620117
-0.0710969
-0.0802212
-0.0784517
-0.0628431
-0.0454122
-0.0428662
-0.0578436
-0.0739824
-0.0735087
-0.0586679
-0.0509374
-0.0664627
-0.0950083
-0.1077053
-0.0866635
-0.0443075
-0.0115491
-0.0082106
-0.0269492
-0.0448019
-0.0465569
-0.0352825
-0.0236027
-0.0201764
-0.0262978
-0.0415156
-0.0665125
-0.0980865
-0.1244460
-0.1310529
-0.1144418
-0.0891144
-0.0769270
-0.0868380
-0.1054453
-0.1096756
-0.0899540
-0.0599305
-0.0422459
-0.0455058
-0.0571695
-0.0591142
-0.0473373
-0.0337401
-0.0299091
-0.0337210
-0.0346245
-0.0296070
-0.0288148
-0.0431374
-0.0687393
-0.0877658
-0.0855973
-0.0658658
-0.0469569
-0.0440413
-0.0555403
-0.0670127
-0.0668443
-0.0570618
-0.0492620
-0.0514781
-0.0602929
-0.0659512
-0.0641336
-0.0610527
-0.0659329
-0.0790480
-0.0889569
-0.0828068
-0.0590841
-0.0294800
-0.0086990
-0.0035846
-0.0114621
-0.0255908
-0.0391557
-0.0454007
-0.0393938
-0.0237985
-0.0112875
-0.0159273
-0.0390708
-0.0655858
-0.0775346
-0.0724657
-0.0665664
-0.0786878
-0.1110089
-0.1426127
-0.1360335
-0.0476170
0.1588943
0.4880623
0.8834443
1.2221545
1.3599630
1.2129576
0.8182807
0.3204344
-0.1128954
-0.3824627
-0.4900153
-0.4993858
-0.4715534
-0.4287508
-0.3644778
-0.2740416
-0.1714486
-0.0812816
-0.0197106
0.0153245
0.0373486
0.0563587
0.0698773
0.0676669
0.0448769
0.0102618
-0.0194002
-0.0335617
-0.0360951
-0.0387275
-0.0473238
-0.0567738
-0.0599065
-0.0586353
-0.0624910
-0.0754645
