0.0123982
0.0113667
-0.0056443
-0.0121778
-0.0066620
-0.0066819
-0.0172516
-0.0267265
-0.0284990
-0.0268744
-0.0237710
-0.0169190
-0.0108357
-0.0144916
-0.0267346
-0.0359477
-0.0356671
-0.0312691
-0.0305392
-0.0353683
-0.0427181
-0.0472813
-0.0441914
-0.0349436
-0.0287558
-0.0323453
-0.0406626
-0.0434858
-0.0388261
-0.0340005
-0.0352887
-0.0418134
-0.0482568
-0.0494037
-0.0436501
-0.0355678
-0.0330346
-0.0387649
-0.0469297
-0.0507275
-0.0504546
-0.0512884
-0.0558204
-0.0616000
-0.0639718
-0.0595792
-0.0496987
-0.0415284
-0.0428384
-0.0532988
-0.0640038
-0.0675659
-0.0660949
-0.0672354
-0.0743301
-0.0822714
-0.0822769
-0.0707900
-0.0549406
-0.0478463
-0.0555765
-0.0696065
-0.0756666
-0.0697890
-0.0619136
-0.0631559
-0.0729696
-0.0804032
-0.0761313
-0.0620706
-0.0497019
-0.0487467
-0.0572442
-0.0643206
-0.0634139
-0.0598881
-0.0631073
-0.0733886
-0.0806758
-0.0758425
-0.0605162
-0.0453630
-0.0402021
-0.0458137
-0.0544274
-0.0581804
-0.0569868
-0.0571680
-0.0628087
-0.0706745
-0.0740943
-0.0697169
-0.0598117
-0.0501512
-0.0464833
-0.0506419
-0.0584202
-0.0627476
-0.0604371
-0.0550161
-0.0522424
-0.0538276
-0.0561365
-0.0542979
-0.0474102
-0.0402514
-0.0391939
-0.0452036
-0.0516321
-0.0508031
-0.0426588
-0.0352194
-0.0362095
-0.0451410
-0.0535373
-0.0524675
-0.0408236
-0.0270906
-0.0216706
-0.0259970
-0.0303909
-0.0245257
-0.0091320
0.0050040
0.0098203
0.0096606
0.0163969
0.0343827
0.0512012
0.0463540
0.0125111
-0.0320105
-0.0559661
-0.0437009
-0.0106779
0.0110104
0.0028538
-0.0241182
-0.0419153
-0.0328397
-0.0050601
0.0170118
0.0163197
-0.0033160
-0.0255626
-0.0395895
-0.0473004
-0.0551843
-0.0641413
-0.0692125
-0.0666952
-0.0588366
-0.0517005
-0.0496498
-0.0520896
-0.0551009
-0.0558318
-0.0550348
-0.0556044
-0.0593503
-0.0649764
-0.0680122
-0.0629299
-0.0476882
-0.0276023
-0.0133479
-0.0137909
-0.0314034
-0.0633698
-0.0998742
-0.1127767
-0.0471129
0.1601286
0.5287365
0.9857436
1.3702240
1.5120631
1.3386460
0.9259954
0.4479885
0.0633462
-0.1673624
-0.2766028
-0.3224042
-0.3319515
-0.3008906
-0.2291146
-0.1431107
-0.0806137
-0.0589627
-0.0639382
-0.0692131
-0.0624717
-0.0512135
-0.0477412
-0.0541102
-0.0619478
-0.0627476
-0.0557218
-0.0469046
-0.0426894
-0.0444765
-0.0486752
-0.0511260
-0.0511535
-0.0514955
-0.0548772
-0.0607389
-0.0647624
-0.0618540
-0.0509890
-0.0376560
-0.0301271
-0.0319599
-0.0386013
-0.0422994
-0.0400209
-0.0356807
-0.0346812
-0.0370604
-0.0366710
-0.0275447
-0.0110288
0.0043849
0.0113658
0.0113998
0.0128713
0.0216896
0.0354296
0.0473453
0.0549042
0.0631454
0.0796911
0.1068406
0.1385836
0.1655934
0.1836159
0.1969777
0.2137001
0.2375821
0.2654975
0.2918904
0.3149952
0.3385558
0.3677896
0.4035021
0.4400110
0.4694684
0.4887898
0.5020052
0.5154728
0.5312985
0.5457611
0.5533625
0.5515975
0.5421205
0.5279495
0.5095551
0.4837262
0.4469447
0.4001654
0.3494655
0.3012169
0.2569223
0.2134174
0.1680702
0.1232452
0.0851756
0.0580827
0.0394939
0.0222081
0.0015498
-0.0198958
-0.0356568
-0.0430868
-0.0466041
-0.0531469
-0.0651540
-0.0781395
-0.0847538
-0.0816248
-0.0731316
-0.0682958
-0.0727559
-0.0832719
-0.0907839
-0.0894773
-0.0826168
-0.0789729
-0.0833824
-0.0912027
-0.0927782
-0.0837184
-0.0700187
-0.0620068
-0.0636351
-0.0692545
-0.0710504
-0.0676510
-0.0639598
-0.0637627
-0.0648380
-0.0620158
-0.0538693
-0.0451113
-0.0420494
-0.0461484
-0.0528332
-0.0568379
-0.0578052
-0.0595346
-0.0640746
-0.0681321
-0.0662663
-0.0572613
-0.0466673
-0.0426610
-0.0488991
-0.0609966
-0.0702967
-0.0717581
-0.0682797
-0.0670749
-0.0720279
-0.0799447
-0.0839982
-0.0803669
-0.0717283
-0.0647663
-0.0641824
-0.0688255
-0.0737824
-0.0762096
-0.0782890
-0.0837855
-0.0923261
-0.0983746
-0.0964623
-0.0871874
-0.0775690
-0.0749492
-0.0801199
-0.0866620
-0.0877054
-0.0833953
-0.0809509
-0.0868673
-0.0993294
-0.1087131
-0.1058615
-0.0905888
-0.0727949
-0.0647840
-0.0709922
-0.0843710
-0.0932439
-0.0922648
-0.0865881
-0.0852616
-0.0910798
-0.0975527
-0.0960052
-0.0853354
-0.0740706
-0.0720635
-0.0802457
-0.0896008
-0.0908439
-0.0843026
-0.0791727
-0.0832557
-0.0944762
-0.1028555
-0.1003766
-0.0886492
-0.0770727
-0.0736462
-0.0777126
-0.0818577
-0.0805458
-0.0759020
-0.0744915
-0.0791513
-0.0852075
-0.0852554
-0.0773327
-0.0676582
-0.0646186
-0.0699940
-0.0770232
-0.0779864
-0.0731008
-0.0703783
-0.0762399
-0.0875079
-0.0939435
-0.0886831
-0.0754627
-0.0651771
-0.0653893
-0.0734603
-0.0801651
-0.0797339
-0.0754308
-0.0748011
-0.0803555
-0.0864107
-0.0854857
-0.0769039
-0.0681104
-0.0672161
-0.0745036
-0.0818904
-0.0813625
-0.0737641
-0.0682278
-0.0722640
-0.0830465
-0.0896166
-0.0840027
-0.0696502
-0.0583715
-0.0588469
-0.0683141
-0.0759728
-0.0746037
-0.0679433
-0.0656242
-0.0714088
-0.0783905
-0.0768884
-0.0659201
-0.0549700
-0.0539655
-0.0626220
-0.0708635
-0.0698477
-0.0616165
-0.0568021
-0.0627389
-0.0748899
-0.0809518
-0.0732264
-0.0562538
-0.0423021
-0.0399542
-0.0472081
-0.0551204
-0.0574536
-0.0561495
-0.0570774
-0.0612682
-0.0624006
-0.0543320
-0.0399745
-0.0300359
-0.0316733
-0.0396789
-0.0409650
-0.0282508
-0.0079656
0.0065857
0.0090445
0.0048471
0.0018322
-0.0011002
-0.0123012
-0.0342219
-0.0557767
-0.0614153
-0.0476993
-0.0283318
-0.0212178
-0.0310107
-0.0451390
-0.0467069
-0.0307496
-0.0083936
0.0034310
-0.0041794
-0.0265565
-0.0507144
-0.0654552
-0.0687890
-0.0679896
-0.0720597
-0.0821876
-0.0894135
-0.0835817
-0.0654845
-0.0484169
-0.0456327
-0.0565930
-0.0676908
-0.0672651
-0.0579450
-0.0520315
-0.0556487
-0.0611073
-0.0569844
-0.0434631
-0.0340376
-0.0417764
-0.0659184
-0.0898569
-0.0843030
-0.0077975
0.1857551
0.5165573
0.9355563
1.3115405
1.4841615
1.3612838
0.9862097
0.5135091
0.1087602
-0.1456154
-0.2668275
-0.3147295
-0.3276433
-0.3071996
-0.2480468
-0.1665794
-0.0966273
-0.0625064
-0.0615336
-0.0722528
-0.0760241
-0.0697480
-0.0614330
-0.0582482
-0.0601571
-0.0624668
-0.0615297
-0.0575323
-0.0531729
-0.0506451
-0.0499186
-0.0497575
-0.0501385
-0.0528842
-0.0591135
-0.0662822
-0.0689513
-0.0635726
-0.0526737
-0.0436321
-0.0424093
-0.0480659
-0.0538010
-0.0538736
-0.0491892
-0.0452823
-0.0448996
-0.0439294
-0.0358416
-0.0198480
-0.0032946
0.0051072
0.0044501
0.0032696
0.0111843
0.0288499
0.0471489
0.0571618
0.0604202
0.0679076
0.0883903
0.1186631
0.1464972
0.1632791
0.1727595
0.1864617
0.2107759
0.2400541
0.2636330
0.2789895
0.2957648
0.3254907
0.3684042
0.4122653
0.4443448
0.4630614
0.4770050
0.4938484
0.5123519
0.5257748
0.5312447
0.5331879
0.5367987
0.5399077
0.5335249
0.5106959
0.4734141
0.4300635
0.3870994
0.3445410
0.2993851
0.2519139
0.2073861
0.1713287
0.1436955
0.1183377
0.0886667
0.0539193
0.0197919
-0.0070038
-0.0247136
-0.0373261
-0.0497767
-0.0625698
-0.0713995
-0.0724817
-0.0681398
-0.0660730
-0.0720867
-0.0838125
-0.0928187
-0.0934837
-0.0890520
-0.0879400
-0.0940555
-0.1017873
-0.1015864
-0.0905111
-0.0762247
-0.0696509
-0.0739898
-0.0820160
-0.0843120
-0.0789491
-0.0721766
-0.0704302
-0.0733099
-0.0749174
-0.0710295
-0.0636986
-0.0586394
-0.0589454
-0.0622091
-0.0637820
-0.0620840
-0.0600981
-0.0617532
-0.0672375
-0.0720337
-0.0708094
-0.0628827
-0.0540765
-0.0522099
-0.0595338
-0.0698132
-0.0742737
-0.0709395
-0.0668470
-0.0697772
-0.0785025
-0.0832741
-0.0769399
-0.0642486
-0.0579754
-0.0652972
-0.0796084
-0.0874605
-0.0831454
-0.0745672
-0.0740148
-0.0844581
-0.0963619
-0.0977669
-0.0864333
-0.0718564
-0.0659844
-0.0721751
-0.0827698
-0.0871454
-0.0822739
-0.0754222
-0.0761545
-0.0855647
-0.0940462
-0.0907111
-0.0753403
-0.0601430
-0.0584443
-0.0714105
-0.0868818
-0.0918976
-0.0855770
-0.0786104
-0.0805437
-0.0892670
-0.0938917
-0.0870941
-0.0732738
-0.0642385
-0.0674638
-0.0791087
-0.0884336
-0.0885282
-0.0823027
-0.0781773
-0.0806995
-0.0860865
-0.0869377
-0.0806706
-0.0726613
-0.0708004
-0.0770918
-0.0850684
-0.0859242
-0.0772625
-0.0656251
-0.0604440
-0.0656164
-0.0765793
-0.0847525
-0.0846243
-0.0775113
-0.0696572
-0.0668489
-0.0699698
-0.0748634
-0.0763663
-0.0730010
-0.0683102
-0.0676247
-0.0729620
-0.0806644
-0.0843667
-0.0809756
-0.0738765
-0.0697451
-0.0718402
-0.0767096
-0.0779698
-0.0733675
-0.0676583
-0.0679772
-0.0761896
-0.0861803
-0.0892643
-0.0824632
-0.0712492
-0.0641867
-0.0652884
-0.0715571
-0.0769948
-0.0780887
-0.0758131
-0.0736100
-0.0740114
-0.0765173
-0.0779537
-0.0751818
-0.0684234
-0.0621908
-0.0619700
-0.0688685
-0.0776661
-0.0813545
-0.0781838
-0.0733499
-0.0728187
-0.0762614
-0.0777415
-0.0734511
-0.0668011
-0.0643559
-0.0676875
-0.0714040
-0.0698468
-0.0642475
-0.0616987
-0.0671724
-0.0777570
-0.0852625
-0.0838159
-0.0744160
-0.0629309
-0.0549686
-0.0525683
-0.0542164
-0.0569218
-0.0588932
-0.0611980
-0.0663681
-0.0741937
-0.0791834
-0.0742644
-0.0586303
-0.0412482
-0.0344356
-0.0425517
-0.0573434
-0.0654738
-0.0610607
-0.0506180
-0.0457828
-0.0517066
-0.0624510
-0.0666254
-0.0569851
-0.0361376
-0.0153945
-0.0082053
-0.0214204
-0.0491973
-0.0749136
-0.0820132
-0.0664332
-0.0397059
-0.0191073
-0.0135187
-0.0180602
-0.0216664
-0.0188137
-0.0135241
-0.0133098
-0.0213284
-0.0349517
-0.0500821
-0.0646344
-0.0777376
-0.0874544
-0.0909365
-0.0869698
-0.0778384
-0.0684588
-0.0634448
-0.0642161
-0.0681496
-0.0707364
-0.0696755
-0.0674626
-0.0690651
-0.0756712
-0.0810249
-0.0762469
-0.0600576
-0.0430109
-0.0387706
-0.0506841
-0.0696480
-0.0863046
-0.0998197
-0.1050694
-0.0677660
0.0767286
0.3778728
0.8042430
1.2209568
1.4497823
1.3790330
1.0378496
0.5736106
0.1532724
-0.1292029
-0.2734528
-0.3266619
-0.3286520
-0.2948580
-0.2338925
-0.1647653
-0.1116698
-0.0864955
-0.0819114
-0.0821511
-0.0782716
-0.0727078
-0.0719692
-0.0776670
-0.0844254
-0.0847108
-0.0752701
-0.0602008
-0.0486018
-0.0481696
-0.0591863
-0.0738921
-0.0824193
-0.0806561
-0.0731181
-0.0680735
-0.0693797
-0.0728711
-0.0709645
-0.0610566
-0.0491726
-0.0446495
-0.0506031
-0.0597840
-0.0608845
-0.0499931
-0.0356687
-0.0313061
-0.0413725
-0.0556289
-0.0582670
-0.0432383
-0.0199242
-0.0032866
0.0008713
0.0001906
0.0061255
0.0217265
0.0398060
0.0522558
0.0594363
0.0695924
0.0897703
0.1184704
0.1474305
0.1699062
0.1867440
0.2047239
0.2295279
0.2603467
0.2910520
0.3165719
0.3382380
0.3627690
0.3956180
0.4349611
0.4720979
0.4980030
0.5102659
0.5146645
0.5203250
0.5323135
0.5471162
0.5543903
0.5441427
0.5144478
0.4736275
0.4343006
0.4034049
0.3767486
0.3435278
0.2969878
0.2410131
0.1864081
0.1413151
0.1057977
0.0750408
0.0459938
0.0198156
-0.0012101
-0.0172518
-0.0307583
-0.0437085
-0.0560860
-0.0668310
-0.0752905
-0.0815080
-0.0860022
-0.0899102
-0.0946202
-0.1001222
-0.1039545
-0.1032631
-0.0985359
-0.0940541
-0.0932527
-0.0942197
-0.0917418
-0.0844658
-0.0783058
-0.0806269
-0.0910324
-0.0998574
-0.0972993
-0.0835928
-0.0689008
-0.0630836
-0.0666667
-0.0721822
-0.0729516
-0.0690724
-0.0653436
-0.0653554
-0.0685435
-0.0717715
-0.0721362
-0.0683426
-0.0610226
-0.0528952
-0.0480352
-0.0494321
-0.0563477
-0.0644188
-0.0692653
-0.0704395
-0.0715256
-0.0758725
-0.0822573
-0.0854095
-0.0815557
-0.0734874
-0.0691900
-0.0742657
-0.0856166
-0.0939298
-0.0935388
-0.0890438
-0.0901597
-0.0994589
-0.1073243
-0.1015936
-0.0821951
-0.0637596
-0.0618174
-0.0770000
-0.0945695
-0.0997374
-0.0919865
-0.0835490
-0.0852156
-0.0956169
-0.1043647
-0.1035865
-0.0949343
-0.0863055
-0.0837130
-0.0868066
-0.0909893
-0.0927054
-0.0927160
-0.0946158
-0.1000160
-0.1052107
-0.1036720
-0.0931196
-0.0798434
-0.0741109
-0.0798871
-0.0899369
-0.0930702
-0.0866470
-0.0800420
-0.0839906
-0.0973463
-0.1069248
-0.1015201
-0.0844130
-0.0700404
-0.0687625
-0.0771476
-0.0840320
-0.0839526
-0.0818490
-0.0845868
-0.0908803
-0.0922948
-0.0837794
-0.0705624
-0.0630429
-0.0658709
-0.0738223
-0.0784161
-0.0769007
-0.0737243
-0.0741956
-0.0784054
-0.0817449
-0.0803268
-0.0749981
-0.0702750
-0.0699855
-0.0739076
-0.0780823
-0.0783357
-0.0741936
-0.0697773
-0.0701743
-0.0759448
-0.0814337
-0.0799266
-0.0712216
-0.0629911
-0.0630494
-0.0704254
-0.0759828
-0.0729777
-0.0655778
-0.0645179
-0.0739845
-0.0851760
-0.0851404
-0.0713879
-0.0551173
-0.0488847
-0.0531673
-0.0577059
-0.0554642
-0.0515766
-0.0560498
-0.0694365
-0.0797589
-0.0752876
-0.0582565
-0.0431724
-0.0415995
-0.0509229
-0.0591939
-0.0590966
-0.0544981
-0.0533626
-0.0571955
-0.0598621
-0.0559684
-0.0476942
-0.0421389
-0.0432685
-0.0482044
-0.0513111
-0.0504266
-0.0483287
-0.0489341
-0.0531452
-0.0582583
-0.0604224
-0.0574200
-0.0500780
-0.0419525
-0.0372282
-0.0376587
-0.0411306
-0.0440526
-0.0456733
-0.0489865
-0.0558256
-0.0613763
-0.0562168
-0.0364445
-0.0116796
-0.0001935
-0.0132476
-0.0436707
-0.0711509
-0.0797756
-0.0703524
-0.0558673
-0.0466417
-0.0417135
-0.0341437
-0.0218175
-0.0106670
-0.0078366
-0.0140823
-0.0241608
-0.0335985
-0.0432474
-0.0566876
-0.0741051
-0.0898058
-0.0962133
-0.0905755
-0.0781096
-0.0684950
-0.0684008
-0.0764284
-0.0850995
-0.0880919
-0.0856269
-0.0827587
-0.0830576
-0.0850569
-0.0848417
-0.0804646
-0.0726048
-0.0622606
-0.0506544
-0.0422700
-0.0454983
-0.0669941
-0.1037457
-0.1392727
-0.1440004
-0.0766251
0.1084546
0.4359551
0.8700859
1.2932028
1.5414111
1.4942210
1.1573575
0.6671297
0.2051928
-0.1090802
-0.2641075
-0.3167230
-0.3213211
-0.2956485
-0.2390841
-0.1639704
-0.0990658
-0.0663194
-0.0630180
-0.0694654
-0.0701344
-0.0642014
-0.0585659
-0.0567411
-0.0568101
-0.0567266
-0.0571334
-0.0584797
-0.0583714
-0.0540804
-0.0469767
-0.0424218
-0.0444823
-0.0515403
-0.0578981
-0.0594875
-0.0574345
-0.0560602
-0.0579159
-0.0610459
-0.0609267
-0.0549419
-0.0451030
-0.0364758
-0.0326993
-0.0327915
-0.0324597
-0.0287664
-0.0233152
-0.0203295
-0.0214975
-0.0233592
-0.0204561
-0.0108852
0.0020374
0.0137882
0.0234089
0.0335034
0.0461343
0.0603594
0.0744782
0.0893241
0.1074239
0.1288741
0.1501226
0.1685172
0.1872042
0.2130683
0.2486993
0.2878693
