-0.0638351
-0.0444849
-0.0273325
-0.0227381
-0.0328175
-0.0499181
-0.0629192
-0.0658373
-0.0614151
-0.0571303
-0.0577607
-0.0611238
-0.0602249
-0.0495312
-0.0300571
-0.0090861
0.0055527
0.0121699
0.0165865
0.0256711
0.0384506
0.0448541
0.0361803
0.0179585
0.0096224
0.0270177
0.0638314
0.0933588
0.0925357
0.0649373
0.0378451
0.0350618
0.0534803
0.0676325
0.0563462
0.0228016
-0.0116641
-0.0305697
-0.0366067
-0.0443407
-0.0624691
-0.0853701
-0.1006920
-0.1026785
-0.0974271
-0.0962780
-0.1046986
-0.1169446
-0.1211310
-0.1103789
-0.0900833
-0.0741367
-0.0730168
-0.0849735
-0.0988042
-0.1047009
-0.1014649
-0.0936775
-0.0847244
-0.0753330
-0.0679764
-0.0684628
-0.0804158
-0.0996321
-0.1155995
-0.1148546
-0.0756871
0.0405716
0.2785981
0.6470284
1.0735954
1.4092881
1.5021618
1.2953342
0.8696354
0.3918000
0.0100806
-0.2184674
-0.3214858
-0.3526722
-0.3446822
-0.3072775
-0.2507163
-0.1960249
-0.1612099
-0.1453662
-0.1329019
-0.1131736
-0.0921801
-0.0836920
-0.0918815
-0.1061303
-0.1127788
-0.1089214
-0.1028539
-0.1026260
-0.1069619
-0.1079177
-0.1003966
-0.0872836
-0.0758545
-0.0711288
-0.0733895
-0.0803884
-0.0895187
-0.0976139
-0.1010687
-0.0984856
-0.0928216
-0.0888335
-0.0876392
-0.0851537
-0.0770567
-0.0644504
-0.0529909
-0.0463726
-0.0422876
-0.0359232
-0.0264778
-0.0182279
-0.0145978
-0.0128289
-0.0063753
0.0076558
0.0251896
0.0399038
0.0500238
0.0595096
0.0734131
0.0932070
0.1160462
0.1371726
0.1533255
0.1657534
0.1806384
0.2046533
0.2378416
0.2714078
0.2954510
0.3103592
0.3281576
0.3589035
0.3957253
0.4177838
0.4118957
0.3897495
0.3789019
0.3946003
0.4229491
0.4346315
0.4143455
0.3740868
0.3376092
0.3152972
0.2968495
0.2667396
0.2222980
0.1745358
0.1340848
0.1008170
0.0681210
0.0338117
0.0033862
-0.0169800
-0.0277880
-0.0354465
-0.0454988
-0.0577488
-0.0674236
-0.0700139
-0.0652151
-0.0575586
-0.0540121
-0.0598860
-0.0748777
-0.0920740
-0.1022569
-0.1015104
-0.0951329
-0.0925922
-0.0975549
-0.1036017
-0.1008147
-0.0863194
-0.0674550
-0.0546975
-0.0524938
-0.0573691
-0.0637255
-0.0695080
-0.0754740
-0.0805759
-0.0808195
-0.0737430
-0.0624333
-0.0531670
-0.0492332
-0.0485325
-0.0474144
-0.0453979
-0.0451985
-0.0489215
-0.0554230
-0.0614915
-0.0648876
-0.0658484
-0.0660702
-0.0669674
-0.0690409
-0.0720793
-0.0751032
-0.0765005
-0.0754575
-0.0735133
-0.0735743
-0.0766366
-0.0801848
-0.0806985
-0.0774422
-0.0731295
-0.0711306
-0.0727593
-0.0771946
-0.0831053
-0.0895619
-0.0953713
-0.0982939
-0.0960281
-0.0886347
-0.0797042
-0.0744043
-0.0759698
-0.0837371
-0.0938202
-0.1013687
-0.1033205
-0.1005440
-0.0973044
-0.0972680
-0.0994403
-0.0989079
-0.0923304
-0.0822052
-0.0748367
-0.0740450
-0.0776187
-0.0805652
-0.0814157
-0.0838823
-0.0913012
-0.1004570
-0.1031770
-0.0949090
-0.0803227
-0.0690473
-0.0664321
-0.0696995
-0.0728625
-0.0739196
-0.0764168
-0.0843745
-0.0964740
-0.1058301
-0.1058534
-0.0963956
-0.0840500
-0.0765649
-0.0769651
-0.0822900
-0.0869227
-0.0871441
-0.0836189
-0.0803026
-0.0807553
-0.0850712
-0.0901018
-0.0922463
-0.0898093
-0.0833501
-0.0748489
-0.0668180
-0.0616738
-0.0613725
-0.0669117
-0.0770629
-0.0872573
-0.0912266
-0.0857372
-0.0740357
-0.0635163
-0.0593327
-0.0604992
-0.0620955
-0.0604136
-0.0554476
-0.0490399
-0.0420264
-0.0341287
-0.0258875
-0.0185762
-0.0112494
-0.0000652
0.0163480
0.0312720
0.0339236
0.0221939
0.0094643
0.0141529
0.0402988
0.0703367
0.0802478
0.0631603
0.0367736
0.0257348
0.0367402
0.0526081
0.0510684
0.0268600
-0.0065926
-0.0348396
-0.0568808
-0.0807309
-0.1083903
-0.1298555
-0.1332213
-0.1187483
-0.1007760
-0.0951198
-0.1050286
-0.1196357
-0.1253380
-0.1180782
-0.1056004
-0.0995733
-0.1054711
-0.1180716
-0.1258163
-0.1210055
-0.1070095
-0.0946733
-0.0909124
-0.0923309
-0.0915553
-0.0882922
-0.0910208
-0.1068702
-0.1308299
-0.1435654
-0.1149119
-0.0072222
0.2158062
0.5632243
0.9808860
1.3412723
1.4924489
1.3495219
0.9588809
0.4743718
0.0594907
-0.2033576
-0.3276078
-0.3684091
-0.3645007
-0.3262305
-0.2608658
-0.1915152
-0.1457688
-0.1318880
-0.1337199
-0.1301712
-0.1162218
-0.1037255
-0.1050052
-0.1187796
-0.1313339
-0.1294190
-0.1124038
-0.0932150
-0.0866862
-0.0952890
-0.1066952
-0.1071213
-0.0967976
-0.0897170
-0.0967243
-0.1107831
-0.1123461
-0.0907018
-0.0581214
-0.0398786
-0.0495267
-0.0759161
-0.0955335
-0.0953333
-0.0813362
-0.0673672
-0.0603786
-0.0575905
-0.0532375
-0.0440709
-0.0297257
-0.0118554
0.0056941
0.0180590
0.0231360
0.0243167
0.0279239
0.0370894
0.0492355
0.0608892
0.0738395
0.0937333
0.1220497
0.1522913
0.1762370
0.1924148
0.2062373
0.2229748
0.2433601
0.2658170
0.2896696
0.3142559
0.3367363
0.3538996
0.3669815
0.3824993
0.4054477
0.4313859
0.4481477
0.4478601
0.4358632
0.4244585
0.4177402
0.4060420
0.3772830
0.3316109
0.2821275
0.2416775
0.2112519
0.1820061
0.1468823
0.1081573
0.0733644
0.0459524
0.0225060
-0.0010329
-0.0235634
-0.0411712
-0.0530985
-0.0622443
-0.0702862
-0.0755966
-0.0770990
-0.0777609
-0.0818686
-0.0892232
-0.0941513
-0.0917461
-0.0847106
-0.0820904
-0.0896726
-0.1024648
-0.1088986
-0.1028493
-0.0895910
-0.0791375
-0.0756932
-0.0752321
-0.0720405
-0.0654412
-0.0600830
-0.0609122
-0.0680962
-0.0762344
-0.0784508
-0.0718015
-0.0593704
-0.0478102
-0.0428570
-0.0457424
-0.0523253
-0.0560996
-0.0538248
-0.0488497
-0.0481947
-0.0560375
-0.0700342
-0.0830655
-0.0878780
-0.0816354
-0.0684326
-0.0573583
-0.0557586
-0.0629669
-0.0711927
-0.0732829
-0.0696003
-0.0672811
-0.0728051
-0.0850480
-0.0957364
-0.0974563
-0.0912640
-0.0854753
-0.0868687
-0.0943036
-0.1011322
-0.1020722
-0.0968360
-0.0888625
-0.0824138
-0.0802632
-0.0824426
-0.0867272
-0.0906904
-0.0933568
-0.0951223
-0.0967656
-0.0985752
-0.0997913
-0.0989711
-0.0955668
-0.0908848
-0.0867589
-0.0838510
-0.0823148
-0.0832936
-0.0878279
-0.0942631
-0.0985695
-0.0980360
-0.0939203
-0.0902412
-0.0904719
-0.0949857
-0.1005683
-0.1023230
-0.0970516
-0.0856131
-0.0726219
-0.0643269
-0.0656970
-0.0768896
-0.0914351
-0.1000563
-0.0987725
-0.0929671
-0.0918581
-0.0987226
-0.1072059
-0.1072768
-0.0949136
-0.0767175
-0.0649770
-0.0668038
-0.0774121
-0.0849676
-0.0825671
-0.0747000
-0.0717168
-0.0789434
-0.0915746
-0.0993500
-0.0958656
-0.0839993
-0.0726108
-0.0679864
-0.0691726
-0.0717159
-0.0738304
-0.0769254
-0.0815665
-0.0859327
-0.0881979
-0.0878230
-0.0841162
-0.0762869
-0.0665494
-0.0610733
-0.0645243
-0.0727115
-0.0730153
-0.0557425
-0.0262633
-0.0027800
0.0017335
-0.0057296
-0.0062221
0.0076885
0.0220321
0.0191627
0.0016725
-0.0082033
0.0057985
0.0339408
0.0501872
0.0408600
0.0197305
0.0125138
0.0282999
0.0499156
0.0528921
0.0299453
-0.0058891
-0.0384341
-0.0626320
-0.0822013
-0.0998718
-0.1142526
-0.1238647
-0.1298552
-0.1338654
-0.1352078
-0.1317572
-0.1237089
-0.1153230
-0.1114954
-0.1125110
-0.1137817
-0.1115454
-0.1073334
-0.1055991
-0.1080631
-0.1115167
-0.1102364
-0.1000885
-0.0824789
-0.0659578
-0.0618382
-0.0751907
-0.1001005
-0.1244533
-0.1360307
-0.1180241
-0.0376781
0.1508039
0.4734246
0.8888696
1.2708850
1.4567632
1.3446152
0.9674560
0.4780116
0.0515340
-0.2145778
-0.3286757
-0.3554885
-0.3483734
-0.3216146
-0.2703738
-0.2014058
-0.1385513
-0.1028896
-0.0953630
-0.1011366
-0.1063737
-0.1070589
-0.1050402
-0.1020483
-0.0988489
-0.0961528
-0.0936922
-0.0896949
-0.0829592
-0.0752557
-0.0708418
-0.0729146
-0.0799323
-0.0859051
-0.0858866
-0.0813974
-0.0786139
-0.0805316
-0.0828859
-0.0791513
-0.0681292
-0.0551707
-0.0467184
-0.0444709
-0.0441534
-0.0397794
-0.0302298
-0.0214251
-0.0199738
-0.0243678
-0.0249511
-0.0141395
0.0047788
0.0207008
0.0264609
0.0270039
0.0354204
0.0596043
0.0921008
0.1150394
0.1175954
0.1081136
0.1068524
0.1266998
0.1623065
0.1974228
0.2209704
0.2361791
0.2557100
0.2879368
0.3271080
0.3576055
0.3691012
0.3671372
0.3680009
0.3837232
0.4122234
0.4404412
0.4560694
0.4575498
0.4535382
0.4514823
0.4467052
0.4255665
0.3813691
0.3254253
0.2797424
0.2579961
0.2534324
0.2446295
0.2136964
0.1612094
0.1047740
0.0626566
0.0387956
0.0237293
0.0077278
-0.0099591
-0.0237997
-0.0299623
-0.0303520
-0.0306933
-0.0355245
-0.0440713
-0.0511412
-0.0531842
-0.0527418
-0.0551610
-0.0614022
-0.0660892
-0.0630067
-0.0516621
-0.0386382
-0.0327698
-0.0376636
-0.0480197
-0.0545021
-0.0529924
-0.0476208
-0.0442943
-0.0438220
-0.0429626
-0.0398547
-0.0359007
-0.0333630
-0.0330468
-0.0339002
-0.0339438
-0.0323162
-0.0308925
-0.0328181
-0.0390013
-0.0469020
-0.0525450
-0.0526946
-0.0463120
-0.0364410
-0.0299966
-0.0322911
-0.0409882
-0.0480167
-0.0485021
-0.0459702
-0.0477904
-0.0566361
-0.0670600
-0.0702267
-0.0627363
-0.0513140
-0.0471528
-0.0542437
-0.0650228
-0.0694084
-0.0663726
-0.0640672
-0.0696702
-0.0816525
-0.0915865
-0.0917056
-0.0812854
-0.0674043
-0.0593678
-0.0614528
-0.0709820
-0.0825094
-0.0917934
-0.0962198
-0.0951224
-0.0913811
-0.0899284
-0.0923067
-0.0940183
-0.0889086
-0.0756704
-0.0599753
-0.0514836
-0.0579880
-0.0792674
-0.1053738
-0.1228672
-0.1244258
-0.1128811
-0.0974504
-0.0873832
-0.0869442
-0.0928528
-0.0968704
-0.0939715
-0.0882061
-0.0880874
-0.0960402
-0.1046678
-0.1041517
-0.0923804
-0.0777262
-0.0717930
-0.0778594
-0.0862085
-0.0837270
-0.0696001
-0.0583175
-0.0641171
-0.0844461
-0.1020851
-0.1029228
-0.0892156
-0.0756192
-0.0739562
-0.0823252
-0.0890656
-0.0872050
-0.0827010
-0.0856872
-0.0954611
-0.0995099
-0.0887138
-0.0691759
-0.0561784
-0.0585724
-0.0711541
-0.0810814
-0.0804816
-0.0734756
-0.0710379
-0.0784244
-0.0889639
-0.0919057
-0.0847193
-0.0748329
-0.0703061
-0.0720099
-0.0748867
-0.0743360
-0.0710425
-0.0706559
-0.0777824
-0.0892446
-0.0952960
-0.0893640
-0.0746282
-0.0591228
-0.0469205
-0.0368105
-0.0270893
-0.0176864
-0.0084190
0.0012581
0.0100015
0.0139488
0.0099046
0.0002765
-0.0051557
0.0042927
0.0280965
0.0506220
0.0550848
0.0423897
0.0311782
0.0370927
0.0557690
0.0683563
0.0602996
0.0322201
-0.0044560
-0.0384005
-0.0649387
-0.0847076
-0.0990221
-0.1088394
-0.1171339
-0.1274298
-0.1376754
-0.1399530
-0.1305991
-0.1175833
-0.1126751
-0.1177778
-0.1238648
-0.1227297
-0.1152356
-0.1079421
-0.1057700
-0.1090645
-0.1147860
-0.1185014
-0.1160554
-0.1053459
-0.0888810
-0.0756205
-0.0772980
-0.0987085
-0.1318103
-0.1605180
-0.1645443
-0.1094198
0.0595738
0.3850050
0.8326737
1.2596484
1.4727344
1.3518715
0.9397297
0.4172925
-0.0177193
-0.2685739
-0.3616523
-0.3752293
-0.3600285
-0.3232939
-0.2642844
-0.1998814
-0.1528257
-0.1299826
-0.1214474
-0.1157852
-0.1094378
-0.1034644
-0.0977153
-0.0912562
-0.0864869
-0.0882398
-0.0960225
-0.1005032
-0.0939547
-0.0834937
-0.0853943
-0.1025350
-0.1151619
-0.1017333
-0.0657707
-0.0347632
-0.0321880
-0.0548576
-0.0784212
-0.0824664
-0.0690172
-0.0566775
-0.0576206
-0.0636793
-0.0579815
-0.0369300
-0.0143045
-0.0041342
-0.0062309
-0.0103873
-0.0092110
-0.0035369
0.0017650
0.0047611
0.0100551
0.0248438
0.0495130
0.0742392
0.0887782
0.0942858
0.1013009
0.1169642
0.1384488
0.1586984
0.1749641
0.1913228
0.2145406
0.2465021
0.2798901
0.3044279
0.3191084
0.3342285
0.3585541
0.3886284
0.4143030
0.4307250
0.4403391
0.4462481
0.4488487
0.4482400
0.4463668
0.4459798
0.4472575
0.4443130
0.4272730
0.3923862
0.3490450
0.3109683
0.2803225
0.2469287
0.2043600
0.1600474
0.1259474
0.1037148
0.0831048
0.0539942
0.0190498
-0.0051860
-0.0026499
0.0233876
0.0483802
0.0481805
0.0214981
-0.0124851
-0.0355855
-0.0445722
-0.0467423
-0.0487793
-0.0508052
-0.0478012
-0.0367077
-0.0229962
-0.0168934
-0.0210449
-0.0265585
-0.0248890
-0.0191595
-0.0189790
-0.0272391
-0.0365893
-0.0373675
-0.0266074
-0.0112185
-0.0029200
-0.0064986
-0.0130331
-0.0097848
0.0030736
0.0120727
0.0080456
-0.0026695
-0.0073570
-0.0017682
0.0070602
0.0089806
0.0000723
-0.0131014
-0.0185941
-0.0116749
-0.0008710
0.0024582
-0.0021287
-0.0061262
-0.0048936
-0.0017764
-0.0010819
-0.0034495
-0.0075054
-0.0109599
-0.0111179
-0.0083431
-0.0068510
-0.0084380
-0.0088654
-0.0046306
0.0003872
-0.0005484
-0.0091094
-0.0217280
-0.0331960
-0.0378019
-0.0324672
-0.0222786
-0.0174496
-0.0212454
-0.0261445
-0.0248544
-0.0193088
-0.0157502
-0.0167374
-0.0211570
-0.0269822
-0.0314479
-0.0327665
-0.0325724
-0.0324446
-0.0294137
-0.0210514
-0.0130762
-0.0139624
-0.0228826
-0.0309209
-0.0336143
-0.0345633
-0.0372412
-0.0408301
-0.0439625
-0.0461320
-0.0460915
-0.0440771
-0.0435744
-0.0462546
-0.0487725
-0.0491690
-0.0512132
-0.0569696
-0.0610130
-0.0583080
-0.0521095
-0.0479123
-0.0455343
-0.0433218
-0.0440881
-0.0504887
-0.0595763
-0.0669379
-0.0713340
-0.0724089
-0.0703476
-0.0699077
-0.0766511
-0.0867010
-0.0888556
-0.0795908
-0.0678112
-0.0629220
-0.0664622
-0.0760893
-0.0883587
-0.0967942
-0.0966035
-0.0918298
-0.0893156
-0.0870571
-0.0782614
-0.0650119
-0.0572517
-0.0593096
-0.0668625
-0.0752894
-0.0824021
-0.0862059
-0.0882058
-0.0941982
-0.1038151
-0.1060645
-0.0943873
-0.0788227
-0.0733163
-0.0777022
-0.0812337
-0.0767776
-0.0637312
-0.0454293
-0.0309361
-0.0295052
-0.0360339
-0.0328910
-0.0136358
0.0061716
0.0091483
-0.0031933
-0.0152648
-0.0124901
0.0108471
0.0456090
0.0676879
0.0591791
0.0326177
0.0192169
0.0308131
0.0480447
0.0463893
0.0182827
-0.0290205
-0.0796845
-0.1141846
-0.1254027
-0.1288729
-0.1418914
-0.1576216
-0.1570709
-0.1399754
-0.1245418
-0.1223041
-0.1309394
-0.1446803
-0.1552551
-0.1522100
-0.1381624
-0.1313715
-0.1384710
-0.1416944
-0.1291290
-0.1164370
-0.1190992
-0.1255275
-0.1200173
-0.1111322
-0.1148289
-0.1292510
-0.1460383
-0.1653862
-0.1801734
-0.1616131
-0.0697305
0.1392708
0.5004442
0.9779281
1.4076499
1.5702909
1.3667546
0.8989986
0.3707380
-0.0529430
-0.2992426
-0.3847600
-0.3917947
-0.3934179
-0.3817212
-0.3157702
-0.2266059
-0.1892686
-0.1964152
-0.1717034
-0.1200744
-0.1307217
-0.1914495
-0.1488240
0.0635823
