-0.0491045
-0.0578608
-0.0691449
-0.0704800
-0.0611534
-0.0533837
-0.0578519
-0.0707839
-0.0779050
-0.0704489
-0.0546948
-0.0448911
-0.0484869
-0.0598000
-0.0673375
-0.0655327
-0.0591017
-0.0572214
-0.0640469
-0.0741347
-0.0768323
-0.0664594
-0.0492602
-0.0390504
-0.0436073
-0.0551903
-0.0571141
-0.0414828
-0.0185477
-0.0052483
-0.0046170
-0.0007883
0.0221236
0.0580133
0.0808027
0.0712060
0.0393963
0.0174318
0.0282662
0.0638098
0.0942307
0.0973949
0.0780977
0.0599619
0.0611434
0.0784643
0.0929793
0.0885068
0.0644750
0.0325565
0.0029609
-0.0246323
-0.0564721
-0.0924788
-0.1213477
-0.1304659
-0.1205182
-0.1069899
-0.1045247
-0.1113175
-0.1128799
-0.1017852
-0.0889946
-0.0911859
-0.1087602
-0.1227803
-0.1164517
-0.0950876
-0.0791873
-0.0793103
-0.0851703
-0.0825894
-0.0744813
-0.0766394
-0.0945701
-0.1151849
-0.1255926
-0.1279234
-0.1185355
-0.0531975
0.1419565
0.4945501
0.9116553
1.1997439
1.1897402
0.8662712
0.3828229
-0.0518685
-0.3124858
-0.4054404
-0.4094138
-0.3878956
-0.3552053
-0.3028555
-0.2348743
-0.1720776
-0.1327243
-0.1189851
-0.1208304
-0.1259101
-0.1242241
-0.1099563
-0.0855924
-0.0636771
-0.0585613
-0.0726223
-0.0922714
-0.1006916
-0.0945069
-0.0856199
-0.0862829
-0.0949745
-0.0990753
-0.0901869
-0.0738342
-0.0630320
-0.0640917
-0.0707909
-0.0722161
-0.0642496
-0.0522524
-0.0439088
-0.0417036
-0.0426007
-0.0428594
-0.0412243
-0.0379481
-0.0326956
-0.0243960
-0.0125714
0.0018297
0.0166814
0.0294525
0.0383617
0.0439821
0.0502223
0.0628298
0.0853000
0.1153621
0.1459599
0.1706218
0.1881651
0.2020934
0.2160412
0.2308942
0.2463519
0.2636823
0.2851887
0.3106770
0.3355316
0.3535106
0.3619688
0.3641050
0.3656104
0.3690359
0.3717746
0.3695065
0.3607513
0.3472661
0.3304530
0.3087590
0.2794710
0.2428099
0.2035731
0.1683086
0.1406202
0.1189146
0.0984200
0.0754087
0.0500590
0.0261583
0.0082936
-0.0017927
-0.0075321
-0.0160161
-0.0321644
-0.0530361
-0.0689116
-0.0719655
-0.0643828
-0.0567958
-0.0578346
-0.0656535
-0.0705729
-0.0658884
-0.0549501
-0.0470050
-0.0470838
-0.0515644
-0.0536344
-0.0510918
-0.0473775
-0.0462949
-0.0481423
-0.0510977
-0.0538620
-0.0552297
-0.0525675
-0.0436768
-0.0311789
-0.0231994
-0.0270710
-0.0414208
-0.0556697
-0.0589102
-0.0495107
-0.0353320
-0.0248296
-0.0194697
-0.0154467
-0.0110446
-0.0098755
-0.0164439
-0.0301211
-0.0448807
-0.0547810
-0.0587273
-0.0595687
-0.0594916
-0.0576104
-0.0521746
-0.0436798
-0.0345769
-0.0267495
-0.0211324
-0.0198195
-0.0261402
-0.0406530
-0.0577772
-0.0686068
-0.0681473
-0.0592813
-0.0492492
-0.0431353
-0.0418063
-0.0452079
-0.0544472
-0.0681656
-0.0784285
-0.0748947
-0.0560078
-0.0342527
-0.0264746
-0.0377016
-0.0562250
-0.0658896
-0.0622235
-0.0551470
-0.0564068
-0.0662914
-0.0738670
-0.0696595
-0.0565090
-0.0468094
-0.0491688
-0.0587634
-0.0618446
-0.0503617
-0.0320644
-0.0249102
-0.0394588
-0.0661629
-0.0822503
-0.0738442
-0.0507647
-0.0363901
-0.0420465
-0.0547745
-0.0535723
-0.0357901
-0.0219540
-0.0315925
-0.0571348
-0.0669801
-0.0367473
0.0242450
0.0796462
0.0985311
0.0800469
0.0482149
0.0278369
0.0280891
0.0450766
0.0721305
0.1035504
0.1315702
0.1460653
0.1411136
0.1215543
0.1004948
0.0879715
0.0814542
0.0686215
0.0406452
0.0024932
-0.0310420
-0.0499433
-0.0587559
-0.0706750
-0.0918116
-0.1128691
-0.1183486
-0.1039772
-0.0827367
-0.0722326
-0.0780389
-0.0919441
-0.1045664
-0.1141869
-0.1215496
-0.1218855
-0.1091913
-0.0880617
-0.0740649
-0.0773812
-0.0891263
-0.0903702
-0.0758238
-0.0630501
-0.0739544
-0.1099135
-0.1489755
-0.1622475
-0.1213691
0.0104095
0.2721364
0.6595066
1.0746402
1.3429356
1.3173909
0.9928443
0.5208473
0.1008292
-0.1570208
-0.2757953
-0.3388629
-0.3906784
-0.4122049
-0.3757050
-0.2977066
-0.2268504
-0.1906651
-0.1716887
-0.1394894
-0.0940917
-0.0661641
-0.0764384
-0.1069464
-0.1199718
-0.1010117
-0.0734045
-0.0680974
-0.0865933
-0.1014013
-0.0908349
-0.0644095
-0.0499953
-0.0615253
-0.0862128
-0.1024080
-0.1027068
-0.0957926
-0.0904472
-0.0855151
-0.0769428
-0.0679206
-0.0652929
-0.0673686
-0.0628231
-0.0455144
-0.0259353
-0.0216901
-0.0365228
-0.0536169
-0.0519755
-0.0268288
0.0084788
0.0384706
0.0591277
0.0752977
0.0895227
0.0986259
0.1012414
0.1035956
0.1139890
0.1335786
0.1570578
0.1822843
0.2138895
0.2539233
0.2922147
0.3120113
0.3070501
0.2900497
0.2815277
0.2911422
0.3124364
0.3350633
0.3570642
0.3810117
0.4010061
0.4019558
0.3765956
0.3387928
0.3120605
0.3035203
0.2953424
0.2664567
0.2193112
0.1784723
0.1616764
0.1582436
0.1416754
0.1016381
0.0561625
0.0289110
0.0201587
0.0083718
-0.0199282
-0.0511407
-0.0615841
-0.0486916
-0.0359225
-0.0446157
-0.0680026
-0.0796080
-0.0654644
-0.0408835
-0.0322407
-0.0467377
-0.0663472
-0.0710899
-0.0612125
-0.0520851
-0.0521679
-0.0543847
-0.0499523
-0.0426712
-0.0432676
-0.0528425
-0.0596509
-0.0543493
-0.0429250
-0.0390986
-0.0455741
-0.0494148
-0.0390410
-0.0209678
-0.0129750
-0.0214226
-0.0332606
-0.0347455
-0.0317192
-0.0420949
-0.0685711
-0.0887979
-0.0797976
-0.0481672
-0.0268330
-0.0389299
-0.0709382
-0.0880468
-0.0743264
-0.0499410
-0.0455085
-0.0660463
-0.0882671
-0.0915941
-0.0817176
-0.0785469
-0.0879323
-0.0951876
-0.0869170
-0.0706554
-0.0666541
-0.0829658
-0.1054064
-0.1142032
-0.1060941
-0.0954105
-0.0949868
-0.1019343
-0.1044202
-0.0976118
-0.0876287
-0.0815063
-0.0795512
-0.0795046
-0.0831502
-0.0935590
-0.1068434
-0.1121821
-0.1035854
-0.0898356
-0.0879573
-0.1042449
-0.1241831
-0.1256250
-0.1028210
-0.0738906
-0.0621442
-0.0725285
-0.0899467
-0.0992659
-0.1015100
-0.1076939
-0.1202905
-0.1267150
-0.1131857
-0.0815135
-0.0475744
-0.0235126
-0.0069574
0.0088224
0.0190608
0.0104751
-0.0179719
-0.0444947
-0.0422205
-0.0076531
0.0332172
0.0494903
0.0344171
0.0088288
-0.0022079
0.0068105
0.0205318
0.0202271
-0.0012021
-0.0386681
-0.0818362
-0.1195904
-0.1431768
-0.1521842
-0.1575154
-0.1725885
-0.1983248
-0.2195901
-0.2203003
-0.2019762
-0.1843855
-0.1857647
-0.2030149
-0.2137659
-0.1997563
-0.1676694
-0.1447724
-0.1525358
-0.1846282
-0.2115400
-0.2077513
-0.1758490
-0.1447120
-0.1425246
-0.1700274
-0.2015460
-0.2128733
-0.2012820
-0.1668396
-0.0733751
0.1520901
0.5510604
1.0478321
1.4428960
1.5249529
1.2246838
0.6763058
0.1249364
-0.2429689
-0.4008019
-0.4419371
-0.4616044
-0.4813385
-0.4696770
-0.4083812
-0.3235352
-0.2584476
-0.2311364
-0.2248201
-0.2144237
-0.1939916
-0.1766634
-0.1740581
-0.1823064
-0.1883822
-0.1850969
-0.1769470
-0.1734027
-0.1791217
-0.1897846
-0.1953572
-0.1879726
-0.1688665
-0.1482354
-0.1371527
-0.1386157
-0.1461000
-0.1505356
-0.1486406
-0.1446842
-0.1441353
-0.1459685
-0.1427305
-0.1292785
-0.1100332
-0.0952880
-0.0905745
-0.0917634
-0.0907639
-0.0838019
-0.0732004
-0.0628443
-0.0535521
-0.0424905
-0.0261931
-0.0041354
0.0203605
0.0427567
0.0610188
0.0772885
0.0964777
0.1225117
0.1542437
0.1850159
0.2084484
0.2256254
0.2443831
0.2696446
0.2961786
0.3136396
0.3184659
0.3184057
0.3243592
0.3387139
0.3525458
0.3543691
0.3414678
0.3222264
0.3070864
0.2979697
0.2873943
0.2670030
0.2353074
0.1977359
0.1615316
0.1310603
0.1059452
0.0824381
0.0574992
0.0322572
0.0108691
-0.0041323
-0.0144279
-0.0236853
-0.0336036
-0.0424745
-0.0473319
-0.0476721
-0.0471176
-0.0503734
-0.0578258
-0.0642704
-0.0642111
-0.0577119
-0.0499808
-0.0460020
-0.0466949
-0.0494522
-0.0509697
-0.0498797
-0.0476997
-0.0470160
-0.0481921
-0.0484326
-0.0446241
-0.0365005
-0.0267511
-0.0189291
-0.0154618
-0.0163197
-0.0187948
-0.0194491
-0.0170236
-0.0131099
-0.0101046
-0.0093094
-0.0106432
-0.0128658
-0.0142435
-0.0144221
-0.0155044
-0.0196633
-0.0256478
-0.0294108
-0.0287811
-0.0263194
-0.0269204
-0.0329890
-0.0417959
-0.0471719
-0.0447571
-0.0368002
-0.0311134
-0.0338387
-0.0434066
-0.0525890
-0.0561493
-0.0556187
-0.0569753
-0.0643370
-0.0754979
-0.0833709
-0.0827502
-0.0759891
-0.0708344
-0.0723358
-0.0783676
-0.0834670
-0.0850192
-0.0846030
-0.0851943
-0.0886830
-0.0947259
-0.1001497
-0.1002467
-0.0927630
-0.0813221
-0.0740140
-0.0770923
-0.0887079
-0.0991613
-0.0997342
-0.0925954
-0.0895249
-0.0979103
-0.1095967
-0.1078130
-0.0857463
-0.0547533
-0.0322171
-0.0233365
-0.0175018
-0.0026429
0.0188780
0.0310152
0.0219670
0.0000885
-0.0113876
0.0029177
0.0348009
0.0608168
0.0647567
0.0507074
0.0362249
0.0353155
0.0469177
0.0567739
0.0496490
0.0215308
-0.0180843
-0.0546454
-0.0791806
-0.0924996
-0.1015428
-0.1120841
-0.1236374
-0.1312054
-0.1325237
-0.1320611
-0.1356742
-0.1427206
-0.1471256
-0.1459963
-0.1427879
-0.1406027
-0.1369303
-0.1289642
-0.1214532
-0.1232631
-0.1343727
-0.1411194
-0.1305568
-0.1095851
-0.1023843
-0.1227548
-0.1538516
-0.1659102
-0.1526740
-0.1318176
-0.0947963
0.0303111
0.3301324
0.7929244
1.2483871
1.4512293
1.2599816
0.7543969
0.1796879
-0.2336365
-0.4122129
-0.4318574
-0.4004298
-0.3641319
-0.3128167
-0.2401223
-0.1719724
-0.1392628
-0.1421878
-0.1524941
-0.1460732
-0.1249534
-0.1072003
-0.1028352
-0.1056354
-0.1058614
-0.1028292
-0.1016311
-0.1032832
-0.1045314
-0.1051349
-0.1084073
-0.1136527
-0.1138498
-0.1041290
-0.0894757
-0.0803496
-0.0811101
-0.0852470
-0.0830977
-0.0732721
-0.0643405
-0.0640064
-0.0685749
-0.0666668
-0.0532760
-0.0359346
-0.0251076
-0.0221236
-0.0196968
-0.0118059
0.0007571
0.0136639
0.0244015
0.0339444
0.0452616
0.0611178
0.0825944
0.1087491
0.1367396
0.1622218
0.1817567
0.1968718
0.2141600
0.2382661
0.2654445
0.2874484
0.3018606
0.3151316
0.3343980
0.3590208
0.3815641
0.3953736
0.4001926
0.4014552
0.4044978
0.4086834
0.4074975
0.3952669
0.3730197
0.3467761
0.3212619
0.2965233
0.2692941
0.2361178
0.1964130
0.1540811
0.1150556
0.0821619
0.0537943
0.0284176
0.0079776
-0.0048537
-0.0107970
-0.0134272
-0.0160728
-0.0207816
-0.0286142
-0.0389676
-0.0494150
-0.0574358
-0.0617951
-0.0621714
-0.0588777
-0.0532439
-0.0469840
-0.0412162
-0.0371319
-0.0363504
-0.0383648
-0.0389401
-0.0344126
-0.0272614
-0.0240069
-0.0271022
-0.0317443
-0.0315329
-0.0252582
-0.0174928
-0.0138731
-0.0159517
-0.0198281
-0.0204405
-0.0178147
-0.0174069
-0.0230339
-0.0314646
-0.0358760
-0.0330092
-0.0252559
-0.0176350
-0.0146355
-0.0179992
-0.0251145
-0.0307278
-0.0321330
-0.0318359
-0.0340939
-0.0400718
-0.0469550
-0.0501418
-0.0461733
-0.0361487
-0.0269814
-0.0264598
-0.0355258
-0.0471862
-0.0538908
-0.0543600
-0.0528913
-0.0538851
-0.0574561
-0.0591771
-0.0547908
-0.0465730
-0.0431129
-0.0498578
-0.0614230
-0.0670379
-0.0629832
-0.0560185
-0.0546661
-0.0605201
-0.0684856
-0.0725873
-0.0705584
-0.0645366
-0.0583889
-0.0544446
-0.0531820
-0.0550141
-0.0596512
-0.0638616
-0.0638340
-0.0610460
-0.0617462
-0.0682645
-0.0743749
-0.0722195
-0.0611360
-0.0468714
-0.0343946
-0.0242311
-0.0141369
-0.0018720
0.0127091
0.0266477
0.0356334
0.0377292
0.0353729
0.0344951
0.0418969
0.0602219
0.0824044
0.0941315
0.0874090
0.0712558
0.0638926
0.0733680
0.0892815
0.0939470
0.0785967
0.0486591
0.0166944
-0.0086177
-0.0282688
-0.0485501
-0.0712050
-0.0901934
-0.0993165
-0.0998739
-0.0981894
-0.0982098
-0.0995839
-0.1009346
-0.1017217
-0.1016935
-0.1005668
-0.0978988
-0.0933863
-0.0890778
-0.0898594
-0.0972199
-0.1031653
-0.0971810
-0.0815461
-0.0730850
-0.0846967
-0.1094640
-0.1286297
-0.1316565
-0.1180609
-0.0732957
0.0506286
0.3099906
0.7003253
1.1043234
1.3290567
1.2307129
0.8277161
0.2963386
-0.1510126
-0.3974551
-0.4597622
-0.4265072
-0.3716087
-0.3169142
-0.2549666
-0.1872851
-0.1326121
-0.1053518
-0.0999981
-0.1014004
-0.1019820
-0.1023670
-0.1013713
-0.0947002
-0.0827063
-0.0726298
-0.0712880
-0.0778998
-0.0846145
-0.0838733
-0.0766319
-0.0727192
-0.0797906
-0.0922968
-0.0960643
-0.0845412
-0.0658855
-0.0529746
-0.0510553
-0.0564082
-0.0623365
-0.0644079
-0.0632290
-0.0632480
-0.0661076
-0.0657951
-0.0544597
-0.0327917
-0.0104942
0.0036333
0.0089280
0.0113291
0.0181415
0.0328801
0.0517984
0.0672471
0.0775442
0.0905773
0.1137790
0.1437887
0.1707010
0.1898143
0.2045244
0.2199863
0.2384771
0.2594192
0.2804701
0.2998014
0.3187435
0.3394150
0.3590844
0.3716230
0.3760847
0.3785927
0.3835759
0.3883026
0.3882416
0.3824279
0.3709582
0.3522996
0.3261664
0.2955138
0.2638588
0.2333444
0.2050307
0.1774113
0.1463323
0.1114714
0.0808173
0.0622459
0.0521135
0.0391701
0.0190572
-0.0018142
-0.0164069
-0.0245951
-0.0302329
-0.0358003
-0.0404367
-0.0405389
-0.0338712
-0.0249906
-0.0226236
-0.0289962
-0.0368668
-0.0401335
-0.0408438
-0.0416236
-0.0388332
-0.0296736
-0.0197718
-0.0165200
-0.0192040
-0.0217488
-0.0216591
-0.0213007
-0.0231407
-0.0268795
-0.0288516
-0.0240111
-0.0127425
-0.0043753
-0.0072904
-0.0168245
-0.0211582
-0.0182009
-0.0171319
-0.0231463
-0.0305706
-0.0325517
-0.0289867
-0.0235853
-0.0205817
-0.0246721
-0.0370118
-0.0513227
-0.0599498
-0.0621629
-0.0611726
-0.0571364
-0.0499923
-0.0445390
-0.0448985
-0.0480052
-0.0494112
-0.0505875
-0.0541141
-0.0578368
-0.0603342
-0.0651378
-0.0727057
-0.0757476
-0.0697634
-0.0612269
-0.0590312
-0.0649034
-0.0768424
-0.0929340
-0.1066495
-0.1079361
-0.0948548
-0.0766967
-0.0629456
-0.0577018
-0.0645924
-0.0841919
-0.1050256
-0.1108643
-0.1002793
-0.0876124
-0.0835427
-0.0864038
-0.0919160
-0.0981380
-0.1012682
-0.0993592
-0.0986882
-0.1043323
-0.1083296
-0.1002727
-0.0845215
-0.0733656
-0.0694945
-0.0689959
-0.0735290
-0.0845354
-0.0939372
-0.0953348
-0.0948371
-0.0968124
-0.0911724
-0.0702421
-0.0455233
-0.0319600
-0.0278594
-0.0239811
-0.0184859
-0.0112062
0.0001910
0.0084764
0.0019339
-0.0099145
-0.0011170
0.0298134
0.0523611
0.0493024
0.0393238
0.0418823
0.0509582
0.0557711
0.0547508
0.0390428
-0.0019769
-0.0510243
-0.0780184
-0.0886437
-0.1124642
-0.1434603
-0.1495195
-0.1403618
-0.1557479
-0.1829772
-0.1704932
-0.1344081
-0.1498652
-0.2065227
-0.1858690
-0.0424655
