-0.1166304
-0.1413931
-0.1318674
-0.1264336
-0.1571147
-0.2144392
-0.2567583
-0.2358823
-0.1193592
0.0915276
0.3619411
0.6489855
0.9205546
1.1400289
1.2492405
1.1969914
0.9921671
0.7133390
0.4564679
0.2747765
0.1636451
0.0888211
0.0228584
-0.0391032
-0.0901802
-0.1303732
-0.1667369
-0.1960717
-0.2014078
-0.1759247
-0.1423266
-0.1351446
-0.1645682
-0.2070333
-0.2320741
-0.2314440
-0.2205135
-0.2166110
-0.2197982
-0.2150114
-0.1919552
-0.1593349
-0.1354165
-0.1273978
-0.1282817
-0.1343902
-0.1548133
-0.1956378
-0.2404885
-0.2568295
-0.2244983
-0.1559529
-0.0877707
-0.0521871
-0.0549106
-0.0780828
-0.1018264
-0.1188244
-0.1280664
-0.1238107
-0.1011865
-0.0707354
-0.0552989
-0.0657830
-0.0844944
-0.0787601
-0.0320640
0.0389870
0.0974502
0.1154988
0.0940130
0.0568819
0.0291826
0.0219840
0.0342673
0.0612711
0.0966610
0.1310950
0.1551956
0.1647748
0.1614937
0.1503844
0.1395672
0.1399828
0.1594580
0.1936907
0.2238497
0.2263589
0.1905288
0.1315860
0.0851274
0.0810025
0.1165168
0.1563463
0.1628057
0.1276905
0.0746752
0.0327464
0.0100999
-0.0060054
-0.0275593
-0.0495228
-0.0581719
-0.0519086
-0.0451845
-0.0486156
-0.0537295
-0.0476874
-0.0400370
-0.0601011
-0.1191485
-0.1828769
-0.1960365
-0.1401417
-0.0599856
-0.0231947
-0.0517952
-0.1009979
-0.1112748
-0.0758663
-0.0454920
-0.0648060
-0.1165922
-0.1400042
-0.1000434
-0.0266470
0.0185643
0.0057414
-0.0397852
-0.0720994
-0.0712678
-0.0519992
-0.0357793
-0.0277503
-0.0232602
-0.0251719
-0.0423631
-0.0726188
-0.0981198
-0.1027737
-0.0883651
-0.0690484
-0.0546219
-0.0456157
-0.0423433
-0.0498154
-0.0694475
-0.0907470
-0.0983777
-0.0886289
-0.0740009
-0.0681621
-0.0701039
-0.0691423
-0.0640896
-0.0683750
-0.0912502
-0.1204028
-0.1322893
-0.1189989
-0.0965783
-0.0837252
-0.0787718
-0.0642042
-0.0314072
0.0069953
0.0322637
0.0411988
0.0458812
0.0536475
0.0574904
0.0528503
0.0567877
0.0959573
0.1701389
0.2373457
0.2479842
0.1962750
0.1305549
0.1061706
0.1285664
0.1472861
0.1088463
0.0142486
-0.0786605
-0.1104919
-0.0763253
-0.0269675
-0.0185573
-0.0638806
-0.1297598
-0.1743177
-0.1829132
-0.1719966
-0.1656959
-0.1725061
-0.1821448
-0.1793460
-0.1578523
-0.1244282
-0.0953849
-0.0898629
-0.1189770
-0.1731456
-0.2192578
-0.2161492
-0.1383401
0.0130228
0.2199267
0.4634950
0.7273820
0.9875108
1.2047292
1.3338823
1.3438477
1.2314416
1.0207454
0.7546262
0.4858225
0.2639823
0.1157437
0.0315168
-0.0225514
-0.0731572
-0.1204271
-0.1509376
-0.1647306
-0.1807748
-0.2135983
-0.2517848
-0.2677962
-0.2492152
-0.2136925
-0.1893728
-0.1854440
-0.1889800
-0.1891183
-0.1938867
-0.2163695
-0.2497923
-0.2672025
-0.2493635
-0.2077185
-0.1750879
-0.1749119
-0.2019842
-0.2312100
-0.2407281
-0.2260922
-0.1975087
-0.1696094
-0.1544431
-0.1585339
-0.1805243
-0.2106506
-0.2354318
-0.2449246
-0.2360353
-0.2112324
-0.1777424
-0.1475676
-0.1323726
-0.1334361
-0.1381528
-0.1310854
-0.1096498
-0.0863123
-0.0741992
-0.0730775
-0.0716597
-0.0612723
-0.0425630
-0.0187915
0.0103326
0.0415559
0.0586354
0.0423535
-0.0027275
-0.0383036
-0.0221419
0.0475350
0.1239518
0.1548090
0.1324787
0.0972419
0.0917006
0.1178910
0.1419711
0.1355309
0.1040945
0.0742665
0.0613632
0.0575303
0.0489624
0.0346217
0.0229643
0.0160465
0.0053548
-0.0158269
-0.0419522
-0.0610260
-0.0685068
-0.0712540
-0.0774802
-0.0866597
-0.0923130
-0.0927397
-0.0938895
-0.0996531
-0.1035954
-0.0962182
-0.0808540
-0.0766999
-0.1006632
-0.1460373
-0.1828146
-0.1821669
-0.1413411
-0.0844518
-0.0402412
-0.0214194
-0.0252502
-0.0477294
-0.0879375
-0.1359449
-0.1653750
-0.1509287
-0.0980735
-0.0486150
-0.0468612
-0.0964332
-0.1537020
-0.1680428
-0.1293230
-0.0747656
-0.0503871
-0.0688778
-0.1050964
-0.1266545
-0.1227198
-0.1049900
-0.0898136
-0.0852929
-0.0916288
-0.1052911
-0.1197194
-0.1265146
-0.1214282
-0.1096990
-0.1022415
-0.1044423
-0.1099370
-0.1077224
-0.0954113
-0.0830974
-0.0825817
-0.0940170
-0.1052092
-0.1040270
-0.0897292
-0.0711248
-0.0544082
-0.0345508
-0.0007659
0.0479763
0.0941566
0.1133534
0.0994744
0.0776573
0.0858461
0.1379589
0.2054056
0.2394151
0.2151708
0.1541670
0.1022229
0.0864455
0.0954120
0.0995239
0.0841460
0.0578812
0.0321268
0.0025631
-0.0433566
-0.1047054
-0.1608835
-0.1899577
-0.1900842
-0.1796883
-0.1774035
-0.1846702
-0.1887357
-0.1802556
-0.1648186
-0.1562773
-0.1605465
-0.1687437
-0.1681981
-0.1601349
-0.1634457
-0.1953629
-0.2442164
-0.2637852
-0.2030005
-0.0473862
0.1706649
0.4067788
0.6463352
0.9015726
1.1632392
1.3660096
1.4207011
1.2918707
1.0399880
0.7769727
0.5756753
0.4251204
0.2734009
0.1042603
-0.0392814
-0.1054909
-0.0955307
-0.0661083
-0.0744081
-0.1282704
-0.1905678
-0.2236596
-0.2229049
-0.2106113
-0.2074616
-0.2152794
-0.2233765
-0.2236186
-0.2165383
-0.2072014
-0.2002391
-0.1986341
-0.2032159
-0.2111438
-0.2165229
-0.2146943
-0.2061090
-0.1954583
-0.1874738
-0.1840917
-0.1845818
-0.1863215
-0.1848914
-0.1758405
-0.1600060
-0.1481070
-0.1562446
-0.1907653
-0.2349344
-0.2543507
-0.2226815
-0.1471036
-0.0685926
-0.0332563
-0.0572768
-0.1143031
-0.1554096
-0.1454059
-0.0871611
-0.0163187
0.0273177
0.0281031
0.0016745
-0.0213214
-0.0192945
0.0071962
0.0406463
0.0625850
0.0665910
0.0602552
0.0579944
0.0712844
0.1011802
0.1361605
0.1581567
0.1556562
0.1344868
0.1147392
0.1137392
0.1301354
0.1451230
0.1403879
0.1154287
0.0875521
0.0752865
0.0819421
0.0944352
0.0962287
0.0804391
0.0523400
0.0229316
0.0015834
-0.0081289
-0.0100251
-0.0139986
-0.0296995
-0.0572518
-0.0832533
-0.0890177
-0.0670164
-0.0308632
-0.0068385
-0.0118530
-0.0382317
-0.0615146
-0.0646767
-0.0542366
-0.0515058
-0.0684646
-0.0939265
-0.1043738
-0.0878581
-0.0563527
-0.0346759
-0.0381938
-0.0615909
-0.0875635
-0.1033507
-0.1076507
-0.1044354
-0.0950891
-0.0791801
-0.0610094
-0.0511517
-0.0583409
-0.0792630
-0.0980343
-0.0982385
-0.0770638
-0.0476250
-0.0269393
-0.0218248
-0.0267347
-0.0339274
-0.0428907
-0.0579380
-0.0777833
-0.0913171
-0.0872161
-0.0680011
-0.0513194
-0.0537641
-0.0732161
-0.0899761
-0.0871878
-0.0687628
-0.0548696
-0.0598923
-0.0771082
-0.0863418
-0.0754362
-0.0521385
-0.0344904
-0.0310930
-0.0323918
-0.0212414
0.0092338
0.0486696
0.0793467
0.0927152
0.0974403
0.1120439
0.1481142
0.1982506
0.2401518
0.2546314
0.2413485
0.2167361
0.1962674
0.1800060
0.1566928
0.1204010
0.0793935
0.0466032
0.0238759
0.0001312
-0.0336986
-0.0717192
-0.0989895
-0.1091556
-0.1113699
-0.1180333
-0.1299192
-0.1379136
-0.1377215
-0.1367684
-0.1440415
-0.1573157
-0.1656448
-0.1639497
-0.1599162
-0.1637031
-0.1739867
-0.1781926
-0.1646184
-0.1277579
-0.0589808
0.0619655
0.2567519
0.5252269
0.8330468
1.1228935
1.3372546
1.4344679
1.3953370
1.2286788
0.9751867
0.6974584
0.4528195
0.2673124
0.1339687
0.0351454
-0.0365483
-0.0797711
-0.1002016
-0.1152494
-0.1391103
-0.1673874
-0.1825618
-0.1753283
-0.1565838
-0.1462598
-0.1529004
-0.1675035
-0.1766647
-0.1776712
-0.1783378
-0.1845835
-0.1930347
-0.1973966
-0.1982225
-0.2012853
-0.2059685
-0.2005350
-0.1743815
-0.1351968
-0.1089584
-0.1174871
-0.1545878
-0.1873506
-0.1850406
-0.1482499
-0.1082888
-0.0964586
-0.1143667
-0.1353066
-0.1335388
-0.1094387
-0.0851730
-0.0787511
-0.0862984
-0.0902887
-0.0812915
-0.0671899
-0.0606707
-0.0618311
-0.0573304
-0.0363729
-0.0035532
0.0263817
0.0441864
0.0532313
0.0618965
0.0734987
0.0863776
0.1007780
0.1197999
0.1416870
0.1557358
0.1519091
0.1353009
0.1258600
0.1388523
0.1665908
0.1844213
0.1768470
0.1545282
0.1418654
0.1490173
0.1607390
0.1548588
0.1287547
0.1032179
0.0992770
0.1141061
0.1227275
0.1035415
0.0604480
0.0191135
0.0023920
0.0100891
0.0220779
0.0199603
0.0048692
-0.0064522
-0.0028521
0.0062034
0.0002956
-0.0264352
-0.0540036
-0.0568020
-0.0352317
-0.0202384
-0.0401263
-0.0849064
-0.1114210
-0.0878026
-0.0287326
0.0188054
0.0232032
-0.0043824
-0.0304364
-0.0381493
-0.0386406
-0.0473989
-0.0613338
-0.0646288
-0.0507596
-0.0300561
-0.0161107
-0.0120587
-0.0127240
-0.0143441
-0.0170143
-0.0210401
-0.0276720
-0.0425322
-0.0695443
-0.0971033
-0.0982823
-0.0567736
0.0060671
0.0409535
0.0170027
-0.0437115
-0.0857702
-0.0760206
-0.0339298
-0.0045070
-0.0083755
-0.0267228
-0.0327584
-0.0258947
-0.0274005
-0.0482610
-0.0732059
-0.0801506
-0.0676606
-0.0548003
-0.0550788
-0.0586098
-0.0441249
-0.0047238
0.0432931
0.0763247
0.0841780
0.0753169
0.0670927
0.0743414
0.1036416
0.1507318
0.1999591
0.2307247
0.2318036
0.2120043
0.1934810
0.1906681
0.1957099
0.1867280
0.1506308
0.0958720
0.0423303
0.0013158
-0.0317488
-0.0658677
-0.0997244
-0.1211701
-0.1207088
-0.1029900
-0.0838204
-0.0770163
-0.0854210
-0.1033420
-0.1239224
-0.1415496
-0.1491403
-0.1390770
-0.1120111
-0.0844321
-0.0812923
-0.1136276
-0.1606424
-0.1773102
-0.1247358
0.0052294
0.1954438
0.4292145
0.7015831
0.9992669
1.2749556
1.4555139
1.4864978
1.3697740
1.1549350
0.8971670
0.6306015
0.3805131
0.1832606
0.0726865
0.0421864
0.0357562
-0.0057184
-0.0871401
-0.1578006
-0.1714827
-0.1398752
-0.1175756
-0.1383448
-0.1794043
-0.1941349
-0.1701310
-0.1418319
-0.1457978
-0.1763533
-0.1949129
-0.1779762
-0.1436690
-0.1274565
-0.1407047
-0.1622307
-0.1679722
-0.1583950
-0.1519517
-0.1583823
-0.1679937
-0.1679213
-0.1606861
-0.1600274
-0.1709982
-0.1818918
-0.1787954
-0.1632724
-0.1500526
-0.1482510
-0.1505457
-0.1431967
-0.1228312
-0.0993016
-0.0839087
-0.0798875
-0.0847981
-0.0960357
-0.1088483
-0.1122683
-0.0957768
-0.0638492
-0.0381715
-0.0371611
-0.0522888
-0.0512937
-0.0102689
0.0590324
0.1180771
0.1378167
0.1231675
0.1019015
0.0947581
0.1005487
0.1072797
0.1100306
0.1141256
0.1244952
0.1376850
0.1453916
0.1427537
0.1316283
0.1180327
0.1084821
0.1069404
0.1117644
0.1152256
0.1088856
0.0910195
0.0673021
0.0434581
0.0199934
-0.0032683
-0.0203476
-0.0233031
-0.0155239
-0.0154017
-0.0397326
-0.0829563
-0.1183837
-0.1233745
-0.1003486
-0.0696848
-0.0459285
-0.0292268
-0.0210542
-0.0371853
-0.0921951
-0.1702266
-0.2229626
-0.2087330
-0.1357816
-0.0609677
-0.0402512
-0.0789880
-0.1306196
-0.1428519
-0.1051606
-0.0546333
-0.0393530
-0.0754338
-0.1346333
-0.1701458
-0.1565120
-0.1094938
-0.0695060
-0.0642091
-0.0853933
-0.1021825
-0.0961511
-0.0806008
-0.0830108
-0.1106094
-0.1387541
-0.1367012
-0.1026786
-0.0684516
-0.0669130
-0.0976073
-0.1279191
-0.1284693
-0.1037664
-0.0850555
-0.0945652
-0.1214485
-0.1353820
-0.1211666
-0.0950882
-0.0858346
-0.1031454
-0.1297274
-0.1432672
-0.1404615
-0.1350818
-0.1355332
-0.1321232
-0.1101051
-0.0707010
-0.0323398
-0.0102888
-0.0004849
0.0127157
0.0359416
0.0596990
0.0721691
0.0742405
0.0761445
0.0817425
0.0828739
0.0716570
0.0534012
0.0412986
0.0387383
0.0328236
0.0090681
-0.0304830
-0.0688364
-0.0938018
-0.1111826
-0.1349082
-0.1669903
-0.1932204
-0.2003815
-0.1929783
-0.1877765
-0.1929141
-0.1985943
-0.1918450
-0.1765980
-0.1727122
-0.1939434
-0.2316672
-0.2639071
-0.2771833
-0.2730442
-0.2518502
-0.1966292
-0.0805860
0.1080524
0.3524553
0.6193689
0.8791195
1.1070887
1.2679759
1.3124489
1.2055114
0.9652833
0.6687248
0.4081953
0.2331716
0.1291297
0.0493625
-0.0359483
-0.1207281
-0.1838537
-0.2179988
-0.2344079
-0.2463350
-0.2575716
-0.2684843
-0.2844047
-0.3094142
-0.3335217
-0.3356505
-0.3056738
-0.2604350
-0.2311603
-0.2334055
-0.2534090
-0.2661106
-0.2625258
-0.2547681
-0.2566069
-0.2669488
-0.2758634
-0.2807228
-0.2876839
-0.2966145
-0.2929955
-0.2626610
-0.2138110
-0.1772727
-0.1796982
-0.2170767
-0.2576573
-0.2716570
-0.2567983
-0.2350528
-0.2274190
-0.2342386
-0.2386770
-0.2257552
-0.1965866
-0.1663236
-0.1507266
-0.1538406
-0.1654016
-0.1685784
-0.1522608
-0.1190798
-0.0825188
-0.0548733
-0.0370327
-0.0207573
-0.0013569
0.0141291
0.0146276
0.0011634
-0.0085175
0.0045090
0.0401113
0.0773428
0.0941983
0.0872043
0.0700855
0.0561328
0.0469794
0.0393331
0.0366585
0.0473263
0.0708483
0.0918712
0.0928614
0.0719516
0.0444733
0.0260363
0.0170215
0.0056132
-0.0162634
-0.0436326
-0.0650277
-0.0749955
-0.0779796
-0.0814641
-0.0883793
-0.0971872
-0.1075314
-0.1231475
-0.1475866
-0.1768061
-0.1972224
-0.1940393
-0.1648262
-0.1256211
-0.1005529
-0.1013932
-0.1164820
-0.1223443
-0.1081274
-0.0872086
-0.0825838
-0.1018124
-0.1296456
-0.1460377
-0.1476486
-0.1478001
-0.1566096
-0.1665746
-0.1610057
-0.1344893
-0.1008793
-0.0801640
-0.0798369
-0.0906916
-0.0993358
-0.1026059
-0.1096594
-0.1309435
-0.1644922
-0.1916834
-0.1882077
-0.1446775
-0.0804854
-0.0349462
-0.0376095
-0.0820263
-0.1292644
-0.1411668
-0.1133366
-0.0769149
-0.0688355
-0.0998780
-0.1483132
-0.1798030
-0.1724800
-0.1284470
-0.0689560
-0.0208374
-0.0020382
-0.0124258
-0.0350600
-0.0479192
-0.0375082
-0.0040919
0.0424268
0.0880686
0.1172983
0.1176615
0.0906749
0.0596811
0.0592483
0.1067047
0.1800647
0.2278047
0.2071814
0.1178244
-0.0000445
-0.0992426
-0.1578481
-0.1821537
-0.1851604
-0.1691542
-0.1315245
-0.0831746
-0.0528314
-0.0664440
-0.1210884
-0.1827240
-0.2135671
-0.2028073
-0.1705950
-0.1448581
-0.1388074
-0.1505275
-0.1752215
-0.2072473
-0.2303381
-0.2178627
-0.1527331
-0.0426175
0.0969192
0.2752361
0.5246857
0.8462688
1.1588116
1.3265035
1.2614314
1.0039513
0.6922899
0.4474965
0.2916400
0.1758957
0.0686053
-0.0072157
-0.0230427
-0.0048630
-0.0184966
-0.0944478
-0.1863735
-0.2176440
-0.1641286
-0.0801934
-0.0436523
-0.0845438
-0.1689882
-0.2398918
-0.2624085
-0.2370205
-0.1877808
-0.1469324
-0.1394220
-0.1649362
-0.1920323
-0.1818279
-0.1270600
-0.0643653
-0.0400556
-0.0640788
-0.1042482
-0.1257077
-0.1262770
-0.1268205
-0.1355201
-0.1363927
-0.1150207
-0.0817548
-0.0581121
-0.0469786
-0.0322434
-0.0107089
-0.0081333
-0.0479084
-0.1082100
-0.1289574
-0.0716078
0.0355439
0.1222229
0.1437907
0.1147476
0.0773024
0.0535304
