0.3839249
0.3040346
0.1083232
-0.0417390
-0.1020530
-0.1399459
-0.1856807
-0.2056913
-0.1967463
-0.2018533
-0.2343251
-0.2641912
-0.2783929
-0.2906080
-0.2968906
-0.2800599
-0.2530161
-0.2450867
-0.2504107
-0.2371224
-0.2020305
-0.1726665
-0.1606150
-0.1530109
-0.1460926
-0.1509718
-0.1678479
-0.1830407
-0.1884775
-0.1831588
-0.1648834
-0.1405099
-0.1314215
-0.1479654
-0.1710261
-0.1776748
-0.1712945
-0.1685414
-0.1712169
-0.1692526
-0.1586423
-0.1405143
-0.1149638
-0.0894243
-0.0798846
-0.0902859
-0.1017041
-0.0925788
-0.0602028
-0.0169441
0.0221440
0.0442489
0.0469528
0.0465984
0.0637201
0.0955779
0.1175527
0.1155871
0.1029240
0.1010315
0.1173681
0.1450554
0.1718374
0.1863405
0.1860375
0.1807939
0.1807921
0.1835392
0.1813920
0.1761034
0.1738892
0.1709358
0.1571305
0.1317233
0.1037630
0.0788773
0.0551285
0.0299464
0.0041137
-0.0177329
-0.0259447
-0.0125052
0.0149326
0.0338581
0.0295254
0.0100617
-0.0071369
-0.0158597
-0.0207633
-0.0246365
-0.0250151
-0.0197764
-0.0106644
-0.0039461
-0.0082687
-0.0258502
-0.0458357
-0.0546140
-0.0530360
-0.0538728
-0.0612066
-0.0632641
-0.0497558
-0.0278592
-0.0158018
-0.0243026
-0.0458132
-0.0600601
-0.0540366
-0.0412267
-0.0540372
-0.1064354
-0.1676040
-0.1852649
-0.1374843
-0.0546107
0.0099440
0.0246660
-0.0016701
-0.0364486
-0.0537974
-0.0522082
-0.0463183
-0.0469359
-0.0545114
-0.0676069
-0.0850065
-0.0981411
-0.0967495
-0.0902845
-0.1094017
-0.1688599
-0.2319357
-0.2281543
-0.1165153
0.0683358
0.2351297
0.3060814
0.2762131
0.2082563
0.1700713
0.1789934
0.2058673
0.2203866
0.2183570
0.2090834
0.1947911
0.1704494
0.1339762
0.0874222
0.0313777
-0.0347837
-0.1052626
-0.1623964
-0.1838879
-0.1633942
-0.1261333
-0.1144979
-0.1480804
-0.2003061
-0.2225824
-0.1913575
-0.1267317
-0.0677387
-0.0371762
-0.0315506
-0.0386292
-0.0577524
-0.0980529
-0.1551317
-0.1956725
-0.1755271
-0.0747500
0.0934109
0.3096288
0.5714336
0.8771321
1.1903859
1.4333374
1.5248749
1.4332314
1.1983284
0.9050110
0.6294901
0.4040103
0.2243798
0.0798389
-0.0318109
-0.1112383
-0.1649546
-0.2010289
-0.2240200
-0.2376170
-0.2477586
-0.2598017
-0.2746455
-0.2893468
-0.3008847
-0.3095932
-0.3187938
-0.3281678
-0.3272375
-0.3019576
-0.2529219
-0.2025560
-0.1770113
-0.1811615
-0.1955328
-0.1970649
-0.1798241
-0.1570121
-0.1465268
-0.1546411
-0.1718414
-0.1839267
-0.1855116
-0.1802857
-0.1709405
-0.1560772
-0.1380733
-0.1263686
-0.1279323
-0.1381984
-0.1457365
-0.1441927
-0.1370836
-0.1321395
-0.1324510
-0.1324926
-0.1231567
-0.1020282
-0.0772930
-0.0592374
-0.0495930
-0.0418150
-0.0292777
-0.0097352
0.0148135
0.0370105
0.0456271
0.0362323
0.0212752
0.0221260
0.0462876
0.0754718
0.0815898
0.0570770
0.0284495
0.0358087
0.0944922
0.1770641
0.2366672
0.2477868
0.2203308
0.1769114
0.1277679
0.0729540
0.0190591
-0.0188985
-0.0325538
-0.0293499
-0.0235136
-0.0214270
-0.0191615
-0.0135541
-0.0116399
-0.0246612
-0.0522305
-0.0775635
-0.0829845
-0.0677905
-0.0463740
-0.0311453
-0.0232524
-0.0187949
-0.0164439
-0.0163297
-0.0167223
-0.0159187
-0.0156955
-0.0204284
-0.0327346
-0.0498000
-0.0633769
-0.0647714
-0.0519189
-0.0315286
-0.0137748
-0.0058027
-0.0096056
-0.0221825
-0.0360221
-0.0433032
-0.0430295
-0.0419680
-0.0459046
-0.0516969
-0.0500112
-0.0342743
-0.0058660
0.0266479
0.0518678
0.0630515
0.0652843
0.0737449
0.1010974
0.1455374
0.1919460
0.2247049
0.2393122
0.2422550
0.2406195
0.2339841
0.2190837
0.2001209
0.1860347
0.1736463
0.1429296
0.0813553
0.0101084
-0.0302675
-0.0291167
-0.0303097
-0.0908878
-0.2103213
-0.3118190
-0.3087446
-0.1945463
-0.0591449
-0.0066784
-0.0573765
-0.1375037
-0.1647969
-0.1320019
-0.1005246
-0.1231070
-0.1876830
-0.2364638
-0.2251300
-0.1524634
-0.0364843
0.1241314
0.3532070
0.6599505
1.0045177
1.3061031
1.4862099
1.5063323
1.3748068
1.1326760
0.8375936
0.5492123
0.3119771
0.1408875
0.0220644
-0.0694922
-0.1476482
-0.2068008
-0.2351956
-0.2361194
-0.2320706
-0.2445489
-0.2723278
-0.2948450
-0.2967699
-0.2842361
-0.2751445
-0.2773104
-0.2799974
-0.2670681
-0.2363468
-0.2037885
-0.1876448
-0.1903948
-0.1990841
-0.2020950
-0.2003035
-0.2003287
-0.2026524
-0.2017372
-0.1955684
-0.1895135
-0.1897281
-0.1957369
-0.2012127
-0.2012191
-0.1972526
-0.1939568
-0.1908659
-0.1797949
-0.1527953
-0.1112311
-0.0638031
-0.0166347
0.0302377
0.0759852
0.1135785
0.1349841
0.1403833
0.1394382
0.1427322
0.1522942
0.1606262
0.1592079
0.1475583
0.1329015
0.1221130
0.1180130
0.1245543
0.1495572
0.1954875
0.2484710
0.2830355
0.2814473
0.2474682
0.2007615
0.1599755
0.1321147
0.1149324
0.1036283
0.0914765
0.0674235
0.0230744
-0.0314820
-0.0654846
-0.0552445
-0.0186309
-0.0106978
-0.0716156
-0.1781530
-0.2559632
-0.2462627
-0.1593325
-0.0605163
-0.0073869
-0.0070047
-0.0337415
-0.0749494
-0.1412045
-0.2281523
-0.2850245
-0.2408040
-0.0650259
0.2071213
0.5132313
0.8163669
1.1094719
1.3731967
1.5481113
1.5653875
1.4090042
1.1410454
0.8583925
0.6232419
0.4364215
0.2713490
0.1201892
0.0003607
-0.0747074
-0.1161933
-0.1472129
-0.1773253
-0.1972632
-0.1982526
-0.1899136
-0.1936867
-0.2193592
-0.2537841
-0.2763351
-0.2816501
-0.2807616
-0.2809139
-0.2733271
-0.2469035
-0.2098036
-0.1888555
-0.2039170
-0.2453087
-0.2803919
-0.2838866
-0.2605244
-0.2362772
-0.2286289
-0.2295477
-0.2190700
-0.1909981
-0.1600918
-0.1453475
-0.1513870
-0.1668639
-0.1761921
-0.1698686
-0.1466646
-0.1114527
-0.0733728
-0.0438245
-0.0313221
-0.0346709
-0.0419489
-0.0397521
-0.0247733
-0.0045523
0.0131133
0.0280340
0.0437580
0.0600970
0.0734091
0.0821470
0.0874630
0.0883050
0.0805576
0.0641554
0.0490104
0.0489472
0.0666495
0.0863461
0.0862009
0.0600772
0.0239533
-0.0021090
-0.0153354
-0.0288363
-0.0507208
-0.0720826
-0.0792102
-0.0731756
-0.0715198
-0.0900311
-0.1256147
-0.1580026
-0.1666216
-0.1448844
-0.1006728
-0.0483240
-0.0032747
0.0197162
0.0123141
-0.0185220
-0.0514538
-0.0671499
-0.0651465
-0.0617930
-0.0709085
-0.0888397
-0.0999091
-0.0950222
-0.0823413
-0.0781348
-0.0879422
-0.1000168
-0.0999066
-0.0892292
-0.0845402
-0.0960429
-0.1125014
-0.1128024
-0.0918478
-0.0695825
-0.0705769
-0.0960966
-0.1211428
-0.1219637
-0.1032585
-0.0915053
-0.1003033
-0.1110864
-0.0976969
-0.0676978
-0.0658853
-0.1263951
-0.2235608
-0.2806079
-0.2354208
-0.1001663
0.0448132
0.1168115
0.0924323
0.0109513
-0.0719631
-0.1266458
-0.1528870
-0.1593223
-0.1518725
-0.1382030
-0.1298474
-0.1326392
-0.1390718
-0.1366765
-0.1243649
-0.1156010
-0.1219875
-0.1361821
-0.1369957
-0.1139354
-0.0825205
-0.0697645
-0.0850183
-0.1104004
-0.1216645
-0.1139638
-0.1033035
-0.1052384
-0.1172846
-0.1232283
-0.1111493
-0.0841653
-0.0544992
-0.0308245
-0.0135744
0.0002750
0.0134893
0.0309298
0.0598166
0.1013000
0.1424131
0.1623745
0.1506720
0.1179853
0.0874281
0.0747150
0.0763812
0.0754917
0.0572795
0.0198106
-0.0278508
-0.0745201
-0.1127377
-0.1387951
-0.1518114
-0.1545858
-0.1531210
-0.1530852
-0.1568415
-0.1637321
-0.1711859
-0.1749643
-0.1716920
-0.1648744
-0.1676429
-0.1947539
-0.2473311
-0.3041482
-0.3298542
-0.2951540
-0.1912208
-0.0250541
0.1969035
0.4741260
0.7946475
1.1125757
1.3510373
1.4388571
1.3544244
1.1401835
0.8754542
0.6293942
0.4298613
0.2677554
0.1254349
-0.0000620
-0.0973577
-0.1570733
-0.1838109
-0.1935261
-0.2023744
-0.2180017
-0.2383002
-0.2559539
-0.2645254
-0.2626242
-0.2549273
-0.2500572
-0.2552370
-0.2697315
-0.2832794
-0.2841440
-0.2709744
-0.2555806
-0.2521413
-0.2638045
-0.2805267
-0.2890396
-0.2835711
-0.2675349
-0.2472824
-0.2263181
-0.2055709
-0.1868578
-0.1730561
-0.1645668
-0.1586307
-0.1542495
-0.1554228
-0.1658556
-0.1811736
-0.1907142
-0.1886928
-0.1804112
-0.1744036
-0.1702735
-0.1589701
-0.1368115
-0.1152065
-0.1100878
-0.1196355
-0.1178620
-0.0779961
-0.0038243
0.0677193
0.0999014
0.0907213
0.0711400
0.0706257
0.0891988
0.1044859
0.1014890
0.0899733
0.0919531
0.1160074
0.1477150
0.1652241
0.1610918
0.1472623
0.1410220
0.1490435
0.1641631
0.1738863
0.1703840
0.1542250
0.1309417
0.1051482
0.0786679
0.0540290
0.0366475
0.0297740
0.0277964
0.0194297
0.0004070
-0.0202359
-0.0313021
-0.0358532
-0.0496558
-0.0787613
-0.1035645
-0.0957336
-0.0548853
-0.0194580
-0.0291104
-0.0763286
-0.1075710
-0.0806189
-0.0143885
0.0291580
0.0121010
-0.0410861
-0.0766146
-0.0732513
-0.0594187
-0.0701055
-0.1007464
-0.1142430
-0.0886015
-0.0441225
-0.0188363
-0.0265283
-0.0487741
-0.0641807
-0.0723121
-0.0840946
-0.0983968
-0.0995746
-0.0782364
-0.0460195
-0.0250033
-0.0255545
-0.0386585
-0.0483563
-0.0465926
-0.0351827
-0.0196847
-0.0077448
-0.0109145
-0.0381956
-0.0820049
-0.1156248
-0.1137139
-0.0777124
-0.0358470
-0.0140169
-0.0087731
0.0070234
0.0521524
0.1147088
0.1639470
0.1818245
0.1787266
0.1781074
0.1909075
0.2090870
0.2206164
0.2226952
0.2177632
0.2033354
0.1738265
0.1326030
0.0956706
0.0783062
0.0787398
0.0785736
0.0607944
0.0258686
-0.0112126
-0.0379587
-0.0552846
-0.0716822
-0.0909386
-0.1088741
-0.1198945
-0.1222472
-0.1170586
-0.1074786
-0.1018819
-0.1138782
-0.1515663
-0.2027779
-0.2331897
-0.2041326
-0.0956600
0.0868656
0.3263290
0.6072780
0.9096833
1.1914382
1.3885458
1.4454266
1.3510976
1.1456241
0.8909055
0.6355204
0.4040190
0.2095205
0.0643773
-0.0263705
-0.0762375
-0.1118210
-0.1508400
-0.1878402
-0.2053383
-0.1977216
-0.1795554
-0.1695382
-0.1707658
-0.1703347
-0.1563984
-0.1315609
-0.1091707
-0.0999351
-0.1044967
-0.1171238
-0.1325004
-0.1472606
-0.1577463
-0.1605500
-0.1562594
-0.1499491
-0.1458924
-0.1430725
-0.1378290
-0.1299708
-0.1238754
-0.1235015
-0.1284650
-0.1357020
-0.1429301
-0.1485699
-0.1492482
-0.1403961
-0.1212995
-0.0986418
-0.0823091
-0.0761624
-0.0742329
-0.0678994
-0.0559825
-0.0449002
-0.0382094
-0.0291512
-0.0069255
0.0297535
0.0680640
0.0919747
0.0976473
0.0969655
0.1052031
0.1257098
0.1477567
0.1592995
0.1599647
0.1599795
0.1675466
0.1799897
0.1880392
0.1866529
0.1793721
0.1723071
0.1661376
0.1560163
0.1392318
0.1207606
0.1089871
0.1060502
0.1047526
0.0965219
0.0812173
0.0670646
0.0608261
0.0594500
0.0521892
0.0308973
-0.0012181
-0.0299412
-0.0393134
-0.0230374
0.0101225
0.0409430
0.0517005
0.0376404
0.0094633
-0.0159337
-0.0291675
-0.0337562
-0.0380455
-0.0436368
-0.0446291
-0.0380464
-0.0305512
-0.0309677
-0.0377469
-0.0391925
-0.0287874
-0.0168456
-0.0210616
-0.0440162
-0.0653165
-0.0624714
-0.0394800
-0.0277677
-0.0531232
-0.1040450
-0.1398402
-0.1328502
-0.0983519
-0.0773932
-0.0904536
-0.1134140
-0.1032181
-0.0455062
0.0280244
0.0712797
0.0693271
0.0490234
0.0466799
0.0717426
0.1053127
0.1290227
0.1466495
0.1744525
0.2157440
0.2524314
0.2635896
0.2482205
0.2251544
0.2108464
0.2015433
0.1798721
0.1365319
0.0813746
0.0326959
-0.0010341
-0.0267014
-0.0559008
-0.0919422
-0.1277987
-0.1545100
-0.1694579
-0.1766935
-0.1814600
-0.1862502
-0.1914151
-0.1966857
-0.2003327
-0.1987153
-0.1904444
-0.1824316
-0.1889523
-0.2197240
-0.2655044
-0.2955595
-0.2718805
-0.1685551
0.0205391
0.2885856
0.6218702
0.9909539
1.3359579
1.5720217
1.6262473
1.4825368
1.1952751
0.8574003
0.5487214
0.3048498
0.1233954
-0.0102274
-0.1054176
-0.1672088
-0.2035605
-0.2257726
-0.2425650
-0.2566948
-0.2672510
-0.2729005
-0.2727558
-0.2670347
-0.2589797
-0.2546299
-0.2579215
-0.2657069
-0.2698687
-0.2659979
-0.2589457
-0.2575232
-0.2632457
-0.2665706
-0.2566995
-0.2347200
-0.2143896
-0.2085252
-0.2161439
-0.2249180
-0.2255118
-0.2209478
-0.2209976
-0.2293280
-0.2385593
-0.2382004
-0.2257050
-0.2083188
-0.1947100
-0.1867555
-0.1803416
-0.1725060
-0.1653458
-0.1626247
-0.1645367
-0.1672213
-0.1664350
-0.1598985
-0.1461236
-0.1232885
-0.0917633
-0.0580659
-0.0339082
-0.0278328
-0.0359526
-0.0422413
-0.0309789
-0.0007952
0.0340581
0.0579013
0.0698247
0.0849601
0.1179535
0.1643118
0.1995542
0.1998508
0.1654716
0.1231151
0.1029889
0.1122744
0.1306960
0.1312802
0.1044574
0.0626914
0.0247710
-0.0014110
-0.0211292
-0.0420891
-0.0650778
-0.0849744
-0.0976370
-0.1036045
-0.1065934
-0.1111726
-0.1215882
-0.1391986
-0.1585721
-0.1681815
-0.1594995
-0.1376852
-0.1213172
-0.1276102
-0.1554603
-0.1837144
-0.1886613
-0.1651579
-0.1306329
-0.1075391
-0.1018449
-0.0994159
-0.0832847
-0.0527771
-0.0241411
-0.0129824
-0.0185564
-0.0270171
-0.0286862
-0.0285434
-0.0378843
-0.0580625
-0.0765733
-0.0799717
-0.0672173
-0.0475422
-0.0274909
-0.0050557
0.0222544
0.0483979
0.0634833
0.0678456
0.0766910
0.1062027
0.1548481
0.2013190
0.2228422
0.2150724
0.1934851
0.1764705
0.1682777
0.1572812
0.1284192
0.0770259
0.0130486
-0.0462793
-0.0890915
-0.1169270
-0.1409011
-0.1684544
-0.1933481
-0.2007548
-0.1845025
-0.1586845
-0.1488833
-0.1690289
-0.2067073
-0.2327386
-0.2264260
-0.1926592
-0.1568437
-0.1453630
-0.1689077
-0.2176989
-0.2662918
-0.2832077
-0.2424086
-0.1316779
0.0482425
0.2918948
0.5917076
0.9251233
1.2371959
1.4451078
1.4767062
1.3190202
1.0336133
0.7200332
0.4558073
0.2625010
0.1199017
0.0043900
-0.0888954
-0.1547064
-0.1967449
-0.2304976
-0.2674382
-0.3015890
-0.3159285
-0.3023302
-0.2730560
-0.2513651
-0.2515688
-0.2691302
-0.2889831
-0.3005067
-0.3027345
-0.2972090
-0.2809193
-0.2501891
-0.2107940
-0.1795891
-0.1717836
-0.1859961
-0.2043047
-0.2089884
-0.1988061
-0.1878162
-0.1890784
-0.2016005
-0.2135742
-0.2158805
-0.2098478
-0.2024380
-0.1972720
-0.1926886
-0.1871026
-0.1827218
-0.1824425
-0.1848916
-0.1849838
-0.1794460
-0.1699564
-0.1599828
-0.1498724
-0.1367017
-0.1187278
-0.0982967
-0.0793923
-0.0629774
-0.0457734
-0.0236309
0.0045443
0.0360935
0.0666759
0.0922984
0.1101612
0.1193505
0.1218035
0.1220969
0.1249342
0.1317653
0.1394086
0.1419634
0.1345969
0.1167155
0.0927626
0.0700107
0.0539108
0.0435107
0.0310413
0.0079186
