-0.0005399
0.0197573
0.0242390
0.0189041
0.0152772
0.0163995
0.0133509
-0.0030636
-0.0286412
-0.0464767
-0.0427851
-0.0214349
-0.0013629
0.0009459
-0.0139842
-0.0313497
-0.0379924
-0.0344110
-0.0314741
-0.0373142
-0.0491767
-0.0578573
-0.0582677
-0.0542615
-0.0535614
-0.0595041
-0.0686130
-0.0756841
-0.0800725
-0.0863367
-0.0988345
-0.1161706
-0.1314921
-0.1387445
-0.1388988
-0.1397633
-0.1489803
-0.1666637
-0.1850260
-0.1958986
-0.1991531
-0.2034971
-0.2179506
-0.2414950
-0.2612831
-0.2630731
-0.2462715
-0.2296745
-0.2392218
-0.2837342
-0.3376690
-0.3485355
-0.2678967
-0.0829484
0.1778672
0.4695775
0.7614582
1.0440383
1.3079082
1.5206734
1.6311999
1.6013103
1.4355134
1.1810187
0.9000148
0.6406272
0.4275586
0.2691269
0.1641882
0.1020414
0.0632996
0.0289567
-0.0086058
-0.0447279
-0.0727971
-0.0933883
-0.1117712
-0.1285277
-0.1369139
-0.1316849
-0.1186580
-0.1121158
-0.1214608
-0.1418688
-0.1596316
-0.1662492
-0.1658613
-0.1688668
-0.1800697
-0.1945809
-0.2046891
-0.2086857
-0.2117997
-0.2194258
-0.2312918
-0.2429383
-0.2517711
-0.2600772
-0.2717186
-0.2867199
-0.2999977
-0.3056592
-0.3026094
-0.2961742
-0.2941381
-0.3003020
-0.3108110
-0.3164937
-0.3094555
-0.2881178
-0.2560783
-0.2164565
-0.1686708
-0.1122221
-0.0532376
-0.0042694
0.0257383
0.0416593
0.0594357
0.0902010
0.1274383
0.1526564
0.1552799
0.1453525
0.1442321
0.1626892
0.1902331
0.2071581
0.2056041
0.1964930
0.1957355
0.2060794
0.2145210
0.2067939
0.1821654
0.1533297
0.1333633
0.1242497
0.1174550
0.1037033
0.0812271
0.0554299
0.0321482
0.0121200
-0.0082146
-0.0313621
-0.0550491
-0.0741069
-0.0857401
-0.0923241
-0.0987800
-0.1078634
-0.1191196
-0.1325028
-0.1511028
-0.1777824
-0.2087388
-0.2330621
-0.2418848
-0.2384472
-0.2366939
-0.2477226
-0.2681347
-0.2839037
-0.2863512
-0.2821284
-0.2847349
-0.2962025
-0.3002743
-0.2767938
-0.2229093
-0.1577712
-0.1050398
-0.0721575
-0.0485141
-0.0227230
0.0021541
0.0129108
0.0038955
-0.0136275
-0.0219483
-0.0151730
-0.0041423
-0.0027039
-0.0118254
-0.0198590
-0.0173248
-0.0073965
0.0002262
0.0026642
0.0055869
0.0098880
0.0015684
-0.0369327
-0.1006941
-0.1500913
-0.1313420
-0.0143889
0.1883616
0.4399350
0.7107014
0.9866661
1.2459795
1.4364254
1.4901701
1.3713394
1.1119569
0.7982919
0.5170551
0.3084803
0.1626020
0.0510783
-0.0421052
-0.1158866
-0.1663573
-0.1979689
-0.2212964
-0.2444258
-0.2685880
-0.2904169
-0.3065725
-0.3167271
-0.3235565
-0.3299520
-0.3353343
-0.3346028
-0.3216412
-0.2942852
-0.2553222
-0.2089179
-0.1583556
-0.1091903
-0.0725509
-0.0598421
-0.0706708
-0.0882812
-0.0920895
-0.0768431
-0.0571754
-0.0511814
-0.0610238
-0.0724345
-0.0727072
-0.0652134
-0.0635717
-0.0735054
-0.0847018
-0.0821571
-0.0631623
-0.0403519
-0.0284468
-0.0304463
-0.0374117
-0.0393965
-0.0343627
-0.0271406
-0.0221824
-0.0185886
-0.0115106
0.0025130
0.0215779
0.0393385
0.0500246
0.0530123
0.0526189
0.0533372
0.0554589
0.0557497
0.0521696
0.0466493
0.0420070
0.0367278
0.0251106
0.0040890
-0.0214252
-0.0426954
-0.0574040
-0.0736423
-0.1012639
-0.1392307
-0.1736683
-0.1903037
-0.1886566
-0.1823878
-0.1846840
-0.1939609
-0.1951350
-0.1748818
-0.1345247
-0.0879469
-0.0488710
-0.0218760
-0.0044525
0.0059731
0.0094972
0.0068058
0.0013803
-0.0031505
-0.0066977
-0.0116983
-0.0183168
-0.0226884
-0.0213912
-0.0164870
-0.0138378
-0.0161230
-0.0194888
-0.0184518
-0.0130742
-0.0096218
-0.0141852
-0.0268616
-0.0422812
-0.0543919
-0.0599501
-0.0589158
-0.0539984
-0.0502756
-0.0527247
-0.0615637
-0.0708879
-0.0753758
-0.0797255
-0.0981315
-0.1395604
-0.1920448
-0.2237283
-0.2014392
-0.1083584
0.0549717
0.2801799
0.5518531
0.8341549
1.0628505
1.1654500
1.1039158
0.9042607
0.6424262
0.3956936
0.2018973
0.0585441
-0.0477278
-0.1178752
-0.1451811
-0.1345726
-0.1085172
-0.0909366
-0.0880050
-0.0878052
-0.0780212
-0.0605384
-0.0474850
-0.0461634
-0.0519494
-0.0560695
-0.0565895
-0.0590267
-0.0675824
-0.0790827
-0.0866305
-0.0873558
-0.0846412
-0.0832264
-0.0843145
-0.0865025
-0.0898464
-0.0964418
-0.1065902
-0.1164706
-0.1212812
-0.1199163
-0.1150173
-0.1089176
-0.1017508
-0.0944316
-0.0914642
-0.0977830
-0.1118143
-0.1235593
-0.1224338
-0.1081287
-0.0921898
-0.0867036
-0.0913071
-0.0932712
-0.0816446
-0.0602630
-0.0449921
-0.0478762
-0.0652657
-0.0824126
-0.0889775
-0.0883813
-0.0912874
-0.1014469
-0.1106905
-0.1090699
-0.0981048
-0.0909323
-0.0981061
-0.1144353
-0.1214338
-0.1032459
-0.0603156
-0.0083542
0.0348249
0.0613905
0.0746821
0.0816695
0.0860685
0.0875906
0.0846961
0.0762022
0.0614347
0.0412191
0.0193747
0.0019239
-0.0064766
-0.0056917
0.0000947
0.0053975
0.0065841
0.0034219
-0.0010689
-0.0023108
0.0024886
0.0107100
0.0142301
0.0056489
-0.0130500
-0.0290252
-0.0290567
-0.0132472
0.0031543
0.0036719
-0.0135957
-0.0351686
-0.0469489
-0.0480332
-0.0487960
-0.0568022
-0.0678724
-0.0728726
-0.0712495
-0.0734499
-0.0879591
-0.1090484
-0.1225285
-0.1252933
-0.1354117
-0.1770421
-0.2518080
-0.3251744
-0.3434035
-0.2668379
-0.0899953
0.1655351
0.4703335
0.7936416
1.0927923
1.3072677
1.3779999
1.2837025
1.0622315
0.7938960
0.5568287
0.3885134
0.2802011
0.2016656
0.1309308
0.0659313
0.0156558
-0.0147401
-0.0304434
-0.0421948
-0.0570239
-0.0731811
-0.0835382
-0.0844231
-0.0812079
-0.0840176
-0.0970373
-0.1129801
-0.1199036
-0.1140657
-0.1049175
-0.1059835
-0.1206751
-0.1383777
-0.1456177
-0.1403625
-0.1334813
-0.1358579
-0.1463291
-0.1544021
-0.1538398
-0.1504671
-0.1549777
-0.1694260
-0.1833008
-0.1841336
-0.1713489
-0.1581987
-0.1591763
-0.1758966
-0.1960751
-0.2060055
-0.2028677
-0.1948333
-0.1909881
-0.1928358
-0.1952042
-0.1935913
-0.1893352
-0.1875362
-0.1904020
-0.1930405
-0.1859920
-0.1620652
-0.1213238
-0.0705953
-0.0189578
0.0268268
0.0639260
0.0917796
0.1097381
0.1172996
0.1168356
0.1143296
0.1150412
0.1180381
0.1167946
0.1065453
0.0902794
0.0759119
0.0673895
0.0601314
0.0467289
0.0267208
0.0085307
0.0001765
-0.0007164
-0.0049522
-0.0191352
-0.0371269
-0.0460225
-0.0399925
-0.0266337
-0.0197742
-0.0272753
-0.0457665
-0.0654772
-0.0789074
-0.0855914
-0.0903993
-0.0983278
-0.1103345
-0.1229661
-0.1318572
-0.1365299
-0.1418816
-0.1534213
-0.1701754
-0.1842135
-0.1896995
-0.1915668
-0.2015675
-0.2241476
-0.2490033
-0.2609637
-0.2565731
-0.2470249
-0.2427580
-0.2383107
-0.2179645
-0.1782134
-0.1397699
-0.1296735
-0.1481811
-0.1566018
-0.1029408
0.0383624
0.2515833
0.5008460
0.7598374
1.0169919
1.2544442
1.4306708
1.4934645
1.4158682
1.2205087
0.9675145
0.7173710
0.5029158
0.3304939
0.1981685
0.1059975
0.0504152
0.0169317
-0.0139878
-0.0517847
-0.0889535
-0.1117022
-0.1167999
-0.1153599
-0.1196865
-0.1299823
-0.1375241
-0.1394159
-0.1448025
-0.1634905
-0.1910349
-0.2098425
-0.2068597
-0.1883181
-0.1746885
-0.1810641
-0.2042234
-0.2294063
-0.2472003
-0.2606601
-0.2765455
-0.2941645
-0.3061190
-0.3082880
-0.3052219
-0.3048611
-0.3102572
-0.3177339
-0.3212874
-0.3163180
-0.2993621
-0.2673882
-0.2205140
-0.1655663
-0.1142857
-0.0756846
-0.0503792
-0.0333410
-0.0208619
-0.0124047
-0.0063051
0.0021840
0.0159083
0.0309652
0.0405840
0.0443631
0.0506483
0.0671623
0.0900913
0.1055125
0.1033512
0.0884935
0.0757690
0.0743781
0.0801153
0.0835925
0.0823805
0.0813767
0.0828421
0.0811532
0.0694140
0.0483265
0.0254613
0.0067379
-0.0082646
-0.0220679
-0.0337522
-0.0410026
-0.0467190
-0.0588429
-0.0805836
-0.1034874
-0.1152560
-0.1150721
-0.1166046
-0.1326320
-0.1593294
-0.1802262
-0.1856042
-0.1836293
-0.1897236
-0.2075380
-0.2250733
-0.2307248
-0.2290726
-0.2356437
-0.2555091
-0.2718074
-0.2600366
-0.2134301
-0.1511806
-0.1010035
-0.0757310
-0.0673714
-0.0606259
-0.0485424
-0.0352165
-0.0269985
-0.0246456
-0.0244297
-0.0240918
-0.0245996
-0.0259898
-0.0244816
-0.0162046
-0.0031971
0.0064561
0.0054936
-0.0056466
-0.0188078
-0.0250011
-0.0220008
-0.0155928
-0.0129726
-0.0149368
-0.0157029
-0.0109996
-0.0049250
-0.0067994
-0.0208474
-0.0403111
-0.0532573
-0.0546550
-0.0517917
-0.0563363
-0.0711624
-0.0873343
-0.0957363
-0.0994711
-0.1106656
-0.1342993
-0.1590263
-0.1676755
-0.1563974
-0.1404488
-0.1395521
-0.1588213
-0.1860417
-0.2073647
-0.2223648
-0.2404846
-0.2638056
-0.2785235
-0.2671918
-0.2279472
-0.1780547
-0.1378509
-0.1134170
-0.0958587
-0.0752530
-0.0523430
-0.0359101
-0.0306910
-0.0308039
-0.0263977
-0.0151726
-0.0045844
-0.0022419
-0.0066266
-0.0094428
-0.0063783
-0.0031901
-0.0097339
-0.0281315
-0.0480314
-0.0551165
-0.0448472
-0.0266132
-0.0135182
-0.0101988
-0.0136244
-0.0242702
-0.0496464
-0.0910054
-0.1276274
-0.1208607
-0.0398155
0.1154490
0.3181187
0.5424571
0.7836837
1.0448021
1.3033446
1.4984499
1.5606081
1.4602432
1.2295827
0.9392022
0.6541954
0.4081999
0.2084880
0.0543221
-0.0547748
-0.1247071
-0.1715126
-0.2131335
-0.2552449
-0.2881034
-0.2993589
-0.2891890
-0.2719418
-0.2636346
-0.2682497
-0.2750054
-0.2680770
-0.2400577
-0.1976026
-0.1545859
-0.1200028
-0.0929535
-0.0687546
-0.0477645
-0.0363938
-0.0394941
-0.0530590
-0.0659044
-0.0695268
-0.0659261
-0.0641565
-0.0688235
-0.0741961
-0.0715871
-0.0609151
-0.0517050
-0.0523420
-0.0612002
-0.0702031
-0.0755278
-0.0817958
-0.0943881
-0.1091752
-0.1132702
-0.0984109
-0.0723770
-0.0534007
-0.0516149
-0.0583227
-0.0560150
-0.0378185
-0.0142516
-0.0004081
0.0012600
0.0034663
0.0194244
0.0469893
0.0690863
0.0705938
0.0535737
0.0342480
0.0256755
0.0257048
0.0223991
0.0091516
-0.0072732
-0.0133735
-0.0030460
0.0145045
0.0211058
0.0050604
-0.0287015
-0.0630921
-0.0821635
-0.0796659
-0.0575050
-0.0208156
0.0229411
0.0623150
0.0842138
0.0819382
0.0618970
0.0400903
0.0288551
0.0266965
0.0231814
0.0136954
0.0056332
0.0078419
0.0173707
0.0216442
0.0137886
0.0013288
-0.0031905
0.0017057
0.0036294
-0.0088614
-0.0310971
-0.0458724
-0.0430431
-0.0318309
-0.0300116
-0.0428277
-0.0578307
-0.0614429
-0.0554544
-0.0531157
-0.0614764
-0.0730737
-0.0766115
-0.0720741
-0.0706793
-0.0794630
-0.0907271
-0.0923447
-0.0881803
-0.1008339
-0.1467384
-0.2082589
-0.2354202
-0.1788277
-0.0220506
0.2151008
0.4980987
0.7961963
1.0795355
1.3051481
1.4177654
1.3762729
1.1860054
0.9052041
0.6161757
0.3840175
0.2332316
0.1518301
0.1106859
0.0821982
0.0506399
0.0138206
-0.0212404
-0.0452117
-0.0531252
-0.0483326
-0.0408797
-0.0402134
-0.0481747
-0.0593048
-0.0676431
-0.0720997
-0.0755685
-0.0806369
-0.0867505
-0.0905910
-0.0891177
-0.0831576
-0.0777398
-0.0777303
-0.0833949
-0.0913402
-0.0990548
-0.1066371
-0.1142725
-0.1203001
-0.1229967
-0.1234719
-0.1256714
-0.1328707
-0.1439094
-0.1536648
-0.1584891
-0.1604602
-0.1638915
-0.1678588
-0.1660527
-0.1561368
-0.1459509
-0.1463139
-0.1584643
-0.1724598
-0.1790927
-0.1806911
-0.1874455
-0.2032574
-0.2181068
-0.2176007
-0.2002045
-0.1812678
-0.1767546
-0.1847374
-0.1868581
-0.1676495
-0.1283386
-0.0810389
-0.0342686
0.0119060
0.0584545
0.1000348
0.1275548
0.1372507
0.1349295
0.1295964
0.1239275
0.1139439
0.0984277
0.0845419
0.0806357
0.0854978
0.0889683
0.0834416
0.0716463
0.0618975
0.0577141
0.0541470
0.0445380
0.0297328
0.0185277
0.0175234
0.0221500
0.0211125
0.0097568
-0.0049195
-0.0142807
-0.0193976
-0.0286982
-0.0458073
-0.0638117
-0.0729717
-0.0721577
-0.0701216
-0.0745625
-0.0820054
-0.0825860
-0.0760471
-0.0779372
-0.1038679
-0.1485192
-0.1866593
-0.1977893
-0.1862238
-0.1736861
-0.1744008
-0.1820268
-0.1825994
-0.1773203
-0.1867500
-0.2274956
-0.2848274
-0.3132177
-0.2675602
-0.1331987
0.0740753
0.3303848
0.6179306
0.9168207
1.1901808
1.3851016
1.4538622
1.3796567
1.1867201
0.9278827
0.6607826
0.4294882
0.2571673
0.1449077
0.0752589
0.0243534
-0.0217008
-0.0605353
-0.0836315
-0.0906758
-0.0923848
-0.1006796
-0.1179509
-0.1358727
-0.1443465
-0.1418436
-0.1364774
-0.1366538
-0.1426701
-0.1491011
-0.1527098
-0.1542467
-0.1540772
-0.1511416
-0.1471023
-0.1473548
-0.1552965
-0.1671888
-0.1749718
-0.1748817
-0.1730231
-0.1808026
-0.2024714
-0.2277952
-0.2411233
-0.2390695
-0.2349572
-0.2427005
-0.2598591
-0.2711598
-0.2671272
-0.2546344
-0.2483063
-0.2537388
-0.2598845
-0.2475152
-0.2059276
-0.1422929
-0.0749520
-0.0187858
0.0220754
0.0506059
0.0712472
0.0877937
0.1020355
0.1127192
0.1183958
0.1214804
0.1261742
0.1320856
0.1338115
0.1282784
0.1196072
0.1151121
0.1180665
0.1249419
0.1282663
0.1220409
0.1055374
0.0819624
0.0542346
0.0249744
0.0006733
-0.0099974
-0.0065184
-0.0016307
-0.0104014
-0.0345576
-0.0610630
-0.0756270
-0.0752366
-0.0686316
-0.0670523
-0.0741123
-0.0836606
-0.0884095
-0.0899713
-0.0971353
-0.1141981
-0.1354635
-0.1527623
-0.1642871
-0.1738637
-0.1848826
-0.1971625
-0.2075473
-0.2126692
-0.2135143
-0.2171098
-0.2301580
-0.2504901
-0.2675730
-0.2710042
-0.2558081
-0.2217749
-0.1733613
-0.1203776
-0.0738264
-0.0395680
-0.0179695
-0.0081726
-0.0091924
-0.0181897
-0.0313051
-0.0453154
-0.0563787
-0.0601332
-0.0563475
-0.0505360
-0.0475367
-0.0465055
-0.0453242
-0.0459065
-0.0509907
-0.0591197
-0.0669169
-0.0735194
-0.0795049
-0.0844221
-0.0880827
-0.0912661
-0.0933920
-0.0930876
-0.0920405
-0.0939007
-0.0989155
-0.1048868
-0.1132921
-0.1275445
-0.1444185
-0.1547066
-0.1546473
-0.1507385
-0.1516878
-0.1608857
-0.1769472
-0.1956111
-0.2109500
-0.2204456
-0.2285502
-0.2402989
-0.2535201
-0.2628804
-0.2683180
-0.2730952
-0.2774751
-0.2813444
-0.2883363
-0.2989566
-0.3036047
-0.2907965
-0.2593651
-0.2166230
-0.1700346
-0.1272178
-0.0970244
-0.0819844
-0.0747228
-0.0681471
-0.0631352
-0.0617883
-0.0619648
-0.0630955
-0.0669580
-0.0685272
-0.0591407
-0.0437816
-0.0398733
-0.0516545
-0.0614706
-0.0558792
-0.0467472
-0.0573540
-0.0971689
-0.1514076
-0.1806398
-0.1338112
0.0134161
0.2298696
0.4614203
0.6911254
0.9353097
1.1779335
1.3488253
1.3817337
1.2641312
1.0259814
0.7240094
0.4478938
0.2835956
0.2322519
