-0.1261097
-0.1374544
-0.1443261
-0.1466327
-0.1484612
-0.1527689
-0.1574784
-0.1573477
-0.1500469
-0.1399853
-0.1350153
-0.1384542
-0.1446497
-0.1436508
-0.1310364
-0.1125586
-0.0980094
-0.0905814
-0.0837488
-0.0696936
-0.0496642
-0.0333858
-0.0269484
-0.0231082
-0.0070459
0.0265375
0.0637328
0.0820591
0.0725001
0.0498125
0.0385535
0.0479051
0.0615649
0.0542434
0.0182850
-0.0273508
-0.0552664
-0.0558939
-0.0446921
-0.0440615
-0.0605074
-0.0809847
-0.0899073
-0.0861505
-0.0818266
-0.0868415
-0.0984880
-0.1070877
-0.1088689
-0.1100046
-0.1180423
-0.1322052
-0.1440562
-0.1467151
-0.1414863
-0.1354700
-0.1345724
-0.1397715
-0.1485583
-0.1576232
-0.1638115
-0.1643641
-0.1579319
-0.1452726
-0.1282477
-0.1085333
-0.0882577
-0.0713563
-0.0620335
-0.0603161
-0.0601258
-0.0539161
-0.0396892
-0.0219130
-0.0048069
0.0132949
0.0364028
0.0622605
0.0807968
0.0836403
0.0736750
0.0618088
0.0537198
0.0430722
0.0208346
-0.0100123
-0.0333396
-0.0357710
-0.0220174
-0.0114973
-0.0194075
-0.0431406
-0.0681510
-0.0848056
-0.0964295
-0.1109398
-0.1282255
-0.1392133
-0.1372889
-0.1276671
-0.1230106
-0.1299655
-0.1419120
-0.1462800
-0.1385436
-0.1275803
-0.1263814
-0.1379587
-0.1516936
-0.1544272
-0.1446983
-0.1346493
-0.1368827
-0.1498642
-0.1577931
-0.1460136
-0.1163330
-0.0859718
-0.0705594
-0.0683449
-0.0619676
-0.0363416
0.0052832
0.0433250
0.0600376
0.0556802
0.0465421
0.0470503
0.0545757
0.0530762
0.0321579
0.0012074
-0.0176949
-0.0120912
0.0067416
0.0140546
-0.0034739
-0.0347188
-0.0574093
-0.0631629
-0.0659715
-0.0840812
-0.1157886
-0.1376941
-0.1291296
-0.0963212
-0.0689186
-0.0715664
-0.1005658
-0.1297600
-0.1378502
-0.1274972
-0.1179721
-0.1227428
-0.1373378
-0.1478856
-0.1471185
-0.1395686
-0.1335280
-0.1322797
-0.1341601
-0.1375965
-0.1423051
-0.1460501
-0.1439310
-0.1327826
-0.1142558
-0.0911900
-0.0626733
-0.0273127
0.0071700
0.0227094
0.0067409
-0.0279499
-0.0429214
0.0013546
0.1192505
0.2988918
0.5241570
0.7897394
1.0876246
1.3803704
1.5978766
1.6720910
1.5820542
1.3678059
1.1015259
0.8439913
0.6221561
0.4368095
0.2817321
0.1543786
0.0551565
-0.0165222
-0.0644093
-0.0963329
-0.1231083
-0.1529618
-0.1844904
-0.2071606
-0.2126073
-0.2059686
-0.2028683
-0.2130281
-0.2289332
-0.2342980
-0.2239728
-0.2118868
-0.2163880
-0.2388775
-0.2601632
-0.2589400
-0.2319648
-0.1947330
-0.1642295
-0.1440540
-0.1265058
-0.1056196
-0.0846439
-0.0708926
-0.0662364
-0.0647632
-0.0592423
-0.0484377
-0.0379067
-0.0343449
-0.0388666
-0.0444113
-0.0394136
-0.0163114
0.0203706
0.0536404
0.0645727
0.0472181
0.0147563
-0.0105239
-0.0157425
-0.0073154
-0.0026234
-0.0119600
-0.0290004
-0.0387430
-0.0335205
-0.0200727
-0.0113560
-0.0130883
-0.0191941
-0.0193570
-0.0093300
0.0062720
0.0195838
0.0264417
0.0285121
0.0305429
0.0364229
0.0469147
0.0598019
0.0721129
0.0831693
0.0959364
0.1146491
0.1401652
0.1677076
0.1900785
0.2037564
0.2118142
0.2206641
0.2339695
0.2495646
0.2615713
0.2648625
0.2579768
0.2433389
0.2259160
0.2111339
0.2021296
0.1974543
0.1915759
0.1789039
0.1582273
0.1331076
0.1076470
0.0823041
0.0545746
0.0235650
-0.0074123
-0.0337712
-0.0546009
-0.0731779
-0.0918975
-0.1077776
-0.1146972
-0.1106897
-0.1021658
-0.0997557
-0.1094288
-0.1275003
-0.1440052
-0.1508835
-0.1478088
-0.1415585
-0.1402687
-0.1471492
-0.1581456
-0.1653491
-0.1637652
-0.1558437
-0.1494079
-0.1505361
-0.1581818
-0.1658413
-0.1682486
-0.1657373
-0.1616520
-0.1560735
-0.1433946
-0.1172920
-0.0786718
-0.0384486
-0.0112331
-0.0043330
-0.0114466
-0.0172881
-0.0100861
0.0086970
0.0263527
0.0309413
0.0219481
0.0095104
0.0036394
0.0046524
0.0039829
-0.0065024
-0.0264955
-0.0477317
-0.0613052
-0.0646053
-0.0624034
-0.0621079
-0.0673642
-0.0750025
-0.0779789
-0.0722994
-0.0618094
-0.0556283
-0.0598482
-0.0716824
-0.0825700
-0.0872898
-0.0891687
-0.0955264
-0.1084649
-0.1214245
-0.1254509
-0.1184586
-0.1079169
-0.1047637
-0.1149890
-0.1362064
-0.1604196
-0.1789475
-0.1859044
-0.1798808
-0.1644723
-0.1468118
-0.1332608
-0.1245481
-0.1150491
-0.0981309
-0.0731877
-0.0472191
-0.0288315
-0.0206808
-0.0183656
-0.0165814
-0.0149133
-0.0162331
-0.0201632
-0.0209094
-0.0137092
-0.0026397
0.0008646
-0.0108291
-0.0325976
-0.0505904
-0.0557548
-0.0524326
-0.0530319
-0.0651558
-0.0849573
-0.1022138
-0.1097858
-0.1076747
-0.1003675
-0.0931345
-0.0906769
-0.0959690
-0.1075680
-0.1187365
-0.1221504
-0.1171371
-0.1112607
-0.1129909
-0.1224906
-0.1306763
-0.1281909
-0.1152735
-0.1025648
-0.1021088
-0.1170223
-0.1388917
-0.1547858
-0.1578520
-0.1526751
-0.1506082
-0.1586722
-0.1720633
-0.1780320
-0.1681040
-0.1465098
-0.1259885
-0.1154899
-0.1128958
-0.1096333
-0.1005310
-0.0876208
-0.0753142
-0.0644453
-0.0520043
-0.0350463
-0.0132854
0.0110485
0.0335521
0.0479403
0.0491674
0.0388327
0.0262913
0.0210431
0.0227272
0.0206699
0.0056101
-0.0185064
-0.0363965
-0.0358821
-0.0197775
-0.0032629
-0.0006054
-0.0148253
-0.0382248
-0.0600168
-0.0731382
-0.0768065
-0.0756988
-0.0765457
-0.0827920
-0.0907914
-0.0920992
-0.0813272
-0.0625173
-0.0478028
-0.0499555
-0.0754550
-0.1213951
-0.1743824
-0.2107432
-0.2016099
-0.1240811
0.0289249
0.2494588
0.5238988
0.8369150
1.1616442
1.4477544
1.6288268
1.6536904
1.5189680
1.2738454
0.9919747
0.7340655
0.5284979
0.3762124
0.2659469
0.1852118
0.1242301
0.0770486
0.0415981
0.0175643
0.0031251
-0.0060599
-0.0147887
-0.0260960
-0.0408003
-0.0572760
-0.0706071
-0.0742739
-0.0665517
-0.0561161
-0.0578063
-0.0788999
-0.1096161
-0.1304726
-0.1310068
-0.1197935
-0.1140651
-0.1205448
-0.1295113
-0.1283139
-0.1173722
-0.1093604
-0.1133570
-0.1239409
-0.1283838
-0.1224764
-0.1154370
-0.1184655
-0.1313203
-0.1425757
-0.1420252
-0.1302872
-0.1162308
-0.1078820
-0.1076174
-0.1138096
-0.1228057
-0.1281481
-0.1215451
-0.0990554
-0.0667759
-0.0372078
-0.0176113
-0.0030448
0.0168401
0.0444338
0.0702615
0.0837752
0.0861536
0.0895491
0.1032808
0.1229777
0.1351404
0.1318636
0.1196548
0.1137177
0.1244827
0.1493569
0.1756181
0.1902570
0.1888687
0.1781205
0.1704241
0.1739323
0.1853411
0.1927722
0.1877458
0.1750746
0.1696017
0.1817908
0.2068069
0.2287348
0.2353666
0.2279227
0.2165861
0.2084178
0.2008849
0.1860834
0.1593929
0.1241715
0.0900188
0.0669702
0.0587230
0.0586641
0.0534408
0.0344154
0.0077121
-0.0095076
-0.0064342
0.0077043
0.0109571
-0.0079403
-0.0354382
-0.0461120
-0.0302881
-0.0057902
0.0000526
-0.0214554
-0.0529264
-0.0710110
-0.0703760
-0.0657881
-0.0731227
-0.0925481
-0.1109626
-0.1171449
-0.1112636
-0.1011050
-0.0935196
-0.0914167
-0.0959185
-0.1069355
-0.1209545
-0.1317535
-0.1363588
-0.1393854
-0.1482927
-0.1632387
-0.1740298
-0.1699870
-0.1527949
-0.1370325
-0.1361730
-0.1487964
-0.1602947
-0.1582293
-0.1444053
-0.1310147
-0.1263766
-0.1266366
-0.1215815
-0.1064008
-0.0859281
-0.0681912
-0.0562003
-0.0469544
-0.0367397
-0.0251480
-0.0138553
-0.0035355
0.0064701
0.0162644
0.0251143
0.0333134
0.0422534
0.0507587
0.0524050
0.0398835
0.0141043
-0.0128191
-0.0274198
-0.0291863
-0.0325769
-0.0513743
-0.0809519
-0.0996856
-0.0911620
-0.0641086
-0.0466143
-0.0585739
-0.0914663
-0.1177216
-0.1194733
-0.1053245
-0.0981580
-0.1097213
-0.1306877
-0.1446546
-0.1468699
-0.1458576
-0.1490507
-0.1524408
-0.1470196
-0.1326160
-0.1208764
-0.1233771
-0.1391273
-0.1556595
-0.1612080
-0.1535994
-0.1377234
-0.1178344
-0.0951274
-0.0716895
-0.0529719
-0.0440026
-0.0443164
-0.0489944
-0.0547611
-0.0625366
-0.0722817
-0.0772747
-0.0675793
-0.0411790
-0.0096632
0.0105131
0.0133331
0.0079362
0.0066809
0.0100268
0.0061773
-0.0136310
-0.0421727
-0.0614935
-0.0611329
-0.0488767
-0.0423118
-0.0512674
-0.0702343
-0.0867487
-0.0939209
-0.0937618
-0.0915436
-0.0910054
-0.0949498
-0.1059548
-0.1226628
-0.1367169
-0.1382194
-0.1269640
-0.1161068
-0.1206983
-0.1413983
-0.1618258
-0.1642488
-0.1474183
-0.1271821
-0.1194921
-0.1246285
-0.1290008
-0.1206979
-0.1009151
-0.0803182
-0.0670157
-0.0601261
-0.0536847
-0.0434503
-0.0286351
-0.0095910
0.0125580
0.0334693
0.0458290
0.0451973
0.0357710
0.0281129
0.0294640
0.0365958
0.0392365
0.0304681
0.0128224
-0.0058779
-0.0210980
-0.0344559
-0.0484554
-0.0606047
-0.0648298
-0.0590389
-0.0500999
-0.0498478
-0.0651419
-0.0914515
-0.1165229
-0.1311697
-0.1370020
-0.1431872
-0.1549921
-0.1660980
-0.1641872
-0.1455705
-0.1231846
-0.1170003
-0.1343588
-0.1607197
-0.1725675
-0.1607631
-0.1398259
-0.1323960
-0.1448722
-0.1603832
-0.1568006
-0.1304807
-0.1005017
-0.0892613
-0.0999146
-0.1134049
-0.1070668
-0.0757225
-0.0354525
-0.0082156
-0.0030761
-0.0109208
-0.0154713
-0.0087236
0.0033983
0.0089365
0.0024463
-0.0101315
-0.0183745
-0.0186369
-0.0185084
-0.0304654
-0.0609028
-0.1039227
-0.1436159
-0.1610797
-0.1400270
-0.0679945
0.0651059
0.2664172
0.5335442
0.8432162
1.1441993
1.3662981
1.4483080
1.3706089
1.1683647
0.9122067
0.6688241
0.4707642
0.3156251
0.1881456
0.0809775
-0.0027400
-0.0603880
-0.0979999
-0.1266736
-0.1532380
-0.1760839
-0.1893881
-0.1898323
-0.1791241
-0.1615304
-0.1402887
-0.1162447
-0.0890967
-0.0598317
-0.0325079
-0.0134766
-0.0073743
-0.0125031
-0.0205538
-0.0227210
-0.0174280
-0.0117079
-0.0139295
-0.0250050
-0.0376718
-0.0449723
-0.0484366
-0.0561201
-0.0720906
-0.0896524
-0.0973948
-0.0923397
-0.0848610
-0.0881479
-0.1029870
-0.1156758
-0.1131039
-0.0987977
-0.0907432
-0.1015826
-0.1230183
-0.1335437
-0.1226046
-0.1038619
-0.1006300
-0.1183375
-0.1357268
-0.1269694
-0.0914153
-0.0571660
-0.0527279
-0.0767205
-0.0983944
-0.0882321
-0.0459717
0.0019388
0.0295259
0.0331443
0.0283737
0.0309441
0.0440453
0.0617539
0.0794930
0.0989097
0.1248604
0.1602087
0.2026646
0.2440731
0.2728565
0.2807851
0.2707111
0.2572171
0.2564355
0.2728500
0.2960537
0.3110157
0.3111669
0.3013612
0.2898571
0.2798603
0.2689337
0.2538082
0.2332963
0.2073374
0.1761089
0.1414197
0.1074498
0.0780755
0.0534062
0.0303369
0.0069238
-0.0150681
-0.0329966
-0.0477576
-0.0634394
-0.0820642
-0.1001128
-0.1116095
-0.1141831
-0.1108328
-0.1059260
-0.1012315
-0.0968620
-0.0946177
-0.0978169
-0.1069939
-0.1174817
-0.1233822
-0.1240294
-0.1246713
-0.1293235
-0.1336649
-0.1270020
-0.1024055
-0.0645527
-0.0269546
-0.0015351
0.0090621
0.0101276
0.0078714
0.0045341
-0.0006953
-0.0077993
-0.0139695
-0.0153840
-0.0107189
-0.0032204
0.0004581
-0.0057889
-0.0232212
-0.0469332
-0.0691921
-0.0851414
-0.0957702
-0.1051619
-0.1147947
-0.1209743
-0.1184027
-0.1065072
-0.0921108
-0.0852393
-0.0911655
-0.1055846
-0.1177390
-0.1196079
-0.1132446
-0.1089214
-0.1148095
-0.1277826
-0.1352719
-0.1277844
-0.1100200
-0.0982628
-0.1050913
-0.1264007
-0.1445561
-0.1449883
-0.1291277
-0.1104602
-0.0987275
-0.0897769
-0.0717876
-0.0405358
-0.0067949
0.0123683
0.0096313
-0.0054713
-0.0154652
-0.0111465
0.0003577
0.0029132
-0.0130694
-0.0411115
-0.0635955
-0.0667070
-0.0522602
-0.0360571
-0.0342958
-0.0501369
-0.0722045
-0.0857775
-0.0860477
-0.0815581
-0.0853483
-0.1023214
-0.1242087
-0.1363927
-0.1304377
-0.1114919
-0.0944690
-0.0925401
-0.1075066
-0.1293571
-0.1444910
-0.1456331
-0.1361454
-0.1265179
-0.1265437
-0.1388340
-0.1574054
-0.1715802
-0.1725787
-0.1586612
-0.1352414
-0.1098859
-0.0866767
-0.0652111
-0.0445644
-0.0268698
-0.0157747
-0.0115789
-0.0093542
-0.0030601
0.0084708
0.0201807
0.0254811
0.0220206
0.0130287
0.0038412
-0.0024279
-0.0065841
-0.0119759
-0.0213732
-0.0338914
-0.0444643
-0.0477298
-0.0440523
-0.0412834
-0.0485255
-0.0670543
-0.0883696
-0.1025346
-0.1082159
-0.1132786
-0.1252414
-0.1423647
-0.1551915
-0.1563669
-0.1477444
-0.1378316
-0.1336348
-0.1358092
-0.1405788
-0.1443787
-0.1461211
-0.1462847
-0.1451479
-0.1419397
-0.1350301
-0.1225991
-0.1032262
-0.0764335
-0.0442692
-0.0143548
-0.0010612
-0.0190437
-0.0689333
-0.1262601
-0.1480791
-0.0977088
0.0325761
0.2236956
0.4551949
0.7244940
1.0333999
1.3522593
1.6042239
1.6990990
1.5959872
1.3389699
1.0304020
0.7634371
0.5713324
0.4312180
0.3077170
0.1902863
0.0940990
0.0346101
0.0076873
-0.0065202
-0.0254977
-0.0527205
-0.0811162
-0.1035487
-0.1186082
-0.1287222
-0.1358812
-0.1401896
-0.1413204
-0.1399357
-0.1374962
-0.1352966
-0.1338285
-0.1325068
-0.1297960
-0.1243984
-0.1171523
-0.1113539
-0.1099991
-0.1123217
-0.1138962
-0.1109220
-0.1041349
-0.0979203
-0.0957900
-0.0975090
-0.1008237
-0.1050370
-0.1116352
-0.1212011
-0.1308767
-0.1362166
-0.1356683
-0.1322274
-0.1300105
-0.1296675
-0.1278721
-0.1211672
-0.1096251
-0.0965630
-0.0851754
-0.0758960
-0.0670157
-0.0574705
-0.0484541
-0.0418273
-0.0369536
-0.0296839
-0.0152337
0.0073026
0.0328811
0.0531163
0.0622315
0.0622258
0.0628110
0.0748529
0.1015456
0.1348176
0.1612274
0.1733696
0.1768527
0.1856534
0.2089932
0.2417542
0.2682994
0.2767591
0.2698482
0.2614881
0.2631963
0.2742815
0.2846592
0.2855798
0.2768922
0.2650888
0.2560847
0.2502299
0.2428561
0.2280581
0.2021503
0.1655589
0.1231622
0.0820899
0.0467026
0.0145281
-0.0212723
-0.0631468
-0.1026978
-0.1249616
-0.1211685
-0.0978973
-0.0730797
-0.0621346
-0.0672588
-0.0793452
-0.0888415
-0.0932881
-0.0947668
-0.0932419
-0.0858339
-0.0725347
-0.0590404
-0.0511418
-0.0475232
-0.0414858
-0.0309217
-0.0238491
-0.0304251
-0.0491145
-0.0644554
-0.0623323
-0.0469081
-0.0381799
-0.0503142
-0.0748616
-0.0890089
-0.0799144
-0.0572982
-0.0411414
-0.0406661
-0.0487401
-0.0550456
-0.0593860
-0.0693249
-0.0876092
-0.1068463
-0.1178072
-0.1194648
-0.1177412
-0.1163982
-0.1139315
-0.1102274
-0.1115627
-0.1248248
-0.1479661
-0.1699359
-0.1810589
-0.1815454
-0.1786410
-0.1766255
-0.1713143
-0.1547787
-0.1246186
-0.0876380
-0.0545625
-0.0323766
-0.0219179
-0.0202382
-0.0224325
-0.0224087
-0.0162982
-0.0070345
-0.0029985
-0.0094345
-0.0216941
-0.0286446
-0.0232966
-0.0104883
-0.0048233
-0.0199655
-0.0570924
-0.1026448
