-0.2511462
-0.2489558
-0.2390430
-0.2220197
-0.2060213
-0.2037413
-0.2226569
-0.2536299
-0.2726151
-0.2610096
-0.2258010
-0.1948195
-0.1893447
-0.2037863
-0.2143133
-0.2051375
-0.1832368
-0.1679900
-0.1700523
-0.1828003
-0.1928781
-0.1946312
-0.1912620
-0.1843959
-0.1687372
-0.1399332
-0.1039006
-0.0727964
-0.0510182
-0.0288572
0.0073802
0.0597635
0.1147764
0.1548640
0.1730421
0.1760697
0.1747092
0.1731681
0.1691928
0.1625169
0.1591492
0.1650270
0.1770344
0.1836667
0.1762191
0.1582764
0.1421036
0.1347756
0.1292529
0.1117829
0.0789964
0.0450205
0.0281303
0.0304508
0.0347135
0.0235357
-0.0006285
-0.0190220
-0.0202662
-0.0158779
-0.0277625
-0.0611846
-0.0956768
-0.1067373
-0.0942396
-0.0834193
-0.0956035
-0.1226748
-0.1364418
-0.1231165
-0.1024798
-0.1080190
-0.1487805
-0.1940622
-0.1960095
-0.1242495
0.0225006
0.2324028
0.4962810
0.7997010
1.1022256
1.3360678
1.4371789
1.3841615
1.2089562
0.9710907
0.7217836
0.4880690
0.2810180
0.1088482
-0.0211388
-0.1084415
-0.1604534
-0.1860550
-0.1912009
-0.1826906
-0.1729351
-0.1754105
-0.1934569
-0.2163681
-0.2296303
-0.2288851
-0.2221831
-0.2190240
-0.2199435
-0.2183996
-0.2108880
-0.2016359
-0.1962224
-0.1933007
-0.1861573
-0.1727389
-0.1608504
-0.1604043
-0.1710511
-0.1804563
-0.1766049
-0.1608679
-0.1470442
-0.1470167
-0.1583914
-0.1672436
-0.1626436
-0.1470822
-0.1318744
-0.1234026
-0.1159090
-0.0986463
-0.0689510
-0.0366627
-0.0153616
-0.0099926
-0.0132899
-0.0133501
-0.0036103
0.0142628
0.0352146
0.0562401
0.0767364
0.0955058
0.1097098
0.1170958
0.1178294
0.1132759
0.1039126
0.0898167
0.0731111
0.0583910
0.0494408
0.0456255
0.0424577
0.0361747
0.0272814
0.0191459
0.0137387
0.0098906
0.0056822
0.0009196
-0.0039849
-0.0105542
-0.0213003
-0.0352853
-0.0462765
-0.0478921
-0.0414981
-0.0374258
-0.0457876
-0.0648181
-0.0793445
-0.0730662
-0.0439455
-0.0076510
0.0147356
0.0131194
-0.0059909
-0.0278797
-0.0419932
-0.0469314
-0.0465491
-0.0443200
-0.0419420
-0.0410431
-0.0436278
-0.0505432
-0.0609876
-0.0739889
-0.0887077
-0.1020351
-0.1077960
-0.1019923
-0.0899157
-0.0849611
-0.0965700
-0.1189677
-0.1345608
-0.1304145
-0.1105629
-0.0908169
-0.0825474
-0.0836988
-0.0848701
-0.0798374
-0.0674111
-0.0467359
-0.0180795
0.0094161
0.0171417
-0.0072040
-0.0514280
-0.0825187
-0.0751203
-0.0371319
-0.0034505
-0.0023221
-0.0294079
-0.0562279
-0.0614762
-0.0500382
-0.0415800
-0.0460724
-0.0554252
-0.0575174
-0.0519908
-0.0483324
-0.0510917
-0.0525399
-0.0419073
-0.0187723
0.0066450
0.0268034
0.0472654
0.0808142
0.1311479
0.1848280
0.2215348
0.2322910
0.2261796
0.2185539
0.2139875
0.2027216
0.1739773
0.1303283
0.0861167
0.0515435
0.0214596
-0.0168886
-0.0654298
-0.1082592
-0.1257479
-0.1147173
-0.0922233
-0.0794236
-0.0839999
-0.0985583
-0.1120027
-0.1181934
-0.1154644
-0.1053367
-0.0965863
-0.1059740
-0.1448388
-0.1999042
-0.2318040
-0.1998402
-0.0897722
0.0855681
0.3110396
0.5844907
0.8983770
1.2086404
1.4349936
1.5050430
1.4033570
1.1776619
0.8994115
0.6215848
0.3705817
0.1638621
0.0185116
-0.0623632
-0.1019908
-0.1359266
-0.1812426
-0.2234149
-0.2374927
-0.2206213
-0.1994517
-0.2040962
-0.2372159
-0.2715285
-0.2780676
-0.2555795
-0.2314890
-0.2345434
-0.2668481
-0.3018448
-0.3085961
-0.2785765
-0.2311360
-0.1952007
-0.1857709
-0.1956215
-0.2062383
-0.2047874
-0.1916190
-0.1749488
-0.1617288
-0.1543117
-0.1533799
-0.1604524
-0.1755887
-0.1935065
-0.2044701
-0.2010907
-0.1847314
-0.1645349
-0.1495003
-0.1412724
-0.1341211
-0.1207835
-0.0977801
-0.0665111
-0.0317601
-0.0000231
0.0228460
0.0354579
0.0432300
0.0550124
0.0752454
0.0993575
0.1181045
0.1265689
0.1275544
0.1257024
0.1205149
0.1082552
0.0910431
0.0807461
0.0899228
0.1176651
0.1461078
0.1535243
0.1327064
0.0972527
0.0695730
0.0613785
0.0640762
0.0573643
0.0281838
-0.0167643
-0.0558634
-0.0702476
-0.0584540
-0.0355330
-0.0190246
-0.0161986
-0.0238929
-0.0377458
-0.0579241
-0.0845044
-0.1098553
-0.1201294
-0.1071136
-0.0782516
-0.0530757
-0.0484214
-0.0663451
-0.0949527
-0.1187286
-0.1272816
-0.1168381
-0.0884388
-0.0481677
-0.0077255
0.0202803
0.0318017
0.0364545
0.0506763
0.0833999
0.1276315
0.1661545
0.1856463
0.1860870
0.1785433
0.1758480
0.1848546
0.2038443
0.2230960
0.2272992
0.2016841
0.1419353
0.0615766
-0.0116915
-0.0518041
-0.0521864
-0.0316330
-0.0220278
-0.0453077
-0.0961418
-0.1444134
-0.1579651
-0.1293962
-0.0843672
-0.0617023
-0.0804761
-0.1240502
-0.1579327
-0.1656818
-0.1667283
-0.1958838
-0.2633764
-0.3357238
-0.3569259
-0.2878040
-0.1247482
0.1143800
0.4115618
0.7469323
1.0773194
1.3286603
1.4252165
1.3371819
1.1035703
0.8079891
0.5285938
0.3036276
0.1329640
0.0014085
-0.1024650
-0.1827519
-0.2405629
-0.2771244
-0.2949374
-0.2993161
-0.2984365
-0.2992449
-0.3026930
-0.3048693
-0.3035577
-0.3013954
-0.3004839
-0.2960283
-0.2802738
-0.2546346
-0.2339684
-0.2334283
-0.2505425
-0.2648940
-0.2592608
-0.2395169
-0.2293107
-0.2436807
-0.2709139
-0.2837094
-0.2679002
-0.2373468
-0.2191727
-0.2257861
-0.2432041
-0.2466422
-0.2261764
-0.1967066
-0.1833348
-0.1967315
-0.2214905
-0.2283003
-0.1995033
-0.1451606
-0.0942983
-0.0686328
-0.0636641
-0.0559831
-0.0293788
0.0078424
0.0330292
0.0353925
0.0284686
0.0343858
0.0580221
0.0812217
0.0839868
0.0678539
0.0541011
0.0591643
0.0761173
0.0830142
0.0669767
0.0359206
0.0068573
-0.0121296
-0.0246902
-0.0346874
-0.0396553
-0.0389567
-0.0429223
-0.0652295
-0.1036689
-0.1343137
-0.1320482
-0.0981023
-0.0627865
-0.0572083
-0.0829288
-0.1117845
-0.1152468
-0.0915635
-0.0638605
-0.0549856
-0.0672124
-0.0850716
-0.0934849
-0.0909387
-0.0874826
-0.0934898
-0.1104714
-0.1299311
-0.1397182
-0.1335332
-0.1167235
-0.1022509
-0.0984273
-0.0998284
-0.0922500
-0.0682035
-0.0361144
-0.0116213
0.0003304
0.0121506
0.0407597
0.0894589
0.1443737
0.1875618
0.2103461
0.2137581
0.2015000
0.1785107
0.1554733
0.1464044
0.1542342
0.1595639
0.1315592
0.0568912
-0.0416914
-0.1196730
-0.1471894
-0.1326020
-0.1108887
-0.1101891
-0.1298661
-0.1484078
-0.1486144
-0.1335207
-0.1198896
-0.1190810
-0.1251616
-0.1214309
-0.0994759
-0.0732986
-0.0733811
-0.1214292
-0.2052251
-0.2774871
-0.2841922
-0.1998786
-0.0380727
0.1719251
0.4156145
0.6958720
1.0025975
1.2839130
1.4573994
1.4603131
1.2951868
1.0280082
0.7409570
0.4838375
0.2647226
0.0774397
-0.0714597
-0.1654654
-0.2019970
-0.2051646
-0.2100581
-0.2346520
-0.2688282
-0.2903390
-0.2890447
-0.2748005
-0.2644871
-0.2651942
-0.2708829
-0.2723879
-0.2670777
-0.2584006
-0.2489972
-0.2372892
-0.2211094
-0.2027863
-0.1890191
-0.1854624
-0.1916126
-0.2007948
-0.2050226
-0.2005097
-0.1894430
-0.1768886
-0.1659931
-0.1563542
-0.1470862
-0.1402871
-0.1392801
-0.1424914
-0.1413204
-0.1279633
-0.1066703
-0.0939303
-0.1026784
-0.1252325
-0.1357243
-0.1138880
-0.0668923
-0.0245288
-0.0104800
-0.0191598
-0.0227177
-0.0005628
0.0400238
0.0728469
0.0798250
0.0670517
0.0553584
0.0585447
0.0726177
0.0841682
0.0854862
0.0801424
0.0758761
0.0748314
0.0715742
0.0597160
0.0395702
0.0191088
0.0071719
0.0052161
0.0056973
-0.0007204
-0.0160145
-0.0336011
-0.0470227
-0.0587356
-0.0775339
-0.1058227
-0.1315747
-0.1369058
-0.1164309
-0.0851820
-0.0654841
-0.0656317
-0.0732720
-0.0703355
-0.0524188
-0.0316206
-0.0217944
-0.0246603
-0.0317817
-0.0371961
-0.0438694
-0.0568950
-0.0734436
-0.0825943
-0.0751867
-0.0521260
-0.0226490
0.0040364
0.0246341
0.0412011
0.0573738
0.0756041
0.0963163
0.1182559
0.1399577
0.1616511
0.1851194
0.2102495
0.2316999
0.2410158
0.2339954
0.2156097
0.1955701
0.1778736
0.1557671
0.1187895
0.0652018
0.0064937
-0.0412778
-0.0707724
-0.0882670
-0.1060311
-0.1301172
-0.1549879
-0.1694028
-0.1678679
-0.1571223
-0.1510951
-0.1579477
-0.1714664
-0.1772599
-0.1703298
-0.1662444
-0.1902301
-0.2497346
-0.3163344
-0.3378456
-0.2722138
-0.1117820
0.1229577
0.4072589
0.7226126
1.0421751
1.3135780
1.4687759
1.4608971
1.2958960
1.0297356
0.7356623
0.4715737
0.2685721
0.1351002
0.0607538
0.0177091
-0.0292590
-0.1019137
-0.1932104
-0.2746774
-0.3217272
-0.3327883
-0.3251611
-0.3156320
-0.3078199
-0.2967711
-0.2807414
-0.2648139
-0.2540821
-0.2470736
-0.2379590
-0.2242629
-0.2107040
-0.2050861
-0.2107805
-0.2230682
-0.2326357
-0.2334846
-0.2283907
-0.2257513
-0.2290059
-0.2294998
-0.2141516
-0.1841952
-0.1636268
-0.1798044
-0.2286538
-0.2629296
-0.2274930
-0.1157261
0.0113202
0.0722686
0.0397505
-0.0322171
-0.0583016
-0.0005667
0.1023097
0.1801975
0.1990785
0.1821260
0.1719862
0.1840218
0.2003262
0.2009512
0.1889888
0.1822975
0.1889440
0.1994585
0.2022197
0.1979672
0.1940904
0.1889832
0.1703012
0.1312452
0.0834298
0.0478973
0.0336991
0.0298300
0.0197062
-0.0007147
-0.0232034
-0.0424575
-0.0630266
-0.0877827
-0.1060659
-0.1030611
-0.0824546
-0.0707374
-0.0898376
-0.1270097
-0.1421005
-0.1112517
-0.0589780
-0.0379422
-0.0744307
-0.1387115
-0.1717314
-0.1350584
-0.0277688
0.1406243
0.3762419
0.6849581
1.0316001
1.3293117
1.4837779
1.4546535
1.2764498
1.0243199
0.7635509
0.5268540
0.3246181
0.1615872
0.0402606
-0.0436076
-0.1001433
-0.1389258
-0.1662684
-0.1880640
-0.2102185
-0.2331609
-0.2487450
-0.2477204
-0.2318197
-0.2158082
-0.2151033
-0.2318067
-0.2541707
-0.2688121
-0.2712171
-0.2646295
-0.2527183
-0.2373450
-0.2230414
-0.2188828
-0.2313094
-0.2543690
-0.2699287
-0.2611280
-0.2277118
-0.1881838
-0.1653857
-0.1676973
-0.1825747
-0.1883322
-0.1737058
-0.1475461
-0.1297961
-0.1321458
-0.1465231
-0.1521850
-0.1342910
-0.0961000
-0.0541379
-0.0230180
-0.0056253
0.0036563
0.0097118
0.0130314
0.0139182
0.0165306
0.0259012
0.0411778
0.0540508
0.0556516
0.0453200
0.0321799
0.0276861
0.0358133
0.0490414
0.0529361
0.0359051
-0.0021563
-0.0479708
-0.0819675
-0.0908183
-0.0766464
-0.0549062
-0.0416986
-0.0412701
-0.0450842
-0.0428579
-0.0339193
-0.0271932
-0.0305859
-0.0419491
-0.0514364
-0.0519092
-0.0454429
-0.0395412
-0.0389184
-0.0426477
-0.0482781
-0.0557355
-0.0657748
-0.0766466
-0.0852927
-0.0918338
-0.0996390
-0.1086798
-0.1110268
-0.0978122
-0.0728117
-0.0559230
-0.0678038
-0.1086466
-0.1539657
-0.1742604
-0.1599787
-0.1272918
-0.1007284
-0.0921870
-0.0964781
-0.1031117
-0.1076920
-0.1113334
-0.1134324
-0.1100352
-0.1001808
-0.0906721
-0.0913874
-0.1055911
-0.1263425
-0.1427900
-0.1486660
-0.1441132
-0.1316362
-0.1140271
-0.0971603
-0.0908743
-0.1013980
-0.1209147
-0.1284709
-0.1072976
-0.0638627
-0.0270689
-0.0240383
-0.0547841
-0.0920893
-0.1077124
-0.0980508
-0.0832248
-0.0828775
-0.0966229
-0.1092500
-0.1108618
-0.1060817
-0.1025294
-0.0958320
-0.0724847
-0.0281971
0.0218633
0.0560033
0.0688367
0.0774881
0.1032052
0.1486844
0.1957282
0.2239164
0.2280264
0.2163808
0.1963743
0.1669056
0.1255321
0.0782206
0.0371658
0.0088476
-0.0123425
-0.0366738
-0.0670270
-0.0966792
-0.1185755
-0.1338210
-0.1492039
-0.1677034
-0.1838655
-0.1889631
-0.1793805
-0.1598385
-0.1407027
-0.1338829
-0.1489056
-0.1869861
-0.2343556
-0.2621437
-0.2375752
-0.1397259
0.0334928
0.2715203
0.5594004
0.8745659
1.1747097
1.3957209
1.4738260
1.3816898
1.1497367
0.8525301
0.5687172
0.3441183
0.1821312
0.0614890
-0.0381105
-0.1222290
-0.1852222
-0.2224926
-0.2390048
-0.2475891
-0.2597951
-0.2776218
-0.2929652
-0.2949529
-0.2792305
-0.2524785
-0.2295013
-0.2248739
-0.2436148
-0.2762240
-0.3027470
-0.3059311
-0.2852707
-0.2592938
-0.2511129
-0.2682809
-0.2958334
-0.3097518
-0.2973456
-0.2643809
-0.2244967
-0.1860774
-0.1516551
-0.1262032
-0.1184166
-0.1299009
-0.1467828
-0.1491494
-0.1319302
-0.1131783
-0.1166445
-0.1448077
-0.1717670
-0.1655832
-0.1182125
-0.0530329
-0.0034022
0.0154981
0.0148640
0.0157375
0.0268321
0.0387332
0.0383229
0.0270139
0.0228986
0.0430508
0.0831006
0.1164119
0.1172231
0.0864985
0.0529913
0.0456163
0.0645422
0.0823355
0.0749448
0.0484137
0.0306855
0.0374448
0.0518666
0.0430973
0.0031342
-0.0408915
-0.0546904
-0.0344510
-0.0118710
-0.0205065
-0.0598371
-0.0951392
-0.0925113
-0.0528700
-0.0122400
-0.0099886
-0.0550339
-0.1183367
-0.1556391
-0.1410914
-0.0863136
-0.0313930
-0.0149696
-0.0462828
-0.1008367
-0.1421678
-0.1502355
-0.1324884
-0.1112115
-0.1023678
-0.1053046
-0.1081169
-0.0988528
-0.0727595
-0.0345360
0.0025399
0.0229280
0.0216237
0.0136482
0.0256006
0.0703640
0.1294890
0.1674693
0.1690944
0.1595217
0.1788133
0.2332165
0.2781784
0.2588883
0.1694538
0.0654358
0.0118655
0.0201644
0.0411451
0.0199944
-0.0480712
-0.1200691
-0.1569103
-0.1629859
-0.1718123
-0.2004376
-0.2284003
-0.2239667
-0.1842737
-0.1421313
-0.1326397
-0.1579499
-0.1883478
-0.1963936
-0.1859824
-0.1859460
-0.2161669
-0.2611677
-0.2760035
-0.2162788
-0.0635148
0.1725011
0.4663745
0.7843895
1.0796601
1.2899752
1.3555795
1.2522980
1.0130630
0.7147651
0.4366756
0.2224137
0.0730473
-0.0307761
-0.1039736
-0.1512032
-0.1771223
-0.1936815
-0.2137500
-0.2397894
-0.2624386
-0.2709362
-0.2631659
-0.2453144
-0.2249675
-0.2077487
-0.1990313
-0.2029082
-0.2154443
-0.2218246
-0.2071651
-0.1737453
-0.1442909
-0.1424651
-0.1683339
-0.1961119
-0.1990687
-0.1759632
-0.1507311
-0.1465099
-0.1628241
-0.1794784
-0.1801143
-0.1683268
-0.1605884
-0.1667853
-0.1803239
-0.1862850
-0.1765521
-0.1562330
-0.1371120
-0.1264651
-0.1217534
-0.1146859
-0.0999380
-0.0804663
-0.0644687
-0.0565085
-0.0514482
-0.0381991
-0.0107547
0.0243496
0.0523157
0.0623114
0.0556470
0.0427214
0.0334384
0.0309127
0.0322512
0.0325136
0.0279168
0.0186297
0.0110566
0.0151160
0.0341585
0.0560347
0.0588560
0.0313118
-0.0130432
-0.0473255
-0.0597761
-0.0655661
-0.0835456
-0.1037862
-0.0909566
-0.0299809
0.0371155
0.0374329
-0.0571580
-0.1847640
-0.2389241
-0.1696712
-0.0375649
0.0399042
-0.0015641
-0.1171472
-0.2036748
-0.1989952
-0.1291027
