-0.1197819
-0.1198974
-0.1170684
-0.1138189
-0.1126806
-0.1101851
-0.1003487
-0.0835307
-0.0681342
-0.0612843
-0.0593047
-0.0500949
-0.0252452
0.0119492
0.0508829
0.0837130
0.1091433
0.1279804
0.1392146
0.1426002
0.1426106
0.1456333
0.1518634
0.1520884
0.1348232
0.0968081
0.0458629
-0.0056928
-0.0487579
-0.0792908
-0.0962429
-0.1013093
-0.1007651
-0.1043078
-0.1189246
-0.1430421
-0.1673031
-0.1815204
-0.1813125
-0.1694095
-0.1523658
-0.1363828
-0.1248714
-0.1188740
-0.1203543
-0.1354373
-0.1717356
-0.2272615
-0.2786180
-0.2823353
-0.1946268
0.0030340
0.2931571
0.6343108
0.9828378
1.3038728
1.5655239
1.7295175
1.7554708
1.6212518
1.3443412
0.9851331
0.6252222
0.3318783
0.1310722
0.0070042
-0.0729602
-0.1294049
-0.1624784
-0.1681682
-0.1579551
-0.1572730
-0.1827074
-0.2238317
-0.2523560
-0.2507232
-0.2293028
-0.2135967
-0.2168635
-0.2293475
-0.2344016
-0.2298756
-0.2286457
-0.2393112
-0.2525240
-0.2504636
-0.2278473
-0.1991097
-0.1838683
-0.1884198
-0.2034711
-0.2169848
-0.2243404
-0.2256538
-0.2189665
-0.2018803
-0.1793164
-0.1638494
-0.1642548
-0.1751759
-0.1818081
-0.1754480
-0.1618329
-0.1526947
-0.1512557
-0.1490394
-0.1368124
-0.1156332
-0.0952377
-0.0830392
-0.0771687
-0.0701142
-0.0565030
-0.0359062
-0.0101476
0.0187690
0.0474091
0.0702495
0.0831379
0.0878867
0.0921015
0.1034229
0.1238190
0.1492222
0.1735646
0.1922461
0.2026115
0.2035655
0.1964686
0.1856188
0.1756248
0.1672650
0.1569215
0.1412138
0.1215663
0.1026182
0.0858647
0.0665443
0.0385385
0.0022994
-0.0334070
-0.0583458
-0.0689489
-0.0695099
-0.0666880
-0.0646293
-0.0653772
-0.0714831
-0.0854449
-0.1061119
-0.1272474
-0.1411642
-0.1442087
-0.1388322
-0.1308215
-0.1246986
-0.1210184
-0.1171365
-0.1106082
-0.1026258
-0.0982978
-0.1025336
-0.1146279
-0.1272464
-0.1321277
-0.1275365
-0.1195482
-0.1154236
-0.1164152
-0.1181540
-0.1175063
-0.1168107
-0.1201119
-0.1267613
-0.1313822
-0.1307650
-0.1287394
-0.1320077
-0.1411568
-0.1476530
-0.1413781
-0.1214214
-0.0989529
-0.0890144
-0.0986983
-0.1215945
-0.1419189
-0.1443484
-0.1231155
-0.0853855
-0.0467030
-0.0204625
-0.0083662
0.0000688
0.0175312
0.0469357
0.0787815
0.1006351
0.1094373
0.1143005
0.1270456
0.1501062
0.1736048
0.1834359
0.1713625
0.1380307
0.0890796
0.0313971
-0.0264500
-0.0732081
-0.0987585
-0.1017035
-0.0929903
-0.0897677
-0.1031529
-0.1305255
-0.1592365
-0.1776870
-0.1832418
-0.1809820
-0.1769370
-0.1734048
-0.1695517
-0.1645942
-0.1599949
-0.1598751
-0.1700347
-0.1945449
-0.2289984
-0.2537245
-0.2344504
-0.1350667
0.0629720
0.3480484
0.6820959
1.0166700
1.3079614
1.5215590
1.6302641
1.6149477
1.4726589
1.2252676
0.9181852
0.6062357
0.3347753
0.1277149
-0.0125614
-0.0976198
-0.1448767
-0.1721026
-0.1934105
-0.2158162
-0.2380500
-0.2536910
-0.2576792
-0.2517702
-0.2442463
-0.2434776
-0.2507343
-0.2592536
-0.2610711
-0.2551208
-0.2481722
-0.2472999
-0.2517467
-0.2531300
-0.2441350
-0.2264236
-0.2092123
-0.2004561
-0.2006876
-0.2055168
-0.2118273
-0.2190284
-0.2248214
-0.2233586
-0.2105347
-0.1906024
-0.1748468
-0.1719463
-0.1799514
-0.1886611
-0.1897887
-0.1839992
-0.1779299
-0.1754648
-0.1731041
-0.1638755
-0.1449872
-0.1212889
-0.1014006
-0.0901414
-0.0839259
-0.0735760
-0.0529126
-0.0255080
-0.0021851
0.0095327
0.0134822
0.0212230
0.0400117
0.0656002
0.0879721
0.1031118
0.1166997
0.1353488
0.1563743
0.1692666
0.1677312
0.1576917
0.1510854
0.1525694
0.1548826
0.1479044
0.1300568
0.1087617
0.0905141
0.0731430
0.0492409
0.0161850
-0.0191041
-0.0459796
-0.0597961
-0.0650419
-0.0692929
-0.0754767
-0.0808652
-0.0827693
-0.0833584
-0.0876583
-0.0970770
-0.1062596
-0.1076847
-0.0996472
-0.0886989
-0.0831768
-0.0848186
-0.0883332
-0.0894443
-0.0911210
-0.0995314
-0.1143936
-0.1263217
-0.1257250
-0.1133521
-0.0999040
-0.0950265
-0.0986711
-0.1044484
-0.1093620
-0.1166477
-0.1283589
-0.1387679
-0.1390013
-0.1279829
-0.1153578
-0.1117379
-0.1178198
-0.1253514
-0.1279523
-0.1279496
-0.1312434
-0.1375126
-0.1385590
-0.1272045
-0.1061751
-0.0864094
-0.0765769
-0.0752594
-0.0734718
-0.0636501
-0.0454659
-0.0237302
-0.0020202
0.0210959
0.0496919
0.0843976
0.1188956
0.1435440
0.1536431
0.1539749
0.1539026
0.1571902
0.1571103
0.1424161
0.1083516
0.0616633
0.0152098
-0.0214604
-0.0463521
-0.0622570
-0.0728636
-0.0822944
-0.0956301
-0.1162464
-0.1417219
-0.1641028
-0.1756133
-0.1740301
-0.1627709
-0.1475257
-0.1339292
-0.1267025
-0.1279039
-0.1354877
-0.1465133
-0.1638705
-0.1964663
-0.2453185
-0.2852443
-0.2649431
-0.1358592
0.1108190
0.4344702
0.7740898
1.0872150
1.3594488
1.5790335
1.7111433
1.7069844
1.5429576
1.2502983
0.9039568
0.5801831
0.3205643
0.1285836
-0.0093308
-0.1046357
-0.1637764
-0.1943811
-0.2076257
-0.2143882
-0.2214988
-0.2316955
-0.2447815
-0.2576176
-0.2647986
-0.2622563
-0.2515142
-0.2396458
-0.2337941
-0.2353504
-0.2396493
-0.2409093
-0.2366761
-0.2279710
-0.2172790
-0.2078574
-0.2037000
-0.2075155
-0.2178304
-0.2293068
-0.2367647
-0.2380933
-0.2327242
-0.2192170
-0.1975742
-0.1747339
-0.1643080
-0.1757927
-0.2020998
-0.2207502
-0.2118423
-0.1761308
-0.1334055
-0.1018498
-0.0805773
-0.0539281
-0.0110808
0.0419728
0.0901280
0.1249338
0.1491572
0.1668289
0.1740990
0.1644824
0.1424111
0.1262755
0.1333180
0.1613669
0.1886924
0.1942706
0.1779719
0.1598075
0.1594690
0.1773755
0.1957353
0.1971229
0.1810504
0.1625392
0.1558242
0.1606488
0.1639569
0.1529587
0.1254722
0.0891436
0.0534220
0.0232597
-0.0012223
-0.0216324
-0.0391399
-0.0546480
-0.0695166
-0.0850185
-0.1010215
-0.1156067
-0.1261132
-0.1307191
-0.1298390
-0.1267797
-0.1263161
-0.1308303
-0.1373460
-0.1400105
-0.1370425
-0.1344197
-0.1403802
-0.1547683
-0.1636000
-0.1438371
-0.0727014
0.0669406
0.2853226
0.5808642
0.9285259
1.2721811
1.5363930
1.6577434
1.6147732
1.4335197
1.1670863
0.8693608
0.5820207
0.3350522
0.1480929
0.0258378
-0.0455839
-0.0914850
-0.1324486
-0.1725027
-0.2023638
-0.2136150
-0.2091779
-0.2007458
-0.1980233
-0.2016782
-0.2059342
-0.2063359
-0.2042246
-0.2040692
-0.2074714
-0.2110940
-0.2112611
-0.2096447
-0.2120987
-0.2207226
-0.2287189
-0.2258681
-0.2099636
-0.1911288
-0.1827211
-0.1878040
-0.1963548
-0.1971096
-0.1908484
-0.1891018
-0.1988782
-0.2114660
-0.2098587
-0.1875908
-0.1576502
-0.1408692
-0.1460070
-0.1622522
-0.1707874
-0.1623570
-0.1433254
-0.1262480
-0.1168251
-0.1108227
-0.1018582
-0.0891583
-0.0765608
-0.0658775
-0.0541019
-0.0380237
-0.0201526
-0.0081007
-0.0070160
-0.0127856
-0.0138652
-0.0011024
0.0238217
0.0498351
0.0659748
0.0689673
0.0623645
0.0507483
0.0365829
0.0218820
0.0103638
0.0060165
0.0092626
0.0152840
0.0169523
0.0098445
-0.0053659
-0.0247424
-0.0441848
-0.0605519
-0.0712034
-0.0742235
-0.0695780
-0.0597110
-0.0491439
-0.0434858
-0.0471655
-0.0596290
-0.0732835
-0.0776556
-0.0685801
-0.0539734
-0.0485901
-0.0605197
-0.0819605
-0.0946636
-0.0864445
-0.0629397
-0.0424762
-0.0391842
-0.0515563
-0.0668633
-0.0746896
-0.0751168
-0.0752586
-0.0801063
-0.0872525
-0.0895961
-0.0827533
-0.0702405
-0.0614758
-0.0639752
-0.0767778
-0.0914270
-0.0996851
-0.1003087
-0.0979344
-0.0956389
-0.0905129
-0.0787742
-0.0646938
-0.0605736
-0.0746321
-0.1000353
-0.1195582
-0.1222687
-0.1134036
-0.1063647
-0.1071264
-0.1095698
-0.1058455
-0.0975111
-0.0933359
-0.0972661
-0.1027479
-0.1012586
-0.0939534
-0.0906234
-0.0967291
-0.1055747
-0.1064278
-0.0983444
-0.0916748
-0.0950817
-0.1045514
-0.1084143
-0.1023178
-0.0955250
-0.1002025
-0.1162025
-0.1299241
-0.1290463
-0.1153979
-0.1007849
-0.0924243
-0.0872789
-0.0813540
-0.0791519
-0.0885708
-0.1073347
-0.1202227
-0.1137552
-0.0922226
-0.0750704
-0.0768368
-0.0921906
-0.1036016
-0.1023751
-0.0975567
-0.1023548
-0.1158053
-0.1229257
-0.1129304
-0.0927911
-0.0799542
-0.0834947
-0.0956768
-0.1022895
-0.0982441
-0.0902499
-0.0849778
-0.0786447
-0.0615628
-0.0319495
-0.0011167
0.0174916
0.0229532
0.0279384
0.0446425
0.0709896
0.0918461
0.0938195
0.0782808
0.0593792
0.0494696
0.0474506
0.0419311
0.0246410
-0.0012166
-0.0259949
-0.0448233
-0.0618721
-0.0834312
-0.1082341
-0.1265285
-0.1300223
-0.1222507
-0.1167855
-0.1234919
-0.1377300
-0.1455769
-0.1397343
-0.1276018
-0.1222007
-0.1277336
-0.1383370
-0.1515031
-0.1765989
-0.2212439
-0.2657702
-0.2576693
-0.1428713
0.0907646
0.4022034
0.7312955
1.0406426
1.3188218
1.5453210
1.6658868
1.6180931
1.3885699
1.0419046
0.6855685
0.4005013
0.2017232
0.0595722
-0.0511787
-0.1290304
-0.1654007
-0.1716664
-0.1769203
-0.2006505
-0.2348462
-0.2561707
-0.2526983
-0.2350603
-0.2223027
-0.2214398
-0.2238007
-0.2190376
-0.2076502
-0.1982447
-0.1964715
-0.2007943
-0.2078489
-0.2170542
-0.2278844
-0.2357136
-0.2345609
-0.2247210
-0.2149702
-0.2142925
-0.2212152
-0.2239453
-0.2134173
-0.1951622
-0.1847795
-0.1901694
-0.2007049
-0.1971541
-0.1724582
-0.1404585
-0.1226103
-0.1266174
-0.1395246
-0.1423736
-0.1303613
-0.1161311
-0.1124417
-0.1145687
-0.1041219
-0.0709996
-0.0278227
0.0011440
0.0053009
-0.0007486
0.0074136
0.0380358
0.0747275
0.0947346
0.0936853
0.0891723
0.0997874
0.1246155
0.1467392
0.1547658
0.1553664
0.1624893
0.1780142
0.1882696
0.1808289
0.1612051
0.1485020
0.1536267
0.1653334
0.1618097
0.1355242
0.1020542
0.0818525
0.0763839
0.0669594
0.0374791
-0.0056653
-0.0394066
-0.0487112
-0.0423683
-0.0426248
-0.0609183
-0.0870069
-0.1023664
-0.1005156
-0.0909534
-0.0855546
-0.0867491
-0.0903293
-0.0946031
-0.1016029
-0.1104720
-0.1151675
-0.1117434
-0.1055535
-0.1068730
-0.1181594
-0.1289249
-0.1269035
-0.1133899
-0.1029133
-0.1058917
-0.1156801
-0.1173063
-0.1073984
-0.0995497
-0.1073890
-0.1259180
-0.1344820
-0.1190784
-0.0887170
-0.0668229
-0.0668791
-0.0796287
-0.0859592
-0.0796051
-0.0725980
-0.0779268
-0.0915995
-0.0960747
-0.0804885
-0.0536115
-0.0348623
-0.0336814
-0.0397959
-0.0346015
-0.0109237
0.0207612
0.0462684
0.0649631
0.0894995
0.1283704
0.1724006
0.2015327
0.2045558
0.1901286
0.1774591
0.1767522
0.1799393
0.1709913
0.1438651
0.1079139
0.0755486
0.0479645
0.0161031
-0.0254804
-0.0693175
-0.1008946
-0.1124326
-0.1099464
-0.1073562
-0.1141744
-0.1283801
-0.1403510
-0.1430847
-0.1386733
-0.1358697
-0.1421530
-0.1570731
-0.1715866
-0.1747161
-0.1637851
-0.1484248
-0.1403325
-0.1348573
-0.1030672
-0.0062740
0.1766747
0.4321500
0.7180194
0.9856244
1.1975062
1.3288206
1.3598941
1.2773214
1.0884277
0.8323411
0.5684149
0.3459398
0.1811658
0.0615659
-0.0301017
-0.0974548
-0.1343122
-0.1422862
-0.1391460
-0.1459832
-0.1668518
-0.1855440
-0.1852142
-0.1688243
-0.1565264
-0.1632636
-0.1826233
-0.1946856
-0.1881463
-0.1721843
-0.1657334
-0.1764198
-0.1924419
-0.1961719
-0.1835773
-0.1672535
-0.1609842
-0.1653071
-0.1699702
-0.1673620
-0.1598018
-0.1541132
-0.1524211
-0.1504573
-0.1443806
-0.1370472
-0.1352692
-0.1405095
-0.1446002
-0.1371429
-0.1168121
-0.0934431
-0.0787699
-0.0761860
-0.0790041
-0.0768740
-0.0638958
-0.0424474
-0.0202474
-0.0033570
0.0081923
0.0183298
0.0302997
0.0453325
0.0643063
0.0877282
0.1131842
0.1344490
0.1451927
0.1449568
0.1417114
0.1467683
0.1646066
0.1875474
0.2028194
0.2056960
0.2034582
0.2051890
0.2100529
0.2082093
0.1924520
0.1665605
0.1415845
0.1248469
0.1133119
0.0979296
0.0740180
0.0460018
0.0214465
0.0026446
-0.0134737
-0.0285288
-0.0396517
-0.0441651
-0.0445456
-0.0466856
-0.0538845
-0.0635162
-0.0695497
-0.0684636
-0.0630909
-0.0602625
-0.0642339
-0.0730054
-0.0811930
-0.0850763
-0.0844165
-0.0815792
-0.0804204
-0.0839751
-0.0908495
-0.0951460
-0.0925327
-0.0859785
-0.0831648
-0.0877931
-0.0949564
-0.0960797
-0.0883330
-0.0785210
-0.0763928
-0.0834457
-0.0902561
-0.0874194
-0.0778906
-0.0743607
-0.0834053
-0.0959192
-0.0962650
-0.0798013
-0.0590283
-0.0516279
-0.0623186
-0.0766776
-0.0744575
-0.0504639
-0.0208249
-0.0061411
-0.0092446
-0.0125978
0.0022508
0.0357071
0.0717475
0.0960544
0.1097678
0.1244648
0.1450740
0.1615752
0.1611223
0.1466795
0.1369958
0.1444697
0.1571844
0.1487134
0.1057663
0.0425984
-0.0126268
-0.0436751
-0.0581249
-0.0753959
-0.1046366
-0.1354645
-0.1506720
-0.1458772
-0.1337051
-0.1291907
-0.1347566
-0.1407557
-0.1379793
-0.1275513
-0.1193931
-0.1217553
-0.1322503
-0.1409889
-0.1443850
-0.1525138
-0.1759353
-0.2029041
-0.1943035
-0.1069568
0.0751562
0.3309892
0.6213302
0.9159766
1.2008597
1.4576135
1.6406446
1.6859844
1.5541926
1.2681602
0.9067664
0.5593554
0.2819004
0.0862859
-0.0411268
-0.1167861
-0.1523094
-0.1609762
-0.1623143
-0.1732561
-0.1947007
-0.2124272
-0.2144612
-0.2049695
-0.1989366
-0.2056147
-0.2194937
-0.2262257
-0.2165427
-0.1961246
-0.1819232
-0.1860460
-0.2028243
-0.2146693
-0.2112349
-0.1997934
-0.1958453
-0.2061061
-0.2217021
-0.2265378
-0.2126201
-0.1888155
-0.1733071
-0.1752198
-0.1854391
-0.1881954
-0.1791280
-0.1677160
-0.1636921
-0.1661271
-0.1660849
-0.1565100
-0.1390174
-0.1226043
-0.1148042
-0.1130805
-0.1073615
-0.0924554
-0.0744009
-0.0620301
-0.0557414
-0.0478574
-0.0314855
-0.0063386
0.0218272
0.0456065
0.0623391
0.0771874
0.0965803
0.1183385
0.1333374
0.1382846
0.1413743
0.1525050
0.1718135
0.1900521
0.1972575
0.1903830
0.1759211
0.1650333
0.1622756
0.1597051
0.1461107
0.1205696
0.0922819
0.0692663
0.0528048
0.0404888
0.0278948
0.0089373
-0.0183901
-0.0471725
-0.0679407
-0.0786081
-0.0835878
-0.0860053
-0.0861366
-0.0847463
-0.0830517
-0.0821765
-0.0856281
-0.0969536
-0.1117836
-0.1198650
-0.1196197
-0.1219017
-0.1329291
-0.1422939
-0.1360768
-0.1152825
-0.0943466
-0.0868919
-0.0968905
-0.1164138
-0.1292389
-0.1258793
-0.1169819
-0.1207276
-0.1362636
-0.1443151
-0.1358480
-0.1229692
-0.1179451
-0.1194287
-0.1236008
-0.1301812
-0.1334829
-0.1274388
-0.1220101
-0.1315381
-0.1455219
-0.1398878
-0.1199100
-0.1153376
-0.1238443
-0.1018658
-0.0325570
