-0.0388069
-0.0305166
-0.0313261
-0.0296609
-0.0295608
-0.0390167
-0.0525818
-0.0585470
-0.0582823
-0.0651094
-0.0841092
-0.1037741
-0.1103408
-0.1034408
-0.0946694
-0.0946430
-0.1032830
-0.1108852
-0.1086794
-0.0992107
-0.0938333
-0.0981051
-0.1037511
-0.0993656
-0.0857813
-0.0749944
-0.0750362
-0.0815372
-0.0848268
-0.0807916
-0.0727649
-0.0654132
-0.0594477
-0.0526300
-0.0448469
-0.0398991
-0.0401150
-0.0406354
-0.0334819
-0.0185028
-0.0061207
-0.0060466
-0.0156232
-0.0226502
-0.0188127
-0.0077927
-0.0006004
-0.0050083
-0.0196115
-0.0365450
-0.0488185
-0.0547668
-0.0561678
-0.0543712
-0.0502571
-0.0466984
-0.0478833
-0.0554431
-0.0670339
-0.0791049
-0.0893193
-0.0959785
-0.0973316
-0.0930197
-0.0853840
-0.0781888
-0.0739341
-0.0723974
-0.0715452
-0.0700093
-0.0686678
-0.0691123
-0.0707858
-0.0716414
-0.0726038
-0.0787480
-0.0923204
-0.1039780
-0.0933259
-0.0403325
0.0626456
0.2085687
0.3830643
0.5722887
0.7629744
0.9360213
1.0639849
1.1201410
1.0933812
0.9947900
0.8498905
0.6853225
0.5216647
0.3738122
0.2521611
0.1608660
0.0964036
0.0505392
0.0163681
-0.0083501
-0.0239884
-0.0340272
-0.0448547
-0.0596483
-0.0746175
-0.0838137
-0.0867858
-0.0886859
-0.0928712
-0.0968211
-0.0973382
-0.0974119
-0.1042347
-0.1197664
-0.1358897
-0.1414996
-0.1342660
-0.1231972
-0.1184989
-0.1207959
-0.1227801
-0.1203849
-0.1182236
-0.1221988
-0.1298550
-0.1318957
-0.1230262
-0.1083152
-0.0977266
-0.0960564
-0.0995710
-0.1014336
-0.0983574
-0.0913967
-0.0819357
-0.0692999
-0.0529661
-0.0353947
-0.0207732
-0.0111080
-0.0047364
0.0016428
0.0109771
0.0256624
0.0468191
0.0719777
0.0945075
0.1076270
0.1100277
0.1069935
0.1051312
0.1058524
0.1046134
0.0969625
0.0845879
0.0740530
0.0695034
0.0681741
0.0639068
0.0536642
0.0391195
0.0231289
0.0074439
-0.0056128
-0.0119838
-0.0093333
-0.0018668
0.0005106
-0.0098771
-0.0308376
-0.0516003
-0.0626752
-0.0641960
-0.0639853
-0.0681504
-0.0750899
-0.0788443
-0.0767455
-0.0726426
-0.0730445
-0.0806829
-0.0914891
-0.0975596
-0.0937264
-0.0819485
-0.0691868
-0.0607686
-0.0562044
-0.0516732
-0.0456414
-0.0406402
-0.0392841
-0.0399708
-0.0382880
-0.0328426
-0.0278229
-0.0280159
-0.0321578
-0.0339307
-0.0303089
-0.0262805
-0.0288285
-0.0376151
-0.0450935
-0.0465856
-0.0472697
-0.0564475
-0.0755895
-0.0947481
-0.1020196
-0.0953650
-0.0837386
-0.0772490
-0.0781711
-0.0819444
-0.0845192
-0.0861207
-0.0883160
-0.0903073
-0.0897430
-0.0860980
-0.0818227
-0.0803653
-0.0837443
-0.0915214
-0.1010509
-0.1086942
-0.1117591
-0.1099368
-0.1048239
-0.0980237
-0.0901473
-0.0819781
-0.0758347
-0.0739634
-0.0744855
-0.0705138
-0.0567557
-0.0386131
-0.0319629
-0.0488990
-0.0809930
-0.0981158
-0.0672408
0.0249089
0.1663026
0.3349140
0.5172614
0.7097139
0.9016155
1.0608041
1.1417554
1.1133296
0.9816105
0.7870314
0.5794044
0.3932305
0.2410092
0.1227113
0.0366799
-0.0185143
-0.0486063
-0.0650630
-0.0793211
-0.0955361
-0.1098545
-0.1168814
-0.1162844
-0.1131223
-0.1127043
-0.1160184
-0.1202513
-0.1232699
-0.1268274
-0.1345439
-0.1465409
-0.1571351
-0.1594107
-0.1525880
-0.1439600
-0.1424256
-0.1498746
-0.1594205
-0.1624624
-0.1571691
-0.1492926
-0.1445429
-0.1414641
-0.1335324
-0.1182265
-0.1017726
-0.0929518
-0.0929310
-0.0936580
-0.0873551
-0.0759556
-0.0688442
-0.0710337
-0.0757754
-0.0711419
-0.0537657
-0.0337175
-0.0241953
-0.0275834
-0.0339237
-0.0329861
-0.0250770
-0.0181994
-0.0164668
-0.0148594
-0.0064629
0.0076426
0.0187391
0.0208075
0.0178337
0.0186714
0.0257744
0.0322208
0.0310980
0.0252012
0.0240572
0.0314126
0.0389946
0.0350380
0.0177825
-0.0022389
-0.0139506
-0.0176643
-0.0233157
-0.0375384
-0.0552079
-0.0653497
-0.0639216
-0.0581320
-0.0577875
-0.0646450
-0.0719257
-0.0729901
-0.0679837
-0.0615690
-0.0562870
-0.0502220
-0.0410404
-0.0305329
-0.0237782
-0.0239416
-0.0288943
-0.0334719
-0.0346233
-0.0337906
-0.0344665
-0.0380890
-0.0425297
-0.0443417
-0.0424553
-0.0398560
-0.0414047
-0.0494193
-0.0612186
-0.0713392
-0.0763239
-0.0772037
-0.0775794
-0.0800935
-0.0850690
-0.0915946
-0.0984529
-0.1036685
-0.1046239
-0.1006005
-0.0955561
-0.0964816
-0.1067579
-0.1210580
-0.1288622
-0.1245639
-0.1135068
-0.1067345
-0.1098727
-0.1182723
-0.1230821
-0.1205136
-0.1140014
-0.1083445
-0.1041429
-0.0990757
-0.0929889
-0.0889441
-0.0883786
-0.0872418
-0.0794678
-0.0645723
-0.0500011
-0.0445342
-0.0496615
-0.0583177
-0.0620858
-0.0590398
-0.0545158
-0.0549975
-0.0619350
-0.0712969
-0.0781743
-0.0810908
-0.0821516
-0.0839977
-0.0870814
-0.0894033
-0.0884509
-0.0838770
-0.0789289
-0.0787354
-0.0857881
-0.0964868
-0.1031144
-0.1007046
-0.0924052
-0.0871850
-0.0911606
-0.1010726
-0.1071299
-0.1028358
-0.0915594
-0.0828344
-0.0826739
-0.0885944
-0.0939920
-0.0956313
-0.0954570
-0.0958938
-0.0956002
-0.0911024
-0.0818685
-0.0721855
-0.0672189
-0.0676014
-0.0686342
-0.0649382
-0.0554057
-0.0433959
-0.0327307
-0.0243313
-0.0167366
-0.0089931
-0.0022310
0.0015101
0.0011410
-0.0036386
-0.0141366
-0.0323377
-0.0559025
-0.0720847
-0.0584398
0.0063640
0.1288674
0.2962686
0.4849914
0.6732722
0.8451282
0.9836832
1.0650659
1.0646516
0.9736362
0.8106499
0.6156131
0.4293908
0.2755999
0.1571985
0.0659959
-0.0061072
-0.0623599
-0.1027760
-0.1277384
-0.1402779
-0.1459059
-0.1501342
-0.1552509
-0.1593625
-0.1595131
-0.1563231
-0.1546540
-0.1583733
-0.1648195
-0.1665647
-0.1599086
-0.1500954
-0.1455360
-0.1466727
-0.1433403
-0.1257412
-0.0975433
-0.0753176
-0.0730219
-0.0875239
-0.1011519
-0.0992292
-0.0842888
-0.0722748
-0.0754320
-0.0902575
-0.1023378
-0.1014961
-0.0909115
-0.0819301
-0.0816507
-0.0865918
-0.0879870
-0.0819868
-0.0737124
-0.0712222
-0.0761657
-0.0812327
-0.0772139
-0.0623758
-0.0444873
-0.0334696
-0.0321868
-0.0346398
-0.0331079
-0.0264927
-0.0208805
-0.0217785
-0.0267441
-0.0268935
-0.0159499
0.0029628
0.0201160
0.0284249
0.0293113
0.0295105
0.0331377
0.0380522
0.0400914
0.0394505
0.0410282
0.0478739
0.0554996
0.0544814
0.0396163
0.0162838
-0.0029201
-0.0084875
-0.0015865
0.0080398
0.0114918
0.0082005
0.0045109
0.0055840
0.0095443
0.0099223
0.0031421
-0.0076145
-0.0163823
-0.0212701
-0.0259208
-0.0338013
-0.0424437
-0.0452837
-0.0396073
-0.0311058
-0.0289628
-0.0366930
-0.0491500
-0.0586002
-0.0621248
-0.0622250
-0.0619771
-0.0624138
-0.0650535
-0.0739026
-0.0910322
-0.1087321
-0.1076487
-0.0653249
0.0313426
0.1799738
0.3657468
0.5675917
0.7615432
0.9220466
1.0253893
1.0556950
1.0096141
0.8969374
0.7381031
0.5602023
0.3910303
0.2511197
0.1474545
0.0741169
0.0203064
-0.0208496
-0.0501551
-0.0671884
-0.0751370
-0.0796806
-0.0838302
-0.0855392
-0.0811991
-0.0709811
-0.0600614
-0.0545883
-0.0566740
-0.0632212
-0.0693827
-0.0731154
-0.0763352
-0.0815066
-0.0873883
-0.0892159
-0.0842216
-0.0768504
-0.0768271
-0.0902353
-0.1123197
-0.1306371
-0.1366997
-0.1341901
-0.1345097
-0.1442907
-0.1588672
-0.1688484
-0.1714740
-0.1730021
-0.1796416
-0.1886101
-0.1906029
-0.1809363
-0.1660333
-0.1573132
-0.1592325
-0.1648859
-0.1637780
-0.1527254
-0.1380190
-0.1274224
-0.1216413
-0.1143694
-0.0998427
-0.0791211
-0.0587554
-0.0440184
-0.0340684
-0.0237048
-0.0094277
0.0065381
0.0181688
0.0214248
0.0182938
0.0155045
0.0192491
0.0303914
0.0438308
0.0522782
0.0513905
0.0422521
0.0294034
0.0164841
0.0037334
-0.0102583
-0.0246179
-0.0348233
-0.0363296
-0.0300144
-0.0232844
-0.0244791
-0.0355954
-0.0509646
-0.0634369
-0.0712875
-0.0783388
-0.0878031
-0.0975693
-0.1025576
-0.1011501
-0.0979239
-0.0993619
-0.1073245
-0.1174091
-0.1236071
-0.1238894
-0.1210821
-0.1191119
-0.1192986
-0.1202088
-0.1202234
-0.1195911
-0.1199640
-0.1220609
-0.1238762
-0.1216668
-0.1135411
-0.1022905
-0.0936645
-0.0905739
-0.0890060
-0.0810595
-0.0631909
-0.0411111
-0.0254239
-0.0223617
-0.0299414
-0.0432358
-0.0604834
-0.0800419
-0.0906316
-0.0687167
0.0089669
0.1477501
0.3302116
0.5286381
0.7197099
0.8852166
1.0019573
1.0398083
0.9783653
0.8284488
0.6342613
0.4493927
0.3065172
0.2065722
0.1325812
0.0702255
0.0161197
-0.0275792
-0.0601685
-0.0829382
-0.0966899
-0.1023967
-0.1039366
-0.1071698
-0.1147597
-0.1232911
-0.1274067
-0.1265206
-0.1256668
-0.1292705
-0.1358272
-0.1402507
-0.1405150
-0.1397630
-0.1414764
-0.1446617
-0.1456302
-0.1436348
-0.1422018
-0.1438664
-0.1453331
-0.1402674
-0.1272586
-0.1131988
-0.1070499
-0.1103632
-0.1151693
-0.1117660
-0.0981009
-0.0811818
-0.0698405
-0.0667427
-0.0671930
-0.0648404
-0.0579871
-0.0504121
-0.0463610
-0.0451456
-0.0413020
-0.0306681
-0.0160997
-0.0059608
-0.0057472
-0.0113665
-0.0122610
-0.0024547
0.0119958
0.0181572
0.0094806
-0.0071214
-0.0186060
-0.0197016
-0.0178916
-0.0240436
-0.0395308
-0.0543603
-0.0579861
-0.0503568
-0.0412787
-0.0397856
-0.0458044
-0.0525371
-0.0553807
-0.0567272
-0.0620211
-0.0726605
-0.0839287
-0.0895514
-0.0873523
-0.0803278
-0.0729706
-0.0672276
-0.0620093
-0.0560762
-0.0507071
-0.0488984
-0.0516289
-0.0553142
-0.0540501
-0.0453986
-0.0339396
-0.0279398
-0.0313129
-0.0388879
-0.0407621
-0.0321977
-0.0188276
-0.0111391
-0.0136939
-0.0206408
-0.0224498
-0.0165321
-0.0102095
-0.0129220
-0.0261128
-0.0414000
-0.0486332
-0.0453429
-0.0383625
-0.0369122
-0.0446106
-0.0576880
-0.0696547
-0.0768731
-0.0801008
-0.0819571
-0.0838289
-0.0851565
-0.0849643
-0.0833553
-0.0812988
-0.0793352
-0.0771140
-0.0745083
-0.0728197
-0.0740749
-0.0784964
-0.0827466
-0.0815192
-0.0719370
-0.0568472
-0.0432976
-0.0368969
-0.0372726
-0.0392385
-0.0384672
-0.0355660
-0.0342505
-0.0360286
-0.0377806
-0.0351610
-0.0278607
-0.0205371
-0.0182670
-0.0216991
-0.0271676
-0.0309571
-0.0322837
-0.0319774
-0.0297883
-0.0247478
-0.0182378
-0.0149961
-0.0194130
-0.0306809
-0.0426562
-0.0493999
-0.0508035
-0.0522182
-0.0584001
-0.0682889
-0.0762287
-0.0782075
-0.0762936
-0.0764959
-0.0823528
-0.0910205
-0.0959863
-0.0937416
-0.0876769
-0.0850612
-0.0897849
-0.0980156
-0.1014401
-0.0953428
-0.0836421
-0.0756455
-0.0774572
-0.0864657
-0.0943284
-0.0952095
-0.0906800
-0.0864347
-0.0849001
-0.0821381
-0.0723825
-0.0549737
-0.0362284
-0.0249400
-0.0267927
-0.0423358
-0.0674407
-0.0927189
-0.1022887
-0.0763345
0.0006902
0.1313254
0.3032333
0.4952439
0.6844515
0.8478443
0.9605017
0.9984108
0.9491346
0.8228000
0.6519371
0.4771397
0.3281658
0.2141769
0.1285648
0.0615643
0.0089717
-0.0287495
-0.0526776
-0.0684555
-0.0826012
-0.0967614
-0.1070327
-0.1096390
-0.1066697
-0.1049815
-0.1089653
-0.1153715
-0.1167528
-0.1103109
-0.1020612
-0.1009269
-0.1089880
-0.1190538
-0.1225866
-0.1189225
-0.1150444
-0.1162315
-0.1188479
-0.1142967
-0.0999998
-0.0844574
-0.0796047
-0.0881660
-0.0999354
-0.1014681
-0.0890343
-0.0712815
-0.0594465
-0.0561851
-0.0546605
-0.0476166
-0.0354969
-0.0247580
-0.0191962
-0.0148550
-0.0044896
0.0136348
0.0327456
0.0438527
0.0444912
0.0406597
0.0403312
0.0457236
0.0521242
0.0536395
0.0492785
0.0433172
0.0404718
0.0415277
0.0436655
0.0441778
0.0430244
0.0418419
0.0414295
0.0411317
0.0406684
0.0415651
0.0456227
0.0516932
0.0548975
0.0504452
0.0388609
0.0267298
0.0209821
0.0218489
0.0220207
0.0137027
-0.0031714
-0.0200977
-0.0277000
-0.0241893
-0.0160384
-0.0107688
-0.0101058
-0.0106365
-0.0099475
-0.0099547
-0.0132653
-0.0177428
-0.0171759
-0.0082921
0.0043195
0.0122485
0.0124173
0.0105409
0.0141079
0.0226785
0.0272226
0.0199658
0.0035785
-0.0110916
-0.0162088
-0.0141966
-0.0133019
-0.0177703
-0.0246118
-0.0297747
-0.0345913
-0.0436661
-0.0570879
-0.0676813
-0.0678636
-0.0583591
-0.0482116
-0.0458391
-0.0514366
-0.0589146
-0.0638818
-0.0675939
-0.0728565
-0.0782270
-0.0785345
-0.0712957
-0.0609835
-0.0555407
-0.0586558
-0.0661725
-0.0702967
-0.0669114
-0.0586138
-0.0511620
-0.0476134
-0.0458874
-0.0414737
-0.0322197
-0.0206899
-0.0120160
-0.0092365
-0.0106269
-0.0119488
-0.0115130
-0.0122145
-0.0173045
-0.0242671
-0.0252476
-0.0162514
-0.0057556
-0.0103331
-0.0372374
-0.0702097
-0.0754704
-0.0255377
0.0812293
0.2244172
0.3831376
0.5507280
0.7265702
0.8961312
1.0246661
1.0749204
1.0322384
0.9126061
0.7482213
0.5679180
0.3906865
0.2316612
0.1059642
0.0224957
-0.0240142
-0.0503768
-0.0721441
-0.0935882
-0.1101345
-0.1185645
-0.1225662
-0.1283487
-0.1371220
-0.1438467
-0.1431700
-0.1351613
-0.1246829
-0.1160819
-0.1095699
-0.1026781
-0.0942390
-0.0862517
-0.0819767
-0.0825680
-0.0855964
-0.0867518
-0.0831911
-0.0757121
-0.0679706
-0.0634531
-0.0628460
-0.0640646
-0.0647158
-0.0644646
-0.0649780
-0.0676985
-0.0719650
-0.0755168
-0.0767375
-0.0761257
-0.0755047
-0.0760855
-0.0776048
-0.0791986
-0.0805042
-0.0814284
-0.0810600
-0.0776417
-0.0703085
-0.0607602
-0.0524724
-0.0476421
-0.0450099
-0.0412189
-0.0345345
-0.0268241
-0.0213476
-0.0185842
-0.0148077
-0.0054584
0.0097785
0.0254455
0.0343978
0.0340786
0.0291360
0.0276371
0.0340225
0.0451800
0.0534085
0.0536599
0.0481640
0.0438028
0.0447634
0.0480956
0.0471074
0.0391678
0.0292504
0.0247616
0.0269264
0.0284799
0.0209719
0.0042343
-0.0124338
-0.0191724
-0.0153814
-0.0101702
-0.0132136
-0.0258117
-0.0410055
-0.0513712
-0.0554707
-0.0568907
-0.0587384
-0.0606421
-0.0608621
-0.0596722
-0.0595881
-0.0628115
-0.0695126
-0.0785704
-0.0888421
-0.0990759
-0.1074507
-0.1125370
-0.1148294
-0.1162350
-0.1174221
-0.1165042
-0.1114818
-0.1037469
-0.0977398
-0.0963764
-0.0976689
-0.0970229
-0.0926139
-0.0871632
-0.0839486
-0.0822628
-0.0780896
-0.0688989
-0.0564007
-0.0443442
-0.0350515
-0.0291586
-0.0274801
-0.0306160
-0.0360002
-0.0374661
-0.0303778
-0.0175371
-0.0081494
-0.0093874
-0.0192929
-0.0291014
-0.0325897
-0.0320618
-0.0345824
-0.0431574
-0.0528469
-0.0558045
-0.0494574
-0.0391966
-0.0331403
-0.0345382
-0.0394138
-0.0418682
-0.0420320
-0.0483272
-0.0698597
-0.1040134
-0.1307514
-0.1212115
-0.0553343
0.0664875
0.2279166
0.4112118
0.6051107
0.7974318
0.9627234
1.0634046
1.0692604
0.9789899
0.8228509
