-0.0636694
-0.0603020
-0.0461519
-0.0149993
0.0193600
0.0350798
0.0257270
0.0072959
0.0009992
0.0125519
0.0305851
0.0424042
0.0464297
0.0487262
0.0522025
0.0537848
0.0514166
0.0492113
0.0527990
0.0611157
0.0660497
0.0611533
0.0487262
0.0362118
0.0259931
0.0111994
-0.0165101
-0.0555921
-0.0932898
-0.1171205
-0.1269588
-0.1339836
-0.1476053
-0.1657665
-0.1799503
-0.1876602
-0.1951164
-0.2057465
-0.2107699
-0.1984984
-0.1743823
-0.1643845
-0.1893359
-0.2348334
-0.2540887
-0.2071114
-0.0945942
0.0538411
0.2236909
0.4342920
0.6992987
0.9690399
1.1301669
1.0843729
0.8378396
0.5094855
0.2428530
0.1033732
0.0542491
0.0200654
-0.0375303
-0.1041274
-0.1528685
-0.1811186
-0.2047292
-0.2298905
-0.2442996
-0.2361352
-0.2119379
-0.1898813
-0.1793532
-0.1734658
-0.1612709
-0.1415367
-0.1218587
-0.1082791
-0.1007833
-0.0982697
-0.1026566
-0.1149629
-0.1296004
-0.1366224
-0.1307852
-0.1165781
-0.1029011
-0.0935964
-0.0847657
-0.0715585
-0.0561544
-0.0473158
-0.0511584
-0.0626855
-0.0678584
-0.0557411
-0.0293331
-0.0037111
0.0075014
0.0038737
-0.0036343
-0.0047946
0.0017732
0.0125234
0.0271677
0.0485909
0.0746855
0.0951269
0.1006070
0.0944409
0.0908125
0.0995746
0.1150065
0.1219872
0.1120261
0.0903951
0.0679815
0.0501061
0.0352109
0.0207047
0.0049189
-0.0160385
-0.0468826
-0.0844855
-0.1144377
-0.1232435
-0.1149423
-0.1095498
-0.1207537
-0.1392934
-0.1452583
-0.1354183
-0.1285089
-0.1382052
-0.1497309
-0.1372487
-0.1050762
-0.0950507
-0.1377607
-0.2019387
-0.2129713
-0.1319317
-0.0020555
0.1048997
0.1889297
0.3432622
0.6505212
1.0575735
1.3760232
1.4276568
1.1948001
0.8267723
0.5052073
0.3102506
0.2072612
0.1326351
0.0661807
0.0243412
0.0129274
0.0105281
-0.0050481
-0.0328024
-0.0585652
-0.0783950
-0.1004511
-0.1265639
-0.1441162
-0.1413451
-0.1240874
-0.1101488
-0.1091154
-0.1144270
-0.1158671
-0.1130323
-0.1121506
-0.1141535
-0.1131209
-0.1065867
-0.1005459
-0.1001967
-0.0999250
-0.0889347
-0.0667049
-0.0466273
-0.0406288
-0.0438313
-0.0399779
-0.0216302
0.0007540
0.0127375
0.0147321
0.0212211
0.0413789
0.0660645
0.0777356
0.0707765
0.0575845
0.0544894
0.0655725
0.0821267
0.0946542
0.1012559
0.1049984
0.1077053
0.1085868
0.1059777
0.0967972
0.0756778
0.0397001
-0.0039439
-0.0389444
-0.0537402
-0.0548260
-0.0622535
-0.0892113
-0.1277822
-0.1576428
-0.1679460
-0.1670280
-0.1695883
-0.1782449
-0.1821943
-0.1734983
-0.1595996
-0.1560910
-0.1687528
-0.1868106
-0.1950318
-0.1896059
-0.1795909
-0.1742775
-0.1730665
-0.1692349
-0.1606647
-0.1526699
-0.1494864
-0.1463883
-0.1340315
-0.1107984
-0.0874644
-0.0765549
-0.0777309
-0.0773485
-0.0649815
-0.0487614
-0.0501456
-0.0810210
-0.1275243
-0.1598701
-0.1595697
-0.1357091
-0.1135455
-0.1089613
-0.1167250
-0.1230313
-0.1247864
-0.1323381
-0.1539608
-0.1822998
-0.1996691
-0.1963264
-0.1811636
-0.1733757
-0.1843632
-0.2082230
-0.2288808
-0.2351289
-0.2286604
-0.2189015
-0.2120083
-0.2064263
-0.1991734
-0.1938506
-0.1981542
-0.2114178
-0.2184028
-0.2028729
-0.1706964
-0.1538476
-0.1818444
-0.2459201
-0.2978645
-0.2918568
-0.2260375
-0.1339948
-0.0314371
0.1193071
0.3759623
0.7389912
1.1118076
1.3495593
1.3587699
1.1585596
0.8537431
0.5545898
0.3179298
0.1472977
0.0275122
-0.0514465
-0.0965309
-0.1207926
-0.1403019
-0.1628224
-0.1844770
-0.1987009
-0.2053764
-0.2092888
-0.2123319
-0.2117464
-0.2070580
-0.2049316
-0.2126573
-0.2266198
-0.2316904
-0.2165601
-0.1894921
-0.1742773
-0.1865583
-0.2148132
-0.2286316
-0.2078947
-0.1621303
-0.1191722
-0.0964097
-0.0866325
-0.0719049
-0.0462382
-0.0205055
-0.0075041
-0.0084244
-0.0157868
-0.0241203
-0.0317730
-0.0339527
-0.0219176
0.0063600
0.0386309
0.0579576
0.0605126
0.0589793
0.0659290
0.0779926
0.0812321
0.0701611
0.0548499
0.0471569
0.0456559
0.0400836
0.0285250
0.0225097
0.0319194
0.0500150
0.0594605
0.0518839
0.0352919
0.0205303
0.0063554
-0.0165241
-0.0491063
-0.0789358
-0.0936138
-0.0951178
-0.0971644
-0.1108134
-0.1361167
-0.1652533
-0.1877888
-0.1932734
-0.1775398
-0.1524937
-0.1432145
-0.1634829
-0.1931767
-0.1927830
-0.1504750
-0.1073889
-0.1193689
-0.1891153
-0.2497959
-0.2280463
-0.1155577
0.0389730
0.2074847
0.4243432
0.7239923
1.0426275
1.2177555
1.1182563
0.7791912
0.3917907
0.1481284
0.0942374
0.1301522
0.1348996
0.0749181
-0.0011964
-0.0432026
-0.0513282
-0.0562702
-0.0738210
-0.0940037
-0.1056921
-0.1143228
-0.1306465
-0.1520418
-0.1642647
-0.1596256
-0.1457616
-0.1345396
-0.1278159
-0.1187623
-0.1048841
-0.0938728
-0.0944929
-0.1049438
-0.1140301
-0.1137781
-0.1078866
-0.1058314
-0.1100361
-0.1118482
-0.1014504
-0.0800658
-0.0597667
-0.0506401
-0.0500421
-0.0462509
-0.0317698
-0.0103907
0.0095693
0.0261384
0.0443354
0.0661198
0.0837464
0.0868439
0.0756309
0.0635149
0.0643992
0.0789104
0.0956923
0.1059199
0.1132687
0.1272762
0.1483559
0.1630676
0.1564397
0.1282708
0.0953163
0.0763967
0.0755549
0.0799310
0.0733653
0.0513823
0.0237358
0.0044816
0.0007346
0.0093978
0.0213885
0.0272807
0.0209146
0.0017708
-0.0236896
-0.0444029
-0.0518549
-0.0469705
-0.0394333
-0.0388850
-0.0465134
-0.0555325
-0.0591680
-0.0569347
-0.0535245
-0.0539167
-0.0609355
-0.0755497
-0.0960478
-0.1162356
-0.1276508
-0.1268652
-0.1202904
-0.1189755
-0.1275068
-0.1397568
-0.1468328
-0.1472775
-0.1467786
-0.1489696
-0.1509501
-0.1496943
-0.1488274
-0.1540402
-0.1628195
-0.1649882
-0.1566092
-0.1488289
-0.1565062
-0.1784103
-0.1953116
-0.1914038
-0.1732855
-0.1617747
-0.1664712
-0.1758936
-0.1753616
-0.1675093
-0.1673312
-0.1794392
-0.1899388
-0.1841102
-0.1642055
-0.1424742
-0.1220862
-0.0970829
-0.0722658
-0.0686617
-0.0964375
-0.1280189
-0.1150688
-0.0375203
0.0783614
0.2044695
0.3642004
0.6145883
0.9591155
1.2903471
1.4462758
1.3404414
1.0363723
0.6910031
0.4287190
0.2705256
0.1683678
0.0812607
0.0069927
-0.0429732
-0.0721899
-0.0940537
-0.1118596
-0.1186369
-0.1145225
-0.1119390
-0.1196577
-0.1305983
-0.1330500
-0.1292173
-0.1326126
-0.1462953
-0.1536222
-0.1380011
-0.1073235
-0.0890403
-0.0988742
-0.1216993
-0.1293125
-0.1134564
-0.0933010
-0.0892158
-0.0968584
-0.0938117
-0.0690483
-0.0376933
-0.0236935
-0.0329772
-0.0488684
-0.0518086
-0.0374020
-0.0140566
0.0105140
0.0342621
0.0547880
0.0667227
0.0693457
0.0723496
0.0872035
0.1122525
0.1319090
0.1340379
0.1248679
0.1218865
0.1329370
0.1479131
0.1531810
0.1492231
0.1484060
0.1568122
0.1652392
0.1614288
0.1464548
0.1327192
0.1264745
0.1191250
0.0993371
0.0690849
0.0413118
0.0226635
0.0058103
-0.0175797
-0.0417165
-0.0519190
-0.0445387
-0.0341765
-0.0364567
-0.0476206
-0.0479434
-0.0258353
0.0071019
0.0280382
0.0259515
0.0082380
-0.0127504
-0.0319002
-0.0477550
-0.0542329
-0.0448090
-0.0249193
-0.0123409
-0.0200034
-0.0413297
-0.0577051
-0.0597928
-0.0564956
-0.0616454
-0.0768548
-0.0918478
-0.0990827
-0.1019236
-0.1072108
-0.1150240
-0.1200104
-0.1203901
-0.1205951
-0.1246198
-0.1307826
-0.1346784
-0.1342242
-0.1298315
-0.1229909
-0.1182609
-0.1232684
-0.1395890
-0.1535895
-0.1459742
-0.1179218
-0.1017630
-0.1321388
-0.2024941
-0.2608914
-0.2590566
-0.1987971
-0.1128231
0.0034840
0.2191571
0.5979546
1.0935449
1.5325024
1.7274566
1.6215219
1.3239608
1.0062873
0.7670570
0.5919180
0.4236881
0.2472315
0.1003587
0.0189524
-0.0070113
-0.0181919
-0.0389918
-0.0576782
-0.0517658
-0.0225867
0.0022764
-0.0018649
-0.0320221
-0.0639056
-0.0789104
-0.0802582
-0.0829554
-0.0929024
-0.1001914
-0.0923713
-0.0703541
-0.0488325
-0.0422816
-0.0526979
-0.0706138
-0.0853514
-0.0926385
-0.0937705
-0.0905668
-0.0830506
-0.0714860
-0.0588273
-0.0496165
-0.0458020
-0.0438016
-0.0366441
-0.0203127
0.0015451
0.0200747
0.0293354
0.0314925
0.0327692
0.0349096
0.0334000
0.0255231
0.0174996
0.0195114
0.0330940
0.0471451
0.0493970
0.0402010
0.0311859
0.0298036
0.0289042
0.0146598
-0.0165610
-0.0525712
-0.0770333
-0.0843748
-0.0826843
-0.0852372
-0.1016279
-0.1336977
-0.1734210
-0.2031500
-0.2043026
-0.1732008
-0.1287326
-0.0988710
-0.0960797
-0.1079709
-0.1146648
-0.1126984
-0.1165331
-0.1361160
-0.1594395
-0.1634352
-0.1407638
-0.1093605
-0.0927050
-0.0949008
-0.0999736
-0.0937392
-0.0798232
-0.0718677
-0.0752955
-0.0829393
-0.0877453
-0.0929816
-0.1057453
-0.1237845
-0.1351718
-0.1326645
-0.1239436
-0.1233331
-0.1345948
-0.1464420
-0.1465922
-0.1369164
-0.1312314
-0.1390796
-0.1553504
-0.1670788
-0.1677149
-0.1621114
-0.1589935
-0.1625614
-0.1727271
-0.1897426
-0.2136042
-0.2385909
-0.2533295
-0.2509175
-0.2384667
-0.2324992
-0.2426311
-0.2614709
-0.2726872
-0.2678626
-0.2525846
-0.2361230
-0.2193076
-0.1962177
-0.1662663
-0.1392019
-0.1249336
-0.1207797
-0.1134202
-0.0945781
-0.0714621
-0.0587529
-0.0615006
-0.0693068
-0.0682370
-0.0559994
-0.0433319
-0.0416931
-0.0523669
-0.0681049
-0.0825977
-0.0952752
-0.1071203
-0.1153515
-0.1154056
-0.1078211
-0.1002102
-0.1004802
-0.1090716
-0.1198258
-0.1282640
-0.1363095
-0.1469494
-0.1561684
-0.1546280
-0.1394961
-0.1217297
-0.1170940
-0.1296516
-0.1483013
-0.1614722
-0.1701199
-0.1801337
-0.1852725
-0.1701107
-0.1373793
-0.1234378
-0.1687444
-0.2659348
-0.3491255
-0.3508273
-0.2694701
-0.1645735
-0.0748595
0.0466235
0.2916243
0.6793513
1.0900290
1.3339909
1.2983430
1.0304401
0.6852803
0.4010456
0.2225636
0.1212284
0.0586631
0.0200358
0.0018026
-0.0080352
-0.0270476
-0.0624246
-0.1057266
-0.1422386
-0.1611664
-0.1589325
-0.1399338
-0.1168707
-0.1050359
-0.1103627
-0.1236892
-0.1310877
-0.1304351
-0.1337748
-0.1509946
-0.1744736
-0.1848008
-0.1721108
-0.1477956
-0.1325905
-0.1352950
-0.1464569
-0.1518264
-0.1471824
-0.1377689
-0.1270858
-0.1119872
-0.0899365
-0.0669848
-0.0543833
-0.0568640
-0.0662514
-0.0678415
-0.0528383
-0.0246228
0.0057884
0.0291323
0.0434853
0.0529707
0.0627233
0.0747332
0.0870878
0.0965028
0.1019160
0.1059243
0.1124767
0.1228865
0.1340070
0.1400935
0.1364715
0.1224267
0.1020264
0.0822056
0.0681032
0.0583732
0.0455577
0.0234588
-0.0044182
-0.0250353
-0.0271361
-0.0137029
-0.0017817
-0.0075735
-0.0308933
-0.0553614
-0.0646700
-0.0580153
-0.0489919
-0.0506275
-0.0636565
-0.0797167
-0.0933314
-0.1071878
-0.1245060
-0.1389536
-0.1368437
-0.1121267
-0.0775548
-0.0566411
-0.0620420
-0.0833583
-0.0988207
-0.0984631
-0.0925790
-0.0963355
-0.1099820
-0.1192502
-0.1149460
-0.1058136
-0.1069894
-0.1188581
-0.1255805
-0.1173609
-0.1068233
-0.1144439
-0.1392034
-0.1546212
-0.1405514
-0.1120928
-0.1047962
-0.1296332
-0.1549254
-0.1443845
-0.1088134
-0.1042359
-0.1703099
-0.2795436
-0.3611141
-0.3730706
-0.3330902
-0.2667085
-0.1399017
0.1257879
0.5521966
1.0275025
1.3548079
1.3969473
1.1803182
0.8590671
0.5828961
0.4001472
0.2734556
0.1616460
0.0684339
0.0194018
0.0157694
0.0263580
0.0202307
-0.0054289
-0.0324085
-0.0474816
-0.0544446
-0.0638546
-0.0791711
-0.0956841
-0.1081836
-0.1147860
-0.1147090
-0.1075138
-0.0963505
-0.0884742
-0.0890771
-0.0955006
-0.1003553
-0.1001934
-0.0982076
-0.0975656
-0.0953049
-0.0860522
-0.0706757
-0.0571479
-0.0509778
-0.0474866
-0.0372186
-0.0186173
-0.0010356
0.0074839
0.0125363
0.0284533
0.0604464
0.0962123
0.1189599
0.1266319
0.1333517
0.1509894
0.1737477
0.1850855
0.1786298
0.1673804
0.1696367
0.1881079
0.2066162
0.2076464
0.1899223
0.1667683
0.1495470
0.1364745
0.1180753
0.0904346
0.0605889
0.0395948
0.0321216
0.0329035
0.0318994
0.0221256
0.0033744
-0.0200513
-0.0442867
-0.0687753
-0.0947280
-0.1208247
-0.1407625
-0.1467108
-0.1373421
-0.1225224
-0.1172640
-0.1281987
-0.1462040
-0.1548078
-0.1471151
-0.1331756
-0.1291894
-0.1402997
-0.1563823
-0.1652608
-0.1670168
-0.1717198
-0.1838939
-0.1946940
-0.1933039
-0.1830559
-0.1797233
-0.1922121
-0.2103074
-0.2164209
-0.2071051
-0.1968277
-0.1994884
-0.2120499
-0.2208302
-0.2199664
-0.2159603
-0.2138198
-0.2085064
-0.1980271
-0.1990884
-0.2349968
-0.3021993
-0.3595847
-0.3641228
-0.3142152
-0.2414413
-0.1521216
0.0069055
0.2982330
0.6990709
1.0704287
1.2449460
1.1602723
0.9073760
0.6463878
0.4768903
0.3870044
0.3114002
0.2161918
0.1208689
0.0550508
0.0175374
-0.0160240
-0.0585691
-0.0983770
-0.1188599
-0.1204687
-0.1176106
-0.1198414
-0.1243076
-0.1264015
-0.1299226
-0.1415468
-0.1586120
-0.1686312
-0.1620373
-0.1420663
-0.1208608
-0.1086128
-0.1080668
-0.1163542
-0.1276761
-0.1340882
-0.1281407
-0.1087936
-0.0845107
-0.0672641
-0.0613406
-0.0591199
-0.0499117
-0.0324900
-0.0163144
-0.0095344
-0.0083146
-0.0006258
0.0200780
0.0474957
0.0694377
0.0804672
0.0861859
0.0955144
0.1106762
0.1265115
0.1395187
0.1550388
0.1824552
0.2226677
0.2626824
0.2853209
0.2849275
0.2722945
0.2627605
0.2593447
0.2491822
0.2186384
0.1716560
0.1295731
0.1095813
0.1049041
0.0909927
0.0529409
0.0030777
-0.0323702
-0.0425513
-0.0431675
-0.0569766
-0.0874781
-0.1170558
-0.1300101
-0.1300742
-0.1308483
-0.1350718
-0.1337581
-0.1262625
-0.1289279
-0.1539145
-0.1854555
-0.1916931
-0.1640695
-0.1334277
-0.1359706
-0.1678675
-0.1877303
-0.1681663
-0.1320904
-0.1245950
-0.1541336
-0.1809339
-0.1716036
-0.1483674
-0.1621407
-0.2184412
-0.2541096
-0.2024804
-0.0676365
0.0897252
0.2401463
0.4312300
0.7201625
1.0643234
1.3072369
1.2983690
1.0316633
0.6583714
0.3607066
0.2149013
0.1692599
0.1321486
0.0624231
-0.0185128
-0.0754467
-0.1005575
-0.1115749
-0.1262561
-0.1470895
-0.1660325
-0.1758709
-0.1751751
-0.1671543
-0.1582621
-0.1566763
-0.1675507
-0.1881334
-0.2096249
-0.2246082
-0.2309685
-0.2293242
-0.2209304
-0.2094241
-0.2000314
-0.1934467
-0.1834239
-0.1647493
-0.1424811
-0.1290634
-0.1311109
-0.1410570
-0.1433084
-0.1285343
-0.1013232
-0.0734825
-0.0512805
-0.0325578
-0.0164170
-0.0090423
-0.0138201
-0.0196151
-0.0080181
0.0261623
0.0674046
0.0940871
0.0972122
0.0860204
0.0802602
0.0944459
0.1215483
0.1333481
