-0.1093608
-0.1408200
-0.1499840
-0.1277623
-0.0984133
-0.0890699
-0.1008914
-0.1151994
-0.1196480
-0.1188692
-0.1216277
-0.1268051
-0.1258153
-0.1150152
-0.1017548
-0.0978024
-0.1074204
-0.1219987
-0.1273678
-0.1179981
-0.1040697
-0.1027304
-0.1206927
-0.1454386
-0.1551743
-0.1394312
-0.1101549
-0.0902213
-0.0889496
-0.0907650
-0.0721187
-0.0298423
0.0122541
0.0284538
0.0195141
0.0106098
0.0215433
0.0454775
0.0609919
0.0604292
0.0579557
0.0676440
0.0809826
0.0747544
0.0413131
0.0028471
-0.0108525
0.0036915
0.0184474
0.0035483
-0.0430271
-0.0979826
-0.1396968
-0.1660667
-0.1864845
-0.2042754
-0.2131373
-0.2086374
-0.1966271
-0.1877821
-0.1871804
-0.1921908
-0.1981519
-0.2019837
-0.2014899
-0.1970654
-0.1957674
-0.2069035
-0.2269419
-0.2330993
-0.2040913
-0.1522756
-0.1254133
-0.1628759
-0.2488574
-0.3203454
-0.3283298
-0.2814872
-0.2140035
-0.1120299
0.1027961
0.4893741
0.9823814
1.3914077
1.5289778
1.3524713
0.9845588
0.6014846
0.3077101
0.1091089
-0.0234174
-0.0962877
-0.1026804
-0.0634782
-0.0301259
-0.0399401
-0.0810873
-0.1119722
-0.1104436
-0.0937787
-0.0907973
-0.1059359
-0.1186580
-0.1128765
-0.0960591
-0.0866367
-0.0901977
-0.0954293
-0.0917564
-0.0833740
-0.0821211
-0.0902779
-0.0960415
-0.0868764
-0.0639438
-0.0411189
-0.0311275
-0.0344850
-0.0411841
-0.0409945
-0.0318716
-0.0203297
-0.0149948
-0.0188904
-0.0264305
-0.0278216
-0.0175218
0.0008836
0.0182404
0.0282541
0.0321016
0.0351144
0.0406094
0.0484531
0.0586707
0.0733192
0.0929469
0.1129840
0.1269031
0.1336319
0.1393726
0.1501923
0.1642896
0.1744136
0.1780578
0.1821758
0.1952991
0.2161949
0.2337310
0.2393262
0.2372551
0.2397744
0.2524375
0.2674798
0.2736700
0.2707540
0.2706524
0.2835270
0.3051812
0.3207493
0.3203668
0.3087389
0.2981423
0.2937599
0.2885011
0.2725839
0.2457564
0.2175602
0.1957669
0.1771132
0.1513387
0.1136548
0.0711336
0.0358359
0.0125664
-0.0052731
-0.0276491
-0.0567720
-0.0846372
-0.1011498
-0.1038091
-0.0994025
-0.0973880
-0.1026796
-0.1142399
-0.1284325
-0.1418156
-0.1509682
-0.1520231
-0.1429579
-0.1270630
-0.1126746
-0.1073834
-0.1116498
-0.1188008
-0.1219955
-0.1206473
-0.1190739
-0.1194380
-0.1182429
-0.1112574
-0.1005560
-0.0937065
-0.0948080
-0.0986235
-0.0968120
-0.0899581
-0.0895066
-0.1042543
-0.1262777
-0.1353614
-0.1204114
-0.0940143
-0.0812093
-0.0931113
-0.1154516
-0.1259711
-0.1203373
-0.1154191
-0.1260025
-0.1440306
-0.1470756
-0.1266114
-0.1010632
-0.0962617
-0.1159944
-0.1380319
-0.1400018
-0.1232328
-0.1063481
-0.0987562
-0.0886004
-0.0599755
-0.0163884
0.0201755
0.0336602
0.0310841
0.0314720
0.0416871
0.0501169
0.0451243
0.0330465
0.0316520
0.0471014
0.0638338
0.0605823
0.0334081
-0.0012084
-0.0253926
-0.0378263
-0.0514236
-0.0767535
-0.1115593
-0.1455820
-0.1711428
-0.1870170
-0.1952802
-0.1987611
-0.2014471
-0.2072655
-0.2160228
-0.2225656
-0.2226857
-0.2188773
-0.2171676
-0.2183597
-0.2164639
-0.2080380
-0.1992958
-0.1985646
-0.2028119
-0.1994132
-0.1858088
-0.1812094
-0.2081464
-0.2607945
-0.3016408
-0.2975573
-0.2520302
-0.1859501
-0.0833956
0.1237025
0.4894219
0.9617154
1.3701301
1.5300728
1.3783531
1.0155617
0.6208273
0.3253557
0.1551060
0.0675006
0.0174939
-0.0141205
-0.0335745
-0.0489864
-0.0662752
-0.0816694
-0.0883394
-0.0884802
-0.0920216
-0.1032842
-0.1152527
-0.1200356
-0.1202088
-0.1241805
-0.1319166
-0.1321147
-0.1167099
-0.0940118
-0.0819358
-0.0883346
-0.1025695
-0.1085061
-0.1024012
-0.0940876
-0.0919270
-0.0919639
-0.0846351
-0.0689230
-0.0547640
-0.0506450
-0.0528572
-0.0505081
-0.0397130
-0.0284369
-0.0256218
-0.0286528
-0.0255329
-0.0093954
0.0127930
0.0282226
0.0328929
0.0348634
0.0428019
0.0550631
0.0633239
0.0656112
0.0710706
0.0892190
0.1167151
0.1389193
0.1457309
0.1432408
0.1470739
0.1649232
0.1884884
0.2037380
0.2070030
0.2083095
0.2189890
0.2387984
0.2573649
0.2671968
0.2720805
0.2809429
0.2951625
0.3053701
0.3024847
0.2903825
0.2846170
0.2969074
0.3215897
0.3391137
0.3336983
0.3070790
0.2746361
0.2491211
0.2296486
0.2063161
0.1731422
0.1343165
0.0984277
0.0693334
0.0442610
0.0193261
-0.0058868
-0.0299045
-0.0533217
-0.0786865
-0.1061735
-0.1310189
-0.1466350
-0.1502949
-0.1454288
-0.1387525
-0.1356520
-0.1376537
-0.1427304
-0.1472897
-0.1488333
-0.1480106
-0.1480430
-0.1510734
-0.1548295
-0.1540778
-0.1464559
-0.1362287
-0.1305706
-0.1316113
-0.1337027
-0.1302863
-0.1229331
-0.1209740
-0.1303728
-0.1441808
-0.1471030
-0.1312887
-0.1065129
-0.0924201
-0.0997457
-0.1200912
-0.1351401
-0.1353034
-0.1278587
-0.1266732
-0.1358857
-0.1457402
-0.1442759
-0.1309472
-0.1172207
-0.1145605
-0.1235446
-0.1349355
-0.1397678
-0.1371860
-0.1332968
-0.1340030
-0.1388810
-0.1402349
-0.1274395
-0.0946204
-0.0475241
-0.0032402
0.0204687
0.0195485
0.0079173
0.0049544
0.0171562
0.0332831
0.0388728
0.0338480
0.0323944
0.0446611
0.0619879
0.0641846
0.0414875
0.0058740
-0.0216087
-0.0329556
-0.0396952
-0.0576449
-0.0888235
-0.1208939
-0.1425205
-0.1552672
-0.1692136
-0.1896618
-0.2110395
-0.2234182
-0.2227196
-0.2141407
-0.2074614
-0.2096231
-0.2194213
-0.2272020
-0.2217761
-0.2020615
-0.1823631
-0.1807320
-0.1976520
-0.2101015
-0.1955943
-0.1643065
-0.1579029
-0.2055793
-0.2827679
-0.3262120
-0.2970665
-0.2187099
-0.1351534
-0.0318458
0.1781570
0.5608695
1.0478407
1.4358749
1.5280868
1.2924772
0.8853554
0.5190119
0.3044994
0.2106259
0.1494416
0.0774929
0.0139256
-0.0144945
-0.0186115
-0.0327654
-0.0713887
-0.1138774
-0.1312409
-0.1179133
-0.0938713
-0.0817865
-0.0881314
-0.1040486
-0.1173362
-0.1210658
-0.1152330
-0.1052624
-0.0986660
-0.0993068
-0.1032128
-0.1019002
-0.0915469
-0.0777854
-0.0695822
-0.0690160
-0.0695685
-0.0651159
-0.0579952
-0.0554708
-0.0589201
-0.0598768
-0.0488698
-0.0269576
-0.0060362
0.0029700
0.0009605
-0.0010868
0.0061870
0.0217527
0.0367579
0.0442558
0.0455263
0.0476174
0.0560747
0.0703709
0.0854706
0.0970036
0.1051694
0.1143406
0.1288961
0.1487238
0.1684398
0.1817154
0.1874461
0.1918737
0.2036802
0.2258438
0.2520377
0.2716367
0.2789091
0.2775098
0.2761235
0.2802489
0.2886830
0.2974444
0.3055501
0.3157368
0.3298806
0.3452008
0.3559756
0.3586100
0.3539914
0.3445762
0.3300576
0.3071186
0.2739309
0.2344076
0.1970443
0.1685637
0.1479460
0.1266219
0.0954423
0.0529076
0.0073249
-0.0297521
-0.0534947
-0.0698539
-0.0892013
-0.1152572
-0.1404320
-0.1528091
-0.1480540
-0.1341644
-0.1243252
-0.1254633
-0.1340372
-0.1422128
-0.1466097
-0.1502088
-0.1565330
-0.1636143
-0.1647145
-0.1550908
-0.1379292
-0.1234735
-0.1215156
-0.1332333
-0.1494690
-0.1578256
-0.1532501
-0.1424723
-0.1371994
-0.1419318
-0.1489251
-0.1465044
-0.1325378
-0.1180822
-0.1161711
-0.1275869
-0.1398463
-0.1412227
-0.1341664
-0.1324089
-0.1443222
-0.1612254
-0.1646896
-0.1462080
-0.1185249
-0.1058183
-0.1214981
-0.1552120
-0.1818393
-0.1838426
-0.1655079
-0.1457485
-0.1373129
-0.1337678
-0.1178424
-0.0826002
-0.0425940
-0.0215119
-0.0278099
-0.0443364
-0.0446564
-0.0200186
0.0119660
0.0268685
0.0199214
0.0099161
0.0162105
0.0351461
0.0429580
0.0219838
-0.0195077
-0.0558768
-0.0708041
-0.0725350
-0.0826777
-0.1130762
-0.1556968
-0.1930455
-0.2147439
-0.2235554
-0.2288129
-0.2368226
-0.2463602
-0.2506734
-0.2441963
-0.2302078
-0.2219328
-0.2313658
-0.2534531
-0.2651638
-0.2479854
-0.2126797
-0.1934609
-0.2100533
-0.2400375
-0.2413813
-0.2064361
-0.1815482
-0.2186030
-0.3089088
-0.3816434
-0.3766709
-0.3053402
-0.2181189
-0.1126808
0.0963293
0.4842388
0.9893485
1.4037380
1.5192393
1.2955197
0.8856038
0.5000232
0.2504915
0.1149704
0.0233041
-0.0533587
-0.0973938
-0.0978687
-0.0797317
-0.0777691
-0.0992117
-0.1239139
-0.1348148
-0.1355809
-0.1376052
-0.1412850
-0.1385317
-0.1290751
-0.1240456
-0.1308677
-0.1414072
-0.1410212
-0.1269856
-0.1116873
-0.1064143
-0.1072814
-0.1015468
-0.0854432
-0.0698478
-0.0664868
-0.0727988
-0.0750433
-0.0655696
-0.0522301
-0.0482462
-0.0554806
-0.0617983
-0.0552475
-0.0374379
-0.0205415
-0.0127137
-0.0097233
-0.0016085
0.0149149
0.0328485
0.0429672
0.0435469
0.0419077
0.0478285
0.0658408
0.0920512
0.1166138
0.1302884
0.1316315
0.1292257
0.1350322
0.1529703
0.1740497
0.1850879
0.1835283
0.1820530
0.1961045
0.2266147
0.2571149
0.2694430
0.2615813
0.2485457
0.2460148
0.2551039
0.2643166
0.2648155
0.2608474
0.2639098
0.2781910
0.2942641
0.2981846
0.2858153
0.2665693
0.2525091
0.2447332
0.2319231
0.2027525
0.1588268
0.1141600
0.0816870
0.0612570
0.0417418
0.0143297
-0.0179950
-0.0450039
-0.0619386
-0.0753751
-0.0953314
-0.1226779
-0.1465009
-0.1549318
-0.1477149
-0.1366501
-0.1334519
-0.1385345
-0.1430532
-0.1413259
-0.1386443
-0.1446712
-0.1598499
-0.1716230
-0.1667397
-0.1466320
-0.1276292
-0.1243342
-0.1343963
-0.1421631
-0.1369938
-0.1247717
-0.1194244
-0.1254091
-0.1327251
-0.1300558
-0.1190871
-0.1120361
-0.1159062
-0.1236283
-0.1232258
-0.1133130
-0.1055025
-0.1108403
-0.1269279
-0.1408523
-0.1434969
-0.1379445
-0.1333286
-0.1333461
-0.1336038
-0.1295971
-0.1240973
-0.1246036
-0.1343283
-0.1475898
-0.1545568
-0.1495413
-0.1341436
-0.1133549
-0.0901924
-0.0646311
-0.0368564
-0.0102616
0.0095434
0.0190253
0.0202824
0.0203164
0.0260861
0.0391169
0.0541535
0.0631511
0.0612938
0.0499220
0.0342323
0.0185494
0.0038208
-0.0110586
-0.0268111
-0.0436080
-0.0629200
-0.0877601
-0.1191376
-0.1518977
-0.1760850
-0.1853832
-0.1851465
-0.1895569
-0.2072948
-0.2297798
-0.2374851
-0.2212402
-0.1952590
-0.1837463
-0.1935071
-0.2058384
-0.2010524
-0.1865894
-0.1893410
-0.2163242
-0.2351090
-0.2092544
-0.1528431
-0.1310380
-0.1908985
-0.2986639
-0.3659967
-0.3436200
-0.2686009
-0.1976433
-0.1027994
0.1293588
0.5658616
1.1012114
1.4932369
1.5479386
1.2736273
0.8544846
0.4849902
0.2393850
0.0844414
-0.0235009
-0.0853974
-0.0910114
-0.0638231
-0.0491293
-0.0657105
-0.0906410
-0.0962957
-0.0871515
-0.0887008
-0.1084536
-0.1244965
-0.1159933
-0.0925314
-0.0825477
-0.0969498
-0.1160076
-0.1154424
-0.0967847
-0.0837333
-0.0912847
-0.1075506
-0.1092501
-0.0891656
-0.0621468
-0.0460433
-0.0436769
-0.0457045
-0.0454220
-0.0444552
-0.0449921
-0.0431809
-0.0340456
-0.0198109
-0.0083563
-0.0032262
0.0007552
0.0098712
0.0224819
0.0313506
0.0342709
0.0381015
0.0500787
0.0678481
0.0819239
0.0878062
0.0918633
0.1031049
0.1216009
0.1387037
0.1485313
0.1552997
0.1668593
0.1834624
0.1973158
0.2038483
0.2092036
0.2226676
0.2429718
0.2570846
0.2551790
0.2440228
0.2411958
0.2557782
0.2786598
0.2943102
0.2990560
0.3027535
0.3124115
0.3202591
0.3133015
0.2925836
0.2757672
0.2768554
0.2872033
0.2826496
0.2499280
0.2010272
0.1585303
0.1305300
0.1055099
0.0712276
0.0316541
0.0006304
-0.0174753
-0.0333732
-0.0575350
-0.0852338
-0.1025785
-0.1058192
-0.1081092
-0.1239499
-0.1505338
-0.1695461
-0.1675434
-0.1505603
-0.1366362
-0.1367570
-0.1465235
-0.1552930
-0.1586269
-0.1592599
-0.1589536
-0.1545096
-0.1431677
-0.1287305
-0.1190851
-0.1179788
-0.1216074
-0.1238108
-0.1225041
-0.1195449
-0.1160913
-0.1112051
-0.1053689
-0.1023343
-0.1049797
-0.1105901
-0.1133642
-0.1120547
-0.1120512
-0.1175664
-0.1238774
-0.1215906
-0.1093918
-0.0984874
-0.1006232
-0.1133113
-0.1219024
-0.1178077
-0.1102087
-0.1148974
-0.1329162
-0.1465268
-0.1395459
-0.1175969
-0.1020673
-0.1038246
-0.1090672
-0.0957891
-0.0613210
-0.0268432
-0.0127265
-0.0147156
-0.0101789
0.0133247
0.0422600
0.0532782
0.0413829
0.0260017
0.0281344
0.0461832
0.0583203
0.0470567
0.0170849
-0.0118522
-0.0257472
-0.0272637
-0.0291496
-0.0423776
-0.0713872
-0.1148592
-0.1649742
-0.2069059
-0.2260272
-0.2205476
-0.2052661
-0.1984788
-0.2047566
-0.2138795
-0.2171107
-0.2190648
-0.2284726
-0.2404553
-0.2374792
-0.2125678
-0.1848292
-0.1813468
-0.2026907
-0.2172900
-0.1994275
-0.1677945
-0.1715944
-0.2318931
-0.3072406
-0.3317719
-0.2855588
-0.2084622
-0.1311616
-0.0053100
0.2664315
0.7095956
1.1942620
1.4979188
1.4740878
1.1676997
0.7671806
0.4476430
0.2593094
0.1492153
0.0595099
-0.0146457
-0.0510951
-0.0519192
-0.0490550
-0.0662698
-0.0943173
-0.1100513
-0.1093654
-0.1099882
-0.1245248
-0.1427613
-0.1462420
-0.1337600
-0.1234487
-0.1295454
-0.1445714
-0.1491159
-0.1355563
-0.1158255
-0.1053137
-0.1048631
-0.1030837
-0.0939543
-0.0856952
-0.0892718
-0.1015624
-0.1054414
-0.0882842
-0.0575299
-0.0346214
-0.0334249
-0.0468214
-0.0555505
-0.0484910
-0.0320028
-0.0197517
-0.0164283
-0.0139404
-0.0027300
0.0164293
0.0338608
0.0428364
0.0471316
0.0556121
0.0709853
0.0864507
0.0941513
0.0952073
0.0993517
0.1144946
0.1382297
0.1607900
0.1755286
0.1846187
0.1940401
0.2050744
0.2134141
0.2169116
0.2214517
0.2360699
0.2618731
0.2881720
0.3019113
0.3008793
0.2958986
0.2991761
0.3116426
0.3231740
0.3248077
0.3186654
0.3145230
0.3175417
0.3214120
0.3144220
0.2912323
0.2572937
0.2217996
0.1879719
0.1518152
0.1101665
0.0679000
0.0349404
0.0155302
0.0018715
-0.0194506
-0.0537720
-0.0918973
-0.1187008
-0.1283654
-0.1298991
-0.1366867
-0.1515921
-0.1644103
-0.1645324
-0.1541116
-0.1463673
-0.1510474
-0.1640753
-0.1731695
-0.1721120
-0.1665085
-0.1649777
-0.1676673
-0.1665537
-0.1564951
-0.1424528
-0.1337642
-0.1333434
-0.1359515
-0.1371464
-0.1399139
-0.1490279
-0.1604424
-0.1614996
-0.1448434
-0.1200242
-0.1067777
-0.1150831
-0.1342510
-0.1444130
-0.1380776
-0.1273284
-0.1286896
-0.1435103
-0.1565251
-0.1537116
-0.1383512
-0.1270016
-0.1307046
-0.1433160
-0.1498689
-0.1446910
-0.1381929
-0.1442917
-0.1621830
-0.1728383
-0.1554070
-0.1079147
-0.0516846
-0.0146012
-0.0087230
-0.0226461
-0.0341441
-0.0294961
-0.0116067
0.0076277
0.0197092
0.0240631
0.0235619
0.0194718
0.0116110
0.0007608
-0.0118612
-0.0270380
-0.0467054
-0.0695731
-0.0899069
-0.1036097
-0.1152166
