0.1044426
0.1117485
0.1203352
0.1321655
0.1446560
0.1548202
0.1642220
0.1782619
0.1998604
0.2246232
0.2437571
0.2525492
0.2553163
0.2607671
0.2723151
0.2843029
0.2891067
0.2874330
0.2893921
0.3037916
0.3271358
0.3454520
0.3481067
0.3386356
0.3301106
0.3298185
0.3304553
0.3179382
0.2871329
0.2479343
0.2152565
0.1943978
0.1774664
0.1533131
0.1188678
0.0800815
0.0437384
0.0110990
-0.0197854
-0.0477322
-0.0673233
-0.0751208
-0.0756184
-0.0789212
-0.0914595
-0.1093583
-0.1219685
-0.1226210
-0.1158205
-0.1131720
-0.1216278
-0.1359058
-0.1432998
-0.1365214
-0.1214519
-0.1114823
-0.1141001
-0.1237821
-0.1286764
-0.1237557
-0.1161063
-0.1166349
-0.1274447
-0.1389288
-0.1398319
-0.1291623
-0.1170013
-0.1137758
-0.1200354
-0.1274225
-0.1287019
-0.1252631
-0.1243561
-0.1301252
-0.1388843
-0.1435843
-0.1418903
-0.1385406
-0.1395204
-0.1449743
-0.1490688
-0.1469960
-0.1412289
-0.1399162
-0.1488062
-0.1649544
-0.1786071
-0.1813876
-0.1729730
-0.1605907
-0.1528480
-0.1538449
-0.1616197
-0.1705114
-0.1750188
-0.1731959
-0.1678577
-0.1641673
-0.1648439
-0.1675514
-0.1677347
-0.1637832
-0.1576749
-0.1496866
-0.1348545
-0.1087081
-0.0774564
-0.0579822
-0.0616946
-0.0774084
-0.0757702
-0.0367257
0.0271904
0.0794620
0.0942840
0.0808457
0.0705637
0.0818837
0.1021918
0.1055521
0.0833806
0.0520716
0.0310500
0.0196077
-0.0004123
-0.0419731
-0.0984715
-0.1521957
-0.1917863
-0.2180957
-0.2365423
-0.2496373
-0.2573490
-0.2596404
-0.2557868
-0.2446774
-0.2298308
-0.2216082
-0.2280368
-0.2425293
-0.2477080
-0.2366713
-0.2251043
-0.2323739
-0.2510923
-0.2490675
-0.2117076
-0.1739457
-0.1909268
-0.2710049
-0.3530090
-0.3658212
-0.3036737
-0.2192005
-0.1335111
0.0229973
0.3449762
0.8158667
1.2585668
1.4524877
1.3142049
0.9616400
0.6018612
0.3637033
0.2366394
0.1459815
0.0543459
-0.0182527
-0.0481921
-0.0502433
-0.0595428
-0.0891285
-0.1206446
-0.1334908
-0.1298376
-0.1268230
-0.1331578
-0.1421237
-0.1449220
-0.1420420
-0.1388077
-0.1357625
-0.1291074
-0.1188738
-0.1112032
-0.1109601
-0.1152774
-0.1169394
-0.1127138
-0.1056667
-0.0994252
-0.0930741
-0.0836419
-0.0721538
-0.0641475
-0.0630584
-0.0648647
-0.0615587
-0.0502180
-0.0371925
-0.0320150
-0.0370123
-0.0435718
-0.0395384
-0.0209377
0.0037153
0.0214215
0.0272405
0.0282398
0.0346316
0.0481657
0.0610823
0.0666429
0.0685023
0.0773333
0.0981702
0.1233624
0.1401005
0.1444982
0.1459667
0.1564979
0.1772214
0.1978664
0.2092887
0.2138325
0.2216104
0.2380240
0.2576771
0.2712490
0.2763780
0.2795673
0.2873548
0.2977951
0.3028708
0.2993113
0.2947477
0.3008660
0.3202649
0.3416361
0.3492683
0.3373657
0.3144323
0.2934185
0.2781781
0.2605093
0.2306975
0.1897748
0.1496837
0.1210579
0.1024143
0.0827778
0.0542096
0.0198394
-0.0108586
-0.0328884
-0.0499120
-0.0678250
-0.0862753
-0.0985308
-0.0997323
-0.0934764
-0.0888106
-0.0912745
-0.0983567
-0.1037956
-0.1047170
-0.1034687
-0.1033692
-0.1043949
-0.1037354
-0.0999484
-0.0954727
-0.0942488
-0.0968319
-0.0988019
-0.0952300
-0.0869511
-0.0813003
-0.0852454
-0.0973752
-0.1075412
-0.1058291
-0.0926269
-0.0791842
-0.0769984
-0.0865003
-0.0972790
-0.0998114
-0.0955112
-0.0938272
-0.1003797
-0.1103194
-0.1142088
-0.1088640
-0.1005884
-0.0978540
-0.1024691
-0.1090398
-0.1122200
-0.1124439
-0.1136814
-0.1171054
-0.1192134
-0.1164554
-0.1099159
-0.1041118
-0.1018682
-0.1018188
-0.1012953
-0.1007570
-0.1040657
-0.1134602
-0.1244992
-0.1278335
-0.1181826
-0.1016529
-0.0915759
-0.0944344
-0.1002343
-0.0900959
-0.0563255
-0.0142898
0.0096065
0.0049142
-0.0090703
-0.0005003
0.0423606
0.0981650
0.1344615
0.1404722
0.1340061
0.1364674
0.1472378
0.1476771
0.1277106
0.1006807
0.0877084
0.0910301
0.0892597
0.0603347
0.0046540
-0.0573613
-0.1067615
-0.1396813
-0.1612236
-0.1739179
-0.1769647
-0.1727446
-0.1674044
-0.1646530
-0.1636609
-0.1641751
-0.1687123
-0.1763386
-0.1789397
-0.1708167
-0.1607687
-0.1648379
-0.1819625
-0.1860577
-0.1560819
-0.1133380
-0.1117311
-0.1781120
-0.2708508
-0.3159145
-0.2851433
-0.2177625
-0.1485349
-0.0300555
0.2371060
0.6757596
1.1473168
1.4268732
1.3827596
1.0830934
0.7242852
0.4625703
0.3182678
0.2238158
0.1297060
0.0464383
0.0020792
-0.0074937
-0.0136339
-0.0358528
-0.0653983
-0.0859183
-0.0957852
-0.1036667
-0.1112316
-0.1114079
-0.1026553
-0.0949891
-0.0974446
-0.1057709
-0.1091826
-0.1064233
-0.1071162
-0.1157426
-0.1215512
-0.1105402
-0.0850288
-0.0645456
-0.0649450
-0.0804051
-0.0899822
-0.0809605
-0.0616691
-0.0497780
-0.0513035
-0.0552824
-0.0486936
-0.0319951
-0.0170687
-0.0123317
-0.0142242
-0.0139022
-0.0086307
-0.0033266
-0.0015623
0.0014440
0.0142633
0.0382748
0.0640907
0.0808173
0.0876114
0.0934448
0.1053770
0.1201426
0.1295600
0.1325215
0.1379604
0.1546199
0.1800230
0.2023953
0.2138336
0.2190790
0.2288807
0.2457181
0.2600313
0.2627357
0.2586497
0.2628838
0.2831843
0.3095870
0.3246326
0.3225849
0.3152231
0.3177096
0.3312745
0.3427827
0.3411401
0.3305567
0.3245791
0.3282625
0.3304533
0.3156726
0.2811577
0.2391669
0.2032935
0.1757841
0.1492866
0.1182849
0.0856159
0.0575710
0.0353172
0.0138371
-0.0107247
-0.0352801
-0.0533184
-0.0631101
-0.0698707
-0.0793366
-0.0912122
-0.1002116
-0.1022830
-0.0982101
-0.0916495
-0.0855671
-0.0814861
-0.0810661
-0.0861655
-0.0958540
-0.1041963
-0.1036906
-0.0927263
-0.0787163
-0.0719229
-0.0760380
-0.0859579
-0.0944547
-0.0989806
-0.1011124
-0.1014229
-0.0979306
-0.0904575
-0.0843282
-0.0865736
-0.0974974
-0.1084178
-0.1107061
-0.1065325
-0.1071464
-0.1190096
-0.1345572
-0.1400756
-0.1319404
-0.1214507
-0.1221688
-0.1348183
-0.1474442
-0.1501258
-0.1463550
-0.1474605
-0.1571618
-0.1657367
-0.1616590
-0.1465990
-0.1350818
-0.1389770
-0.1551816
-0.1699146
-0.1730993
-0.1665400
-0.1589670
-0.1553810
-0.1519551
-0.1404643
-0.1172107
-0.0883080
-0.0667897
-0.0632198
-0.0760443
-0.0892051
-0.0814592
-0.0431506
0.0133646
0.0617852
0.0835133
0.0820750
0.0756030
0.0764348
0.0804189
0.0758119
0.0589680
0.0380723
0.0217177
0.0067046
-0.0202104
-0.0679370
-0.1295929
-0.1863080
-0.2220744
-0.2345689
-0.2329438
-0.2275166
-0.2223481
-0.2162861
-0.2091808
-0.2054378
-0.2099745
-0.2206425
-0.2276215
-0.2237190
-0.2142748
-0.2119372
-0.2195077
-0.2225971
-0.2056559
-0.1754641
-0.1619983
-0.1899097
-0.2504163
-0.3075643
-0.3335464
-0.3293310
-0.3007917
-0.2180688
-0.0175669
0.3359893
0.7842002
1.1808992
1.3778338
1.3190476
1.0652842
0.7377075
0.4390252
0.2146244
0.0653726
-0.0222350
-0.0620280
-0.0711365
-0.0708801
-0.0773453
-0.0926003
-0.1079672
-0.1156392
-0.1162535
-0.1164466
-0.1210805
-0.1284986
-0.1330653
-0.1320037
-0.1289285
-0.1296822
-0.1351243
-0.1396890
-0.1376098
-0.1292501
-0.1202208
-0.1149726
-0.1126752
-0.1097712
-0.1054904
-0.1030680
-0.1046951
-0.1067923
-0.1029351
-0.0917989
-0.0794959
-0.0722659
-0.0689700
-0.0637393
-0.0551241
-0.0488105
-0.0496063
-0.0530426
-0.0481198
-0.0292055
-0.0034812
0.0155475
0.0221297
0.0238924
0.0320554
0.0479116
0.0622423
0.0680979
0.0704266
0.0805114
0.1025475
0.1286146
0.1471774
0.1547178
0.1579569
0.1654248
0.1784873
0.1916941
0.2011070
0.2098191
0.2238089
0.2437937
0.2634310
0.2754413
0.2778579
0.2744243
0.2709570
0.2721513
0.2801966
0.2942254
0.3102392
0.3222249
0.3250193
0.3177424
0.3044201
0.2897100
0.2735793
0.2518656
0.2229827
0.1920145
0.1657647
0.1444496
0.1210358
0.0899504
0.0549570
0.0262390
0.0088729
-0.0043845
-0.0260169
-0.0581623
-0.0865791
-0.0940789
-0.0803818
-0.0650838
-0.0684303
-0.0906662
-0.1128479
-0.1176340
-0.1068083
-0.0971392
-0.1005430
-0.1113352
-0.1146682
-0.1054965
-0.0948061
-0.0954294
-0.1054300
-0.1102305
-0.1008567
-0.0855903
-0.0810072
-0.0932770
-0.1110469
-0.1172224
-0.1064400
-0.0898740
-0.0832036
-0.0914602
-0.1066489
-0.1183918
-0.1235950
-0.1253606
-0.1262377
-0.1258336
-0.1239414
-0.1228371
-0.1253985
-0.1319154
-0.1394276
-0.1442710
-0.1454699
-0.1454587
-0.1468631
-0.1489144
-0.1484186
-0.1445887
-0.1414234
-0.1439562
-0.1523383
-0.1605896
-0.1621031
-0.1568425
-0.1519799
-0.1529045
-0.1533217
-0.1385475
-0.1030081
-0.0626054
-0.0430470
-0.0524487
-0.0687956
-0.0595974
-0.0149941
0.0412089
0.0752324
0.0767141
0.0660248
0.0687345
0.0873813
0.1024835
0.0984844
0.0807235
0.0637801
0.0495233
0.0244553
-0.0217277
-0.0814914
-0.1362775
-0.1744306
-0.1985999
-0.2168036
-0.2311435
-0.2380886
-0.2372274
-0.2346716
-0.2363679
-0.2414471
-0.2446013
-0.2423643
-0.2343170
-0.2215891
-0.2093471
-0.2077552
-0.2212463
-0.2352490
-0.2248204
-0.1869035
-0.1585784
-0.1866912
-0.2714199
-0.3506262
-0.3558828
-0.2831383
-0.1886565
-0.1019536
0.0412055
0.3447493
0.8135876
1.2851151
1.5299001
1.4373812
1.1020157
0.7280853
0.4594611
0.3023350
0.1891922
0.0824110
0.0012080
-0.0314287
-0.0337389
-0.0449826
-0.0772859
-0.1075642
-0.1152250
-0.1099939
-0.1146369
-0.1320111
-0.1430541
-0.1353668
-0.1212351
-0.1216467
-0.1388539
-0.1529868
-0.1460409
-0.1229321
-0.1046905
-0.1038652
-0.1126207
-0.1157333
-0.1092651
-0.1018770
-0.1010617
-0.1043033
-0.1042293
-0.0976946
-0.0875345
-0.0780430
-0.0712718
-0.0668489
-0.0632988
-0.0589300
-0.0522814
-0.0430139
-0.0330134
-0.0254449
-0.0208205
-0.0144723
-0.0006606
0.0200470
0.0400822
0.0531230
0.0609346
0.0699763
0.0828224
0.0956358
0.1040620
0.1096247
0.1190777
0.1372369
0.1607905
0.1805532
0.1911764
0.1976952
0.2102401
0.2322140
0.2557835
0.2698171
0.2711556
0.2678138
0.2719305
0.2889959
0.3124550
0.3292226
0.3321634
0.3270574
0.3259079
0.3337754
0.3438819
0.3456251
0.3358036
0.3213959
0.3117703
0.3081421
0.3009463
0.2789701
0.2414609
0.1994119
0.1639580
0.1355117
0.1060129
0.0701709
0.0320452
0.0008333
-0.0182912
-0.0290594
-0.0403291
-0.0571066
-0.0755455
-0.0879542
-0.0922974
-0.0945778
-0.1014316
-0.1125143
-0.1212782
-0.1219329
-0.1148875
-0.1063216
-0.1026540
-0.1045175
-0.1064962
-0.1039626
-0.0992500
-0.0988852
-0.1050297
-0.1121361
-0.1127844
-0.1053457
-0.0952661
-0.0895130
-0.0899403
-0.0921661
-0.0918744
-0.0917559
-0.0990789
-0.1146576
-0.1274487
-0.1244529
-0.1059591
-0.0878436
-0.0872381
-0.1063377
-0.1303897
-0.1415569
-0.1355109
-0.1246336
-0.1242752
-0.1366411
-0.1500389
-0.1530442
-0.1458399
-0.1370281
-0.1333138
-0.1350902
-0.1397979
-0.1459929
-0.1535744
-0.1614652
-0.1662491
-0.1641079
-0.1544015
-0.1398321
-0.1221780
-0.1005369
-0.0767039
-0.0597058
-0.0589006
-0.0705904
-0.0753759
-0.0531907
-0.0024953
0.0555711
0.0933792
0.0998439
0.0890599
0.0848645
0.0958839
0.1077709
0.1011991
0.0742764
0.0436918
0.0251176
0.0161053
-0.0010651
-0.0411778
-0.1007262
-0.1597608
-0.1993269
-0.2173529
-0.2265705
-0.2375806
-0.2470024
-0.2436881
-0.2246360
-0.2025311
-0.1964730
-0.2135227
-0.2386209
-0.2464606
-0.2279063
-0.2023711
-0.1970481
-0.2135030
-0.2235249
-0.2040502
-0.1705634
-0.1653753
-0.2099379
-0.2760589
-0.3121578
-0.2950173
-0.2416499
-0.1610455
-0.0076398
0.2868996
0.7167162
1.1480213
1.3904801
1.3417687
1.0661217
0.7320266
0.4763551
0.3247263
0.2245156
0.1305346
0.0474758
0.0006469
-0.0104810
-0.0155025
-0.0376228
-0.0707966
-0.0949823
-0.1026924
-0.1031379
-0.1068070
-0.1150799
-0.1238443
-0.1300572
-0.1323604
-0.1289518
-0.1186437
-0.1047084
-0.0955312
-0.0978777
-0.1081395
-0.1135134
-0.1053995
-0.0899207
-0.0813871
-0.0862444
-0.0970233
-0.1013477
-0.0932204
-0.0760168
-0.0585637
-0.0490765
-0.0497716
-0.0557051
-0.0594396
-0.0566484
-0.0473150
-0.0341527
-0.0215231
-0.0132095
-0.0084878
-0.0019380
0.0107965
0.0285003
0.0467185
0.0621670
0.0736406
0.0817815
0.0900648
0.1030970
0.1213345
0.1394789
0.1522205
0.1601522
0.1688630
0.1836261
0.2050640
0.2278392
0.2439148
0.2501641
0.2528392
0.2614657
0.2782008
0.2960253
0.3070327
0.3094793
0.3075737
0.3081775
0.3172598
0.3353512
0.3555874
0.3687768
0.3706715
0.3630606
0.3497920
0.3343612
0.3191178
0.3030302
0.2812901
0.2502197
0.2119110
0.1723543
0.1367639
0.1079201
0.0856446
0.0653593
0.0404326
0.0093041
-0.0216581
-0.0446002
-0.0575975
-0.0647154
-0.0716602
-0.0821257
-0.0945973
-0.1016670
-0.0968320
-0.0837485
-0.0747274
-0.0778805
-0.0887714
-0.0962662
-0.0940786
-0.0859925
-0.0821457
-0.0895663
-0.1034668
-0.1095334
-0.0990459
-0.0802987
-0.0702046
-0.0754986
-0.0870352
-0.0920133
-0.0871837
-0.0800894
-0.0807753
-0.0917225
-0.1037217
-0.1041287
-0.0919996
-0.0815145
-0.0862724
-0.1032330
-0.1167535
-0.1164746
-0.1074881
-0.1043284
-0.1168099
-0.1391859
-0.1525988
-0.1430898
-0.1187445
-0.1033440
-0.1106425
-0.1307440
-0.1446996
-0.1460857
-0.1434169
-0.1459601
-0.1527657
-0.1549422
-0.1467593
-0.1343562
-0.1308897
-0.1404475
-0.1513427
-0.1511844
-0.1435201
-0.1399636
-0.1389788
-0.1251449
-0.0919410
-0.0551419
-0.0376652
-0.0448744
-0.0578667
-0.0502473
-0.0128054
0.0366394
0.0706186
0.0804375
0.0819358
0.0914839
0.1056147
0.1102026
0.1004217
0.0821799
0.0602267
0.0348769
0.0068859
-0.0231137
-0.0581613
-0.1013992
-0.1495663
-0.1930930
-0.2216469
-0.2307537
-0.2275412
-0.2273136
-0.2364788
-0.2419573
-0.2289297
-0.2063721
-0.1989252
-0.2118718
-0.2219432
-0.2104780
-0.1908410
-0.1905023
-0.2131438
-0.2307632
-0.2157755
-0.1773718
-0.1597565
-0.1956787
-0.2628423
-0.3020632
-0.2834161
-0.2305863
-0.1601006
-0.0196997
0.2699981
0.7023751
1.1371963
1.3851866
1.3462078
1.0761842
0.7331604
0.4564182
0.2842457
0.1754950
0.0912420
0.0332543
0.0093664
-0.0001824
-0.0214209
-0.0542812
-0.0821787
-0.0985225
-0.1073010
-0.1117033
-0.1161025
-0.1257076
-0.1345869
-0.1300039
-0.1151886
-0.1082159
-0.1135598
-0.1179942
-0.1176005
-0.1207764
-0.1223363
-0.1080329
-0.0875492
-0.0853306
-0.0962391
-0.0933381
-0.0810000
-0.0881095
-0.1052456
-0.0920662
-0.0571539
-0.0551214
-0.0800266
-0.0449630
0.0855892
