1.2171523
1.1422680
0.8511574
0.4978167
0.2413314
0.1350821
0.1173905
0.0953270
0.0299743
-0.0513218
-0.1059149
-0.1244000
-0.1316898
-0.1536783
-0.1916597
-0.2267742
-0.2417413
-0.2352018
-0.2186874
-0.2046964
-0.1985920
-0.1988078
-0.2011585
-0.2016187
-0.1964339
-0.1825661
-0.1603424
-0.1352913
-0.1146181
-0.0997702
-0.0836745
-0.0585019
-0.0272520
-0.0049937
-0.0053128
-0.0253179
-0.0464642
-0.0515175
-0.0394233
-0.0223752
-0.0102384
-0.0012520
0.0115798
0.0287667
0.0427745
0.0476570
0.0466396
0.0480823
0.0554809
0.0639541
0.0667315
0.0631566
0.0590770
0.0602788
0.0673505
0.0777741
0.0919671
0.1148038
0.1490014
0.1872144
0.2138016
0.2178681
0.2046974
0.1909788
0.1863311
0.1815475
0.1589133
0.1139349
0.0620714
0.0213962
-0.0068077
-0.0340258
-0.0633119
-0.0820499
-0.0808050
-0.0711259
-0.0730093
-0.0865365
-0.0910297
-0.0804104
-0.0862817
-0.1451647
-0.2407329
-0.2992883
-0.2598962
-0.1393836
-0.0031214
0.1331736
0.3438265
0.7027600
1.1523774
1.4952747
1.5479554
1.3072249
0.9522105
0.6790990
0.5427666
0.4586018
0.3338739
0.1693686
0.0339523
-0.0288209
-0.0420681
-0.0513233
-0.0676850
-0.0693474
-0.0453657
-0.0159354
-0.0063453
-0.0165390
-0.0276520
-0.0314461
-0.0391486
-0.0592172
-0.0782331
-0.0739142
-0.0441850
-0.0137603
-0.0087186
-0.0300328
-0.0564622
-0.0692412
-0.0668391
-0.0565954
-0.0418837
-0.0245201
-0.0144116
-0.0246946
-0.0524579
-0.0716419
-0.0551925
-0.0058035
0.0421115
0.0560424
0.0382403
0.0200545
0.0249706
0.0446568
0.0552007
0.0505577
0.0501687
0.0722646
0.1082026
0.1305379
0.1240698
0.1017319
0.0885151
0.0956165
0.1141892
0.1297032
0.1349417
0.1292556
0.1138853
0.0942754
0.0823009
0.0863519
0.0968602
0.0894480
0.0497541
-0.0071125
-0.0490299
-0.0601322
-0.0561034
-0.0631732
-0.0868869
-0.1084313
-0.1106595
-0.0992686
-0.0931358
-0.0985876
-0.1018603
-0.0884099
-0.0623692
-0.0406940
-0.0310035
-0.0230864
-0.0047585
0.0194328
0.0308726
0.0171823
-0.0144044
-0.0444455
-0.0585447
-0.0558381
-0.0442768
-0.0326197
-0.0274210
-0.0329840
-0.0492967
-0.0696153
-0.0835613
-0.0857480
-0.0816826
-0.0837517
-0.1000010
-0.1258135
-0.1461646
-0.1473184
-0.1289902
-0.1062330
-0.0974338
-0.1080085
-0.1262004
-0.1364413
-0.1356306
-0.1331829
-0.1358043
-0.1383288
-0.1338602
-0.1283187
-0.1354658
-0.1552967
-0.1667151
-0.1513586
-0.1212342
-0.1093743
-0.1281429
-0.1492411
-0.1394085
-0.1108831
-0.1152478
-0.1768896
-0.2483342
-0.2539806
-0.1765911
-0.0744656
0.0044747
0.1088630
0.3489882
0.7591208
1.2107399
1.4897574
1.4710853
1.2139675
0.8896590
0.6317960
0.4624383
0.3384849
0.2310705
0.1455112
0.0875084
0.0427602
-0.0029094
-0.0415981
-0.0563726
-0.0501468
-0.0470590
-0.0630433
-0.0862734
-0.0940089
-0.0821272
-0.0681308
-0.0668096
-0.0739391
-0.0781848
-0.0801011
-0.0893307
-0.1050927
-0.1100703
-0.0890604
-0.0492082
-0.0158549
-0.0087629
-0.0259674
-0.0501483
-0.0653827
-0.0652875
-0.0502808
-0.0248455
0.0013642
0.0164267
0.0161214
0.0096891
0.0109208
0.0229588
0.0357369
0.0399518
0.0398087
0.0480050
0.0691887
0.0925715
0.1026402
0.0950052
0.0794467
0.0685278
0.0665379
0.0706793
0.0797350
0.0968105
0.1223489
0.1477296
0.1597124
0.1524818
0.1344567
0.1221526
0.1263033
0.1428269
0.1570502
0.1576484
0.1470172
0.1373701
0.1365687
0.1396325
0.1360258
0.1241186
0.1146690
0.1174189
0.1256039
0.1178645
0.0786550
0.0164297
-0.0409289
-0.0700680
-0.0709555
-0.0623002
-0.0615699
-0.0720584
-0.0869129
-0.0995769
-0.1074422
-0.1093515
-0.1057975
-0.1029745
-0.1119165
-0.1381356
-0.1715421
-0.1912969
-0.1853741
-0.1650811
-0.1560343
-0.1724330
-0.2024704
-0.2217816
-0.2195230
-0.2070461
-0.2007139
-0.2017238
-0.1982953
-0.1866372
-0.1828461
-0.2087189
-0.2675356
-0.3393340
-0.3999823
-0.4358400
-0.4313136
-0.3478801
-0.1356693
0.2152408
0.6321430
0.9805715
1.1444044
1.0983963
0.9107653
0.6806549
0.4727966
0.3018040
0.1602164
0.0458267
-0.0384452
-0.0974238
-0.1433627
-0.1823055
-0.2082206
-0.2141698
-0.2053082
-0.1964178
-0.1975470
-0.2056740
-0.2111801
-0.2098006
-0.2061589
-0.2067511
-0.2121283
-0.2167241
-0.2145824
-0.2039053
-0.1875244
-0.1713832
-0.1620159
-0.1621076
-0.1666987
-0.1657186
-0.1529689
-0.1328444
-0.1168932
-0.1131400
-0.1186133
-0.1217590
-0.1123034
-0.0905275
-0.0683292
-0.0598852
-0.0682203
-0.0796672
-0.0737227
-0.0419629
0.0013543
0.0296079
0.0279755
0.0080384
-0.0036548
0.0075978
0.0311790
0.0452128
0.0405273
0.0267469
0.0166010
0.0108831
0.0022437
-0.0103862
-0.0178098
-0.0126454
-0.0014333
-0.0004679
-0.0194117
-0.0517863
-0.0827749
-0.1038249
-0.1169039
-0.1262991
-0.1313478
-0.1293045
-0.1220601
-0.1162695
-0.1173551
-0.1261446
-0.1416169
-0.1639888
-0.1924903
-0.2205307
-0.2361437
-0.2306602
-0.2081738
-0.1845822
-0.1746931
-0.1800068
-0.1906108
-0.1985961
-0.2065170
-0.2209069
-0.2401257
-0.2532715
-0.2527582
-0.2449112
-0.2438482
-0.2545509
-0.2664368
-0.2671325
-0.2592014
-0.2563379
-0.2628397
-0.2657809
-0.2538368
-0.2370938
-0.2359494
-0.2500902
-0.2528741
-0.2274843
-0.2004501
-0.2203624
-0.2972203
-0.3780466
-0.3994966
-0.3588409
-0.3082935
-0.2675814
-0.1649308
0.0976459
0.5074263
0.8924653
1.0420782
0.8883324
0.5628427
0.2721452
0.1243614
0.0774260
0.0345961
-0.0395888
-0.1050951
-0.1220734
-0.1085757
-0.1153961
-0.1626096
-0.2203302
-0.2500425
-0.2482730
-0.2411908
-0.2451170
-0.2458796
-0.2201975
-0.1697041
-0.1255223
-0.1176966
-0.1442503
-0.1742421
-0.1803998
-0.1644933
-0.1488972
-0.1472681
-0.1493850
-0.1360799
-0.1046099
-0.0739490
-0.0637613
-0.0716150
-0.0755760
-0.0601213
-0.0351669
-0.0249993
-0.0397224
-0.0632459
-0.0715750
-0.0584692
-0.0383388
-0.0257734
-0.0187739
-0.0054712
0.0164811
0.0342016
0.0359738
0.0287241
0.0318399
0.0521450
0.0720324
0.0697005
0.0490867
0.0403466
0.0654348
0.1080523
0.1259593
0.0951383
0.0368098
-0.0039310
-0.0047186
0.0137738
0.0145937
-0.0150169
-0.0559628
-0.0863075
-0.1068795
-0.1330040
-0.1686117
-0.1993677
-0.2118728
-0.2108120
-0.2119195
-0.2228348
-0.2378906
-0.2505610
-0.2624840
-0.2752379
-0.2792257
-0.2615390
-0.2270677
-0.2017495
-0.2050476
-0.2229205
-0.2207688
-0.1872987
-0.1543530
-0.1604109
-0.1959255
-0.1985785
-0.1121339
0.0552133
0.2430713
0.4118071
0.5903316
0.8343275
1.1339009
1.3777437
1.4280437
1.2396311
0.9045294
0.5787960
0.3660566
0.2646153
0.2091602
0.1464691
0.0701574
-0.0003351
-0.0538967
-0.0951080
-0.1287784
-0.1509167
-0.1574881
-0.1545644
-0.1543613
-0.1635597
-0.1789999
-0.1930624
-0.1998139
-0.1971456
-0.1874155
-0.1774070
-0.1744915
-0.1795760
-0.1841068
-0.1769405
-0.1563934
-0.1345736
-0.1266287
-0.1342124
-0.1418940
-0.1327263
-0.1064260
-0.0791397
-0.0651847
-0.0621371
-0.0554607
-0.0357510
-0.0088743
0.0111025
0.0175479
0.0183561
0.0267844
0.0462883
0.0668222
0.0768097
0.0761040
0.0746546
0.0799754
0.0895106
0.0959678
0.0973665
0.0994327
0.1083072
0.1226041
0.1340541
0.1358310
0.1284012
0.1159266
0.0990067
0.0746883
0.0438420
0.0144201
-0.0056751
-0.0176113
-0.0308127
-0.0526634
-0.0799145
-0.1007077
-0.1053657
-0.0954885
-0.0817009
-0.0715992
-0.0614101
-0.0424275
-0.0157718
0.0029620
-0.0027176
-0.0318277
-0.0633374
-0.0741963
-0.0607696
-0.0413307
-0.0360341
-0.0458696
-0.0547455
-0.0519646
-0.0465820
-0.0548565
-0.0770126
-0.0940838
-0.0899234
-0.0712337
-0.0608137
-0.0718499
-0.0934777
-0.1042836
-0.0975370
-0.0880780
-0.0929406
-0.1101792
-0.1223115
-0.1187025
-0.1072671
-0.1020983
-0.1063050
-0.1127060
-0.1171989
-0.1227324
-0.1290173
-0.1270788
-0.1122812
-0.1005635
-0.1208502
-0.1835182
-0.2602405
-0.3046727
-0.2936313
-0.2360304
-0.1336590
0.0536517
0.3779895
0.8245508
1.2720270
1.5526719
1.5688895
1.3596895
1.0579537
0.7849895
0.5807767
0.4195316
0.2716548
0.1398874
0.0438216
-0.0121321
-0.0455050
-0.0762109
-0.1090645
-0.1358602
-0.1490398
-0.1508761
-0.1513953
-0.1590134
-0.1725743
-0.1817615
-0.1754686
-0.1505094
-0.1135684
-0.0759403
-0.0456274
-0.0224229
-0.0002268
0.0244843
0.0464684
0.0557005
0.0479550
0.0299796
0.0138232
0.0074683
0.0112894
0.0216402
0.0358130
0.0528513
0.0701056
0.0812363
0.0809183
0.0722596
0.0660912
0.0699500
0.0797575
0.0856948
0.0849301
0.0844313
0.0909663
0.1022745
0.1103761
0.1116613
0.1109083
0.1148754
0.1237251
0.1310805
0.1329386
0.1336532
0.1398827
0.1497766
0.1526986
0.1412449
0.1203238
0.1018585
0.0921639
0.0865688
0.0755053
0.0542851
0.0271419
0.0022306
-0.0173701
-0.0364818
-0.0599107
-0.0830661
-0.0946635
-0.0903271
-0.0800931
-0.0785756
-0.0881114
-0.0954799
-0.0883342
-0.0734994
-0.0728947
-0.0957826
-0.1174291
-0.0945640
-0.0068297
0.1234990
0.2611090
0.4032210
0.5820456
0.8128339
1.0440008
1.1723856
1.1210167
0.9084713
0.6410022
0.4315983
0.3208683
0.2696568
0.2184764
0.1462121
0.0748433
0.0317813
0.0192553
0.0185203
0.0138560
0.0060376
0.0037156
0.0069727
0.0040680
-0.0145984
-0.0425242
-0.0607762
-0.0557620
-0.0316895
-0.0062353
0.0038809
-0.0057564
-0.0260202
-0.0424850
-0.0467399
-0.0412899
-0.0339790
-0.0292204
-0.0259245
-0.0217677
-0.0159194
-0.0076380
0.0046527
0.0212611
0.0390974
0.0527136
0.0583793
0.0583018
0.0603894
0.0714724
0.0900138
0.1076168
0.1183762
0.1241208
0.1295118
0.1354995
0.1402039
0.1435989
0.1478898
0.1543567
0.1628346
0.1741806
0.1906230
0.2121790
0.2333709
0.2454289
0.2438829
0.2338997
0.2250049
0.2188629
0.2058294
0.1773963
0.1391855
0.1057801
0.0833029
0.0634355
0.0365750
0.0054168
-0.0189876
-0.0321918
-0.0421921
-0.0586540
-0.0788864
-0.0885632
-0.0784365
-0.0580086
-0.0482099
-0.0599143
-0.0835041
-0.1009900
-0.1042953
-0.0989979
-0.0942888
-0.0943253
-0.0981662
-0.1036077
-0.1098167
-0.1176630
-0.1277413
-0.1379329
-0.1443038
-0.1451949
-0.1430523
-0.1414110
-0.1412198
-0.1404376
-0.1359420
-0.1260026
-0.1125875
-0.1007843
-0.0936641
-0.0879187
-0.0769664
-0.0585013
-0.0373430
-0.0218063
-0.0194511
-0.0344594
-0.0644579
-0.0989051
-0.1237572
-0.1299253
-0.1178456
-0.0960633
-0.0772351
-0.0724504
-0.0839799
-0.1024254
-0.1143039
-0.1147719
-0.1123161
-0.1196464
-0.1392449
-0.1584126
-0.1612471
-0.1473192
-0.1348309
-0.1400317
-0.1563370
-0.1627916
-0.1535047
-0.1462994
-0.1544658
-0.1610736
-0.1391233
-0.0982393
-0.0923325
-0.1627167
-0.2761989
-0.3396653
-0.2902271
-0.1611245
-0.0356895
0.0677526
0.2378775
0.5675904
1.0108020
1.3705532
1.4525384
1.2313343
0.8609064
0.5298071
0.3169004
0.1803343
0.0572531
-0.0547036
-0.1154302
-0.1138356
-0.0934076
-0.1046392
-0.1513320
-0.1960134
-0.2085175
-0.1945333
-0.1783036
-0.1715987
-0.1668117
-0.1543144
-0.1373536
-0.1265748
-0.1229727
-0.1126403
-0.0830060
-0.0421188
-0.0153205
-0.0204767
-0.0500375
-0.0792934
-0.0891505
-0.0793588
-0.0631908
-0.0525614
-0.0475993
-0.0393633
-0.0224660
-0.0031763
0.0070487
0.0041591
-0.0055273
-0.0131286
-0.0138783
-0.0074483
0.0031813
0.0126159
0.0167759
0.0169012
0.0177858
0.0222379
0.0291183
0.0356853
0.0396428
0.0402117
0.0394461
0.0411082
0.0463081
0.0518744
0.0543737
0.0532036
0.0484365
0.0394291
0.0282354
0.0208824
0.0215248
0.0270352
0.0298641
0.0248027
0.0116426
-0.0066089
-0.0266353
-0.0473332
-0.0694270
-0.0909605
-0.1055403
-0.1097933
-0.1110567
-0.1208396
-0.1395002
-0.1537435
-0.1524003
-0.1402084
-0.1322221
-0.1366908
-0.1465421
-0.1480234
-0.1368372
-0.1239511
-0.1227998
-0.1319370
-0.1366237
-0.1294937
-0.1215750
-0.1261271
-0.1376365
-0.1369576
-0.1162921
-0.0901581
-0.0790094
-0.0873206
-0.1012163
-0.1055726
-0.1001448
-0.0968955
-0.1020352
-0.1058770
-0.0959182
-0.0769019
-0.0687769
-0.0831281
-0.1097301
-0.1300868
-0.1372958
-0.1374266
-0.1367592
-0.1345733
-0.1275463
-0.1169763
-0.1102464
-0.1146268
-0.1289385
-0.1435423
-0.1509371
-0.1532630
-0.1555420
-0.1557840
-0.1487805
-0.1373428
-0.1315690
-0.1363870
-0.1461904
-0.1529624
-0.1547938
-0.1551843
-0.1574133
-0.1606423
-0.1604479
-0.1543611
-0.1470947
-0.1463113
-0.1519479
-0.1552657
-0.1511875
-0.1453800
-0.1448346
-0.1473713
-0.1461483
-0.1400883
-0.1340579
-0.1316678
-0.1326337
-0.1351129
-0.1371693
-0.1375160
-0.1364693
-0.1344777
-0.1303138
-0.1240250
-0.1199001
-0.1213156
-0.1246029
-0.1247753
-0.1254817
-0.1345178
-0.1494384
-0.1568365
-0.1485142
-0.1315366
-0.1196299
-0.1195579
-0.1275777
-0.1352780
-0.1376541
-0.1372390
-0.1391710
-0.1418780
-0.1382174
-0.1283412
-0.1233484
-0.1299108
-0.1387595
-0.1372393
-0.1278794
-0.1246311
-0.1331182
-0.1433944
-0.1425086
-0.1289600
-0.1142124
-0.1114887
-0.1217111
-0.1314656
-0.1286992
-0.1171118
-0.1066096
-0.0929487
-0.0616075
-0.0147487
0.0208239
0.0224463
0.0004177
-0.0104949
0.0148961
0.0704381
0.1270527
0.1602899
0.1717861
0.1828424
0.2056172
0.2275467
0.2303756
0.2158958
0.2009083
0.1923776
0.1816521
0.1612462
0.1337483
0.1028440
0.0661116
0.0197694
-0.0344302
-0.0871798
-0.1251468
-0.1420574
-0.1482444
-0.1597196
-0.1742094
-0.1714600
-0.1455553
-0.1226072
-0.1315095
-0.1651889
-0.1862920
-0.1707597
-0.1369458
-0.1297596
-0.1757734
-0.2510998
-0.2983344
-0.2829930
-0.2233926
-0.1459728
-0.0192137
0.2332565
0.6360575
1.0939538
1.4369058
1.5352516
1.3801867
1.0738062
0.7494773
0.4880479
0.2948816
0.1450902
0.0323396
-0.0351592
-0.0646639
-0.0779966
-0.0868408
-0.0901688
-0.0913907
-0.0983837
-0.1099336
-0.1185688
-0.1224066
-0.1213935
-0.1108760
-0.0922124
-0.0783220
-0.0753950
-0.0727524
-0.0636501
-0.0588682
-0.0651171
-0.0688953
-0.0579823
-0.0406278
-0.0287020
-0.0211403
-0.0164362
-0.0192660
-0.0237515
-0.0154136
0.0009636
0.0045094
-0.0031463
0.0033078
0.0280199
0.0470417
0.0541133
0.0696046
0.0949676
0.1063981
0.1037591
0.1144225
0.1397646
0.1543549
0.1639769
0.1976675
0.2370729
0.2353034
0.2154712
0.2491690
0.3102316
0.2670690
0.0799675
