-0.0649714
-0.1089677
-0.0576051
-0.0399229
-0.0741540
-0.0800948
-0.0396350
-0.0156664
-0.0314263
-0.0428458
-0.0283464
-0.0151921
-0.0144429
-0.0054152
0.0123429
0.0156856
0.0078867
0.0169071
0.0440900
0.0625953
0.0644859
0.0668645
0.0755299
0.0804681
0.0817417
0.0869821
0.0917395
0.0915067
0.1007786
0.1312903
0.1648337
0.1761127
0.1699038
0.1692031
0.1790509
0.1870340
0.1887351
0.1905875
0.1963004
0.2065931
0.2218804
0.2337156
0.2282459
0.2090288
0.1996811
0.2128701
0.2336934
0.2439627
0.2449267
0.2451394
0.2434228
0.2358791
0.2256295
0.2154118
0.2016448
0.1818439
0.1574302
0.1274308
0.0915591
0.0588655
0.0388874
0.0252099
0.0032552
-0.0266647
-0.0501130
-0.0616875
-0.0712625
-0.0862472
-0.1019583
-0.1113109
-0.1129598
-0.1094161
-0.1054970
-0.1065432
-0.1114276
-0.1125399
-0.1089289
-0.1105003
-0.1207289
-0.1258900
-0.1135178
-0.0930338
-0.0847953
-0.0936844
-0.1048754
-0.1030918
-0.0884181
-0.0753651
-0.0794942
-0.1000572
-0.1152587
-0.1037020
-0.0718687
-0.0491905
-0.0532796
-0.0724663
-0.0871429
-0.0949936
-0.1061579
-0.1224513
-0.1319300
-0.1230269
-0.1002264
-0.0847036
-0.0951987
-0.1246885
-0.1430128
-0.1306248
-0.1025048
-0.0870747
-0.0879778
-0.0830084
-0.0596485
-0.0343616
-0.0298574
-0.0434317
-0.0468035
-0.0164900
0.0388226
0.0838235
0.0929421
0.0793432
0.0794903
0.1083380
0.1416229
0.1476790
0.1244563
0.0948241
0.0741249
0.0551868
0.0224758
-0.0293207
-0.0913743
-0.1491326
-0.1929557
-0.2220197
-0.2387413
-0.2432062
-0.2376372
-0.2323931
-0.2384925
-0.2542267
-0.2669238
-0.2681043
-0.2599176
-0.2482023
-0.2383642
-0.2370546
-0.2463870
-0.2545212
-0.2441492
-0.2174757
-0.2045023
-0.2352403
-0.3022724
-0.3577318
-0.3550061
-0.2943759
-0.2169356
-0.1413238
-0.0142575
0.2472404
0.6448238
1.0422245
1.2464531
1.1593512
0.8506692
0.4884433
0.2066061
0.0340949
-0.0716964
-0.1481935
-0.1932313
-0.1941072
-0.1661344
-0.1458601
-0.1519036
-0.1693394
-0.1759391
-0.1707700
-0.1697981
-0.1822670
-0.2005453
-0.2102236
-0.2042401
-0.1879956
-0.1733871
-0.1671907
-0.1652374
-0.1596216
-0.1498109
-0.1428191
-0.1436174
-0.1495008
-0.1531205
-0.1477524
-0.1315727
-0.1108229
-0.0967307
-0.0948945
-0.0992094
-0.0996123
-0.0930413
-0.0830691
-0.0726512
-0.0628257
-0.0557751
-0.0527858
-0.0498344
-0.0405410
-0.0245493
-0.0101207
-0.0068665
-0.0151516
-0.0219319
-0.0100327
0.0234301
0.0592701
0.0740048
0.0664989
0.0596214
0.0725589
0.0986432
0.1159942
0.1151901
0.1094123
0.1175233
0.1417365
0.1648226
0.1697578
0.1599600
0.1554282
0.1676539
0.1850390
0.1891665
0.1803485
0.1772725
0.1916437
0.2124392
0.2192936
0.2063697
0.1881225
0.1819396
0.1874248
0.1851644
0.1583352
0.1143762
0.0797730
0.0710838
0.0761581
0.0681994
0.0348715
-0.0109278
-0.0465069
-0.0609037
-0.0621689
-0.0670067
-0.0837470
-0.1048939
-0.1170850
-0.1169282
-0.1132883
-0.1144891
-0.1188437
-0.1198842
-0.1163217
-0.1132671
-0.1155793
-0.1222668
-0.1267766
-0.1228589
-0.1116148
-0.1016279
-0.0997109
-0.1031110
-0.1041711
-0.1008832
-0.0981689
-0.0994133
-0.1016886
-0.1002530
-0.0942705
-0.0870435
-0.0826902
-0.0827904
-0.0848840
-0.0850579
-0.0833124
-0.0847428
-0.0936912
-0.1082934
-0.1221333
-0.1293745
-0.1276382
-0.1192528
-0.1111071
-0.1091665
-0.1105103
-0.1047859
-0.0873455
-0.0677500
-0.0600460
-0.0648542
-0.0650679
-0.0416365
0.0062725
0.0577219
0.0886626
0.0952123
0.0956789
0.1072502
0.1250430
0.1303673
0.1171228
0.1006169
0.0970750
0.1011311
0.0898408
0.0476913
-0.0163843
-0.0776364
-0.1193584
-0.1464678
-0.1748578
-0.2096381
-0.2382653
-0.2458994
-0.2328489
-0.2139889
-0.2045377
-0.2093788
-0.2223005
-0.2310439
-0.2260953
-0.2102620
-0.1984250
-0.2020733
-0.2136265
-0.2122400
-0.1896777
-0.1675371
-0.1808413
-0.2386862
-0.3038736
-0.3210020
-0.2686793
-0.1742638
-0.0656991
0.0839348
0.3396416
0.7157480
1.1109049
1.3525010
1.3229619
1.0510415
0.6839438
0.3722646
0.1766748
0.0697432
0.0045351
-0.0351356
-0.0454608
-0.0372192
-0.0385959
-0.0651193
-0.1015950
-0.1209638
-0.1156504
-0.1044491
-0.1099773
-0.1337525
-0.1551633
-0.1538305
-0.1307559
-0.1060265
-0.0973542
-0.1043165
-0.1135126
-0.1144309
-0.1075041
-0.0997029
-0.0960183
-0.0949397
-0.0907751
-0.0808584
-0.0701503
-0.0661773
-0.0689396
-0.0692544
-0.0593743
-0.0431378
-0.0328471
-0.0360235
-0.0460922
-0.0466353
-0.0264007
0.0083335
0.0376690
0.0468744
0.0407049
0.0368291
0.0463254
0.0642309
0.0790840
0.0875138
0.0970272
0.1159397
0.1426640
0.1660399
0.1770753
0.1796650
0.1868785
0.2056919
0.2287479
0.2439050
0.2491441
0.2537988
0.2657907
0.2818330
0.2920104
0.2923515
0.2905823
0.2978417
0.3145540
0.3272690
0.3229832
0.3056488
0.2936661
0.2993263
0.3144256
0.3189005
0.3013516
0.2683162
0.2347264
0.2083117
0.1842369
0.1539399
0.1173638
0.0841784
0.0622962
0.0480735
0.0309449
0.0063403
-0.0196728
-0.0385906
-0.0490708
-0.0573113
-0.0696699
-0.0856448
-0.0974620
-0.0972137
-0.0856569
-0.0731650
-0.0704171
-0.0785901
-0.0897160
-0.0955377
-0.0944797
-0.0908188
-0.0888009
-0.0878547
-0.0836163
-0.0744061
-0.0657140
-0.0653083
-0.0734433
-0.0814067
-0.0818054
-0.0774531
-0.0769853
-0.0831614
-0.0890249
-0.0864237
-0.0763575
-0.0688194
-0.0716164
-0.0806742
-0.0844898
-0.0792541
-0.0757249
-0.0867026
-0.1093156
-0.1254663
-0.1215332
-0.1034977
-0.0892374
-0.0875849
-0.0887195
-0.0768686
-0.0511945
-0.0305305
-0.0336157
-0.0546245
-0.0631346
-0.0326796
0.0315736
0.0963828
0.1310542
0.1325407
0.1217074
0.1192066
0.1273736
0.1340696
0.1302635
0.1199876
0.1119547
0.1048300
0.0857637
0.0443311
-0.0153639
-0.0777737
-0.1284408
-0.1623533
-0.1831989
-0.1975256
-0.2087171
-0.2146274
-0.2114250
-0.2006172
-0.1909294
-0.1911180
-0.2007914
-0.2102033
-0.2109351
-0.2063200
-0.2078670
-0.2185864
-0.2235921
-0.2060512
-0.1750933
-0.1678628
-0.2117278
-0.2854289
-0.3299552
-0.3042684
-0.2218621
-0.1204503
0.0026178
0.2071229
0.5436064
0.9662136
1.3247936
1.4623901
1.3328241
1.0279822
0.6959801
0.4366366
0.2658081
0.1541798
0.0770328
0.0265519
-0.0036581
-0.0270159
-0.0543517
-0.0841058
-0.1076598
-0.1218574
-0.1312942
-0.1390514
-0.1416920
-0.1368278
-0.1306787
-0.1317305
-0.1384784
-0.1404172
-0.1327930
-0.1243869
-0.1261948
-0.1355616
-0.1374210
-0.1224603
-0.1002457
-0.0905043
-0.1013051
-0.1191400
-0.1232597
-0.1081353
-0.0876630
-0.0770999
-0.0761670
-0.0734144
-0.0631921
-0.0518475
-0.0468369
-0.0452908
-0.0374131
-0.0198311
-0.0015342
0.0059536
0.0033985
0.0054571
0.0250752
0.0579682
0.0862490
0.0976921
0.0978893
0.1018410
0.1167659
0.1365086
0.1516407
0.1611625
0.1722812
0.1900531
0.2103387
0.2251433
0.2336179
0.2435306
0.2597609
0.2750846
0.2776759
0.2675113
0.2600574
0.2705829
0.2969649
0.3211260
0.3273791
0.3171742
0.3046920
0.2993281
0.2953884
0.2804465
0.2514037
0.2182213
0.1915589
0.1710443
0.1483492
0.1186876
0.0850920
0.0523098
0.0209590
-0.0104029
-0.0397030
-0.0607921
-0.0694439
-0.0691379
-0.0693457
-0.0771448
-0.0911276
-0.1043746
-0.1123609
-0.1163054
-0.1196329
-0.1236704
-0.1270002
-0.1267769
-0.1202123
-0.1072932
-0.0936358
-0.0888415
-0.0991333
-0.1203853
-0.1389310
-0.1409554
-0.1236172
-0.0984572
-0.0827994
-0.0856705
-0.1013571
-0.1165721
-0.1226776
-0.1202433
-0.1140576
-0.1073294
-0.1015302
-0.0992237
-0.1039301
-0.1159287
-0.1290959
-0.1344359
-0.1289302
-0.1202122
-0.1198420
-0.1313470
-0.1469771
-0.1566925
-0.1572964
-0.1508774
-0.1377427
-0.1162555
-0.0904781
-0.0732845
-0.0764173
-0.0957736
-0.1094757
-0.0951340
-0.0510174
0.0016141
0.0387867
0.0548047
0.0615330
0.0700899
0.0789492
0.0809859
0.0765875
0.0741791
0.0779611
0.0793625
0.0636982
0.0249266
-0.0281636
-0.0807804
-0.1248143
-0.1609305
-0.1906729
-0.2118948
-0.2234577
-0.2296902
-0.2358603
-0.2413167
-0.2417118
-0.2374991
-0.2351992
-0.2384020
-0.2418141
-0.2385810
-0.2314158
-0.2300403
-0.2355662
-0.2343317
-0.2160073
-0.1963651
-0.2093222
-0.2668642
-0.3331722
-0.3526974
-0.3061138
-0.2242904
-0.1351104
-0.0052326
0.2420571
0.6351646
1.0836097
1.4139172
1.4900739
1.3087313
0.9860419
0.6610970
0.4114403
0.2424787
0.1290209
0.0507854
-0.0027746
-0.0401684
-0.0684335
-0.0898088
-0.1041870
-0.1141100
-0.1236101
-0.1328078
-0.1379465
-0.1384222
-0.1405552
-0.1505650
-0.1643438
-0.1686075
-0.1550524
-0.1313573
-0.1146953
-0.1146215
-0.1252630
-0.1342864
-0.1357043
-0.1320293
-0.1271855
-0.1213930
-0.1128352
-0.1013227
-0.0888840
-0.0778336
-0.0694192
-0.0640117
-0.0612711
-0.0592571
-0.0541751
-0.0429464
-0.0268183
-0.0110997
-0.0001884
0.0061562
0.0106960
0.0147953
0.0191839
0.0276074
0.0456743
0.0739260
0.1040390
0.1250069
0.1337793
0.1381154
0.1475602
0.1626501
0.1756204
0.1823099
0.1897987
0.2082345
0.2362399
0.2598821
0.2685033
0.2675234
0.2711677
0.2844833
0.2982143
0.3027619
0.3021366
0.3091179
0.3278282
0.3467337
0.3517541
0.3426720
0.3312153
0.3235823
0.3116897
0.2856845
0.2501866
0.2206250
0.2037034
0.1887529
0.1620384
0.1246244
0.0900407
0.0658291
0.0442817
0.0144328
-0.0212333
-0.0478047
-0.0555327
-0.0513294
-0.0501108
-0.0583408
-0.0705622
-0.0799930
-0.0858224
-0.0885461
-0.0848628
-0.0731373
-0.0608252
-0.0590993
-0.0688335
-0.0776213
-0.0744380
-0.0638101
-0.0601892
-0.0688674
-0.0782949
-0.0746094
-0.0600211
-0.0508394
-0.0572012
-0.0707280
-0.0757332
-0.0683781
-0.0589622
-0.0568431
-0.0599643
-0.0612519
-0.0594831
-0.0588097
-0.0605030
-0.0614344
-0.0612565
-0.0654497
-0.0773929
-0.0903033
-0.0924513
-0.0811780
-0.0675163
-0.0642269
-0.0721068
-0.0816125
-0.0853172
-0.0825832
-0.0722031
-0.0492373
-0.0154775
0.0123775
0.0157377
-0.0022073
-0.0136044
0.0066530
0.0534064
0.0976046
0.1198661
0.1302327
0.1503064
0.1819386
0.2036069
0.1987480
0.1776400
0.1630405
0.1586579
0.1428142
0.0959808
0.0263198
-0.0386251
-0.0813521
-0.1077534
-0.1319783
-0.1569483
-0.1751926
-0.1838836
-0.1902329
-0.2003778
-0.2095598
-0.2087447
-0.1982275
-0.1885874
-0.1880341
-0.1944084
-0.2013909
-0.2064495
-0.2078154
-0.1992244
-0.1778620
-0.1582303
-0.1669742
-0.2143684
-0.2743360
-0.3032568
-0.2808984
-0.2224900
-0.1410464
-0.0052572
0.2431904
0.6134596
1.0100662
1.2720248
1.2851363
1.0648850
0.7342805
0.4257515
0.2025070
0.0578898
-0.0347102
-0.0865077
-0.0996753
-0.0880147
-0.0770178
-0.0842143
-0.1070405
-0.1319660
-0.1501691
-0.1609628
-0.1648885
-0.1610854
-0.1522582
-0.1462321
-0.1483175
-0.1542498
-0.1547067
-0.1468507
-0.1380620
-0.1365695
-0.1406368
-0.1402223
-0.1293747
-0.1137557
-0.1036270
-0.1013484
-0.0995813
-0.0921379
-0.0826148
-0.0792593
-0.0831686
-0.0855575
-0.0775430
-0.0599465
-0.0415305
-0.0291628
-0.0225962
-0.0190228
-0.0190874
-0.0245673
-0.0306905
-0.0257807
-0.0026617
0.0308464
0.0572394
0.0668221
0.0673627
0.0740242
0.0913940
0.1090982
0.1159319
0.1148983
0.1203008
0.1397666
0.1631331
0.1731071
0.1663630
0.1594508
0.1705204
0.1971588
0.2169841
0.2119671
0.1895412
0.1763126
0.1905699
0.2233286
0.2482599
0.2491915
0.2349396
0.2260610
0.2299713
0.2332698
0.2189216
0.1867972
0.1535039
0.1329910
0.1213657
0.1027508
0.0680567
0.0249652
-0.0109246
-0.0322942
-0.0453727
-0.0601807
-0.0789068
-0.0957268
-0.1060240
-0.1122107
-0.1196237
-0.1292472
-0.1370058
-0.1399679
-0.1410821
-0.1461936
-0.1564494
-0.1648792
-0.1618417
-0.1444791
-0.1205967
-0.1029096
-0.0993197
-0.1080191
-0.1203041
-0.1270329
-0.1236732
-0.1120554
-0.0990544
-0.0926630
-0.0967805
-0.1078912
-0.1170170
-0.1168700
-0.1087769
-0.1022051
-0.1056915
-0.1174686
-0.1262071
-0.1223669
-0.1086532
-0.0982108
-0.1020717
-0.1186907
-0.1359494
-0.1429726
-0.1393659
-0.1327914
-0.1284622
-0.1227612
-0.1082651
-0.0842272
-0.0600908
-0.0473776
-0.0482763
-0.0528234
-0.0474696
-0.0264579
0.0046472
0.0355072
0.0600131
0.0789112
0.0952898
0.1097992
0.1208275
0.1272184
0.1283859
0.1220433
0.1043950
0.0741136
0.0348918
-0.0079089
-0.0528294
-0.1020227
-0.1540351
-0.1993154
-0.2272582
-0.2388139
-0.2479372
-0.2660060
-0.2862908
-0.2901371
-0.2711176
-0.2474796
-0.2436156
-0.2604627
-0.2730583
-0.2620944
-0.2408510
-0.2399076
-0.2651564
-0.2843925
-0.2668902
-0.2301421
-0.2291940
-0.2912734
-0.3731720
-0.4002718
-0.3459115
-0.2518853
-0.1582134
-0.0287527
0.2216697
0.6103804
1.0114062
1.2242403
1.1346839
0.8093351
0.4314810
0.1501348
-0.0080022
-0.0990726
-0.1685315
-0.2120694
-0.2122438
-0.1826812
-0.1609362
-0.1673726
-0.1871669
-0.1950265
-0.1867821
-0.1793010
-0.1849481
-0.1967252
-0.2007937
-0.1959046
-0.1933932
-0.1999615
-0.2077870
-0.2047854
-0.1906848
-0.1779028
-0.1764844
-0.1820904
-0.1813795
-0.1677797
-0.1489229
-0.1375991
-0.1373078
-0.1390714
-0.1326089
-0.1185136
-0.1074525
-0.1075865
-0.1146517
-0.1158002
-0.1029248
-0.0810365
-0.0629289
-0.0561500
-0.0562206
-0.0527908
-0.0411302
-0.0259502
-0.0140399
-0.0053461
0.0066022
0.0258192
0.0477636
0.0636710
0.0701345
0.0723422
0.0771438
0.0846482
0.0889861
0.0874237
0.0860458
0.0938744
0.1118698
0.1306028
0.1404062
0.1422046
0.1456715
0.1565730
0.1687601
0.1711859
0.1620778
0.1529764
0.1567683
0.1730456
0.1879773
0.1891179
0.1779805
0.1660288
0.1595929
0.1520248
0.1320831
0.0980235
0.0607402
0.0328828
0.0169579
0.0052388
-0.0103456
-0.0308032
-0.0523607
-0.0728149
-0.0926257
-0.1104619
-0.1214597
-0.1225797
-0.1185398
-0.1192310
-0.1298060
-0.1448241
-0.1541087
-0.1539506
-0.1503026
-0.1500954
-0.1516590
-0.1467720
-0.1323016
-0.1165759
-0.1113628
-0.1184257
-0.1273291
-0.1277905
-0.1215489
-0.1188639
-0.1240212
-0.1285367
-0.1214399
-0.1041314
-0.0906324
-0.0918811
-0.1031571
-0.1105080
-0.1084011
-0.1063356
-0.1157052
-0.1333146
-0.1429051
-0.1339831
-0.1153539
-0.1064124
-0.1157879
-0.1320172
-0.1365316
-0.1233538
-0.1034942
-0.0912249
