0.1648459
0.2468774
0.2281142
0.2115676
0.2388577
0.2671153
0.2694966
0.2665981
0.2693911
0.2674270
0.2707179
0.3007458
0.3418951
0.3553263
0.3383115
0.3223885
0.3168708
0.2991044
0.2585793
0.2105733
0.1670473
0.1282671
0.1005685
0.0906273
0.0837051
0.0550202
0.0022077
-0.0534103
-0.0930662
-0.1122967
-0.1173141
-0.1264144
-0.1615712
-0.2193019
-0.2616100
-0.2550836
-0.2102923
-0.1676043
-0.1542168
-0.1680174
-0.1910076
-0.2035715
-0.1957712
-0.1785840
-0.1766434
-0.1999037
-0.2296326
-0.2388398
-0.2187044
-0.1822808
-0.1532350
-0.1521659
-0.1790316
-0.2051802
-0.1975687
-0.1564653
-0.1168542
-0.1086020
-0.1276852
-0.1501523
-0.1606270
-0.1598180
-0.1531948
-0.1402227
-0.1140222
-0.0727653
-0.0322946
-0.0177623
-0.0338343
-0.0520230
-0.0405490
-0.0008131
0.0393033
0.0633646
0.0817198
0.1092656
0.1423976
0.1634547
0.1610711
0.1414651
0.1202332
0.1034666
0.0802588
0.0396511
-0.0090009
-0.0456844
-0.0706241
-0.1087334
-0.1741128
-0.2431994
-0.2770423
-0.2649109
-0.2348329
-0.2228876
-0.2397416
-0.2668532
-0.2801504
-0.2752318
-0.2688079
-0.2759897
-0.2915686
-0.2982490
-0.2881289
-0.2691165
-0.2553955
-0.2604799
-0.2935751
-0.3487054
-0.3986812
-0.4141725
-0.3910137
-0.3441958
-0.2670716
-0.1088493
0.1878543
0.6159033
1.0702429
1.3956760
1.4846734
1.3424482
1.0640370
0.7549288
0.4770127
0.2548043
0.0997881
0.0086706
-0.0473285
-0.1043463
-0.1702263
-0.2181345
-0.2217605
-0.1911356
-0.1670906
-0.1800342
-0.2183413
-0.2423001
-0.2295301
-0.1994674
-0.1873425
-0.2008161
-0.2139164
-0.2021411
-0.1705017
-0.1428691
-0.1337771
-0.1377392
-0.1407105
-0.1351224
-0.1249238
-0.1196846
-0.1240031
-0.1319741
-0.1321664
-0.1173005
-0.0895144
-0.0595850
-0.0413584
-0.0407181
-0.0465396
-0.0388528
-0.0117795
0.0170594
0.0274897
0.0232141
0.0283064
0.0579717
0.1011302
0.1345560
0.1484467
0.1531210
0.1619204
0.1730896
0.1739775
0.1630336
0.1594329
0.1830378
0.2286608
0.2706424
0.2930776
0.3043153
0.3175244
0.3282077
0.3218458
0.2999400
0.2869616
0.3062941
0.3522923
0.3912666
0.3932366
0.3617803
0.3283383
0.3160635
0.3150617
0.2975598
0.2519422
0.1938726
0.1459899
0.1153405
0.0925313
0.0665103
0.0358732
0.0075346
-0.0130072
-0.0289263
-0.0484440
-0.0743305
-0.1002663
-0.1190860
-0.1314014
-0.1438825
-0.1618180
-0.1851482
-0.2080945
-0.2199504
-0.2103007
-0.1787258
-0.1390035
-0.1105073
-0.1038965
-0.1138044
-0.1234631
-0.1178070
-0.0966181
-0.0760602
-0.0738285
-0.0911357
-0.1114905
-0.1177018
-0.1077932
-0.0946569
-0.0935003
-0.1096036
-0.1342858
-0.1512866
-0.1496776
-0.1322236
-0.1107361
-0.0941286
-0.0821829
-0.0690140
-0.0501220
-0.0275111
-0.0101067
-0.0067486
-0.0150309
-0.0183090
0.0020410
0.0499015
0.1101013
0.1595158
0.1827736
0.1816153
0.1725922
0.1734747
0.1878092
0.2023716
0.2012307
0.1817748
0.1557238
0.1347053
0.1153849
0.0796681
0.0129052
-0.0752772
-0.1516856
-0.1876928
-0.1869263
-0.1790103
-0.1848992
-0.1959085
-0.1915411
-0.1712523
-0.1584712
-0.1721476
-0.2026480
-0.2230660
-0.2220320
-0.2156949
-0.2225000
-0.2353839
-0.2333854
-0.2202148
-0.2323640
-0.2949298
-0.3793048
-0.4242347
-0.3995063
-0.3290542
-0.2387666
-0.0958837
0.1718467
0.5822767
1.0329692
1.3484889
1.4067739
1.2232471
0.9163632
0.6032275
0.3345661
0.1137965
-0.0533609
-0.1470100
-0.1614462
-0.1264299
-0.0922130
-0.0947278
-0.1342542
-0.1832222
-0.2129722
-0.2158378
-0.2052226
-0.1974966
-0.1963089
-0.1945763
-0.1881707
-0.1824331
-0.1823137
-0.1788016
-0.1532871
-0.1020313
-0.0524620
-0.0430969
-0.0816013
-0.1307341
-0.1451917
-0.1192545
-0.0888620
-0.0874939
-0.1104733
-0.1267775
-0.1171341
-0.0910242
-0.0685912
-0.0562888
-0.0455602
-0.0295413
-0.0117372
0.0025482
0.0146816
0.0271297
0.0359940
0.0382254
0.0430040
0.0638495
0.0970437
0.1198021
0.1182537
0.1091653
0.1213932
0.1572823
0.1857440
0.1802008
0.1547718
0.1505458
0.1855866
0.2303019
0.2410109
0.2116735
0.1793238
0.1773746
0.1977798
0.2089800
0.2010497
0.1959839
0.2125771
0.2368126
0.2372672
0.2031007
0.1556465
0.1224279
0.1086406
0.0984983
0.0783329
0.0496033
0.0193881
-0.0123598
-0.0492887
-0.0874536
-0.1172067
-0.1365660
-0.1541294
-0.1753185
-0.1930499
-0.1982584
-0.1949039
-0.1963680
-0.2075309
-0.2178200
-0.2150954
-0.2019083
-0.1931896
-0.1987219
-0.2121580
-0.2188426
-0.2111136
-0.1926687
-0.1709684
-0.1523901
-0.1454650
-0.1594894
-0.1918484
-0.2210782
-0.2230955
-0.1965218
-0.1648129
-0.1498350
-0.1493765
-0.1466198
-0.1375374
-0.1385123
-0.1624030
-0.1937798
-0.1987749
-0.1630738
-0.1128684
-0.0892014
-0.1022111
-0.1191734
-0.1011594
-0.0450891
0.0159528
0.0492728
0.0514115
0.0419680
0.0387527
0.0455436
0.0600760
0.0837802
0.1174219
0.1505356
0.1642820
0.1498429
0.1201478
0.0969559
0.0863125
0.0719468
0.0344408
-0.0273177
-0.0962510
-0.1551007
-0.2001005
-0.2373887
-0.2700158
-0.2918991
-0.2953620
-0.2828362
-0.2680504
-0.2641302
-0.2719785
-0.2821626
-0.2871822
-0.2891454
-0.2942124
-0.3007897
-0.2965141
-0.2717290
-0.2385966
-0.2318226
-0.2798718
-0.3707294
-0.4529410
-0.4785597
-0.4415340
-0.3626652
-0.2356476
-0.0053681
0.3768553
0.8669729
1.3090389
1.5254243
1.4444650
1.1460073
0.7843158
0.4706682
0.2278017
0.0366052
-0.1038288
-0.1750507
-0.1809462
-0.1641427
-0.1703007
-0.2043502
-0.2325779
-0.2269953
-0.1982209
-0.1798822
-0.1875350
-0.2037261
-0.2045835
-0.1905927
-0.1823912
-0.1904510
-0.2002197
-0.1911634
-0.1635967
-0.1389611
-0.1339781
-0.1411778
-0.1397455
-0.1232062
-0.1090129
-0.1164309
-0.1392834
-0.1489878
-0.1266219
-0.0855319
-0.0568460
-0.0558127
-0.0687196
-0.0726075
-0.0608393
-0.0447462
-0.0339068
-0.0228406
-0.0007751
0.0300905
0.0537269
0.0594380
0.0561613
0.0627496
0.0868814
0.1193212
0.1479033
0.1699358
0.1880992
0.2004463
0.2016837
0.1937674
0.1888675
0.1977879
0.2172067
0.2323919
0.2336450
0.2272486
0.2276363
0.2406543
0.2585730
0.2713015
0.2772250
0.2801595
0.2798397
0.2709468
0.2509986
0.2245225
0.1977562
0.1718600
0.1433793
0.1100451
0.0737444
0.0374370
0.0011600
-0.0365996
-0.0735638
-0.1024812
-0.1177355
-0.1222369
-0.1252799
-0.1335854
-0.1463880
-0.1588675
-0.1672371
-0.1694315
-0.1639275
-0.1511021
-0.1354006
-0.1237262
-0.1201569
-0.1222051
-0.1230568
-0.1185095
-0.1118920
-0.1110661
-0.1198921
-0.1335843
-0.1432133
-0.1435920
-0.1357272
-0.1233103
-0.1095514
-0.0974634
-0.0906619
-0.0917248
-0.0992327
-0.1068603
-0.1068642
-0.0966707
-0.0827037
-0.0756964
-0.0799408
-0.0872349
-0.0831467
-0.0605371
-0.0272507
0.0001859
0.0122863
0.0174603
0.0357357
0.0784811
0.1338672
0.1756153
0.1885587
0.1840485
0.1872652
0.2090995
0.2329866
0.2316921
0.1968376
0.1491475
0.1168741
0.1048660
0.0889769
0.0432143
-0.0306833
-0.1046669
-0.1538210
-0.1790170
-0.1986140
-0.2229614
-0.2438836
-0.2501042
-0.2464042
-0.2497709
-0.2660123
-0.2783911
-0.2676008
-0.2404989
-0.2275812
-0.2459749
-0.2734441
-0.2723753
-0.2404778
-0.2239413
-0.2679211
-0.3577377
-0.4243048
-0.4149358
-0.3468210
-0.2720401
-0.1890529
-0.0127757
0.3406230
0.8345166
1.2941152
1.5253907
1.4592185
1.1843218
0.8525745
0.5638226
0.3337991
0.1432767
-0.0101753
-0.1110356
-0.1548745
-0.1601649
-0.1525140
-0.1483898
-0.1554573
-0.1767556
-0.2058554
-0.2245288
-0.2175216
-0.1916342
-0.1721957
-0.1762135
-0.1936847
-0.2004374
-0.1865681
-0.1657971
-0.1562462
-0.1584822
-0.1577122
-0.1448323
-0.1279539
-0.1205478
-0.1235626
-0.1252522
-0.1172931
-0.1046822
-0.0973568
-0.0963366
-0.0924324
-0.0776884
-0.0548553
-0.0348387
-0.0260718
-0.0266043
-0.0257092
-0.0132025
0.0116672
0.0394703
0.0586260
0.0652470
0.0664315
0.0741682
0.0948726
0.1237920
0.1497040
0.1653025
0.1725956
0.1786499
0.1882043
0.2015015
0.2169493
0.2326705
0.2456910
0.2528969
0.2547196
0.2564327
0.2633770
0.2743909
0.2816879
0.2792395
0.2711668
0.2692081
0.2796853
0.2943061
0.2970427
0.2803398
0.2513033
0.2205206
0.1884428
0.1471849
0.0949797
0.0436346
0.0081209
-0.0097211
-0.0234085
-0.0469173
-0.0805724
-0.1143009
-0.1422136
-0.1678863
-0.1935115
-0.2101379
-0.2060554
-0.1843602
-0.1651603
-0.1663424
-0.1853260
-0.2039790
-0.2098987
-0.2076037
-0.2076034
-0.2100207
-0.2052266
-0.1898926
-0.1750674
-0.1732706
-0.1813626
-0.1839524
-0.1746855
-0.1663369
-0.1737240
-0.1908307
-0.1940255
-0.1702785
-0.1354854
-0.1185710
-0.1294810
-0.1495807
-0.1552170
-0.1440322
-0.1313103
-0.1236414
-0.1076859
-0.0712061
-0.0275887
-0.0065779
-0.0179800
-0.0343732
-0.0185938
0.0345537
0.0925834
0.1225835
0.1265507
0.1337599
0.1622413
0.1971986
0.2102011
0.1921235
0.1593306
0.1300976
0.1048165
0.0728191
0.0305745
-0.0153375
-0.0604515
-0.1079400
-0.1590663
-0.2050936
-0.2350484
-0.2492111
-0.2587840
-0.2715183
-0.2827397
-0.2833575
-0.2730082
-0.2607387
-0.2544360
-0.2550157
-0.2609610
-0.2714113
-0.2809886
-0.2789426
-0.2632788
-0.2534303
-0.2757631
-0.3299354
-0.3786063
-0.3814170
-0.3343152
-0.2588799
-0.1479797
0.0586151
0.4167742
0.8861736
1.3108694
1.5152401
1.4336822
1.1499573
0.8143388
0.5293779
0.3114570
0.1385234
0.0061030
-0.0711189
-0.0943850
-0.0947744
-0.1064851
-0.1354792
-0.1619477
-0.1699417
-0.1661209
-0.1676791
-0.1789243
-0.1867589
-0.1783259
-0.1569901
-0.1381635
-0.1326763
-0.1377898
-0.1431010
-0.1411709
-0.1313941
-0.1169027
-0.1014768
-0.0895548
-0.0856161
-0.0898461
-0.0944672
-0.0881495
-0.0673205
-0.0422338
-0.0285309
-0.0315604
-0.0407048
-0.0403054
-0.0248943
-0.0025397
0.0152225
0.0241667
0.0282948
0.0333654
0.0425140
0.0575067
0.0802241
0.1097322
0.1391315
0.1592874
0.1675228
0.1708040
0.1785230
0.1932628
0.2103973
0.2255392
0.2393605
0.2544802
0.2702752
0.2832237
0.2918936
0.2993620
0.3095758
0.3223388
0.3335568
0.3405968
0.3457701
0.3531270
0.3624200
0.3678209
0.3629684
0.3464589
0.3222355
0.2954742
0.2684516
0.2398118
0.2074901
0.1724431
0.1388555
0.1094841
0.0811382
0.0471219
0.0059363
-0.0335208
-0.0582165
-0.0639628
-0.0611978
-0.0659485
-0.0845411
-0.1084136
-0.1245288
-0.1289495
-0.1279156
-0.1269886
-0.1238683
-0.1143356
-0.1019174
-0.0964869
-0.1025553
-0.1128151
-0.1161225
-0.1101804
-0.1029053
-0.1009872
-0.1007447
-0.0936090
-0.0794346
-0.0696201
-0.0742599
-0.0887805
-0.0978596
-0.0930750
-0.0825315
-0.0800279
-0.0871206
-0.0907364
-0.0795611
-0.0585572
-0.0427848
-0.0377051
-0.0313762
-0.0103392
0.0197585
0.0369695
0.0299775
0.0173691
0.0324726
0.0873797
0.1569621
0.2025436
0.2094773
0.1975947
0.1957008
0.2113334
0.2283032
0.2292421
0.2132251
0.1901044
0.1642978
0.1306480
0.0846590
0.0300538
-0.0261761
-0.0813590
-0.1351771
-0.1823824
-0.2133110
-0.2236466
-0.2208532
-0.2185539
-0.2252415
-0.2391425
-0.2521431
-0.2569024
-0.2521238
-0.2445035
-0.2448809
-0.2573127
-0.2700718
-0.2641402
-0.2386128
-0.2246386
-0.2606792
-0.3461841
-0.4286112
-0.4499773
-0.4039482
-0.3285322
-0.2330140
-0.0512373
0.2989185
0.7943974
1.2623530
1.4870494
1.3791304
1.0401469
0.6607899
0.3643119
0.1510828
-0.0268797
-0.1741977
-0.2506910
-0.2407631
-0.1910302
-0.1671755
-0.1881369
-0.2187922
-0.2231510
-0.2074705
-0.2041824
-0.2254321
-0.2478986
-0.2442080
-0.2171261
-0.1944653
-0.1952859
-0.2107864
-0.2194435
-0.2128176
-0.2006845
-0.1945497
-0.1937802
-0.1899040
-0.1794760
-0.1676634
-0.1598777
-0.1544872
-0.1462363
-0.1343548
-0.1232773
-0.1150791
-0.1052003
-0.0889409
-0.0705216
-0.0610508
-0.0654525
-0.0740354
-0.0706447
-0.0494065
-0.0206121
0.0015084
0.0145781
0.0284083
0.0500781
0.0733064
0.0861743
0.0872569
0.0888591
0.1026947
0.1262143
0.1465814
0.1561706
0.1595886
0.1650117
0.1732656
0.1789526
0.1800040
0.1811318
0.1868210
0.1948611
0.1998822
0.2009658
0.2013545
0.2008647
0.1938320
0.1777320
0.1602252
0.1519818
0.1524000
0.1475396
0.1249696
0.0874689
0.0483401
0.0152152
-0.0160819
-0.0506872
-0.0834419
-0.1038201
-0.1104805
-0.1149389
-0.1286312
-0.1504823
-0.1709758
-0.1854431
-0.1972761
-0.2080263
-0.2115003
-0.2026718
-0.1885057
-0.1826147
-0.1885860
-0.1951116
-0.1914610
-0.1830005
-0.1844853
-0.1987978
-0.2102106
-0.2030642
-0.1819765
-0.1660972
-0.1643040
-0.1646391
-0.1526569
-0.1337738
-0.1283223
-0.1446073
-0.1656209
-0.1678177
-0.1485328
-0.1278405
-0.1239281
-0.1333743
-0.1383226
-0.1275251
-0.1045883
-0.0783137
-0.0531774
-0.0318301
-0.0196220
-0.0183738
-0.0168433
0.0038309
0.0499570
0.1043052
0.1414145
0.1539670
0.1590288
0.1760579
0.2027761
0.2174552
0.2041711
0.1707226
0.1388113
0.1189683
0.0991567
0.0587807
-0.0085693
-0.0877238
-0.1553765
-0.1987095
-0.2216393
-0.2362012
-0.2503316
-0.2634557
-0.2712341
-0.2720895
-0.2684487
-0.2631983
-0.2575980
-0.2537643
-0.2567144
-0.2697060
-0.2864576
-0.2924709
-0.2800644
-0.2627362
-0.2684337
-0.3121119
-0.3753423
-0.4188002
-0.4168772
-0.3732926
-0.2949123
-0.1544054
0.1030806
0.4976752
0.9553940
1.3234677
1.4635634
1.3447889
1.0540716
0.7208604
0.4313091
0.2040631
0.0275711
-0.0988333
-0.1640657
-0.1717860
-0.1518396
-0.1397740
-0.1490977
-0.1676935
-0.1790923
-0.1818232
-0.1864954
-0.1984275
-0.2089431
-0.2055469
-0.1878870
-0.1699532
-0.1654894
-0.1732934
-0.1793529
-0.1734338
-0.1609814
-0.1564875
-0.1660125
-0.1793474
-0.1810265
-0.1670829
-0.1478175
-0.1342110
-0.1256743
-0.1143702
-0.0992715
-0.0899273
-0.0934161
-0.1012366
-0.0950889
-0.0671874
-0.0310087
-0.0081650
-0.0055271
-0.0089308
-0.0004020
0.0218041
0.0435893
0.0539906
0.0589920
0.0737321
0.1033229
0.1357938
0.1553190
0.1595256
0.1607217
0.1708510
0.1888413
0.2045720
0.2128191
0.2192623
0.2318426
0.2494261
0.2624893
0.2647449
0.2608045
0.2604267
0.2670097
0.2746955
0.2767595
0.2736663
0.2706440
0.2690002
0.2632054
0.2472136
0.2209718
0.1887111
0.1527924
0.1128996
0.0715638
0.0363072
0.0125675
