-0.2341891
-0.2123734
-0.1771231
-0.1848370
-0.2619152
-0.3575009
-0.3885455
-0.3333705
-0.2524488
-0.1933159
-0.0913732
0.1895891
0.6900209
1.2430971
1.5681213
1.4984012
1.1169545
0.6664797
0.3378037
0.1528697
0.0301512
-0.0815085
-0.1584874
-0.1681714
-0.1344653
-0.1173090
-0.1435237
-0.1824671
-0.1917327
-0.1687049
-0.1462900
-0.1482369
-0.1648806
-0.1736685
-0.1694542
-0.1647194
-0.1660625
-0.1633131
-0.1453556
-0.1184809
-0.1011171
-0.1020765
-0.1110748
-0.1128273
-0.1051444
-0.0980524
-0.0973916
-0.0962618
-0.0855862
-0.0684997
-0.0579820
-0.0598528
-0.0636152
-0.0543385
-0.0313650
-0.0098697
-0.0026580
-0.0049309
-0.0009984
0.0163880
0.0391986
0.0573124
0.0720552
0.0907661
0.1108561
0.1185006
0.1077851
0.0954503
0.1074627
0.1490699
0.1946921
0.2130783
0.2001136
0.1809448
0.1797970
0.1945081
0.2049807
0.2014625
0.1955222
0.2017125
0.2164493
0.2224186
0.2116494
0.1959024
0.1907217
0.1946338
0.1910754
0.1705550
0.1442011
0.1310580
0.1349224
0.1392344
0.1255650
0.0928907
0.0559400
0.0274276
0.0065688
-0.0147222
-0.0389643
-0.0601919
-0.0726266
-0.0784206
-0.0852880
-0.0983366
-0.1160065
-0.1329223
-0.1444014
-0.1482288
-0.1447994
-0.1374938
-0.1316071
-0.1303405
-0.1315390
-0.1302818
-0.1254882
-0.1221278
-0.1249945
-0.1311957
-0.1315365
-0.1204343
-0.1028041
-0.0893204
-0.0854503
-0.0870955
-0.0872624
-0.0847766
-0.0844391
-0.0893359
-0.0954035
-0.0948147
-0.0841014
-0.0682058
-0.0565583
-0.0548159
-0.0592408
-0.0588957
-0.0452279
-0.0214979
-0.0019150
0.0017189
-0.0058133
-0.0041032
0.0247807
0.0783226
0.1348323
0.1730057
0.1891020
0.1949033
0.2019861
0.2113454
0.2172112
0.2157383
0.2067796
0.1898556
0.1629563
0.1254851
0.0787742
0.0227864
-0.0434496
-0.1145666
-0.1749858
-0.2088304
-0.2157640
-0.2126947
-0.2162188
-0.2262990
-0.2320923
-0.2315827
-0.2365588
-0.2541945
-0.2715958
-0.2692318
-0.2485591
-0.2340701
-0.2415154
-0.2542022
-0.2453429
-0.2223066
-0.2301670
-0.2983638
-0.3934276
-0.4443413
-0.4171688
-0.3435587
-0.2576050
-0.1179064
0.1704983
0.6323178
1.1317406
1.4384050
1.4063986
1.0912695
0.6892560
0.3685077
0.1637698
0.0177160
-0.1109279
-0.2027960
-0.2268703
-0.1994278
-0.1744071
-0.1844473
-0.2110764
-0.2173843
-0.1964782
-0.1761709
-0.1811013
-0.2040505
-0.2192010
-0.2148668
-0.2036368
-0.2017384
-0.2077159
-0.2066592
-0.1912711
-0.1715468
-0.1621205
-0.1647976
-0.1678102
-0.1609917
-0.1472090
-0.1370443
-0.1349119
-0.1338847
-0.1244860
-0.1060959
-0.0877528
-0.0782326
-0.0771478
-0.0765842
-0.0703309
-0.0597063
-0.0499533
-0.0424743
-0.0323774
-0.0138604
0.0129358
0.0407605
0.0604345
0.0675158
0.0655930
0.0644028
0.0737142
0.0961884
0.1243129
0.1453192
0.1517354
0.1482711
0.1469288
0.1538363
0.1619876
0.1594781
0.1450123
0.1320865
0.1352517
0.1536508
0.1714436
0.1748409
0.1654180
0.1544876
0.1472311
0.1375748
0.1197855
0.1000232
0.0907071
0.0938150
0.0955873
0.0815264
0.0535257
0.0266427
0.0090548
-0.0084585
-0.0387876
-0.0780089
-0.1060650
-0.1100618
-0.1015432
-0.1048100
-0.1290898
-0.1582940
-0.1709359
-0.1654234
-0.1596396
-0.1666647
-0.1784334
-0.1776667
-0.1612433
-0.1442450
-0.1405684
-0.1467338
-0.1497077
-0.1463866
-0.1470895
-0.1581415
-0.1682511
-0.1594998
-0.1306739
-0.1022513
-0.0944110
-0.1044327
-0.1117987
-0.1044302
-0.0927045
-0.0941216
-0.1093230
-0.1202308
-0.1113694
-0.0860782
-0.0583068
-0.0341434
-0.0094958
0.0145598
0.0244536
0.0109589
-0.0094881
-0.0017359
0.0525017
0.1298366
0.1843044
0.1933083
0.1792626
0.1817627
0.2120547
0.2417106
0.2370290
0.1980666
0.1575212
0.1421873
0.1419945
0.1211988
0.0578276
-0.0326511
-0.1133665
-0.1615901
-0.1852848
-0.2063673
-0.2328056
-0.2510311
-0.2454819
-0.2216032
-0.2046326
-0.2135701
-0.2393673
-0.2544414
-0.2453282
-0.2302100
-0.2369821
-0.2650730
-0.2796302
-0.2527075
-0.2062658
-0.1997610
-0.2657718
-0.3648018
-0.4180615
-0.3868852
-0.3040288
-0.2123562
-0.0823770
0.1790398
0.6146959
1.1163824
1.4631587
1.4837427
1.1919342
0.7657848
0.3982984
0.1677117
0.0354259
-0.0615650
-0.1386406
-0.1745759
-0.1641486
-0.1378848
-0.1320117
-0.1537731
-0.1825989
-0.1979294
-0.1976937
-0.1918624
-0.1870791
-0.1823556
-0.1760604
-0.1709279
-0.1705270
-0.1736885
-0.1750715
-0.1709814
-0.1631869
-0.1567026
-0.1544264
-0.1542185
-0.1513114
-0.1439773
-0.1365521
-0.1351834
-0.1394500
-0.1399912
-0.1275730
-0.1047039
-0.0849121
-0.0781990
-0.0793511
-0.0743520
-0.0581582
-0.0416002
-0.0374058
-0.0419159
-0.0364712
-0.0091247
0.0291633
0.0550404
0.0587468
0.0542488
0.0612203
0.0816424
0.1000838
0.1060142
0.1085145
0.1243050
0.1548269
0.1822023
0.1896804
0.1809752
0.1744374
0.1801280
0.1893454
0.1892988
0.1824058
0.1839082
0.2008939
0.2210411
0.2265531
0.2152225
0.2013281
0.1958965
0.1925850
0.1772482
0.1480198
0.1195143
0.1057690
0.1036961
0.0973260
0.0762470
0.0449745
0.0139687
-0.0130710
-0.0391854
-0.0648318
-0.0846895
-0.0948443
-0.0988707
-0.1038222
-0.1122262
-0.1211299
-0.1281765
-0.1348846
-0.1424671
-0.1471723
-0.1431793
-0.1301460
-0.1152488
-0.1064879
-0.1056078
-0.1088773
-0.1126841
-0.1152470
-0.1137358
-0.1044450
-0.0884629
-0.0743252
-0.0706912
-0.0760680
-0.0791072
-0.0710332
-0.0560281
-0.0468343
-0.0505048
-0.0611541
-0.0676092
-0.0652146
-0.0567439
-0.0432756
-0.0205199
0.0118103
0.0408834
0.0491138
0.0351507
0.0222432
0.0393280
0.0921368
0.1560291
0.1995868
0.2135938
0.2143865
0.2206320
0.2326027
0.2371675
0.2283968
0.2154654
0.2086864
0.2039906
0.1865746
0.1474997
0.0911846
0.0271409
-0.0388042
-0.1015910
-0.1509899
-0.1770114
-0.1822992
-0.1825497
-0.1900912
-0.2008587
-0.2035267
-0.1991774
-0.2025943
-0.2207067
-0.2386529
-0.2369853
-0.2190330
-0.2084171
-0.2163446
-0.2245090
-0.2125654
-0.1952656
-0.2126034
-0.2760598
-0.3400973
-0.3447626
-0.2816128
-0.1938733
-0.1002839
0.0599377
0.3716182
0.8207225
1.2464209
1.4437060
1.3261422
0.9873645
0.6079902
0.3137162
0.1210127
-0.0083407
-0.0953784
-0.1345757
-0.1310060
-0.1167246
-0.1228326
-0.1487102
-0.1698388
-0.1710987
-0.1621539
-0.1607183
-0.1710364
-0.1838839
-0.1911761
-0.1926996
-0.1901315
-0.1822630
-0.1692296
-0.1570558
-0.1533043
-0.1588170
-0.1668854
-0.1708113
-0.1695196
-0.1647155
-0.1557336
-0.1409418
-0.1235057
-0.1113660
-0.1091544
-0.1123506
-0.1121342
-0.1050025
-0.0949247
-0.0862972
-0.0778404
-0.0649042
-0.0459984
-0.0250074
-0.0072577
0.0051453
0.0139025
0.0218317
0.0308182
0.0421483
0.0573511
0.0774551
0.1014351
0.1259762
0.1467962
0.1602479
0.1649187
0.1632832
0.1615063
0.1656409
0.1769433
0.1915089
0.2046272
0.2143151
0.2203487
0.2219477
0.2185884
0.2126397
0.2089358
0.2105055
0.2154255
0.2188482
0.2176680
0.2117791
0.2006507
0.1811001
0.1511371
0.1153897
0.0831565
0.0592520
0.0391481
0.0159041
-0.0096099
-0.0293226
-0.0394834
-0.0479810
-0.0668960
-0.0983601
-0.1305198
-0.1485904
-0.1485885
-0.1390855
-0.1309374
-0.1280354
-0.1282502
-0.1296465
-0.1321781
-0.1345541
-0.1338495
-0.1296009
-0.1250631
-0.1219829
-0.1166105
-0.1049132
-0.0914325
-0.0882696
-0.1016950
-0.1212329
-0.1266370
-0.1083796
-0.0794618
-0.0634668
-0.0704540
-0.0875899
-0.0950899
-0.0883236
-0.0802800
-0.0831103
-0.0920758
-0.0903438
-0.0674441
-0.0300232
0.0051215
0.0258576
0.0320308
0.0314505
0.0328585
0.0432576
0.0676168
0.1060880
0.1511017
0.1909919
0.2189262
0.2367913
0.2487242
0.2529589
0.2435100
0.2198763
0.1913852
0.1687328
0.1512271
0.1246466
0.0739551
-0.0008808
-0.0818870
-0.1463458
-0.1835426
-0.1993809
-0.2064079
-0.2111339
-0.2114241
-0.2049522
-0.1977720
-0.2014348
-0.2196727
-0.2403422
-0.2464965
-0.2375629
-0.2330115
-0.2472301
-0.2641162
-0.2504247
-0.2020341
-0.1663004
-0.1994703
-0.2968952
-0.3813451
-0.3775882
-0.2930917
-0.2005107
-0.1282491
0.0093596
0.3344537
0.8424708
1.3369530
1.5597442
1.4023233
0.9886732
0.5540937
0.2542731
0.0901855
-0.0130280
-0.0959359
-0.1441945
-0.1459712
-0.1292518
-0.1319175
-0.1568348
-0.1770522
-0.1789976
-0.1799390
-0.1977519
-0.2200465
-0.2183128
-0.1876411
-0.1568612
-0.1545264
-0.1750628
-0.1883173
-0.1788585
-0.1639805
-0.1681612
-0.1880262
-0.1936582
-0.1653709
-0.1200036
-0.0939408
-0.1032362
-0.1275525
-0.1344469
-0.1140547
-0.0859554
-0.0742597
-0.0811884
-0.0875158
-0.0764546
-0.0522679
-0.0329694
-0.0275213
-0.0256338
-0.0119977
0.0132451
0.0332336
0.0342876
0.0236411
0.0238578
0.0491307
0.0894530
0.1206955
0.1298372
0.1270105
0.1311357
0.1471452
0.1621536
0.1636151
0.1556053
0.1535325
0.1654506
0.1835201
0.1948425
0.1970593
0.1995705
0.2096403
0.2211900
0.2207829
0.2041233
0.1831246
0.1747447
0.1842125
0.2004555
0.2063885
0.1920487
0.1596709
0.1197730
0.0833716
0.0557165
0.0351605
0.0172529
-0.0002588
-0.0164317
-0.0303187
-0.0439036
-0.0609044
-0.0822538
-0.1031977
-0.1163015
-0.1184979
-0.1145702
-0.1124322
-0.1153787
-0.1202317
-0.1222895
-0.1197820
-0.1135600
-0.1054807
-0.0987594
-0.0975658
-0.1030798
-0.1098880
-0.1089295
-0.0961497
-0.0780040
-0.0664579
-0.0671740
-0.0736591
-0.0751430
-0.0697025
-0.0661192
-0.0713129
-0.0797277
-0.0797056
-0.0693608
-0.0608328
-0.0662596
-0.0825604
-0.0941710
-0.0907551
-0.0782103
-0.0690676
-0.0641136
-0.0496811
-0.0166005
0.0225836
0.0433741
0.0385195
0.0314727
0.0543793
0.1131248
0.1789638
0.2168520
0.2199044
0.2136100
0.2267982
0.2610848
0.2902638
0.2879981
0.2528947
0.2057664
0.1656627
0.1319622
0.0892177
0.0265115
-0.0488150
-0.1153053
-0.1552662
-0.1698739
-0.1760395
-0.1870021
-0.1980472
-0.1955421
-0.1795156
-0.1699915
-0.1846516
-0.2132537
-0.2242449
-0.2020639
-0.1707308
-0.1682686
-0.1970390
-0.2147947
-0.1884962
-0.1483064
-0.1640236
-0.2582982
-0.3622824
-0.3811555
-0.2993385
-0.1911003
-0.1097270
0.0118160
0.3073947
0.8046216
1.3247567
1.5921098
1.4637993
1.0497240
0.6037077
0.3067000
0.1603393
0.0664854
-0.0328660
-0.1128669
-0.1346166
-0.1132913
-0.1019963
-0.1268081
-0.1618436
-0.1700585
-0.1509227
-0.1357269
-0.1439807
-0.1609299
-0.1616288
-0.1446607
-0.1311650
-0.1348568
-0.1447920
-0.1410969
-0.1204413
-0.0993526
-0.0939182
-0.1019146
-0.1074920
-0.1007690
-0.0882319
-0.0822971
-0.0841289
-0.0816011
-0.0646475
-0.0384565
-0.0184739
-0.0137850
-0.0181201
-0.0175798
-0.0058466
0.0094537
0.0162498
0.0135543
0.0150975
0.0349208
0.0703028
0.1025691
0.1160460
0.1137510
0.1124724
0.1238731
0.1430346
0.1562019
0.1581010
0.1588863
0.1722289
0.1980146
0.2207629
0.2266919
0.2190180
0.2129427
0.2172407
0.2251868
0.2244849
0.2128983
0.2013914
0.2020415
0.2144354
0.2254572
0.2229102
0.2077433
0.1907432
0.1783034
0.1656316
0.1456353
0.1207738
0.1017027
0.0942404
0.0908350
0.0770325
0.0463094
0.0073052
-0.0249812
-0.0450423
-0.0615492
-0.0846330
-0.1111702
-0.1270037
-0.1237104
-0.1090682
-0.0991568
-0.1027458
-0.1155182
-0.1276706
-0.1338982
-0.1350754
-0.1322640
-0.1228031
-0.1051235
-0.0861022
-0.0785236
-0.0880271
-0.1049333
-0.1127167
-0.1042339
-0.0872584
-0.0747877
-0.0727567
-0.0773497
-0.0813438
-0.0808517
-0.0762912
-0.0689781
-0.0595875
-0.0511805
-0.0509339
-0.0641524
-0.0856399
-0.1006681
-0.0971084
-0.0755207
-0.0466879
-0.0215985
-0.0050908
0.0036392
0.0080206
0.0121999
0.0206266
0.0379339
0.0672472
0.1068532
0.1490598
0.1844219
0.2079920
0.2213661
0.2294267
0.2353398
0.2366140
0.2248094
0.1921100
0.1413355
0.0871255
0.0425756
0.0051177
-0.0397368
-0.0992526
-0.1615932
-0.2058686
-0.2229238
-0.2236682
-0.2261759
-0.2365359
-0.2453712
-0.2432222
-0.2344132
-0.2313280
-0.2383309
-0.2485809
-0.2560808
-0.2617479
-0.2643948
-0.2558951
-0.2356257
-0.2248113
-0.2516175
-0.3157689
-0.3775124
-0.3939977
-0.3645413
-0.3226866
-0.2708364
-0.1354046
0.1799238
0.6727255
1.1816738
1.4761779
1.4283357
1.1043629
0.6928621
0.3519969
0.1229999
-0.0336338
-0.1518329
-0.2240740
-0.2353948
-0.2043350
-0.1743113
-0.1712151
-0.1844115
-0.1914970
-0.1892654
-0.1921753
-0.2079531
-0.2262445
-0.2315691
-0.2200612
-0.2012725
-0.1877958
-0.1854546
-0.1912536
-0.1980479
-0.2004176
-0.1968945
-0.1888439
-0.1791491
-0.1706038
-0.1628337
-0.1517688
-0.1353767
-0.1189159
-0.1102000
-0.1096797
-0.1097287
-0.1045311
-0.0961428
-0.0889012
-0.0817831
-0.0696667
-0.0509440
-0.0314112
-0.0193445
-0.0158692
-0.0111984
0.0057228
0.0323523
0.0521382
0.0535507
0.0463126
0.0524327
0.0812050
0.1179237
0.1387677
0.1345507
0.1190128
0.1144400
0.1288174
0.1477522
0.1512648
0.1376432
0.1255658
0.1312463
0.1492001
0.1596465
0.1511339
0.1312261
0.1164560
0.1153322
0.1212370
0.1207470
0.1086256
0.0928343
0.0828389
0.0761875
0.0620483
0.0365099
0.0075458
-0.0161242
-0.0350313
-0.0554572
-0.0801138
-0.1046333
-0.1212917
-0.1259924
-0.1236723
-0.1256640
-0.1387728
-0.1580689
-0.1728580
-0.1774221
-0.1731228
-0.1636189
-0.1527355
-0.1445297
-0.1407414
-0.1396115
-0.1400521
-0.1438778
-0.1506846
-0.1544426
-0.1495952
-0.1378326
-0.1254091
-0.1166033
-0.1123274
-0.1113719
-0.1102829
-0.1057672
-0.0995070
-0.0967729
-0.0988582
-0.1014514
-0.1015288
-0.1005675
-0.0998613
-0.0980325
-0.0938070
-0.0858171
-0.0703586
-0.0465555
-0.0234814
-0.0135703
-0.0168418
-0.0181272
-0.0017346
0.0353594
0.0834673
0.1275028
0.1562999
0.1712518
0.1843600
0.2027609
0.2187238
0.2203227
0.2066026
0.1853311
0.1615364
0.1357201
0.1068171
0.0684963
0.0099185
-0.0688589
-0.1469819
-0.1985874
-0.2165281
-0.2148943
-0.2126556
-0.2192628
-0.2302044
-0.2331486
-0.2247247
-0.2201563
-0.2344640
-0.2565023
-0.2607316
-0.2458869
-0.2379167
-0.2474338
-0.2506643
-0.2291189
-0.2074443
-0.2293301
-0.3026294
-0.3826953
-0.4098665
-0.3614622
-0.2657736
-0.1501107
0.0296532
0.3653289
0.8541905
1.3078016
1.4801281
1.3018964
0.9333087
0.5779006
0.3140571
0.1280708
