-0.1333925
-0.1322976
-0.1341442
-0.1344630
-0.1303139
-0.1243740
-0.1215675
-0.1234706
-0.1274033
-0.1303356
-0.1322343
-0.1351301
-0.1391667
-0.1394179
-0.1267177
-0.0937806
-0.0439566
0.0051458
0.0307681
0.0238012
0.0008360
-0.0060825
0.0228602
0.0757698
0.1190887
0.1291170
0.1133141
0.0996639
0.1065570
0.1258364
0.1352456
0.1233856
0.0987745
0.0758876
0.0575711
0.0340302
-0.0037105
-0.0538084
-0.1067256
-0.1534293
-0.1878387
-0.2054014
-0.2061585
-0.2001432
-0.2029239
-0.2195681
-0.2354194
-0.2304999
-0.2051962
-0.1845379
-0.1902817
-0.2128584
-0.2216221
-0.2048560
-0.1876127
-0.1986151
-0.2260692
-0.2257820
-0.1810951
-0.1384508
-0.1612373
-0.2485354
-0.3228584
-0.3135526
-0.2358560
-0.1569866
-0.0803090
0.1009085
0.4929764
1.0392472
1.4992364
1.6245223
1.3677298
0.9150401
0.5163095
0.2915442
0.1936589
0.1235385
0.0452498
-0.0110595
-0.0224071
-0.0138918
-0.0259908
-0.0651751
-0.1028307
-0.1155910
-0.1112741
-0.1127503
-0.1276465
-0.1425168
-0.1428216
-0.1297664
-0.1158366
-0.1097830
-0.1103891
-0.1125525
-0.1146109
-0.1184930
-0.1250147
-0.1308894
-0.1304053
-0.1202126
-0.1034434
-0.0890369
-0.0850190
-0.0908039
-0.0970000
-0.0948304
-0.0857503
-0.0794965
-0.0815126
-0.0846593
-0.0767127
-0.0559895
-0.0357442
-0.0301908
-0.0377682
-0.0420819
-0.0303972
-0.0081636
0.0076795
0.0087348
0.0049613
0.0130817
0.0375672
0.0662224
0.0845451
0.0912566
0.0973071
0.1111904
0.1291895
0.1418366
0.1475278
0.1559029
0.1765472
0.2064385
0.2312435
0.2397060
0.2354955
0.2335122
0.2445168
0.2644617
0.2796500
0.2818170
0.2769230
0.2786258
0.2938030
0.3154538
0.3299149
0.3300895
0.3205316
0.3096934
0.2990013
0.2817607
0.2531299
0.2188664
0.1913952
0.1767065
0.1671006
0.1487206
0.1158430
0.0759774
0.0404313
0.0118061
-0.0168006
-0.0503364
-0.0825734
-0.1013209
-0.1028008
-0.0980253
-0.1024986
-0.1199559
-0.1383644
-0.1430554
-0.1328445
-0.1216410
-0.1237648
-0.1386451
-0.1511457
-0.1471148
-0.1277647
-0.1080852
-0.1016657
-0.1082723
-0.1165475
-0.1174840
-0.1134508
-0.1135782
-0.1216413
-0.1304187
-0.1289563
-0.1148150
-0.0978082
-0.0908897
-0.0976510
-0.1093130
-0.1138852
-0.1078378
-0.0989064
-0.0980292
-0.1086578
-0.1234093
-0.1307283
-0.1251028
-0.1115275
-0.1006507
-0.0997010
-0.1075579
-0.1175314
-0.1240105
-0.1263892
-0.1274444
-0.1291139
-0.1306126
-0.1304250
-0.1289947
-0.1284195
-0.1296314
-0.1309693
-0.1302831
-0.1281694
-0.1283965
-0.1345078
-0.1452858
-0.1528936
-0.1460438
-0.1174645
-0.0711871
-0.0232474
0.0073702
0.0126444
0.0028897
-0.0008646
0.0148697
0.0434005
0.0643064
0.0641867
0.0508113
0.0450220
0.0583082
0.0802824
0.0898326
0.0773770
0.0533396
0.0339528
0.0214028
0.0013745
-0.0395072
-0.0967811
-0.1508610
-0.1852564
-0.1995428
-0.2049709
-0.2113458
-0.2205139
-0.2296512
-0.2359550
-0.2374353
-0.2331512
-0.2254979
-0.2200471
-0.2196293
-0.2196134
-0.2135823
-0.2044621
-0.2040582
-0.2162377
-0.2249559
-0.2099750
-0.1780456
-0.1677123
-0.2098959
-0.2849858
-0.3336871
-0.3180905
-0.2594419
-0.1964515
-0.1072889
0.0997518
0.4885779
0.9841363
1.3808744
1.4885208
1.2827902
0.9150216
0.5775801
0.3629105
0.2418565
0.1491417
0.0633194
0.0051575
-0.0141699
-0.0178546
-0.0364816
-0.0730278
-0.1047620
-0.1140265
-0.1070429
-0.1021569
-0.1082092
-0.1195241
-0.1274510
-0.1297234
-0.1285897
-0.1259253
-0.1233625
-0.1236507
-0.1274688
-0.1298423
-0.1240508
-0.1105382
-0.0989763
-0.0985124
-0.1067541
-0.1114805
-0.1044847
-0.0916508
-0.0866732
-0.0948328
-0.1054981
-0.1025069
-0.0812947
-0.0542634
-0.0391646
-0.0430139
-0.0571029
-0.0662083
-0.0618387
-0.0475164
-0.0329946
-0.0243873
-0.0196119
-0.0122236
0.0014641
0.0191846
0.0357097
0.0482089
0.0586090
0.0709406
0.0865172
0.1020438
0.1130520
0.1193643
0.1265502
0.1412100
0.1645014
0.1902930
0.2098361
0.2188289
0.2206991
0.2231644
0.2310590
0.2421833
0.2504298
0.2530905
0.2545164
0.2618396
0.2769380
0.2931747
0.3009261
0.2967947
0.2868105
0.2794223
0.2753040
0.2657762
0.2427894
0.2095812
0.1790509
0.1605811
0.1498367
0.1332684
0.1025523
0.0630973
0.0276470
0.0028280
-0.0159907
-0.0365074
-0.0589088
-0.0761320
-0.0840031
-0.0876106
-0.0953562
-0.1082012
-0.1179151
-0.1169890
-0.1086332
-0.1049434
-0.1145355
-0.1325475
-0.1437452
-0.1362353
-0.1126203
-0.0880125
-0.0771960
-0.0830850
-0.0962828
-0.1047201
-0.1039037
-0.0988487
-0.0968152
-0.0986749
-0.0982377
-0.0905057
-0.0793294
-0.0746455
-0.0813389
-0.0924562
-0.0956458
-0.0867753
-0.0756309
-0.0762739
-0.0914749
-0.1083041
-0.1107971
-0.0966307
-0.0794782
-0.0745547
-0.0839518
-0.0977689
-0.1076277
-0.1150526
-0.1252730
-0.1361455
-0.1379578
-0.1256841
-0.1084831
-0.1028627
-0.1151622
-0.1331113
-0.1370951
-0.1191329
-0.0888048
-0.0612328
-0.0426032
-0.0287736
-0.0146095
-0.0001039
0.0129739
0.0262382
0.0427746
0.0607446
0.0725627
0.0726574
0.0645924
0.0578384
0.0575348
0.0599867
0.0590287
0.0537541
0.0469315
0.0372792
0.0175905
-0.0179405
-0.0668842
-0.1205982
-0.1707680
-0.2111902
-0.2350574
-0.2366631
-0.2196036
-0.1999795
-0.1946571
-0.2043172
-0.2130661
-0.2090129
-0.2012100
-0.2084588
-0.2314874
-0.2461870
-0.2316428
-0.1989347
-0.1803905
-0.1891418
-0.2017344
-0.1907127
-0.1672554
-0.1745224
-0.2333632
-0.3085586
-0.3437194
-0.3230014
-0.2747894
-0.2042260
-0.0447842
0.2860038
0.7670350
1.2278624
1.4526877
1.3482051
1.0125684
0.6420568
0.3754705
0.2240540
0.1271969
0.0447832
-0.0145734
-0.0344457
-0.0292092
-0.0321280
-0.0579399
-0.0910989
-0.1095524
-0.1098680
-0.1057499
-0.1088231
-0.1173545
-0.1221757
-0.1182646
-0.1092109
-0.1034911
-0.1081557
-0.1235931
-0.1412913
-0.1478203
-0.1354543
-0.1110098
-0.0915316
-0.0880532
-0.0946088
-0.0963664
-0.0880495
-0.0798864
-0.0832117
-0.0938767
-0.0950876
-0.0771528
-0.0502186
-0.0340439
-0.0363613
-0.0451385
-0.0435487
-0.0293782
-0.0156813
-0.0128898
-0.0153201
-0.0086650
0.0117670
0.0351588
0.0482918
0.0508538
0.0546710
0.0687876
0.0885843
0.1013758
0.1015293
0.0976501
0.1039654
0.1260291
0.1563905
0.1833593
0.2015315
0.2132445
0.2224367
0.2299889
0.2351396
0.2392617
0.2462213
0.2583909
0.2729811
0.2837942
0.2876528
0.2884196
0.2929680
0.3027825
0.3110836
0.3097167
0.2984780
0.2859478
0.2799446
0.2776892
0.2674209
0.2413600
0.2060465
0.1767443
0.1603041
0.1463105
0.1186839
0.0754810
0.0331987
0.0093281
0.0030418
-0.0032685
-0.0233353
-0.0517520
-0.0723330
-0.0796204
-0.0861959
-0.1055088
-0.1316769
-0.1436489
-0.1308509
-0.1083690
-0.1009243
-0.1141228
-0.1285725
-0.1245963
-0.1070755
-0.0993821
-0.1134222
-0.1328312
-0.1311166
-0.1037271
-0.0749137
-0.0703010
-0.0880925
-0.1033344
-0.0986371
-0.0831286
-0.0781125
-0.0896223
-0.1019734
-0.0981557
-0.0804415
-0.0668570
-0.0698996
-0.0840314
-0.0951522
-0.0974954
-0.0965691
-0.0977302
-0.0988985
-0.0971204
-0.0965019
-0.1029292
-0.1124086
-0.1123887
-0.0984411
-0.0846988
-0.0904945
-0.1158537
-0.1363333
-0.1273190
-0.0913760
-0.0553681
-0.0392600
-0.0344285
-0.0188520
0.0104745
0.0312074
0.0256875
0.0088276
0.0152381
0.0580616
0.1097073
0.1301653
0.1110480
0.0835647
0.0812803
0.1025131
0.1168288
0.1053567
0.0832186
0.0762947
0.0834295
0.0735498
0.0220648
-0.0586978
-0.1315177
-0.1721392
-0.1874239
-0.1968440
-0.2060055
-0.2058332
-0.1932788
-0.1811761
-0.1828020
-0.1941014
-0.2001113
-0.1965509
-0.1946523
-0.2020323
-0.2091400
-0.2033683
-0.1898979
-0.1849079
-0.1879496
-0.1774475
-0.1455146
-0.1264711
-0.1678321
-0.2660514
-0.3501662
-0.3503756
-0.2763554
-0.1981295
-0.1351047
0.0098063
0.3621699
0.9062114
1.4270103
1.6570547
1.4956987
1.0823112
0.6574299
0.3653808
0.1915760
0.0601178
-0.0511825
-0.1057471
-0.0869752
-0.0410277
-0.0301722
-0.0646865
-0.1010912
-0.1021700
-0.0793755
-0.0706029
-0.0906648
-0.1178875
-0.1263027
-0.1168933
-0.1104544
-0.1173605
-0.1256985
-0.1204991
-0.1052803
-0.0966725
-0.1009331
-0.1053563
-0.0963541
-0.0793990
-0.0734463
-0.0863133
-0.1026032
-0.1002675
-0.0763110
-0.0505843
-0.0428317
-0.0505661
-0.0545379
-0.0443798
-0.0313172
-0.0313758
-0.0414293
-0.0405789
-0.0161732
0.0190276
0.0408226
0.0409729
0.0340351
0.0367734
0.0477031
0.0526113
0.0475113
0.0475433
0.0684834
0.1042168
0.1307735
0.1338758
0.1255902
0.1288648
0.1498526
0.1727768
0.1821153
0.1826139
0.1924301
0.2194955
0.2509741
0.2678903
0.2658480
0.2567301
0.2516265
0.2490255
0.2434382
0.2400455
0.2517026
0.2798088
0.3055141
0.3065032
0.2810299
0.2499335
0.2336352
0.2309386
0.2233867
0.1982737
0.1624825
0.1320596
0.1123293
0.0936122
0.0660939
0.0327028
0.0034978
-0.0187326
-0.0410975
-0.0689322
-0.0969561
-0.1150482
-0.1203703
-0.1206106
-0.1255317
-0.1375053
-0.1509975
-0.1597595
-0.1626693
-0.1625383
-0.1613111
-0.1583695
-0.1530086
-0.1467071
-0.1426656
-0.1440193
-0.1516556
-0.1616958
-0.1658004
-0.1575835
-0.1402123
-0.1249143
-0.1196873
-0.1213999
-0.1217321
-0.1194108
-0.1222182
-0.1352835
-0.1507258
-0.1536678
-0.1396558
-0.1223141
-0.1193455
-0.1317549
-0.1423702
-0.1373614
-0.1242833
-0.1228353
-0.1393623
-0.1577849
-0.1588466
-0.1434686
-0.1311798
-0.1360007
-0.1497879
-0.1535407
-0.1425469
-0.1332248
-0.1411959
-0.1570318
-0.1519975
-0.1102753
-0.0499470
-0.0068098
0.0009560
-0.0120570
-0.0173737
-0.0014117
0.0263210
0.0491017
0.0610352
0.0680952
0.0759164
0.0824359
0.0835732
0.0811713
0.0805152
0.0813088
0.0759306
0.0577919
0.0280924
-0.0075363
-0.0465543
-0.0907193
-0.1399737
-0.1872552
-0.2213725
-0.2364736
-0.2387211
-0.2414258
-0.2514473
-0.2614806
-0.2587053
-0.2412994
-0.2231661
-0.2197970
-0.2308410
-0.2403310
-0.2357284
-0.2234976
-0.2204268
-0.2292579
-0.2311293
-0.2104308
-0.1833257
-0.1878538
-0.2390730
-0.3034864
-0.3300034
-0.3022270
-0.2427339
-0.1576017
0.0069459
0.3233467
0.7813115
1.2364765
1.4856703
1.4157448
1.0879917
0.6797409
0.3465525
0.1363855
0.0145491
-0.0596947
-0.0952225
-0.0907458
-0.0656457
-0.0540271
-0.0724836
-0.1048417
-0.1230913
-0.1190237
-0.1101479
-0.1160451
-0.1355037
-0.1501501
-0.1467357
-0.1308581
-0.1190248
-0.1208174
-0.1303240
-0.1340205
-0.1261641
-0.1156654
-0.1162939
-0.1300258
-0.1428134
-0.1390152
-0.1185411
-0.0971454
-0.0899665
-0.0967615
-0.1038572
-0.0992764
-0.0844928
-0.0708209
-0.0654270
-0.0636454
-0.0563969
-0.0423125
-0.0285908
-0.0206395
-0.0154834
-0.0071195
0.0049015
0.0151998
0.0198684
0.0217644
0.0278769
0.0418836
0.0600689
0.0757418
0.0876546
0.1016460
0.1220688
0.1436329
0.1555039
0.1542119
0.1501184
0.1590892
0.1871492
0.2232022
0.2478148
0.2512295
0.2431390
0.2426317
0.2578062
0.2779371
0.2872862
0.2836436
0.2797501
0.2874828
0.3042797
0.3164130
0.3139730
0.3006738
0.2880493
0.2808791
0.2711796
0.2486169
0.2146652
0.1822971
0.1613556
0.1478126
0.1290252
0.0972231
0.0561922
0.0162928
-0.0153866
-0.0402906
-0.0646140
-0.0906853
-0.1134060
-0.1262748
-0.1294418
-0.1296092
-0.1326031
-0.1382333
-0.1425296
-0.1434850
-0.1441718
-0.1501204
-0.1623510
-0.1730321
-0.1712728
-0.1555708
-0.1381390
-0.1334015
-0.1427707
-0.1536041
-0.1533485
-0.1424911
-0.1324882
-0.1317886
-0.1356330
-0.1317202
-0.1163632
-0.1015100
-0.1015655
-0.1147428
-0.1234561
-0.1150892
-0.0976158
-0.0907721
-0.1038790
-0.1259288
-0.1373513
-0.1293938
-0.1113905
-0.0999764
-0.1025294
-0.1124115
-0.1196101
-0.1224022
-0.1263637
-0.1347862
-0.1439742
-0.1472920
-0.1410651
-0.1272086
-0.1122360
-0.1020562
-0.0946944
-0.0798193
-0.0501209
-0.0136232
0.0098029
0.0079164
-0.0079945
-0.0092721
0.0245182
0.0838340
0.1346256
0.1493077
0.1325201
0.1131021
0.1114739
0.1207781
0.1216362
0.1081134
0.0920509
0.0839742
0.0770627
0.0533445
0.0036439
-0.0616982
-0.1227487
-0.1683770
-0.2014924
-0.2269001
-0.2409705
-0.2386433
-0.2262251
-0.2187059
-0.2236148
-0.2337162
-0.2375196
-0.2321255
-0.2234832
-0.2184725
-0.2204201
-0.2293736
-0.2412094
-0.2456038
-0.2306732
-0.1972669
-0.1694056
-0.1803294
-0.2370384
-0.3018559
-0.3236653
-0.2908880
-0.2364553
-0.1748997
-0.0463110
0.2452392
0.7156923
1.2283077
1.5590808
1.5575343
1.2578665
0.8394771
0.4819898
0.2547073
0.1265147
0.0486920
0.0050737
-0.0061517
-0.0040248
-0.0169617
-0.0520762
-0.0891581
-0.1073586
-0.1089952
-0.1127430
-0.1282342
-0.1444133
-0.1449712
-0.1303804
-0.1178395
-0.1194647
-0.1283929
-0.1307599
-0.1248095
-0.1205201
-0.1235462
-0.1278783
-0.1250155
-0.1146205
-0.1041980
-0.1008192
-0.1038125
-0.1048581
-0.0969329
-0.0840435
-0.0787296
-0.0873932
-0.1008502
-0.1023141
-0.0834487
-0.0517783
-0.0246883
-0.0158730
-0.0232038
-0.0291467
-0.0179189
0.0065879
0.0248930
0.0252761
0.0176446
0.0215220
0.0445801
0.0760575
0.0988377
0.1061492
0.1076102
0.1183514
0.1409098
0.1612919
0.1669346
0.1646427
0.1737887
0.2031371
0.2409716
0.2681601
0.2760806
0.2722123
0.2723410
0.2863002
0.3079280
0.3210400
0.3183607
0.3110945
0.3157769
0.3351390
0.3562278
0.3642830
0.3548265
0.3355197
0.3192617
0.3117660
0.3038273
0.2807736
0.2412805
0.2002976
0.1707941
0.1497784
0.1259513
0.0941814
0.0578092
0.0221699
-0.0096826
-0.0379604
-0.0644485
-0.0870897
-0.0987496
-0.0974918
-0.0948105
-0.1042749
-0.1233661
-0.1364331
-0.1354899
-0.1287018
-0.1278929
-0.1359719
-0.1468684
-0.1510317
-0.1424052
-0.1262406
-0.1167066
-0.1204366
-0.1278037
-0.1277187
-0.1238254
-0.1263807
-0.1346890
-0.1382456
-0.1306237
-0.1139748
-0.0955846
-0.0864794
-0.0947200
-0.1127773
-0.1214595
-0.1138961
-0.1047897
-0.1086037
-0.1208593
-0.1286398
-0.1266950
-0.1161230
-0.1010847
-0.0928020
-0.1010118
-0.1163751
-0.1194488
-0.1112775
-0.1134244
-0.1323967
-0.1480043
-0.1439225
-0.1261885
-0.1063882
-0.0916078
-0.0920098
-0.1071840
-0.1059694
-0.0599745
0.0018534
0.0214042
-0.0000989
-0.0013629
0.0344840
0.0425076
-0.0206144
