0.7099081
1.1598442
1.4576801
1.6104497
1.5706070
1.2717909
0.7897482
0.3237530
0.0073863
-0.1694544
-0.2617356
-0.2934884
-0.2861030
-0.2730260
-0.2619004
-0.2354478
-0.1968514
-0.1689859
-0.1526380
-0.1307598
-0.1077444
-0.1018153
-0.1068730
-0.1024397
-0.0922682
-0.0950879
-0.1068129
-0.1077783
-0.0983940
-0.0951747
-0.1000924
-0.1021390
-0.0999908
-0.0989315
-0.0961026
-0.0895849
-0.0891563
-0.0994201
-0.1070201
-0.1018734
-0.0951573
-0.0998262
-0.1096085
-0.1130027
-0.1123352
-0.1146271
-0.1184198
-0.1217073
-0.1283726
-0.1370483
-0.1384061
-0.1313103
-0.1266364
-0.1291089
-0.1309815
-0.1285195
-0.1286480
-0.1347755
-0.1413268
-0.1457113
-0.1512510
-0.1565918
-0.1566867
-0.1549397
-0.1601592
-0.1715742
-0.1803996
-0.1849772
-0.1909513
-0.1980729
-0.1995039
-0.1925069
-0.1794151
-0.1619894
-0.1446544
-0.1370189
-0.1419332
-0.1469626
-0.1386128
-0.1193872
-0.1011935
-0.0884806
-0.0773949
-0.0651150
-0.0510373
-0.0344526
-0.0180122
-0.0072244
-0.0014241
0.0069098
0.0194316
0.0277447
0.0266875
0.0223991
0.0221789
0.0250468
0.0266775
0.0254781
0.0205722
0.0119406
0.0047747
0.0054064
0.0114773
0.0144094
0.0122048
0.0113061
0.0156285
0.0221391
0.0270366
0.0283720
0.0237237
0.0133771
0.0043947
0.0037591
0.0091101
0.0131147
0.0141520
0.0156804
0.0184088
0.0203787
0.0218643
0.0238384
0.0247046
0.0236891
0.0233691
0.0244197
0.0232939
0.0197195
0.0201574
0.0282612
0.0376509
0.0397862
0.0343513
0.0274122
0.0237635
0.0243725
0.0267714
0.0257879
0.0188373
0.0114918
0.0118888
0.0190957
0.0238209
0.0212339
0.0157629
0.0122307
0.0096478
0.0055285
0.0001275
-0.0051006
-0.0084452
-0.0074934
-0.0025973
0.0003429
-0.0042121
-0.0140417
-0.0224519
-0.0269016
-0.0296242
-0.0323933
-0.0356855
-0.0402141
-0.0444642
-0.0438663
-0.0371614
-0.0301975
-0.0287462
-0.0310439
-0.0319809
-0.0311358
-0.0320459
-0.0363164
-0.0420794
-0.0457672
-0.0434237
-0.0339330
-0.0225755
-0.0170428
-0.0184439
-0.0208152
-0.0203002
-0.0190977
-0.0190740
-0.0177559
-0.0132072
-0.0078608
-0.0050681
-0.0054785
-0.0079241
-0.0105068
-0.0109024
-0.0091988
-0.0094410
-0.0142777
-0.0196410
-0.0195040
-0.0144773
-0.0107832
-0.0119743
-0.0163368
-0.0211532
-0.0250408
-0.0273056
-0.0289073
-0.0326253
-0.0389951
-0.0441644
-0.0448871
-0.0431800
-0.0430590
-0.0453243
-0.0482715
-0.0506653
-0.0516431
-0.0508590
-0.0507017
-0.0546225
-0.0612574
-0.0642936
-0.0604646
-0.0538510
-0.0501112
-0.0500429
-0.0506527
-0.0491028
-0.0440931
-0.0365725
-0.0299901
-0.0266507
-0.0236015
-0.0157432
-0.0031298
0.0084784
0.0144005
0.0152802
0.0158795
0.0249843
0.0587956
0.1431072
0.3098438
0.5830766
0.9509327
1.3382794
1.6154740
1.6600271
1.4343535
1.0155587
0.5501641
0.1694985
-0.0713790
-0.1940569
-0.2499077
-0.2738099
-0.2753808
-0.2592316
-0.2375311
-0.2199819
-0.2029790
-0.1778756
-0.1465166
-0.1218815
-0.1141170
-0.1201216
-0.1271253
-0.1248307
-0.1143168
-0.1053456
-0.1045087
-0.1078787
-0.1076607
-0.1033753
-0.1014592
-0.1048275
-0.1085195
-0.1066859
-0.0996441
-0.0927471
-0.0911459
-0.0960636
-0.1036991
-0.1079661
-0.1066106
-0.1039466
-0.1055551
-0.1118371
-0.1190876
-0.1247702
-0.1286828
-0.1308142
-0.1314649
-0.1324870
-0.1358807
-0.1421023
-0.1510363
-0.1623425
-0.1731928
-0.1785847
-0.1765514
-0.1712002
-0.1686460
-0.1715737
-0.1786913
-0.1869035
-0.1928061
-0.1947051
-0.1944935
-0.1953346
-0.1969691
-0.1960121
-0.1912248
-0.1852989
-0.1807049
-0.1767596
-0.1716085
-0.1645779
-0.1560828
-0.1473920
-0.1402922
-0.1345854
-0.1264033
-0.1116791
-0.0910653
-0.0693015
-0.0504502
-0.0356364
-0.0239027
-0.0127781
0.0004535
0.0153040
0.0272190
0.0326995
0.0338512
0.0352602
0.0376930
0.0375652
0.0319430
0.0221547
0.0129406
0.0086445
0.0087963
0.0073440
-0.0010413
-0.0132285
-0.0193505
-0.0137322
-0.0014545
0.0073686
0.0074358
0.0013187
-0.0045977
-0.0056858
-0.0025618
-0.0001952
-0.0022160
-0.0060625
-0.0056084
0.0016664
0.0122249
0.0207134
0.0244323
0.0243592
0.0243815
0.0289569
0.0388361
0.0493508
0.0551378
0.0559831
0.0559381
0.0576170
0.0597285
0.0595869
0.0560143
0.0502875
0.0455317
0.0440475
0.0441283
0.0412777
0.0339095
0.0258109
0.0213810
0.0204715
0.0196792
0.0168375
0.0124352
0.0081650
0.0056067
0.0050478
0.0046231
0.0020083
-0.0024509
-0.0058167
-0.0059910
-0.0034729
-0.0000658
0.0019862
0.0001789
-0.0058951
-0.0123443
-0.0142868
-0.0120210
-0.0111344
-0.0153615
-0.0213020
-0.0214436
-0.0118243
0.0032317
0.0136094
0.0119959
0.0012249
-0.0083672
-0.0100872
-0.0072685
-0.0068353
-0.0093235
-0.0087460
-0.0010120
0.0110109
0.0207584
0.0239089
0.0209538
0.0154575
0.0100934
0.0040738
-0.0050617
-0.0173977
-0.0296884
-0.0381167
-0.0403250
-0.0355819
-0.0259433
-0.0170501
-0.0141124
-0.0161758
-0.0174933
-0.0154434
-0.0135017
-0.0145123
-0.0140265
-0.0020816
0.0331093
0.1098383
0.2605343
0.5222397
0.8995750
1.3226779
1.6472092
1.7226287
1.4916489
1.0390049
0.5408253
0.1539463
-0.0639429
-0.1498902
-0.1731253
-0.1792558
-0.1790481
-0.1695771
-0.1532260
-0.1368806
-0.1223073
-0.1057709
-0.0868381
-0.0716306
-0.0653548
-0.0658743
-0.0675852
-0.0686780
-0.0713181
-0.0764724
-0.0819321
-0.0853237
-0.0870187
-0.0895618
-0.0946487
-0.1006520
-0.1036884
-0.1020582
-0.0987848
-0.0980764
-0.1000688
-0.1014212
-0.1007684
-0.1008451
-0.1045810
-0.1110256
-0.1158446
-0.1148445
-0.1072859
-0.0970957
-0.0904453
-0.0906509
-0.0955427
-0.1005216
-0.1031072
-0.1035133
-0.1025790
-0.1012601
-0.1010480
-0.1026821
-0.1049390
-0.1064060
-0.1080262
-0.1124128
-0.1207774
-0.1313069
-0.1403263
-0.1451224
-0.1466699
-0.1492843
-0.1556758
-0.1623467
-0.1625080
-0.1544884
-0.1448196
-0.1413231
-0.1446688
-0.1482386
-0.1453461
-0.1354678
-0.1238811
-0.1156780
-0.1099045
-0.1001153
-0.0815076
-0.0566038
-0.0325947
-0.0141809
-0.0008936
0.0096626
0.0187000
0.0263114
0.0322139
0.0358226
0.0370215
0.0371089
0.0378573
0.0395552
0.0406984
0.0393916
0.0347513
0.0278507
0.0216648
0.0186184
0.0174356
0.0141061
0.0071665
0.0004369
-0.0010588
0.0031191
0.0083625
0.0095082
0.0049765
-0.0024924
-0.0082626
-0.0096887
-0.0081658
-0.0067930
-0.0062940
-0.0045714
-0.0000751
0.0061889
0.0122056
0.0168315
0.0198411
0.0216789
0.0235678
0.0265744
0.0303193
0.0336964
0.0367962
0.0408733
0.0463423
0.0517299
0.0545138
0.0525652
0.0457478
0.0370223
0.0307401
0.0283693
0.0268252
0.0225022
0.0160694
0.0116027
0.0114929
0.0137693
0.0143970
0.0112971
0.0062059
0.0028764
0.0029341
0.0036146
0.0008354
-0.0054295
-0.0105591
-0.0106497
-0.0068853
-0.0037810
-0.0044757
-0.0086119
-0.0136597
-0.0173805
-0.0196382
-0.0222038
-0.0262358
-0.0301946
-0.0312965
-0.0288012
-0.0246272
-0.0209085
-0.0182371
-0.0161807
-0.0142786
-0.0125732
-0.0120413
-0.0139194
-0.0174750
-0.0193340
-0.0168630
-0.0119946
-0.0099370
-0.0136367
-0.0204547
-0.0247178
-0.0234046
-0.0194966
-0.0194629
-0.0264104
-0.0357705
-0.0392878
-0.0335885
-0.0231124
-0.0139532
-0.0059287
0.0108831
0.0577203
0.1683393
0.3804679
0.7082577
1.1071724
1.4639577
1.6375015
1.5374910
1.1873355
0.7178717
0.2899076
0.0041064
-0.1342313
-0.1807177
-0.1921903
-0.1941320
-0.1877600
-0.1717996
-0.1521843
-0.1359886
-0.1237159
-0.1111936
-0.0973794
-0.0868250
-0.0838197
-0.0868807
-0.0908526
-0.0926540
-0.0928306
-0.0926695
-0.0923361
-0.0918862
-0.0923223
-0.0950654
-0.1008702
-0.1089798
-0.1168906
-0.1216697
-0.1223413
-0.1206637
-0.1192056
-0.1192301
-0.1206243
-0.1229204
-0.1258737
-0.1296553
-0.1345808
-0.1399081
-0.1432521
-0.1426909
-0.1396118
-0.1379193
-0.1398008
-0.1433735
-0.1450773
-0.1435727
-0.1408684
-0.1401523
-0.1425615
-0.1456640
-0.1456429
-0.1418406
-0.1385556
-0.1410516
-0.1499026
-0.1602384
-0.1663670
-0.1663253
-0.1623448
-0.1580048
-0.1549932
-0.1521093
-0.1475307
-0.1419466
-0.1382793
-0.1377397
-0.1374796
-0.1334203
-0.1247453
-0.1144971
-0.1060350
-0.0995589
-0.0917942
-0.0788474
-0.0601200
-0.0397829
-0.0235780
-0.0136333
-0.0069686
0.0006578
0.0100111
0.0174960
0.0184181
0.0115625
0.0015713
-0.0038081
-0.0007295
0.0060802
0.0071907
-0.0019741
-0.0159146
-0.0238216
-0.0195049
-0.0070809
0.0024882
0.0009583
-0.0099394
-0.0204520
-0.0222262
-0.0155837
-0.0076495
-0.0047530
-0.0076456
-0.0128506
-0.0166446
-0.0175216
-0.0160337
-0.0130712
-0.0086467
-0.0027516
0.0030133
0.0061144
0.0059974
0.0052119
0.0067288
0.0107743
0.0149702
0.0170024
0.0165779
0.0152637
0.0148961
0.0159019
0.0171608
0.0178873
0.0191748
0.0226188
0.0276010
0.0312601
0.0314810
0.0289296
0.0257684
0.0230951
0.0199519
0.0144362
0.0058442
-0.0038164
-0.0107279
-0.0123983
-0.0099693
-0.0073032
-0.0082681
-0.0147826
-0.0257925
-0.0368790
-0.0422344
-0.0394019
-0.0323741
-0.0284781
-0.0313406
-0.0373524
-0.0394707
-0.0343878
-0.0257592
-0.0201878
-0.0200801
-0.0212369
-0.0181771
-0.0109690
-0.0052226
-0.0055265
-0.0105730
-0.0149181
-0.0137418
-0.0051627
0.0109576
0.0370512
0.0848497
0.1814913
0.3641416
0.6554800
1.0296028
1.3956552
1.6240846
1.6114005
1.3435789
0.9099316
0.4534343
0.0933832
-0.1245602
-0.2239668
-0.2567768
-0.2641839
-0.2631089
-0.2550688
-0.2395733
-0.2190329
-0.1960914
-0.1717258
-0.1475668
-0.1278604
-0.1168989
-0.1147927
-0.1170607
-0.1185020
-0.1170226
-0.1140844
-0.1121728
-0.1118996
-0.1114132
-0.1087577
-0.1045390
-0.1015142
-0.1014583
-0.1031427
-0.1035306
-0.1003387
-0.0935576
-0.0855552
-0.0799915
-0.0795816
-0.0840817
-0.0906006
-0.0960070
-0.0988453
-0.0993429
-0.0985341
-0.0976266
-0.0976140
-0.0990968
-0.1023770
-0.1073210
-0.1129162
-0.1176583
-0.1210251
-0.1240653
-0.1278471
-0.1318244
-0.1345399
-0.1355766
-0.1360106
-0.1371540
-0.1395076
-0.1426636
-0.1454785
-0.1464380
-0.1446171
-0.1406849
-0.1368549
-0.1354684
-0.1368930
-0.1383056
-0.1352837
-0.1259318
-0.1134016
-0.1029330
-0.0959458
-0.0883200
-0.0754339
-0.0580989
-0.0423574
-0.0333933
-0.0302328
-0.0267156
-0.0176610
-0.0039258
0.0088774
0.0163947
0.0192140
0.0201460
0.0193211
0.0139204
0.0027207
-0.0108411
-0.0211301
-0.0252963
-0.0252123
-0.0247325
-0.0256652
-0.0268064
-0.0266602
-0.0259425
-0.0262290
-0.0266880
-0.0242833
-0.0181981
-0.0123870
-0.0116186
-0.0151057
-0.0158470
-0.0073630
0.0092052
0.0253108
0.0325527
0.0299925
0.0238496
0.0202733
0.0195205
0.0179456
0.0144378
0.0125959
0.0159738
0.0228535
0.0272494
0.0249270
0.0177222
0.0119001
0.0124554
0.0187433
0.0252401
0.0263857
0.0208614
0.0119041
0.0045144
0.0024072
0.0061258
0.0126361
0.0171315
0.0166588
0.0124881
0.0084897
0.0071291
0.0074651
0.0070246
0.0051377
0.0041759
0.0074092
0.0153335
0.0240762
0.0280746
0.0249747
0.0179057
0.0127523
0.0131627
0.0178638
0.0221798
0.0221336
0.0178318
0.0132553
0.0123291
0.0149185
0.0169702
0.0146578
0.0079995
0.0004328
-0.0045859
-0.0064686
-0.0076772
-0.0113967
-0.0185985
-0.0269780
-0.0328353
-0.0341456
-0.0319417
-0.0291160
-0.0281759
-0.0297898
-0.0329045
-0.0361482
-0.0391658
-0.0423200
-0.0451148
-0.0457860
-0.0431836
-0.0386203
-0.0350022
-0.0341354
-0.0354199
-0.0371118
-0.0382512
-0.0391257
-0.0402117
-0.0411348
-0.0409481
-0.0393098
-0.0367509
-0.0333827
-0.0281479
-0.0206777
-0.0137451
-0.0120089
-0.0169964
-0.0242113
-0.0270602
-0.0241646
-0.0215200
-0.0258795
-0.0359223
-0.0416762
-0.0345537
-0.0177505
-0.0044065
-0.0039929
-0.0119546
-0.0151548
-0.0072837
0.0040351
0.0079376
0.0091205
0.0372938
0.1389229
0.3552400
0.6950288
1.1117013
1.4989201
1.7205679
1.6741872
1.3549383
0.8704229
0.3844755
0.0257036
-0.1707544
-0.2493634
-0.2737111
-0.2787778
-0.2687930
-0.2427129
-0.2098944
-0.1826062
-0.1630242
-0.1443444
-0.1231392
-0.1053198
-0.0983481
-0.1011684
-0.1053286
-0.1050532
-0.1028802
-0.1046666
-0.1116369
-0.1193010
-0.1230797
-0.1229288
-0.1223133
-0.1241464
-0.1285530
-0.1337970
-0.1381243
-0.1404788
-0.1404602
-0.1386843
-0.1370343
-0.1373829
-0.1394138
-0.1403223
-0.1375081
-0.1315524
-0.1261138
-0.1248853
-0.1287366
-0.1353778
-0.1412829
-0.1441511
-0.1442205
-0.1436043
-0.1443167
-0.1467918
-0.1500441
-0.1528194
-0.1543979
-0.1546348
-0.1537441
-0.1522470
-0.1510125
-0.1510627
-0.1529861
-0.1564153
-0.1603473
-0.1641340
-0.1677370
-0.1706480
-0.1712111
-0.1681676
-0.1630109
-0.1596540
-0.1607105
-0.1642118
-0.1647815
-0.1585197
-0.1466270
-0.1338971
-0.1235275
-0.1137156
-0.0997897
-0.0796396
-0.0564682
-0.0358818
-0.0207137
-0.0092314
0.0017810
0.0128650
0.0211106
0.0233124
0.0196059
0.0137614
0.0097486
0.0081337
0.0061598
0.0013619
-0.0053095
-0.0101256
-0.0099863
-0.0049816
0.0020154
0.0077143
0.0103948
0.0102673
0.0087029
0.0074010
0.0077386
0.0099116
0.0122932
0.0123956
0.0095037
0.0063361
0.0070729
0.0130486
0.0207749
0.0249641
0.0237061
0.0203446
0.0200205
0.0245072
0.0307040
0.0341361
0.0334734
0.0313168
0.0309967
0.0333639
0.0366857
0.0386977
0.0381360
0.0349965
0.0304826
0.0267314
0.0254028
0.0256667
0.0240964
0.0178141
0.0083194
0.0015028
0.0026777
0.0111405
0.0201865
0.0231368
0.0192900
0.0136502
0.0111785
0.0120869
0.0127581
0.0102076
0.0047765
-0.0010967
-0.0054847
-0.0077564
-0.0075348
-0.0042726
0.0013781
0.0063440
0.0066478
0.0010876
-0.0068125
-0.0114440
-0.0103277
-0.0066466
-0.0062472
-0.0119536
-0.0208911
-0.0274627
-0.0288296
-0.0272846
-0.0273654
-0.0311563
-0.0367944
-0.0411698
-0.0431601
-0.0438694
-0.0444570
-0.0447547
-0.0441118
-0.0427325
-0.0414230
-0.0401845
-0.0378289
-0.0334615
-0.0280745
-0.0240596
-0.0228406
-0.0231457
-0.0218671
-0.0167533
-0.0083505
0.0010517
0.0123146
0.0370146
0.1029199
0.2490164
0.5041681
0.8559600
1.2314677
1.5131760
1.5918847
1.4271669
1.0729999
0.6480585
0.2713921
0.0088706
-0.1376466
-0.2033689
-0.2261566
-0.2293984
-0.2235474
-0.2129119
-0.1986054
-0.1795635
-0.1557935
-0.1317153
