-0.0243744
-0.0216720
-0.0257068
-0.0196299
-0.0024976
0.0095496
0.0047903
-0.0147945
-0.0437361
-0.0797737
-0.1179827
-0.1469685
-0.1553906
-0.1407186
-0.1127816
-0.0900582
-0.0866429
-0.0971181
-0.0990563
-0.0778926
-0.0460977
-0.0297711
-0.0380507
-0.0540948
-0.0567042
-0.0433512
-0.0291615
-0.0281976
-0.0395030
-0.0500149
-0.0486475
-0.0365439
-0.0235629
-0.0168137
-0.0158744
-0.0183235
-0.0242646
-0.0330067
-0.0402133
-0.0428748
-0.0445947
-0.0516196
-0.0644401
-0.0764617
-0.0807801
-0.0762392
-0.0669985
-0.0575800
-0.0486631
-0.0379082
-0.0254388
-0.0173292
-0.0212049
-0.0380750
-0.0601668
-0.0766633
-0.0802011
-0.0698430
-0.0524129
-0.0411950
-0.0472760
-0.0671565
-0.0811159
-0.0703116
-0.0389042
-0.0155382
-0.0241572
-0.0471774
-0.0221905
0.1101486
0.3421051
0.5820380
0.7112779
0.6693740
0.4924202
0.2749913
0.0973310
-0.0173655
-0.0900220
-0.1448252
-0.1842491
-0.1967299
-0.1782829
-0.1412147
-0.1041871
-0.0789830
-0.0674364
-0.0663521
-0.0715743
-0.0785520
-0.0824210
-0.0795379
-0.0699125
-0.0588654
-0.0550627
-0.0637785
-0.0807007
-0.0943303
-0.0964581
-0.0895714
-0.0826390
-0.0804440
-0.0790151
-0.0719901
-0.0599776
-0.0517690
-0.0556547
-0.0706284
-0.0875106
-0.0977978
-0.0985402
-0.0882196
-0.0626444
-0.0204257
0.0274601
0.0588313
0.0563982
0.0251501
-0.0067145
-0.0074810
0.0319087
0.0874009
0.1191989
0.1054490
0.0630224
0.0344441
0.0508265
0.1047025
0.1583166
0.1788633
0.1659954
0.1457154
0.1402799
0.1480777
0.1530960
0.1478055
0.1401463
0.1396857
0.1451055
0.1486671
0.1463274
0.1362355
0.1110956
0.0640142
0.0071767
-0.0249147
-0.0058155
0.0455770
0.0700606
0.0242915
-0.0681402
-0.1338715
-0.1249629
-0.0696726
-0.0384705
-0.0635102
-0.1064858
-0.1116892
-0.0770764
-0.0544012
-0.0775408
-0.1082798
-0.0706299
0.0605577
0.2174083
0.2929433
0.2338296
0.0768084
-0.0972414
-0.2301430
-0.3066073
-0.3279780
-0.2901850
-0.1955891
-0.0758347
0.0126666
0.0251234
-0.0363869
-0.1222540
-0.1709810
-0.1526759
-0.0875367
-0.0267302
-0.0110180
-0.0395565
-0.0747062
-0.0790701
-0.0503046
-0.0193504
-0.0150470
-0.0350148
-0.0547460
-0.0606333
-0.0643647
-0.0814762
-0.1033790
-0.1006131
-0.0558318
0.0118671
0.0600132
0.0601154
0.0217893
-0.0170703
-0.0214140
0.0153263
0.0672430
0.0941224
0.0724324
0.0198727
-0.0115034
0.0202031
0.1000022
0.1609235
0.1499933
0.0918253
0.0728634
0.1489425
0.2717951
0.3239531
0.2381609
0.0776637
-0.0145258
0.0480954
0.2125265
0.3395931
0.3339395
0.2192244
0.0968296
0.0475099
0.0748322
0.1248417
0.1403056
0.0982765
0.0177512
-0.0527962
-0.0642269
-0.0061157
0.0723965
0.0934299
0.0200935
-0.1009097
-0.1759771
-0.1504623
-0.0552189
0.0331655
0.0688413
0.0647774
0.0534691
0.0420274
0.0183365
-0.0112205
-0.0146343
0.0256543
0.0786333
0.0886362
0.0363927
-0.0348354
-0.0621942
-0.0280357
0.0255437
0.0446031
0.0164565
-0.0272942
-0.0507892
-0.0465891
-0.0307151
-0.0176860
-0.0092217
-0.0041376
-0.0089219
-0.0321731
-0.0707953
-0.1075435
-0.1250503
-0.1212511
-0.1099306
-0.1069673
-0.1164827
-0.1284673
-0.1278692
-0.1072212
-0.0739561
-0.0469494
-0.0435720
-0.0662957
-0.0997405
-0.1210026
-0.1149164
-0.0825711
-0.0384038
-0.0005021
0.0181453
0.0133588
-0.0109357
-0.0456767
-0.0802737
-0.1052317
-0.1129193
-0.0987984
-0.0665326
-0.0334273
-0.0241859
-0.0475453
-0.0733237
-0.0402477
0.0976664
0.3211613
0.5422553
0.6596040
0.6283863
0.4842481
0.3042499
0.1462152
0.0216678
-0.0832740
-0.1724249
-0.2285125
-0.2317192
-0.1824958
-0.1056804
-0.0356740
0.0026991
0.0049671
-0.0150269
-0.0379682
-0.0547141
-0.0722511
-0.1023546
-0.1413742
-0.1628498
-0.1371006
-0.0644505
0.0121758
0.0364750
-0.0104507
-0.0866591
-0.1224710
-0.0844911
-0.0097654
0.0262978
-0.0192378
-0.1147756
-0.1821581
-0.1674768
-0.0859710
-0.0006472
0.0378938
0.0281323
0.0013487
-0.0180506
-0.0281478
-0.0314591
-0.0162491
0.0335352
0.1115574
0.1820600
0.2065340
0.1773143
0.1224783
0.0791915
0.0659105
0.0788549
0.1061010
0.1363812
0.1562259
0.1505031
0.1162885
0.0761604
0.0688548
0.1171259
0.2006748
0.2633215
0.2541162
0.1697633
0.0612689
-0.0040253
0.0036649
0.0513345
0.0709335
0.0207152
-0.0723857
-0.1321234
-0.1035229
-0.0110287
0.0565228
0.0276341
-0.0801715
-0.1730955
-0.1711578
-0.0876596
-0.0163172
-0.0368964
-0.1351141
-0.2191977
-0.2148263
-0.1380753
-0.0712380
-0.0720078
-0.1165552
-0.1351399
-0.0943723
-0.0317032
-0.0073849
-0.0346721
-0.0695794
-0.0669046
-0.0311784
-0.0023849
0.0004811
0.0039987
0.0422838
0.1064162
0.1472859
0.1299957
0.0734835
0.0284241
0.0229809
0.0429557
0.0666399
0.1057294
0.1974065
0.3542446
0.5312165
0.6507354
0.6620958
0.5765586
0.4486965
0.3290928
0.2340580
0.1523220
0.0721404
-0.0001915
-0.0451582
-0.0507271
-0.0286061
-0.0094958
-0.0188958
-0.0542962
-0.0866408
-0.0877273
-0.0587104
-0.0309527
-0.0365395
-0.0767575
-0.1197088
-0.1290537
-0.0955723
-0.0430544
-0.0068376
-0.0067533
-0.0356933
-0.0684615
-0.0817962
-0.0719783
-0.0577382
-0.0636348
-0.0946419
-0.1258383
-0.1229707
-0.0790699
-0.0288605
-0.0187553
-0.0575574
-0.1008200
-0.0917769
-0.0199370
0.0656417
0.1051218
0.0875235
0.0577789
0.0659235
0.1155408
0.1655985
0.1783698
0.1578127
0.1391344
0.1469892
0.1707863
0.1805720
0.1606617
0.1236234
0.0943505
0.0859808
0.0920133
0.0970508
0.0911001
0.0746369
0.0540861
0.0347195
0.0168700
-0.0026942
-0.0257518
-0.0482127
-0.0613242
-0.0593765
-0.0473024
-0.0390043
-0.0455213
-0.0643455
-0.0822394
-0.0895436
-0.0898051
-0.0930256
-0.1006065
-0.1014324
-0.0860891
-0.0633222
-0.0571081
-0.0830511
-0.1276140
-0.1543242
-0.1346680
-0.0752699
-0.0151544
0.0048965
-0.0260384
-0.0817289
-0.1187888
-0.1070436
-0.0497432
0.0181800
0.0532371
0.0351770
-0.0134102
-0.0365459
0.0192200
0.1673435
0.3709011
0.5658485
0.6962606
0.7338467
0.6751480
0.5325544
0.3336783
0.1233095
-0.0476047
-0.1464145
-0.1765672
-0.1703488
-0.1621469
-0.1665630
-0.1782418
-0.1867191
-0.1872115
-0.1787796
-0.1588384
-0.1255726
-0.0862039
-0.0584459
-0.0590561
-0.0889242
-0.1296932
-0.1563065
-0.1552028
-0.1335806
-0.1132144
-0.1139394
-0.1383527
-0.1679563
-0.1740214
-0.1374507
-0.0649704
0.0109902
0.0515034
0.0371809
-0.0187561
-0.0807464
-0.1151004
-0.1079534
-0.0659499
-0.0065099
0.0496786
0.0820389
0.0773207
0.0417448
0.0041968
-0.0023540
0.0293877
0.0704052
0.0805113
0.0473394
-0.0020499
-0.0304615
-0.0280669
-0.0159609
-0.0144232
-0.0169162
-0.0024509
0.0302499
0.0520586
0.0332060
-0.0203595
-0.0682819
-0.0755867
-0.0470644
-0.0196245
-0.0242611
-0.0599139
-0.1020672
-0.1289816
-0.1361871
-0.1317795
-0.1264767
-0.1290183
-0.1434721
-0.1646676
-0.1786106
-0.1742130
-0.1567034
-0.1449457
-0.1516483
-0.1688601
-0.1782996
-0.1755856
-0.1771339
-0.1978505
-0.2258481
-0.2284682
-0.1878453
-0.1260411
-0.0871884
-0.0913044
-0.1078881
-0.0788132
0.0301495
0.1976765
0.3621538
0.4660977
0.4897081
0.4506325
0.3798706
0.2995455
0.2180859
0.1386556
0.0669337
0.0097905
-0.0316166
-0.0644754
-0.0979057
-0.1336495
-0.1644183
-0.1822557
-0.1872950
-0.1864071
-0.1837276
-0.1759255
-0.1596409
-0.1420409
-0.1387933
-0.1578210
-0.1866495
-0.2007225
-0.1867126
-0.1555023
-0.1296061
-0.1195434
-0.1169307
-0.1111863
-0.1069441
-0.1184380
-0.1473269
-0.1735507
-0.1741456
-0.1494570
-0.1247367
-0.1236699
-0.1440629
-0.1624947
-0.1592161
-0.1329445
-0.0934083
-0.0493822
-0.0096684
0.0120890
0.0073240
-0.0096379
-0.0051261
0.0406901
0.1060586
0.1447122
0.1360149
0.1109366
0.1197000
0.1759013
0.2408142
0.2628086
0.2229807
0.1395547
0.0411721
-0.0493898
-0.1115425
-0.1310959
-0.1204881
-0.1186331
-0.1463868
-0.1632056
-0.0963453
0.0656943
0.2219777
0.2335578
0.0635959
-0.1715485
-0.3094492
-0.2966868
-0.2224783
-0.2000290
-0.2380619
-0.2476040
-0.1644312
-0.0368253
0.0204332
-0.0531365
-0.2031520
-0.3164904
-0.3249866
-0.2530982
-0.1774134
-0.1501319
-0.1575770
-0.1425953
-0.0656563
0.0488067
0.1230551
0.0897211
-0.0456997
-0.2031569
-0.2913423
-0.2758758
-0.1908392
-0.0958009
-0.0327263
-0.0185627
-0.0546325
-0.1216756
-0.1708836
-0.1465699
-0.0378718
0.0953746
0.1633556
0.1199618
-0.0055220
-0.1451960
-0.2464118
-0.2835723
-0.2359008
-0.0855723
0.1480639
0.3890873
0.5461325
0.5810992
0.5259979
0.4256832
0.2795118
0.0629643
-0.1907225
-0.3584844
-0.3133350
-0.0582488
0.2388763
0.3697370
0.2619411
0.0328680
-0.1355110
-0.1731015
-0.1679171
-0.2397576
-0.3848127
-0.4654380
-0.3589820
-0.1026481
0.1258193
0.1718254
0.0372183
-0.1486507
-0.2672128
-0.2966558
-0.2705880
-0.1972649
-0.0607673
0.1044393
0.1899951
0.1080740
-0.0923918
-0.2387303
-0.1891460
0.0300708
0.2549253
0.3454536
0.2992145
0.2055247
0.1205876
0.0235948
-0.1063035
-0.2126776
-0.2022261
-0.0623843
0.0955174
0.1385922
0.0536439
-0.0362014
-0.0046828
0.1422472
0.2796784
0.3053908
0.2448065
0.2027320
0.2264323
0.2446973
0.1534357
-0.0543808
-0.2653470
-0.3536025
-0.2972397
-0.1806326
-0.0966832
-0.0676737
-0.0607810
-0.0531570
-0.0555902
-0.0767883
-0.0928440
-0.0698678
-0.0057472
0.0700377
0.1348911
0.1872664
0.2126160
0.1624265
0.0076623
-0.1802470
-0.2430241
-0.0800175
0.2120877
0.3816433
0.2469980
-0.1108316
-0.3991813
-0.3751849
-0.0601901
0.3021104
0.4842759
0.4586264
0.3591564
0.3030180
0.2815283
0.2188690
0.0986617
0.0009149
0.0147990
0.1347649
0.2538691
0.2556542
0.1107982
-0.1047542
-0.2729826
-0.3189819
-0.2567453
-0.1710750
-0.1520247
-0.2258825
-0.3322112
-0.3700068
-0.2837466
-0.1190311
0.0081840
0.0126666
-0.0766532
-0.1364099
-0.0663616
0.1028156
0.2256211
0.1807627
-0.0003292
-0.1542695
-0.1467821
-0.0107088
0.0882281
0.0248452
-0.1588965
-0.3067541
-0.3115328
-0.2044520
-0.0881279
-0.0173088
0.0271971
0.0669383
0.0791716
0.0444978
0.0082827
0.0453655
0.1566103
0.2411415
0.2060028
0.0892331
0.0330535
0.1216756
0.2744493
0.3284608
0.2173463
0.0377539
-0.0664264
-0.0564250
-0.0135147
-0.0195546
-0.0576645
-0.0401432
0.0874584
0.2841813
0.4376905
0.4326380
0.2193579
-0.1339618
-0.4417419
-0.5037793
-0.2745361
0.0594237
0.2222862
0.1148019
-0.0756264
-0.0741344
0.1652120
0.3857152
0.3080173
-0.0354790
-0.2987390
-0.1771586
0.2615038
0.6298937
0.5962195
0.1856402
-0.2756638
-0.4653634
-0.2946886
0.1072884
0.5466102
0.8698584
0.9807065
0.8484393
0.5427120
0.2270480
0.0610863
0.0816820
0.1841385
0.2264045
0.1490256
-0.0020051
-0.1473673
-0.2471165
-0.3057946
-0.3322526
-0.3178501
-0.2563782
-0.1716934
-0.1115754
-0.1073195
-0.1388571
-0.1454902
-0.0819799
0.0282000
0.1002541
0.0632646
-0.0631521
-0.1744365
-0.1769884
-0.0819167
0.0055625
-0.0038883
-0.0903017
-0.1483497
-0.1006128
0.0230751
0.1185118
0.1062358
-0.0070059
-0.1488613
-0.2417752
-0.2457109
-0.1697667
-0.0648753
0.0034094
0.0029666
-0.0306243
-0.0216505
0.0654279
0.1743506
0.2011438
0.0971844
-0.0778316
-0.2091135
-0.2250877
-0.1397454
-0.0148773
0.0949921
0.1591152
0.1616640
0.1056931
0.0247322
-0.0331336
-0.0457193
-0.0315610
-0.0145870
0.0142518
0.0797020
0.1673751
0.2112610
0.1555814
0.0211901
-0.1090373
-0.1714177
-0.1699246
-0.1389382
-0.0835168
0.0134173
0.1293560
0.1867229
0.1303243
0.0125389
-0.0301828
0.0965154
0.3489626
0.5835772
0.6830666
0.6366460
0.5099070
0.3664668
0.2330390
0.1196188
0.0387209
-0.0073964
-0.0408733
-0.0894291
-0.1531214
-0.2017279
-0.2092940
-0.1847136
-0.1642263
-0.1777375
-0.2234210
-0.2660959
-0.2536050
-0.1467236
0.0425691
0.2316868
0.3033917
0.1905002
-0.0598746
-0.3115311
-0.4400775
-0.4177145
-0.3091365
-0.1995220
-0.1336414
-0.1100168
-0.1064233
-0.0983732
-0.0675013
-0.0132674
0.0424154
0.0779142
0.1043733
0.1586445
0.2473122
0.3078351
0.2548292
0.0805151
-0.1058583
-0.1638746
-0.0548357
0.1203506
0.2204870
0.1938961
0.1079858
0.0670000
0.1182749
0.2304117
0.3312650
0.3507348
0.2526464
0.0696383
-0.0821637
-0.0633871
0.1624841
0.4530305
0.5729069
0.3964843
0.0342977
-0.2570449
-0.3019773
-0.1452528
0.0238248
0.0611206
-0.0287958
-0.1495272
-0.2243400
-0.2334427
-0.1765759
-0.0523123
0.1095612
0.2277555
0.2204410
0.0826665
-0.1041296
-0.2450006
-0.3002792
-0.2795035
-0.1953880
-0.0573482
0.0917284
0.1715563
0.1296964
0.0044468
-0.1035538
-0.1288096
-0.0923221
-0.0488000
-0.0076077
0.0642571
0.1671654
0.2363465
0.2099137
0.1120479
0.0340467
0.0264929
0.0373781
-0.0216315
-0.1608409
-0.2915668
-0.3224961
-0.2544146
-0.1655713
-0.1196562
-0.1123984
-0.1053431
-0.0820484
-0.0524096
-0.0194711
0.0257511
0.0705864
0.0689708
-0.0107473
-0.1312519
-0.2049385
-0.1800998
-0.0971005
-0.0439117
-0.0599881
-0.1008135
-0.1012964
-0.0567553
-0.0239530
-0.0478390
-0.1090302
-0.1526769
-0.1530599
-0.1302125
-0.1084060
-0.0851250
-0.0545132
-0.0395666
-0.0661994
-0.1007732
-0.0502903
0.1347471
0.3585785
0.4241627
0.2210043
-0.1271164
-0.3310033
-0.1811365
0.2654660
0.7398374
0.9943940
0.9812419
0.8234497
0.6522694
0.4976083
0.3204779
0.1082021
-0.0904918
-0.2137269
-0.2428764
-0.2047576
-0.1365866
-0.0648000
-0.0103484
0.0069763
-0.0201902
-0.0785569
-0.1449182
-0.2008637
-0.2313581
-0.2184631
-0.1562678
-0.0780714
-0.0498510
-0.1117685
-0.2222160
-0.2793197
-0.2168347
-0.0779794
0.0186551
-0.0080040
-0.1271522
-0.2340929
-0.2512760
-0.1847474
-0.0934357
-0.0263105
0.0031956
0.0022213
-0.0139689
-0.0168589
0.0279499
0.1247327
0.2214101
0.2403368
0.1493272
-0.0016968
-0.1227541
-0.1602888
-0.1261556
-0.0580192
0.0279637
0.1315746
0.2279215
0.2611130
0.1966783
0.0731440
-0.0187082
-0.0178584
0.0524610
0.1202696
0.1484631
0.1670664
0.2167156
0.2762526
0.2710505
0.1613354
0.0057567
-0.0846942
-0.0588590
0.0244624
0.0686592
0.0484702
0.0248289
0.0497362
0.0842754
0.0396095
-0.1043503
-0.2524150
