-0.1816811
-0.1616125
-0.0859415
-0.0707114
-0.1210031
-0.1441723
-0.1056400
-0.0641779
-0.0645278
-0.0845178
-0.0887109
-0.0669797
-0.0248462
0.0081553
-0.0211736
-0.1123387
-0.1420739
0.0530445
0.5010336
1.0361872
1.4229235
1.5169000
1.3262188
0.9693178
0.5869695
0.2654403
0.0237137
-0.1377559
-0.2063705
-0.1900318
-0.1454600
-0.1355602
-0.1694540
-0.2103470
-0.2301187
-0.2320248
-0.2316900
-0.2406047
-0.2622446
-0.2863118
-0.2927203
-0.2739165
-0.2454144
-0.2256360
-0.2165907
-0.2117273
-0.2084332
-0.2036999
-0.1909710
-0.1704607
-0.1516381
-0.1396562
-0.1302223
-0.1201475
-0.1093053
-0.0905411
-0.0538765
-0.0047979
0.0363153
0.0574410
0.0655165
0.0718546
0.0794455
0.0865122
0.0909694
0.0898763
0.0844971
0.0856652
0.1044283
0.1381601
0.1739069
0.2022794
0.2203281
0.2268363
0.2254576
0.2277452
0.2420150
0.2617667
0.2733710
0.2718857
0.2629875
0.2546459
0.2531756
0.2610849
0.2718569
0.2724975
0.2570174
0.2316816
0.2030761
0.1690769
0.1265820
0.0797619
0.0344031
-0.0091974
-0.0520964
-0.0908165
-0.1197106
-0.1352487
-0.1374239
-0.1329664
-0.1365214
-0.1596405
-0.1964368
-0.2271958
-0.2382310
-0.2335250
-0.2279239
-0.2344958
-0.2555685
-0.2781234
-0.2802109
-0.2511084
-0.2052064
-0.1689504
-0.1545814
-0.1523786
-0.1460053
-0.1279223
-0.1013237
-0.0750999
-0.0584240
-0.0554481
-0.0629543
-0.0727289
-0.0747677
-0.0613457
-0.0356673
-0.0155999
-0.0172040
-0.0311208
-0.0284966
0.0001302
0.0231403
0.0033274
-0.0409597
-0.0209182
0.1617051
0.5238660
0.9604928
1.2966854
1.3969529
1.2424841
0.9178238
0.5366683
0.1837442
-0.0926590
-0.2670878
-0.3362130
-0.3256473
-0.2825687
-0.2519033
-0.2529883
-0.2738952
-0.2882891
-0.2812425
-0.2598844
-0.2405103
-0.2312791
-0.2302500
-0.2329159
-0.2341560
-0.2272448
-0.2097413
-0.1895107
-0.1780287
-0.1769795
-0.1756402
-0.1619017
-0.1337774
-0.1011795
-0.0780335
-0.0708479
-0.0736175
-0.0752951
-0.0712619
-0.0639054
-0.0539955
-0.0388846
-0.0200346
-0.0043528
0.0056552
0.0172552
0.0389968
0.0709101
0.1062866
0.1396124
0.1697214
0.1977245
0.2245590
0.2497511
0.2719473
0.2911815
0.3091423
0.3258444
0.3389620
0.3492335
0.3629757
0.3844990
0.4080787
0.4219020
0.4187816
0.4003841
0.3744118
0.3516196
0.3410142
0.3404532
0.3329952
0.2998052
0.2395184
0.1721833
0.1222214
0.0973134
0.0829219
0.0569751
0.0111530
-0.0422448
-0.0854210
-0.1143275
-0.1385995
-0.1649098
-0.1885939
-0.2035900
-0.2129988
-0.2243099
-0.2378085
-0.2449690
-0.2384532
-0.2221248
-0.2107992
-0.2179737
-0.2408101
-0.2588974
-0.2526947
-0.2237218
-0.1930418
-0.1797837
-0.1847375
-0.1949054
-0.1992949
-0.1974453
-0.1943945
-0.1905684
-0.1794957
-0.1572455
-0.1316424
-0.1163566
-0.1148827
-0.1166418
-0.1122947
-0.1067108
-0.1104941
-0.1224586
-0.1281472
-0.1160023
-0.0900734
-0.0656439
-0.0550923
-0.0585913
-0.0665475
-0.0700817
-0.0696289
-0.0741298
-0.0928863
-0.1277812
-0.1698325
-0.2010217
-0.2041358
-0.1778771
-0.1421619
-0.1227725
-0.1294022
-0.1520713
-0.1775085
-0.2019410
-0.2261379
-0.2453799
-0.2510763
-0.2409774
-0.2230834
-0.2078947
-0.1983888
-0.1896885
-0.1790862
-0.1735389
-0.1828607
-0.2054948
-0.2264311
-0.2323052
-0.2250849
-0.2178855
-0.2207022
-0.2335669
-0.2497567
-0.2601633
-0.2564461
-0.2365047
-0.2089752
-0.1888642
-0.1853449
-0.1931151
-0.1968132
-0.1861890
-0.1683772
-0.1630307
-0.1818926
-0.2140648
-0.2354138
-0.2325848
-0.2140383
-0.1976569
-0.1926510
-0.1953620
-0.1977823
-0.1956212
-0.1894526
-0.1819034
-0.1754771
-0.1725453
-0.1752482
-0.1823357
-0.1859468
-0.1762700
-0.1533938
-0.1317824
-0.1274472
-0.1402280
-0.1526320
-0.1477703
-0.1268726
-0.1084735
-0.1109198
-0.1350038
-0.1627829
-0.1739686
-0.1639689
-0.1456481
-0.1352585
-0.1397029
-0.1556128
-0.1738427
-0.1826429
-0.1738471
-0.1530203
-0.1398390
-0.1492437
-0.1705740
-0.1738701
-0.1447781
-0.1093679
-0.1091183
-0.1385394
-0.1135255
0.0738674
0.4468797
0.8889795
1.2121049
1.2928065
1.1471998
0.8823523
0.5916375
0.3058030
0.0304926
-0.1996178
-0.3260266
-0.3241421
-0.2395003
-0.1542864
-0.1195462
-0.1269062
-0.1422923
-0.1514697
-0.1642082
-0.1852701
-0.1996697
-0.1911899
-0.1653992
-0.1453088
-0.1453792
-0.1557328
-0.1545662
-0.1335838
-0.1071802
-0.0958526
-0.1045021
-0.1205600
-0.1306298
-0.1327403
-0.1316330
-0.1284465
-0.1198402
-0.1051156
-0.0899856
-0.0824957
-0.0862650
-0.0977463
-0.1097608
-0.1175159
-0.1200800
-0.1155400
-0.0976368
-0.0610861
-0.0101155
0.0417115
0.0819337
0.1089679
0.1320801
0.1630170
0.2066439
0.2571281
0.3023991
0.3333242
0.3495127
0.3578820
0.3683469
0.3908342
0.4313131
0.4857233
0.5389639
0.5749418
0.5902316
0.5966149
0.6081821
0.6250835
0.6307109
0.6073497
0.5564888
0.5016835
0.4673944
0.4547158
0.4412644
0.4053934
0.3466797
0.2815160
0.2237681
0.1745549
0.1284787
0.0828910
0.0376637
-0.0104609
-0.0661778
-0.1248040
-0.1677416
-0.1776711
-0.1612245
-0.1491446
-0.1655946
-0.1993312
-0.2143590
-0.1920848
-0.1559370
-0.1473182
-0.1790551
-0.2200274
-0.2294907
-0.2025233
-0.1747491
-0.1812526
-0.2179616
-0.2496738
-0.2514446
-0.2314579
-0.2122248
-0.2014191
-0.1901186
-0.1722718
-0.1521564
-0.1318710
-0.1042311
-0.0658775
-0.0291341
-0.0080636
0.0054312
0.0345087
0.0761864
0.0830953
0.0170698
-0.0684458
-0.0268180
0.2600359
0.7423023
1.2009249
1.4081144
1.2989650
0.9898496
0.6444596
0.3412539
0.0688004
-0.1833644
-0.3688976
-0.4287788
-0.3677058
-0.2607124
-0.1829263
-0.1497264
-0.1316953
-0.1107706
-0.1022429
-0.1245629
-0.1671844
-0.1993639
-0.2039317
-0.1921545
-0.1859706
-0.1937028
-0.2063815
-0.2119480
-0.2058522
-0.1886391
-0.1614973
-0.1295901
-0.1051983
-0.0991555
-0.1078039
-0.1142229
-0.1056027
-0.0860373
-0.0689733
-0.0595448
-0.0486615
-0.0248910
0.0105960
0.0428753
0.0573656
0.0549782
0.0528467
0.0693570
0.1079365
0.1547100
0.1907922
0.2073959
0.2122419
0.2236258
0.2560803
0.3076808
0.3603152
0.3945365
0.4059564
0.4075878
0.4166587
0.4391835
0.4660673
0.4832543
0.4864654
0.4865535
0.4988594
0.5258486
0.5512389
0.5530298
0.5225639
0.4705701
0.4155023
0.3669822
0.3202017
0.2653953
0.2018423
0.1413830
0.0974944
0.0722900
0.0561740
0.0393534
0.0207913
0.0056347
-0.0028611
-0.0066737
-0.0099810
-0.0153690
-0.0232800
-0.0334687
-0.0450587
-0.0544543
-0.0551143
-0.0432632
-0.0255317
-0.0177816
-0.0318580
-0.0628440
-0.0920677
-0.1042462
-0.1010473
-0.0974772
-0.1057736
-0.1232966
-0.1358155
-0.1320991
-0.1146228
-0.0957124
-0.0845917
-0.0802336
-0.0762360
-0.0693115
-0.0615344
-0.0569495
-0.0586672
-0.0679782
-0.0831496
-0.0983262
-0.1055520
-0.1000743
-0.0848035
-0.0693657
-0.0632011
-0.0679623
-0.0766764
-0.0810928
-0.0792937
-0.0752023
-0.0719034
-0.0678900
-0.0601165
-0.0488629
-0.0387265
-0.0354411
-0.0414704
-0.0535473
-0.0647597
-0.0706058
-0.0733932
-0.0795412
-0.0919662
-0.1058004
-0.1124128
-0.1080602
-0.0985842
-0.0945827
-0.1004659
-0.1085678
-0.1063708
-0.0906924
-0.0730387
-0.0691334
-0.0835621
-0.1054959
-0.1186478
-0.1147563
-0.0989513
-0.0842312
-0.0810080
-0.0905310
-0.1067624
-0.1232646
-0.1378268
-0.1518248
-0.1672442
-0.1845885
-0.2019415
-0.2150243
-0.2190285
-0.2117070
-0.1955282
-0.1774346
-0.1659871
-0.1663168
-0.1758219
-0.1858495
-0.1899814
-0.1905061
-0.1944749
-0.2031172
-0.2079207
-0.1995904
-0.1803607
-0.1649532
-0.1671644
-0.1851564
-0.2018039
-0.2017183
-0.1876790
-0.1779035
-0.1861973
-0.2066511
-0.2192670
-0.2093479
-0.1801946
-0.1485843
-0.1303227
-0.1295894
-0.1390633
-0.1480254
-0.1507613
-0.1493638
-0.1503879
-0.1586475
-0.1720256
-0.1809465
-0.1748818
-0.1524547
-0.1250814
-0.1078035
-0.1053158
-0.1087851
-0.1075929
-0.1024255
-0.1043543
-0.1208044
-0.1442705
-0.1569941
-0.1479179
-0.1245731
-0.1067316
-0.1076004
-0.1219475
-0.1329104
-0.1290492
-0.1139735
-0.1010911
-0.1010302
-0.1134121
-0.1283730
-0.1352088
-0.1307651
-0.1207564
-0.1135631
-0.1131047
-0.1174551
-0.1231010
-0.1292864
-0.1378876
-0.1492214
-0.1585133
-0.1580145
-0.1443241
-0.1234913
-0.1071096
-0.1025170
-0.1075078
-0.1145865
-0.1188110
-0.1207640
-0.1234417
-0.1281516
-0.1335880
-0.1377411
-0.1397244
-0.1396874
-0.1380035
-0.1358786
-0.1363808
-0.1424788
-0.1527615
-0.1611212
-0.1631211
-0.1614424
-0.1616943
-0.1628461
-0.1561948
-0.1371228
-0.1155378
-0.1090131
-0.1231576
-0.1425550
-0.1465121
-0.1333274
-0.1223870
-0.1288071
-0.1425778
-0.1415706
-0.1219577
-0.1018344
-0.0897936
-0.0657291
-0.0122319
0.0402416
0.0313884
-0.0397626
-0.0549761
0.1513734
0.6252358
1.1983958
1.5884731
1.6170184
1.3356453
0.9424836
0.5923029
0.3022706
0.0257179
-0.2276426
-0.3777016
-0.3699336
-0.2513007
-0.1323203
-0.0847969
-0.0936547
-0.1046149
-0.0959921
-0.0901490
-0.1074509
-0.1332293
-0.1382532
-0.1184296
-0.0995887
-0.1041669
-0.1242481
-0.1323806
-0.1138154
-0.0825160
-0.0662979
-0.0797477
-0.1118202
-0.1369620
-0.1369180
-0.1139099
-0.0858694
-0.0695256
-0.0658824
-0.0602634
-0.0373629
0.0019554
0.0388941
0.0533760
0.0432766
0.0267996
0.0261371
0.0494273
0.0873732
0.1244050
0.1518023
0.1720085
0.1931006
0.2200096
0.2502898
0.2774266
0.2977361
0.3139332
0.3321609
0.3556951
0.3815479
0.4035287
0.4191371
0.4331210
0.4530789
0.4812177
0.5115260
0.5356892
0.5508286
0.5607212
0.5704995
0.5812634
0.5889056
0.5865560
0.5686645
0.5351380
0.4929706
0.4526700
0.4204242
0.3920226
0.3552888
0.3013167
0.2352899
0.1750992
0.1364274
0.1179274
0.1021984
0.0725972
0.0292040
-0.0116726
-0.0330934
-0.0326611
-0.0235399
-0.0215990
-0.0315316
-0.0449669
-0.0513603
-0.0497299
-0.0492707
-0.0592095
-0.0790405
-0.0986748
-0.1077565
-0.1054032
-0.1017965
-0.1099436
-0.1343067
-0.1661954
-0.1901888
-0.1960727
-0.1862848
-0.1733592
-0.1701070
-0.1803053
-0.1967200
-0.2074123
-0.2047094
-0.1897932
-0.1708330
-0.1577784
-0.1570013
-0.1671742
-0.1788767
-0.1809089
-0.1704676
-0.1572531
-0.1546689
-0.1648123
-0.1730932
-0.1605401
-0.1232378
-0.0786467
-0.0503171
-0.0455215
-0.0494729
-0.0426714
-0.0223475
-0.0046525
-0.0064295
-0.0275835
-0.0521415
-0.0642285
-0.0608717
-0.0504480
-0.0421733
-0.0391582
-0.0400017
-0.0430825
-0.0467469
-0.0469209
-0.0385858
-0.0216621
-0.0037665
0.0054900
0.0035722
-0.0024633
-0.0030110
0.0044170
0.0120771
0.0082726
-0.0124008
-0.0438380
-0.0731530
-0.0912744
-0.0995470
-0.1062583
-0.1169869
-0.1286474
-0.1331294
-0.1266688
-0.1150973
-0.1090913
-0.1140814
-0.1254930
-0.1340427
-0.1345416
-0.1288426
-0.1219365
-0.1177021
-0.1182011
-0.1238864
-0.1321640
-0.1370187
-0.1331764
-0.1221490
-0.1129732
-0.1147604
-0.1275071
-0.1411091
-0.1447801
-0.1375452
-0.1285438
-0.1268325
-0.1318447
-0.1341973
-0.1247653
-0.1023242
-0.0738202
-0.0493970
-0.0372512
-0.0406909
-0.0569140
-0.0772873
-0.0905501
-0.0895678
-0.0778803
-0.0690861
-0.0764848
-0.1005958
-0.1268162
-0.1370418
-0.1252467
-0.1026820
-0.0880688
-0.0918787
-0.1086817
-0.1238810
-0.1279930
-0.1247403
-0.1254487
-0.1361233
-0.1509864
-0.1589969
-0.1556124
-0.1466168
-0.1405080
-0.1397058
-0.1418342
-0.1481113
-0.1645063
-0.1906887
-0.2123792
-0.2138445
-0.1998317
-0.1952521
-0.2136369
-0.2314528
-0.2102356
-0.1502185
-0.1047499
-0.1161920
-0.1331869
-0.0179607
0.3293858
0.8410894
1.2911171
1.4576362
1.2904135
0.9248232
0.5430378
0.2344564
-0.0140481
-0.2245802
-0.3631406
-0.3770258
-0.2743462
-0.1388642
-0.0589232
-0.0526022
-0.0701190
-0.0611854
-0.0265417
-0.0031463
-0.0129616
-0.0383649
-0.0454766
-0.0212310
0.0163742
0.0386074
0.0308404
0.0001695
-0.0343098
-0.0563508
-0.0621708
-0.0604228
-0.0630838
-0.0737138
-0.0836239
-0.0810392
-0.0646300
-0.0460530
-0.0375813
-0.0389342
-0.0388453
-0.0284273
-0.0089902
0.0139848
0.0396263
0.0699244
0.1015572
0.1261527
0.1414245
0.1576629
0.1876069
0.2301453
0.2692095
0.2916358
0.3029515
0.3210600
0.3550994
0.3954620
0.4263930
0.4439099
0.4568277
0.4727154
0.4898697
0.5053096
0.5246465
0.5569618
0.5999966
0.6366497
0.6504843
0.6425999
0.6285771
0.6183301
0.6034960
0.5683536
0.5112581
0.4503138
0.4059704
0.3806205
0.3577944
0.3199857
0.2643766
0.2015928
0.1432116
0.0934264
0.0509406
0.0140546
-0.0187998
-0.0513111
-0.0875293
-0.1257101
-0.1558296
-0.1667142
-0.1574792
-0.1415032
-0.1378144
-0.1570149
-0.1936479
-0.2307317
-0.2522957
-0.2542502
-0.2456298
-0.2395381
-0.2413199
-0.2441428
-0.2359674
-0.2115276
-0.1781523
-0.1501121
-0.1371465
-0.1379644
-0.1437770
-0.1468158
-0.1452658
-0.1418477
-0.1401536
-0.1427654
-0.1505725
-0.1614603
-0.1698288
-0.1696796
-0.1599653
-0.1468447
-0.1395526
-0.1429382
-0.1532318
-0.1607225
-0.1571046
-0.1417742
-0.1225459
-0.1103171
-0.1111822
-0.1214570
-0.1298550
-0.1262340
-0.1103647
-0.0927877
-0.0863195
-0.0958058
-0.1154625
-0.1351749
-0.1484448
-0.1547672
-0.1564799
-0.1552020
-0.1511505
-0.1442612
-0.1349710
-0.1245347
-0.1156490
-0.1125733
-0.1190720
-0.1348995
-0.1545466
-0.1707563
-0.1801346
-0.1852176
-0.1908516
-0.1987863
-0.2058001
-0.2064012
-0.1969262
-0.1779876
-0.1546891
-0.1349965
-0.1262303
-0.1305628
-0.1427265
-0.1532799
-0.1563876
-0.1555522
-0.1608689
-0.1791273
-0.2062136
-0.2299837
-0.2410135
-0.2400389
-0.2347904
-0.2309798
-0.2280022
-0.2227638
-0.2147128
-0.2052446
-0.1943476
-0.1819706
-0.1731166
-0.1762432
-0.1911909
-0.2006176
-0.1818955
-0.1329516
-0.0819697
-0.0629564
-0.0802873
-0.1045472
-0.1074833
-0.0934982
-0.0863599
-0.0889563
-0.0753641
-0.0343004
-0.0041803
-0.0323396
-0.0859390
-0.0290708
0.2681052
0.7766041
1.2806019
1.5307335
1.4395138
1.1251576
0.7703416
0.4588197
0.1601868
-0.1505730
-0.4047480
-0.4943727
-0.3980981
-0.2217522
-0.1040045
-0.0958933
-0.1426639
-0.1690294
-0.1586808
-0.1480580
-0.1656807
-0.1995541
-0.2208823
-0.2197372
-0.2073022
-0.1933670
-0.1764026
-0.1561580
-0.1436317
-0.1500610
-0.1700445
-0.1839940
-0.1790451
-0.1628251
-0.1536817
-0.1597911
-0.1707072
-0.1678814
