-0.1009515
-0.1300111
-0.0857436
0.1197119
0.5022546
0.9427235
1.2245283
1.1687991
0.7679388
0.2042351
-0.2682920
-0.4851289
-0.4508675
-0.2912878
-0.1401731
-0.0600947
-0.0421177
-0.0523578
-0.0686361
-0.0845408
-0.0984881
-0.1095885
-0.1203734
-0.1348852
-0.1514239
-0.1610952
-0.1568370
-0.1423632
-0.1290916
-0.1242902
-0.1248081
-0.1230703
-0.1165152
-0.1089997
-0.1048580
-0.1052942
-0.1108673
-0.1234005
-0.1419546
-0.1585088
-0.1622635
-0.1502739
-0.1315423
-0.1179772
-0.1121300
-0.1064236
-0.0943837
-0.0793678
-0.0700921
-0.0695612
-0.0718611
-0.0699839
-0.0633434
-0.0552343
-0.0450409
-0.0272040
0.0007243
0.0316271
0.0533978
0.0602163
0.0578641
0.0576148
0.0661480
0.0819496
0.0999319
0.1173946
0.1351884
0.1546926
0.1751349
0.1938267
0.2081913
0.2172463
0.2214843
0.2216977
0.2180237
0.2101554
0.1984220
0.1842383
0.1689351
0.1522338
0.1328035
0.1110499
0.0907794
0.0766887
0.0695527
0.0646598
0.0560240
0.0421007
0.0266173
0.0137627
0.0035756
-0.0072321
-0.0205891
-0.0344525
-0.0449902
-0.0501668
-0.0502553
-0.0456252
-0.0359906
-0.0228449
-0.0114629
-0.0081978
-0.0145186
-0.0243641
-0.0289318
-0.0249101
-0.0175985
-0.0151617
-0.0197428
-0.0249114
-0.0223583
-0.0107228
0.0028928
0.0099996
0.0083126
0.0020404
-0.0038647
-0.0078460
-0.0104341
-0.0115286
-0.0110340
-0.0107971
-0.0126990
-0.0145914
-0.0125064
-0.0106318
-0.0249681
-0.0653514
-0.1049397
-0.0730524
0.1013619
0.4170638
0.7630969
0.9658248
0.8988938
0.5728886
0.1317530
-0.2406520
-0.4289959
-0.4321576
-0.3289409
-0.2087676
-0.1237164
-0.0831242
-0.0738805
-0.0804977
-0.0935836
-0.1096509
-0.1277569
-0.1457047
-0.1581488
-0.1590766
-0.1474764
-0.1304035
-0.1189194
-0.1196638
-0.1299893
-0.1412517
-0.1465954
-0.1456605
-0.1427723
-0.1418251
-0.1430319
-0.1434526
-0.1396664
-0.1303343
-0.1173830
-0.1051544
-0.0975825
-0.0951096
-0.0940912
-0.0897656
-0.0804024
-0.0686867
-0.0588771
-0.0525102
-0.0469249
-0.0379283
-0.0236472
-0.0056695
0.0131507
0.0312846
0.0487691
0.0656233
0.0810847
0.0947773
0.1079884
0.1228420
0.1399723
0.1577240
0.1744249
0.1911965
0.2113123
0.2359077
0.2607745
0.2785585
0.2846352
0.2803503
0.2700528
0.2554388
0.2338042
0.2023106
0.1635735
0.1263751
0.1003530
0.0893672
0.0890820
0.0902103
0.0845480
0.0697861
0.0504994
0.0347821
0.0283303
0.0300358
0.0330389
0.0309998
0.0240689
0.0185984
0.0205957
0.0294194
0.0380700
0.0396001
0.0330314
0.0232075
0.0156233
0.0119177
0.0098332
0.0062635
-0.0001795
-0.0085389
-0.0160470
-0.0194511
-0.0174526
-0.0128941
-0.0116089
-0.0172893
-0.0269371
-0.0326494
-0.0293456
-0.0206320
-0.0156327
-0.0191437
-0.0256622
-0.0245418
-0.0113461
0.0068511
0.0180096
0.0162054
0.0054431
-0.0066198
-0.0165311
-0.0256229
-0.0343952
-0.0391951
-0.0357668
-0.0247457
-0.0114939
-0.0001970
0.0100508
0.0218806
0.0335720
0.0390704
0.0351984
0.0270422
0.0235587
0.0273930
0.0309997
0.0246529
0.0078967
-0.0087662
-0.0144203
-0.0089759
-0.0026599
-0.0046925
-0.0141275
-0.0226574
-0.0250865
-0.0249771
-0.0295945
-0.0408060
-0.0523797
-0.0561474
-0.0500096
-0.0398428
-0.0343010
-0.0379859
-0.0487148
-0.0601541
-0.0669627
-0.0685877
-0.0693094
-0.0745712
-0.0862219
-0.1006276
-0.1116817
-0.1161962
-0.1164753
-0.1176280
-0.1227223
-0.1308863
-0.1397195
-0.1485658
-0.1587860
-0.1710258
-0.1828132
-0.1892008
-0.1858498
-0.1717231
-0.1493799
-0.1232302
-0.0973652
-0.0741567
-0.0540767
-0.0367857
-0.0227372
-0.0135333
-0.0099202
-0.0090914
-0.0048940
0.0076017
0.0265968
0.0429110
0.0463168
0.0340618
0.0135607
-0.0039633
-0.0131468
-0.0179035
-0.0252834
-0.0366366
-0.0457747
-0.0459402
-0.0377034
-0.0291936
-0.0286459
-0.0372187
-0.0490258
-0.0573792
-0.0604137
-0.0611806
-0.0635536
-0.0686010
-0.0740588
-0.0761546
-0.0721427
-0.0625393
-0.0518346
-0.0463167
-0.0497274
-0.0603039
-0.0723294
-0.0811074
-0.0867549
-0.0933485
-0.1045030
-0.1197349
-0.1350017
-0.1468063
-0.1559000
-0.1667889
-0.1828946
-0.2014741
-0.2135798
-0.2105948
-0.1923609
-0.1686840
-0.1510093
-0.1412952
-0.1297570
-0.1050555
-0.0668900
-0.0273776
0.0005650
0.0152149
0.0254386
0.0387364
0.0517108
0.0535508
0.0383725
0.0127728
-0.0092240
-0.0180083
-0.0150821
-0.0094593
-0.0090612
-0.0153662
-0.0244248
-0.0315812
-0.0356793
-0.0399046
-0.0485721
-0.0620457
-0.0744699
-0.0777374
-0.0692547
-0.0558950
-0.0487846
-0.0527528
-0.0611185
-0.0623039
-0.0524035
-0.0405164
-0.0405161
-0.0573140
-0.0816670
-0.0985405
-0.1002989
-0.0922441
-0.0867445
-0.0928363
-0.1104885
-0.1327123
-0.1518524
-0.1645040
-0.1721485
-0.1780464
-0.1829805
-0.1831797
-0.1728485
-0.1501768
-0.1213835
-0.0974761
-0.0850894
-0.0798701
-0.0697571
-0.0460104
-0.0116918
0.0207357
0.0407315
0.0492696
0.0570265
0.0716155
0.0854568
0.0783313
0.0383346
-0.0125072
-0.0125138
0.1095837
0.3803765
0.7415763
1.0614951
1.2005028
1.0889112
0.7631915
0.3387310
-0.0548012
-0.3288152
-0.4547199
-0.4524981
-0.3695516
-0.2614771
-0.1746423
-0.1316302
-0.1275705
-0.1420026
-0.1572418
-0.1675461
-0.1740600
-0.1761856
-0.1712768
-0.1610059
-0.1532583
-0.1552258
-0.1661726
-0.1793814
-0.1908556
-0.2035622
-0.2218417
-0.2433031
-0.2586663
-0.2598890
-0.2468379
-0.2254687
-0.2015282
-0.1781294
-0.1582414
-0.1455852
-0.1406214
-0.1371608
-0.1261658
-0.1042339
-0.0772107
-0.0542676
-0.0389121
-0.0269662
-0.0131158
0.0024641
0.0153569
0.0237237
0.0314803
0.0437254
0.0605339
0.0771641
0.0901632
0.1013693
0.1149535
0.1316933
0.1478157
0.1596063
0.1678773
0.1769982
0.1901183
0.2065318
0.2237339
0.2405036
0.2566968
0.2709099
0.2806409
0.2856806
0.2897403
0.2965378
0.3038937
0.3031329
0.2858548
0.2520042
0.2115316
0.1781491
0.1606415
0.1582248
0.1621378
0.1613680
0.1492150
0.1275887
0.1059275
0.0937972
0.0921344
0.0919871
0.0837917
0.0681560
0.0554082
0.0532285
0.0566182
0.0530250
0.0374321
0.0193361
0.0127384
0.0210725
0.0351202
0.0451171
0.0503076
0.0543524
0.0560347
0.0512119
0.0432597
0.0429471
0.0527055
0.0583993
0.0502695
0.0553619
0.1352096
0.3314275
0.6050648
0.8380045
0.9099888
0.7867787
0.5401538
0.2868880
0.1086644
0.0199809
-0.0083078
-0.0123007
-0.0195504
-0.0498128
-0.1121696
-0.1980721
-0.2856964
-0.3576909
-0.4131081
-0.4585364
-0.4899948
-0.4905118
-0.4492347
-0.3797339
-0.3138970
-0.2758607
-0.2636322
-0.2567934
-0.2394867
-0.2136849
-0.1922843
-0.1840498
-0.1871117
-0.1940589
-0.1992893
-0.2009115
-0.1987110
-0.1934191
-0.1879208
-0.1865222
-0.1908683
-0.1968891
-0.1974544
-0.1888500
-0.1741606
-0.1599461
-0.1500858
-0.1431540
-0.1351074
-0.1236850
-0.1102346
-0.0978088
-0.0875748
-0.0767385
-0.0600062
-0.0337971
0.0001329
0.0350468
0.0639836
0.0854219
0.1048219
0.1300119
0.1640744
0.2022309
0.2355048
0.2572643
0.2666042
0.2668351
0.2621766
0.2557428
0.2489173
0.2410663
0.2298653
0.2131574
0.1916266
0.1697373
0.1531365
0.1441116
0.1393896
0.1329463
0.1214018
0.1066450
0.0932993
0.0840962
0.0777879
0.0708624
0.0606757
0.0472016
0.0324147
0.0181665
0.0044407
-0.0103387
-0.0270262
-0.0436430
-0.0557644
-0.0595673
-0.0550991
-0.0467430
-0.0401640
-0.0384508
-0.0410433
-0.0458215
-0.0511563
-0.0556780
-0.0575740
-0.0558878
-0.0522469
-0.0494568
-0.0477561
-0.0440377
-0.0361156
-0.0266232
-0.0207736
-0.0213408
-0.0299855
-0.0547562
-0.1084538
-0.1857289
-0.2353920
-0.1683533
0.0788571
0.4651308
0.8289603
0.9753157
0.8109626
0.4170562
-0.0065495
-0.2798659
-0.3492582
-0.2845926
-0.1921742
-0.1330649
-0.1085280
-0.0978890
-0.0929781
-0.0984518
-0.1143696
-0.1304747
-0.1370775
-0.1348434
-0.1312909
-0.1311051
-0.1332121
-0.1359196
-0.1408523
-0.1501870
-0.1621969
-0.1721372
-0.1772420
-0.1787258
-0.1785457
-0.1765341
-0.1724222
-0.1690878
-0.1708711
-0.1781579
-0.1857874
-0.1884855
-0.1870860
-0.1875467
-0.1932405
-0.1992819
-0.1958533
-0.1776933
-0.1500951
-0.1253142
-0.1129796
-0.1133505
-0.1184462
-0.1188598
-0.1106660
-0.0979542
-0.0892183
-0.0895649
-0.0948785
-0.0941287
-0.0789449
-0.0515058
-0.0226015
-0.0017356
0.0106660
0.0216363
0.0375618
0.0586652
0.0809377
0.1014137
0.1197553
0.1353254
0.1455532
0.1491344
0.1495865
0.1526914
0.1592091
0.1617029
0.1508239
0.1253532
0.0949018
0.0714079
0.0580330
0.0476989
0.0330487
0.0160804
0.0057094
0.0065268
0.0134853
0.0192275
0.0232028
0.0292079
0.0353136
0.0329259
0.0195238
0.0075125
0.0130930
0.0380831
0.0753406
0.1411391
0.2908118
0.5731992
0.9471058
1.2500840
1.2844002
0.9704789
0.4315862
-0.0797120
-0.3578528
-0.3719428
-0.2449471
-0.1259656
-0.0823824
-0.0929038
-0.1122417
-0.1235595
-0.1361745
-0.1560793
-0.1744629
-0.1814832
-0.1790912
-0.1758975
-0.1752703
-0.1740451
-0.1707051
-0.1688135
-0.1706871
-0.1717701
-0.1654907
-0.1531906
-0.1453287
-0.1505201
-0.1649891
-0.1756467
-0.1737805
-0.1636535
-0.1567753
-0.1592719
-0.1661734
-0.1670452
-0.1555335
-0.1337357
-0.1092934
-0.0894432
-0.0769102
-0.0693696
-0.0614102
-0.0475480
-0.0253801
0.0026472
0.0309656
0.0558269
0.0791527
0.1069035
0.1429971
0.1846537
0.2236715
0.2525266
0.2702461
0.2833375
0.3006660
0.3259157
0.3538706
0.3740434
0.3787015
0.3683608
0.3503015
0.3318726
0.3146030
0.2942262
0.2663542
0.2320519
0.1975553
0.1686930
0.1462749
0.1269517
0.1074737
0.0873995
0.0685536
0.0532355
0.0430293
0.0381209
0.0366943
0.0350354
0.0292996
0.0184565
0.0058349
-0.0032409
-0.0064753
-0.0071337
-0.0106795
-0.0188144
-0.0275727
-0.0314415
-0.0287348
-0.0228214
-0.0187801
-0.0191449
-0.0222929
-0.0243333
-0.0224611
-0.0166440
-0.0086555
-0.0009540
0.0021681
-0.0063302
-0.0307088
-0.0589480
-0.0516364
0.0487784
0.2801693
0.6131921
0.9352301
1.0955688
0.9940071
0.6507531
0.2010230
-0.1847967
-0.3960044
-0.4252179
-0.3417681
-0.2303439
-0.1453498
-0.1029120
-0.0962053
-0.1101994
-0.1282028
-0.1371654
-0.1347995
-0.1311583
-0.1392848
-0.1621823
-0.1890685
-0.2047075
-0.2024513
-0.1887190
-0.1757948
-0.1709315
-0.1720577
-0.1725798
-0.1688273
-0.1628934
-0.1599582
-0.1639715
-0.1748332
-0.1880257
-0.1970735
-0.1979926
-0.1923454
-0.1856851
-0.1825429
-0.1826761
-0.1817901
-0.1756047
-0.1635374
-0.1489523
-0.1358879
-0.1253911
-0.1150098
-0.1016425
-0.0845863
-0.0662007
-0.0503875
-0.0400639
-0.0344996
-0.0283102
-0.0142679
0.0111139
0.0441534
0.0765687
0.1022088
0.1220227
0.1427117
0.1698106
0.2011251
0.2270191
0.2380403
0.2327444
0.2181331
0.2030670
0.1918598
0.1833227
0.1738852
0.1605763
0.1420361
0.1185733
0.0924296
0.0676476
0.0479144
0.0328728
0.0172118
-0.0038661
-0.0269953
-0.0407245
-0.0361758
-0.0172199
0.0028909
0.0157790
0.0256927
0.0402673
0.0568670
0.0676087
0.0854612
0.1601738
0.3487354
0.6489858
0.9576947
1.1114497
0.9966174
0.6406958
0.2026128
-0.1339154
-0.2757681
-0.2554071
-0.1734850
-0.1133840
-0.0990965
-0.1123584
-0.1311181
-0.1485632
-0.1673003
-0.1888625
-0.2119885
-0.2352083
-0.2564077
-0.2713700
-0.2763471
-0.2727863
-0.2677059
-0.2679843
-0.2743035
-0.2813003
-0.2837177
-0.2816039
-0.2787721
-0.2769035
-0.2728472
-0.2621383
-0.2439339
-0.2219349
-0.2016869
-0.1877070
-0.1816941
-0.1815396
-0.1821139
-0.1785287
-0.1696191
-0.1582574
-0.1478198
-0.1375901
-0.1212528
-0.0910669
-0.0454973
0.0068786
0.0526759
0.0844742
0.1066490
0.1305372
0.1639708
0.2049253
0.2441662
0.2736620
0.2930466
0.3085143
0.3258166
0.3448343
0.3606415
0.3680608
0.3639896
0.3469692
0.3174775
0.2794628
0.2398494
0.2047789
0.1758270
0.1499635
0.1234941
0.0964896
0.0731906
0.0572140
0.0463892
0.0337326
0.0143256
-0.0096697
-0.0315441
-0.0467577
-0.0565057
-0.0655267
-0.0772474
-0.0904448
-0.0998505
-0.1005010
-0.0924473
-0.0814595
-0.0748778
-0.0761108
-0.0817815
-0.0833658
-0.0730711
-0.0506382
-0.0248476
-0.0066717
0.0000131
0.0005185
0.0025123
0.0083708
0.0144053
0.0162016
0.0136707
0.0109631
0.0117468
0.0149391
0.0158560
0.0117527
0.0051352
0.0008932
0.0011191
0.0035526
0.0041168
0.0000578
-0.0082617
-0.0173105
-0.0229855
-0.0248746
-0.0276701
-0.0369013
-0.0527856
-0.0687464
-0.0764527
-0.0731263
-0.0648384
-0.0621282
-0.0706454
-0.0856098
-0.0966565
-0.0985180
-0.0959545
-0.0981970
-0.1099473
-0.1279226
-0.1445237
-0.1543116
-0.1584103
-0.1635757
-0.1761430
-0.1960011
-0.2164334
-0.2296999
-0.2327933
-0.2289075
-0.2241688
-0.2217490
-0.2177986
-0.2042990
-0.1779287
-0.1457028
-0.1199540
-0.1074256
-0.1041075
-0.1003804
-0.0903224
-0.0765821
-0.0672375
-0.0676176
-0.0746347
-0.0796194
-0.0768777
-0.0685988
-0.0617136
-0.0618937
-0.0705601
-0.0845156
-0.0966523
-0.0995930
-0.0918609
-0.0800393
-0.0724501
-0.0703217
-0.0673841
-0.0605050
-0.0598006
-0.0810507
-0.1172524
-0.1145770
0.0090138
0.2958456
0.6820979
1.0029998
1.0856864
0.8646642
0.4284620
-0.0387647
-0.3724304
-0.5118106
-0.5006127
-0.4239911
-0.3458711
-0.2901799
-0.2576591
-0.2449109
-0.2491620
-0.2655555
-0.2860582
-0.3008572
-0.3012543
-0.2839763
-0.2539538
-0.2219219
-0.1981175
-0.1866385
-0.1835518
-0.1801674
-0.1705377
-0.1568225
-0.1457212
-0.1396437
-0.1340622
-0.1238330
-0.1087968
-0.0921114
-0.0763316
-0.0627619
-0.0519792
-0.0432373
-0.0352308
-0.0285393
-0.0256730
-0.0281084
-0.0344052
-0.0404913
-0.0403015
-0.0285252
-0.0066171
0.0150783
0.0255533
0.0238342
0.0188314
0.0193555
0.0270332
0.0376052
0.0456941
0.0491841
0.0517396
0.0596958
0.0741978
0.0889362
0.0984424
0.1055311
0.1170260
0.1350644
0.1563185
0.1770374
0.1951534
0.2095290
0.2196685
0.2239603
0.2178954
0.1991566
0.1754065
0.1599579
0.1568812
0.1570946
0.1519582
0.1430934
0.1351397
0.1271517
0.1169964
0.1083282
0.1080893
0.1204785
0.1438513
0.1679462
0.1767543
0.1645569
0.1472455
0.1445259
0.1525716
0.1510727
0.1363592
0.1251809
0.1222151
0.1106704
0.0871263
0.0795899
0.1100469
