-0.1341295
-0.2311914
-0.3073074
-0.2774203
-0.1563889
-0.0721289
-0.1293720
-0.2784792
-0.3560386
-0.2623978
-0.0714714
0.0559360
0.0532149
0.0166157
0.0945715
0.3333290
0.6396985
0.8680333
0.9158653
0.7534972
0.4189562
0.0208785
-0.2819976
-0.3682115
-0.2548300
-0.0939776
-0.0375970
-0.1015403
-0.1762693
-0.1643731
-0.0778783
0.0097948
0.0717967
0.1418575
0.2224111
0.2320080
0.0908771
-0.1514278
-0.3238561
-0.2999656
-0.1403092
-0.0369740
-0.1099776
-0.2796874
-0.3558452
-0.2409861
-0.0250262
0.1217016
0.1274630
0.0755466
0.0915244
0.1976307
0.2913856
0.2596729
0.0970859
-0.0936768
-0.2070460
-0.2269360
-0.2172615
-0.2388595
-0.2901372
-0.3240426
-0.3042888
-0.2360021
-0.1547731
-0.1044215
-0.1221991
-0.2192281
-0.3557681
-0.4479020
-0.4295629
-0.3218272
-0.2244378
-0.2172359
-0.2719595
-0.2807098
-0.1775024
-0.0142809
0.0981831
0.1128549
0.0865017
0.0971534
0.1493437
0.1827498
0.1606177
0.1157061
0.0971889
0.0971403
0.0595171
-0.0390124
-0.1439323
-0.1748918
-0.1119994
-0.0130430
0.0528030
0.0711327
0.0770677
0.0999176
0.1289454
0.1295250
0.0770630
-0.0277801
-0.1610455
-0.2791588
-0.3300418
-0.2830462
-0.1577437
-0.0126982
0.1057605
0.1983544
0.2840107
0.3399668
0.2950784
0.1045197
-0.1728147
-0.3949032
-0.4517679
-0.3591504
-0.2308958
-0.1612771
-0.1429095
-0.0984255
0.0222412
0.1859290
0.3068524
0.3153918
0.1981272
-0.0040576
-0.2126851
-0.3329823
-0.2953410
-0.1107575
0.1101661
0.2178579
0.1338311
-0.0828693
-0.2795495
-0.3321973
-0.2406520
-0.1152602
-0.0718188
-0.1314399
-0.2126799
-0.2166370
-0.1213424
0.0037377
0.0731687
0.0715938
0.0607349
0.1020082
0.1828268
0.2326412
0.2122591
0.1706170
0.1954554
0.3079125
0.4220666
0.4213829
0.2731856
0.0617463
-0.0872277
-0.1061373
-0.0175637
0.1060231
0.1949486
0.2085887
0.1469377
0.0593211
0.0262211
0.0973837
0.2321271
0.3170608
0.2663019
0.1084820
-0.0363126
-0.0704004
-0.0034884
0.0744441
0.0877810
0.0285343
-0.0726297
-0.1957130
-0.3320327
-0.4511606
-0.5010026
-0.4568662
-0.3570758
-0.2710852
-0.2333027
-0.2220031
-0.2027300
-0.1718028
-0.1437337
-0.1126391
-0.0564320
0.0153506
0.0466353
-0.0045544
-0.0989159
-0.1428676
-0.0971424
-0.0340086
-0.0556800
-0.1624296
-0.2402621
-0.1993628
-0.0969363
-0.0806428
-0.2074170
-0.3580156
-0.3626581
-0.1975523
-0.0205062
-0.0006315
-0.1353424
-0.2555351
-0.2020436
0.0219393
0.2666890
0.3758889
0.3036844
0.1232959
-0.0457049
-0.1210805
-0.1044283
-0.0694516
-0.0950364
-0.1881418
-0.2685677
-0.2417798
-0.0925494
0.0991819
0.2358331
0.2840107
0.2738166
0.2339644
0.1543492
0.0199003
-0.1391787
-0.2543583
-0.2774742
-0.2197331
-0.1302794
-0.0501817
0.0035390
0.0214907
-0.0079173
-0.0846337
-0.1839646
-0.2675618
-0.3068639
-0.2948970
-0.2443523
-0.1843901
-0.1535616
-0.1759161
-0.2324705
-0.2671647
-0.2397212
-0.1737504
-0.1348530
-0.1510428
-0.1706525
-0.1225687
-0.0162004
0.0482195
-0.0092802
-0.1416140
-0.2125670
-0.1522518
-0.0489767
-0.0562593
-0.2120025
-0.3818872
-0.4003043
-0.2480683
-0.0617002
0.0273089
0.0231328
0.0165461
0.0413135
0.0370025
-0.0327161
-0.0761573
0.0517017
0.3635033
0.6717574
0.7444412
0.5253681
0.1804437
-0.0692055
-0.1330848
-0.0703065
0.0294479
0.1320748
0.2292286
0.2794994
0.2288273
0.0844868
-0.0700388
-0.1528120
-0.1600630
-0.1495964
-0.1613656
-0.1792104
-0.1703589
-0.1335264
-0.0872420
-0.0259350
0.0796695
0.2285022
0.3574933
0.3875911
0.3007979
0.1576103
0.0377643
-0.0219587
-0.0290241
0.0014353
0.0581270
0.1125415
0.1197174
0.0675569
0.0182728
0.0679646
0.2411101
0.4317712
0.4748120
0.2930824
-0.0258407
-0.3040106
-0.4231541
-0.4018960
-0.3379943
-0.2949438
-0.2536967
-0.1622052
-0.0111133
0.1457504
0.2337716
0.2109601
0.0910578
-0.0634887
-0.1666147
-0.1517897
-0.0217456
0.1389823
0.2224947
0.1882410
0.0943614
0.0304754
0.0255381
0.0365071
0.0228344
0.0014169
0.0050851
0.0058508
-0.0728141
-0.2428250
-0.3791469
-0.3119549
-0.0106282
0.3508996
0.5452136
0.5069807
0.3747903
0.3148743
0.3330101
0.2909776
0.1017620
-0.1311201
-0.1994658
-0.0119742
0.2931712
0.4715585
0.4051009
0.2055726
0.0909143
0.1680968
0.3391794
0.4112979
0.2887666
0.0569574
-0.1133045
-0.1334772
-0.0672968
-0.0422108
-0.1061962
-0.1831915
-0.1660235
-0.0367432
0.1153049
0.1845977
0.1402520
0.0272015
-0.0957446
-0.1934388
-0.2403044
-0.2114362
-0.1192598
-0.0433331
-0.0773469
-0.2224725
-0.3567551
-0.3474564
-0.1971121
-0.0495099
-0.0356453
-0.1351391
-0.2154508
-0.1954172
-0.1303361
-0.1228307
-0.1877932
-0.2495598
-0.2629101
-0.2784316
-0.3511795
-0.4178646
-0.3315990
-0.0422245
0.2982313
0.4569639
0.3467412
0.1010096
-0.0807013
-0.1284125
-0.1211209
-0.1414750
-0.1663364
-0.1192099
0.0082060
0.1342168
0.1863639
0.1819152
0.1855713
0.2113359
0.2065238
0.1378592
0.0588848
0.0625704
0.1744736
0.3185731
0.3957842
0.3789811
0.3177250
0.2620179
0.2055475
0.1103790
-0.0298857
-0.1684918
-0.2421111
-0.2143374
-0.0864096
0.1091885
0.3067335
0.4140454
0.3596867
0.1585109
-0.0774633
-0.2180624
-0.2196708
-0.1500065
-0.1058608
-0.1133918
-0.1196468
-0.0783397
-0.0230612
-0.0369112
-0.1517838
-0.2960590
-0.3553271
-0.2826387
-0.1417664
-0.0434653
-0.0464159
-0.1196116
-0.1881424
-0.2024100
-0.1652246
-0.1099725
-0.0691275
-0.0610421
-0.0871509
-0.1263369
-0.1374922
-0.0866010
0.0169317
0.1143640
0.1372762
0.0596418
-0.0833241
-0.2187351
-0.2742523
-0.2071889
-0.0265539
0.1897001
0.3082404
0.2136142
-0.0879631
-0.4296706
-0.5823156
-0.4362997
-0.1067332
0.1531531
0.1669878
-0.0182535
-0.1928946
-0.1901358
-0.0329788
0.1169645
0.1430892
0.0911099
0.1007850
0.2379484
0.4177758
0.5001103
0.4411215
0.3278480
0.2641724
0.2483580
0.1856036
0.0168613
-0.1903182
-0.2973419
-0.2361286
-0.0806652
0.0257285
0.0046749
-0.0989473
-0.1782720
-0.1664559
-0.0790408
0.0245865
0.1023555
0.1506706
0.1795957
0.1855679
0.1579164
0.1053737
0.0588758
0.0396079
0.0377231
0.0442340
0.1018593
0.2877927
0.6076334
0.9114251
0.9679646
0.6747545
0.1954570
-0.1543121
-0.1909950
-0.0251527
0.0787040
-0.0095862
-0.1713309
-0.2112967
-0.0927769
0.0439586
0.0760160
0.0437131
0.0710799
0.1833128
0.2669333
0.2196788
0.0876918
0.0108033
0.0508249
0.1248981
0.1214766
0.0416452
-0.0106737
0.0376995
0.1466695
0.2189910
0.2032740
0.1197279
0.0103812
-0.0964126
-0.1744626
-0.1958993
-0.1656267
-0.1363857
-0.1512847
-0.1741660
-0.1199342
0.0231992
0.1366208
0.0875560
-0.0972358
-0.2256834
-0.1434733
0.0837217
0.2393106
0.2074505
0.1055484
0.1325081
0.3158104
0.4680583
0.4080841
0.1777959
-0.0065827
-0.0041566
0.1041615
0.1393776
0.0531824
-0.0187784
0.0677427
0.2820189
0.4395470
0.3903379
0.1586434
-0.0987034
-0.2400707
-0.2323248
-0.1274729
0.0095952
0.1387657
0.2398061
0.3043885
0.3385680
0.3562551
0.3614122
0.3463271
0.3145195
0.2929794
0.3045549
0.3304379
0.3190862
0.2428708
0.1359727
0.0623479
0.0483178
0.0605530
0.0542125
0.0278485
0.0160441
0.0358298
0.0646241
0.0798318
0.0980406
0.1480340
0.2093714
0.2105086
0.1094365
-0.0374904
-0.1153650
-0.0689294
0.0311299
0.0518979
-0.0717680
-0.2715711
-0.4013591
-0.3523768
-0.1290444
0.1578557
0.3584287
0.3700844
0.2034141
-0.0172867
-0.1414565
-0.1145371
-0.0223547
-0.0001051
-0.0898477
-0.1980379
-0.2014764
-0.0832369
0.0553123
0.1178722
0.1261082
0.1872184
0.3508441
0.5238970
0.5524730
0.3898175
0.1644067
0.0651507
0.1586095
0.3274120
0.3915727
0.2858036
0.1142647
0.0363050
0.1093165
0.2487365
0.3317228
0.3205041
0.2774294
0.2780411
0.3358375
0.4142898
0.4850438
0.5484424
0.6032969
0.6278046
0.6103929
0.5857959
0.6091682
0.6807993
0.7161562
0.6219526
0.4115255
0.2257483
0.2158265
0.3980848
0.6293161
0.7286430
0.6273201
0.4129334
0.2455167
0.2331378
0.3668771
0.5463533
0.6567663
0.6391042
0.5176759
0.3781631
0.3099650
0.3452284
0.4374157
0.5011360
0.4842855
0.4102650
0.3529319
0.3688306
0.4484296
0.5275250
0.5452677
0.4956526
0.4275956
0.3977161
0.4239144
0.4815199
0.5349778
0.5644301
0.5648340
0.5345666
0.4774910
0.4134212
0.3719189
0.3638004
0.3606736
0.3168160
0.2238544
0.1407476
0.1526327
0.2861566
0.4675072
0.5758784
0.5460442
0.4188525
0.2920811
0.2278416
0.2132803
0.2067041
0.2043480
0.2431949
0.3379664
0.4388264
0.4757859
0.4417208
0.4041344
0.4198335
0.4582440
0.4405336
0.3547721
0.2958332
0.3587582
0.5025297
0.5618586
0.4216858
0.1644735
0.0091793
0.0929220
0.3318672
0.5099147
0.4870954
0.3030954
0.0973849
-0.0281418
-0.0595746
-0.0329439
0.0049993
0.0071308
-0.0497118
-0.1218986
-0.1105415
0.0374140
0.2388692
0.3309861
0.2467122
0.1042124
0.0726482
0.1520472
0.1447856
-0.1142125
-0.5283528
-0.7977517
-0.7197743
-0.3948076
-0.1081454
-0.0341541
-0.0985711
-0.1258921
-0.0631367
-0.0123995
-0.0662895
-0.1785224
-0.2299287
-0.1871487
-0.1434023
-0.1981339
-0.3370856
-0.4565305
-0.4841482
-0.4425223
-0.3958514
-0.3686238
-0.3386905
-0.2934141
-0.2581803
-0.2574572
-0.2692766
-0.2454431
-0.1775501
-0.1194808
-0.1278140
-0.1885321
-0.2216693
-0.1651034
-0.0477885
0.0247089
-0.0412085
-0.2454029
-0.4874700
-0.6373620
-0.6254483
-0.4848379
-0.3209420
-0.2391241
-0.2857525
-0.4376011
-0.6330043
-0.8099646
-0.9222520
-0.9373234
-0.8428656
-0.6690492
-0.4929427
-0.3931802
-0.3824976
-0.3906500
-0.3297633
-0.1838859
-0.0305737
0.0307397
-0.0277696
-0.1410676
-0.2210137
-0.2411539
-0.2478471
-0.2936497
-0.3753894
-0.4464517
-0.4786492
-0.4918216
-0.5168251
-0.5439734
-0.5259730
-0.4357634
-0.3104398
-0.2236417
-0.2101469
-0.2281545
-0.2106443
-0.1546901
-0.1429399
-0.2592589
-0.4825601
-0.6782985
-0.7099812
-0.5666885
-0.3801597
-0.3091285
-0.3972442
-0.5390939
-0.5856407
-0.4846720
-0.3217472
-0.2329440
-0.2860766
-0.4413593
-0.6075217
-0.7199641
-0.7689728
-0.7740118
-0.7523243
-0.7183216
-0.6995586
-0.7306523
-0.8196040
-0.9270293
-0.9912016
-0.9763520
-0.8939432
-0.7837079
-0.6877122
-0.6431039
-0.6781074
-0.7888721
-0.9150568
-0.9598079
-0.8636270
-0.6705603
-0.5068635
-0.4720246
-0.5465521
-0.6200426
-0.6140134
-0.5609401
-0.5493636
-0.6048684
-0.6527560
-0.6071035
-0.4783277
-0.3703462
-0.3690570
-0.4505507
-0.5142533
-0.5000855
-0.4495745
-0.4385745
-0.4668436
-0.4456516
-0.3066939
-0.1058618
0.0053990
-0.0785413
-0.3075071
-0.5099752
-0.5395850
-0.3933535
-0.1947871
-0.0706036
-0.0475373
-0.0595736
-0.0362056
0.0270898
0.0747995
0.0501536
-0.0528915
-0.1824548
-0.2646660
-0.2518720
-0.1464070
0.0120048
0.1715111
0.2777381
0.2735049
0.1193462
-0.1600614
-0.4491543
-0.5885134
-0.4863446
-0.2033625
0.0824187
0.2157680
0.1776319
0.0609223
-0.0496761
-0.1490474
-0.2667509
-0.3916834
-0.4761982
-0.5025767
-0.5027994
-0.4947721
-0.4294764
-0.2437644
0.0309995
0.2535680
0.3034862
0.2186498
0.1625160
0.2378309
0.3623011
0.3619052
0.1766127
-0.0638987
-0.1777917
-0.1140078
0.0229391
0.1087717
0.1217384
0.1234696
0.1532306
0.1792957
0.1558180
0.0924997
0.0388635
0.0110812
-0.0299361
-0.1147045
-0.2035510
-0.2154743
-0.1173989
0.0318751
0.1311698
0.1226934
0.0289282
-0.0822491
-0.1572894
-0.1853079
-0.1839609
-0.1734205
-0.1636842
-0.1495348
-0.1050174
0.0048169
0.1824853
0.3646046
0.4519890
0.3934083
0.2381538
0.0952912
0.0408396
0.0715754
0.1446194
0.2384042
0.3502536
0.4381874
0.4062404
0.1916489
-0.1324667
-0.3834019
-0.4296533
-0.3120439
-0.1779888
-0.1059148
-0.0341200
0.1250935
0.3396306
0.4701508
0.4288512
0.2891428
0.2102867
0.2649468
0.3717360
0.4042050
0.3387856
0.2735950
0.3182524
0.4933061
0.7280492
0.9170406
0.9695827
0.8488459
0.6087775
0.3848445
0.3027609
0.3690539
0.4627361
0.4551972
0.3387503
0.2231911
0.2034494
0.2498620
0.2474223
0.1333115
-0.0334039
-0.1446159
-0.1553961
-0.1006921
-0.0233122
0.0715735
0.1833618
0.2741065
0.2922258
0.2337225
0.1548621
0.1108335
0.0917412
0.0398354
-0.0611038
-0.1297916
-0.0489267
0.2052249
0.5071700
0.6728145
0.6111133
0.3887137
0.1544658
0.0078902
-0.0625908
-0.1244376
-0.1996820
-0.2338867
-0.1703551
-0.0356518
0.0766777
0.1088368
0.0981661
0.1187892
0.1839544
0.2340475
0.2202157
0.1722446
0.1626669
0.2120061
0.2581139
0.2360558
0.1697943
0.1494207
0.2123498
0.2830035
0.2580630
0.1310899
-0.0031157
-0.0618403
-0.0525965
-0.0259305
0.0138253
0.1103756
0.2675099
0.3936676
0.3689642
0.1758917
-0.0552273
-0.1526939
-0.0579674
0.1330452
0.2750532
0.3030046
0.2639472
0.2507585
0.3176182
0.4388347
0.5278425
0.5028695
0.3525584
0.1426261
-0.0434560
-0.1667380
-0.2385581
-0.2817206
-0.3032023
-0.3060510
-0.3135666
-0.3600164
-0.4413105
-0.4841599
-0.3996279
-0.1903184
0.0175820
0.0878912
0.0242434
-0.0222340
0.0880941
0.3260857
0.5060047
0.4554123
0.1772581
-0.1472028
-0.3136174
-0.2582763
-0.0791001
0.0838388
0.1664621
0.1899453
0.1956305
0.1977675
0.1820622
0.1235377
0.0108700
-0.1281593
-0.2291614
-0.2365276
-0.1503924
-0.0230443
0.0900795
0.1730299
0.2467788
0.3276975
0.3933553
0.4029362
0.3550115
0.2977882
0.2568109
0.1787452
-0.0018287
-0.2405711
-0.3845996
-0.3279212
-0.1382721
0.0049994
-0.0060459
-0.1088036
-0.1560660
-0.0847524
0.0204727
0.0392678
-0.0318500
-0.0787776
-0.0224408
0.0808424
0.1247820
0.0971115
0.0827285
0.1363550
0.2056884
0.1953299
0.0822945
-0.0428715
-0.0473470
0.1179842
0.3521714
0.4802060
0.4106724
0.2087349
0.0156782
-0.0738569
-0.0540994
0.0230078
0.0946158
0.1329567
0.1638122
0.2147067
0.2454970
0.1799778
0.0200856
-0.1225405
-0.1333446
0.0015736
0.2016092
0.3508911
0.3530153
0.1990673
0.0003764
-0.1069818
-0.1011644
-0.0592367
-0.0198183
0.0386021
0.0873423
0.0513579
-0.0420401
-0.0566178
0.0466968
