-0.0011160
0.0003423
0.0060452
0.0127006
0.0186437
0.0233330
0.0249636
0.0203463
0.0080955
-0.0084639
-0.0227545
-0.0302594
-0.0324259
-0.0346280
-0.0398917
-0.0452697
-0.0453276
-0.0388767
-0.0306638
-0.0259195
-0.0257125
-0.0306701
-0.0471333
-0.0803956
-0.1122557
-0.0864071
0.0674727
0.3716998
0.7479172
1.0315829
1.0629931
0.7946472
0.3308545
-0.1346009
-0.4356218
-0.5187915
-0.4430468
-0.3122687
-0.2034686
-0.1396873
-0.1090451
-0.0966111
-0.0985893
-0.1153737
-0.1407708
-0.1624161
-0.1718019
-0.1714117
-0.1710022
-0.1774443
-0.1887404
-0.1975208
-0.1993491
-0.1970080
-0.1970004
-0.2026807
-0.2111469
-0.2162905
-0.2141678
-0.2056140
-0.1947281
-0.1855294
-0.1794365
-0.1745371
-0.1665049
-0.1509558
-0.1266269
-0.0974587
-0.0710911
-0.0535870
-0.0443543
-0.0364543
-0.0226934
-0.0014842
0.0234952
0.0484258
0.0722300
0.0940283
0.1103566
0.1184135
0.1227892
0.1358211
0.1672359
0.2124467
0.2537119
0.2756912
0.2797536
0.2808518
0.2897185
0.3000896
0.2951181
0.2653981
0.2187101
0.1721525
0.1367673
0.1107445
0.0855908
0.0560578
0.0237658
-0.0060706
-0.0287861
-0.0418826
-0.0459668
-0.0461842
-0.0509706
-0.0658695
-0.0873304
-0.1045168
-0.1093564
-0.1046134
-0.1004564
-0.1026452
-0.1055529
-0.0984270
-0.0783768
-0.0554408
-0.0434942
-0.0466851
-0.0562553
-0.0607206
-0.0574146
-0.0530001
-0.0542737
-0.0610236
-0.0680947
-0.0718776
-0.0724612
-0.0699963
-0.0617381
-0.0448855
-0.0220946
-0.0020429
0.0073551
0.0064407
0.0035559
0.0067852
0.0162641
0.0248841
0.0261382
0.0207980
0.0159762
0.0179573
0.0260308
0.0332531
0.0330608
0.0248629
0.0133007
0.0030296
-0.0048127
-0.0115455
-0.0181148
-0.0241745
-0.0290476
-0.0322800
-0.0331850
-0.0309487
-0.0261491
-0.0220494
-0.0233205
-0.0324954
-0.0477128
-0.0647016
-0.0811097
-0.0979930
-0.1165146
-0.1340921
-0.1452359
-0.1467306
-0.1417480
-0.1386410
-0.1452392
-0.1630291
-0.1854452
-0.2015987
-0.2029885
-0.1885376
-0.1645782
-0.1401198
-0.1208656
-0.1061054
-0.0906863
-0.0704513
-0.0463540
-0.0235438
-0.0068258
0.0026874
0.0071843
0.0097973
0.0127996
0.0167115
0.0200933
0.0209827
0.0200038
0.0217730
0.0305545
0.0419428
0.0404174
0.0125040
-0.0288249
-0.0311863
0.0751224
0.3232269
0.6620695
0.9599625
1.0691802
0.9122148
0.5301647
0.0602912
-0.3396184
-0.5683128
-0.6140819
-0.5348381
-0.4111087
-0.3057502
-0.2476320
-0.2360450
-0.2538144
-0.2798490
-0.2978302
-0.3009800
-0.2926067
-0.2815125
-0.2738835
-0.2675778
-0.2544275
-0.2289026
-0.1946641
-0.1625675
-0.1423933
-0.1361020
-0.1378053
-0.1391063
-0.1345331
-0.1231058
-0.1065371
-0.0874282
-0.0690329
-0.0546968
-0.0455372
-0.0388866
-0.0307143
-0.0202925
-0.0114725
-0.0081638
-0.0084638
-0.0041761
0.0125520
0.0412596
0.0722749
0.0951887
0.1087882
0.1215062
0.1411058
0.1648358
0.1813972
0.1828409
0.1734149
0.1659001
0.1693622
0.1808388
0.1889832
0.1852923
0.1710786
0.1537369
0.1379903
0.1224326
0.1038213
0.0822309
0.0611156
0.0441761
0.0339404
0.0324757
0.0408586
0.0564728
0.0718380
0.0786418
0.0748802
0.0676140
0.0664261
0.0729263
0.0782104
0.0727271
0.0581798
0.0473152
0.0509001
0.0660723
0.0787692
0.0774060
0.0633303
0.0477504
0.0393361
0.0361041
0.0298055
0.0168354
0.0027997
-0.0038967
-0.0013309
0.0038549
0.0024761
-0.0098464
-0.0299216
-0.0498038
-0.0627512
-0.0682243
-0.0720252
-0.0812636
-0.0985562
-0.1204517
-0.1406823
-0.1545301
-0.1605091
-0.1589688
-0.1504234
-0.1360190
-0.1187603
-0.1021103
-0.0863536
-0.0677089
-0.0424846
-0.0115218
0.0199195
0.0445854
0.0548621
0.0490169
0.0474631
0.1050866
0.2897881
0.6189035
0.9977447
1.2319191
1.1387935
0.6887624
0.0559129
-0.4819844
-0.7240964
-0.6624182
-0.4464383
-0.2459187
-0.1389339
-0.1047015
-0.0922197
-0.0797887
-0.0772796
-0.0937160
-0.1192210
-0.1379396
-0.1473001
-0.1572258
-0.1737970
-0.1910468
-0.2000661
-0.2008137
-0.2011518
-0.2066409
-0.2154702
-0.2234244
-0.2299658
-0.2365250
-0.2399243
-0.2314326
-0.2054306
-0.1684050
-0.1358946
-0.1182902
-0.1109298
-0.1002080
-0.0785161
-0.0505761
-0.0250184
-0.0027489
0.0239564
0.0614933
0.1063695
0.1480533
0.1800404
0.2064519
0.2363576
0.2723754
0.3070106
0.3307821
0.3422272
0.3488636
0.3596236
0.3774752
0.3979499
0.4125152
0.4132553
0.3963783
0.3633014
0.3192206
0.2702564
0.2207645
0.1724478
0.1262072
0.0848450
0.0523068
0.0286077
0.0067844
-0.0218215
-0.0579954
-0.0922563
-0.1138748
-0.1217720
-0.1248733
-0.1310713
-0.1367107
-0.1287982
-0.0992443
-0.0566878
-0.0219574
-0.0099857
-0.0165557
-0.0236648
-0.0171191
0.0019719
0.0213686
0.0305529
0.0292610
0.0256927
0.0282707
0.0390166
0.0534036
0.0649494
0.0696204
0.0677190
0.0638773
0.0647249
0.0734220
0.0848662
0.0881892
0.0764160
0.0537308
0.0320945
0.0204369
0.0173656
0.0141572
0.0044377
-0.0094965
-0.0206995
-0.0277591
-0.0375957
-0.0520754
-0.0480299
0.0256027
0.2175976
0.5229952
0.8489716
1.0379856
0.9527874
0.5737950
0.0329496
-0.4541644
-0.7157745
-0.7172465
-0.5547923
-0.3667522
-0.2408625
-0.1848889
-0.1634903
-0.1500103
-0.1444205
-0.1549135
-0.1768179
-0.1942124
-0.1966661
-0.1883480
-0.1809850
-0.1812408
-0.1854495
-0.1843635
-0.1718576
-0.1500225
-0.1270628
-0.1105334
-0.1019412
-0.0966553
-0.0884295
-0.0750522
-0.0608911
-0.0532417
-0.0545027
-0.0581667
-0.0543921
-0.0401200
-0.0226623
-0.0130139
-0.0162562
-0.0279593
-0.0383641
-0.0398259
-0.0315688
-0.0181520
-0.0032732
0.0148507
0.0419395
0.0820463
0.1333722
0.1882026
0.2363848
0.2707815
0.2915247
0.3048279
0.3164061
0.3259456
0.3282559
0.3190029
0.2986883
0.2720412
0.2447424
0.2204318
0.1998556
0.1821803
0.1662438
0.1499369
0.1297844
0.1036816
0.0743858
0.0482034
0.0292669
0.0165455
0.0072774
0.0017174
0.0027924
0.0112853
0.0224253
0.0280256
0.0228204
0.0091217
-0.0055896
-0.0164787
-0.0260048
-0.0399120
-0.0596753
-0.0804275
-0.0957344
-0.1028874
-0.1038247
-0.1022120
-0.0994943
-0.0929200
-0.0779462
-0.0536246
-0.0251988
-0.0005176
0.0156791
0.0234732
0.0251690
0.0227495
0.0178986
0.0132957
0.0127108
0.0186254
0.0290657
0.0380449
0.0411652
0.0403585
0.0407538
0.0429135
0.0411843
0.0309782
0.0151971
0.0015454
-0.0046722
-0.0028883
0.0054380
0.0165092
0.0185195
-0.0083781
-0.0736633
-0.1469744
-0.1507716
-0.0042137
0.2998755
0.6516849
0.8700864
0.8173394
0.4951455
0.0448946
-0.3454020
-0.5521567
-0.5662911
-0.4628177
-0.3333311
-0.2379687
-0.1970754
-0.2039473
-0.2364563
-0.2656743
-0.2685212
-0.2407127
-0.1984388
-0.1657431
-0.1573999
-0.1698288
-0.1858507
-0.1894010
-0.1785353
-0.1655070
-0.1640387
-0.1761216
-0.1904359
-0.1928124
-0.1787627
-0.1571516
-0.1416996
-0.1380179
-0.1390956
-0.1338142
-0.1184472
-0.0985514
-0.0815971
-0.0706474
-0.0641405
-0.0578901
-0.0463088
-0.0247722
0.0065903
0.0416857
0.0721239
0.0928465
0.1051827
0.1150154
0.1271379
0.1405848
0.1501394
0.1529186
0.1523963
0.1552743
0.1654477
0.1812986
0.1968466
0.2042489
0.1970733
0.1737765
0.1387714
0.1002025
0.0668968
0.0457162
0.0382341
0.0386129
0.0371235
0.0280437
0.0138555
0.0013394
-0.0053547
-0.0075951
-0.0100181
-0.0163295
-0.0262907
-0.0360761
-0.0420086
-0.0440219
-0.0452070
-0.0486151
-0.0548810
-0.0616146
-0.0643839
-0.0604835
-0.0535412
-0.0519993
-0.0597336
-0.0695261
-0.0698842
-0.0586657
-0.0463647
-0.0441682
-0.0508903
-0.0532256
-0.0356226
0.0163725
0.1241149
0.3157909
0.5957006
0.8971318
1.0758819
0.9864523
0.6006240
0.0616681
-0.3940030
-0.5950870
-0.5411461
-0.3707721
-0.2334476
-0.1853018
-0.1890171
-0.1898176
-0.1760324
-0.1710383
-0.1877951
-0.2090773
-0.2108183
-0.1912917
-0.1705593
-0.1667899
-0.1795628
-0.1946736
-0.1996275
-0.1926846
-0.1799389
-0.1676825
-0.1590594
-0.1554987
-0.1569307
-0.1595026
-0.1567905
-0.1463367
-0.1332713
-0.1246967
-0.1213459
-0.1169028
-0.1047489
-0.0835028
-0.0566814
-0.0288478
-0.0020563
0.0249423
0.0541065
0.0851610
0.1164286
0.1479331
0.1811410
0.2154404
0.2479130
0.2778799
0.3089528
0.3442044
0.3803577
0.4085879
0.4214201
0.4191777
0.4102191
0.4037001
0.4003229
0.3910121
0.3668690
0.3299508
0.2921027
0.2636035
0.2449915
0.2291803
0.2086988
0.1808653
0.1488299
0.1190329
0.0966686
0.0826739
0.0743616
0.0675568
0.0582515
0.0451222
0.0322021
0.0266868
0.0313991
0.0403895
0.0439134
0.0371989
0.0236096
0.0108408
0.0050063
0.0062930
0.0084470
0.0036352
-0.0107012
-0.0301961
-0.0485901
-0.0628148
-0.0732613
-0.0815747
-0.0890788
-0.0955264
-0.0986922
-0.0967147
-0.0911038
-0.0858651
-0.0835258
-0.0832257
-0.0820515
-0.0767827
-0.0658327
-0.0521374
-0.0430322
-0.0438569
-0.0514321
-0.0562814
-0.0515953
-0.0385734
-0.0238289
-0.0137105
-0.0103996
-0.0109155
-0.0099185
-0.0061742
-0.0078177
-0.0293187
-0.0769903
-0.1282862
-0.1220254
0.0171707
0.3172263
0.7015354
0.9995179
1.0422647
0.7797149
0.3239054
-0.1207377
-0.3863062
-0.4313633
-0.3328887
-0.2045868
-0.1187231
-0.0869495
-0.0899427
-0.1086578
-0.1316479
-0.1506546
-0.1615999
-0.1683371
-0.1792661
-0.1985372
-0.2215683
-0.2392019
-0.2461039
-0.2454559
-0.2451321
-0.2492950
-0.2552819
-0.2589435
-0.2600147
-0.2605907
-0.2616395
-0.2639786
-0.2696757
-0.2780860
-0.2817962
-0.2709980
-0.2430235
-0.2058980
-0.1721364
-0.1491614
-0.1342053
-0.1176640
-0.0929493
-0.0636687
-0.0393488
-0.0240149
-0.0118114
0.0055182
0.0299905
0.0572674
0.0819215
0.1010088
0.1148385
0.1261720
0.1376309
0.1493285
0.1599025
0.1687668
0.1750899
0.1758643
0.1685057
0.1550864
0.1406520
0.1271096
0.1114450
0.0899427
0.0617718
0.0288446
-0.0052635
-0.0364062
-0.0620845
-0.0826880
-0.0997062
-0.1139291
-0.1260422
-0.1363223
-0.1422101
-0.1395551
-0.1293858
-0.1210841
-0.1252043
-0.1434947
-0.1673373
-0.1846047
-0.1874562
-0.1765608
-0.1600449
-0.1465791
-0.1379143
-0.1293901
-0.1175419
-0.1041973
-0.0927872
-0.0844009
-0.0789377
-0.0769697
-0.0784715
-0.0814828
-0.0831350
-0.0810631
-0.0745387
-0.0659723
-0.0596594
-0.0560671
-0.0489544
-0.0320979
-0.0081729
0.0127858
0.0234040
0.0241341
0.0191105
0.0113597
0.0051890
0.0147758
0.0710607
0.2137892
0.4597128
0.7624049
1.0042207
1.0476844
0.8222113
0.3829441
-0.1077195
-0.4700300
-0.6085802
-0.5539500
-0.4172982
-0.3020582
-0.2477918
-0.2392341
-0.2482580
-0.2601539
-0.2715301
-0.2795099
-0.2794626
-0.2705197
-0.2590593
-0.2536325
-0.2553881
-0.2561820
-0.2489593
-0.2373468
-0.2304186
-0.2297031
-0.2269865
-0.2150054
-0.1954030
-0.1753061
-0.1598296
-0.1486834
-0.1372876
-0.1208342
-0.0990161
-0.0759221
-0.0539574
-0.0304694
-0.0027939
0.0264326
0.0524836
0.0745647
0.0949358
0.1137875
0.1282012
0.1351376
0.1340079
0.1286569
0.1277929
0.1392802
0.1612490
0.1821023
0.1921063
0.1926246
0.1922590
0.1966519
0.2033835
0.2039598
0.1899772
0.1606880
0.1253811
0.0952208
0.0724594
0.0507199
0.0249683
-0.0031540
-0.0291334
-0.0495206
-0.0619573
-0.0663245
-0.0669472
-0.0699584
-0.0775654
-0.0869936
-0.0941018
-0.0957279
-0.0907105
-0.0819265
-0.0752162
-0.0729965
-0.0712045
-0.0654851
-0.0571446
-0.0493368
-0.0407831
-0.0277826
-0.0101011
0.0089519
0.0261015
0.0385615
0.0433494
0.0394533
0.0294609
0.0175729
0.0072987
0.0003001
-0.0049652
-0.0089911
0.0036064
0.0727329
0.2388529
0.4930588
0.7488512
0.8749272
0.7748159
0.4567138
0.0401930
-0.3112740
-0.4877354
-0.4877907
-0.3927709
-0.2934409
-0.2364789
-0.2215815
-0.2277036
-0.2365551
-0.2417051
-0.2455871
-0.2509570
-0.2564453
-0.2599083
-0.2611926
-0.2586472
-0.2478585
-0.2284681
-0.2080657
-0.1940319
-0.1844359
-0.1715012
-0.1515366
-0.1279650
-0.1071472
-0.0932806
-0.0835904
-0.0671147
-0.0339476
0.0113737
0.0507287
0.0695833
0.0693316
0.0617428
0.0573557
0.0613197
0.0740445
0.0918213
0.1100866
0.1277080
0.1452671
0.1603477
0.1695218
0.1739136
0.1773343
0.1802527
0.1813949
0.1834894
0.1907365
0.2016130
0.2101921
0.2133300
0.2112291
0.2032459
0.1889722
0.1711197
0.1516372
0.1273544
0.0947838
0.0568461
0.0204062
-0.0100194
-0.0329005
-0.0486142
-0.0612603
-0.0762902
-0.0925051
-0.1017426
-0.0998967
-0.0922872
-0.0848215
-0.0764658
-0.0642748
-0.0495648
-0.0353615
-0.0232768
-0.0153258
-0.0127036
-0.0107456
-0.0014847
0.0167852
0.0378756
0.0557931
0.0686277
0.0757276
0.0783930
0.0822679
0.0915101
0.1020190
0.1079555
0.1125295
0.1234662
0.1390778
0.1468764
0.1353373
0.1027222
0.0614008
0.0441632
0.1011489
0.2724336
0.5492438
0.8547720
1.0623671
1.0505671
0.7773491
0.3267288
-0.1252070
-0.4163405
-0.4923586
-0.4139070
-0.2891224
-0.1995680
-0.1675866
-0.1698635
-0.1760168
-0.1777951
-0.1840999
-0.1968599
-0.2049794
-0.2010328
-0.1900154
-0.1787936
-0.1683963
-0.1590564
-0.1518810
-0.1435148
-0.1294106
-0.1134328
-0.1043481
-0.1029467
-0.1024344
-0.1002150
-0.0992115
-0.0996618
-0.0995752
-0.1002811
-0.1018816
-0.0976296
-0.0826923
-0.0632279
-0.0471045
-0.0319512
-0.0118020
0.0121687
0.0370088
0.0647533
0.0933584
0.1104954
0.1079661
0.0947963
0.0870019
0.0921551
0.1097587
0.1353930
0.1583225
0.1680409
0.1699209
0.1813184
0.2063994
0.2285628
0.2325528
0.2195286
0.1967541
0.1685172
0.1407861
0.1185292
0.0955097
0.0625168
0.0262951
0.0033797
-0.0041397
-0.0090820
-0.0175991
-0.0253484
-0.0315642
-0.0379097
-0.0377818
-0.0256658
-0.0111432
-0.0050084
0.0002354
0.0171897
0.0413909
0.0612225
0.0768008
0.0893679
0.0878035
0.0675644
0.0470813
0.0436849
0.0496862
0.0516743
0.0531045
0.0575118
0.0525804
0.0353375
0.0367447
0.1049819
0.2776906
0.5619346
0.8934763
1.1097936
1.0324652
0.6277818
0.0636771
-0.4154292
-0.6530518
-0.6386269
-0.4751298
-0.3113877
-0.2443035
-0.2523528
-0.2563828
-0.2394850
-0.2466377
-0.2806095
-0.2923893
-0.2792845
-0.2891660
-0.3144773
-0.2969907
-0.2567561
-0.2782334
-0.3258211
-0.2294776
0.0596833
