0.0607963
0.0441707
0.0459903
0.0436399
0.0242474
-0.0027009
-0.0208177
-0.0253711
-0.0218766
-0.0133663
0.0004494
0.0114846
0.0026238
-0.0319672
-0.0706900
-0.0809344
-0.0552393
-0.0220016
-0.0120157
-0.0197107
-0.0100240
0.0343222
0.0852481
0.1000229
0.0734121
0.0430146
0.0380830
0.0382069
0.0003414
-0.0752846
-0.1265285
-0.0916230
0.0156152
0.1091425
0.1151733
0.0445423
-0.0268180
-0.0428316
-0.0199655
-0.0148730
-0.0545551
-0.1110941
-0.1395632
-0.1235799
-0.0771404
-0.0158773
0.0544166
0.1195915
0.1460049
0.1055549
0.0126697
-0.0753649
-0.1031852
-0.0617183
0.0124950
0.0752959
0.1058508
0.1059234
0.0844027
0.0517427
0.0222154
0.0075970
0.0051065
0.0002940
-0.0121028
-0.0166646
0.0038054
0.0400470
0.0592768
0.0419470
0.0061291
-0.0162006
-0.0230438
-0.0459558
-0.1022392
-0.1566745
-0.1500012
-0.0679458
0.0335661
0.0839044
0.0717604
0.0497481
0.0648379
0.0998941
0.0967000
0.0307106
-0.0533103
-0.0857369
-0.0428674
0.0344255
0.0862542
0.0861195
0.0490684
0.0037506
-0.0308661
-0.0469400
-0.0436927
-0.0309851
-0.0290600
-0.0518782
-0.0881256
-0.1065118
-0.0859904
-0.0385159
0.0025693
0.0154236
0.0063243
-0.0059829
-0.0151178
-0.0302230
-0.0567274
-0.0817074
-0.0831432
-0.0526242
-0.0062443
0.0275794
0.0313577
0.0120113
-0.0067341
-0.0072526
0.0028830
-0.0049119
-0.0511494
-0.1192244
-0.1595991
-0.1322090
-0.0490295
0.0302263
0.0515736
0.0168904
-0.0224616
-0.0217134
0.0127889
0.0373382
0.0230415
-0.0139939
-0.0345466
-0.0195751
0.0145686
0.0394566
0.0432111
0.0335098
0.0204126
0.0049398
-0.0163759
-0.0435643
-0.0730844
-0.0999732
-0.1146042
-0.1013318
-0.0504461
0.0245642
0.0884238
0.1112730
0.0949112
0.0666958
0.0470572
0.0307529
0.0056812
-0.0169768
-0.0061037
0.0497675
0.1157473
0.1374859
0.0974349
0.0347265
0.0017817
0.0069126
0.0113353
-0.0160378
-0.0539691
-0.0513612
0.0081819
0.0781656
0.0947133
0.0455641
-0.0169829
-0.0345955
-0.0062245
0.0150322
-0.0138613
-0.0742483
-0.1039740
-0.0639601
0.0195067
0.0799018
0.0736626
0.0162173
-0.0406805
-0.0606847
-0.0501808
-0.0397392
-0.0462861
-0.0568671
-0.0467857
-0.0089104
0.0367490
0.0609802
0.0516265
0.0232815
0.0026274
0.0035858
0.0147843
0.0110143
-0.0206196
-0.0636340
-0.0825218
-0.0546738
0.0052934
0.0555553
0.0659608
0.0474146
0.0381037
0.0578107
0.0807432
0.0624065
-0.0039137
-0.0649568
-0.0522751
0.0468355
0.1674322
0.2215862
0.1764855
0.0778343
-0.0011077
-0.0277183
-0.0267527
-0.0380609
-0.0690080
-0.0914811
-0.0779101
-0.0311925
0.0210082
0.0539548
0.0629078
0.0566296
0.0420661
0.0191027
-0.0127283
-0.0472056
-0.0724941
-0.0783452
-0.0629976
-0.0354050
-0.0108174
-0.0005413
-0.0027769
-0.0049372
0.0009193
0.0043625
-0.0169348
-0.0718433
-0.1372949
-0.1707937
-0.1466503
-0.0806583
-0.0169917
0.0099528
0.0000960
-0.0234933
-0.0437681
-0.0621146
-0.0832064
-0.0960271
-0.0784573
-0.0226749
0.0483422
0.0949227
0.0936627
0.0562319
0.0150057
-0.0094486
-0.0255174
-0.0547607
-0.0999294
-0.1316302
-0.1115181
-0.0329339
0.0613537
0.1070754
0.0715049
-0.0171841
-0.0948838
-0.1195749
-0.1061862
-0.1032077
-0.1354365
-0.1733835
-0.1624209
-0.0814525
0.0304447
0.1067711
0.1111787
0.0622646
0.0058509
-0.0305335
-0.0536433
-0.0811947
-0.1114680
-0.1203534
-0.0867589
-0.0176886
0.0528473
0.0898121
0.0838027
0.0546490
0.0295097
0.0165946
0.0006590
-0.0341190
-0.0774271
-0.0935972
-0.0547395
0.0255754
0.0959720
0.1097359
0.0652095
0.0031206
-0.0349456
-0.0420617
-0.0406136
-0.0488146
-0.0602962
-0.0566399
-0.0320880
0.0002703
0.0239797
0.0337884
0.0334709
0.0253311
0.0072260
-0.0222686
-0.0614999
-0.1083363
-0.1580315
-0.1947772
-0.1929717
-0.1393236
-0.0567294
0.0040651
0.0081859
-0.0272891
-0.0485258
-0.0199040
0.0405042
0.0837899
0.0831342
0.0557868
0.0339794
0.0265813
0.0187913
0.0029256
-0.0070672
0.0013630
0.0127846
-0.0044516
-0.0578365
-0.1134430
-0.1279563
-0.0943812
-0.0474911
-0.0240582
-0.0270531
-0.0350370
-0.0399671
-0.0620464
-0.1208651
-0.1983752
-0.2418440
-0.2093220
-0.1110586
-0.0037952
0.0557540
0.0526643
0.0148954
-0.0200951
-0.0378092
-0.0507379
-0.0768380
-0.1169168
-0.1513749
-0.1559044
-0.1197742
-0.0523249
0.0231048
0.0796090
0.0960145
0.0655397
0.0026964
-0.0593125
-0.0866300
-0.0690269
-0.0282832
0.0017401
0.0067324
0.0021359
0.0096257
0.0270672
0.0296570
0.0033165
-0.0311365
-0.0378242
-0.0106467
0.0125489
-0.0086156
-0.0629170
-0.0869039
-0.0279240
0.0943384
0.1979169
0.2137513
0.1472765
0.0632847
0.0160206
0.0027326
-0.0146818
-0.0538494
-0.0880399
-0.0766513
-0.0108509
0.0753984
0.1356922
0.1479875
0.1242938
0.0917924
0.0677916
0.0489978
0.0201316
-0.0266051
-0.0774365
-0.1033576
-0.0858508
-0.0383141
0.0026897
0.0119134
-0.0013251
-0.0092444
-0.0023160
0.0003493
-0.0173977
-0.0359538
-0.0147215
0.0552024
0.1248716
0.1291815
0.0566260
-0.0330346
-0.0675832
-0.0332745
0.0203784
0.0418619
0.0301856
0.0217077
0.0369798
0.0566502
0.0512817
0.0207741
-0.0078651
-0.0178454
-0.0238813
-0.0499111
-0.0928563
-0.1187825
-0.0963845
-0.0286394
0.0503634
0.1043787
0.1173931
0.0942197
0.0506738
0.0069872
-0.0172117
-0.0123973
0.0131093
0.0394916
0.0536887
0.0599860
0.0696228
0.0821161
0.0833996
0.0652592
0.0410551
0.0340358
0.0488210
0.0614597
0.0447504
0.0029734
-0.0248079
-0.0010025
0.0708576
0.1449633
0.1729088
0.1447786
0.0923551
0.0549413
0.0443452
0.0420007
0.0260153
-0.0024586
-0.0195551
-0.0033011
0.0428952
0.0906954
0.1104299
0.0950282
0.0618637
0.0326440
0.0133569
-0.0053829
-0.0301900
-0.0505254
-0.0446873
-0.0008058
0.0677761
0.1276567
0.1472361
0.1179589
0.0593387
0.0047822
-0.0214925
-0.0196865
-0.0095459
-0.0088265
-0.0154351
-0.0129566
0.0051431
0.0216998
0.0128890
-0.0215667
-0.0541831
-0.0619538
-0.0568019
-0.0714398
-0.1118376
-0.1362161
-0.0964642
-0.0011028
0.0771131
0.0681250
-0.0238658
-0.1251327
-0.1681100
-0.1512927
-0.1195713
-0.0990167
-0.0705140
-0.0100218
0.0637901
0.1000333
0.0716170
0.0051878
-0.0520333
-0.0850106
-0.1172275
-0.1663011
-0.2090331
-0.2018129
-0.1310421
-0.0320772
0.0437310
0.0728108
0.0670457
0.0473575
0.0218506
-0.0095268
-0.0406253
-0.0599026
-0.0640872
-0.0621189
-0.0612471
-0.0543929
-0.0287118
0.0130114
0.0463494
0.0461898
0.0125556
-0.0289469
-0.0535818
-0.0611149
-0.0701810
-0.0905135
-0.1054985
-0.0865145
-0.0253450
0.0502900
0.0966881
0.0906880
0.0458155
-0.0066481
-0.0481249
-0.0806224
-0.1072905
-0.1150707
-0.0859701
-0.0256072
0.0293087
0.0425479
0.0188073
0.0046598
0.0414328
0.1178706
0.1760949
0.1676955
0.1011294
0.0316042
0.0079852
0.0343107
0.0801739
0.1177685
0.1408141
0.1518219
0.1444213
0.1075771
0.0445024
-0.0213373
-0.0624547
-0.0661776
-0.0363320
0.0166604
0.0790421
0.1287963
0.1393888
0.0992547
0.0283601
-0.0311668
-0.0463821
-0.0170234
0.0308474
0.0707349
0.0928059
0.0995516
0.0938034
0.0765342
0.0525118
0.0298307
0.0112363
-0.0088928
-0.0337310
-0.0516994
-0.0409262
0.0098465
0.0845188
0.1453091
0.1577244
0.1145022
0.0401392
-0.0262478
-0.0561687
-0.0466909
-0.0150655
0.0206157
0.0560440
0.0960200
0.1365095
0.1568592
0.1368337
0.0825760
0.0289175
0.0087960
0.0209426
0.0338882
0.0240051
0.0040419
0.0078074
0.0476116
0.0939537
0.1027096
0.0614268
0.0043794
-0.0201557
0.0039854
0.0480757
0.0690629
0.0502689
0.0136383
-0.0033310
0.0192573
0.0695221
0.1167453
0.1363872
0.1250281
0.0951919
0.0595550
0.0226813
-0.0125185
-0.0349994
-0.0285809
0.0117687
0.0682161
0.1093641
0.1148321
0.0904885
0.0576947
0.0287453
-0.0027215
-0.0452297
-0.0883224
-0.1052464
-0.0791278
-0.0226989
0.0319497
0.0626267
0.0735192
0.0832432
0.1006135
0.1147197
0.1065357
0.0665358
0.0022250
-0.0648937
-0.1062268
-0.0974113
-0.0362754
0.0448507
0.0933976
0.0767957
0.0138123
-0.0392521
-0.0398662
0.0024244
0.0406586
0.0419556
0.0203744
0.0176260
0.0557550
0.1137543
0.1493474
0.1374401
0.0854073
0.0186798
-0.0384164
-0.0676149
-0.0548656
0.0033610
0.0889217
0.1639734
0.1928806
0.1670627
0.1089049
0.0505198
0.0085104
-0.0208923
-0.0447955
-0.0570170
-0.0423605
0.0026629
0.0566456
0.0842696
0.0629094
0.0002837
-0.0726884
-0.1261259
-0.1500111
-0.1528492
-0.1463700
-0.1341223
-0.1135147
-0.0850026
-0.0568623
-0.0412740
-0.0456936
-0.0660008
-0.0870173
-0.0925986
-0.0795980
-0.0627822
-0.0624725
-0.0837436
-0.1082071
-0.1098220
-0.0809732
-0.0412611
-0.0178156
-0.0177794
-0.0241705
-0.0198683
-0.0103793
-0.0167645
-0.0465094
-0.0774815
-0.0748452
-0.0230814
0.0591768
0.1321636
0.1595219
0.1252719
0.0393230
-0.0645575
-0.1402294
-0.1529465
-0.1034028
-0.0286359
0.0271652
0.0460464
0.0403462
0.0272259
0.0081989
-0.0218356
-0.0538234
-0.0664436
-0.0521041
-0.0310478
-0.0291235
-0.0432776
-0.0401716
0.0046295
0.0720508
0.1140616
0.1041442
0.0650483
0.0405523
0.0451269
0.0515008
0.0289632
-0.0157779
-0.0436752
-0.0259140
0.0267943
0.0787587
0.1057744
0.1108592
0.1073579
0.0974120
0.0743106
0.0418116
0.0200691
0.0265425
0.0552758
0.0820317
0.0902210
0.0860171
0.0846114
0.0855531
0.0688161
0.0186840
-0.0508614
-0.0994048
-0.0920393
-0.0292191
0.0539318
0.1155705
0.1340984
0.1132132
0.0697609
0.0214783
-0.0177683
-0.0399065
-0.0455068
-0.0435615
-0.0439208
-0.0469397
-0.0412114
-0.0143341
0.0323733
0.0810553
0.1116273
0.1198832
0.1206438
0.1322093
0.1575846
0.1809722
0.1830616
0.1609719
0.1337016
0.1260644
0.1444745
0.1681884
0.1667060
0.1279234
0.0696149
0.0232383
0.0067907
0.0131090
0.0226864
0.0251874
0.0269485
0.0386240
0.0588029
0.0724792
0.0656631
0.0401826
0.0138792
0.0061148
0.0205518
0.0394939
0.0376942
0.0083140
-0.0231942
-0.0185248
0.0323799
0.0922344
0.1083187
0.0670173
0.0084289
-0.0211173
-0.0245736
-0.0469589
-0.1101437
-0.1745245
-0.1870148
-0.1604194
-0.1718829
-0.2616439
-0.3554863
-0.3331739
-0.1920826
-0.1123388
-0.3118883
-0.8168021
-1.3905192
-1.7138560
-1.6456225
-1.3124999
-0.9614837
-0.7460894
-0.6522673
-0.5911572
-0.5163530
-0.4416227
-0.3805650
-0.3114440
-0.2100191
-0.0941417
-0.0140190
0.0020376
-0.0201160
-0.0285826
-0.0012000
0.0335058
0.0318304
-0.0131798
-0.0590497
-0.0529996
0.0174889
0.1119755
0.1723220
0.1708352
0.1274004
0.0839769
0.0653556
0.0646183
0.0621468
0.0515435
0.0436777
0.0499488
0.0685750
0.0880688
0.0988831
0.0986466
0.0894166
0.0744346
0.0573850
0.0412725
0.0267105
0.0137152
0.0068108
0.0149089
0.0400925
0.0658107
0.0642973
0.0247285
-0.0271939
-0.0481995
-0.0224985
0.0174440
0.0243276
-0.0091579
-0.0367815
-0.0058758
0.0840361
0.1746484
0.2017961
0.1523343
0.0684660
0.0017444
-0.0305406
-0.0454964
-0.0629126
-0.0822921
-0.0877705
-0.0657120
-0.0150289
0.0518837
0.1120822
0.1407279
0.1269494
0.0846266
0.0420639
0.0154092
-0.0058603
-0.0408799
-0.0842827
-0.1000940
-0.0585558
0.0223876
0.0843668
0.0853167
0.0437659
0.0170710
0.0361334
0.0720500
0.0735163
0.0306114
-0.0100756
0.0029647
0.0668571
0.1247132
0.1245074
0.0696921
0.0074406
-0.0260410
-0.0377573
-0.0555775
-0.0854911
-0.1012120
-0.0746350
-0.0084063
0.0651152
0.1129590
0.1247767
0.1090031
0.0744943
0.0242146
-0.0330605
-0.0741531
-0.0740890
-0.0284821
0.0410906
0.1051775
0.1463306
0.1604983
0.1459906
0.1006605
0.0330054
-0.0300489
-0.0560888
-0.0333572
0.0177470
0.0633515
0.0860008
0.0924659
0.0933711
0.0839157
0.0515569
-0.0010020
-0.0498080
-0.0701618
-0.0590760
-0.0335280
-0.0084423
0.0182253
0.0559464
0.1006252
0.1298330
0.1225347
0.0806121
0.0263089
-0.0201833
-0.0545183
-0.0785319
-0.0844171
-0.0573197
0.0046023
0.0776811
0.1260050
0.1297600
0.0995928
0.0612558
0.0275115
-0.0101659
-0.0605785
-0.1095723
-0.1256397
-0.0900045
-0.0167917
0.0587746
0.1095406
0.1320899
0.1366586
0.1273001
0.0962069
0.0380625
-0.0335025
-0.0886348
-0.1027529
-0.0749937
-0.0261941
0.0184662
0.0447421
0.0525978
0.0495232
0.0408989
0.0250859
-0.0018513
-0.0359589
-0.0617210
-0.0614659
-0.0302431
0.0176492
0.0570462
0.0698511
0.0588941
0.0445038
0.0440703
0.0536176
0.0521789
0.0264063
-0.0107869
-0.0288570
-0.0086377
0.0360646
0.0662834
0.0508974
-0.0041198
-0.0590296
-0.0748998
-0.0458729
0.0016700
0.0379907
0.0551310
0.0665603
0.0876812
0.1178526
0.1386618
0.1288138
0.0829161
0.0176703
-0.0398371
-0.0702640
-0.0710128
-0.0517379
-0.0235745
0.0080916
0.0415592
0.0705738
0.0820762
0.0675715
0.0362036
0.0093466
-0.0017072
-0.0078932
-0.0268112
-0.0572563
-0.0756447
-0.0602567
-0.0162056
0.0276365
0.0478076
0.0493550
0.0552239
0.0733807
0.0828325
0.0586756
0.0062350
-0.0387961
-0.0444620
-0.0104024
0.0377946
0.0730952
0.0818363
0.0620166
0.0180997
-0.0387563
-0.0906655
-0.1218263
-0.1313976
-0.1328974
-0.1336913
-0.1176265
-0.0599675
0.0350571
0.1212758
0.1467549
0.1025279
0.0285258
-0.0285755
-0.0564572
-0.0739332
-0.0931886
-0.0954431
-0.0517337
0.0334193
0.1107069
0.1294638
0.0899588
0.0413731
0.0263917
0.0389187
0.0423412
0.0200195
-0.0039244
0.0065741
0.0580124
0.1185622
0.1484107
0.1342093
0.0915293
0.0397844
-0.0128603
-0.0573299
-0.0722819
-0.0413304
0.0213371
0.0764314
0.0938448
0.0750312
0.0422971
0.0146720
-0.0040080
-0.0204799
-0.0399764
-0.0573018
-0.0593374
-0.0366716
0.0086339
0.0646204
0.1126363
0.1311924
0.1092084
0.0603544
0.0142705
-0.0123025
-0.0270567
-0.0409172
-0.0477150
-0.0337976
0.0013438
0.0432198
0.0752500
0.0882822
0.0844800
0.0756329
0.0698199
0.0584819
0.0273536
-0.0194471
-0.0594362
-0.0755207
-0.0645907
-0.0261497
0.0339721
0.0880303
0.1028231
0.0788228
0.0463641
0.0174185
-0.0243746
-0.0729650
-0.0797884
-0.0144643
