-0.0728794
-0.0646774
-0.0623346
-0.0654162
-0.0702165
-0.0745202
-0.0758069
-0.0730696
-0.0712043
-0.0767468
-0.0880226
-0.0951604
-0.0913731
-0.0800010
-0.0695283
-0.0655937
-0.0688928
-0.0773228
-0.0881856
-0.0995416
-0.1099976
-0.1171344
-0.1182105
-0.1140117
-0.1092999
-0.1060722
-0.0979859
-0.0755300
-0.0371528
0.0069611
0.0421865
0.0593371
0.0591311
0.0503153
0.0437375
0.0454757
0.0534335
0.0599575
0.0579806
0.0460396
0.0294590
0.0169214
0.0139008
0.0183617
0.0236369
0.0251337
0.0223467
0.0151196
0.0022900
-0.0137983
-0.0249614
-0.0239232
-0.0134357
-0.0053754
-0.0088801
-0.0203784
-0.0271508
-0.0212320
-0.0085828
-0.0030076
-0.0113254
-0.0265580
-0.0361998
-0.0347100
-0.0263536
-0.0187309
-0.0173834
-0.0255124
-0.0437610
-0.0678732
-0.0893656
-0.1018748
-0.1069467
-0.1120368
-0.1225161
-0.1364540
-0.1473744
-0.1510228
-0.1483124
-0.1421982
-0.1339922
-0.1242541
-0.1155210
-0.1108638
-0.1092603
-0.1050923
-0.0937841
-0.0763259
-0.0568086
-0.0370887
-0.0160110
0.0067738
0.0284037
0.0445921
0.0525624
0.0519632
0.0443042
0.0327266
0.0218324
0.0158320
0.0151717
0.0150744
0.0091627
-0.0041366
-0.0194885
-0.0307010
-0.0394591
-0.0560456
-0.0862925
-0.1108161
-0.0742971
0.0944823
0.4277798
0.8604867
1.2242103
1.3256738
1.0711176
0.5435274
-0.0371485
-0.4482295
-0.5914795
-0.5212091
-0.3691637
-0.2433592
-0.1802385
-0.1640795
-0.1691635
-0.1810824
-0.1935813
-0.2022477
-0.2062214
-0.2103907
-0.2203114
-0.2348495
-0.2461273
-0.2472904
-0.2391983
-0.2289229
-0.2225349
-0.2202172
-0.2176341
-0.2100826
-0.1946760
-0.1706343
-0.1402617
-0.1098504
-0.0871559
-0.0757475
-0.0716439
-0.0664444
-0.0545431
-0.0377366
-0.0229825
-0.0154134
-0.0131051
-0.0085411
0.0046975
0.0264934
0.0507401
0.0705370
0.0833941
0.0932980
0.1087117
0.1367528
0.1764187
0.2168764
0.2445722
0.2543314
0.2537862
0.2558630
0.2663391
0.2791728
0.2842639
0.2787098
0.2688911
0.2617854
0.2568245
0.2481320
0.2329447
0.2142533
0.1946510
0.1711544
0.1392598
0.1011141
0.0663112
0.0430521
0.0296766
0.0163231
-0.0051551
-0.0335477
-0.0600111
-0.0761971
-0.0806895
-0.0791962
-0.0798727
-0.0873298
-0.0985978
-0.1043964
-0.0968493
-0.0780921
-0.0601899
-0.0541919
-0.0592054
-0.0641257
-0.0603737
-0.0506730
-0.0438199
-0.0426431
-0.0402291
-0.0286218
-0.0087747
0.0103868
0.0220006
0.0277416
0.0335177
0.0410532
0.0462848
0.0457033
0.0418534
0.0414911
0.0493443
0.0643372
0.0809465
0.0935306
0.1004372
0.1052522
0.1135584
0.1268363
0.1390202
0.1400939
0.1241551
0.0941725
0.0590120
0.0266706
0.0009087
-0.0171402
-0.0273529
-0.0322432
-0.0378445
-0.0489650
-0.0626239
-0.0692428
-0.0630246
-0.0499215
-0.0424779
-0.0467433
-0.0568190
-0.0631158
-0.0633730
-0.0631659
-0.0670687
-0.0730280
-0.0764954
-0.0769772
-0.0771785
-0.0766017
-0.0702818
-0.0562391
-0.0417761
-0.0384096
-0.0497818
-0.0669483
-0.0770665
-0.0756020
-0.0690425
-0.0671227
-0.0742605
-0.0876837
-0.1009266
-0.1078354
-0.1052356
-0.0947271
-0.0825710
-0.0758853
-0.0769959
-0.0815262
-0.0830942
-0.0799358
-0.0759749
-0.0754890
-0.0784216
-0.0819200
-0.0849030
-0.0887292
-0.0932935
-0.0948138
-0.0893365
-0.0779587
-0.0669475
-0.0618490
-0.0617345
-0.0597218
-0.0493907
-0.0309926
-0.0118868
-0.0009841
-0.0018602
-0.0102698
-0.0189314
-0.0263953
-0.0401534
-0.0645003
-0.0776734
-0.0222222
0.1663108
0.4981867
0.8826329
1.1489210
1.1409678
0.8238619
0.3183472
-0.1692748
-0.4703574
-0.5382257
-0.4407042
-0.2865082
-0.1547865
-0.0735481
-0.0385063
-0.0364965
-0.0534250
-0.0741194
-0.0868873
-0.0907735
-0.0943449
-0.1044671
-0.1175668
-0.1240770
-0.1205476
-0.1141985
-0.1141972
-0.1205139
-0.1239202
-0.1168593
-0.1022643
-0.0906589
-0.0895578
-0.0968167
-0.1038995
-0.1041578
-0.0972467
-0.0866141
-0.0748033
-0.0623133
-0.0499451
-0.0399294
-0.0334266
-0.0276909
-0.0174726
-0.0002106
0.0205755
0.0381189
0.0492695
0.0583289
0.0734435
0.0989477
0.1314200
0.1630170
0.1879220
0.2056518
0.2198700
0.2356808
0.2571646
0.2845218
0.3119892
0.3303796
0.3348026
0.3306848
0.3300142
0.3393267
0.3514873
0.3511497
0.3293108
0.2917784
0.2527838
0.2214687
0.1960115
0.1698954
0.1408351
0.1121315
0.0874179
0.0671635
0.0506865
0.0392230
0.0349991
0.0375080
0.0420722
0.0428138
0.0369584
0.0261960
0.0141674
0.0028684
-0.0086072
-0.0218650
-0.0354651
-0.0433356
-0.0381273
-0.0181409
0.0082264
0.0262614
0.0254157
0.0074113
-0.0157622
-0.0318439
-0.0367355
-0.0348062
-0.0332185
-0.0365524
-0.0448861
-0.0543854
-0.0592870
-0.0554979
-0.0445880
-0.0341848
-0.0322319
-0.0391319
-0.0461226
-0.0431443
-0.0288475
-0.0118761
-0.0018197
0.0000586
0.0004217
0.0057247
0.0166705
0.0304108
0.0449598
0.0588740
0.0682928
0.0688853
0.0627940
0.0603948
0.0704719
0.0886423
0.1002911
0.0977276
0.0906853
0.0946278
0.1102213
0.1215219
0.1162858
0.0991884
0.0763932
0.0349263
-0.0396984
-0.1108569
-0.0716371
0.1816650
0.6243169
1.0538259
1.2009819
0.9321040
0.3658161
-0.2081107
-0.5389793
-0.5710358
-0.4268320
-0.2672782
-0.1728579
-0.1342086
-0.1171452
-0.1120650
-0.1269100
-0.1571505
-0.1804110
-0.1792947
-0.1594812
-0.1416170
-0.1398569
-0.1517135
-0.1654245
-0.1717011
-0.1681892
-0.1577444
-0.1461947
-0.1398811
-0.1407814
-0.1424766
-0.1336604
-0.1088443
-0.0756690
-0.0493113
-0.0382468
-0.0362905
-0.0296498
-0.0111678
0.0135587
0.0336155
0.0443557
0.0508725
0.0614733
0.0794876
0.1013358
0.1208892
0.1347009
0.1440010
0.1534168
0.1681197
0.1905680
0.2181905
0.2442188
0.2623485
0.2718016
0.2776644
0.2856382
0.2964530
0.3056810
0.3086856
0.3050543
0.2981408
0.2910311
0.2835619
0.2729377
0.2563967
0.2329752
0.2034579
0.1697727
0.1347749
0.1017738
0.0731511
0.0490695
0.0278342
0.0077253
-0.0115788
-0.0292060
-0.0441689
-0.0558814
-0.0637430
-0.0665822
-0.0628600
-0.0518396
-0.0350055
-0.0164128
-0.0010537
0.0081066
0.0121981
0.0155175
0.0218153
0.0308724
0.0389011
0.0429086
0.0445730
0.0487214
0.0570359
0.0637416
0.0592344
0.0395014
0.0121764
-0.0077865
-0.0100252
0.0022642
0.0145999
0.0128393
-0.0060023
-0.0325400
-0.0532817
-0.0607174
-0.0576193
-0.0535467
-0.0569996
-0.0688945
-0.0820686
-0.0876679
-0.0836691
-0.0777026
-0.0803021
-0.0939321
-0.1087350
-0.1106641
-0.0952322
-0.0731756
-0.0613969
-0.0674492
-0.0829140
-0.0921684
-0.0874084
-0.0750213
-0.0679884
-0.0729277
-0.0843769
-0.0905739
-0.0840960
-0.0675168
-0.0500362
-0.0391947
-0.0351305
-0.0316166
-0.0221519
-0.0057205
0.0123155
0.0246716
0.0281852
0.0262915
0.0256459
0.0298270
0.0359031
0.0370251
0.0284847
0.0115986
-0.0077251
-0.0237243
-0.0342293
-0.0403063
-0.0436181
-0.0447510
-0.0439286
-0.0427396
-0.0447426
-0.0541018
-0.0728270
-0.0981005
-0.1220093
-0.1356044
-0.1357834
-0.1291616
-0.1277209
-0.1384703
-0.1565937
-0.1695131
-0.1685712
-0.1568375
-0.1453339
-0.1420599
-0.1453886
-0.1479690
-0.1456970
-0.1416625
-0.1416597
-0.1472766
-0.1541585
-0.1563905
-0.1516325
-0.1420868
-0.1315067
-0.1220313
-0.1136523
-0.1057566
-0.0983724
-0.0919850
-0.0869858
-0.0838874
-0.0834241
-0.0849832
-0.0844542
-0.0752186
-0.0537799
-0.0254462
-0.0029673
0.0029742
-0.0067799
-0.0203517
-0.0256597
-0.0209345
-0.0144276
-0.0145967
-0.0219518
-0.0304713
-0.0349514
-0.0353020
-0.0348393
-0.0372846
-0.0462958
-0.0652050
-0.0938569
-0.1256042
-0.1505309
-0.1641444
-0.1720889
-0.1838471
-0.2012865
-0.2154174
-0.2158767
-0.2023757
-0.1852253
-0.1760753
-0.1811102
-0.2015793
-0.2317869
-0.2469217
-0.1945795
-0.0155446
0.3037487
0.6860299
0.9764177
1.0235754
0.7760601
0.3198745
-0.1721528
-0.5385655
-0.7035153
-0.6861280
-0.5592970
-0.4003401
-0.2627485
-0.1704406
-0.1229484
-0.1044513
-0.0954732
-0.0841719
-0.0708411
-0.0629154
-0.0657471
-0.0774083
-0.0907181
-0.0990759
-0.1010210
-0.1009344
-0.1056930
-0.1186518
-0.1347173
-0.1416500
-0.1289491
-0.0979813
-0.0636228
-0.0442595
-0.0481170
-0.0679523
-0.0884415
-0.0989213
-0.1001477
-0.1005189
-0.1069563
-0.1189580
-0.1297757
-0.1322292
-0.1240130
-0.1088814
-0.0932905
-0.0810830
-0.0703971
-0.0556191
-0.0329199
-0.0042490
0.0242598
0.0481093
0.0687831
0.0922855
0.1233319
0.1608541
0.1989080
0.2316633
0.2576466
0.2798870
0.3025983
0.3273062
0.3508829
0.3666668
0.3685155
0.3555551
0.3336179
0.3110379
0.2917985
0.2726331
0.2473528
0.2139452
0.1766339
0.1406943
0.1062991
0.0688813
0.0257446
-0.0187572
-0.0553351
-0.0766417
-0.0818593
-0.0758496
-0.0657103
-0.0581820
-0.0579095
-0.0655423
-0.0771808
-0.0873621
-0.0939836
-0.1001860
-0.1107253
-0.1264786
-0.1429070
-0.1537662
-0.1557661
-0.1498836
-0.1397924
-0.1305870
-0.1282153
-0.1362936
-0.1487041
-0.1432616
-0.0861807
0.0479026
0.2488258
0.4569071
0.5805508
0.5445410
0.3417678
0.0497684
-0.2074543
-0.3317323
-0.3073160
-0.2011435
-0.1092621
-0.0927704
-0.1503127
-0.2392935
-0.3179240
-0.3702416
-0.4004197
-0.4131452
-0.4043483
-0.3689811
-0.3125386
-0.2512952
-0.2010122
-0.1666564
-0.1432023
-0.1248129
-0.1116665
-0.1080847
-0.1156867
-0.1295641
-0.1409194
-0.1430042
-0.1352945
-0.1233876
-0.1150413
-0.1145828
-0.1192979
-0.1213319
-0.1148095
-0.1021776
-0.0926899
-0.0930146
-0.0989824
-0.0978373
-0.0797977
-0.0472578
-0.0119411
0.0167982
0.0401864
0.0672457
0.1057478
0.1566452
0.2153179
0.2751960
0.3297606
0.3743278
0.4096761
0.4442285
0.4892384
0.5482122
0.6104562
0.6570987
0.6755776
0.6689024
0.6507925
0.6323033
0.6135958
0.5876813
0.5500550
0.5036180
0.4554444
0.4108069
0.3707246
0.3334922
0.2966312
0.2575518
0.2145207
0.1687818
0.1251886
0.0886614
0.0589278
0.0299202
-0.0036843
-0.0389643
-0.0654076
-0.0749086
-0.0713849
-0.0691126
-0.0800378
-0.1023492
-0.1221740
-0.1271152
-0.1181249
-0.1079089
-0.1079417
-0.1175304
-0.1255436
-0.1220946
-0.1079149
-0.0925962
-0.0845130
-0.0828123
-0.0787430
-0.0642268
-0.0393325
-0.0121519
0.0082852
0.0195356
0.0271924
0.0394426
0.0604344
0.0889626
0.1220063
0.1552286
0.1761164
0.1601524
0.0877794
-0.0187795
-0.0736430
0.0369001
0.3630424
0.8131470
1.1724843
1.2317670
0.9351880
0.4254451
-0.0554055
-0.3271335
-0.3652200
-0.2688450
-0.1568049
-0.0900390
-0.0682534
-0.0704175
-0.0843476
-0.1059289
-0.1282881
-0.1425375
-0.1470473
-0.1495773
-0.1584087
-0.1737944
-0.1893466
-0.1998214
-0.2055334
-0.2099131
-0.2148450
-0.2189215
-0.2191432
-0.2138124
-0.2045935
-0.1962090
-0.1930685
-0.1949255
-0.1960939
-0.1902817
-0.1768217
-0.1615182
-0.1507274
-0.1448633
-0.1381280
-0.1242434
-0.1018607
-0.0748583
-0.0487109
-0.0269174
-0.0093282
0.0079785
0.0309105
0.0629442
0.1004241
0.1328089
0.1499072
0.1505329
0.1439712
0.1421917
0.1502494
0.1639671
0.1759343
0.1825181
0.1850411
0.1858099
0.1847597
0.1799566
0.1697730
0.1535838
0.1314213
0.1048320
0.0781638
0.0567519
0.0416568
0.0266585
0.0030666
-0.0307402
-0.0655219
-0.0890523
-0.0983177
-0.1023033
-0.1113886
-0.1250608
-0.1323240
-0.1245807
-0.1060131
-0.0895861
-0.0838928
-0.0861000
-0.0876000
-0.0836733
-0.0757170
-0.0659792
-0.0538609
-0.0383648
-0.0213384
-0.0054805
0.0100507
0.0289690
0.0517731
0.0727127
0.0854243
0.0910636
0.0980629
0.1124420
0.1298510
0.1392531
0.1345197
0.1209777
0.1099786
0.1079228
0.1111816
0.1107605
0.1005447
0.0812496
0.0582015
0.0366119
0.0183138
0.0013638
-0.0177757
-0.0405560
-0.0635889
-0.0798480
-0.0841945
-0.0789054
-0.0734357
-0.0773865
-0.0925085
-0.1112289
-0.1233380
-0.1247510
-0.1203915
-0.1189854
-0.1250783
-0.1356390
-0.1437199
-0.1450571
-0.1414317
-0.1382799
-0.1393297
-0.1432110
-0.1447768
-0.1396882
-0.1281615
-0.1146305
-0.1036678
-0.0958298
-0.0871817
-0.0729567
-0.0520737
-0.0285247
-0.0085102
0.0041226
0.0104049
0.0150355
0.0228083
0.0355548
0.0516206
0.0677980
0.0818820
0.0936547
0.1034473
0.1097109
0.1083447
0.0952505
0.0703833
0.0394484
0.0108386
-0.0103974
-0.0265206
-0.0449946
-0.0713716
-0.1032057
-0.1309610
-0.1458855
-0.1479650
-0.1463495
-0.1515574
-0.1667031
-0.1857514
-0.1996324
-0.2037478
-0.2003989
-0.1957039
-0.1951356
-0.2007665
-0.2102294
-0.2171728
-0.2144692
-0.1998826
-0.1796053
-0.1645845
-0.1612652
-0.1655967
-0.1671958
-0.1599202
-0.1476856
-0.1393729
-0.1387587
-0.1405513
-0.1361560
-0.1220239
-0.1018372
-0.0818795
-0.0659143
-0.0541202
-0.0445926
-0.0344319
-0.0209147
-0.0042964
0.0103193
0.0166882
0.0152700
0.0160684
0.0302918
0.0579260
0.0854003
0.0968028
0.0854465
0.0530704
0.0035668
-0.0503857
-0.0682897
0.0187704
0.2626821
0.6285984
0.9692979
1.0928671
0.8902139
0.4215440
-0.1154071
-0.5127063
-0.6722576
-0.6316180
-0.4980812
-0.3643576
-0.2708338
-0.2188552
-0.1974361
-0.1950339
-0.1994645
-0.2004557
-0.1959820
-0.1923260
-0.1951168
-0.2014594
-0.2025074
-0.1929744
-0.1764666
-0.1616096
-0.1542460
-0.1533083
-0.1525537
-0.1455532
-0.1306925
-0.1133713
-0.1028503
-0.1044010
-0.1131540
-0.1170305
-0.1078532
-0.0898601
-0.0759866
-0.0750834
-0.0833189
-0.0882269
-0.0799303
-0.0575719
-0.0264784
0.0076968
0.0407022
0.0678862
0.0841036
0.0866563
0.0773064
0.0607606
0.0422640
0.0275430
0.0234017
0.0349746
0.0605897
0.0906932
0.1144214
0.1283832
0.1385189
0.1529914
0.1737391
0.1951376
0.2099479
0.2157175
0.2161763
0.2180629
0.2266415
0.2420191
0.2577144
0.2636556
0.2536377
0.2315866
0.2090665
0.1941954
0.1828650
0.1630461
0.1290842
0.0902814
0.0629473
0.0537075
0.0526591
0.0443462
0.0242995
0.0027972
-0.0074898
-0.0053251
-0.0013473
-0.0064278
-0.0216450
-0.0390199
-0.0490267
-0.0458563
-0.0279066
0.0024722
0.0380310
0.0678705
0.0830977
0.0823801
0.0710161
0.0543137
0.0332769
0.0076589
-0.0184154
-0.0367975
-0.0424595
-0.0389850
-0.0353415
-0.0372965
-0.0430299
-0.0469712
-0.0462513
-0.0424072
-0.0379929
-0.0334974
-0.0277566
-0.0196816
-0.0085857
0.0058164
0.0217067
0.0336843
