-0.6264953
-0.6159611
-0.3901776
-0.2422881
-0.2345665
-0.2205182
-0.1555785
-0.1373063
-0.1878588
-0.2173335
-0.1959850
-0.1878340
-0.2124248
-0.2185966
-0.1973214
-0.1964584
-0.2222751
-0.2319546
-0.2205144
-0.2225536
-0.2359510
-0.2275696
-0.2035682
-0.1982360
-0.2064693
-0.1957310
-0.1691471
-0.1547498
-0.1502825
-0.1352661
-0.1179548
-0.1183098
-0.1242316
-0.1102535
-0.0786422
-0.0436943
-0.0011832
0.0508843
0.0897136
0.1005838
0.1046334
0.1230564
0.1415968
0.1385487
0.1204327
0.1052450
0.0971735
0.0980500
0.1158390
0.1440782
0.1604545
0.1600422
0.1626139
0.1770197
0.1878668
0.1861351
0.1825003
0.1817015
0.1729012
0.1533592
0.1351390
0.1228769
0.1090384
0.0928044
0.0799421
0.0652339
0.0388436
0.0072372
-0.0151740
-0.0303517
-0.0503232
-0.0732249
-0.0875454
-0.0928447
-0.0956968
-0.0938664
-0.0841833
-0.0761036
-0.0783740
-0.0824434
-0.0762946
-0.0633149
-0.0516922
-0.0382165
-0.0184888
-0.0002354
0.0088118
0.0144155
0.0243090
0.0358371
0.0491558
0.0860274
0.1872878
0.3906271
0.6931390
1.0082969
1.1705375
1.0355014
0.6125183
0.0882199
-0.3021839
-0.4363420
-0.3583028
-0.2057769
-0.0958650
-0.0593273
-0.0592858
-0.0590092
-0.0609860
-0.0816074
-0.1131172
-0.1327151
-0.1364122
-0.1395645
-0.1496788
-0.1605262
-0.1698895
-0.1826256
-0.1959968
-0.1986417
-0.1864401
-0.1692627
-0.1618603
-0.1730185
-0.1983255
-0.2190492
-0.2168110
-0.1946246
-0.1737567
-0.1659718
-0.1617855
-0.1506558
-0.1366582
-0.1256037
-0.1113736
-0.0859785
-0.0525958
-0.0197289
0.0088998
0.0327264
0.0517792
0.0705608
0.0960246
0.1284395
0.1618242
0.1938715
0.2271433
0.2620820
0.2984933
0.3411151
0.3924367
0.4423864
0.4763281
0.4907760
0.4909792
0.4777738
0.4493484
0.4122274
0.3771331
0.3451870
0.3091309
0.2671959
0.2269812
0.1968606
0.1794907
0.1704088
0.1584586
0.1334779
0.0985913
0.0685518
0.0518845
0.0424021
0.0317926
0.0208677
0.0140201
0.0128490
0.0201660
0.0396674
0.0657511
0.0832011
0.0825597
0.0680513
0.0495399
0.0424872
0.0848079
0.2369994
0.5363972
0.9317808
1.2638518
1.3364137
1.0518327
0.5088715
-0.0405646
-0.3645352
-0.4073461
-0.2898522
-0.1739767
-0.1370269
-0.1571366
-0.1807235
-0.1837196
-0.1795145
-0.1891111
-0.2148218
-0.2428514
-0.2630786
-0.2761793
-0.2829135
-0.2796628
-0.2690799
-0.2631034
-0.2675742
-0.2730407
-0.2686209
-0.2568311
-0.2467674
-0.2400430
-0.2322742
-0.2234308
-0.2184014
-0.2190215
-0.2201701
-0.2129071
-0.1913446
-0.1597973
-0.1315712
-0.1149672
-0.1022921
-0.0796999
-0.0456682
-0.0111544
0.0167049
0.0411118
0.0663541
0.0922492
0.1193447
0.1511130
0.1883902
0.2270424
0.2620630
0.2902658
0.3107029
0.3267196
0.3446729
0.3656433
0.3812988
0.3823134
0.3673397
0.3402246
0.3041450
0.2635362
0.2258485
0.1947488
0.1653924
0.1315083
0.0935223
0.0561594
0.0229036
-0.0036316
-0.0212532
-0.0321652
-0.0427974
-0.0562315
-0.0685969
-0.0747464
-0.0731725
-0.0646951
-0.0517948
-0.0399905
-0.0341762
-0.0327656
-0.0304228
-0.0260448
-0.0224533
-0.0195374
-0.0145566
-0.0085670
-0.0056195
-0.0056081
-0.0040363
0.0011410
0.0074582
0.0116269
0.0104909
0.0003929
-0.0186994
-0.0396422
-0.0536691
-0.0587939
-0.0594669
-0.0598027
-0.0604777
-0.0615662
-0.0678873
-0.0919364
-0.1429663
-0.1976590
-0.1818092
-0.0078410
0.3387435
0.7428283
1.0056714
0.9728099
0.6427338
0.1688486
-0.2445531
-0.4685289
-0.5027719
-0.4303900
-0.3352740
-0.2592676
-0.2129338
-0.1972530
-0.2070748
-0.2286048
-0.2468476
-0.2552719
-0.2561109
-0.2548148
-0.2559700
-0.2609942
-0.2673706
-0.2707115
-0.2668674
-0.2519504
-0.2247752
-0.1922945
-0.1679267
-0.1594972
-0.1617332
-0.1644478
-0.1642915
-0.1643099
-0.1664097
-0.1697928
-0.1736338
-0.1760063
-0.1723812
-0.1596688
-0.1403323
-0.1197822
-0.1016688
-0.0872879
-0.0763587
-0.0663969
-0.0541913
-0.0392389
-0.0232101
-0.0065062
0.0106914
0.0250714
0.0337430
0.0411290
0.0560257
0.0805229
0.1071664
0.1282995
0.1432659
0.1551591
0.1649569
0.1703271
0.1670766
0.1515002
0.1244140
0.0929449
0.0660439
0.0487536
0.0415404
0.0415301
0.0419526
0.0351603
0.0209685
0.0086424
0.0058994
0.0088570
0.0075015
-0.0016560
-0.0134106
-0.0226058
-0.0303026
-0.0411724
-0.0572128
-0.0743959
-0.0860549
-0.0912620
-0.0977294
-0.1115546
-0.1255125
-0.1251000
-0.1078219
-0.0890192
-0.0842906
-0.0914479
-0.0950047
-0.0849101
-0.0630805
-0.0269125
0.0519008
0.2209865
0.5001181
0.8266924
1.0568637
1.0479360
0.7649695
0.3177868
-0.1073675
-0.3647387
-0.4237853
-0.3560912
-0.2610167
-0.1968609
-0.1668795
-0.1529786
-0.1490999
-0.1618286
-0.1917265
-0.2255670
-0.2459327
-0.2434009
-0.2213251
-0.1934865
-0.1757676
-0.1754467
-0.1873320
-0.2006291
-0.2080441
-0.2084609
-0.2048744
-0.2019652
-0.2032041
-0.2085090
-0.2158768
-0.2245425
-0.2337278
-0.2397706
-0.2393012
-0.2348420
-0.2318081
-0.2290695
-0.2175241
-0.1900078
-0.1493391
-0.1054778
-0.0675761
-0.0389899
-0.0164564
0.0072496
0.0378678
0.0757486
0.1171207
0.1573786
0.1926643
0.2219194
0.2496645
0.2829756
0.3222249
0.3578710
0.3799952
0.3881802
0.3884193
0.3835485
0.3717131
0.3525960
0.3300141
0.3074944
0.2838125
0.2540222
0.2151160
0.1714270
0.1333045
0.1076732
0.0901734
0.0695337
0.0393068
0.0022268
-0.0356178
-0.0699310
-0.0978956
-0.1185464
-0.1349556
-0.1512838
-0.1657051
-0.1703693
-0.1610930
-0.1446885
-0.1343386
-0.1381294
-0.1520613
-0.1632776
-0.1610401
-0.1462734
-0.1299840
-0.1219587
-0.1229327
-0.1277861
-0.1317525
-0.1310450
-0.1224094
-0.1073678
-0.0944945
-0.0923475
-0.1004761
-0.1103653
-0.1142603
-0.1106674
-0.1028912
-0.0954375
-0.0915382
-0.0918505
-0.0946189
-0.0965353
-0.0928629
-0.0790247
-0.0559110
-0.0329397
-0.0210247
-0.0210485
-0.0226753
-0.0159486
-0.0014723
0.0115766
0.0149097
0.0081616
-0.0010800
-0.0043394
-0.0018155
-0.0041739
-0.0215777
-0.0513285
-0.0798137
-0.0967542
-0.1043469
-0.1120226
-0.1252495
-0.1408027
-0.1515515
-0.1545478
-0.1533925
-0.1515083
-0.1448200
-0.1258445
-0.0962091
-0.0698969
-0.0599865
-0.0648997
-0.0714376
-0.0695237
-0.0607314
-0.0538470
-0.0553735
-0.0640897
-0.0726960
-0.0743491
-0.0679653
-0.0572769
-0.0464323
-0.0383863
-0.0351578
-0.0353773
-0.0334644
-0.0280894
-0.0313718
-0.0578683
-0.0921463
-0.0688428
0.0967572
0.4325002
0.8463885
1.1460392
1.1517063
0.8259494
0.3102985
-0.1688985
-0.4470116
-0.5004669
-0.4134653
-0.2891358
-0.1886412
-0.1277164
-0.1014490
-0.1001992
-0.1100648
-0.1148434
-0.1081583
-0.1016301
-0.1133491
-0.1463835
-0.1836500
-0.2062219
-0.2124651
-0.2165245
-0.2318194
-0.2592239
-0.2880986
-0.3046337
-0.3006685
-0.2786113
-0.2491697
-0.2234832
-0.2066844
-0.1971858
-0.1894152
-0.1772428
-0.1577953
-0.1336177
-0.1102089
-0.0911190
-0.0759115
-0.0614808
-0.0436660
-0.0195131
0.0087415
0.0327332
0.0446737
0.0459364
0.0471723
0.0593139
0.0846262
0.1149906
0.1379342
0.1469358
0.1484753
0.1572253
0.1814031
0.2138362
0.2398648
0.2530351
0.2605491
0.2738653
0.2962323
0.3195914
0.3322948
0.3292517
0.3144036
0.2936888
0.2681981
0.2369312
0.2039943
0.1771669
0.1576521
0.1357436
0.1003542
0.0516409
0.0022827
-0.0330714
-0.0491144
-0.0522189
-0.0525559
-0.0535837
-0.0498430
-0.0357628
-0.0147532
0.0028077
0.0094786
0.0061183
-0.0015290
-0.0083483
-0.0120177
-0.0126908
-0.0118354
-0.0106391
-0.0095687
-0.0093898
-0.0103542
-0.0088796
0.0021492
0.0257986
0.0541355
0.0728148
0.0753620
0.0721380
0.0817482
0.1104517
0.1426192
0.1619712
0.1906320
0.2983585
0.5476469
0.9085255
1.2300231
1.3200098
1.0830577
0.6013051
0.0860719
-0.2616641
-0.3697089
-0.3064723
-0.1972358
-0.1297932
-0.1215896
-0.1481751
-0.1830694
-0.2129863
-0.2330522
-0.2418267
-0.2420958
-0.2407447
-0.2437744
-0.2506736
-0.2548025
-0.2510149
-0.2428237
-0.2394839
-0.2446963
-0.2507302
-0.2462860
-0.2288251
-0.2068198
-0.1907848
-0.1840563
-0.1812921
-0.1736003
-0.1553222
-0.1277412
-0.0968896
-0.0675541
-0.0396313
-0.0099307
0.0236519
0.0595336
0.0925299
0.1170541
0.1325356
0.1456842
0.1648954
0.1918303
0.2204585
0.2444000
0.2625596
0.2771354
0.2894010
0.2995880
0.3090246
0.3196287
0.3307354
0.3373699
0.3330167
0.3155421
0.2902490
0.2647815
0.2399888
0.2085259
0.1650298
0.1157373
0.0745858
0.0500835
0.0385098
0.0296837
0.0167021
-0.0003810
-0.0176758
-0.0316619
-0.0401610
-0.0410914
-0.0332153
-0.0195538
-0.0075319
-0.0018464
0.0023872
0.0150521
0.0382604
0.0618758
0.0741657
0.0740919
0.0701309
0.0691128
0.0702382
0.0699940
0.0689881
0.0710104
0.0763287
0.0793245
0.0747723
0.0646822
0.0567458
0.0602657
0.0930880
0.1933775
0.4060990
0.7308663
1.0721000
1.2579749
1.1431232
0.7232439
0.1605606
-0.3130217
-0.5427860
-0.5324154
-0.4041030
-0.2878503
-0.2399570
-0.2434764
-0.2597855
-0.2686357
-0.2703762
-0.2699530
-0.2685402
-0.2662237
-0.2647859
-0.2651510
-0.2644144
-0.2583179
-0.2472057
-0.2376668
-0.2365209
-0.2436090
-0.2515934
-0.2521329
-0.2414471
-0.2220278
-0.2017516
-0.1897601
-0.1886846
-0.1900083
-0.1807208
-0.1566749
-0.1273980
-0.1060700
-0.0963445
-0.0905687
-0.0792835
-0.0597907
-0.0355051
-0.0100795
0.0147618
0.0362627
0.0503782
0.0586499
0.0731686
0.1079697
0.1627513
0.2196246
0.2604201
0.2850462
0.3084513
0.3406589
0.3748701
0.3965382
0.4000985
0.3931659
0.3853568
0.3768237
0.3600417
0.3313460
0.2970022
0.2662174
0.2405900
0.2135411
0.1794585
0.1404789
0.1041209
0.0767304
0.0594890
0.0481461
0.0357177
0.0178949
-0.0024279
-0.0172583
-0.0217002
-0.0196874
-0.0207367
-0.0311005
-0.0482559
-0.0638145
-0.0718881
-0.0748197
-0.0804486
-0.0937207
-0.1116399
-0.1263283
-0.1317084
-0.1272809
-0.1180174
-0.1122362
-0.1173499
-0.1343040
-0.1556876
-0.1709987
-0.1748145
-0.1702212
-0.1651237
-0.1653641
-0.1699032
-0.1714320
-0.1623690
-0.1415348
-0.1153389
-0.0927073
-0.0792930
-0.0756182
-0.0783828
-0.0824497
-0.0831032
-0.0785348
-0.0710561
-0.0658344
-0.0675396
-0.0763604
-0.0862836
-0.0889172
-0.0812789
-0.0694914
-0.0629687
-0.0651488
-0.0716619
-0.0771661
-0.0812344
-0.0863664
-0.0922908
-0.0948682
-0.0912262
-0.0846939
-0.0828283
-0.0896256
-0.1006603
-0.1076347
-0.1074942
-0.1050410
-0.1064090
-0.1127198
-0.1217318
-0.1333268
-0.1503247
-0.1742680
-0.2027382
-0.2312222
-0.2559182
-0.2736817
-0.2802377
-0.2707676
-0.2444585
-0.2088044
-0.1770780
-0.1586620
-0.1514154
-0.1449905
-0.1318987
-0.1141098
-0.0988652
-0.0899065
-0.0838819
-0.0744991
-0.0592033
-0.0417220
-0.0282392
-0.0214059
-0.0188786
-0.0175233
-0.0168631
-0.0169588
-0.0154837
-0.0113659
-0.0116452
-0.0284033
-0.0601195
-0.0720623
-0.0014074
0.2018841
0.5209723
0.8507717
1.0400666
0.9783431
0.6670244
0.2223165
-0.1914657
-0.4495678
-0.5187061
-0.4490102
-0.3244985
-0.2123581
-0.1409863
-0.1081725
-0.1003150
-0.1053778
-0.1162649
-0.1294791
-0.1427047
-0.1527196
-0.1554306
-0.1488992
-0.1367844
-0.1279018
-0.1303710
-0.1442336
-0.1597893
-0.1653867
-0.1587136
-0.1498163
-0.1515320
-0.1670398
-0.1875120
-0.2010806
-0.2026947
-0.1959608
-0.1876026
-0.1807722
-0.1722963
-0.1553578
-0.1255421
-0.0856142
-0.0450217
-0.0141008
0.0030687
0.0119865
0.0240164
0.0474171
0.0802998
0.1123056
0.1337400
0.1434732
0.1488802
0.1593322
0.1794351
0.2065001
0.2331485
0.2530465
0.2654848
0.2749561
0.2863110
0.3000671
0.3115293
0.3138458
0.3031357
0.2828068
0.2631166
0.2542486
0.2576102
0.2636389
0.2590271
0.2369879
0.2013911
0.1620197
0.1266691
0.0978506
0.0756829
0.0610287
0.0534531
0.0472607
0.0336685
0.0094803
-0.0179838
-0.0374388
-0.0453213
-0.0491550
-0.0586061
-0.0742249
-0.0859452
-0.0826766
-0.0632212
-0.0379030
-0.0196529
-0.0135153
-0.0144523
-0.0141917
-0.0090028
-0.0010903
0.0057731
0.0104551
0.0144280
0.0187282
0.0222998
0.0241358
0.0262208
0.0319852
0.0405475
0.0444601
0.0363970
0.0185961
0.0032440
0.0017270
0.0142426
0.0311453
0.0437755
0.0522354
0.0621791
0.0756565
0.0872305
0.0895802
0.0814435
0.0686462
0.0580616
0.0523790
0.0505512
0.0506207
0.0503554
0.0467746
0.0378181
0.0248633
0.0118392
0.0007736
-0.0111021
-0.0286835
-0.0529922
-0.0780875
-0.0945824
-0.0969095
-0.0875648
-0.0746009
-0.0654745
-0.0631548
-0.0665510
-0.0727452
-0.0786709
-0.0823744
-0.0841131
-0.0861300
-0.0905488
-0.0970139
-0.1023097
-0.1026033
-0.0968341
-0.0884142
-0.0830506
-0.0839181
-0.0888005
-0.0924323
-0.0916650
-0.0880724
-0.0860734
-0.0896715
-0.1006687
-0.1164870
-0.1241018
-0.0929649
0.0211430
0.2507292
0.5777368
0.9120032
1.1176316
1.0839473
0.7958096
0.3499431
-0.0974191
-0.4138242
-0.5472863
-0.5262485
-0.4185599
-0.2885574
-0.1779141
-0.1072289
-0.0816993
-0.0929117
-0.1217700
-0.1477441
-0.1601190
-0.1621600
-0.1647946
-0.1754540
-0.1913060
-0.2020590
-0.1995332
-0.1854997
-0.1707997
-0.1665683
-0.1753943
-0.1899185
-0.1994666
-0.1984915
-0.1896875
-0.1799554
-0.1738421
-0.1705359
-0.1659513
-0.1564598
-0.1408786
-0.1207272
-0.0999069
-0.0831223
-0.0722239
-0.0629410
-0.0464368
-0.0164070
0.0239869
0.0627870
0.0885913
0.1005710
0.1090062
0.1249052
0.1487796
0.1701303
0.1780840
0.1719718
0.1613701
0.1566867
0.1604689
0.1672793
0.1704831
0.1682471
0.1635781
0.1601028
0.1587586
0.1578439
0.1544856
0.1452133
0.1264733
0.0970232
0.0609485
0.0271232
0.0034115
-0.0099994
-0.0211688
-0.0389690
-0.0641155
-0.0878104
-0.1000399
-0.0993436
-0.0939379
-0.0933310
-0.0997135
-0.1078014
-0.1117561
-0.1106805
-0.1076005
-0.1050132
-0.1027037
-0.0989349
-0.0917395
-0.0785685
-0.0566333
-0.0260641
0.0069127
0.0319742
0.0420679
0.0391968
0.0319323
0.0266818
0.0219779
0.0119308
-0.0051544
-0.0226297
-0.0305168
-0.0246605
-0.0109014
-0.0003464
-0.0003512
-0.0092329
-0.0186189
-0.0205700
-0.0133892
-0.0020686
0.0061209
0.0069877
0.0015775
-0.0061576
-0.0136469
-0.0218675
-0.0336284
-0.0501282
-0.0693979
-0.0878589
