0.2754083
0.2286121
0.1106379
-0.0504803
-0.1669491
-0.1412316
0.0361409
0.2353467
0.2733852
0.0897104
-0.1683535
-0.2695131
-0.1258341
0.1172711
0.2331030
0.1442499
-0.0191129
-0.0831843
-0.0159020
0.0728583
0.0899625
0.0691315
0.1057985
0.2146893
0.2956694
0.2498753
0.1030397
-0.0114104
0.0105703
0.1401912
0.2537729
0.2621684
0.1913528
0.1362932
0.1455882
0.1622479
0.0860718
-0.1018278
-0.2820931
-0.2818039
-0.0362541
0.3268478
0.5756520
0.5633593
0.3407343
0.0890794
-0.0459370
-0.0472318
0.0264541
0.1417934
0.3058575
0.4916309
0.5981420
0.5269644
0.2974698
0.0536374
-0.0658167
-0.0548920
-0.0199353
-0.0370818
-0.0582768
0.0208701
0.2121638
0.3854035
0.3856006
0.1901904
-0.0687449
-0.2405009
-0.2976588
-0.3316654
-0.4201702
-0.5257804
-0.5397540
-0.4119983
-0.2137066
-0.0650170
-0.0165298
-0.0161379
0.0165225
0.1051431
0.2099632
0.2809336
0.2916886
0.2275756
0.0777664
-0.1319565
-0.3116424
-0.3537316
-0.2335840
-0.0534419
0.0388880
-0.0169888
-0.1521832
-0.2603535
-0.3107928
-0.3503451
-0.4037814
-0.4113149
-0.2954127
-0.0806614
0.0907754
0.0905127
-0.0563370
-0.1885196
-0.1774595
-0.0652018
-0.0146384
-0.1215933
-0.2948258
-0.3387413
-0.1524925
0.1661828
0.4169737
0.4817421
0.4031286
0.2946839
0.2076962
0.1091366
-0.0232078
-0.1236996
-0.0868060
0.1077513
0.3377245
0.4266281
0.3015343
0.0673917
-0.0802553
-0.0308880
0.1365838
0.2220122
0.0905580
-0.1933451
-0.4184705
-0.4252767
-0.2572382
-0.1062633
-0.1040929
-0.1849473
-0.1768576
-0.0230395
0.1250918
0.0667125
-0.2053151
-0.4562486
-0.4279000
-0.0987114
0.2889030
0.4577546
0.3400591
0.1012999
-0.0452645
-0.0226511
0.0926228
0.1875998
0.2163007
0.2037767
0.1888878
0.1834381
0.1733848
0.1379300
0.0649061
-0.0393464
-0.1492385
-0.2377655
-0.3027329
-0.3676281
-0.4426493
-0.4859691
-0.4239165
-0.2288183
0.0249968
0.2005789
0.2068138
0.0685322
-0.1102265
-0.2418291
-0.3061319
-0.3203139
-0.2890137
-0.2042131
-0.0831247
0.0232887
0.0749577
0.0838955
0.0914072
0.1048414
0.0786501
-0.0259542
-0.1736772
-0.2729799
-0.2711695
-0.2161730
-0.2037778
-0.2646273
-0.3243794
-0.2906033
-0.1687379
-0.0672012
-0.0776230
-0.1680830
-0.2203237
-0.1724637
-0.0951091
-0.1016756
-0.1976512
-0.2597529
-0.1845477
-0.0309397
0.0282064
-0.0956567
-0.2919412
-0.3659482
-0.2545362
-0.0849524
-0.0072775
-0.0106782
0.0462832
0.2325671
0.4314245
0.4663942
0.3112846
0.1229525
0.0607369
0.1188620
0.1659572
0.1167181
0.0110818
-0.0740978
-0.1283000
-0.1766742
-0.1805905
-0.0466645
0.2341728
0.5046793
0.5623740
0.3710207
0.1119325
0.0013893
0.0780755
0.1963601
0.2130986
0.1375287
0.0808919
0.0913971
0.0844454
-0.0525790
-0.3110879
-0.5417917
-0.5870657
-0.4249845
-0.1824373
-0.0142853
0.0265916
0.0060754
0.0081630
0.0298130
-0.0129368
-0.1727159
-0.3819703
-0.5004772
-0.4553795
-0.3110998
-0.1830264
-0.1024323
-0.0062495
0.1360125
0.2359606
0.1783142
-0.0106713
-0.1493088
-0.0962813
0.0680315
0.1148138
-0.0659129
-0.3183270
-0.3823253
-0.1835023
0.0853016
0.1779003
0.0465797
-0.1466117
-0.2345608
-0.2049546
-0.1539742
-0.1398920
-0.1321084
-0.0878161
-0.0220564
0.0213524
0.0341635
0.0406148
0.0412575
0.0026759
-0.0823770
-0.1563920
-0.1506929
-0.0688917
0.0126763
0.0314478
-0.0001015
-0.0311913
-0.0438810
-0.0552091
-0.0572307
-0.0009487
0.1304701
0.2560437
0.2539243
0.1024344
-0.0644838
-0.0780344
0.0881480
0.2843652
0.3364905
0.2154072
0.0457540
-0.0366218
-0.0130193
0.0267030
-0.0086356
-0.1288068
-0.2680693
-0.3449876
-0.3155884
-0.1968556
-0.0615265
0.0016287
-0.0456022
-0.1491802
-0.2022467
-0.1444949
-0.0210188
0.0678384
0.0714622
0.0307031
0.0172699
0.0536836
0.1073764
0.1469998
0.1732164
0.1874431
0.1603987
0.0645853
-0.0652343
-0.1376849
-0.0922418
0.0327046
0.1411838
0.1823937
0.1854413
0.1882379
0.1665253
0.0667910
-0.1005105
-0.2401192
-0.2618980
-0.1698755
-0.0389563
0.0809030
0.1985639
0.3129766
0.3542804
0.2413391
-0.0041490
-0.2439641
-0.3477782
-0.3100046
-0.2191554
-0.1337635
-0.0367904
0.0810795
0.1496522
0.0882391
-0.0614888
-0.1331305
-0.0091969
0.2204290
0.3200580
0.1468132
-0.1911457
-0.4326925
-0.4121733
-0.2002986
-0.0155799
-0.0248793
-0.2272253
-0.4894699
-0.6585199
-0.6518943
-0.4877074
-0.2598809
-0.0776675
-0.0039266
-0.0349680
-0.1305569
-0.2487245
-0.3404875
-0.3285593
-0.1386788
0.2114318
0.5678968
0.7362086
0.6543353
0.4561188
0.3315746
0.3263870
0.3126931
0.1699435
-0.0431377
-0.1436123
-0.0491962
0.1025125
0.1002279
-0.0910961
-0.2757923
-0.2437099
-0.0093421
0.2042849
0.2126181
0.0548254
-0.0871510
-0.1149289
-0.1053254
-0.1745218
-0.3052625
-0.3578403
-0.2450486
-0.0495827
0.0597453
0.0096388
-0.1125058
-0.1754893
-0.1536161
-0.1353664
-0.1976530
-0.3048129
-0.3451128
-0.2519019
-0.0742430
0.0650780
0.0687825
-0.0687328
-0.2663012
-0.4102614
-0.4192494
-0.2898329
-0.1001598
0.0402268
0.0713966
0.0321270
0.0237761
0.1101334
0.2462740
0.3124313
0.2274803
0.0334170
-0.1343900
-0.1677978
-0.0850274
-0.0118396
-0.0583816
-0.2097763
-0.3411499
-0.3439218
-0.2318469
-0.1142785
-0.0686913
-0.0569610
0.0195398
0.1904192
0.3648155
0.4222299
0.3432566
0.2289196
0.1888731
0.2336578
0.2923990
0.3136504
0.3078342
0.2846660
0.1952742
-0.0129632
-0.2854041
-0.4528977
-0.3763846
-0.0941913
0.2036575
0.3548793
0.3560258
0.3039540
0.2410231
0.1101796
-0.1281184
-0.3853185
-0.5041343
-0.4265459
-0.2604010
-0.1578427
-0.1532307
-0.1534785
-0.0794845
0.0250836
0.0488784
-0.0459223
-0.1749116
-0.2307636
-0.2039864
-0.1827134
-0.2437276
-0.3684979
-0.4683301
-0.4707924
-0.3738856
-0.2383411
-0.1483354
-0.1638229
-0.2715692
-0.3682831
-0.3237170
-0.1043510
0.1581908
0.2569935
0.1036144
-0.1703594
-0.3345786
-0.2937831
-0.1771217
-0.1734702
-0.2998965
-0.3814246
-0.2750607
-0.0713605
-0.0192401
-0.2430116
-0.5753989
-0.7105115
-0.5190529
-0.1811146
0.0054923
-0.0741587
-0.2637784
-0.3289845
-0.1965287
0.0117523
0.1460580
0.1824528
0.2041425
0.2652304
0.3088106
0.2271517
-0.0102735
-0.2996021
-0.4746956
-0.4395097
-0.2411599
-0.0252452
0.0812222
0.0596435
-0.0067747
-0.0230249
0.0267354
0.0704625
0.0296013
-0.0898285
-0.1891195
-0.1624613
0.0059321
0.2241183
0.3670166
0.3730040
0.2787356
0.1690443
0.0960575
0.0459200
-0.0205041
-0.1036083
-0.1501954
-0.1050215
0.0250039
0.1610236
0.2110072
0.1458555
0.0231172
-0.0654716
-0.0749809
-0.0405356
-0.0334298
-0.0872505
-0.1673197
-0.2084794
-0.1785762
-0.1054637
-0.0463285
-0.0353055
-0.0627397
-0.1002137
-0.1330560
-0.1593005
-0.1649482
-0.1211604
-0.0181725
0.1056843
0.1843005
0.1801963
0.1186100
0.0630867
0.0580152
0.0951598
0.1317514
0.1330804
0.0935890
0.0247184
-0.0617176
-0.1506627
-0.2140459
-0.2183153
-0.1461947
-0.0091234
0.1581438
0.3094075
0.4005278
0.4113940
0.3681827
0.3354473
0.3642044
0.4355434
0.4657030
0.3872286
0.2301087
0.1038920
0.0805308
0.1037192
0.0432306
-0.1485630
-0.3537930
-0.3859478
-0.1695223
0.1885715
0.5008210
0.6510498
0.6438889
0.5402128
0.3885724
0.2254134
0.0983047
0.0406038
0.0228222
-0.0288833
-0.1384692
-0.2250683
-0.1779454
0.0134548
0.2355059
0.3696851
0.4114557
0.4447279
0.5101117
0.5365737
0.4246534
0.1820937
-0.0516579
-0.1266135
-0.0195488
0.1536761
0.2514797
0.2235359
0.1291570
0.0646383
0.0764248
0.1239237
0.1124062
-0.0223577
-0.2369717
-0.3885079
-0.3485478
-0.1333343
0.0848335
0.1204801
-0.0529306
-0.2742032
-0.3461667
-0.2173859
-0.0085549
0.1328088
0.1775415
0.2008665
0.2493712
0.2682999
0.1774988
-0.0118018
-0.1939098
-0.2801946
-0.2804218
-0.2577465
-0.2312884
-0.1644863
-0.0518959
0.0284750
-0.0085563
-0.1396370
-0.2435647
-0.2468199
-0.2179030
-0.2700958
-0.3848294
-0.3960893
-0.1878664
0.1254506
0.2761878
0.1209391
-0.1914063
-0.3654939
-0.2684668
-0.0590262
0.0049782
-0.1431028
-0.3168743
-0.2968643
-0.0680816
0.1835674
0.2811947
0.2196068
0.1174349
0.0504627
-0.0265301
-0.1910439
-0.4181840
-0.5652919
-0.4984399
-0.2259412
0.0970419
0.2894667
0.2717840
0.0983049
-0.1060100
-0.2358573
-0.2598870
-0.2185691
-0.1821638
-0.2005429
-0.2710956
-0.3378399
-0.3264981
-0.2061139
-0.0357681
0.0607767
-0.0022045
-0.1790065
-0.3161728
-0.2944217
-0.1542004
-0.0643726
-0.1482300
-0.3424438
-0.4480997
-0.3334644
-0.0748672
0.1190503
0.1152224
-0.0320832
-0.1717832
-0.2211785
-0.2163134
-0.2207194
-0.2307627
-0.1906057
-0.0786420
0.0507243
0.1157503
0.0835164
-0.0064197
-0.0796466
-0.0787074
0.0041801
0.1165392
0.1679438
0.0994600
-0.0423419
-0.1213662
-0.0427910
0.1266290
0.2034585
0.0770080
-0.1619278
-0.3082351
-0.2557518
-0.0987871
-0.0139418
-0.0668802
-0.1637643
-0.1831180
-0.1128295
-0.0352145
-0.0105184
-0.0261142
-0.0597623
-0.1336207
-0.2596427
-0.3564697
-0.2856615
-0.0022305
0.3550884
0.5611824
0.5025194
0.2690223
0.0506250
-0.0383033
-0.0226193
0.0175280
0.0476757
0.0802400
0.1107064
0.1003160
0.0286675
-0.0695349
-0.1430479
-0.1858073
-0.2371536
-0.3210425
-0.4044263
-0.4279500
-0.3713670
-0.2748307
-0.1903673
-0.1208240
-0.0198908
0.1433648
0.3269982
0.4309711
0.3746688
0.1692396
-0.0766894
-0.2285388
-0.2258686
-0.1269832
-0.0461185
-0.0339626
-0.0278045
0.0638097
0.2310116
0.3412939
0.2644013
0.0114219
-0.2659811
-0.4159218
-0.4120587
-0.3345599
-0.2489517
-0.1395664
0.0296653
0.2250109
0.3527799
0.3547007
0.2604707
0.1399250
0.0374494
-0.0244477
-0.0084927
0.1167800
0.3074641
0.4358167
0.3956250
0.2174705
0.0462039
-0.0144369
-0.0121585
-0.0713129
-0.2187125
-0.3279338
-0.2556014
-0.0015052
0.2974929
0.5101483
0.6012591
0.5839769
0.4465702
0.1804028
-0.1365992
-0.3495363
-0.3601127
-0.2329238
-0.1290084
-0.1286870
-0.1551880
-0.0950644
0.0374832
0.1048138
0.0141468
-0.1660421
-0.2857979
-0.2806578
-0.2173785
-0.1793581
-0.1546415
-0.0697783
0.0841568
0.2052908
0.1838955
0.0329824
-0.1157301
-0.1485379
-0.0729861
0.0304823
0.1280865
0.2578542
0.4338945
0.5740696
0.5668449
0.4056035
0.2188710
0.1426990
0.1754281
0.1887403
0.0899238
-0.0572349
-0.1058440
-0.0080356
0.1242731
0.1620896
0.1239599
0.1455699
0.2852707
0.4119183
0.3298663
0.0104556
-0.3358271
-0.4417207
-0.2365790
0.0897353
0.2702649
0.1967891
-0.0176312
-0.1760482
-0.1736442
-0.0577294
0.0449688
0.0476220
-0.0262289
-0.0714828
-0.0064080
0.1429554
0.2699506
0.3015891
0.2687048
0.2467085
0.2411968
0.1688097
-0.0287114
-0.2723412
-0.3895740
-0.2902848
-0.0762006
0.0596786
0.0415055
-0.0164873
0.0401547
0.2156817
0.3584815
0.3342601
0.1662643
-0.0078459
-0.0910165
-0.1124990
-0.1630181
-0.2672819
-0.3393622
-0.2699918
-0.0530486
0.1831809
0.2769002
0.1713894
-0.0370837
-0.1848033
-0.1830023
-0.0870881
-0.0243609
-0.0516447
-0.0989505
-0.0673365
0.0365932
0.1003837
0.0437100
-0.0800405
-0.1461119
-0.1016187
-0.0100707
0.0478689
0.0797008
0.1548241
0.2850038
0.3769482
0.3336770
0.1807997
0.0453589
0.0021681
-0.0130116
-0.1023595
-0.2463895
-0.3007634
-0.1650150
0.0826199
0.2502534
0.2234343
0.0654197
-0.0785280
-0.1524490
-0.2348314
-0.4100817
-0.6304816
-0.7457459
-0.6679683
-0.4684586
-0.2895340
-0.1853649
-0.0861992
0.0796759
0.2622840
0.3177539
0.1618042
-0.1243239
-0.3605255
-0.4370507
-0.3964119
-0.3452076
-0.3218832
-0.2873692
-0.2261174
-0.1960368
-0.2505821
-0.3449234
-0.3653055
-0.2576749
-0.1006654
-0.0313818
-0.1045011
-0.2407897
-0.3152964
-0.2754477
-0.1597285
-0.0283729
0.0776781
0.1100449
0.0090890
-0.2191006
-0.4429027
-0.4875942
-0.3089286
-0.0612980
0.0395412
-0.0741122
-0.2643469
-0.3447037
-0.2780931
-0.1950134
-0.2187871
-0.3139757
-0.3424200
-0.2460376
-0.1160439
-0.0659797
-0.0857673
-0.0681755
0.0364266
0.1442666
0.1387523
0.0189388
-0.0929892
-0.1010762
-0.0586164
-0.1021836
-0.2676320
-0.4212016
-0.4048619
-0.2214442
-0.0328152
0.0165766
-0.0682729
-0.1795195
-0.2370396
-0.2403016
-0.2164153
-0.1688226
-0.0995474
-0.0558550
-0.1079349
-0.2595141
-0.4072709
-0.4291451
-0.3145453
-0.1751243
-0.1187969
-0.1454965
-0.1838208
-0.1952396
-0.2021530
-0.2244024
-0.2312683
-0.1753673
-0.0576606
0.0625871
0.1272548
0.1377622
0.1403999
0.1571306
0.1572600
0.1145555
0.0688945
0.0942915
0.2063304
0.3325089
0.3845356
0.3403777
0.2474383
0.1649414
0.1198071
0.1134043
0.1561477
0.2772940
0.4801006
0.6853448
0.7522171
0.5938345
0.2762532
-0.0195640
-0.1499008
-0.1278607
-0.0972353
-0.1839622
-0.3579829
-0.4425981
-0.2861556
0.0622220
0.3672566
0.4150559
0.1979301
-0.1091113
-0.3262887
-0.4006801
-0.3842629
-0.3282631
-0.2258872
-0.0556761
0.1447773
0.2866521
0.3298779
0.3450871
0.4286999
0.5566056
0.5700018
0.3380709
-0.0755930
-0.4250364
-0.4681002
-0.1641147
0.2832763
0.5822546
0.5833898
0.3758026
0.1604503
0.0450043
-0.0215173
-0.1333764
-0.2889360
-0.3798103
-0.3074127
-0.1039949
0.0703526
0.0726772
-0.0756395
-0.2121746
-0.2137790
-0.1207834
-0.0608984
-0.0859734
-0.1266791
-0.0960357
0.0013474
0.0709099
0.0242568
-0.1294979
-0.2882365
-0.3580963
-0.3403721
-0.3003433
-0.2681159
-0.2117470
-0.1058089
0.0199389
0.1127086
0.1422681
0.1054829
0.0210838
-0.0686506
-0.1239207
-0.1496622
-0.1882547
-0.2599321
-0.3246976
-0.3019619
-0.1212751
0.2157229
0.5891710
0.8030990
0.7296555
0.4215629
0.0635825
-0.1756174
-0.2367437
-0.1679988
-0.0783179
-0.0589035
-0.0984657
-0.0947785
0.0122804
0.1495017
0.1964144
0.1358150
0.0708778
0.1043041
0.2309372
0.3420395
0.3345960
0.2447978
0.2520227
0.4762688
0.7774112
0.8602470
0.6097025
0.2241208
-0.0257610
-0.0712193
-0.0244053
0.0187344
0.0684127
0.1796969
0.3552508
0.4921952
0.4473272
0.2208072
0.0246675
0.0439928
0.1771033
0.1872087
0.0755700
0.0676876
0.2188675
0.3146393
0.2463935
0.1975755
0.3015936
