0.1379410
0.1431809
0.0996027
0.0830573
0.1007654
0.1026124
0.0737873
0.0476897
0.0404896
0.0337086
0.0188740
0.0093587
0.0069427
-0.0019972
-0.0152653
-0.0145606
0.0019995
0.0157594
0.0158141
0.0071795
-0.0062800
-0.0241566
-0.0384300
-0.0414457
-0.0414683
-0.0516838
-0.0682038
-0.0757930
-0.0700635
-0.0586244
-0.0465510
-0.0355151
-0.0310506
-0.0366178
-0.0454730
-0.0495573
-0.0506004
-0.0534875
-0.0564258
-0.0564227
-0.0560888
-0.0564647
-0.0515620
-0.0382808
-0.0237796
-0.0154643
-0.0108826
-0.0034959
0.0089277
0.0264203
0.0492050
0.0732241
0.0907997
0.1002577
0.1089016
0.1232832
0.1404298
0.1480629
0.1310682
0.0891767
0.0647671
0.1453770
0.4043906
0.8112742
1.2017185
1.3594661
1.1589121
0.6586109
0.0710618
-0.3717954
-0.5560599
-0.5229179
-0.3927570
-0.2634354
-0.1712221
-0.1160003
-0.0925808
-0.0954986
-0.1126844
-0.1279299
-0.1304117
-0.1213903
-0.1124862
-0.1149547
-0.1284391
-0.1424022
-0.1489826
-0.1498702
-0.1498941
-0.1504157
-0.1515002
-0.1539830
-0.1554796
-0.1497158
-0.1340367
-0.1140388
-0.0980354
-0.0899523
-0.0884517
-0.0885132
-0.0827593
-0.0661049
-0.0411372
-0.0156337
0.0060213
0.0261521
0.0493753
0.0783533
0.1123097
0.1453085
0.1676940
0.1746646
0.1729089
0.1740634
0.1819881
0.1904584
0.1925213
0.1881521
0.1833741
0.1852412
0.1968454
0.2142740
0.2291006
0.2356014
0.2343181
0.2283850
0.2201299
0.2124259
0.2082740
0.2058400
0.1980187
0.1806414
0.1581647
0.1380581
0.1221172
0.1061073
0.0858095
0.0610929
0.0357147
0.0145878
-0.0003023
-0.0118968
-0.0244774
-0.0385485
-0.0512163
-0.0600571
-0.0634269
-0.0589293
-0.0465875
-0.0330406
-0.0273787
-0.0315200
-0.0379241
-0.0373400
-0.0262546
-0.0073343
0.0138743
0.0321954
0.0454583
0.0547121
0.0611059
0.0637169
0.0616360
0.0563922
0.0507516
0.0468305
0.0462401
0.0490894
0.0513592
0.0470678
0.0360879
0.0269861
0.0285385
0.0396396
0.0499297
0.0494576
0.0367300
0.0192483
0.0074256
0.0059624
0.0096682
0.0089714
0.0001064
-0.0113719
-0.0166931
-0.0115146
0.0014806
0.0144292
0.0190897
0.0133556
0.0037186
-0.0011494
0.0005196
0.0029070
0.0003239
-0.0070934
-0.0149895
-0.0191620
-0.0180312
-0.0130229
-0.0072048
-0.0028168
-0.0005404
-0.0011467
-0.0054074
-0.0111613
-0.0134803
-0.0104738
-0.0068664
-0.0088303
-0.0164420
-0.0238633
-0.0263500
-0.0250823
-0.0254032
-0.0314791
-0.0423432
-0.0528770
-0.0593797
-0.0635521
-0.0692819
-0.0765319
-0.0815828
-0.0831101
-0.0841238
-0.0867541
-0.0886213
-0.0865882
-0.0819860
-0.0799218
-0.0840561
-0.0929642
-0.1012514
-0.1044020
-0.1031896
-0.1024935
-0.1048109
-0.1064794
-0.1022220
-0.0921729
-0.0821659
-0.0778613
-0.0803891
-0.0865258
-0.0909242
-0.0893143
-0.0822387
-0.0754260
-0.0743310
-0.0779915
-0.0792537
-0.0710287
-0.0525509
-0.0312683
-0.0191017
-0.0241752
-0.0436839
-0.0654213
-0.0778163
-0.0788830
-0.0762933
-0.0803918
-0.0963097
-0.1194294
-0.1373136
-0.1388258
-0.1238124
-0.1033819
-0.0899468
-0.0874262
-0.0905753
-0.0919604
-0.0892294
-0.0868877
-0.0910529
-0.1015765
-0.1103067
-0.1090401
-0.0986132
-0.0880630
-0.0850830
-0.0892492
-0.0943849
-0.0954111
-0.0923866
-0.0892663
-0.0894605
-0.0924972
-0.0952745
-0.0962015
-0.0965283
-0.0974273
-0.0980741
-0.0977171
-0.0973822
-0.0976656
-0.0964886
-0.0910970
-0.0814484
-0.0702084
-0.0602535
-0.0532439
-0.0494860
-0.0477598
-0.0459346
-0.0431653
-0.0418205
-0.0469823
-0.0632834
-0.0902339
-0.1192829
-0.1375187
-0.1377726
-0.1253900
-0.1126105
-0.1057991
-0.1001778
-0.0873037
-0.0652749
-0.0404015
-0.0204442
-0.0077345
0.0013132
0.0107541
0.0199884
0.0249123
0.0238025
0.0200156
0.0179154
0.0179824
0.0174688
0.0142671
0.0082055
-0.0002505
-0.0102782
-0.0199908
-0.0272493
-0.0315014
-0.0342201
-0.0378036
-0.0442467
-0.0538608
-0.0645101
-0.0726662
-0.0756966
-0.0730209
-0.0659792
-0.0581469
-0.0550279
-0.0605053
-0.0724337
-0.0835570
-0.0882891
-0.0880868
-0.0896867
-0.0985307
-0.1135430
-0.1271640
-0.1308025
-0.1219528
-0.1065099
-0.0933249
-0.0864247
-0.0829889
-0.0780299
-0.0696535
-0.0601135
-0.0530645
-0.0498355
-0.0478175
-0.0430904
-0.0352992
-0.0290113
-0.0292422
-0.0363250
-0.0459309
-0.0531388
-0.0556281
-0.0541706
-0.0514915
-0.0499797
-0.0491288
-0.0454086
-0.0356800
-0.0211472
-0.0081290
-0.0048722
-0.0159591
-0.0375313
-0.0582542
-0.0679500
-0.0670906
-0.0665601
-0.0763746
-0.0945103
-0.1071974
-0.1004681
-0.0727354
-0.0377977
-0.0151400
-0.0145845
-0.0281595
-0.0369648
-0.0279839
-0.0072978
0.0017638
-0.0214330
-0.0654248
-0.0702555
0.0499602
0.3435540
0.7571610
1.1302096
1.2723848
1.0807427
0.6120857
0.0531936
-0.3908796
-0.6072431
-0.6088473
-0.4855308
-0.3299472
-0.1966393
-0.1045255
-0.0551031
-0.0422462
-0.0533113
-0.0720970
-0.0865760
-0.0946629
-0.1018608
-0.1131300
-0.1273259
-0.1390702
-0.1443582
-0.1434028
-0.1394612
-0.1366222
-0.1377345
-0.1421297
-0.1453720
-0.1432284
-0.1361845
-0.1283613
-0.1216746
-0.1129915
-0.0983455
-0.0791903
-0.0632616
-0.0586113
-0.0661331
-0.0775627
-0.0814963
-0.0723920
-0.0539919
-0.0342785
-0.0180150
-0.0041613
0.0113232
0.0316039
0.0568673
0.0842806
0.1097960
0.1306627
0.1464363
0.1580443
0.1669302
0.1750446
0.1840427
0.1936659
0.2020576
0.2085734
0.2153665
0.2251362
0.2376367
0.2490644
0.2548572
0.2531482
0.2459077
0.2365851
0.2261054
0.2114847
0.1892080
0.1599197
0.1292125
0.1038947
0.0873760
0.0771964
0.0659992
0.0467538
0.0199866
-0.0040183
-0.0129527
-0.0044269
0.0102415
0.0154496
0.0052062
-0.0121431
-0.0230385
-0.0225703
-0.0188374
-0.0231072
-0.0366108
-0.0488571
-0.0489657
-0.0365733
-0.0207157
-0.0098596
-0.0046524
0.0006880
0.0117378
0.0284024
0.0446143
0.0532525
0.0523026
0.0466857
0.0437522
0.0464027
0.0500960
0.0467413
0.0325995
0.0130201
-0.0015703
-0.0055035
-0.0031203
-0.0032140
-0.0092449
-0.0169201
-0.0209252
-0.0213750
-0.0224441
-0.0262731
-0.0301155
-0.0295437
-0.0234385
-0.0152035
-0.0093237
-0.0075737
-0.0089851
-0.0122990
-0.0165975
-0.0198439
-0.0194449
-0.0155672
-0.0119042
-0.0110064
-0.0099245
-0.0030765
0.0102547
0.0234381
0.0290945
0.0275910
0.0272151
0.0348784
0.0475658
0.0552218
0.0529639
0.0483146
0.0537113
0.0722543
0.0933578
0.1030064
0.0963515
0.0796645
0.0624490
0.0498634
0.0415883
0.0348470
0.0269289
0.0160084
0.0018177
-0.0135414
-0.0267494
-0.0369531
-0.0478119
-0.0635372
-0.0822571
-0.0958156
-0.0983548
-0.0938193
-0.0923154
-0.0989429
-0.1082702
-0.1106683
-0.1029432
-0.0918421
-0.0876253
-0.0949935
-0.1102284
-0.1261592
-0.1385068
-0.1468570
-0.1508811
-0.1479889
-0.1356389
-0.1150671
-0.0918962
-0.0730014
-0.0622164
-0.0578209
-0.0537660
-0.0441601
-0.0273817
-0.0063667
0.0140757
0.0297520
0.0388754
0.0440161
0.0511965
0.0623021
0.0666369
0.0470001
0.0062640
-0.0067193
0.0910983
0.3542658
0.7353517
1.0722339
1.1717603
0.9402663
0.4571129
-0.0734023
-0.4535702
-0.6013510
-0.5617042
-0.4359375
-0.3047729
-0.2021251
-0.1345969
-0.1046158
-0.1111424
-0.1394889
-0.1641967
-0.1675142
-0.1533401
-0.1410447
-0.1463141
-0.1682542
-0.1927506
-0.2059386
-0.2048635
-0.1973178
-0.1927495
-0.1934212
-0.1939446
-0.1884626
-0.1769878
-0.1642199
-0.1530615
-0.1407272
-0.1220516
-0.0964127
-0.0702172
-0.0512875
-0.0408777
-0.0325915
-0.0195652
-0.0010687
0.0191234
0.0390414
0.0603388
0.0838081
0.1059420
0.1221068
0.1324942
0.1429011
0.1585114
0.1775457
0.1926919
0.1997483
0.2038959
0.2155955
0.2398516
0.2707029
0.2968604
0.3117902
0.3177060
0.3209968
0.3253555
0.3292176
0.3284039
0.3201432
0.3045196
0.2828995
0.2562168
0.2253162
0.1919124
0.1576624
0.1222274
0.0836279
0.0414666
-0.0004680
-0.0354376
-0.0581888
-0.0689826
-0.0736106
-0.0785703
-0.0851511
-0.0885860
-0.0841135
-0.0737452
-0.0656622
-0.0661845
-0.0730870
-0.0779228
-0.0750852
-0.0677470
-0.0639435
-0.0669349
-0.0708451
-0.0668437
-0.0526104
-0.0340309
-0.0183442
-0.0083804
-0.0038015
-0.0040612
-0.0067969
-0.0055414
0.0055394
0.0228633
0.0331408
0.0257177
0.0042331
-0.0168767
-0.0246248
-0.0069285
0.0640917
0.2336761
0.5203209
0.8508560
1.0521385
0.9478802
0.5040054
-0.1078520
-0.6061580
-0.7888596
-0.6595207
-0.3902255
-0.1696524
-0.0768177
-0.0741434
-0.0902419
-0.0930278
-0.0936788
-0.1070341
-0.1273645
-0.1402465
-0.1432183
-0.1459709
-0.1540670
-0.1603590
-0.1545214
-0.1369629
-0.1194140
-0.1122056
-0.1139448
-0.1148827
-0.1082986
-0.0961580
-0.0843564
-0.0754860
-0.0676464
-0.0584998
-0.0481439
-0.0379597
-0.0283291
-0.0187291
-0.0099084
-0.0047384
-0.0053973
-0.0091507
-0.0081557
0.0045319
0.0279900
0.0533306
0.0716070
0.0820275
0.0920532
0.1092231
0.1330265
0.1553536
0.1695297
0.1786865
0.1941119
0.2246440
0.2681226
0.3135409
0.3505246
0.3756585
0.3906515
0.3971343
0.3950915
0.3855819
0.3724393
0.3591641
0.3441528
0.3211189
0.2862674
0.2446766
0.2073488
0.1808622
0.1612784
0.1398283
0.1140739
0.0916669
0.0824228
0.0876309
0.0981633
0.1028477
0.0976488
0.0864416
0.0744949
0.0634725
0.0527972
0.0429579
0.0348945
0.0271484
0.0167197
0.0036877
-0.0071621
-0.0112548
-0.0101091
-0.0105283
-0.0175565
-0.0294129
-0.0402713
-0.0473222
-0.0535271
-0.0629381
-0.0747314
-0.0834863
-0.0849210
-0.0793946
-0.0692625
-0.0549257
-0.0356773
-0.0139338
0.0037743
0.0115407
0.0095500
0.0040012
0.0012443
0.0021394
0.0025155
-0.0008455
-0.0053864
-0.0046804
0.0048863
0.0199230
0.0326093
0.0370489
0.0332906
0.0261624
0.0209457
0.0198095
0.0213500
0.0226388
0.0214657
0.0173126
0.0113843
0.0061219
0.0036610
0.0036064
0.0025918
-0.0028280
-0.0125475
-0.0228124
-0.0300232
-0.0342100
-0.0385936
-0.0462566
-0.0575599
-0.0701567
-0.0804827
-0.0852284
-0.0830367
-0.0767299
-0.0734978
-0.0797610
-0.0936786
-0.1053333
-0.1090920
-0.1147603
-0.1364985
-0.1601661
-0.1238735
0.0502562
0.3808677
0.7717232
1.0404755
1.0291037
0.7148026
0.2302214
-0.2235069
-0.4982887
-0.5632760
-0.4816971
-0.3439266
-0.2171031
-0.1330175
-0.0968343
-0.0962391
-0.1091865
-0.1157895
-0.1099305
-0.0996091
-0.0950788
-0.0977533
-0.1013138
-0.1011114
-0.0990850
-0.0996296
-0.1040731
-0.1108483
-0.1184424
-0.1251209
-0.1268216
-0.1191598
-0.1031300
-0.0867744
-0.0788809
-0.0811588
-0.0878817
-0.0929817
-0.0958822
-0.0999240
-0.1069104
-0.1151316
-0.1220113
-0.1260462
-0.1253628
-0.1170896
-0.1010499
-0.0831238
-0.0711723
-0.0657407
-0.0566968
-0.0317642
0.0111925
0.0612976
0.1038650
0.1314537
0.1463200
0.1547651
0.1618269
0.1711872
0.1866472
0.2100719
0.2376748
0.2611018
0.2743405
0.2790085
0.2813243
0.2839475
0.2821460
0.2684930
0.2405816
0.2037392
0.1669486
0.1368097
0.1146543
0.0975286
0.0806359
0.0596507
0.0330593
0.0038467
-0.0218951
-0.0399588
-0.0522762
-0.0651817
-0.0826040
-0.1013728
-0.1138010
-0.1146296
-0.1052708
-0.0922319
-0.0825545
-0.0802652
-0.0850632
-0.0928188
-0.0980980
-0.0984706
-0.0974055
-0.1014142
-0.1121258
-0.1212130
-0.1155661
-0.0894279
-0.0510937
-0.0166251
0.0028351
0.0073532
0.0040810
0.0001081
-0.0002683
0.0051402
0.0159151
0.0278045
0.0351658
0.0368780
0.0387865
0.0479079
0.0638215
0.0776625
0.0809176
0.0742001
0.0659144
0.0628961
0.0640958
0.0632675
0.0555433
0.0402729
0.0194930
-0.0035756
-0.0244456
-0.0383475
-0.0435137
-0.0436370
-0.0460204
-0.0563182
-0.0743351
-0.0942613
-0.1089063
-0.1148134
-0.1148478
-0.1161004
-0.1237205
-0.1353280
-0.1422157
-0.1381472
-0.1273689
-0.1217494
-0.1280910
-0.1391920
-0.1397600
-0.1217273
-0.0925071
-0.0678211
-0.0577735
-0.0604802
-0.0670782
-0.0699860
-0.0662670
-0.0563011
-0.0423259
-0.0281089
-0.0176777
-0.0130733
-0.0137434
-0.0178141
-0.0223349
-0.0227652
-0.0167470
-0.0116860
-0.0230046
-0.0518392
-0.0571994
0.0390118
0.2939821
0.6691105
1.0114971
1.1311391
0.9279481
0.4679746
-0.0559628
-0.4471500
-0.6132031
-0.5856700
-0.4595862
-0.3195355
-0.2067822
-0.1296882
-0.0857288
-0.0711499
-0.0794220
-0.1004757
-0.1248528
-0.1475974
-0.1677927
-0.1858853
-0.2022323
-0.2164394
-0.2256737
-0.2237343
-0.2046179
-0.1694999
-0.1298786
-0.1014488
-0.0927727
-0.0992235
-0.1080400
-0.1094409
-0.1033126
-0.0962909
-0.0938028
-0.0954725
-0.0970948
-0.0950511
-0.0879943
-0.0757794
-0.0591940
-0.0413753
-0.0275474
-0.0209425
-0.0185266
-0.0123531
0.0032344
0.0257298
0.0468878
0.0615445
0.0731969
0.0897853
0.1143621
0.1415332
0.1636820
0.1791086
0.1921706
0.2058867
0.2169094
0.2192824
0.2118746
0.1998368
0.1883907
0.1770481
0.1613884
0.1394895
0.1143449
0.0895183
0.0646576
0.0375099
0.0097078
-0.0122495
-0.0234397
-0.0269757
-0.0322848
-0.0465148
-0.0681611
-0.0890163
-0.1014113
-0.1033331
-0.0979570
-0.0901794
-0.0840892
-0.0822644
-0.0854325
-0.0919688
-0.0984328
-0.1017497
-0.1015098
-0.1002685
-0.1014842
-0.1066577
-0.1136039
-0.1170568
-0.1116937
-0.0960718
-0.0745742
-0.0552104
-0.0443899
-0.0427352
-0.0453999
-0.0465481
-0.0442018
-0.0415564
-0.0438745
-0.0535855
-0.0676102
-0.0792854
-0.0836264
-0.0815792
-0.0791469
-0.0816224
-0.0883207
-0.0933908
-0.0917875
-0.0831815
-0.0694360
-0.0512134
-0.0320596
-0.0258204
-0.0498640
-0.0964048
-0.1066343
0.0096571
0.2984241
0.6840200
0.9735824
0.9706451
0.6222221
0.0749059
-0.4172686
-0.6620222
-0.6377271
-0.4650795
-0.2885187
-0.1797275
-0.1299734
-0.1043286
-0.0871942
-0.0833043
-0.0951381
-0.1128617
-0.1244361
-0.1268169
-0.1240018
-0.1184552
-0.1089137
-0.0954676
-0.0825664
-0.0754000
-0.0753344
-0.0807113
-0.0909477
-0.1072982
-0.1288664
-0.1496220
-0.1615073
-0.1612551
-0.1537328
-0.1480948
-0.1504432
-0.1598082
-0.1703117
-0.1762550
-0.1749897
-0.1659956
-0.1489732
-0.1240306
-0.0934172
-0.0616615
-0.0329317
-0.0083954
0.0132287
0.0328582
0.0500601
0.0654675
0.0830244
0.1078882
0.1412214
0.1776955
0.2091313
0.2309993
0.2455126
0.2588338
0.2755302
0.2949675
0.3117475
0.3193286
0.3145120
