-0.1062087
-0.1873120
-0.1286405
-0.1073005
-0.1566599
-0.1766010
-0.1422465
-0.1308987
-0.1693509
-0.2028392
-0.2118562
-0.2378644
-0.2862601
-0.2991716
-0.2280949
-0.0572200
0.2328524
0.6382527
1.0644637
1.3564982
1.4113498
1.2283863
0.8734115
0.4470180
0.0661262
-0.1921855
-0.3385702
-0.4320057
-0.5033045
-0.5451903
-0.5520664
-0.5278297
-0.4701116
-0.3837273
-0.2976986
-0.2396615
-0.2063661
-0.1817641
-0.1657476
-0.1631670
-0.1646721
-0.1606286
-0.1561403
-0.1545702
-0.1456695
-0.1258499
-0.1099487
-0.1082373
-0.1113080
-0.1097697
-0.1087640
-0.1123184
-0.1133045
-0.1083232
-0.1037844
-0.1005498
-0.0915113
-0.0790994
-0.0755511
-0.0815121
-0.0830017
-0.0728465
-0.0581465
-0.0456589
-0.0361660
-0.0317076
-0.0314040
-0.0229216
0.0043320
0.0400621
0.0634364
0.0695179
0.0709499
0.0783606
0.0934839
0.1160684
0.1434684
0.1684349
0.1889444
0.2136500
0.2476421
0.2818687
0.3069949
0.3277700
0.3528975
0.3804104
0.4036453
0.4229276
0.4422273
0.4623290
0.4837316
0.5070235
0.5256193
0.5292487
0.5194952
0.5103053
0.5082399
0.5034672
0.4846787
0.4522024
0.4129082
0.3724936
0.3353288
0.3020619
0.2659697
0.2208781
0.1721756
0.1304233
0.0961438
0.0617403
0.0263097
-0.0028186
-0.0218826
-0.0338653
-0.0418731
-0.0486545
-0.0598259
-0.0782556
-0.0977549
-0.1101557
-0.1153973
-0.1182722
-0.1203362
-0.1215062
-0.1237203
-0.1265408
-0.1253500
-0.1197541
-0.1167120
-0.1195380
-0.1214682
-0.1164310
-0.1089818
-0.1072262
-0.1118382
-0.1170107
-0.1168917
-0.1082504
-0.0930960
-0.0804851
-0.0785943
-0.0836597
-0.0842771
-0.0772790
-0.0710456
-0.0724134
-0.0788625
-0.0846330
-0.0865432
-0.0830111
-0.0748479
-0.0676051
-0.0667201
-0.0707377
-0.0747797
-0.0783017
-0.0832442
-0.0877885
-0.0890843
-0.0893236
-0.0922245
-0.0961879
-0.0971595
-0.0953522
-0.0935669
-0.0921513
-0.0905402
-0.0900049
-0.0905948
-0.0898063
-0.0880480
-0.0900361
-0.0967938
-0.1019401
-0.1001111
-0.0938251
-0.0884781
-0.0859471
-0.0862508
-0.0898714
-0.0951739
-0.0984044
-0.0986199
-0.0982662
-0.0981476
-0.0969394
-0.0956408
-0.0965596
-0.0979880
-0.0961014
-0.0919447
-0.0902422
-0.0915372
-0.0917583
-0.0894451
-0.0876696
-0.0889614
-0.0929713
-0.0979327
-0.1002655
-0.0954607
-0.0844164
-0.0760322
-0.0779652
-0.0870477
-0.0937008
-0.0934139
-0.0895272
-0.0873920
-0.0898170
-0.0956184
-0.0994975
-0.0964728
-0.0888390
-0.0847834
-0.0880366
-0.0936535
-0.0961281
-0.0962286
-0.0971590
-0.0993324
-0.1018804
-0.1044757
-0.1050163
-0.1001601
-0.0908181
-0.0833244
-0.0831275
-0.0900606
-0.0999241
-0.1073500
-0.1081055
-0.1030912
-0.0992779
-0.1022105
-0.1086983
-0.1113365
-0.1083943
-0.1041555
-0.1014249
-0.0994473
-0.0980515
-0.0983529
-0.0998114
-0.1008820
-0.1016962
-0.1023709
-0.0997979
-0.0893061
-0.0685785
-0.0387280
-0.0046356
0.0243501
0.0389234
0.0385155
0.0321277
0.0280373
0.0263899
0.0238355
0.0202559
0.0172198
0.0136535
0.0068009
-0.0046831
-0.0204560
-0.0388594
-0.0566947
-0.0713686
-0.0833201
-0.0932936
-0.0984415
-0.0960027
-0.0905899
-0.0928517
-0.1103043
-0.1427778
-0.1847506
-0.2248863
-0.2407949
-0.1985953
-0.0628029
0.1867904
0.5360358
0.9235757
1.2496412
1.4129153
1.3569560
1.0967202
0.7111579
0.3079555
-0.0232679
-0.2459408
-0.3772345
-0.4553561
-0.5036661
-0.5209315
-0.4969241
-0.4317343
-0.3427780
-0.2571440
-0.1956705
-0.1615844
-0.1445194
-0.1344123
-0.1283555
-0.1255817
-0.1228673
-0.1178473
-0.1124167
-0.1095519
-0.1089875
-0.1077001
-0.1028927
-0.0942393
-0.0851943
-0.0812172
-0.0838291
-0.0875798
-0.0863137
-0.0811967
-0.0786587
-0.0813893
-0.0853706
-0.0851614
-0.0784508
-0.0661085
-0.0514090
-0.0390101
-0.0318294
-0.0288783
-0.0272190
-0.0242459
-0.0169748
-0.0025995
0.0174466
0.0368753
0.0511847
0.0629151
0.0777752
0.0975832
0.1193439
0.1395355
0.1575335
0.1762763
0.2000703
0.2294852
0.2586611
0.2813815
0.3001517
0.3247730
0.3602168
0.3995518
0.4309150
0.4490299
0.4586411
0.4688426
0.4847932
0.5030923
0.5150589
0.5158984
0.5094640
0.5020994
0.4940284
0.4801593
0.4575542
0.4280567
0.3944874
0.3581167
0.3196202
0.2794123
0.2371684
0.1932206
0.1498256
0.1094243
0.0729026
0.0409237
0.0148777
-0.0053511
-0.0225623
-0.0394067
-0.0561863
-0.0725283
-0.0885807
-0.1031141
-0.1132439
-0.1178534
-0.1190518
-0.1190003
-0.1177823
-0.1155235
-0.1139070
-0.1141754
-0.1157633
-0.1178073
-0.1200152
-0.1216878
-0.1220427
-0.1215854
-0.1210085
-0.1191127
-0.1142736
-0.1074739
-0.1013147
-0.0966053
-0.0924967
-0.0892100
-0.0878793
-0.0883033
-0.0893263
-0.0906721
-0.0921536
-0.0922527
-0.0899995
-0.0872012
-0.0863116
-0.0868425
-0.0859487
-0.0820135
-0.0764855
-0.0732001
-0.0762633
-0.0862325
-0.0974307
-0.1018410
-0.0973456
-0.0898381
-0.0858634
-0.0857714
-0.0857874
-0.0843124
-0.0839003
-0.0880906
-0.0972761
-0.1067150
-0.1090739
-0.1013734
-0.0895436
-0.0835874
-0.0877556
-0.0973138
-0.1045314
-0.1053847
-0.1009069
-0.0951331
-0.0922335
-0.0933610
-0.0958450
-0.0968295
-0.0970691
-0.0994546
-0.1046779
-0.1101544
-0.1123878
-0.1091665
-0.1012616
-0.0937473
-0.0933587
-0.1015770
-0.1114613
-0.1139238
-0.1067226
-0.0958459
-0.0890900
-0.0895647
-0.0942361
-0.0975361
-0.0972448
-0.0970323
-0.1014930
-0.1088150
-0.1113966
-0.1047975
-0.0934445
-0.0859444
-0.0865489
-0.0922604
-0.0966938
-0.0960634
-0.0927496
-0.0930289
-0.0997214
-0.1076325
-0.1086118
-0.1009595
-0.0914540
-0.0879462
-0.0918962
-0.0981561
-0.1003956
-0.0970297
-0.0931939
-0.0959465
-0.1059001
-0.1148850
-0.1140445
-0.1033784
-0.0914595
-0.0867696
-0.0910584
-0.0998498
-0.1070950
-0.1097788
-0.1096485
-0.1103499
-0.1125758
-0.1133143
-0.1101970
-0.1045405
-0.0990847
-0.0943970
-0.0882614
-0.0770698
-0.0579049
-0.0320867
-0.0073956
0.0064563
0.0068984
0.0017041
0.0015967
0.0102465
0.0218354
0.0273319
0.0229338
0.0132053
0.0055332
0.0008282
-0.0084643
-0.0289221
-0.0563094
-0.0785355
-0.0882786
-0.0897558
-0.0923991
-0.1000289
-0.1074494
-0.1072730
-0.1000818
-0.0975794
-0.1138049
-0.1518031
-0.1992614
-0.2356912
-0.2388586
-0.1822410
-0.0340420
0.2268164
0.5816995
0.9551649
1.2328630
1.3133415
1.1643826
0.8439959
0.4671915
0.1408706
-0.0860047
-0.2262151
-0.3206554
-0.3995188
-0.4645438
-0.4979188
-0.4849969
-0.4303431
-0.3549364
-0.2809613
-0.2205559
-0.1760533
-0.1457084
-0.1272783
-0.1184444
-0.1161736
-0.1163956
-0.1152243
-0.1114099
-0.1067266
-0.1028375
-0.0988590
-0.0932664
-0.0867356
-0.0811984
-0.0771315
-0.0736516
-0.0704479
-0.0678822
-0.0659012
-0.0643415
-0.0635014
-0.0629672
-0.0606595
-0.0545721
-0.0452505
-0.0357427
-0.0291835
-0.0261328
-0.0233336
-0.0157652
-0.0019410
0.0131265
0.0229433
0.0280626
0.0369023
0.0566204
0.0849794
0.1126275
0.1322301
0.1444098
0.1558206
0.1725075
0.1950506
0.2200529
0.2459125
0.2751751
0.3097923
0.3458920
0.3760949
0.3968287
0.4112982
0.4252508
0.4414500
0.4582349
0.4720353
0.4810613
0.4870196
0.4926520
0.4973245
0.4965718
0.4869269
0.4695123
0.4473870
0.4208787
0.3876540
0.3469573
0.3022884
0.2597743
0.2240122
0.1945603
0.1661875
0.1337479
0.0972982
0.0615219
0.0302452
0.0030811
-0.0224032
-0.0469183
-0.0682495
-0.0825024
-0.0867788
-0.0826810
-0.0774288
-0.0791610
-0.0895969
-0.1020724
-0.1076613
-0.1033373
-0.0947245
-0.0913695
-0.0981990
-0.1103153
-0.1170294
-0.1124747
-0.1016188
-0.0945876
-0.0960328
-0.1016947
-0.1045309
-0.1020339
-0.0973177
-0.0944762
-0.0937141
-0.0913013
-0.0846999
-0.0769748
-0.0741356
-0.0777597
-0.0824722
-0.0820212
-0.0762024
-0.0702819
-0.0687661
-0.0712821
-0.0740093
-0.0739430
-0.0717299
-0.0706219
-0.0726385
-0.0764553
-0.0798763
-0.0832472
-0.0883473
-0.0941985
-0.0963965
-0.0915964
-0.0815640
-0.0722244
-0.0691328
-0.0733594
-0.0807844
-0.0859584
-0.0877327
-0.0901927
-0.0964883
-0.1028374
-0.1014919
-0.0903958
-0.0778960
-0.0758665
-0.0876269
-0.1032035
-0.1079399
-0.0971591
-0.0816919
-0.0768657
-0.0860610
-0.0977174
-0.0992356
-0.0906760
-0.0824912
-0.0822985
-0.0877417
-0.0921796
-0.0937413
-0.0962672
-0.1021471
-0.1070473
-0.1040978
-0.0930513
-0.0823809
-0.0802608
-0.0853438
-0.0894965
-0.0887526
-0.0876424
-0.0916700
-0.0989136
-0.1019994
-0.0974423
-0.0904616
-0.0894666
-0.0964093
-0.1039914
-0.1036067
-0.0955601
-0.0892794
-0.0925172
-0.1023375
-0.1086727
-0.1055555
-0.0966534
-0.0902111
-0.0906505
-0.0954901
-0.0991336
-0.0989246
-0.0975938
-0.0997106
-0.1059956
-0.1121077
-0.1132602
-0.1089345
-0.1026027
-0.0979536
-0.0961203
-0.0957941
-0.0953220
-0.0948198
-0.0957576
-0.0974601
-0.0947617
-0.0815037
-0.0572384
-0.0290507
-0.0058312
0.0084573
0.0156325
0.0190437
0.0199159
0.0177831
0.0135670
0.0108967
0.0127923
0.0166777
0.0145856
0.0003282
-0.0239162
-0.0495503
-0.0697271
-0.0842905
-0.0968840
-0.1086691
-0.1156316
-0.1122503
-0.0986045
-0.0842961
-0.0841440
-0.1081680
-0.1542681
-0.2079445
-0.2446900
-0.2305219
-0.1252299
0.1027264
0.4501737
0.8579953
1.2166318
1.4072563
1.3606243
1.0954946
0.7076669
0.3167377
0.0086026
-0.1908759
-0.3045412
-0.3733333
-0.4285016
-0.4785463
-0.5119531
-0.5103863
-0.4643210
-0.3827635
-0.2908283
-0.2154482
-0.1692365
-0.1462002
-0.1326353
-0.1209764
-0.1124938
-0.1092439
-0.1077280
-0.1019767
-0.0908834
-0.0801909
-0.0766018
-0.0803643
-0.0844568
-0.0817599
-0.0726552
-0.0643469
-0.0626341
-0.0659012
-0.0678899
-0.0648252
-0.0583402
-0.0521949
-0.0478422
-0.0436691
-0.0379348
-0.0316453
-0.0276040
-0.0261508
-0.0230040
-0.0131948
0.0028862
0.0192747
0.0310969
0.0401740
0.0528619
0.0728261
0.0968769
0.1181311
0.1331400
0.1456180
0.1625531
0.1866245
0.2136714
0.2383574
0.2608265
0.2858034
0.3156547
0.3466907
0.3733111
0.3945918
0.4153119
0.4400696
0.4668944
0.4878588
0.4971253
0.4979490
0.4999185
0.5086425
0.5196422
0.5233774
0.5147957
0.4962467
0.4720174
0.4427391
0.4065188
0.3644819
0.3229358
0.2882580
0.2596185
0.2286998
0.1884489
0.1415108
0.0980587
0.0651669
0.0402140
0.0155376
-0.0120444
-0.0379401
-0.0555374
-0.0638458
-0.0686445
-0.0761201
-0.0862224
-0.0936005
-0.0952991
-0.0957040
-0.1019774
-0.1150719
-0.1273119
-0.1297877
-0.1214451
-0.1101984
-0.1051424
-0.1079160
-0.1119753
-0.1104484
-0.1038785
-0.0989103
-0.0995628
-0.1019587
-0.0990588
-0.0893319
-0.0787792
-0.0743659
-0.0767978
-0.0803723
-0.0794350
-0.0743382
-0.0706980
-0.0728706
-0.0788894
-0.0824941
-0.0796991
-0.0724606
-0.0661843
-0.0647805
-0.0681598
-0.0733053
-0.0772265
-0.0794735
-0.0819944
-0.0860230
-0.0893644
-0.0880413
-0.0812627
-0.0739133
-0.0728943
-0.0804470
-0.0912975
-0.0971836
-0.0949978
-0.0901599
-0.0907193
-0.0979682
-0.1045529
-0.1029950
-0.0947018
-0.0885170
-0.0905672
-0.0974809
-0.1005542
-0.0956718
-0.0878726
-0.0858115
-0.0922578
-0.1008837
-0.1027783
-0.0955683
-0.0854913
-0.0809943
-0.0852165
-0.0942437
-0.1011295
-0.1013577
-0.0959629
-0.0904380
-0.0898907
-0.0942683
-0.0984545
-0.0975324
-0.0917666
-0.0860263
-0.0844272
-0.0859686
-0.0858668
-0.0814064
-0.0759658
-0.0760218
-0.0836120
-0.0928771
-0.0955009
-0.0894887
-0.0814497
-0.0798227
-0.0863471
-0.0944832
-0.0961094
-0.0898059
-0.0825001
-0.0825182
-0.0908975
-0.1001630
-0.1019815
-0.0953529
-0.0867670
-0.0830347
-0.0849344
-0.0876930
-0.0867171
-0.0823425
-0.0791505
-0.0809936
-0.0869654
-0.0922282
-0.0924021
-0.0870913
-0.0799802
-0.0762051
-0.0787781
-0.0860250
-0.0925081
-0.0939453
-0.0918353
-0.0921222
-0.0983563
-0.1068203
-0.1096218
-0.1028700
-0.0911619
-0.0833875
-0.0840987
-0.0895451
-0.0925156
-0.0902294
-0.0859514
-0.0826917
-0.0773218
-0.0630253
-0.0375708
-0.0076560
0.0159110
0.0272625
0.0295656
0.0303181
0.0330198
0.0341791
0.0289607
0.0188118
0.0113926
0.0118748
0.0155605
0.0112216
-0.0075301
-0.0350296
-0.0585596
-0.0705258
-0.0749535
-0.0813708
-0.0928858
-0.1020815
-0.1000223
-0.0888321
-0.0838404
-0.1022388
-0.1485370
-0.2085092
-0.2538158
-0.2511692
-0.1702138
0.0099434
0.2918648
0.6478756
1.0125625
1.2921906
1.3966784
1.2822164
0.9784565
0.5785062
0.1934894
-0.1004689
-0.2880483
-0.3990363
-0.4692277
-0.5119285
-0.5193658
-0.4838962
-0.4141353
-0.3322437
-0.2594671
-0.2056430
-0.1700794
-0.1486061
-0.1378991
-0.1345029
-0.1331338
-0.1285650
-0.1193642
-0.1086148
-0.1004611
-0.0963444
-0.0945700
-0.0926554
-0.0895549
-0.0860919
-0.0838782
-0.0837344
-0.0846678
-0.0842041
-0.0800288
-0.0719148
-0.0625140
-0.0559486
-0.0545212
-0.0560746
-0.0551714
-0.0480256
-0.0365150
-0.0265741
-0.0220252
-0.0201826
-0.0140741
0.0006795
0.0212406
0.0401122
0.0525930
0.0614851
0.0739317
0.0937498
0.1177627
0.1400652
0.1589840
0.1786621
0.2037676
0.2336870
0.2628014
0.2864553
0.3060017
0.3273929
0.3548028
0.3861321
0.4150594
0.4371441
0.4535446
0.4691546
0.4877483
0.5086983
0.5274533
0.5388819
0.5409237
0.5357430
0.5271641
0.5164608
0.5007372
0.4760609
0.4424805
0.4053718
0.3708267
0.3393535
0.3049854
0.2617982
0.2113648
0.1626320
0.1236824
0.0942242
0.0670781
0.0367300
0.0052753
-0.0203971
-0.0363606
-0.0456713
-0.0548557
-0.0673207
-0.0807473
-0.0905205
-0.0948156
-0.0960362
-0.0979640
-0.1022744
-0.1076707
-0.1115950
-0.1124415
-0.1105823
-0.1077704
-0.1056013
-0.1044727
-0.1040514
-0.1044885
-0.1064881
-0.1097057
-0.1114475
-0.1079247
-0.0976036
-0.0834578
-0.0714433
-0.0661015
-0.0672362
-0.0707824
-0.0728839
-0.0730777
-0.0736448
-0.0761996
-0.0791899
-0.0788967
-0.0732001
-0.0646784
-0.0596153
-0.0628044
-0.0725418
-0.0813069
-0.0826387
-0.0777378
-0.0744083
-0.0786210
-0.0875126
-0.0919600
-0.0865952
-0.0763508
-0.0718129
-0.0780484
-0.0892289
-0.0950723
-0.0918031
-0.0854580
-0.0844770
-0.0905906
-0.0980148
-0.1006385
-0.0981241
-0.0944695
-0.0922101
-0.0900137
-0.0861383
-0.0824880
-0.0835141
-0.0910136
-0.1010959
-0.1069451
-0.1043519
-0.0945252
-0.0824573
-0.0734954
-0.0708689
-0.0744937
-0.0807655
-0.0843290
-0.0821691
-0.0770059
-0.0756106
-0.0820950
-0.0926086
