-0.0745104
-0.1217819
-0.0788029
-0.0481333
-0.0635538
-0.0802472
-0.0792879
-0.0856395
-0.0984416
-0.0877497
-0.0585570
-0.0499039
-0.0691126
-0.0833197
-0.0770449
-0.0690354
-0.0713239
-0.0745629
-0.0746988
-0.0776765
-0.0786521
-0.0680419
-0.0549128
-0.0563914
-0.0691888
-0.0767334
-0.0768086
-0.0781915
-0.0788840
-0.0713119
-0.0611655
-0.0597744
-0.0651473
-0.0683006
-0.0694585
-0.0721510
-0.0716805
-0.0647250
-0.0599742
-0.0650611
-0.0728390
-0.0728229
-0.0663242
-0.0601667
-0.0561037
-0.0551660
-0.0610527
-0.0711159
-0.0751703
-0.0701186
-0.0648094
-0.0652790
-0.0668530
-0.0651735
-0.0628835
-0.0613419
-0.0577122
-0.0539938
-0.0574272
-0.0684496
-0.0784582
-0.0817804
-0.0805551
-0.0772257
-0.0717787
-0.0665214
-0.0647719
-0.0655520
-0.0670666
-0.0721340
-0.0818038
-0.0882833
-0.0842722
-0.0753384
-0.0726180
-0.0761664
-0.0752577
-0.0631387
-0.0433661
-0.0234345
-0.0083933
0.0017011
0.0123777
0.0288684
0.0466041
0.0538837
0.0475660
0.0385814
0.0372829
0.0409086
0.0407314
0.0343513
0.0249792
0.0142461
0.0011886
-0.0152316
-0.0352750
-0.0563122
-0.0713373
-0.0751772
-0.0720256
-0.0705799
-0.0729634
-0.0767947
-0.0876008
-0.1181194
-0.1698271
-0.2193160
-0.2249960
-0.1456658
0.0419487
0.3314103
0.6838731
1.0354596
1.3086517
1.4267189
1.3405813
1.0627615
0.6754509
0.2906106
-0.0106203
-0.2089654
-0.3313119
-0.4131164
-0.4705808
-0.4971597
-0.4810348
-0.4252910
-0.3500862
-0.2768815
-0.2160236
-0.1697149
-0.1388754
-0.1226220
-0.1164117
-0.1153543
-0.1165565
-0.1166069
-0.1114133
-0.1009083
-0.0899700
-0.0828018
-0.0796308
-0.0791885
-0.0801113
-0.0796368
-0.0755676
-0.0699651
-0.0666712
-0.0653355
-0.0623883
-0.0576419
-0.0551448
-0.0570476
-0.0603074
-0.0596702
-0.0516193
-0.0368674
-0.0214095
-0.0124524
-0.0100799
-0.0059030
0.0063630
0.0221607
0.0322218
0.0348133
0.0375168
0.0486791
0.0706853
0.0997879
0.1291643
0.1534219
0.1725352
0.1904835
0.2097162
0.2296757
0.2508942
0.2762874
0.3069764
0.3404706
0.3741043
0.4066469
0.4359225
0.4593022
0.4779025
0.4961831
0.5157089
0.5325964
0.5423558
0.5443750
0.5408765
0.5340753
0.5247256
0.5112864
0.4908991
0.4631236
0.4313483
0.3983811
0.3630238
0.3239900
0.2843691
0.2478808
0.2126930
0.1738153
0.1311233
0.0910374
0.0598821
0.0378350
0.0193321
-0.0016096
-0.0253981
-0.0457543
-0.0567651
-0.0611720
-0.0679509
-0.0806522
-0.0925497
-0.0957948
-0.0916243
-0.0883029
-0.0913787
-0.0988141
-0.1044181
-0.1043225
-0.1008710
-0.1003889
-0.1059142
-0.1130306
-0.1150574
-0.1108769
-0.1043137
-0.0974052
-0.0893203
-0.0819284
-0.0809834
-0.0891407
-0.1004896
-0.1044955
-0.0953183
-0.0774696
-0.0626570
-0.0595236
-0.0654646
-0.0704325
-0.0694922
-0.0679630
-0.0719813
-0.0784050
-0.0789274
-0.0719058
-0.0648200
-0.0649692
-0.0715581
-0.0779893
-0.0797799
-0.0787760
-0.0795626
-0.0824767
-0.0825316
-0.0772574
-0.0729394
-0.0779937
-0.0905000
-0.0981996
-0.0931253
-0.0816900
-0.0768942
-0.0832776
-0.0928715
-0.0948309
-0.0865650
-0.0753781
-0.0703842
-0.0737478
-0.0807487
-0.0875347
-0.0950197
-0.1033584
-0.1070984
-0.1011305
-0.0896836
-0.0836257
-0.0879983
-0.0963559
-0.0989775
-0.0938795
-0.0878381
-0.0877528
-0.0926740
-0.0951565
-0.0905407
-0.0831309
-0.0807718
-0.0845394
-0.0882056
-0.0883905
-0.0897552
-0.0967965
-0.1046666
-0.1034325
-0.0906480
-0.0757683
-0.0711326
-0.0799152
-0.0932322
-0.0987442
-0.0923981
-0.0816107
-0.0766110
-0.0799953
-0.0861419
-0.0888568
-0.0865021
-0.0808907
-0.0752754
-0.0737423
-0.0788565
-0.0883482
-0.0961422
-0.0976365
-0.0928989
-0.0851635
-0.0782199
-0.0750662
-0.0767455
-0.0815223
-0.0858901
-0.0866462
-0.0825553
-0.0759025
-0.0727220
-0.0784016
-0.0908861
-0.1005330
-0.0995517
-0.0904925
-0.0831150
-0.0836910
-0.0893873
-0.0926686
-0.0895408
-0.0833336
-0.0808897
-0.0850221
-0.0915163
-0.0947084
-0.0946336
-0.0958644
-0.0999588
-0.1029012
-0.1009227
-0.0954808
-0.0907137
-0.0885084
-0.0882037
-0.0895434
-0.0935473
-0.1003084
-0.1068367
-0.1077975
-0.0992915
-0.0822323
-0.0609795
-0.0385533
-0.0154141
0.0062699
0.0206966
0.0240809
0.0203243
0.0173782
0.0186075
0.0208965
0.0209033
0.0195940
0.0192784
0.0184324
0.0118026
-0.0038995
-0.0251887
-0.0440861
-0.0560758
-0.0644088
-0.0744299
-0.0849783
-0.0895115
-0.0868393
-0.0872813
-0.1053642
-0.1467380
-0.2016230
-0.2473680
-0.2552088
-0.1976562
-0.0554960
0.1762656
0.4832149
0.8272156
1.1471831
1.3707419
1.4362444
1.3165350
1.0335116
0.6548863
0.2702142
-0.0451865
-0.2582645
-0.3809933
-0.4490828
-0.4937622
-0.5241187
-0.5280860
-0.4895897
-0.4090114
-0.3096659
-0.2238189
-0.1712943
-0.1502217
-0.1454657
-0.1433441
-0.1390807
-0.1337441
-0.1275369
-0.1180685
-0.1050125
-0.0935513
-0.0899499
-0.0940652
-0.0993165
-0.1005322
-0.0987264
-0.0969498
-0.0946963
-0.0892981
-0.0813249
-0.0754184
-0.0750102
-0.0775476
-0.0763378
-0.0678604
-0.0567157
-0.0513051
-0.0535414
-0.0548954
-0.0451240
-0.0239355
-0.0013361
0.0133432
0.0202487
0.0266948
0.0385929
0.0554677
0.0727741
0.0876795
0.1019951
0.1193921
0.1407720
0.1640992
0.1885102
0.2157483
0.2461736
0.2758991
0.3006374
0.3215418
0.3448860
0.3757052
0.4127399
0.4494696
0.4794560
0.5010342
0.5173120
0.5315438
0.5429440
0.5478672
0.5445442
0.5352487
0.5241533
0.5145967
0.5078072
0.5016748
0.4902011
0.4665561
0.4284700
0.3802233
0.3290712
0.2804749
0.2365736
0.1975265
0.1630347
0.1324908
0.1040082
0.0743694
0.0418590
0.0096603
-0.0158127
-0.0319028
-0.0436592
-0.0584808
-0.0773033
-0.0932523
-0.0993127
-0.0958997
-0.0903679
-0.0898138
-0.0949088
-0.1009006
-0.1043004
-0.1069915
-0.1121298
-0.1173134
-0.1155506
-0.1044122
-0.0914618
-0.0877223
-0.0961841
-0.1086070
-0.1139716
-0.1092574
-0.1014547
-0.0990031
-0.1018992
-0.1017758
-0.0924087
-0.0781367
-0.0694404
-0.0710114
-0.0771250
-0.0792551
-0.0756494
-0.0717933
-0.0727956
-0.0772740
-0.0791952
-0.0750846
-0.0683284
-0.0653903
-0.0682702
-0.0726489
-0.0740936
-0.0739302
-0.0770046
-0.0846766
-0.0921559
-0.0930059
-0.0855586
-0.0752540
-0.0710217
-0.0780770
-0.0928790
-0.1056025
-0.1086753
-0.1030025
-0.0957676
-0.0929231
-0.0942874
-0.0952500
-0.0924982
-0.0879011
-0.0864085
-0.0899487
-0.0946823
-0.0957294
-0.0935169
-0.0929006
-0.0959654
-0.0984531
-0.0948189
-0.0852795
-0.0760753
-0.0730479
-0.0761836
-0.0809355
-0.0843046
-0.0881521
-0.0951924
-0.1026224
-0.1029258
-0.0928299
-0.0793913
-0.0741083
-0.0809507
-0.0922863
-0.0972250
-0.0927464
-0.0859090
-0.0855853
-0.0926074
-0.0985813
-0.0949572
-0.0828383
-0.0724786
-0.0727967
-0.0826550
-0.0929786
-0.0960611
-0.0917302
-0.0853998
-0.0817060
-0.0805644
-0.0791611
-0.0769811
-0.0771840
-0.0818679
-0.0875019
-0.0878919
-0.0819531
-0.0759073
-0.0761167
-0.0811397
-0.0829605
-0.0763082
-0.0655222
-0.0609627
-0.0681830
-0.0814416
-0.0893148
-0.0866846
-0.0793293
-0.0759768
-0.0781329
-0.0799864
-0.0769469
-0.0710853
-0.0676185
-0.0684062
-0.0706412
-0.0712610
-0.0709718
-0.0729301
-0.0777838
-0.0815844
-0.0799893
-0.0738285
-0.0684844
-0.0674882
-0.0687659
-0.0683234
-0.0660134
-0.0657286
-0.0701412
-0.0766911
-0.0795727
-0.0758148
-0.0691390
-0.0668178
-0.0718628
-0.0791331
-0.0807496
-0.0751524
-0.0689698
-0.0692982
-0.0754717
-0.0794493
-0.0736634
-0.0575469
-0.0364592
-0.0152681
0.0055577
0.0267798
0.0449022
0.0531276
0.0492656
0.0404519
0.0371303
0.0425486
0.0502558
0.0520820
0.0464915
0.0379008
0.0291047
0.0167558
-0.0042724
-0.0325946
-0.0584798
-0.0719713
-0.0722278
-0.0671135
-0.0639895
-0.0636162
-0.0643545
-0.0701114
-0.0909343
-0.1340432
-0.1928260
-0.2420558
-0.2422742
-0.1517982
0.0567435
0.3790984
0.7674388
1.1333402
1.3731644
1.4101474
1.2310843
0.8934827
0.4973868
0.1393410
-0.1249240
-0.2910621
-0.3889020
-0.4519471
-0.4945419
-0.5102103
-0.4876665
-0.4282035
-0.3498055
-0.2762173
-0.2217652
-0.1853921
-0.1581551
-0.1351830
-0.1192937
-0.1140206
-0.1162967
-0.1180804
-0.1141372
-0.1062863
-0.1000052
-0.0982055
-0.0988158
-0.0977715
-0.0935609
-0.0883633
-0.0848158
-0.0826448
-0.0795032
-0.0746854
-0.0705045
-0.0694426
-0.0707764
-0.0707034
-0.0657400
-0.0560413
-0.0454868
-0.0379179
-0.0328092
-0.0256006
-0.0135528
-0.0004886
0.0065429
0.0061106
0.0063580
0.0182960
0.0447175
0.0764521
0.1005014
0.1123187
0.1196470
0.1337226
0.1575005
0.1841483
0.2068724
0.2274985
0.2534799
0.2879498
0.3254553
0.3579177
0.3830220
0.4055271
0.4308875
0.4588531
0.4839905
0.5019344
0.5136941
0.5230705
0.5310580
0.5346804
0.5313484
0.5225349
0.5120707
0.5015155
0.4880819
0.4671401
0.4367979
0.4003729
0.3641123
0.3316762
0.3007593
0.2657928
0.2241262
0.1790702
0.1368489
0.1011232
0.0706466
0.0418130
0.0130781
-0.0133479
-0.0342038
-0.0489487
-0.0599037
-0.0689330
-0.0757262
-0.0802298
-0.0851633
-0.0939933
-0.1064103
-0.1174298
-0.1219044
-0.1195924
-0.1152480
-0.1135920
-0.1144112
-0.1131514
-0.1067149
-0.0980744
-0.0940242
-0.0981657
-0.1069415
-0.1129985
-0.1119803
-0.1058115
-0.0998449
-0.0971752
-0.0957691
-0.0914588
-0.0838552
-0.0781660
-0.0796496
-0.0865102
-0.0902330
-0.0841834
-0.0711453
-0.0611083
-0.0614309
-0.0699287
-0.0781853
-0.0811233
-0.0817900
-0.0857899
-0.0924550
-0.0944477
-0.0870312
-0.0753119
-0.0696553
-0.0743771
-0.0833066
-0.0872377
-0.0841495
-0.0806103
-0.0835440
-0.0921940
-0.0991854
-0.0989343
-0.0934408
-0.0890440
-0.0887289
-0.0895109
-0.0874447
-0.0833819
-0.0824639
-0.0882328
-0.0979287
-0.1038834
-0.1002043
-0.0890714
-0.0802808
-0.0829749
-0.0966016
-0.1104567
-0.1132726
-0.1037695
-0.0916044
-0.0876911
-0.0935763
-0.1006041
-0.0996474
-0.0909493
-0.0833023
-0.0837859
-0.0901680
-0.0944889
-0.0926597
-0.0883683
-0.0876082
-0.0914065
-0.0951844
-0.0944859
-0.0898802
-0.0857280
-0.0848935
-0.0859288
-0.0859315
-0.0850752
-0.0866732
-0.0925435
-0.0996773
-0.1025365
-0.0983339
-0.0895310
-0.0814341
-0.0777380
-0.0781500
-0.0798739
-0.0811503
-0.0829678
-0.0868788
-0.0914774
-0.0921875
-0.0854536
-0.0732338
-0.0629374
-0.0621858
-0.0725847
-0.0879900
-0.0992624
-0.1014718
-0.0967037
-0.0901383
-0.0845318
-0.0794074
-0.0746105
-0.0724150
-0.0750807
-0.0812807
-0.0863941
-0.0868392
-0.0836971
-0.0814945
-0.0833933
-0.0881594
-0.0921232
-0.0932473
-0.0922338
-0.0903157
-0.0879655
-0.0863247
-0.0878530
-0.0934371
-0.0993378
-0.0992598
-0.0907346
-0.0787915
-0.0720506
-0.0747810
-0.0833547
-0.0909559
-0.0950603
-0.0988648
-0.1051376
-0.1104979
-0.1077189
-0.0934213
-0.0717278
-0.0497451
-0.0307294
-0.0128316
0.0059791
0.0231954
0.0328373
0.0312865
0.0217373
0.0124562
0.0103435
0.0158873
0.0236139
0.0264236
0.0195403
0.0020585
-0.0231492
-0.0503333
-0.0727729
-0.0856407
-0.0885406
-0.0856908
-0.0826843
-0.0819516
-0.0820063
-0.0831192
-0.0938348
-0.1279333
-0.1890825
-0.2551426
-0.2790887
-0.2105615
-0.0231963
0.2719532
0.6321778
0.9960820
1.2917537
1.4445495
1.3983339
1.1487429
0.7619263
0.3514472
0.0198244
-0.1928403
-0.3130462
-0.3921529
-0.4590512
-0.5064139
-0.5132194
-0.4736664
-0.4043216
-0.3292525
-0.2638096
-0.2120305
-0.1734222
-0.1471653
-0.1308291
-0.1199289
-0.1115326
-0.1068600
-0.1079352
-0.1118859
-0.1110796
-0.1007609
-0.0857364
-0.0770172
-0.0804957
-0.0900678
-0.0937252
-0.0863080
-0.0745131
-0.0687478
-0.0716625
-0.0762254
-0.0742847
-0.0649152
-0.0536696
-0.0452564
-0.0390684
-0.0321808
-0.0247591
-0.0202390
-0.0200203
-0.0200495
-0.0143801
-0.0015364
0.0143081
0.0285962
0.0412489
0.0553589
0.0721618
0.0891718
0.1038576
0.1179490
0.1364761
0.1621706
0.1920393
0.2207776
0.2471437
0.2751173
0.3078895
0.3421720
0.3705911
0.3900366
0.4060222
0.4272793
0.4561423
0.4854757
0.5058265
0.5149824
0.5192467
0.5252068
0.5319184
0.5327864
0.5243561
0.5106031
0.4971479
0.4828182
0.4596261
0.4219252
0.3740236
0.3268734
0.2871205
0.2509644
0.2100108
0.1623535
0.1158430
0.0797340
0.0547663
0.0332780
0.0084775
-0.0186570
-0.0423311
-0.0596424
-0.0730379
-0.0854304
-0.0954648
-0.0994906
-0.0973322
-0.0937427
-0.0933513
-0.0959155
-0.0982579
-0.0997290
-0.1028890
-0.1082302
-0.1112173
-0.1074113
-0.0995018
-0.0957337
-0.0999929
-0.1059321
-0.1039099
-0.0933535
-0.0849701
-0.0886848
-0.1011294
-0.1082691
-0.1008862
-0.0847012
-0.0731938
-0.0722932
-0.0755129
-0.0742361
-0.0689773
-0.0675023
-0.0733992
-0.0805682
-0.0806048
-0.0732360
-0.0664753
-0.0666530
-0.0711978
-0.0730103
-0.0702111
-0.0684918
-0.0733304
-0.0824741
-0.0883573
-0.0871261
-0.0828827
-0.0823335
-0.0868637
-0.0914045
-0.0907105
-0.0853178
-0.0807448
-0.0815523
-0.0870222
-0.0924984
-0.0940549
-0.0914101
-0.0869829
-0.0832468
-0.0813751
-0.0817395
-0.0846192
-0.0897068
-0.0949715
-0.0969087
-0.0932176
-0.0857770
-0.0800472
-0.0801542
-0.0845035
-0.0875018
-0.0861924
-0.0839550
-0.0861648
-0.0927059
-0.0970044
-0.0936727
-0.0855908
-0.0809295
-0.0829775
-0.0856160
-0.0811700
-0.0714728
-0.0675413
-0.0767189
-0.0924871
-0.1001581
-0.0927198
-0.0784997
-0.0718183
-0.0777025
-0.0879085
-0.0914387
-0.0862992
-0.0795804
-0.0778331
-0.0802523
-0.0817882
-0.0805139
-0.0795324
-0.0819006
-0.0858537
-0.0864257
-0.0813058
-0.0740459
-0.0711127
-0.0757833
-0.0846724
-0.0900740
-0.0862470
-0.0743499
-0.0616540
-0.0556261
-0.0582951
-0.0660252
-0.0741273
-0.0806689
-0.0854198
-0.0865248
-0.0808312
-0.0688033
-0.0575188
-0.0558404
-0.0654273
-0.0780239
-0.0833809
-0.0794277
-0.0730031
-0.0706949
-0.0714259
-0.0698138
-0.0651614
-0.0635353
-0.0696330
-0.0791434
-0.0824734
-0.0761390
-0.0675198
-0.0663864
-0.0733316
-0.0794709
-0.0777090
-0.0713646
-0.0695164
-0.0753095
-0.0820457
-0.0816859
-0.0748668
-0.0700778
-0.0732010
-0.0798613
-0.0789820
-0.0630078
-0.0341937
-0.0022976
0.0223059
0.0341999
0.0348855
0.0312459
0.0308296
0.0360625
0.0423752
0.0433515
0.0383944
0.0338872
0.0352468
0.0387061
0.0335462
0.0136050
-0.0150338
-0.0397042
-0.0539386
-0.0624110
-0.0726119
