0.8214371
0.5777968
0.0363568
-0.2713264
-0.2763506
-0.2918614
-0.4286553
-0.5116316
-0.4737864
-0.4445480
-0.4647322
-0.4275342
-0.3122393
-0.2257551
-0.2027375
-0.1718214
-0.1195823
-0.1064038
-0.1263222
-0.1121355
-0.0686753
-0.0599397
-0.0828232
-0.0808526
-0.0579060
-0.0613273
-0.0810722
-0.0726143
-0.0485407
-0.0505720
-0.0649555
-0.0532606
-0.0301821
-0.0315233
-0.0440067
-0.0376862
-0.0263305
-0.0322026
-0.0351875
-0.0142151
0.0065887
0.0041422
0.0015567
0.0220835
0.0463562
0.0552879
0.0663108
0.0916716
0.1100686
0.1108266
0.1178555
0.1437259
0.1676449
0.1796303
0.1986939
0.2309380
0.2572311
0.2746010
0.3024727
0.3393037
0.3602354
0.3639488
0.3762258
0.4033764
0.4252476
0.4346270
0.4427203
0.4491800
0.4459577
0.4437803
0.4566800
0.4697801
0.4586313
0.4285001
0.4006411
0.3750290
0.3396982
0.2995975
0.2641671
0.2246533
0.1737245
0.1280692
0.1034483
0.0871791
0.0603868
0.0267337
-0.0026046
-0.0296527
-0.0557616
-0.0709798
-0.0747716
-0.0832461
-0.1014027
-0.1133756
-0.1118497
-0.1103176
-0.1161801
-0.1195707
-0.1177411
-0.1224326
-0.1350312
-0.1415204
-0.1384669
-0.1382095
-0.1442690
-0.1464334
-0.1418204
-0.1371798
-0.1319050
-0.1221224
-0.1169561
-0.1263560
-0.1386094
-0.1343658
-0.1167978
-0.1048989
-0.1043120
-0.1062192
-0.1059895
-0.1026160
-0.0903217
-0.0700287
-0.0575008
-0.0623779
-0.0720623
-0.0722821
-0.0684220
-0.0708379
-0.0753877
-0.0744445
-0.0717805
-0.0722352
-0.0713759
-0.0669296
-0.0653718
-0.0684990
-0.0696948
-0.0696281
-0.0773580
-0.0908509
-0.0962361
-0.0912621
-0.0894319
-0.0965030
-0.1027594
-0.1023900
-0.1013347
-0.1028137
-0.1028538
-0.1017213
-0.1034777
-0.1051220
-0.1019030
-0.0999758
-0.1077168
-0.1193579
-0.1232447
-0.1202540
-0.1185111
-0.1176011
-0.1138536
-0.1126830
-0.1195063
-0.1266226
-0.1242809
-0.1167552
-0.1142093
-0.1173634
-0.1216060
-0.1262457
-0.1296182
-0.1263935
-0.1188841
-0.1186662
-0.1286872
-0.1368803
-0.1349031
-0.1293190
-0.1275424
-0.1273064
-0.1265073
-0.1288323
-0.1330958
-0.1301269
-0.1152555
-0.0924050
-0.0646144
-0.0335950
-0.0081664
0.0019397
0.0009533
0.0018618
0.0075384
0.0107409
0.0100907
0.0112200
0.0142336
0.0138385
0.0093280
0.0021590
-0.0119900
-0.0363879
-0.0633174
-0.0825139
-0.0943610
-0.1048751
-0.1144509
-0.1208780
-0.1255648
-0.1282851
-0.1251654
-0.1201122
-0.1274838
-0.1543179
-0.1891731
-0.2137637
-0.2107113
-0.1505257
0.0116094
0.3027266
0.6885773
1.0638898
1.2902409
1.2661677
0.9939254
0.5892921
0.2085975
-0.0519829
-0.1941493
-0.2730051
-0.3356419
-0.3979413
-0.4527871
-0.4845068
-0.4822985
-0.4474967
-0.3883213
-0.3131038
-0.2345892
-0.1720966
-0.1371942
-0.1219237
-0.1113130
-0.1015800
-0.0960627
-0.0913252
-0.0806277
-0.0663136
-0.0569442
-0.0552745
-0.0574401
-0.0595994
-0.0587558
-0.0529542
-0.0463113
-0.0466328
-0.0530857
-0.0545967
-0.0450280
-0.0307267
-0.0189016
-0.0087478
0.0015212
0.0094404
0.0150352
0.0231913
0.0350345
0.0456605
0.0532783
0.0620141
0.0740289
0.0874225
0.1022107
0.1193925
0.1349065
0.1443189
0.1526318
0.1696608
0.1964979
0.2252970
0.2505237
0.2720907
0.2906144
0.3082973
0.3308227
0.3596669
0.3864087
0.4028439
0.4123504
0.4234706
0.4371415
0.4478176
0.4523497
0.4511033
0.4454407
0.4394175
0.4375782
0.4361279
0.4235936
0.3952334
0.3593609
0.3249732
0.2911643
0.2533247
0.2119386
0.1707636
0.1330645
0.1023417
0.0796120
0.0584289
0.0305007
-0.0025895
-0.0310732
-0.0504742
-0.0650367
-0.0782003
-0.0887726
-0.0965742
-0.1032876
-0.1077726
-0.1081469
-0.1074637
-0.1100869
-0.1143549
-0.1158362
-0.1151590
-0.1158419
-0.1178237
-0.1197469
-0.1233715
-0.1289551
-0.1309369
-0.1251826
-0.1161657
-0.1107030
-0.1090409
-0.1074845
-0.1047380
-0.1007586
-0.0948086
-0.0889141
-0.0872999
-0.0887141
-0.0859343
-0.0764581
-0.0668665
-0.0631757
-0.0634708
-0.0629512
-0.0598794
-0.0546165
-0.0492523
-0.0490268
-0.0568857
-0.0660889
-0.0659051
-0.0554289
-0.0447289
-0.0422705
-0.0480017
-0.0578563
-0.0674874
-0.0721556
-0.0701592
-0.0661881
-0.0658324
-0.0684967
-0.0705963
-0.0721585
-0.0745537
-0.0758085
-0.0743958
-0.0736646
-0.0765382
-0.0800748
-0.0810461
-0.0823000
-0.0876446
-0.0946131
-0.0978338
-0.0960601
-0.0918604
-0.0882657
-0.0884103
-0.0934950
-0.0989692
-0.0986093
-0.0942209
-0.0945618
-0.1025940
-0.1108713
-0.1119768
-0.1068718
-0.1007677
-0.0971301
-0.0975966
-0.1017957
-0.1057965
-0.1059959
-0.1047904
-0.1072053
-0.1127834
-0.1164583
-0.1161291
-0.1136698
-0.1103821
-0.1073528
-0.1078974
-0.1133488
-0.1186828
-0.1183732
-0.1143186
-0.1124600
-0.1141707
-0.1161383
-0.1159180
-0.1130365
-0.1078522
-0.1031240
-0.1023570
-0.1025805
-0.0936715
-0.0696365
-0.0368265
-0.0073855
0.0117293
0.0211205
0.0255389
0.0305976
0.0380604
0.0427291
0.0390353
0.0310686
0.0291021
0.0347240
0.0366142
0.0238757
-0.0018567
-0.0294646
-0.0487849
-0.0573227
-0.0613286
-0.0704161
-0.0868899
-0.1014437
-0.1040257
-0.0974082
-0.0954402
-0.1101301
-0.1446454
-0.1940956
-0.2441338
-0.2678354
-0.2286951
-0.0895186
0.1742594
0.5515589
0.9707198
1.3043451
1.4236873
1.2731778
0.9080166
0.4647295
0.0845934
-0.1591333
-0.2820441
-0.3470171
-0.4016557
-0.4511549
-0.4783531
-0.4727022
-0.4362609
-0.3755155
-0.2992484
-0.2211843
-0.1567238
-0.1153495
-0.0965064
-0.0909942
-0.0871418
-0.0794032
-0.0710586
-0.0664234
-0.0634913
-0.0585181
-0.0537782
-0.0536661
-0.0554915
-0.0519506
-0.0422004
-0.0335519
-0.0316556
-0.0342966
-0.0354052
-0.0315366
-0.0247373
-0.0213510
-0.0259117
-0.0339674
-0.0344342
-0.0220582
-0.0038566
0.0098421
0.0166979
0.0216562
0.0295439
0.0421280
0.0585698
0.0751429
0.0877540
0.0975106
0.1106080
0.1308505
0.1557723
0.1812085
0.2054806
0.2281885
0.2495701
0.2720669
0.2979006
0.3243346
0.3460206
0.3626940
0.3799236
0.4015621
0.4254932
0.4469474
0.4622661
0.4699996
0.4720978
0.4730205
0.4740810
0.4704113
0.4572863
0.4371111
0.4158434
0.3947233
0.3699082
0.3382751
0.2996654
0.2557582
0.2107026
0.1706146
0.1385197
0.1112244
0.0835571
0.0536027
0.0225582
-0.0067345
-0.0293610
-0.0410910
-0.0444909
-0.0485722
-0.0596162
-0.0751605
-0.0884545
-0.0955005
-0.0968755
-0.0966047
-0.1001064
-0.1091872
-0.1183508
-0.1200756
-0.1141600
-0.1078423
-0.1066682
-0.1094638
-0.1121975
-0.1123605
-0.1093537
-0.1045383
-0.1011251
-0.1009245
-0.1017420
-0.1005280
-0.0973626
-0.0935146
-0.0882012
-0.0810218
-0.0751899
-0.0742336
-0.0770879
-0.0796450
-0.0793309
-0.0757858
-0.0698949
-0.0647936
-0.0645638
-0.0688171
-0.0714613
-0.0678059
-0.0603694
-0.0552996
-0.0556276
-0.0599488
-0.0650312
-0.0680276
-0.0684697
-0.0688830
-0.0711030
-0.0726552
-0.0704688
-0.0671965
-0.0686850
-0.0751564
-0.0803438
-0.0803756
-0.0785852
-0.0799120
-0.0845281
-0.0888081
-0.0900051
-0.0888030
-0.0884952
-0.0911588
-0.0938595
-0.0912520
-0.0837767
-0.0795074
-0.0843216
-0.0936351
-0.0983186
-0.0961763
-0.0928812
-0.0933503
-0.0967198
-0.0991297
-0.0981143
-0.0945916
-0.0923219
-0.0943814
-0.0993940
-0.1032950
-0.1050655
-0.1074267
-0.1113788
-0.1142540
-0.1145078
-0.1142797
-0.1153467
-0.1161462
-0.1146349
-0.1110738
-0.1067499
-0.1028847
-0.1015682
-0.1046317
-0.1107837
-0.1164955
-0.1199207
-0.1214898
-0.1213215
-0.1191389
-0.1161608
-0.1140913
-0.1129230
-0.1122537
-0.1131707
-0.1158236
-0.1170830
-0.1143741
-0.1105121
-0.1110902
-0.1177449
-0.1265943
-0.1321813
-0.1308875
-0.1225093
-0.1112285
-0.1036324
-0.1034963
-0.1092798
-0.1170923
-0.1236774
-0.1263479
-0.1241212
-0.1204616
-0.1209026
-0.1257225
-0.1284317
-0.1239793
-0.1157049
-0.1118241
-0.1168130
-0.1275091
-0.1359993
-0.1360229
-0.1286765
-0.1218795
-0.1221523
-0.1275465
-0.1309584
-0.1288795
-0.1234234
-0.1169457
-0.1087930
-0.0971970
-0.0810184
-0.0599187
-0.0358587
-0.0140447
0.0003911
0.0064485
0.0064344
0.0027579
-0.0022290
-0.0052187
-0.0039884
0.0000545
0.0029322
0.0005480
-0.0104533
-0.0311924
-0.0578799
-0.0830837
-0.1017879
-0.1144763
-0.1232693
-0.1278182
-0.1266546
-0.1204212
-0.1128943
-0.1112970
-0.1256010
-0.1626276
-0.2168454
-0.2667561
-0.2797866
-0.2197559
-0.0549164
0.2280077
0.6044207
1.0007106
1.3068807
1.4166082
1.2803788
0.9404001
0.5158370
0.1386069
-0.1164625
-0.2554108
-0.3323491
-0.3959458
-0.4579492
-0.4987615
-0.4953222
-0.4446963
-0.3657288
-0.2832826
-0.2143523
-0.1665303
-0.1410990
-0.1322933
-0.1278487
-0.1173667
-0.1013923
-0.0896454
-0.0896997
-0.0982681
-0.1033561
-0.0950835
-0.0756480
-0.0581474
-0.0535396
-0.0594595
-0.0645715
-0.0626777
-0.0579792
-0.0563655
-0.0569425
-0.0547433
-0.0481428
-0.0401790
-0.0337497
-0.0277643
-0.0183701
-0.0038429
0.0121213
0.0238218
0.0310164
0.0400905
0.0553979
0.0723292
0.0830460
0.0877029
0.0956975
0.1154906
0.1459062
0.1776649
0.2016546
0.2160569
0.2271157
0.2429735
0.2662931
0.2936287
0.3213066
0.3488584
0.3760374
0.4002243
0.4192912
0.4347131
0.4494295
0.4639719
0.4762598
0.4840244
0.4865956
0.4856485
0.4843206
0.4835358
0.4790240
0.4644638
0.4382515
0.4051807
0.3711173
0.3379365
0.3036393
0.2652250
0.2213866
0.1745262
0.1302681
0.0932126
0.0631917
0.0369035
0.0122602
-0.0104264
-0.0300910
-0.0455021
-0.0554287
-0.0606621
-0.0650976
-0.0725967
-0.0831402
-0.0934048
-0.1002299
-0.1025526
-0.1016787
-0.1011869
-0.1048586
-0.1127951
-0.1206411
-0.1239841
-0.1225129
-0.1191424
-0.1166106
-0.1157324
-0.1154034
-0.1136104
-0.1098732
-0.1068147
-0.1073508
-0.1102231
-0.1106615
-0.1059157
-0.0979829
-0.0905590
-0.0855659
-0.0830850
-0.0823195
-0.0816285
-0.0791938
-0.0745469
-0.0689205
-0.0644335
-0.0634368
-0.0670711
-0.0728251
-0.0750699
-0.0704629
-0.0621706
-0.0568017
-0.0577755
-0.0632304
-0.0693909
-0.0741579
-0.0781110
-0.0834208
-0.0909982
-0.0978484
-0.0988565
-0.0926935
-0.0846016
-0.0816806
-0.0861296
-0.0939993
-0.0995687
-0.1003372
-0.0989998
-0.1010891
-0.1093864
-0.1202939
-0.1270127
-0.1262969
-0.1206461
-0.1144763
-0.1105722
-0.1101311
-0.1133019
-0.1186391
-0.1239210
-0.1280800
-0.1304906
-0.1279638
-0.1147871
-0.0876398
-0.0504476
-0.0139125
0.0106046
0.0187789
0.0163361
0.0134613
0.0152881
0.0190542
0.0207554
0.0212488
0.0232218
0.0246982
0.0196768
0.0051578
-0.0153056
-0.0355964
-0.0527247
-0.0677848
-0.0822853
-0.0948068
-0.1023267
-0.1049746
-0.1075601
-0.1143391
-0.1236854
-0.1313632
-0.1387781
-0.1533264
-0.1772535
-0.1964808
-0.1805046
-0.0924095
0.0967257
0.3905764
0.7504359
1.0906931
1.3018014
1.2998257
1.0763940
0.7111178
0.3290313
0.0296177
-0.1586518
-0.2669036
-0.3389641
-0.3965603
-0.4392422
-0.4618285
-0.4632446
-0.4423906
-0.3950967
-0.3212831
-0.2344932
-0.1594035
-0.1153660
-0.1017477
-0.1013062
-0.0978709
-0.0885728
-0.0795859
-0.0749390
-0.0727364
-0.0697165
-0.0653103
-0.0608148
-0.0567860
-0.0522585
-0.0461303
-0.0389635
-0.0329496
-0.0295782
-0.0279874
-0.0265962
-0.0253503
-0.0243211
-0.0205935
-0.0094228
0.0102202
0.0326634
0.0494054
0.0561200
0.0563262
0.0587766
0.0703294
0.0898501
0.1091979
0.1211745
0.1263511
0.1317880
0.1442845
0.1657505
0.1933567
0.2218976
0.2466446
0.2662892
0.2838420
0.3037997
0.3281340
0.3551758
0.3818215
0.4063422
0.4294884
0.4529862
0.4763085
0.4952963
0.5055763
0.5075950
0.5065360
0.5064293
0.5055517
0.4982357
0.4799940
0.4503891
0.4124667
0.3706771
0.3286981
0.2881537
0.2490129
0.2107815
0.1729687
0.1352630
0.0983832
0.0642770
0.0343755
0.0081798
-0.0152429
-0.0350854
-0.0498628
-0.0605190
-0.0707700
-0.0836873
-0.0985501
-0.1113170
-0.1181536
-0.1191338
-0.1188840
-0.1227028
-0.1312363
-0.1395915
-0.1423918
-0.1391599
-0.1343196
-0.1327360
-0.1356987
-0.1402325
-0.1416590
-0.1377745
-0.1312450
-0.1270705
-0.1270009
-0.1272593
-0.1225988
-0.1121422
-0.1005414
-0.0934341
-0.0918925
-0.0913754
-0.0866928
-0.0782894
-0.0724011
-0.0736704
-0.0785765
-0.0783819
-0.0687990
-0.0549859
-0.0463079
-0.0473089
-0.0544502
-0.0607496
-0.0626037
-0.0620625
-0.0630040
-0.0659851
-0.0677997
-0.0659306
-0.0619618
-0.0598075
-0.0615856
-0.0661373
-0.0707750
-0.0734953
-0.0741228
-0.0743119
-0.0760721
-0.0794934
-0.0822127
-0.0817817
-0.0783995
-0.0749525
-0.0745337
-0.0778991
-0.0828062
-0.0858314
-0.0855592
-0.0841125
-0.0848277
-0.0882913
-0.0914451
-0.0908864
-0.0865182
-0.0817745
-0.0805495
-0.0836286
-0.0876416
-0.0880755
-0.0842641
-0.0809528
-0.0835548
-0.0917259
-0.0988928
-0.0988301
-0.0921309
-0.0855900
-0.0853047
-0.0907165
-0.0956992
-0.0955277
-0.0921052
-0.0913959
-0.0960272
-0.1020291
-0.1035271
-0.0993177
-0.0936306
-0.0912262
-0.0931009
-0.0967535
-0.0994021
-0.1005320
-0.1018155
-0.1048549
-0.1089367
-0.1110679
-0.1084944
-0.1015201
-0.0941095
-0.0913549
-0.0951981
-0.1020410
-0.1056571
-0.1037912
-0.1012082
-0.1043514
-0.1129012
-0.1187219
-0.1145783
-0.1028697
-0.0939588
-0.0955635
-0.1049088
-0.1122272
-0.1115461
-0.1065958
-0.1053252
-0.1098521
-0.1140588
-0.1115234
-0.1036579
-0.0980557
-0.0995641
-0.1051623
-0.1082469
-0.1065288
-0.1042624
-0.1066806
-0.1133085
-0.1179194
-0.1154393
-0.1080873
-0.1035342
-0.1068728
-0.1153907
-0.1218676
-0.1223948
-0.1200031
-0.1204567
-0.1251053
-0.1287162
-0.1249725
-0.1139486
-0.1029623
-0.0988843
-0.0998931
-0.0962356
-0.0798858
-0.0528958
-0.0255502
-0.0065833
0.0039767
0.0121596
0.0213802
0.0280781
0.0268380
0.0187017
0.0119684
0.0134903
0.0203782
0.0222187
0.0115910
-0.0090410
-0.0312461
-0.0496504
-0.0652568
-0.0804290
-0.0934608
-0.1003309
-0.1009407
-0.1007311
-0.1049791
-0.1137333
-0.1249334
-0.1413052
-0.1696732
-0.2101458
-0.2459635
-0.2446394
-0.1685005
0.0135872
0.3137624
0.7066179
1.1116105
1.4016774
1.4558816
1.2336669
0.8131950
0.3523421
-0.0056116
-0.2088271
-0.2992096
-0.3507834
-0.4059536
-0.4591661
-0.4841346
-0.4657607
-0.4092351
-0.3308106
-0.2482673
-0.1776575
-0.1303938
-0.1080018
-0.1010915
-0.0971691
-0.0905542
-0.0837923
-0.0801392
-0.0775232
