-0.1122708
-0.1326174
-0.0935789
-0.0789520
-0.1013420
-0.1092494
-0.0867441
-0.0688427
-0.0711737
-0.0716823
-0.0602431
-0.0519851
-0.0502783
-0.0412235
-0.0257647
-0.0193181
-0.0198520
-0.0097349
0.0119363
0.0285606
0.0354784
0.0438648
0.0581714
0.0731516
0.0895324
0.1116182
0.1340207
0.1496718
0.1653992
0.1923984
0.2276391
0.2602736
0.2892344
0.3199924
0.3515024
0.3798579
0.4074255
0.4365333
0.4619702
0.4802411
0.4979312
0.5212919
0.5457128
0.5636674
0.5746720
0.5806581
0.5806555
0.5760737
0.5716420
0.5655193
0.5481638
0.5163828
0.4793303
0.4458167
0.4141458
0.3782361
0.3357411
0.2874282
0.2361897
0.1881419
0.1472599
0.1088875
0.0664593
0.0237004
-0.0086507
-0.0275125
-0.0402110
-0.0534044
-0.0676038
-0.0817957
-0.0953505
-0.1057069
-0.1110151
-0.1144845
-0.1208317
-0.1302044
-0.1398525
-0.1482386
-0.1531636
-0.1508873
-0.1426600
-0.1372357
-0.1408613
-0.1488543
-0.1524975
-0.1502848
-0.1473256
-0.1473354
-0.1497252
-0.1515715
-0.1494680
-0.1427534
-0.1364818
-0.1367394
-0.1419598
-0.1443621
-0.1411039
-0.1377512
-0.1389202
-0.1417091
-0.1409230
-0.1357246
-0.1289878
-0.1242401
-0.1243419
-0.1291928
-0.1343508
-0.1356680
-0.1347904
-0.1362406
-0.1403952
-0.1436914
-0.1442729
-0.1429833
-0.1404887
-0.1379266
-0.1384536
-0.1433741
-0.1483877
-0.1482679
-0.1439975
-0.1414260
-0.1441584
-0.1507117
-0.1568140
-0.1580926
-0.1531362
-0.1463393
-0.1448015
-0.1501244
-0.1564229
-0.1584245
-0.1577750
-0.1589548
-0.1626461
-0.1658842
-0.1659942
-0.1624467
-0.1573449
-0.1549494
-0.1576201
-0.1617274
-0.1611959
-0.1556668
-0.1514251
-0.1535076
-0.1601744
-0.1655171
-0.1645318
-0.1561280
-0.1447237
-0.1383925
-0.1415837
-0.1496967
-0.1540710
-0.1519494
-0.1484827
-0.1495069
-0.1552668
-0.1607864
-0.1603124
-0.1525339
-0.1431430
-0.1402101
-0.1451222
-0.1506817
-0.1503614
-0.1463639
-0.1455340
-0.1499886
-0.1552204
-0.1558195
-0.1503856
-0.1421540
-0.1367265
-0.1377629
-0.1434775
-0.1486499
-0.1504218
-0.1501415
-0.1497810
-0.1496473
-0.1497899
-0.1502840
-0.1496774
-0.1465569
-0.1431508
-0.1437761
-0.1486915
-0.1527215
-0.1514388
-0.1465122
-0.1437512
-0.1468941
-0.1531981
-0.1544168
-0.1438696
-0.1243503
-0.1068676
-0.0988323
-0.0955180
-0.0866065
-0.0696513
-0.0531534
-0.0464987
-0.0498450
-0.0543696
-0.0510601
-0.0395519
-0.0289750
-0.0289153
-0.0392072
-0.0507991
-0.0571554
-0.0616345
-0.0720618
-0.0909663
-0.1132981
-0.1314019
-0.1400211
-0.1383319
-0.1298377
-0.1206664
-0.1178448
-0.1290574
-0.1607871
-0.2113076
-0.2636758
-0.2878988
-0.2514469
-0.1285473
0.0943734
0.4102799
0.7793961
1.1258574
1.3558713
1.3952026
1.2272196
0.9061800
0.5316081
0.1973161
-0.0491608
-0.2104951
-0.3143346
-0.3865432
-0.4397438
-0.4743982
-0.4844106
-0.4637401
-0.4122876
-0.3389524
-0.2607324
-0.1971184
-0.1604462
-0.1484128
-0.1470357
-0.1427479
-0.1316493
-0.1180594
-0.1074192
-0.1018633
-0.0998702
-0.0978840
-0.0933677
-0.0874260
-0.0833473
-0.0821450
-0.0811132
-0.0772311
-0.0704334
-0.0631600
-0.0580435
-0.0559880
-0.0551128
-0.0520617
-0.0460320
-0.0406950
-0.0398205
-0.0414585
-0.0389989
-0.0282689
-0.0118273
0.0037934
0.0137099
0.0179945
0.0209689
0.0270808
0.0365866
0.0459328
0.0529161
0.0599283
0.0710707
0.0877677
0.1085791
0.1315561
0.1549743
0.1771532
0.1975831
0.2177015
0.2393590
0.2629996
0.2877839
0.3125401
0.3364770
0.3604007
0.3872230
0.4191569
0.4538160
0.4850669
0.5087608
0.5264282
0.5429072
0.5615221
0.5814986
0.5984667
0.6074364
0.6069974
0.6009365
0.5944427
0.5885519
0.5791525
0.5609489
0.5315035
0.4925665
0.4491050
0.4061066
0.3644370
0.3203845
0.2709562
0.2190952
0.1720195
0.1345872
0.1053415
0.0786322
0.0499073
0.0198377
-0.0059090
-0.0219871
-0.0293996
-0.0353656
-0.0464621
-0.0626434
-0.0781215
-0.0867320
-0.0863971
-0.0805775
-0.0764091
-0.0795842
-0.0894195
-0.0995287
-0.1040216
-0.1026282
-0.1000486
-0.1014697
-0.1083555
-0.1168774
-0.1203994
-0.1152717
-0.1047759
-0.0963857
-0.0950095
-0.0995416
-0.1052316
-0.1080017
-0.1070385
-0.1049020
-0.1050646
-0.1081048
-0.1104905
-0.1081485
-0.1010068
-0.0933319
-0.0900838
-0.0932238
-0.1002299
-0.1053948
-0.1041766
-0.0978650
-0.0930686
-0.0952115
-0.1030200
-0.1101403
-0.1113078
-0.1063186
-0.0992910
-0.0952869
-0.0968746
-0.1026954
-0.1091752
-0.1136207
-0.1154870
-0.1155686
-0.1153553
-0.1166281
-0.1198261
-0.1228115
-0.1229365
-0.1204276
-0.1181474
-0.1179659
-0.1190473
-0.1199063
-0.1204366
-0.1213340
-0.1228165
-0.1246041
-0.1264394
-0.1281857
-0.1296586
-0.1303446
-0.1294387
-0.1270247
-0.1252600
-0.1267815
-0.1311154
-0.1342608
-0.1332179
-0.1297815
-0.1284080
-0.1311402
-0.1358580
-0.1387482
-0.1373457
-0.1319422
-0.1253689
-0.1211545
-0.1209481
-0.1236185
-0.1268543
-0.1291285
-0.1302591
-0.1310254
-0.1323098
-0.1337384
-0.1333326
-0.1296042
-0.1238320
-0.1190657
-0.1170755
-0.1174974
-0.1194657
-0.1222481
-0.1243811
-0.1243204
-0.1227027
-0.1224138
-0.1252857
-0.1293606
-0.1303177
-0.1258498
-0.1186679
-0.1147679
-0.1176731
-0.1242105
-0.1273708
-0.1240937
-0.1188752
-0.1185466
-0.1246303
-0.1321571
-0.1351130
-0.1316532
-0.1246034
-0.1183513
-0.1152815
-0.1142981
-0.1123650
-0.1072124
-0.0982409
-0.0856616
-0.0704983
-0.0555329
-0.0442624
-0.0377205
-0.0332555
-0.0273611
-0.0192718
-0.0114991
-0.0075070
-0.0090008
-0.0146424
-0.0211167
-0.0261039
-0.0305239
-0.0376760
-0.0503120
-0.0683910
-0.0885019
-0.1049421
-0.1129924
-0.1127745
-0.1090920
-0.1063763
-0.1055295
-0.1081349
-0.1220118
-0.1571668
-0.2124747
-0.2666904
-0.2841278
-0.2293554
-0.0774917
0.1826215
0.5406968
0.9461653
1.2968058
1.4665118
1.3748703
1.0497287
0.6211088
0.2399337
-0.0131171
-0.1537601
-0.2448875
-0.3296399
-0.4072217
-0.4571701
-0.4709942
-0.4565928
-0.4218038
-0.3662616
-0.2924036
-0.2167699
-0.1622684
-0.1389554
-0.1366026
-0.1368069
-0.1292013
-0.1153421
-0.1012839
-0.0905381
-0.0835003
-0.0798927
-0.0792780
-0.0797250
-0.0781413
-0.0733802
-0.0682772
-0.0666894
-0.0681542
-0.0672514
-0.0594530
-0.0465820
-0.0353058
-0.0307646
-0.0323311
-0.0347327
-0.0324169
-0.0236838
-0.0119120
-0.0027132
0.0009383
0.0011580
0.0030763
0.0107145
0.0243558
0.0406290
0.0548811
0.0646501
0.0716371
0.0799559
0.0922806
0.1080615
0.1251600
0.1422324
0.1594983
0.1781914
0.1996317
0.2242484
0.2512067
0.2790882
0.3066723
0.3330582
0.3581266
0.3836395
0.4126366
0.4460163
0.4800525
0.5090410
0.5309672
0.5496773
0.5708402
0.5958537
0.6197474
0.6351751
0.6389991
0.6351321
0.6303338
0.6269946
0.6206894
0.6050220
0.5781307
0.5442231
0.5095678
0.4772172
0.4446525
0.4061318
0.3582897
0.3041584
0.2512206
0.2051305
0.1657510
0.1292816
0.0932634
0.0590267
0.0299749
0.0081806
-0.0074560
-0.0200430
-0.0319576
-0.0435625
-0.0543850
-0.0643808
-0.0733776
-0.0804106
-0.0849406
-0.0881479
-0.0915957
-0.0947993
-0.0955271
-0.0928593
-0.0890330
-0.0877301
-0.0907370
-0.0962953
-0.1005741
-0.1010292
-0.0986542
-0.0968788
-0.0982882
-0.1026184
-0.1074421
-0.1098152
-0.1075462
-0.1006121
-0.0922170
-0.0872920
-0.0885478
-0.0939297
-0.0983720
-0.0980542
-0.0932378
-0.0877693
-0.0859486
-0.0889640
-0.0937679
-0.0957564
-0.0929079
-0.0873429
-0.0831862
-0.0832830
-0.0874598
-0.0930404
-0.0970971
-0.0989453
-0.1005332
-0.1039760
-0.1088847
-0.1125766
-0.1126704
-0.1090959
-0.1040434
-0.1005289
-0.1004857
-0.1033741
-0.1067389
-0.1086712
-0.1096355
-0.1116273
-0.1158896
-0.1216791
-0.1266747
-0.1282507
-0.1251858
-0.1190769
-0.1138736
-0.1131478
-0.1172497
-0.1228922
-0.1256037
-0.1233978
-0.1189281
-0.1176670
-0.1227242
-0.1311889
-0.1364545
-0.1344704
-0.1271860
-0.1200390
-0.1171637
-0.1192044
-0.1243558
-0.1302300
-0.1349314
-0.1374124
-0.1376501
-0.1367436
-0.1363981
-0.1374666
-0.1388307
-0.1385601
-0.1366093
-0.1354154
-0.1369240
-0.1397141
-0.1403247
-0.1374466
-0.1339119
-0.1341393
-0.1396580
-0.1469911
-0.1500667
-0.1455635
-0.1364316
-0.1296079
-0.1296269
-0.1347078
-0.1393915
-0.1404005
-0.1392330
-0.1393814
-0.1420355
-0.1451185
-0.1463046
-0.1460043
-0.1462688
-0.1469148
-0.1446553
-0.1376171
-0.1295643
-0.1270727
-0.1319708
-0.1384896
-0.1391445
-0.1323217
-0.1225832
-0.1139688
-0.1048997
-0.0908965
-0.0717247
-0.0540424
-0.0455772
-0.0469733
-0.0507779
-0.0489936
-0.0407967
-0.0324689
-0.0308343
-0.0375111
-0.0485260
-0.0582542
-0.0641842
-0.0690532
-0.0782566
-0.0941645
-0.1128280
-0.1269861
-0.1325372
-0.1317094
-0.1301572
-0.1322055
-0.1399515
-0.1562927
-0.1859755
-0.2300068
-0.2766392
-0.2974266
-0.2529024
-0.1051338
0.1661899
0.5444324
0.9597607
1.2950967
1.4300718
1.3076602
0.9759010
0.5645997
0.2077149
-0.0299541
-0.1670710
-0.2599204
-0.3457206
-0.4234824
-0.4753399
-0.4932332
-0.4826387
-0.4496188
-0.3947796
-0.3217291
-0.2453314
-0.1858066
-0.1539180
-0.1437445
-0.1403917
-0.1335718
-0.1233621
-0.1148822
-0.1105358
-0.1085363
-0.1067395
-0.1048602
-0.1026747
-0.0985263
-0.0913123
-0.0829786
-0.0773138
-0.0760308
-0.0768627
-0.0759284
-0.0717579
-0.0667055
-0.0641837
-0.0644627
-0.0636255
-0.0572440
-0.0451031
-0.0318954
-0.0231312
-0.0203685
-0.0200471
-0.0166066
-0.0071664
0.0061032
0.0181683
0.0261257
0.0321352
0.0412654
0.0566381
0.0768279
0.0975067
0.1151283
0.1294581
0.1433705
0.1603176
0.1815232
0.2054143
0.2297969
0.2543685
0.2808636
0.3108605
0.3436748
0.3764911
0.4067369
0.4344530
0.4619081
0.4902944
0.5171635
0.5382441
0.5521491
0.5624404
0.5743286
0.5895404
0.6047032
0.6143975
0.6154212
0.6083665
0.5956486
0.5783925
0.5553373
0.5245468
0.4857563
0.4410413
0.3938179
0.3474053
0.3035781
0.2614773
0.2183513
0.1726639
0.1268115
0.0858590
0.0528472
0.0256153
-0.0009953
-0.0293479
-0.0555760
-0.0726705
-0.0777665
-0.0762831
-0.0779512
-0.0882094
-0.1037842
-0.1168282
-0.1227731
-0.1237860
-0.1252946
-0.1301291
-0.1361794
-0.1392106
-0.1374986
-0.1335277
-0.1312245
-0.1319563
-0.1336678
-0.1337166
-0.1319105
-0.1306172
-0.1322813
-0.1368967
-0.1415298
-0.1423279
-0.1376158
-0.1295053
-0.1223891
-0.1195181
-0.1206510
-0.1226201
-0.1221724
-0.1188492
-0.1154873
-0.1154209
-0.1185859
-0.1207359
-0.1174074
-0.1088672
-0.1005148
-0.0978731
-0.1012427
-0.1056415
-0.1062447
-0.1036997
-0.1033816
-0.1088784
-0.1168200
-0.1195302
-0.1132980
-0.1030515
-0.0978181
-0.1017555
-0.1104234
-0.1159322
-0.1150644
-0.1118268
-0.1122357
-0.1173471
-0.1221282
-0.1211633
-0.1146170
-0.1078947
-0.1058627
-0.1083172
-0.1111675
-0.1111918
-0.1090951
-0.1082109
-0.1106335
-0.1146997
-0.1163106
-0.1128963
-0.1061239
-0.1006331
-0.1001051
-0.1044152
-0.1101496
-0.1136191
-0.1137374
-0.1124949
-0.1126488
-0.1147374
-0.1164648
-0.1152367
-0.1111620
-0.1072755
-0.1067758
-0.1101080
-0.1146654
-0.1173088
-0.1172682
-0.1165030
-0.1170572
-0.1183783
-0.1179305
-0.1145757
-0.1106115
-0.1097789
-0.1133285
-0.1184883
-0.1210148
-0.1192606
-0.1156952
-0.1142958
-0.1163649
-0.1191313
-0.1186932
-0.1141251
-0.1083562
-0.1052009
-0.1060120
-0.1091943
-0.1123645
-0.1145476
-0.1163866
-0.1185829
-0.1204807
-0.1204432
-0.1176047
-0.1129803
-0.1087693
-0.1068150
-0.1076935
-0.1106176
-0.1136560
-0.1143565
-0.1109244
-0.1031637
-0.0922486
-0.0796593
-0.0664750
-0.0534982
-0.0415776
-0.0314367
-0.0231581
-0.0161721
-0.0102354
-0.0064597
-0.0066247
-0.0107296
-0.0156466
-0.0175919
-0.0167287
-0.0186554
-0.0300007
-0.0517754
-0.0771868
-0.0965956
-0.1051663
-0.1058472
-0.1049792
-0.1057858
-0.1075545
-0.1115313
-0.1254233
-0.1583153
-0.2083710
-0.2550590
-0.2643488
-0.2027791
-0.0491873
0.2007415
0.5310627
0.8975090
1.2226138
1.4114518
1.3929976
1.1641763
0.8001637
0.4159692
0.1045919
-0.1030609
-0.2315036
-0.3218020
-0.3963609
-0.4510020
-0.4702333
-0.4459179
-0.3849956
-0.3058154
-0.2297029
-0.1727687
-0.1404326
-0.1271403
-0.1221863
-0.1176564
-0.1119492
-0.1067957
-0.1025142
-0.0971279
-0.0893756
-0.0810026
-0.0752839
-0.0736136
-0.0740793
-0.0733924
-0.0699205
-0.0648750
-0.0610204
-0.0604344
-0.0628871
-0.0655441
-0.0644381
-0.0575027
-0.0470081
-0.0384012
-0.0355749
-0.0369897
-0.0370441
-0.0316351
-0.0221104
-0.0134883
-0.0089989
-0.0067572
-0.0018338
0.0087724
0.0235217
0.0384041
0.0509518
0.0619635
0.0739193
0.0885476
0.1058808
0.1247670
0.1437795
0.1621966
0.1809400
0.2025093
0.2290562
0.2597447
0.2902634
0.3160403
0.3367891
0.3575441
0.3840352
0.4164642
0.4485828
0.4739017
0.4926358
0.5114216
0.5357283
0.5633727
0.5864643
0.5994868
0.6042838
0.6065195
0.6081758
0.6050512
0.5919156
0.5686954
0.5401913
0.5102129
0.4777995
0.4398670
0.3961226
0.3498100
0.3041180
0.2597159
0.2164060
0.1755429
0.1389445
0.1056914
0.0721662
0.0367374
0.0034804
-0.0208596
-0.0343314
-0.0428997
-0.0547156
-0.0715741
-0.0873624
-0.0952847
-0.0955448
-0.0950336
-0.0999454
-0.1097328
-0.1184511
-0.1212057
-0.1186756
-0.1157043
-0.1163241
-0.1204504
-0.1248589
-0.1266599
-0.1257602
-0.1244718
-0.1250840
-0.1276371
-0.1297946
-0.1289741
-0.1248716
-0.1199565
-0.1173597
-0.1181541
-0.1206008
-0.1219152
-0.1207713
-0.1183147
-0.1169325
-0.1179135
-0.1200316
-0.1203807
-0.1168958
-0.1103811
-0.1041136
-0.1012266
-0.1022172
-0.1049233
-0.1069267
-0.1078374
-0.1090248
-0.1112436
-0.1130705
-0.1121383
-0.1078333
-0.1024239
-0.0994029
-0.1007380
-0.1054515
-0.1103858
-0.1123838
-0.1105531
-0.1072227
-0.1064769
-0.1106286
-0.1173439
-0.1207396
-0.1166050
-0.1071817
-0.1001018
-0.1014727
-0.1097219
-0.1169214
-0.1167071
-0.1106327
-0.1062471
-0.1090299
-0.1167369
-0.1217947
-0.1188205
-0.1095362
-0.1007313
-0.0980166
-0.1014659
-0.1064969
-0.1083285
-0.1058975
-0.1023463
-0.1020765
-0.1067454
-0.1134001
-0.1165992
-0.1131254
-0.1051536
-0.0986006
-0.0978738
-0.1020219
-0.1060931
-0.1062389
-0.1033327
-0.1016119
-0.1040860
-0.1095340
-0.1138511
-0.1139371
-0.1101582
-0.1054261
-0.1024344
-0.1018976
-0.1029766
-0.1047288
-0.1068199
-0.1090783
-0.1109315
