0.0038837
-0.0003876
-0.0045764
-0.0168849
-0.0372353
-0.0570542
-0.0692706
-0.0765405
-0.0877013
-0.1063622
-0.1250551
-0.1323541
-0.1257361
-0.1164112
-0.1209426
-0.1481618
-0.1936239
-0.2444114
-0.2856284
-0.2991929
-0.2566023
-0.1187620
0.1453846
0.5261889
0.9504887
1.2952201
1.4414152
1.3386842
1.0347501
0.6461696
0.2907259
0.0306648
-0.1371143
-0.2490686
-0.3362973
-0.4081998
-0.4593121
-0.4816988
-0.4707243
-0.4264528
-0.3562968
-0.2766626
-0.2075585
-0.1617098
-0.1381411
-0.1268537
-0.1193177
-0.1137545
-0.1113903
-0.1105187
-0.1064410
-0.0968541
-0.0853352
-0.0782465
-0.0784516
-0.0827729
-0.0856159
-0.0844749
-0.0815426
-0.0802797
-0.0810943
-0.0808319
-0.0764844
-0.0689778
-0.0627389
-0.0612012
-0.0630112
-0.0633483
-0.0592947
-0.0533153
-0.0505102
-0.0522975
-0.0537829
-0.0484326
-0.0353304
-0.0208091
-0.0121422
-0.0099632
-0.0078195
0.0005862
0.0146071
0.0279538
0.0364347
0.0430953
0.0548072
0.0743154
0.0969265
0.1155208
0.1280193
0.1389568
0.1539170
0.1736492
0.1944380
0.2135755
0.2330099
0.2569570
0.2866692
0.3186397
0.3480552
0.3732008
0.3959827
0.4186807
0.4411035
0.4611486
0.4775893
0.4917685
0.5065142
0.5234787
0.5413128
0.5561555
0.5641552
0.5642497
0.5588944
0.5516223
0.5431626
0.5299758
0.5074156
0.4748397
0.4370644
0.3999278
0.3644781
0.3264589
0.2819755
0.2328841
0.1855333
0.1443340
0.1078780
0.0722317
0.0371806
0.0074569
-0.0128409
-0.0258217
-0.0382498
-0.0543723
-0.0716192
-0.0843085
-0.0908231
-0.0955664
-0.1033732
-0.1131830
-0.1187443
-0.1158485
-0.1078463
-0.1029610
-0.1061252
-0.1142305
-0.1198832
-0.1194102
-0.1164173
-0.1173387
-0.1240856
-0.1316546
-0.1329552
-0.1256561
-0.1142504
-0.1057874
-0.1038935
-0.1067118
-0.1099014
-0.1109546
-0.1106006
-0.1107111
-0.1116236
-0.1117914
-0.1097884
-0.1062285
-0.1034140
-0.1030409
-0.1044346
-0.1053150
-0.1043444
-0.1026414
-0.1024987
-0.1047054
-0.1075221
-0.1085305
-0.1073243
-0.1060187
-0.1069646
-0.1101797
-0.1133743
-0.1145888
-0.1144922
-0.1156886
-0.1196752
-0.1247602
-0.1273259
-0.1253358
-0.1205866
-0.1172988
-0.1181938
-0.1218576
-0.1242386
-0.1230387
-0.1204353
-0.1208727
-0.1258921
-0.1316483
-0.1323499
-0.1264170
-0.1187188
-0.1160792
-0.1205392
-0.1275603
-0.1310893
-0.1298215
-0.1277639
-0.1288504
-0.1321719
-0.1333299
-0.1299781
-0.1248131
-0.1226018
-0.1249081
-0.1285781
-0.1294361
-0.1267999
-0.1238938
-0.1240924
-0.1273559
-0.1305279
-0.1307001
-0.1278571
-0.1243868
-0.1225838
-0.1229395
-0.1245857
-0.1268271
-0.1298103
-0.1336329
-0.1371533
-0.1383201
-0.1361446
-0.1322008
-0.1295762
-0.1299619
-0.1319675
-0.1326837
-0.1309211
-0.1285555
-0.1284176
-0.1310082
-0.1337147
-0.1335066
-0.1301985
-0.1266512
-0.1256728
-0.1271211
-0.1284985
-0.1283464
-0.1284478
-0.1319750
-0.1392056
-0.1455917
-0.1451437
-0.1365220
-0.1254934
-0.1202407
-0.1234524
-0.1292344
-0.1283208
-0.1162338
-0.0959674
-0.0732048
-0.0504755
-0.0270870
-0.0038692
0.0144181
0.0229673
0.0225288
0.0193349
0.0187651
0.0201071
0.0185171
0.0113172
0.0006615
-0.0102149
-0.0215794
-0.0363860
-0.0552990
-0.0743462
-0.0886041
-0.0975833
-0.1056438
-0.1165890
-0.1285720
-0.1355152
-0.1343056
-0.1306115
-0.1368862
-0.1631687
-0.2078118
-0.2552458
-0.2813237
-0.2600435
-0.1660531
0.0239287
0.3207920
0.7010115
1.0890899
1.3705152
1.4431267
1.2781990
0.9434000
0.5638162
0.2477366
0.0336587
-0.1055543
-0.2160788
-0.3202482
-0.4091069
-0.4632493
-0.4733648
-0.4437483
-0.3852645
-0.3110141
-0.2366655
-0.1780782
-0.1437513
-0.1295683
-0.1231629
-0.1146706
-0.1032331
-0.0936445
-0.0885656
-0.0855911
-0.0813752
-0.0764391
-0.0743717
-0.0767242
-0.0801331
-0.0792556
-0.0722432
-0.0627568
-0.0564231
-0.0554864
-0.0571422
-0.0570723
-0.0541605
-0.0511481
-0.0505915
-0.0509728
-0.0478122
-0.0388469
-0.0273231
-0.0191868
-0.0168493
-0.0165015
-0.0123867
-0.0034704
0.0053144
0.0091577
0.0099120
0.0150828
0.0298650
0.0511940
0.0707507
0.0835770
0.0925790
0.1041649
0.1206056
0.1382334
0.1532652
0.1676496
0.1872622
0.2143349
0.2435617
0.2672557
0.2838598
0.2997064
0.3218328
0.3503038
0.3789479
0.4032787
0.4259087
0.4529484
0.4857580
0.5180217
0.5418139
0.5556389
0.5651722
0.5762577
0.5887585
0.5981813
0.6021259
0.6030123
0.6037870
0.6023913
0.5923782
0.5694328
0.5361184
0.4990375
0.4616870
0.4216208
0.3753149
0.3244947
0.2756908
0.2332872
0.1947457
0.1542312
0.1103945
0.0687180
0.0354062
0.0102702
-0.0125629
-0.0369398
-0.0596860
-0.0748509
-0.0819330
-0.0873386
-0.0967642
-0.1081907
-0.1148888
-0.1148906
-0.1144422
-0.1202425
-0.1300164
-0.1340497
-0.1269297
-0.1152865
-0.1112157
-0.1184648
-0.1280261
-0.1288698
-0.1209741
-0.1147470
-0.1176951
-0.1249459
-0.1252253
-0.1146883
-0.1017642
-0.0977263
-0.1047554
-0.1150483
-0.1204194
-0.1201531
-0.1189335
-0.1195268
-0.1200211
-0.1178792
-0.1141562
-0.1123568
-0.1144213
-0.1194880
-0.1259625
-0.1326772
-0.1375324
-0.1371626
-0.1302353
-0.1208469
-0.1164309
-0.1207976
-0.1298784
-0.1358171
-0.1354287
-0.1332616
-0.1354444
-0.1416984
-0.1454570
-0.1420946
-0.1349893
-0.1317578
-0.1353797
-0.1412374
-0.1433635
-0.1416148
-0.1408489
-0.1437939
-0.1472391
-0.1464317
-0.1416539
-0.1381771
-0.1396748
-0.1438484
-0.1458995
-0.1448931
-0.1444628
-0.1473604
-0.1515864
-0.1530727
-0.1507258
-0.1471210
-0.1448963
-0.1444975
-0.1457164
-0.1492166
-0.1546924
-0.1586162
-0.1565933
-0.1489313
-0.1419344
-0.1415777
-0.1465461
-0.1498442
-0.1476501
-0.1441328
-0.1456962
-0.1520821
-0.1562041
-0.1531229
-0.1464620
-0.1439554
-0.1479545
-0.1529051
-0.1524764
-0.1469366
-0.1419364
-0.1413217
-0.1435039
-0.1449726
-0.1449058
-0.1446919
-0.1445229
-0.1431915
-0.1412997
-0.1419569
-0.1466144
-0.1517737
-0.1522716
-0.1477600
-0.1436563
-0.1445272
-0.1481614
-0.1484392
-0.1438371
-0.1403222
-0.1436266
-0.1495965
-0.1452334
-0.1211380
-0.0821306
-0.0440241
-0.0198450
-0.0101057
-0.0062690
-0.0017087
0.0024751
0.0019318
-0.0031084
-0.0066758
-0.0040844
0.0013582
0.0004673
-0.0125924
-0.0343333
-0.0561055
-0.0733646
-0.0889898
-0.1070511
-0.1253723
-0.1367660
-0.1376383
-0.1328230
-0.1302281
-0.1328181
-0.1396904
-0.1548641
-0.1886922
-0.2436124
-0.2978195
-0.3081748
-0.2333495
-0.0543421
0.2249968
0.5856723
0.9862382
1.3445450
1.5448414
1.4934613
1.1903880
0.7484857
0.3286684
0.0387427
-0.1185805
-0.2107035
-0.2979792
-0.3891887
-0.4575232
-0.4814870
-0.4634112
-0.4176259
-0.3549376
-0.2831027
-0.2146660
-0.1646089
-0.1383152
-0.1265172
-0.1155770
-0.1012502
-0.0897676
-0.0867022
-0.0888601
-0.0886891
-0.0838195
-0.0789132
-0.0783209
-0.0797683
-0.0769443
-0.0672920
-0.0554636
-0.0486663
-0.0494103
-0.0534341
-0.0544263
-0.0501578
-0.0439955
-0.0409912
-0.0426977
-0.0453170
-0.0426554
-0.0316104
-0.0156528
-0.0027193
0.0014352
-0.0014840
-0.0037706
0.0012365
0.0134287
0.0269658
0.0365454
0.0424319
0.0495928
0.0624099
0.0805491
0.0998317
0.1165286
0.1303404
0.1435700
0.1583641
0.1751709
0.1932328
0.2118061
0.2309817
0.2518940
0.2762320
0.3050253
0.3373779
0.3703207
0.4003381
0.4257115
0.4477597
0.4695482
0.4929287
0.5168254
0.5386571
0.5572076
0.5735141
0.5888937
0.6027687
0.6129087
0.6175817
0.6170648
0.6130187
0.6065040
0.5965236
0.5803498
0.5553955
0.5212488
0.4804712
0.4375065
0.3959933
0.3560092
0.3138299
0.2655620
0.2120235
0.1596799
0.1157452
0.0820588
0.0541522
0.0263223
-0.0028802
-0.0301846
-0.0517259
-0.0668302
-0.0778671
-0.0873610
-0.0960871
-0.1037621
-0.1104496
-0.1165750
-0.1221747
-0.1271004
-0.1317282
-0.1363216
-0.1394646
-0.1383448
-0.1316919
-0.1221610
-0.1148582
-0.1131121
-0.1158515
-0.1191170
-0.1198480
-0.1181378
-0.1162543
-0.1160927
-0.1176898
-0.1195270
-0.1195396
-0.1161891
-0.1098191
-0.1034800
-0.1013432
-0.1050252
-0.1116277
-0.1164056
-0.1175355
-0.1174803
-0.1194054
-0.1231103
-0.1253671
-0.1240567
-0.1209589
-0.1198055
-0.1219841
-0.1251514
-0.1264016
-0.1259150
-0.1265231
-0.1300493
-0.1352768
-0.1396968
-0.1420709
-0.1425373
-0.1411416
-0.1377023
-0.1332842
-0.1306610
-0.1322323
-0.1373358
-0.1422650
-0.1436515
-0.1419222
-0.1408780
-0.1435138
-0.1486640
-0.1522818
-0.1517627
-0.1483871
-0.1455897
-0.1455344
-0.1476394
-0.1499059
-0.1510857
-0.1515139
-0.1522264
-0.1536999
-0.1555200
-0.1567803
-0.1563034
-0.1529385
-0.1468466
-0.1407812
-0.1387579
-0.1421044
-0.1472227
-0.1487598
-0.1455531
-0.1424774
-0.1452891
-0.1536714
-0.1604174
-0.1583911
-0.1481647
-0.1379352
-0.1355790
-0.1414211
-0.1491620
-0.1528488
-0.1516935
-0.1487146
-0.1467770
-0.1468137
-0.1484133
-0.1503882
-0.1509542
-0.1488603
-0.1450665
-0.1425469
-0.1433989
-0.1461645
-0.1470354
-0.1443579
-0.1410949
-0.1412155
-0.1432760
-0.1390783
-0.1204116
-0.0875118
-0.0504052
-0.0216450
-0.0073025
-0.0038770
-0.0029025
0.0012212
0.0068296
0.0077588
0.0006548
-0.0105164
-0.0178517
-0.0177968
-0.0156626
-0.0210761
-0.0385574
-0.0630253
-0.0851339
-0.1005264
-0.1125349
-0.1257045
-0.1387934
-0.1462278
-0.1457434
-0.1422249
-0.1436925
-0.1557698
-0.1809676
-0.2198008
-0.2667959
-0.3023201
-0.2902310
-0.1889722
0.0280277
0.3546976
0.7461510
1.1249484
1.3984628
1.4874392
1.3602684
1.0546377
0.6654795
0.2988458
0.0208509
-0.1622113
-0.2825564
-0.3722464
-0.4399716
-0.4755458
-0.4687238
-0.4220563
-0.3500495
-0.2713108
-0.2024404
-0.1549963
-0.1325407
-0.1285126
-0.1294401
-0.1239653
-0.1107274
-0.0976182
-0.0929551
-0.0969283
-0.1012969
-0.0974694
-0.0850799
-0.0724275
-0.0681297
-0.0726373
-0.0785326
-0.0788123
-0.0737382
-0.0692251
-0.0695480
-0.0727016
-0.0728411
-0.0664883
-0.0558909
-0.0465676
-0.0421989
-0.0421158
-0.0429606
-0.0416721
-0.0370208
-0.0298345
-0.0227024
-0.0184350
-0.0172570
-0.0154889
-0.0081495
0.0065004
0.0251730
0.0423929
0.0550462
0.0644331
0.0744004
0.0877332
0.1042504
0.1220155
0.1397636
0.1577866
0.1769734
0.1978336
0.2203800
0.2441045
0.2678736
0.2906550
0.3128348
0.3363087
0.3626711
0.3913217
0.4195982
0.4449335
0.4671544
0.4887573
0.5124060
0.5376048
0.5601401
0.5754836
0.5827242
0.5847241
0.5846566
0.5830324
0.5779463
0.5672978
0.5503429
0.5276166
0.5000839
0.4686126
0.4338862
0.3960593
0.3541826
0.3069162
0.2551547
0.2037023
0.1584755
0.1210256
0.0870126
0.0515683
0.0157586
-0.0137656
-0.0319925
-0.0415787
-0.0508395
-0.0656449
-0.0837393
-0.0975355
-0.1024245
-0.1016377
-0.1026430
-0.1095732
-0.1199404
-0.1279978
-0.1299718
-0.1262864
-0.1204240
-0.1164338
-0.1165004
-0.1196222
-0.1224722
-0.1221252
-0.1185373
-0.1147069
-0.1141945
-0.1177160
-0.1218083
-0.1215385
-0.1152990
-0.1067217
-0.1013202
-0.1014064
-0.1046646
-0.1073252
-0.1080653
-0.1087589
-0.1117529
-0.1166017
-0.1198061
-0.1182761
-0.1129410
-0.1082139
-0.1077737
-0.1115470
-0.1168065
-0.1210631
-0.1233635
-0.1239542
-0.1240033
-0.1253752
-0.1293663
-0.1349235
-0.1384693
-0.1365106
-0.1293595
-0.1221835
-0.1211131
-0.1273732
-0.1358436
-0.1403188
-0.1397152
-0.1381285
-0.1393325
-0.1427222
-0.1448228
-0.1434727
-0.1398321
-0.1369483
-0.1369893
-0.1396727
-0.1429458
-0.1450035
-0.1456668
-0.1461455
-0.1478881
-0.1513490
-0.1550059
-0.1556837
-0.1512107
-0.1434739
-0.1378558
-0.1385276
-0.1444529
-0.1505237
-0.1523933
-0.1500179
-0.1470502
-0.1471712
-0.1505864
-0.1538066
-0.1532154
-0.1489341
-0.1446874
-0.1438649
-0.1463996
-0.1496245
-0.1513956
-0.1518927
-0.1527123
-0.1546132
-0.1563571
-0.1560741
-0.1536740
-0.1510114
-0.1492921
-0.1475318
-0.1446952
-0.1423115
-0.1431102
-0.1472031
-0.1513975
-0.1529260
-0.1526781
-0.1537135
-0.1569355
-0.1593098
-0.1571755
-0.1512044
-0.1467767
-0.1481490
-0.1529077
-0.1542826
-0.1494116
-0.1431642
-0.1419778
-0.1447474
-0.1417020
-0.1229926
-0.0883678
-0.0487224
-0.0181553
-0.0035386
-0.0007885
-0.0007546
0.0018105
0.0052153
0.0052382
0.0005543
-0.0063928
-0.0123551
-0.0163179
-0.0203611
-0.0281234
-0.0419803
-0.0611029
-0.0818807
-0.0999761
-0.1125920
-0.1202667
-0.1267019
-0.1348547
-0.1422596
-0.1430065
-0.1375390
-0.1388302
-0.1634158
-0.2133591
-0.2690471
-0.3019587
-0.2917257
-0.2248514
-0.0770464
0.1890456
0.5856102
1.0448365
1.4117499
1.5214692
1.3135644
0.8834424
0.4177028
0.0670398
-0.1344385
-0.2463534
-0.3376022
-0.4265956
-0.4886403
-0.5001144
-0.4644430
-0.4017669
-0.3285802
-0.2544455
-0.1907631
-0.1506326
-0.1372689
-0.1387419
-0.1387307
-0.1309016
-0.1205962
-0.1144736
-0.1120097
-0.1077122
-0.0993039
-0.0911901
-0.0891412
-0.0929919
-0.0966154
-0.0951306
-0.0900821
-0.0866732
-0.0876939
-0.0914506
-0.0941374
-0.0926954
-0.0865584
-0.0783700
-0.0724156
-0.0708877
-0.0717745
-0.0710112
-0.0662987
-0.0586787
-0.0513323
-0.0470033
-0.0453289
-0.0423961
-0.0342935
-0.0214989
-0.0084366
0.0016218
0.0098222
0.0195743
0.0325312
0.0472096
0.0606989
0.0717128
0.0827325
0.0984171
0.1204375
0.1445318
0.1645271
0.1791042
0.1931209
0.2125830
0.2395433
0.2711215
0.3018865
0.3279130
0.3502636
0.3740734
0.4028148
0.4339777
0.4615121
0.4817905
0.4963114
0.5096403
0.5254294
0.5428987
0.5563665
0.5601576
0.5551711
0.5486512
0.5459384
0.5439779
0.5342444
0.5107404
0.4744209
0.4316034
0.3889773
0.3485817
0.3069733
0.2605885
0.2116379
0.1667007
0.1299736
0.1004643
0.0752996
0.0524677
0.0301448
0.0067220
-0.0173897
-0.0400253
-0.0596637
-0.0759954
-0.0888469
-0.0985497
-0.1063556
-0.1125111
-0.1155789
-0.1159093
-0.1173931
-0.1226217
-0.1285525
-0.1306190
-0.1293210
-0.1290738
-0.1319035
-0.1354901
-0.1363259
-0.1326359
-0.1259651
-0.1213435
-0.1229401
-0.1281166
-0.1297117
-0.1258653
-0.1227093
-0.1249834
-0.1292618
-0.1296160
-0.1252033
-0.1193071
-0.1153929
-0.1161629
-0.1213763
-0.1252025
-0.1218487
-0.1148773
-0.1137754
-0.1204005
-0.1271093
-0.1290641
-0.1286859
-0.1270153
-0.1219881
-0.1169669
-0.1186137
-0.1242591
-0.1250441
-0.1232797
-0.1293331
-0.1371952
-0.1241515
-0.0850634
