-0.0462118
-0.0368162
-0.0367470
-0.0425372
-0.0459014
-0.0434378
-0.0399136
-0.0416251
-0.0481977
-0.0527744
-0.0501937
-0.0431164
-0.0387072
-0.0400641
-0.0429525
-0.0418349
-0.0377018
-0.0378423
-0.0473759
-0.0624358
-0.0732165
-0.0736998
-0.0672745
-0.0623821
-0.0635930
-0.0680062
-0.0700378
-0.0681954
-0.0661617
-0.0678991
-0.0731437
-0.0781955
-0.0801831
-0.0794816
-0.0781576
-0.0773078
-0.0767039
-0.0764047
-0.0773773
-0.0799450
-0.0822904
-0.0815658
-0.0768946
-0.0708706
-0.0675530
-0.0688482
-0.0729693
-0.0763518
-0.0768065
-0.0748031
-0.0721573
-0.0700177
-0.0682646
-0.0665795
-0.0656897
-0.0671722
-0.0716674
-0.0771862
-0.0797022
-0.0763830
-0.0688171
-0.0626087
-0.0627376
-0.0687576
-0.0749497
-0.0758045
-0.0712806
-0.0662012
-0.0646806
-0.0661609
-0.0674266
-0.0674440
-0.0685443
-0.0725732
-0.0774088
-0.0787249
-0.0748384
-0.0683588
-0.0626331
-0.0578833
-0.0522486
-0.0462343
-0.0442447
-0.0504033
-0.0633054
-0.0761379
-0.0824400
-0.0813305
-0.0769747
-0.0736856
-0.0722723
-0.0708741
-0.0683413
-0.0661291
-0.0669508
-0.0718529
-0.0786197
-0.0829226
-0.0810717
-0.0719054
-0.0564691
-0.0366017
-0.0145681
0.0059931
0.0201213
0.0244244
0.0207717
0.0161690
0.0173097
0.0246450
0.0325462
0.0357547
0.0347152
0.0333585
0.0321973
0.0258929
0.0092549
-0.0151681
-0.0375968
-0.0500446
-0.0538180
-0.0567475
-0.0633732
-0.0698710
-0.0701916
-0.0665619
-0.0716839
-0.0985928
-0.1473726
-0.2007883
-0.2308941
-0.2082719
-0.1069450
0.0916352
0.3874037
0.7447559
1.0859418
1.3116010
1.3453212
1.1748643
0.8593506
0.4960162
0.1709253
-0.0730271
-0.2362565
-0.3417823
-0.4137593
-0.4659706
-0.4993577
-0.5054828
-0.4753966
-0.4109251
-0.3295583
-0.2560378
-0.2061238
-0.1777033
-0.1579846
-0.1384783
-0.1215509
-0.1131118
-0.1122744
-0.1110615
-0.1037225
-0.0933891
-0.0877795
-0.0895197
-0.0929657
-0.0910520
-0.0835818
-0.0771662
-0.0773667
-0.0824863
-0.0857453
-0.0826093
-0.0748938
-0.0679063
-0.0647031
-0.0637151
-0.0613535
-0.0558268
-0.0479692
-0.0390155
-0.0288153
-0.0168951
-0.0046279
0.0050821
0.0110851
0.0164102
0.0261999
0.0426184
0.0622601
0.0793995
0.0919857
0.1038938
0.1208471
0.1444853
0.1710701
0.1957766
0.2170907
0.2363873
0.2542818
0.2692195
0.2801204
0.2889638
0.2990716
0.3107262
0.3198525
0.3221760
0.3183489
0.3136641
0.3120831
0.3114261
0.3057945
0.2928007
0.2769980
0.2649692
0.2575024
0.2481592
0.2303417
0.2049328
0.1795607
0.1600052
0.1435179
0.1220376
0.0920298
0.0597055
0.0352839
0.0224976
0.0150721
0.0038304
-0.0139929
-0.0334597
-0.0488984
-0.0600339
-0.0703410
-0.0808598
-0.0880870
-0.0887987
-0.0853438
-0.0839967
-0.0877964
-0.0927342
-0.0924260
-0.0858785
-0.0789134
-0.0774425
-0.0806074
-0.0818144
-0.0762479
-0.0660917
-0.0578192
-0.0552318
-0.0563325
-0.0568991
-0.0555759
-0.0542292
-0.0539906
-0.0529229
-0.0485953
-0.0419825
-0.0372824
-0.0376579
-0.0421724
-0.0475485
-0.0522393
-0.0575599
-0.0645759
-0.0710199
-0.0726890
-0.0681683
-0.0612237
-0.0576056
-0.0596053
-0.0643883
-0.0676709
-0.0683126
-0.0688755
-0.0720674
-0.0772497
-0.0806482
-0.0789482
-0.0727422
-0.0665273
-0.0651294
-0.0696881
-0.0767496
-0.0812460
-0.0807345
-0.0772113
-0.0749511
-0.0763716
-0.0798181
-0.0813639
-0.0786841
-0.0730154
-0.0675886
-0.0648225
-0.0652830
-0.0685381
-0.0737935
-0.0793571
-0.0824080
-0.0806154
-0.0746052
-0.0683554
-0.0661247
-0.0684064
-0.0712966
-0.0705741
-0.0664277
-0.0634729
-0.0657166
-0.0719666
-0.0768637
-0.0764331
-0.0720315
-0.0684339
-0.0683678
-0.0697336
-0.0686570
-0.0647257
-0.0620771
-0.0648247
-0.0721182
-0.0786574
-0.0800297
-0.0767435
-0.0727381
-0.0706894
-0.0697149
-0.0677792
-0.0654742
-0.0662534
-0.0723501
-0.0809455
-0.0855365
-0.0819269
-0.0727607
-0.0655147
-0.0656413
-0.0717404
-0.0776154
-0.0789703
-0.0776778
-0.0790111
-0.0847745
-0.0900941
-0.0880571
-0.0776349
-0.0661085
-0.0627688
-0.0700845
-0.0813670
-0.0872836
-0.0846178
-0.0785095
-0.0759159
-0.0769281
-0.0731830
-0.0558066
-0.0252973
0.0070198
0.0281360
0.0342071
0.0322278
0.0313117
0.0334490
0.0338438
0.0295988
0.0253498
0.0279207
0.0359666
0.0380362
0.0232055
-0.0070421
-0.0393595
-0.0609867
-0.0701891
-0.0741164
-0.0785479
-0.0822266
-0.0813549
-0.0775060
-0.0793638
-0.0968587
-0.1340713
-0.1859210
-0.2373347
-0.2622065
-0.2245738
-0.0876998
0.1679037
0.5249959
0.9205691
1.2566400
1.4322475
1.3861753
1.1287524
0.7407994
0.3352970
0.0034501
-0.2204294
-0.3548970
-0.4380070
-0.4942753
-0.5250085
-0.5210800
-0.4798947
-0.4112895
-0.3320227
-0.2577821
-0.1989698
-0.1599380
-0.1393760
-0.1314966
-0.1285805
-0.1242349
-0.1157891
-0.1047084
-0.0949367
-0.0900071
-0.0904705
-0.0932498
-0.0935588
-0.0883764
-0.0790302
-0.0705044
-0.0674552
-0.0701396
-0.0741019
-0.0740922
-0.0685717
-0.0607045
-0.0552004
-0.0540706
-0.0550797
-0.0541495
-0.0493033
-0.0421616
-0.0354964
-0.0297304
-0.0224366
-0.0112131
0.0036660
0.0197668
0.0350939
0.0495366
0.0638925
0.0783045
0.0923965
0.1068489
0.1238598
0.1450921
0.1693080
0.1931149
0.2145761
0.2352589
0.2576800
0.2809876
0.3004176
0.3117361
0.3158175
0.3181206
0.3234450
0.3315060
0.3379377
0.3393912
0.3369314
0.3340219
0.3317433
0.3269878
0.3156134
0.2968328
0.2742604
0.2531057
0.2365304
0.2240102
0.2123125
0.1979334
0.1792272
0.1569424
0.1331327
0.1095095
0.0864557
0.0633745
0.0401825
0.0186081
0.0015360
-0.0096516
-0.0171256
-0.0253238
-0.0369878
-0.0503640
-0.0605934
-0.0642908
-0.0630715
-0.0623489
-0.0659905
-0.0719211
-0.0736799
-0.0670876
-0.0552474
-0.0462274
-0.0454395
-0.0504924
-0.0537821
-0.0501430
-0.0418210
-0.0357930
-0.0362908
-0.0404571
-0.0417771
-0.0373775
-0.0309733
-0.0283454
-0.0307724
-0.0338504
-0.0327745
-0.0280925
-0.0256725
-0.0308067
-0.0424546
-0.0535898
-0.0574192
-0.0532493
-0.0464416
-0.0432651
-0.0460946
-0.0527492
-0.0591697
-0.0625157
-0.0627260
-0.0620160
-0.0627690
-0.0653418
-0.0676907
-0.0673206
-0.0638277
-0.0595563
-0.0575832
-0.0589874
-0.0623699
-0.0661378
-0.0704313
-0.0757092
-0.0798052
-0.0784154
-0.0700113
-0.0595074
-0.0550820
-0.0604294
-0.0707666
-0.0773594
-0.0760853
-0.0710486
-0.0694461
-0.0732805
-0.0770833
-0.0743072
-0.0652605
-0.0574907
-0.0579791
-0.0657324
-0.0728641
-0.0729593
-0.0678223
-0.0654410
-0.0711043
-0.0809827
-0.0854251
-0.0789904
-0.0664335
-0.0578856
-0.0585375
-0.0642404
-0.0673417
-0.0654845
-0.0635216
-0.0671227
-0.0757262
-0.0825307
-0.0811863
-0.0718838
-0.0608470
-0.0546245
-0.0553374
-0.0604799
-0.0656332
-0.0671672
-0.0641250
-0.0591105
-0.0568692
-0.0603871
-0.0677156
-0.0731974
-0.0724012
-0.0658905
-0.0581629
-0.0533027
-0.0521557
-0.0535888
-0.0572566
-0.0635568
-0.0707323
-0.0740085
-0.0697897
-0.0607001
-0.0545573
-0.0570391
-0.0658108
-0.0728013
-0.0723297
-0.0665600
-0.0628855
-0.0662364
-0.0741540
-0.0793239
-0.0766029
-0.0673152
-0.0569929
-0.0496068
-0.0440950
-0.0358025
-0.0209631
-0.0005424
0.0195343
0.0324167
0.0357336
0.0334637
0.0321729
0.0352240
0.0406870
0.0445488
0.0452054
0.0442349
0.0428024
0.0381168
0.0248311
0.0010062
-0.0275982
-0.0504588
-0.0604955
-0.0596068
-0.0561529
-0.0570182
-0.0617447
-0.0640729
-0.0598924
-0.0548164
-0.0635359
-0.0990020
-0.1587294
-0.2191313
-0.2421483
-0.1884859
-0.0295821
0.2428721
0.6060849
0.9961376
1.3123134
1.4491781
1.3489505
1.0404898
0.6299000
0.2422932
-0.0439337
-0.2222338
-0.3312329
-0.4085032
-0.4654630
-0.4950851
-0.4921955
-0.4621013
-0.4140065
-0.3535920
-0.2853927
-0.2192826
-0.1691546
-0.1429225
-0.1353496
-0.1325409
-0.1236003
-0.1079546
-0.0928727
-0.0855486
-0.0873279
-0.0937098
-0.0984231
-0.0975761
-0.0911946
-0.0821865
-0.0741993
-0.0695544
-0.0681464
-0.0681517
-0.0681032
-0.0681014
-0.0686915
-0.0690181
-0.0669111
-0.0609135
-0.0518085
-0.0420896
-0.0340782
-0.0282435
-0.0229211
-0.0158361
-0.0062553
0.0045741
0.0154454
0.0272498
0.0422704
0.0612933
0.0819536
0.1005218
0.1156298
0.1300851
0.1483260
0.1715752
0.1960974
0.2172963
0.2352919
0.2548783
0.2792063
0.3046471
0.3233898
0.3312502
0.3320957
0.3340224
0.3411772
0.3495938
0.3514077
0.3432622
0.3301583
0.3206272
0.3183217
0.3186925
0.3136445
0.2990667
0.2781505
0.2579094
0.2422934
0.2283390
0.2094479
0.1829366
0.1537828
0.1299153
0.1138939
0.1002731
0.0816376
0.0566767
0.0316607
0.0139049
0.0042213
-0.0035954
-0.0156677
-0.0311534
-0.0432821
-0.0469182
-0.0439221
-0.0408073
-0.0422698
-0.0477085
-0.0531474
-0.0553560
-0.0541539
-0.0515732
-0.0493201
-0.0471889
-0.0439379
-0.0393496
-0.0348586
-0.0320318
-0.0307492
-0.0290678
-0.0250365
-0.0191400
-0.0150756
-0.0170752
-0.0252927
-0.0341763
-0.0367940
-0.0313982
-0.0233159
-0.0201106
-0.0249954
-0.0346363
-0.0426683
-0.0452194
-0.0435787
-0.0420541
-0.0435357
-0.0471893
-0.0499820
-0.0497362
-0.0468450
-0.0440386
-0.0447621
-0.0506602
-0.0597378
-0.0675371
-0.0709865
-0.0709385
-0.0704423
-0.0708972
-0.0707186
-0.0679803
-0.0638145
-0.0623069
-0.0662147
-0.0728854
-0.0758402
-0.0716821
-0.0647419
-0.0630576
-0.0694336
-0.0780023
-0.0805750
-0.0754744
-0.0688834
-0.0676594
-0.0720022
-0.0760413
-0.0753206
-0.0722565
-0.0728475
-0.0784610
-0.0831119
-0.0802908
-0.0713449
-0.0650899
-0.0687476
-0.0802157
-0.0897499
-0.0891104
-0.0792449
-0.0693133
-0.0679009
-0.0748003
-0.0816109
-0.0805956
-0.0725165
-0.0654337
-0.0662287
-0.0738029
-0.0805021
-0.0799550
-0.0733861
-0.0679167
-0.0685396
-0.0726325
-0.0733811
-0.0680525
-0.0613101
-0.0601172
-0.0667016
-0.0770777
-0.0852764
-0.0879891
-0.0857361
-0.0809394
-0.0756226
-0.0708454
-0.0675862
-0.0671036
-0.0699439
-0.0750757
-0.0804419
-0.0840320
-0.0843137
-0.0804820
-0.0728013
-0.0618932
-0.0472039
-0.0274966
-0.0042041
0.0167098
0.0284697
0.0297179
0.0258836
0.0235243
0.0238321
0.0226627
0.0170346
0.0102691
0.0087174
0.0128269
0.0136289
0.0010068
-0.0243425
-0.0496427
-0.0622510
-0.0621168
-0.0607297
-0.0680631
-0.0818278
-0.0904587
-0.0870850
-0.0803094
-0.0895233
-0.1269238
-0.1821665
-0.2238036
-0.2152241
-0.1299932
0.0435267
0.3031603
0.6282290
0.9687027
1.2434431
1.3638855
1.2787286
1.0092369
0.6428499
0.2845442
0.0025181
-0.1917114
-0.3223744
-0.4153981
-0.4807761
-0.5165740
-0.5198249
-0.4912280
-0.4343484
-0.3566894
-0.2731961
-0.2042937
-0.1646783
-0.1522744
-0.1504578
-0.1430170
-0.1267423
-0.1098256
-0.1005534
-0.0995271
-0.1016917
-0.1030642
-0.1038494
-0.1054325
-0.1061010
-0.1017311
-0.0912926
-0.0800282
-0.0751697
-0.0785818
-0.0850657
-0.0880134
-0.0854121
-0.0799458
-0.0745433
-0.0691277
-0.0618637
-0.0528324
-0.0450737
-0.0407044
-0.0365791
-0.0263530
-0.0083323
0.0104068
0.0202269
0.0194155
0.0169978
0.0245014
0.0453224
0.0722544
0.0950973
0.1105016
0.1241723
0.1434585
0.1688938
0.1943033
0.2144173
0.2299705
0.2447811
0.2601621
0.2740785
0.2847517
0.2930188
0.3006702
0.3074017
0.3103941
0.3073768
0.2996967
0.2911411
0.2833827
0.2742022
0.2615011
0.2474377
0.2359217
0.2262242
0.2118510
0.1872835
0.1549064
0.1240671
0.1029815
0.0913200
0.0805294
0.0618556
0.0344622
0.0054380
-0.0179017
-0.0344381
-0.0478566
-0.0609028
-0.0727529
-0.0812704
-0.0860838
-0.0890310
-0.0921165
-0.0953582
-0.0971383
-0.0971726
-0.0981524
-0.1026142
-0.1084515
-0.1100503
-0.1049127
-0.0971924
-0.0929580
-0.0930088
-0.0922233
-0.0861060
-0.0767713
-0.0714016
-0.0743541
-0.0814061
-0.0834079
-0.0762183
-0.0653476
-0.0594191
-0.0607443
-0.0647167
-0.0673548
-0.0699928
-0.0756470
-0.0832865
-0.0879292
-0.0862674
-0.0809961
-0.0785315
-0.0819866
-0.0873563
-0.0884525
-0.0854348
-0.0856651
-0.0945214
-0.1074833
-0.1140008
-0.1088169
-0.0974881
-0.0903732
-0.0922497
-0.0984589
-0.1012139
-0.0990792
-0.0985508
-0.1050532
-0.1142180
-0.1155043
-0.1047701
-0.0900545
-0.0831721
-0.0875493
-0.0963117
-0.1012922
-0.1017338
-0.1034463
-0.1102081
-0.1176550
-0.1175483
-0.1081544
-0.0976730
-0.0952565
-0.1004698
-0.1047013
-0.1023473
-0.0972466
-0.0970387
-0.1033089
-0.1091542
-0.1065942
-0.0959209
-0.0867299
-0.0881891
-0.0984282
-0.1059816
-0.1028196
-0.0935771
-0.0897236
-0.0960920
-0.1056699
-0.1075216
-0.0982842
-0.0856198
-0.0807350
-0.0873208
-0.0982006
-0.1036434
-0.1018760
-0.0991885
-0.1004176
-0.1029491
-0.1013461
-0.0950285
-0.0890152
-0.0880934
-0.0919134
-0.0958967
-0.0966767
-0.0963456
-0.0999764
-0.1081800
-0.1142810
-0.1113610
-0.1008312
-0.0911449
-0.0885742
-0.0920359
-0.0967813
-0.1001368
-0.1024909
-0.1042431
-0.1030750
-0.0946877
-0.0770987
-0.0541754
-0.0330734
-0.0175433
-0.0058092
0.0042984
0.0112226
0.0127886
0.0109645
0.0106501
0.0145644
0.0208995
0.0249587
0.0220453
0.0102740
-0.0080632
-0.0286352
-0.0487489
-0.0676435
-0.0837712
-0.0944501
-0.0985137
-0.0970514
-0.0917262
-0.0853601
-0.0845426
-0.0983505
-0.1322376
-0.1827611
-0.2359484
-0.2676223
-0.2466837
-0.1439753
0.0561687
0.3470693
0.6941309
1.0333703
1.2822008
1.3675719
1.2591472
0.9855541
0.6229142
0.2622624
-0.0282285
-0.2271074
-0.3548918
-0.4448669
-0.5140517
-0.5562820
-0.5562470
-0.5079213
-0.4240810
-0.3319217
-0.2571452
-0.2088145
-0.1794648
-0.1588253
-0.1436730
-0.1346852
-0.1301979
-0.1269345
-0.1236251
-0.1208264
-0.1189559
-0.1178759
-0.1166479
-0.1136078
-0.1087689
-0.1049238
-0.1033006
-0.1002345
-0.0926782
-0.0849260
-0.0839685
-0.0891729
-0.0925787
-0.0892405
-0.0818299
-0.0749468
-0.0697433
-0.0645008
-0.0570560
-0.0470749
-0.0378577
-0.0330903
-0.0296580
-0.0186720
0.0024931
0.0246208
0.0381684
0.0452856
0.0550336
0.0716511
0.0930147
0.1158193
0.1368851
0.1538830
0.1692475
0.1886141
0.2123015
0.2344269
0.2526416
0.2706390
0.2885661
0.3005744
0.3051834
0.3081330
0.3118091
0.3123312
0.3095159
0.3078411
0.3055201
0.2960422
0.2821912
0.2732358
0.2668460
0.2514321
0.2278069
0.2081428
0.1919984
0.1678343
0.1409081
0.1292380
0.1240405
0.0892201
0.0175806
