0.0174306
0.0183338
0.0174487
0.0109532
-0.0049347
-0.0288111
-0.0529620
-0.0689875
-0.0749955
-0.0765318
-0.0799111
-0.0853191
-0.0878240
-0.0857287
-0.0868512
-0.1044438
-0.1449687
-0.1987102
-0.2417039
-0.2464504
-0.1913773
-0.0628769
0.1459357
0.4309815
0.7658414
1.0934407
1.3343875
1.4148149
1.3002025
1.0143937
0.6314028
0.2443087
-0.0719953
-0.2856854
-0.4094569
-0.4796948
-0.5268148
-0.5561181
-0.5518630
-0.4997901
-0.4079237
-0.3067533
-0.2287774
-0.1867331
-0.1701754
-0.1609266
-0.1498215
-0.1391136
-0.1327137
-0.1286199
-0.1218574
-0.1119060
-0.1039953
-0.1027232
-0.1063853
-0.1089882
-0.1069937
-0.1023234
-0.0985635
-0.0960830
-0.0924743
-0.0869693
-0.0821459
-0.0804125
-0.0802904
-0.0778851
-0.0718234
-0.0651084
-0.0611962
-0.0590627
-0.0536253
-0.0414958
-0.0253473
-0.0114582
-0.0030866
0.0025778
0.0105543
0.0224180
0.0356726
0.0481189
0.0610979
0.0777069
0.0987930
0.1218453
0.1437166
0.1634542
0.1819995
0.1998788
0.2164851
0.2319673
0.2485750
0.2685405
0.2905299
0.3095576
0.3213530
0.3262786
0.3281302
0.3294135
0.3288429
0.3238105
0.3145618
0.3049663
0.2988115
0.2957171
0.2913004
0.2814089
0.2656044
0.2463213
0.2256513
0.2041599
0.1825142
0.1625642
0.1457014
0.1306241
0.1138147
0.0927479
0.0685170
0.0450194
0.0254498
0.0098143
-0.0038537
-0.0162464
-0.0257378
-0.0308960
-0.0330910
-0.0356152
-0.0404583
-0.0467844
-0.0525801
-0.0569580
-0.0603538
-0.0628777
-0.0633209
-0.0604356
-0.0551716
-0.0508248
-0.0501277
-0.0523847
-0.0543769
-0.0541945
-0.0531839
-0.0535773
-0.0550436
-0.0547193
-0.0507618
-0.0451484
-0.0422557
-0.0444019
-0.0490994
-0.0514257
-0.0493726
-0.0461196
-0.0463129
-0.0506614
-0.0552995
-0.0563874
-0.0542086
-0.0523809
-0.0539379
-0.0588841
-0.0650923
-0.0705841
-0.0745129
-0.0764655
-0.0759662
-0.0734176
-0.0708916
-0.0705843
-0.0722261
-0.0732769
-0.0724358
-0.0719025
-0.0749076
-0.0814156
-0.0875633
-0.0896154
-0.0877172
-0.0853265
-0.0853559
-0.0874981
-0.0895525
-0.0907944
-0.0928234
-0.0965230
-0.0993619
-0.0975106
-0.0907970
-0.0840451
-0.0825233
-0.0866569
-0.0920069
-0.0942508
-0.0935631
-0.0938353
-0.0977020
-0.1028603
-0.1041710
-0.0996406
-0.0932583
-0.0908474
-0.0936532
-0.0973879
-0.0976733
-0.0950970
-0.0940104
-0.0968212
-0.1006019
-0.1002046
-0.0947342
-0.0897721
-0.0917730
-0.1004455
-0.1084353
-0.1093427
-0.1045863
-0.1008619
-0.1016787
-0.1034437
-0.1004240
-0.0922092
-0.0848190
-0.0842120
-0.0896481
-0.0946151
-0.0942774
-0.0904733
-0.0883188
-0.0892858
-0.0899097
-0.0871521
-0.0825517
-0.0799285
-0.0806586
-0.0829595
-0.0851770
-0.0878744
-0.0919951
-0.0960326
-0.0965897
-0.0923406
-0.0864528
-0.0836001
-0.0846718
-0.0861624
-0.0853727
-0.0841786
-0.0856789
-0.0881263
-0.0847426
-0.0703035
-0.0467495
-0.0216836
-0.0019937
0.0105987
0.0183468
0.0231668
0.0246934
0.0228061
0.0205175
0.0221131
0.0279356
0.0325878
0.0294824
0.0166967
-0.0020698
-0.0213542
-0.0378366
-0.0510611
-0.0616495
-0.0695723
-0.0742183
-0.0755852
-0.0745329
-0.0721631
-0.0710542
-0.0782628
-0.1041564
-0.1529325
-0.2115577
-0.2494757
-0.2316509
-0.1334806
0.0539347
0.3257016
0.6602894
1.0085191
1.2891344
1.4105943
1.3176578
1.0309710
0.6429367
0.2668456
-0.0223340
-0.2116555
-0.3295958
-0.4089489
-0.4647299
-0.4954181
-0.4951972
-0.4631147
-0.4052452
-0.3333389
-0.2623723
-0.2059534
-0.1702670
-0.1518059
-0.1423133
-0.1360335
-0.1314584
-0.1276377
-0.1221974
-0.1139341
-0.1049008
-0.0981242
-0.0944133
-0.0927564
-0.0927562
-0.0947385
-0.0974407
-0.0973696
-0.0920001
-0.0835661
-0.0780841
-0.0791028
-0.0830404
-0.0828990
-0.0769100
-0.0708669
-0.0702091
-0.0720715
-0.0682358
-0.0552616
-0.0385838
-0.0258180
-0.0182600
-0.0106425
0.0016718
0.0172331
0.0310370
0.0415101
0.0529153
0.0697638
0.0904885
0.1092011
0.1234376
0.1372620
0.1555555
0.1775457
0.1980776
0.2142415
0.2286438
0.2459081
0.2670915
0.2881842
0.3039040
0.3123283
0.3151780
0.3141956
0.3094656
0.3023345
0.2974616
0.2986180
0.3027168
0.3011089
0.2880713
0.2664296
0.2438172
0.2247067
0.2074986
0.1889008
0.1693504
0.1525463
0.1395434
0.1252994
0.1035020
0.0746082
0.0464074
0.0255961
0.0111092
-0.0025533
-0.0175304
-0.0308734
-0.0398045
-0.0458329
-0.0526807
-0.0614518
-0.0691562
-0.0722656
-0.0711899
-0.0701532
-0.0720816
-0.0747867
-0.0737079
-0.0677396
-0.0604669
-0.0559335
-0.0552828
-0.0576407
-0.0618236
-0.0659594
-0.0671448
-0.0633877
-0.0559417
-0.0489917
-0.0464867
-0.0486199
-0.0512685
-0.0499471
-0.0449821
-0.0416329
-0.0440699
-0.0504119
-0.0551173
-0.0552681
-0.0528445
-0.0515462
-0.0532113
-0.0571794
-0.0615504
-0.0646515
-0.0660022
-0.0661464
-0.0656460
-0.0647640
-0.0640310
-0.0641558
-0.0653546
-0.0678181
-0.0725123
-0.0796544
-0.0862524
-0.0874997
-0.0819118
-0.0736761
-0.0686812
-0.0689995
-0.0719460
-0.0736842
-0.0730378
-0.0721796
-0.0738025
-0.0774769
-0.0795571
-0.0775025
-0.0732688
-0.0709420
-0.0718558
-0.0739562
-0.0755142
-0.0771895
-0.0799339
-0.0824722
-0.0818819
-0.0764884
-0.0681734
-0.0616838
-0.0607075
-0.0643467
-0.0686142
-0.0715433
-0.0747799
-0.0792773
-0.0819813
-0.0792572
-0.0724279
-0.0673654
-0.0683676
-0.0737320
-0.0776628
-0.0761508
-0.0710227
-0.0679869
-0.0701521
-0.0741569
-0.0740451
-0.0683818
-0.0615976
-0.0585306
-0.0599477
-0.0637490
-0.0681006
-0.0720560
-0.0746159
-0.0747087
-0.0719688
-0.0672792
-0.0626390
-0.0598287
-0.0586579
-0.0576098
-0.0570395
-0.0599578
-0.0676694
-0.0759836
-0.0784496
-0.0731282
-0.0638953
-0.0547731
-0.0448094
-0.0295280
-0.0070308
0.0177682
0.0357152
0.0414894
0.0390837
0.0376319
0.0416401
0.0473908
0.0493219
0.0469485
0.0435820
0.0404593
0.0349893
0.0244456
0.0095557
-0.0059458
-0.0187994
-0.0290028
-0.0385994
-0.0474946
-0.0521689
-0.0504060
-0.0460913
-0.0467425
-0.0569456
-0.0770945
-0.1077758
-0.1497487
-0.1945809
-0.2147975
-0.1666146
-0.0090740
0.2694728
0.6339739
1.0075262
1.2975338
1.4284256
1.3659148
1.1273702
0.7771731
0.4045605
0.0881924
-0.1343452
-0.2721558
-0.3596709
-0.4260665
-0.4770264
-0.4987594
-0.4775053
-0.4165362
-0.3361812
-0.2596422
-0.2003984
-0.1609918
-0.1382731
-0.1268372
-0.1201701
-0.1127387
-0.1025117
-0.0913929
-0.0831882
-0.0802299
-0.0807001
-0.0799865
-0.0762335
-0.0733897
-0.0761131
-0.0822345
-0.0835917
-0.0752372
-0.0615269
-0.0518704
-0.0515594
-0.0572940
-0.0609755
-0.0577562
-0.0505007
-0.0455116
-0.0439871
-0.0401601
-0.0291490
-0.0139335
-0.0017982
0.0045502
0.0093647
0.0179373
0.0307758
0.0439505
0.0539642
0.0620165
0.0733564
0.0915322
0.1136912
0.1335904
0.1493031
0.1652610
0.1857613
0.2090343
0.2294112
0.2437356
0.2542098
0.2658141
0.2814114
0.2983631
0.3101318
0.3127509
0.3093868
0.3066917
0.3071231
0.3071345
0.3027015
0.2940987
0.2847635
0.2772568
0.2707206
0.2612751
0.2453813
0.2238650
0.2015322
0.1814797
0.1613328
0.1370731
0.1092028
0.0827562
0.0618991
0.0463509
0.0324788
0.0165097
-0.0025038
-0.0217184
-0.0372975
-0.0486207
-0.0581488
-0.0668488
-0.0724087
-0.0733131
-0.0722813
-0.0736492
-0.0785893
-0.0841915
-0.0863356
-0.0831456
-0.0770209
-0.0732220
-0.0745791
-0.0777042
-0.0766014
-0.0699051
-0.0621208
-0.0577334
-0.0567613
-0.0565765
-0.0557089
-0.0549316
-0.0558415
-0.0585455
-0.0601347
-0.0567793
-0.0488588
-0.0423927
-0.0430909
-0.0501312
-0.0579586
-0.0629203
-0.0656773
-0.0681171
-0.0705263
-0.0717129
-0.0704778
-0.0673566
-0.0653589
-0.0674026
-0.0723675
-0.0758793
-0.0760415
-0.0759515
-0.0790191
-0.0840215
-0.0866117
-0.0842195
-0.0782509
-0.0728030
-0.0717166
-0.0751737
-0.0790090
-0.0793901
-0.0780027
-0.0798830
-0.0859667
-0.0908623
-0.0890748
-0.0813364
-0.0739502
-0.0731316
-0.0797151
-0.0879487
-0.0903786
-0.0857660
-0.0809806
-0.0828938
-0.0898667
-0.0940232
-0.0907719
-0.0830692
-0.0769015
-0.0753611
-0.0771772
-0.0791913
-0.0801378
-0.0822858
-0.0879549
-0.0943098
-0.0947093
-0.0868120
-0.0764841
-0.0714172
-0.0730711
-0.0770014
-0.0790778
-0.0791074
-0.0795757
-0.0823985
-0.0862016
-0.0867391
-0.0816448
-0.0743369
-0.0705854
-0.0714351
-0.0726890
-0.0715510
-0.0703251
-0.0726027
-0.0785281
-0.0847602
-0.0872091
-0.0838142
-0.0767334
-0.0714622
-0.0715675
-0.0747402
-0.0760572
-0.0741549
-0.0719259
-0.0722444
-0.0753511
-0.0793087
-0.0809031
-0.0776366
-0.0711518
-0.0670857
-0.0691503
-0.0748073
-0.0788219
-0.0792654
-0.0777301
-0.0751398
-0.0694704
-0.0568350
-0.0344405
-0.0047219
0.0230772
0.0389171
0.0413239
0.0383187
0.0379460
0.0406509
0.0420230
0.0397316
0.0356140
0.0327806
0.0320022
0.0298977
0.0210340
0.0037043
-0.0171806
-0.0352272
-0.0491503
-0.0611650
-0.0704941
-0.0730265
-0.0675747
-0.0592259
-0.0566480
-0.0685632
-0.1009719
-0.1523136
-0.2086057
-0.2437699
-0.2249889
-0.1203363
0.0899825
0.3989109
0.7627963
1.1058357
1.3393795
1.3913104
1.2377184
0.9203480
0.5313938
0.1690144
-0.1058753
-0.2830343
-0.3864188
-0.4473534
-0.4842852
-0.4970291
-0.4762883
-0.4195882
-0.3393784
-0.2578725
-0.1956860
-0.1623133
-0.1519621
-0.1482522
-0.1376774
-0.1204316
-0.1064149
-0.1018455
-0.1033938
-0.1044479
-0.1024018
-0.0991035
-0.0975442
-0.0987839
-0.1001050
-0.0969025
-0.0884459
-0.0801062
-0.0772773
-0.0789621
-0.0801881
-0.0787066
-0.0761427
-0.0742553
-0.0730547
-0.0712804
-0.0667030
-0.0578424
-0.0469197
-0.0383960
-0.0329868
-0.0263729
-0.0157026
-0.0037941
0.0055599
0.0133559
0.0239510
0.0400958
0.0608289
0.0820580
0.0987719
0.1096568
0.1197867
0.1354332
0.1562079
0.1760817
0.1921255
0.2080203
0.2283083
0.2527084
0.2765086
0.2937777
0.3009257
0.3003466
0.2995341
0.3032345
0.3078156
0.3068298
0.3002439
0.2938584
0.2907804
0.2876547
0.2790263
0.2626215
0.2410028
0.2197218
0.2022256
0.1856156
0.1644091
0.1392603
0.1171697
0.1010205
0.0844263
0.0608572
0.0333842
0.0106028
-0.0044200
-0.0169309
-0.0333382
-0.0536064
-0.0702133
-0.0748700
-0.0682382
-0.0615686
-0.0649801
-0.0755519
-0.0819808
-0.0798464
-0.0759939
-0.0775330
-0.0827657
-0.0848990
-0.0802963
-0.0713632
-0.0641138
-0.0632086
-0.0671094
-0.0692514
-0.0663493
-0.0629786
-0.0645674
-0.0689490
-0.0694800
-0.0642663
-0.0577242
-0.0545888
-0.0560536
-0.0600947
-0.0627315
-0.0613095
-0.0588379
-0.0617106
-0.0706386
-0.0778484
-0.0764429
-0.0689703
-0.0636708
-0.0653363
-0.0721675
-0.0785313
-0.0793160
-0.0749502
-0.0726905
-0.0786421
-0.0883155
-0.0905880
-0.0819763
-0.0713715
-0.0689753
-0.0753906
-0.0832431
-0.0855448
-0.0813880
-0.0765640
-0.0783551
-0.0867690
-0.0927272
-0.0887516
-0.0789028
-0.0733129
-0.0753841
-0.0798467
-0.0814370
-0.0799638
-0.0781149
-0.0788300
-0.0833788
-0.0884982
-0.0879236
-0.0801841
-0.0718081
-0.0694502
-0.0723345
-0.0756890
-0.0775740
-0.0786792
-0.0791079
-0.0787765
-0.0779311
-0.0754325
-0.0704773
-0.0669564
-0.0705784
-0.0800690
-0.0870600
-0.0867968
-0.0834558
-0.0828349
-0.0850015
-0.0861494
-0.0833513
-0.0764230
-0.0689420
-0.0668936
-0.0718580
-0.0770751
-0.0756045
-0.0704219
-0.0701250
-0.0762859
-0.0818347
-0.0812059
-0.0760313
-0.0713172
-0.0708830
-0.0754952
-0.0815534
-0.0836054
-0.0812260
-0.0797803
-0.0813550
-0.0804240
-0.0730500
-0.0647748
-0.0636295
-0.0696847
-0.0767558
-0.0806217
-0.0811834
-0.0802192
-0.0804982
-0.0835073
-0.0860607
-0.0836005
-0.0777304
-0.0746190
-0.0752897
-0.0746580
-0.0714731
-0.0714835
-0.0782334
-0.0871600
-0.0909035
-0.0851349
-0.0687419
-0.0443067
-0.0187753
0.0017374
0.0172160
0.0292870
0.0349047
0.0314356
0.0249281
0.0250758
0.0333196
0.0426566
0.0472251
0.0457902
0.0383282
0.0255500
0.0099027
-0.0073951
-0.0270343
-0.0461110
-0.0577305
-0.0603878
-0.0612376
-0.0651114
-0.0672641
-0.0630401
-0.0587623
-0.0671479
-0.0961523
-0.1447488
-0.2016809
-0.2423541
-0.2315492
-0.1345250
0.0719491
0.3881469
0.7734327
1.1379784
1.3713103
1.3987036
1.2195638
0.9000130
0.5350884
0.2076679
-0.0400688
-0.2105793
-0.3279426
-0.4103905
-0.4636220
-0.4889253
-0.4854250
-0.4489297
-0.3810176
-0.2985285
-0.2250563
-0.1737568
-0.1439110
-0.1294419
-0.1233150
-0.1183637
-0.1118257
-0.1061991
-0.1015446
-0.0933630
-0.0822967
-0.0769821
-0.0810234
-0.0857593
-0.0827415
-0.0754528
-0.0721991
-0.0746229
-0.0786222
-0.0798572
-0.0748307
-0.0638438
-0.0547135
-0.0550646
-0.0602460
-0.0587104
-0.0493076
-0.0417594
-0.0396947
-0.0356854
-0.0246484
-0.0105809
0.0017711
0.0119644
0.0201235
0.0271889
0.0377870
0.0545150
0.0724746
0.0876633
0.1052438
0.1300306
0.1555686
0.1735673
0.1874351
0.2051354
0.2252716
0.2416191
0.2551839
0.2710098
0.2886913
0.3048317
0.3186379
0.3284550
0.3308710
0.3286501
0.3294643
0.3321430
0.3265246
0.3118086
0.3009333
0.3005899
0.3009466
0.2917257
0.2750907
0.2566232
0.2363991
0.2143132
0.1927088
0.1706492
0.1464376
0.1253828
0.1126102
0.1007596
0.0793247
0.0528431
0.0340766
0.0230900
0.0098559
-0.0064153
-0.0176858
-0.0230138
-0.0279304
-0.0322617
-0.0333015
-0.0352653
-0.0419074
-0.0473986
-0.0472205
-0.0479225
-0.0534655
-0.0544455
-0.0443611
-0.0330995
-0.0306913
-0.0317219
-0.0287243
-0.0260099
-0.0279272
-0.0289290
-0.0262250
-0.0260354
-0.0284068
-0.0238576
-0.0126304
-0.0076635
-0.0121947
-0.0153340
-0.0143541
-0.0183588
-0.0262697
-0.0259980
-0.0189086
-0.0199093
-0.0306704
-0.0376887
-0.0375986
-0.0394397
-0.0434849
-0.0429806
-0.0426040
-0.0497911
-0.0551588
-0.0476330
-0.0383883
-0.0425601
-0.0508693
-0.0480523
-0.0431091
-0.0508569
-0.0612996
-0.0584164
-0.0504447
-0.0513862
-0.0536364
-0.0477639
-0.0451219
-0.0533731
-0.0575353
-0.0509583
-0.0520843
-0.0657599
-0.0666484
-0.0463024
-0.0335647
-0.0430124
-0.0504281
-0.0436502
-0.0453029
-0.0613080
-0.0640271
-0.0490722
-0.0470958
-0.0599916
-0.0542739
-0.0335419
-0.0390593
-0.0649404
-0.0620549
-0.0374596
-0.0473414
-0.0812684
-0.0728905
-0.0360855
-0.0494523
-0.0910642
-0.0597846
0.0092798
-0.0381518
-0.1643994
-0.0733101
0.3944345
