-0.1279692
-0.1319978
-0.1196748
-0.1163667
-0.1228339
-0.1200685
-0.1020490
-0.0809986
-0.0650166
-0.0509518
-0.0380436
-0.0311087
-0.0293685
-0.0258152
-0.0184855
-0.0115929
-0.0062146
-0.0001765
0.0036617
-0.0010965
-0.0146072
-0.0305501
-0.0451925
-0.0597022
-0.0743820
-0.0871245
-0.0969089
-0.1035720
-0.1053181
-0.1011193
-0.0945969
-0.0927658
-0.1032987
-0.1339241
-0.1869623
-0.2473688
-0.2793915
-0.2416358
-0.1064728
0.1327884
0.4606818
0.8306910
1.1573381
1.3335429
1.2792191
0.9936090
0.5695519
0.1484175
-0.1596936
-0.3307027
-0.4134744
-0.4684425
-0.5192723
-0.5536047
-0.5531620
-0.5145545
-0.4482554
-0.3691002
-0.2910720
-0.2266766
-0.1854087
-0.1688314
-0.1669668
-0.1638066
-0.1507042
-0.1337077
-0.1249953
-0.1282085
-0.1351939
-0.1360144
-0.1284034
-0.1172815
-0.1081388
-0.1020152
-0.0958245
-0.0874875
-0.0806700
-0.0820780
-0.0923533
-0.1020528
-0.0998403
-0.0841019
-0.0643641
-0.0517429
-0.0494482
-0.0517106
-0.0501552
-0.0412651
-0.0284697
-0.0171045
-0.0081227
0.0019499
0.0159403
0.0336760
0.0543524
0.0776142
0.1011970
0.1209411
0.1357631
0.1508783
0.1735277
0.2056276
0.2418383
0.2749612
0.3028848
0.3300855
0.3620146
0.3985436
0.4347988
0.4686328
0.5037050
0.5422240
0.5773633
0.5981131
0.6022424
0.6002776
0.6041110
0.6135490
0.6168001
0.6043632
0.5803691
0.5579390
0.5429367
0.5250246
0.4883160
0.4306314
0.3681767
0.3191099
0.2852408
0.2527647
0.2093402
0.1570432
0.1084109
0.0724895
0.0465220
0.0207707
-0.0101794
-0.0423740
-0.0684550
-0.0861697
-0.0988280
-0.1088682
-0.1146861
-0.1147494
-0.1120620
-0.1122886
-0.1180637
-0.1263965
-0.1317310
-0.1313383
-0.1277800
-0.1257699
-0.1265321
-0.1264293
-0.1220773
-0.1154778
-0.1121057
-0.1142481
-0.1181770
-0.1184770
-0.1140925
-0.1093386
-0.1088964
-0.1118048
-0.1110289
-0.1004474
-0.0826086
-0.0678269
-0.0642490
-0.0698173
-0.0753730
-0.0749005
-0.0710920
-0.0708289
-0.0765491
-0.0831371
-0.0836711
-0.0778070
-0.0729970
-0.0761851
-0.0853696
-0.0917103
-0.0900948
-0.0851679
-0.0854998
-0.0932391
-0.1013658
-0.1011467
-0.0914027
-0.0801180
-0.0770333
-0.0847625
-0.0972657
-0.1064500
-0.1089268
-0.1062043
-0.1007170
-0.0941169
-0.0886333
-0.0871490
-0.0906246
-0.0965398
-0.1009825
-0.1022357
-0.1020348
-0.1032417
-0.1062633
-0.1081692
-0.1061199
-0.1014668
-0.0990329
-0.1016784
-0.1067131
-0.1087477
-0.1055672
-0.1004101
-0.0987628
-0.1032337
-0.1109162
-0.1153494
-0.1118359
-0.1016730
-0.0910575
-0.0855850
-0.0859867
-0.0889922
-0.0914415
-0.0930497
-0.0954523
-0.0989523
-0.1007899
-0.0977763
-0.0911606
-0.0873942
-0.0920583
-0.1032118
-0.1126560
-0.1144423
-0.1108428
-0.1089696
-0.1122511
-0.1165300
-0.1150160
-0.1065209
-0.0976371
-0.0959312
-0.1016152
-0.1075278
-0.1075344
-0.1030972
-0.1003415
-0.1020773
-0.1048284
-0.1036738
-0.0983114
-0.0934380
-0.0936431
-0.0986405
-0.1037834
-0.1050847
-0.1031342
-0.1016772
-0.1029805
-0.1056396
-0.1068131
-0.1055151
-0.1034386
-0.1032919
-0.1064179
-0.1112281
-0.1139235
-0.1118251
-0.1064596
-0.1025631
-0.1034459
-0.1077382
-0.1110495
-0.1104228
-0.1067376
-0.1029328
-0.1004259
-0.0978728
-0.0936889
-0.0890107
-0.0867157
-0.0871423
-0.0861229
-0.0783994
-0.0624909
-0.0415509
-0.0204335
-0.0032829
0.0066235
0.0069478
-0.0021899
-0.0168184
-0.0301488
-0.0361205
-0.0330081
-0.0240989
-0.0148711
-0.0095991
-0.0105973
-0.0193736
-0.0362693
-0.0581479
-0.0780927
-0.0897618
-0.0929121
-0.0936336
-0.0975485
-0.1024764
-0.1000649
-0.0879630
-0.0803691
-0.1009625
-0.1584329
-0.2271072
-0.2555500
-0.1983634
-0.0410383
0.2032992
0.5119999
0.8554775
1.1779312
1.3875813
1.3897445
1.1511231
0.7390231
0.2904815
-0.0701483
-0.2966533
-0.4192966
-0.4914318
-0.5413385
-0.5659865
-0.5545850
-0.5078982
-0.4378469
-0.3583350
-0.2817377
-0.2203950
-0.1838434
-0.1711792
-0.1690890
-0.1618834
-0.1446930
-0.1255532
-0.1145966
-0.1131161
-0.1139000
-0.1103613
-0.1032865
-0.0987370
-0.1007017
-0.1065411
-0.1094730
-0.1051597
-0.0955957
-0.0866126
-0.0821588
-0.0814736
-0.0813013
-0.0797031
-0.0772083
-0.0747535
-0.0713305
-0.0643243
-0.0524782
-0.0381022
-0.0253867
-0.0161664
-0.0080238
0.0029368
0.0180288
0.0352417
0.0519465
0.0675119
0.0835184
0.1022477
0.1250716
0.1517009
0.1806124
0.2102902
0.2402771
0.2712892
0.3045135
0.3405906
0.3788328
0.4173303
0.4539675
0.4872211
0.5159758
0.5394304
0.5581112
0.5743938
0.5903922
0.6048658
0.6135077
0.6133992
0.6066395
0.5983799
0.5910784
0.5815648
0.5644791
0.5381696
0.5059306
0.4708715
0.4309800
0.3815218
0.3226740
0.2625579
0.2107153
0.1692519
0.1322866
0.0941615
0.0563182
0.0250571
0.0037280
-0.0110623
-0.0253097
-0.0411883
-0.0560665
-0.0673851
-0.0764786
-0.0862949
-0.0964838
-0.1029328
-0.1026558
-0.0977189
-0.0934348
-0.0934665
-0.0974322
-0.1024274
-0.1055318
-0.1049360
-0.1001581
-0.0924697
-0.0850492
-0.0815476
-0.0833380
-0.0880319
-0.0914697
-0.0916381
-0.0901665
-0.0895761
-0.0896819
-0.0874962
-0.0804153
-0.0688237
-0.0558885
-0.0457270
-0.0416358
-0.0446443
-0.0525694
-0.0606353
-0.0641407
-0.0616387
-0.0560197
-0.0522681
-0.0536089
-0.0595062
-0.0671769
-0.0743959
-0.0802356
-0.0837630
-0.0837956
-0.0808372
-0.0782324
-0.0798311
-0.0860501
-0.0927840
-0.0947551
-0.0902145
-0.0825347
-0.0772190
-0.0772343
-0.0812060
-0.0859239
-0.0898085
-0.0931739
-0.0955621
-0.0944402
-0.0878219
-0.0780631
-0.0718271
-0.0748412
-0.0859329
-0.0968046
-0.0991156
-0.0925247
-0.0850537
-0.0846786
-0.0910078
-0.0962433
-0.0941353
-0.0866341
-0.0810078
-0.0812922
-0.0840747
-0.0833123
-0.0784785
-0.0763316
-0.0835919
-0.0983742
-0.1103357
-0.1101529
-0.0985466
-0.0854704
-0.0805065
-0.0842240
-0.0886636
-0.0859391
-0.0763771
-0.0683136
-0.0698506
-0.0809088
-0.0935615
-0.0998788
-0.0987948
-0.0952997
-0.0939932
-0.0945912
-0.0937974
-0.0904083
-0.0871063
-0.0867208
-0.0878914
-0.0863790
-0.0812376
-0.0779145
-0.0829989
-0.0957550
-0.1067647
-0.1065792
-0.0956046
-0.0843966
-0.0835961
-0.0937072
-0.1050456
-0.1075293
-0.0999415
-0.0895488
-0.0838419
-0.0841890
-0.0875060
-0.0920121
-0.0991285
-0.1095165
-0.1189538
-0.1201444
-0.1096949
-0.0930433
-0.0811075
-0.0806609
-0.0879273
-0.0927707
-0.0898030
-0.0844957
-0.0871092
-0.1006135
-0.1158950
-0.1200966
-0.1096956
-0.0943283
-0.0869281
-0.0906094
-0.0964705
-0.0943184
-0.0838321
-0.0738285
-0.0716179
-0.0753552
-0.0772670
-0.0722944
-0.0616713
-0.0488092
-0.0343862
-0.0172651
0.0006117
0.0127032
0.0128746
0.0016874
-0.0131939
-0.0228811
-0.0232291
-0.0160698
-0.0068684
-0.0020851
-0.0068743
-0.0224959
-0.0450553
-0.0678602
-0.0859593
-0.0982745
-0.1054431
-0.1070550
-0.1026605
-0.0951906
-0.0909588
-0.0943931
-0.1039499
-0.1162054
-0.1342244
-0.1671246
-0.2151949
-0.2535833
-0.2345710
-0.1123537
0.1279137
0.4580850
0.8156376
1.1211150
1.2958580
1.2829791
1.0729271
0.7191646
0.3227660
-0.0151798
-0.2430359
-0.3721974
-0.4467746
-0.4996797
-0.5328709
-0.5310345
-0.4866574
-0.4110956
-0.3269240
-0.2545606
-0.2050895
-0.1799778
-0.1729537
-0.1727658
-0.1686260
-0.1567598
-0.1421673
-0.1326846
-0.1307541
-0.1313627
-0.1277987
-0.1183634
-0.1070731
-0.0987891
-0.0947127
-0.0924629
-0.0895668
-0.0862319
-0.0847415
-0.0864670
-0.0897815
-0.0910651
-0.0877295
-0.0802277
-0.0712853
-0.0633822
-0.0569109
-0.0505002
-0.0428720
-0.0341209
-0.0249691
-0.0150319
-0.0026238
0.0132067
0.0309044
0.0475395
0.0620093
0.0767469
0.0958598
0.1214891
0.1520221
0.1838254
0.2145585
0.2446192
0.2755419
0.3077424
0.3404760
0.3735202
0.4075544
0.4422561
0.4749289
0.5023337
0.5241560
0.5438836
0.5655012
0.5892206
0.6107811
0.6251137
0.6304546
0.6285686
0.6212590
0.6076794
0.5858774
0.5566725
0.5249121
0.4960010
0.4708544
0.4442664
0.4086481
0.3603428
0.3033062
0.2468355
0.1990408
0.1615584
0.1297771
0.0976924
0.0627645
0.0271376
-0.0047408
-0.0295639
-0.0471434
-0.0599020
-0.0706412
-0.0804852
-0.0886192
-0.0938454
-0.0963803
-0.0980716
-0.1007150
-0.1042445
-0.1070124
-0.1080391
-0.1083966
-0.1096688
-0.1113482
-0.1108391
-0.1064476
-0.0996229
-0.0935800
-0.0901425
-0.0887032
-0.0880177
-0.0877535
-0.0874841
-0.0849436
-0.0770952
-0.0640706
-0.0513734
-0.0463783
-0.0515721
-0.0617483
-0.0688326
-0.0695022
-0.0673966
-0.0677935
-0.0710486
-0.0721954
-0.0669820
-0.0574645
-0.0507620
-0.0520283
-0.0591348
-0.0649348
-0.0648028
-0.0613668
-0.0614943
-0.0690028
-0.0807541
-0.0896683
-0.0910720
-0.0862307
-0.0804952
-0.0786145
-0.0814821
-0.0862495
-0.0886849
-0.0858679
-0.0781784
-0.0697142
-0.0660114
-0.0697079
-0.0779210
-0.0848419
-0.0876235
-0.0890214
-0.0932753
-0.0999120
-0.1033470
-0.0994362
-0.0911177
-0.0855875
-0.0858080
-0.0870609
-0.0837295
-0.0781290
-0.0791726
-0.0908872
-0.1048007
-0.1071793
-0.0941417
-0.0769726
-0.0706957
-0.0785605
-0.0897798
-0.0922860
-0.0854519
-0.0790759
-0.0814394
-0.0907326
-0.0983274
-0.0982420
-0.0918932
-0.0849028
-0.0816419
-0.0831172
-0.0879397
-0.0935496
-0.0971035
-0.0968932
-0.0935417
-0.0893059
-0.0860043
-0.0840830
-0.0837269
-0.0858177
-0.0906482
-0.0958550
-0.0971027
-0.0921048
-0.0837839
-0.0782738
-0.0792067
-0.0845482
-0.0896260
-0.0926552
-0.0960884
-0.1023078
-0.1091168
-0.1108162
-0.1041488
-0.0926494
-0.0843144
-0.0845295
-0.0913858
-0.0981509
-0.1000249
-0.0978504
-0.0953497
-0.0940890
-0.0924678
-0.0892777
-0.0863741
-0.0864869
-0.0890851
-0.0902793
-0.0875483
-0.0830832
-0.0804448
-0.0780150
-0.0682872
-0.0458346
-0.0154090
0.0101701
0.0212230
0.0194425
0.0144500
0.0134893
0.0159971
0.0175386
0.0164173
0.0147658
0.0141477
0.0121523
0.0040316
-0.0129571
-0.0368678
-0.0615225
-0.0792712
-0.0852220
-0.0810370
-0.0742420
-0.0715076
-0.0722213
-0.0714495
-0.0710355
-0.0845860
-0.1256418
-0.1884121
-0.2423310
-0.2473098
-0.1724560
-0.0000087
0.2782182
0.6484714
1.0459422
1.3462931
1.4145908
1.1934078
0.7574844
0.2766147
-0.0916429
-0.2919345
-0.3740172
-0.4210273
-0.4768449
-0.5305528
-0.5515485
-0.5270591
-0.4685624
-0.3948571
-0.3186495
-0.2481889
-0.1931556
-0.1620727
-0.1538718
-0.1560232
-0.1539813
-0.1427203
-0.1283407
-0.1188918
-0.1152643
-0.1120115
-0.1057887
-0.1000875
-0.0999597
-0.1037180
-0.1033729
-0.0945926
-0.0835022
-0.0800560
-0.0848541
-0.0864395
-0.0744421
-0.0534909
-0.0398627
-0.0430777
-0.0539547
-0.0542120
-0.0370820
-0.0147569
-0.0040520
-0.0075617
-0.0120934
-0.0045950
0.0143783
0.0343522
0.0486659
0.0608076
0.0777209
0.1007900
0.1256623
0.1489527
0.1718525
0.1969210
0.2242565
0.2529257
0.2846399
0.3228186
0.3671619
0.4114319
0.4487809
0.4786086
0.5060539
0.5345601
0.5612423
0.5812243
0.5949938
0.6083233
0.6239948
0.6361330
0.6357061
0.6214218
0.6020413
0.5858656
0.5697415
0.5419796
0.4968921
0.4434530
0.3966992
0.3614188
0.3275999
0.2832899
0.2296060
0.1801135
0.1455336
0.1219173
0.0957270
0.0591698
0.0179827
-0.0159959
-0.0373351
-0.0503941
-0.0619859
-0.0739311
-0.0837475
-0.0902142
-0.0954374
-0.1013796
-0.1066369
-0.1082865
-0.1062149
-0.1038935
-0.1044505
-0.1072814
-0.1097046
-0.1112490
-0.1143601
-0.1200143
-0.1240079
-0.1197503
-0.1054844
-0.0877028
-0.0761082
-0.0749427
-0.0797653
-0.0827584
-0.0803187
-0.0747713
-0.0694980
-0.0644587
-0.0577276
-0.0502343
-0.0464346
-0.0491370
-0.0550988
-0.0579289
-0.0556488
-0.0535449
-0.0579115
-0.0676170
-0.0740832
-0.0707911
-0.0615322
-0.0570496
-0.0630601
-0.0734240
-0.0769450
-0.0704259
-0.0628974
-0.0658666
-0.0804816
-0.0959407
-0.1006086
-0.0933474
-0.0832086
-0.0791547
-0.0818556
-0.0856473
-0.0864274
-0.0854788
-0.0858158
-0.0872715
-0.0871452
-0.0849861
-0.0842923
-0.0880744
-0.0937876
-0.0948478
-0.0881491
-0.0789762
-0.0766342
-0.0845952
-0.0960141
-0.1002259
-0.0935646
-0.0826526
-0.0766731
-0.0776343
-0.0796361
-0.0773200
-0.0729103
-0.0732957
-0.0808559
-0.0893997
-0.0904472
-0.0826147
-0.0731567
-0.0701692
-0.0748279
-0.0821332
-0.0877544
-0.0917666
-0.0954652
-0.0970987
-0.0933576
-0.0848993
-0.0779090
-0.0783414
-0.0852054
-0.0913128
-0.0911741
-0.0868861
-0.0850629
-0.0886249
-0.0933570
-0.0931614
-0.0874043
-0.0815888
-0.0809693
-0.0850042
-0.0888953
-0.0896262
-0.0889066
-0.0898684
-0.0922229
-0.0922116
-0.0874148
-0.0802843
-0.0758080
-0.0760410
-0.0782232
-0.0788163
-0.0783590
-0.0807926
-0.0876694
-0.0944217
-0.0941919
-0.0858727
-0.0771037
-0.0775864
-0.0889623
-0.1023428
-0.1069525
-0.1010348
-0.0931897
-0.0926753
-0.0994593
-0.1049281
-0.1019635
-0.0926450
-0.0851015
-0.0839121
-0.0857085
-0.0848514
-0.0816089
-0.0822590
-0.0906223
-0.1014322
-0.1043097
-0.0946770
-0.0794473
-0.0708108
-0.0745674
-0.0852824
-0.0928632
-0.0929439
-0.0901193
-0.0914751
-0.0981368
-0.1038007
-0.1011502
-0.0890853
-0.0737151
-0.0627535
-0.0589165
-0.0580469
-0.0530820
-0.0401441
-0.0216232
-0.0038819
0.0080681
0.0138857
0.0163106
0.0170191
0.0151328
0.0103017
0.0060873
0.0079631
0.0165618
0.0239452
0.0190191
-0.0020224
-0.0313695
-0.0567182
-0.0722700
-0.0815934
-0.0903117
-0.0987341
-0.1034457
-0.1041621
-0.1050986
-0.1087048
-0.1121190
-0.1143513
-0.1257032
-0.1624529
-0.2246432
-0.2780678
-0.2636483
-0.1317217
0.1266471
0.4747386
0.8469870
1.1661786
1.3531649
1.3427657
1.1152816
0.7240846
0.2847825
-0.0817311
-0.3140251
-0.4304419
-0.4908017
-0.5380001
-0.5712945
-0.5662699
-0.5114334
-0.4234063
-0.3324927
-0.2603680
-0.2120575
-0.1830496
-0.1677518
-0.1609059
-0.1562366
-0.1488341
-0.1393521
-0.1331058
-0.1332306
-0.1357354
-0.1332008
-0.1235142
-0.1132562
-0.1110048
-0.1175940
-0.1243223
-0.1214397
-0.1078490
-0.0917781
-0.0822581
-0.0809488
-0.0825428
-0.0819111
-0.0791877
-0.0775597
-0.0775601
-0.0753267
-0.0668366
-0.0526556
-0.0372704
-0.0238419
-0.0108552
0.0052079
0.0245285
0.0428155
0.0563298
0.0673382
0.0830996
0.1086666
0.1411836
0.1721927
0.1957325
0.2136172
0.2325770
0.2570654
0.2859431
0.3160541
0.3473947
0.3830740
0.4241131
0.4658184
