-0.0879172
-0.0870313
-0.0869849
-0.0867779
-0.0881449
-0.0910169
-0.0907564
-0.0821706
-0.0659864
-0.0492096
-0.0379419
-0.0310257
-0.0224139
-0.0093550
0.0040964
0.0130114
0.0195047
0.0320521
0.0560865
0.0869820
0.1142781
0.1326910
0.1473367
0.1674603
0.1962826
0.2284464
0.2570199
0.2810862
0.3053204
0.3331241
0.3620913
0.3867567
0.4044737
0.4172755
0.4284764
0.4392097
0.4490270
0.4584220
0.4685194
0.4776644
0.4800010
0.4696220
0.4466522
0.4178437
0.3898260
0.3622563
0.3292804
0.2881885
0.2448955
0.2088720
0.1827778
0.1591005
0.1283908
0.0900040
0.0530486
0.0265235
0.0100186
-0.0047143
-0.0238930
-0.0452601
-0.0617726
-0.0699370
-0.0728780
-0.0758466
-0.0808247
-0.0863485
-0.0910592
-0.0954570
-0.1001161
-0.1038188
-0.1046704
-0.1026428
-0.0998753
-0.0981612
-0.0969820
-0.0948336
-0.0921222
-0.0914994
-0.0946328
-0.0992450
-0.1004720
-0.0956087
-0.0871528
-0.0806918
-0.0796828
-0.0824507
-0.0844259
-0.0832163
-0.0810928
-0.0821435
-0.0871938
-0.0922547
-0.0924382
-0.0871047
-0.0805976
-0.0778839
-0.0799429
-0.0836973
-0.0860713
-0.0873363
-0.0900230
-0.0949633
-0.0994415
-0.0999249
-0.0962646
-0.0923621
-0.0924234
-0.0969791
-0.1028620
-0.1067684
-0.1083927
-0.1100279
-0.1133853
-0.1171884
-0.1182304
-0.1148992
-0.1093620
-0.1058526
-0.1067128
-0.1103401
-0.1131519
-0.1134261
-0.1129725
-0.1148499
-0.1194830
-0.1234487
-0.1226478
-0.1167562
-0.1100536
-0.1075075
-0.1102365
-0.1150230
-0.1179349
-0.1179663
-0.1172484
-0.1182170
-0.1208691
-0.1227020
-0.1211759
-0.1161949
-0.1103129
-0.1067714
-0.1073721
-0.1117146
-0.1177018
-0.1225591
-0.1239554
-0.1209952
-0.1147361
-0.1079639
-0.1040795
-0.1051644
-0.1102137
-0.1154078
-0.1170764
-0.1149899
-0.1124853
-0.1129339
-0.1161111
-0.1183714
-0.1166024
-0.1118564
-0.1085944
-0.1099710
-0.1142161
-0.1165177
-0.1146343
-0.1116590
-0.1123511
-0.1172189
-0.1214602
-0.1201345
-0.1135831
-0.1068951
-0.1040721
-0.1034271
-0.0992353
-0.0876285
-0.0701627
-0.0515622
-0.0350088
-0.0205005
-0.0070707
0.0050217
0.0146464
0.0210806
0.0241576
0.0240375
0.0218601
0.0199690
0.0198155
0.0191457
0.0126856
-0.0026785
-0.0233941
-0.0415433
-0.0527567
-0.0607437
-0.0719706
-0.0860872
-0.0945840
-0.0910995
-0.0815687
-0.0811096
-0.1004096
-0.1373666
-0.1823490
-0.2267438
-0.2593036
-0.2519500
-0.1563260
0.0714821
0.4290102
0.8436568
1.1944623
1.3701893
1.3238421
1.0879460
0.7471451
0.3932045
0.0907496
-0.1340277
-0.2858510
-0.3842571
-0.4475338
-0.4826397
-0.4850901
-0.4487261
-0.3783088
-0.2938449
-0.2213085
-0.1769652
-0.1591381
-0.1541090
-0.1493708
-0.1417942
-0.1350911
-0.1318432
-0.1294118
-0.1233869
-0.1134955
-0.1044610
-0.1007368
-0.1015896
-0.1023607
-0.0999632
-0.0958687
-0.0935425
-0.0939105
-0.0940228
-0.0900463
-0.0812993
-0.0712786
-0.0646228
-0.0628905
-0.0631722
-0.0606528
-0.0524952
-0.0397495
-0.0261739
-0.0150614
-0.0063454
0.0034819
0.0179866
0.0370120
0.0567761
0.0739705
0.0890798
0.1051123
0.1236833
0.1434472
0.1626782
0.1826392
0.2072526
0.2387173
0.2738005
0.3056782
0.3301780
0.3496051
0.3695881
0.3925820
0.4155213
0.4337797
0.4462356
0.4557545
0.4651564
0.4734352
0.4762875
0.4704256
0.4571117
0.4408398
0.4242760
0.4050810
0.3784520
0.3428230
0.3026168
0.2650126
0.2336449
0.2052376
0.1728810
0.1334369
0.0916382
0.0559083
0.0299318
0.0094677
-0.0118715
-0.0347882
-0.0536158
-0.0632612
-0.0654695
-0.0673366
-0.0740051
-0.0838794
-0.0916076
-0.0949734
-0.0972443
-0.1023289
-0.1093421
-0.1137328
-0.1132152
-0.1105899
-0.1101639
-0.1127758
-0.1153949
-0.1150384
-0.1120570
-0.1093938
-0.1090890
-0.1099671
-0.1088978
-0.1040616
-0.0966167
-0.0893749
-0.0844518
-0.0820899
-0.0808667
-0.0788810
-0.0757622
-0.0739038
-0.0764174
-0.0827627
-0.0873988
-0.0846602
-0.0753317
-0.0670577
-0.0670657
-0.0746202
-0.0816746
-0.0816418
-0.0768708
-0.0759256
-0.0830948
-0.0924890
-0.0945566
-0.0877022
-0.0807384
-0.0828370
-0.0929225
-0.1008968
-0.0988877
-0.0896129
-0.0830340
-0.0856181
-0.0939928
-0.0993174
-0.0968172
-0.0898458
-0.0849826
-0.0849790
-0.0873748
-0.0886270
-0.0879412
-0.0873648
-0.0893313
-0.0940706
-0.0986235
-0.0987390
-0.0929390
-0.0848856
-0.0806632
-0.0829555
-0.0882378
-0.0904645
-0.0877605
-0.0847754
-0.0872756
-0.0942956
-0.0974127
-0.0896446
-0.0744721
-0.0637204
-0.0656937
-0.0768715
-0.0862865
-0.0869480
-0.0817056
-0.0785470
-0.0817188
-0.0879767
-0.0908035
-0.0873232
-0.0806299
-0.0758164
-0.0748508
-0.0758385
-0.0763584
-0.0763289
-0.0775792
-0.0812001
-0.0854046
-0.0861828
-0.0811000
-0.0729977
-0.0686775
-0.0723659
-0.0808121
-0.0863163
-0.0848723
-0.0802744
-0.0795929
-0.0850907
-0.0913445
-0.0907626
-0.0818987
-0.0716457
-0.0685294
-0.0742103
-0.0825340
-0.0866370
-0.0854897
-0.0831026
-0.0828448
-0.0837517
-0.0817650
-0.0734961
-0.0587996
-0.0403401
-0.0211048
-0.0026620
0.0141561
0.0277571
0.0360452
0.0381754
0.0355415
0.0313129
0.0293462
0.0323295
0.0390898
0.0436887
0.0391076
0.0232862
0.0013293
-0.0189632
-0.0339398
-0.0463131
-0.0603265
-0.0749224
-0.0830361
-0.0792975
-0.0681827
-0.0624417
-0.0725521
-0.0992579
-0.1371725
-0.1823457
-0.2307927
-0.2665435
-0.2527315
-0.1403897
0.1041512
0.4687154
0.8831088
1.2376783
1.4262532
1.3917636
1.1506990
0.7834960
0.3955650
0.0703060
-0.1588543
-0.3033887
-0.3919014
-0.4443341
-0.4646975
-0.4498423
-0.4014411
-0.3314530
-0.2590027
-0.2019287
-0.1686487
-0.1554358
-0.1506302
-0.1430380
-0.1292565
-0.1147611
-0.1074312
-0.1090162
-0.1131788
-0.1123182
-0.1054342
-0.0983197
-0.0966181
-0.0998064
-0.1019509
-0.0978004
-0.0882399
-0.0798566
-0.0784868
-0.0829338
-0.0859200
-0.0817664
-0.0723109
-0.0644701
-0.0624182
-0.0628934
-0.0582852
-0.0443584
-0.0250331
-0.0089778
-0.0008117
0.0036428
0.0122324
0.0273543
0.0439891
0.0570425
0.0684737
0.0854514
0.1120054
0.1439110
0.1725073
0.1935151
0.2115190
0.2349505
0.2667666
0.3013711
0.3311814
0.3546200
0.3762516
0.4002098
0.4254637
0.4474272
0.4626671
0.4715961
0.4772494
0.4816572
0.4832805
0.4783842
0.4651613
0.4458845
0.4245834
0.4031488
0.3800542
0.3523650
0.3188232
0.2815667
0.2447917
0.2108685
0.1778778
0.1421843
0.1035832
0.0666041
0.0362784
0.0136621
-0.0040848
-0.0202984
-0.0361603
-0.0507273
-0.0628738
-0.0730486
-0.0827067
-0.0917595
-0.0976196
-0.0980564
-0.0946312
-0.0919901
-0.0935578
-0.0985404
-0.1030258
-0.1036228
-0.1005818
-0.0978586
-0.0992938
-0.1040146
-0.1065955
-0.1028630
-0.0947677
-0.0882564
-0.0867782
-0.0881337
-0.0877081
-0.0838505
-0.0795337
-0.0785988
-0.0805704
-0.0803521
-0.0742962
-0.0657227
-0.0621103
-0.0664518
-0.0735493
-0.0760421
-0.0725523
-0.0683385
-0.0686388
-0.0728899
-0.0758659
-0.0739769
-0.0696508
-0.0685809
-0.0726794
-0.0774891
-0.0779167
-0.0751295
-0.0753851
-0.0821232
-0.0912849
-0.0952212
-0.0902858
-0.0802150
-0.0726215
-0.0722160
-0.0770703
-0.0816472
-0.0833226
-0.0847305
-0.0892448
-0.0957652
-0.0994988
-0.0972664
-0.0908159
-0.0851221
-0.0839966
-0.0868667
-0.0894842
-0.0884820
-0.0853829
-0.0849700
-0.0893357
-0.0949061
-0.0962046
-0.0916138
-0.0845933
-0.0797983
-0.0786412
-0.0785771
-0.0768364
-0.0747917
-0.0771789
-0.0856203
-0.0943287
-0.0950802
-0.0866795
-0.0770522
-0.0748239
-0.0803106
-0.0860721
-0.0856427
-0.0804834
-0.0778578
-0.0821147
-0.0892153
-0.0913195
-0.0863206
-0.0802616
-0.0793345
-0.0821982
-0.0828296
-0.0794789
-0.0774127
-0.0821211
-0.0918321
-0.0982830
-0.0950362
-0.0847166
-0.0772361
-0.0798670
-0.0894658
-0.0960385
-0.0939440
-0.0876172
-0.0856250
-0.0909997
-0.0987549
-0.1017956
-0.0979844
-0.0917292
-0.0892512
-0.0923305
-0.0971114
-0.0993252
-0.0991768
-0.0992563
-0.0986437
-0.0919907
-0.0752398
-0.0505822
-0.0249643
-0.0046240
0.0085890
0.0164576
0.0207234
0.0206417
0.0151085
0.0070393
0.0031645
0.0073843
0.0153522
0.0177452
0.0089003
-0.0087920
-0.0284513
-0.0453511
-0.0601292
-0.0760189
-0.0928054
-0.1041484
-0.1028952
-0.0899935
-0.0768892
-0.0780705
-0.1014332
-0.1447092
-0.1976653
-0.2450353
-0.2675382
-0.2414340
-0.1392389
0.0630547
0.3689545
0.7420932
1.1015679
1.3442404
1.3884055
1.2159540
0.8855618
0.5036264
0.1685583
-0.0735570
-0.2323758
-0.3413497
-0.4227867
-0.4760929
-0.4894211
-0.4577137
-0.3915967
-0.3129137
-0.2432850
-0.1953638
-0.1709956
-0.1635708
-0.1619171
-0.1563426
-0.1449145
-0.1336691
-0.1290696
-0.1307157
-0.1322658
-0.1282844
-0.1189302
-0.1089280
-0.1032229
-0.1030707
-0.1054991
-0.1067532
-0.1059774
-0.1045503
-0.1025645
-0.0982366
-0.0910169
-0.0830345
-0.0765663
-0.0716222
-0.0667627
-0.0610759
-0.0547709
-0.0485657
-0.0424506
-0.0344540
-0.0216330
-0.0036876
0.0154808
0.0318409
0.0462089
0.0630328
0.0845100
0.1080159
0.1296195
0.1486493
0.1684045
0.1929924
0.2232714
0.2556007
0.2852527
0.3109927
0.3348473
0.3576064
0.3774488
0.3940794
0.4110575
0.4312528
0.4516407
0.4654673
0.4693721
0.4665923
0.4629154
0.4602087
0.4541580
0.4387654
0.4134168
0.3841973
0.3566985
0.3290611
0.2951065
0.2537139
0.2113963
0.1747009
0.1431303
0.1114296
0.0771479
0.0440493
0.0181747
0.0011124
-0.0124226
-0.0293296
-0.0502738
-0.0689243
-0.0799394
-0.0852667
-0.0904059
-0.0967088
-0.1007349
-0.1002785
-0.0976229
-0.0963247
-0.0969976
-0.0973147
-0.0955769
-0.0937723
-0.0962649
-0.1041662
-0.1117313
-0.1111119
-0.1013099
-0.0898529
-0.0845854
-0.0862685
-0.0904514
-0.0937933
-0.0960979
-0.0976462
-0.0971039
-0.0925183
-0.0839930
-0.0752217
-0.0711717
-0.0729348
-0.0761022
-0.0762578
-0.0747520
-0.0760812
-0.0804011
-0.0824599
-0.0787402
-0.0727029
-0.0713080
-0.0774996
-0.0869567
-0.0920203
-0.0892788
-0.0834929
-0.0825746
-0.0881686
-0.0935950
-0.0924962
-0.0867122
-0.0829828
-0.0841218
-0.0869162
-0.0878299
-0.0874872
-0.0889348
-0.0931412
-0.0970418
-0.0963135
-0.0906205
-0.0851863
-0.0852240
-0.0895481
-0.0926499
-0.0928029
-0.0941482
-0.0996206
-0.1056079
-0.1062062
-0.1006846
-0.0944078
-0.0931247
-0.0974959
-0.1028903
-0.1045060
-0.1029305
-0.1032923
-0.1078858
-0.1120141
-0.1098029
-0.1021545
-0.0953449
-0.0929530
-0.0932662
-0.0944888
-0.0982598
-0.1062166
-0.1152999
-0.1186479
-0.1117763
-0.0981790
-0.0879708
-0.0888139
-0.0980257
-0.1061528
-0.1083749
-0.1084828
-0.1105036
-0.1114160
-0.1060161
-0.0958812
-0.0888933
-0.0904806
-0.0983210
-0.1056715
-0.1081503
-0.1070547
-0.1065958
-0.1081703
-0.1086372
-0.1053197
-0.1005982
-0.0987268
-0.0997908
-0.1006470
-0.1007150
-0.1020433
-0.1032910
-0.0982339
-0.0821428
-0.0570861
-0.0298366
-0.0065573
0.0099493
0.0198095
0.0240403
0.0229219
0.0173425
0.0116150
0.0116045
0.0177879
0.0227723
0.0185001
0.0040358
-0.0159700
-0.0377534
-0.0599303
-0.0803423
-0.0951831
-0.1014609
-0.0990092
-0.0910110
-0.0835778
-0.0835856
-0.0960758
-0.1240099
-0.1678416
-0.2202558
-0.2606928
-0.2594394
-0.1891622
-0.0316106
0.2213978
0.5594385
0.9353783
1.2594113
1.4265738
1.3697083
1.1023819
0.7171280
0.3345925
0.0382540
-0.1565084
-0.2810512
-0.3697253
-0.4356690
-0.4755850
-0.4832013
-0.4562126
-0.3989216
-0.3238663
-0.2490592
-0.1904682
-0.1554130
-0.1408493
-0.1366338
-0.1326499
-0.1253757
-0.1174362
-0.1113225
-0.1065308
-0.1028097
-0.1014172
-0.1012840
-0.0983987
-0.0917916
-0.0863610
-0.0865637
-0.0899961
-0.0900026
-0.0828436
-0.0707527
-0.0598403
-0.0556241
-0.0581516
-0.0610729
-0.0579161
-0.0489951
-0.0394546
-0.0316910
-0.0235786
-0.0132891
-0.0013882
0.0117019
0.0262378
0.0411278
0.0548831
0.0684090
0.0839136
0.1018704
0.1218300
0.1447134
0.1712037
0.1994574
0.2273855
0.2554146
0.2842348
0.3120075
0.3366682
0.3589235
0.3806343
0.4026177
0.4256921
0.4503326
0.4731433
0.4876362
0.4913578
0.4888938
0.4853868
0.4805206
0.4712869
0.4573908
0.4414331
0.4259114
0.4108936
0.3921763
0.3624237
0.3184124
0.2670985
0.2200669
0.1818739
0.1480337
0.1138105
0.0798409
0.0491239
0.0234769
0.0034568
-0.0121588
-0.0266556
-0.0417877
-0.0550404
-0.0637858
-0.0700871
-0.0775197
-0.0855093
-0.0909458
-0.0932643
-0.0941141
-0.0942918
-0.0943327
-0.0953357
-0.0962086
-0.0936598
-0.0880530
-0.0852418
-0.0890510
-0.0956522
-0.0986175
-0.0959609
-0.0896870
-0.0824829
-0.0772215
-0.0755370
-0.0748823
-0.0711749
-0.0655279
-0.0634614
-0.0663705
-0.0690196
-0.0667191
-0.0602112
-0.0529987
-0.0486603
-0.0503506
-0.0573887
-0.0629282
-0.0609081
-0.0547963
-0.0536707
-0.0602909
-0.0685164
-0.0715604
-0.0678227
-0.0603317
-0.0553374
-0.0590119
-0.0705004
-0.0809154
-0.0837299
-0.0825152
-0.0838130
-0.0870075
-0.0868473
-0.0818970
-0.0751366
-0.0698308
-0.0689640
-0.0743678
-0.0826479
-0.0868096
-0.0851631
-0.0833396
-0.0850061
-0.0869252
-0.0857528
-0.0829062
-0.0800955
-0.0768749
-0.0748565
-0.0773340
-0.0827777
-0.0855992
-0.0846701
-0.0841946
-0.0856982
-0.0863950
-0.0854439
-0.0845442
-0.0830794
-0.0799047
-0.0781541
-0.0806349
-0.0831067
-0.0804434
-0.0764723
-0.0788362
-0.0867525
-0.0923072
-0.0912427
-0.0851694
-0.0768600
-0.0702601
-0.0704165
-0.0767451
-0.0817586
-0.0821430
-0.0838572
-0.0903718
-0.0946734
-0.0902018
-0.0813721
-0.0760983
-0.0757368
-0.0783252
-0.0833091
-0.0879481
-0.0879644
-0.0857737
-0.0884020
-0.0944751
-0.0944876
-0.0865792
-0.0800273
-0.0805445
-0.0841043
-0.0869777
-0.0896004
-0.0899166
-0.0856932
-0.0830550
-0.0894770
-0.0995879
-0.1013255
-0.0936144
-0.0842437
-0.0743371
-0.0595980
-0.0422531
-0.0270969
-0.0114463
0.0066676
0.0181371
0.0157585
0.0090041
0.0109125
0.0197605
0.0274772
0.0339484
0.0387455
0.0329716
0.0142676
-0.0051908
-0.0193678
-0.0391370
-0.0686572
-0.0915419
-0.0957125
-0.0912709
-0.0897673
-0.0883022
-0.0871381
-0.0986084
-0.1267416
-0.1631143
-0.2086854
-0.2660713
-0.3027011
-0.2595273
-0.1058385
0.1493565
0.4941638
0.9019322
1.2747900
1.4681479
1.4042732
1.1230073
0.7195401
0.2933664
-0.0487098
-0.2390501
-0.3275194
-0.4223906
-0.5207502
-0.4988718
-0.3180464
