-0.0497592
-0.0473666
-0.0729213
-0.0719804
-0.0468744
-0.0392233
-0.0576765
-0.0718686
-0.0672335
-0.0607159
-0.0634713
-0.0650908
-0.0580299
-0.0493321
-0.0451242
-0.0452682
-0.0532625
-0.0718504
-0.0901739
-0.0933006
-0.0830492
-0.0740630
-0.0723821
-0.0722743
-0.0701178
-0.0671337
-0.0620864
-0.0544466
-0.0512193
-0.0586533
-0.0705981
-0.0756656
-0.0723867
-0.0679816
-0.0660802
-0.0643584
-0.0610566
-0.0569676
-0.0541540
-0.0567092
-0.0671232
-0.0783492
-0.0775252
-0.0630383
-0.0502543
-0.0536841
-0.0691840
-0.0796633
-0.0741339
-0.0571965
-0.0439262
-0.0476098
-0.0672969
-0.0855628
-0.0841574
-0.0637707
-0.0433729
-0.0393339
-0.0506243
-0.0644248
-0.0693631
-0.0621438
-0.0479585
-0.0371135
-0.0370859
-0.0461222
-0.0566420
-0.0634668
-0.0656667
-0.0634729
-0.0586723
-0.0559221
-0.0581059
-0.0615950
-0.0608071
-0.0560303
-0.0523225
-0.0522375
-0.0540555
-0.0560588
-0.0584899
-0.0615163
-0.0636972
-0.0623669
-0.0558268
-0.0477318
-0.0479213
-0.0621386
-0.0789314
-0.0743073
-0.0359891
0.0197079
0.0604878
0.0676009
0.0513220
0.0387174
0.0474330
0.0700462
0.0833429
0.0735199
0.0505405
0.0354889
0.0367851
0.0439039
0.0427256
0.0301888
0.0126682
-0.0040386
-0.0194417
-0.0356390
-0.0524470
-0.0650618
-0.0672192
-0.0584262
-0.0476647
-0.0485628
-0.0712738
-0.1179930
-0.1804553
-0.2360637
-0.2475198
-0.1721910
0.0213676
0.3360970
0.7318501
1.1212559
1.3901644
1.4446516
1.2599815
0.8971599
0.4734733
0.1043905
-0.1483773
-0.2918540
-0.3732230
-0.4330571
-0.4781482
-0.4900628
-0.4527900
-0.3725376
-0.2769655
-0.1983232
-0.1538515
-0.1381514
-0.1332443
-0.1256668
-0.1139599
-0.1030198
-0.0960067
-0.0921960
-0.0890439
-0.0845432
-0.0789106
-0.0744545
-0.0728208
-0.0728659
-0.0723683
-0.0707080
-0.0683751
-0.0653135
-0.0616883
-0.0587796
-0.0567272
-0.0525727
-0.0432444
-0.0302780
-0.0196596
-0.0167770
-0.0219746
-0.0300978
-0.0338336
-0.0289274
-0.0170585
-0.0027796
0.0120005
0.0284115
0.0460196
0.0616319
0.0741850
0.0876124
0.1061413
0.1283400
0.1483510
0.1628709
0.1756997
0.1950967
0.2261915
0.2652278
0.3018776
0.3284213
0.3461463
0.3618901
0.3799954
0.3997519
0.4191359
0.4376466
0.4553761
0.4719367
0.4869349
0.4999102
0.5096006
0.5144475
0.5135495
0.5060039
0.4900272
0.4643546
0.4304476
0.3923172
0.3541219
0.3179100
0.2827812
0.2463203
0.2083847
0.1732935
0.1455557
0.1225422
0.0945178
0.0547777
0.0086910
-0.0296271
-0.0498343
-0.0540212
-0.0536562
-0.0587487
-0.0697680
-0.0798491
-0.0843447
-0.0863260
-0.0914250
-0.0995505
-0.1052915
-0.1061996
-0.1068152
-0.1126703
-0.1223842
-0.1279195
-0.1226869
-0.1088129
-0.0961759
-0.0936371
-0.1007356
-0.1086640
-0.1097188
-0.1044769
-0.0990951
-0.0976459
-0.0989835
-0.0996213
-0.0971402
-0.0911220
-0.0829368
-0.0751946
-0.0703430
-0.0691541
-0.0703635
-0.0714347
-0.0702332
-0.0673455
-0.0666189
-0.0714840
-0.0801804
-0.0864398
-0.0859313
-0.0807714
-0.0768567
-0.0779365
-0.0830579
-0.0886483
-0.0920762
-0.0936501
-0.0955771
-0.0987089
-0.1007720
-0.0988640
-0.0934622
-0.0886607
-0.0881571
-0.0916709
-0.0953002
-0.0951648
-0.0914876
-0.0894626
-0.0943841
-0.1043751
-0.1094464
-0.1004478
-0.0791613
-0.0579454
-0.0491230
-0.0554757
-0.0704384
-0.0856547
-0.0975529
-0.1074150
-0.1164183
-0.1220936
-0.1206875
-0.1123273
-0.1020378
-0.0952402
-0.0934303
-0.0942504
-0.0940296
-0.0899460
-0.0820071
-0.0744620
-0.0738078
-0.0832684
-0.0989171
-0.1119059
-0.1150051
-0.1078474
-0.0968996
-0.0901509
-0.0905735
-0.0943115
-0.0956303
-0.0932337
-0.0909306
-0.0926417
-0.0979731
-0.1025642
-0.1019002
-0.0951903
-0.0865727
-0.0821676
-0.0847324
-0.0911081
-0.0955321
-0.0952458
-0.0924551
-0.0914550
-0.0944442
-0.0993981
-0.1013154
-0.0963965
-0.0860722
-0.0765919
-0.0739870
-0.0796458
-0.0906505
-0.1029617
-0.1133364
-0.1193054
-0.1191077
-0.1122763
-0.1000160
-0.0845201
-0.0670648
-0.0463241
-0.0198066
0.0113089
0.0392428
0.0538483
0.0509856
0.0361704
0.0198934
0.0101338
0.0087873
0.0128438
0.0172010
0.0168867
0.0084737
-0.0086673
-0.0311351
-0.0519267
-0.0645229
-0.0685130
-0.0703522
-0.0764636
-0.0853838
-0.0885922
-0.0807385
-0.0691852
-0.0721799
-0.1051349
-0.1659941
-0.2326239
-0.2736293
-0.2594553
-0.1620636
0.0484418
0.3888835
0.8272323
1.2587231
1.5335556
1.5352601
1.2562772
0.8080620
0.3525657
0.0072766
-0.2040136
-0.3267086
-0.4133070
-0.4820362
-0.5207122
-0.5145283
-0.4649583
-0.3886704
-0.3067575
-0.2362410
-0.1866349
-0.1591913
-0.1478016
-0.1425130
-0.1351983
-0.1237361
-0.1111606
-0.1011578
-0.0950825
-0.0926111
-0.0927808
-0.0931471
-0.0900311
-0.0823024
-0.0744936
-0.0734540
-0.0805474
-0.0882270
-0.0860165
-0.0707663
-0.0509277
-0.0397499
-0.0431171
-0.0539485
-0.0592283
-0.0524748
-0.0386193
-0.0272046
-0.0225044
-0.0205751
-0.0141410
0.0008511
0.0223051
0.0438327
0.0595458
0.0682488
0.0738052
0.0816033
0.0943532
0.1105804
0.1267869
0.1416145
0.1583302
0.1823429
0.2151558
0.2511966
0.2819010
0.3031788
0.3183773
0.3342680
0.3549498
0.3793714
0.4035951
0.4248760
0.4436776
0.4618404
0.4791500
0.4926027
0.4993344
0.4992365
0.4938080
0.4831165
0.4651247
0.4382164
0.4038757
0.3666303
0.3311745
0.2990856
0.2681403
0.2349580
0.1981337
0.1586939
0.1185287
0.0796811
0.0446149
0.0151528
-0.0094793
-0.0320477
-0.0536833
-0.0718041
-0.0829530
-0.0874872
-0.0902264
-0.0957102
-0.1031634
-0.1072901
-0.1049523
-0.1004051
-0.1019505
-0.1125229
-0.1251161
-0.1293345
-0.1220833
-0.1103232
-0.1034159
-0.1042874
-0.1085230
-0.1106220
-0.1094296
-0.1071517
-0.1043970
-0.0983478
-0.0870797
-0.0745592
-0.0688179
-0.0740584
-0.0857570
-0.0947535
-0.0956803
-0.0906553
-0.0854809
-0.0835823
-0.0838124
-0.0831494
-0.0805113
-0.0775737
-0.0763296
-0.0769264
-0.0783972
-0.0805278
-0.0837302
-0.0874308
-0.0900508
-0.0909627
-0.0914608
-0.0931943
-0.0961147
-0.0983860
-0.0981836
-0.0955480
-0.0925730
-0.0914980
-0.0924044
-0.0933429
-0.0932526
-0.0940628
-0.0986569
-0.1065137
-0.1122770
-0.1097360
-0.0980255
-0.0841233
-0.0782686
-0.0851776
-0.0990763
-0.1084100
-0.1065003
-0.0973564
-0.0906425
-0.0916613
-0.0971031
-0.1000590
-0.0977405
-0.0935229
-0.0919966
-0.0934299
-0.0942879
-0.0928703
-0.0924332
-0.0971531
-0.1059067
-0.1122495
-0.1110684
-0.1037835
-0.0961651
-0.0921148
-0.0907646
-0.0892318
-0.0868769
-0.0861465
-0.0894968
-0.0961763
-0.1025222
-0.1052547
-0.1039819
-0.1006552
-0.0975035
-0.0957604
-0.0953602
-0.0950524
-0.0934386
-0.0907649
-0.0893196
-0.0912345
-0.0959940
-0.1006545
-0.1023846
-0.1004969
-0.0965079
-0.0929414
-0.0918464
-0.0935717
-0.0964461
-0.0976813
-0.0947839
-0.0864203
-0.0724047
-0.0533310
-0.0307005
-0.0077778
0.0103000
0.0191571
0.0193439
0.0170352
0.0186311
0.0242956
0.0281270
0.0251146
0.0165776
0.0077656
0.0010751
-0.0066999
-0.0200087
-0.0384259
-0.0559254
-0.0664222
-0.0693496
-0.0691469
-0.0698061
-0.0713831
-0.0725907
-0.0760932
-0.0901834
-0.1243307
-0.1807956
-0.2462261
-0.2875802
-0.2568848
-0.1071216
0.1837374
0.5895216
1.0268269
1.3729285
1.5124170
1.3934296
1.0586793
0.6255435
0.2235277
-0.0696741
-0.2506086
-0.3614652
-0.4409867
-0.4966822
-0.5142325
-0.4845122
-0.4183903
-0.3394641
-0.2683146
-0.2144849
-0.1785342
-0.1566347
-0.1428170
-0.1303894
-0.1148317
-0.0966905
-0.0811627
-0.0738249
-0.0760634
-0.0842385
-0.0927412
-0.0975358
-0.0975625
-0.0943589
-0.0908702
-0.0892573
-0.0884183
-0.0840616
-0.0726748
-0.0559095
-0.0402310
-0.0313814
-0.0291085
-0.0278740
-0.0232761
-0.0174747
-0.0168729
-0.0233017
-0.0285585
-0.0204532
0.0042009
0.0339923
0.0526812
0.0553112
0.0534521
0.0632281
0.0884073
0.1167787
0.1341000
0.1404145
0.1502532
0.1761416
0.2142418
0.2487215
0.2695469
0.2829559
0.3031337
0.3356271
0.3715658
0.3982440
0.4130846
0.4252833
0.4442233
0.4685917
0.4884525
0.4969505
0.4974953
0.4986649
0.5039128
0.5081264
0.5036134
0.4873816
0.4620027
0.4310874
0.3959836
0.3572683
0.3178761
0.2825259
0.2529948
0.2247830
0.1900428
0.1445810
0.0920448
0.0417028
0.0026402
-0.0210199
-0.0319265
-0.0381969
-0.0488991
-0.0679327
-0.0909364
-0.1090812
-0.1173826
-0.1194886
-0.1231951
-0.1306669
-0.1345459
-0.1260482
-0.1071145
-0.0918060
-0.0930515
-0.1085613
-0.1223838
-0.1213207
-0.1082809
-0.0980981
-0.1010468
-0.1123427
-0.1183175
-0.1114413
-0.0976042
-0.0887649
-0.0903379
-0.0972142
-0.1011869
-0.0999013
-0.0975707
-0.0983385
-0.1008117
-0.0995870
-0.0916090
-0.0804984
-0.0740691
-0.0768410
-0.0848172
-0.0884330
-0.0815346
-0.0675682
-0.0566723
-0.0567189
-0.0672558
-0.0816321
-0.0939122
-0.1029134
-0.1099595
-0.1145608
-0.1142514
-0.1087555
-0.1023126
-0.1000834
-0.1026341
-0.1055696
-0.1050335
-0.1023871
-0.1024488
-0.1074799
-0.1139867
-0.1160733
-0.1117218
-0.1050718
-0.1021464
-0.1048454
-0.1099167
-0.1134772
-0.1149949
-0.1159792
-0.1159979
-0.1121060
-0.1029116
-0.0920354
-0.0860316
-0.0884692
-0.0967307
-0.1052596
-0.1114252
-0.1168546
-0.1227101
-0.1255645
-0.1203710
-0.1077006
-0.0958001
-0.0935037
-0.1013269
-0.1109387
-0.1138589
-0.1097856
-0.1055137
-0.1061486
-0.1090140
-0.1073585
-0.0992784
-0.0909160
-0.0899111
-0.0970032
-0.1057226
-0.1099234
-0.1097266
-0.1094277
-0.1111822
-0.1125948
-0.1104613
-0.1052563
-0.1007955
-0.0999901
-0.1021699
-0.1047058
-0.1059417
-0.1056081
-0.1034408
-0.0992568
-0.0944477
-0.0916423
-0.0920811
-0.0946494
-0.0985221
-0.1051699
-0.1152497
-0.1237563
-0.1217114
-0.1057387
-0.0853632
-0.0773248
-0.0900227
-0.1141084
-0.1304664
-0.1278243
-0.1110185
-0.0918637
-0.0749813
-0.0557286
-0.0309984
-0.0074447
0.0040818
0.0009972
-0.0071458
-0.0081269
0.0011219
0.0131603
0.0190901
0.0166527
0.0090763
-0.0014857
-0.0164395
-0.0366147
-0.0581914
-0.0747060
-0.0825622
-0.0831207
-0.0794967
-0.0730232
-0.0641168
-0.0561996
-0.0573379
-0.0767086
-0.1184432
-0.1773428
-0.2374973
-0.2713239
-0.2393984
-0.0983285
0.1764832
0.5603870
0.9652173
1.2638042
1.3495929
1.1955750
0.8694682
0.4917121
0.1668557
-0.0619443
-0.2090451
-0.3094457
-0.3862395
-0.4435725
-0.4769003
-0.4817905
-0.4551748
-0.3965835
-0.3141316
-0.2281952
-0.1636411
-0.1338365
-0.1313074
-0.1352516
-0.1291534
-0.1117887
-0.0930405
-0.0818598
-0.0792764
-0.0807402
-0.0818314
-0.0807187
-0.0771009
-0.0712084
-0.0642920
-0.0586477
-0.0556881
-0.0539440
-0.0500727
-0.0425800
-0.0339883
-0.0283266
-0.0265121
-0.0252195
-0.0207860
-0.0134465
-0.0067556
-0.0029532
0.0001148
0.0068427
0.0189648
0.0335863
0.0464536
0.0566966
0.0675524
0.0823544
0.1006453
0.1188554
0.1343671
0.1481423
0.1634103
0.1824413
0.2047607
0.2279754
0.2500216
0.2710165
0.2934491
0.3204140
0.3528054
0.3874078
0.4177972
0.4382798
0.4483334
0.4535282
0.4612006
0.4741661
0.4883537
0.4967889
0.4959833
0.4884079
0.4788844
0.4689138
0.4548840
0.4320311
0.4000217
0.3641264
0.3304496
0.3001409
0.2687562
0.2313429
0.1877095
0.1425855
0.1011867
0.0652637
0.0334332
0.0046068
-0.0198414
-0.0377409
-0.0495643
-0.0592696
-0.0710006
-0.0850090
-0.0974044
-0.1043106
-0.1061926
-0.1077552
-0.1132141
-0.1215134
-0.1265405
-0.1227554
-0.1110310
-0.0987567
-0.0937901
-0.0980602
-0.1067639
-0.1132218
-0.1142348
-0.1113476
-0.1080573
-0.1064294
-0.1060588
-0.1054010
-0.1034603
-0.1002699
-0.0963582
-0.0922291
-0.0882574
-0.0847435
-0.0820394
-0.0807314
-0.0813987
-0.0836394
-0.0853700
-0.0839374
-0.0787559
-0.0728162
-0.0707995
-0.0749242
-0.0825163
-0.0881773
-0.0888732
-0.0868045
-0.0867478
-0.0905183
-0.0947687
-0.0948279
-0.0902891
-0.0859018
-0.0867231
-0.0929476
-0.0998938
-0.1027541
-0.1009314
-0.0978900
-0.0973536
-0.0998877
-0.1027622
-0.1026194
-0.0984143
-0.0924278
-0.0886481
-0.0895027
-0.0935281
-0.0965913
-0.0961753
-0.0942799
-0.0950290
-0.0991224
-0.1019011
-0.0982212
-0.0889202
-0.0809361
-0.0802777
-0.0857301
-0.0906575
-0.0908010
-0.0888444
-0.0904232
-0.0965530
-0.1016843
-0.0996845
-0.0906220
-0.0806819
-0.0758870
-0.0769326
-0.0800667
-0.0817887
-0.0819272
-0.0826935
-0.0856870
-0.0899857
-0.0926835
-0.0911997
-0.0856466
-0.0793667
-0.0766476
-0.0789494
-0.0832099
-0.0847767
-0.0827329
-0.0816508
-0.0867245
-0.0969677
-0.1045836
-0.1023306
-0.0912722
-0.0802018
-0.0771652
-0.0822646
-0.0891352
-0.0925667
-0.0933808
-0.0957326
-0.1009875
-0.1056456
-0.1052742
-0.0993356
-0.0913953
-0.0849895
-0.0799743
-0.0728457
-0.0601259
-0.0415635
-0.0208271
-0.0034098
0.0069197
0.0107312
0.0123617
0.0161326
0.0224495
0.0276278
0.0279025
0.0234329
0.0175493
0.0117233
0.0024061
-0.0153481
-0.0406353
-0.0646398
-0.0777511
-0.0788807
-0.0761071
-0.0771312
-0.0806948
-0.0804118
-0.0780053
-0.0895328
-0.1327882
-0.2042101
-0.2677306
-0.2689879
-0.1645208
0.0573198
0.3753368
0.7447190
1.1019476
1.3669967
1.4591298
1.3328779
1.0133375
0.5966261
0.2035390
-0.0844441
-0.2583930
-0.3607938
-0.4334728
-0.4822707
-0.4854419
-0.4295500
-0.3336267
-0.2390173
-0.1780881
-0.1533734
-0.1445522
-0.1320604
-0.1128275
-0.0960683
-0.0887203
-0.0878954
-0.0863611
-0.0818636
-0.0787093
-0.0807893
-0.0853755
-0.0853346
-0.0770747
-0.0649232
-0.0569337
-0.0568161
-0.0607059
-0.0618076
-0.0574615
-0.0511523
-0.0478925
-0.0483461
-0.0479087
-0.0414964
-0.0289634
-0.0155933
-0.0071767
-0.0046002
-0.0032575
0.0023194
0.0133678
0.0263345
0.0370935
0.0454292
0.0552376
0.0704149
0.0907480
0.1119728
0.1298671
0.1442767
0.1591750
0.1787779
0.2034698
0.2294463
0.2524986
0.2723421
0.2930629
0.3188491
0.3491674
0.3786563
0.4022726
0.4202346
0.4370657
0.4556137
0.4730603
0.4839878
0.4871512
0.4876194
0.4909677
0.4958379
0.4938305
0.4775963
0.4483657
0.4144914
0.3826877
0.3517742
0.3155936
0.2713370
0.2238032
0.1811419
0.1471012
0.1181770
0.0882501
0.0552501
0.0227545
-0.0045677
-0.0260579
-0.0449491
-0.0635401
-0.0797260
-0.0893731
-0.0919723
-0.0926515
-0.0974975
-0.1071623
-0.1163254
-0.1200233
