-0.0008303
-0.0654078
-0.0495546
-0.0542671
-0.0951458
-0.1114717
-0.0890704
-0.0750435
-0.0869813
-0.0931951
-0.0803976
-0.0711667
-0.0728796
-0.0673388
-0.0531366
-0.0492562
-0.0552750
-0.0500913
-0.0303387
-0.0139625
-0.0075628
-0.0017553
0.0053473
0.0085299
0.0128345
0.0241840
0.0308233
0.0195343
0.0022632
0.0026473
0.0230542
0.0455739
0.0580484
0.0612324
0.0590765
0.0582503
0.0680177
0.0864914
0.0975023
0.0937587
0.0911653
0.1072098
0.1362454
0.1581932
0.1620932
0.1520301
0.1401725
0.1412186
0.1623452
0.1920192
0.2098567
0.2124244
0.2173676
0.2381548
0.2678626
0.2923287
0.3063859
0.3119567
0.3113179
0.3069715
0.2994166
0.2829998
0.2523813
0.2131031
0.1769588
0.1478847
0.1207479
0.0911223
0.0570856
0.0155995
-0.0318501
-0.0733892
-0.0980732
-0.1114364
-0.1297369
-0.1596652
-0.1916586
-0.2119048
-0.2149910
-0.2074561
-0.2036880
-0.2141458
-0.2335053
-0.2459168
-0.2452191
-0.2417432
-0.2441044
-0.2434651
-0.2241754
-0.1844873
-0.1397348
-0.1084463
-0.0990271
-0.1053685
-0.1122697
-0.1095118
-0.1022059
-0.1025319
-0.1118060
-0.1182263
-0.1130859
-0.1014205
-0.0948318
-0.1002444
-0.1166211
-0.1363132
-0.1490798
-0.1510699
-0.1503079
-0.1577504
-0.1733197
-0.1863090
-0.1887797
-0.1831167
-0.1772591
-0.1773964
-0.1843084
-0.1930467
-0.1982208
-0.2024630
-0.2154433
-0.2404463
-0.2667229
-0.2803758
-0.2787539
-0.2691905
-0.2582011
-0.2481581
-0.2412548
-0.2399025
-0.2433522
-0.2475338
-0.2481890
-0.2433196
-0.2340807
-0.2230695
-0.2099834
-0.1920274
-0.1730580
-0.1671221
-0.1825059
-0.2040528
-0.2050755
-0.1814369
-0.1615785
-0.1723531
-0.2015270
-0.2079406
-0.1722130
-0.1266258
-0.1189839
-0.1392200
-0.0923811
0.1315113
0.5434631
1.0127434
1.3476339
1.4252088
1.2528087
0.9280003
0.5624776
0.2398695
0.0132845
-0.0913844
-0.0835937
-0.0124503
0.0533057
0.0646027
0.0190643
-0.0492118
-0.1044216
-0.1323788
-0.1373683
-0.1300587
-0.1228245
-0.1267026
-0.1432047
-0.1610358
-0.1664310
-0.1564109
-0.1398676
-0.1275811
-0.1229459
-0.1204829
-0.1119509
-0.0951942
-0.0769465
-0.0652636
-0.0605054
-0.0565393
-0.0489844
-0.0381610
-0.0252303
-0.0103069
0.0056137
0.0208518
0.0353259
0.0496765
0.0628711
0.0738632
0.0848190
0.0995289
0.1190701
0.1411972
0.1627192
0.1804462
0.1918230
0.1972915
0.2006117
0.2050800
0.2114110
0.2205262
0.2348501
0.2540207
0.2720842
0.2823353
0.2840731
0.2831571
0.2870939
0.2993879
0.3154686
0.3233944
0.3122503
0.2820349
0.2434826
0.2074975
0.1767410
0.1470431
0.1134564
0.0742742
0.0321530
-0.0079147
-0.0438365
-0.0792134
-0.1181085
-0.1575218
-0.1884586
-0.2049470
-0.2096125
-0.2101384
-0.2120005
-0.2144533
-0.2125373
-0.2041273
-0.1956136
-0.1976880
-0.2134459
-0.2336982
-0.2471070
-0.2523688
-0.2567599
-0.2646627
-0.2719514
-0.2717646
-0.2627364
-0.2504168
-0.2414236
-0.2367571
-0.2317837
-0.2236452
-0.2166098
-0.2167984
-0.2227755
-0.2259044
-0.2203050
-0.2081230
-0.1944851
-0.1826034
-0.1760763
-0.1807256
-0.1990901
-0.2249284
-0.2476089
-0.2622485
-0.2722035
-0.2796622
-0.2766076
-0.2514640
-0.2081059
-0.1721637
-0.1677510
-0.1875106
-0.1988135
-0.1875625
-0.1832047
-0.2215409
-0.2852357
-0.3060117
-0.2434738
-0.1495015
-0.1238809
-0.1887725
-0.2208667
-0.0401444
0.4115794
0.9812845
1.4054598
1.5082646
1.3094862
0.9613430
0.6097180
0.3217807
0.1124284
-0.0087640
-0.0377158
-0.0041368
0.0307822
0.0192692
-0.0346584
-0.0885863
-0.1108713
-0.1088706
-0.1089931
-0.1208601
-0.1309707
-0.1267390
-0.1141573
-0.1081031
-0.1127489
-0.1175965
-0.1106529
-0.0913705
-0.0705463
-0.0594499
-0.0596557
-0.0629751
-0.0602175
-0.0487045
-0.0317989
-0.0140043
0.0021119
0.0165598
0.0315464
0.0489176
0.0665665
0.0794065
0.0856616
0.0901013
0.0987740
0.1121906
0.1262877
0.1392835
0.1550093
0.1787466
0.2104795
0.2429557
0.2676518
0.2836226
0.2988183
0.3201718
0.3436166
0.3577728
0.3579372
0.3528070
0.3556897
0.3713604
0.3929688
0.4097491
0.4156255
0.4108570
0.3972311
0.3736905
0.3384989
0.2952999
0.2534501
0.2195810
0.1904965
0.1572542
0.1154222
0.0687898
0.0236711
-0.0175634
-0.0567684
-0.0956129
-0.1318185
-0.1600111
-0.1772175
-0.1874680
-0.1988303
-0.2146933
-0.2297565
-0.2363086
-0.2333885
-0.2282794
-0.2294671
-0.2387912
-0.2499030
-0.2542886
-0.2495471
-0.2411111
-0.2344616
-0.2272243
-0.2126255
-0.1909749
-0.1735284
-0.1719960
-0.1854589
-0.1997056
-0.1996681
-0.1825970
-0.1600871
-0.1474538
-0.1501689
-0.1601868
-0.1654808
-0.1622888
-0.1572665
-0.1584612
-0.1652194
-0.1670882
-0.1537388
-0.1280404
-0.1078490
-0.1090429
-0.1244940
-0.1263886
-0.0967426
-0.0520413
-0.0248294
-0.0128394
0.0473652
0.2397148
0.5861518
0.9985099
1.3177449
1.4141838
1.2657276
0.9550341
0.6037888
0.3085161
0.1172608
0.0355218
0.0362367
0.0713429
0.0939231
0.0830188
0.0494332
0.0159544
-0.0077642
-0.0303236
-0.0614957
-0.0956859
-0.1166341
-0.1169485
-0.1071009
-0.1025067
-0.1061213
-0.1086600
-0.1037544
-0.0965366
-0.0955455
-0.1004147
-0.1012739
-0.0897996
-0.0687054
-0.0493955
-0.0406026
-0.0403141
-0.0395092
-0.0325775
-0.0217476
-0.0114609
-0.0016350
0.0117068
0.0312884
0.0564477
0.0851651
0.1159783
0.1475938
0.1776763
0.2029572
0.2217997
0.2378049
0.2596893
0.2945353
0.3399663
0.3846817
0.4180461
0.4385026
0.4521698
0.4643843
0.4738069
0.4751002
0.4673938
0.4591163
0.4616394
0.4760910
0.4882665
0.4800524
0.4463505
0.3986038
0.3513601
0.3078097
0.2600716
0.2021976
0.1400000
0.0860819
0.0454586
0.0089693
-0.0360050
-0.0889649
-0.1343712
-0.1579579
-0.1618793
-0.1606260
-0.1636456
-0.1657840
-0.1553935
-0.1291151
-0.0967033
-0.0719731
-0.0609149
-0.0597134
-0.0628700
-0.0694852
-0.0795046
-0.0870139
-0.0828572
-0.0653622
-0.0449336
-0.0351017
-0.0399247
-0.0519321
-0.0618274
-0.0683031
-0.0774359
-0.0930990
-0.1099059
-0.1178412
-0.1140197
-0.1071664
-0.1083012
-0.1185628
-0.1291081
-0.1326742
-0.1320788
-0.1356611
-0.1457512
-0.1539909
-0.1495171
-0.1318586
-0.1140075
-0.1102723
-0.1208401
-0.1307831
-0.1257864
-0.1071569
-0.0894270
-0.0841894
-0.0884981
-0.0894116
-0.0785158
-0.0608761
-0.0493673
-0.0505425
-0.0575519
-0.0584218
-0.0504531
-0.0439582
-0.0510222
-0.0722464
-0.0957656
-0.1086563
-0.1087244
-0.1057011
-0.1114352
-0.1288476
-0.1504892
-0.1674758
-0.1782070
-0.1874302
-0.1987212
-0.2106221
-0.2198603
-0.2256246
-0.2295384
-0.2331100
-0.2370912
-0.2433818
-0.2559156
-0.2771616
-0.3019990
-0.3163603
-0.3059893
-0.2694115
-0.2214746
-0.1820296
-0.1605791
-0.1518883
-0.1449876
-0.1347251
-0.1248981
-0.1217953
-0.1257160
-0.1291017
-0.1231917
-0.1064878
-0.0866298
-0.0744986
-0.0764993
-0.0905581
-0.1073199
-0.1162054
-0.1138648
-0.1081326
-0.1112750
-0.1268610
-0.1440105
-0.1471430
-0.1326662
-0.1149438
-0.1134424
-0.1326876
-0.1565103
-0.1650115
-0.1569796
-0.1513422
-0.1642075
-0.1887674
-0.2038161
-0.2009612
-0.1953686
-0.2046345
-0.2221354
-0.2213810
-0.1899136
-0.1491236
-0.1251187
-0.0943741
0.0289354
0.3284825
0.7920525
1.2806089
1.6012344
1.6280899
1.3735961
0.9629275
0.5483578
0.2347483
0.0562238
-0.0061672
0.0034222
0.0364946
0.0550943
0.0428970
0.0067222
-0.0350244
-0.0681068
-0.0894686
-0.1035042
-0.1160950
-0.1320334
-0.1534948
-0.1773764
-0.1947924
-0.1958584
-0.1767870
-0.1430668
-0.1059082
-0.0750236
-0.0538088
-0.0405065
-0.0327129
-0.0293240
-0.0283720
-0.0255710
-0.0173561
-0.0051028
0.0052910
0.0086483
0.0050935
-0.0004471
-0.0029576
-0.0015240
0.0012642
0.0040555
0.0095931
0.0210500
0.0358487
0.0458167
0.0452659
0.0378392
0.0334916
0.0385135
0.0495585
0.0582029
0.0613826
0.0666597
0.0858384
0.1223476
0.1653701
0.1975535
0.2088851
0.2032701
0.1930467
0.1885276
0.1917934
0.1977261
0.1995224
0.1940968
0.1837011
0.1732704
0.1667135
0.1654811
0.1691320
0.1755275
0.1802645
0.1772958
0.1619969
0.1353119
0.1053255
0.0827776
0.0719164
0.0650201
0.0483872
0.0158672
-0.0243629
-0.0581263
-0.0798663
-0.0972149
-0.1206034
-0.1497186
-0.1718195
-0.1739614
-0.1561904
-0.1315842
-0.1133158
-0.1032854
-0.0945135
-0.0829679
-0.0739830
-0.0761448
-0.0905589
-0.1078277
-0.1160440
-0.1120489
-0.1051355
-0.1089764
-0.1287012
-0.1558742
-0.1769662
-0.1864429
-0.1901834
-0.1959209
-0.2022582
-0.1992183
-0.1799745
-0.1505259
-0.1258572
-0.1160343
-0.1175336
-0.1195613
-0.1175067
-0.1173367
-0.1265335
-0.1437127
-0.1591286
-0.1638763
-0.1568593
-0.1440958
-0.1334557
-0.1292589
-0.1291157
-0.1255373
-0.1134505
-0.0980306
-0.0927101
-0.1052734
-0.1258308
-0.1339119
-0.1218324
-0.1076022
-0.1168261
-0.1507730
-0.1814616
-0.1854533
-0.1755339
-0.1850480
-0.2196065
-0.2406343
-0.2111627
-0.1497922
-0.1140706
-0.1154217
-0.0641761
0.1697666
0.6198768
1.1476011
1.5185817
1.5692431
1.3130043
0.9025085
0.5057340
0.2151598
0.0441861
-0.0298259
-0.0368378
-0.0115969
0.0093549
0.0038822
-0.0243525
-0.0564575
-0.0796150
-0.0944972
-0.1042333
-0.1048157
-0.0917395
-0.0717300
-0.0596253
-0.0616356
-0.0669361
-0.0600982
-0.0397228
-0.0201295
-0.0138207
-0.0159054
-0.0094597
0.0136666
0.0403995
0.0476620
0.0264012
-0.0072779
-0.0260839
-0.0160198
0.0132934
0.0406670
0.0533020
0.0552576
0.0592148
0.0722988
0.0899050
0.1018186
0.1029902
0.0981143
0.0966920
0.1048062
0.1215426
0.1418776
0.1618358
0.1809797
0.2005720
0.2199295
0.2356135
0.2453071
0.2520247
0.2623768
0.2793044
0.2974960
0.3078333
0.3069664
0.3017364
0.3031057
0.3150049
0.3290051
0.3305381
0.3111140
0.2746855
0.2321652
0.1904478
0.1475025
0.0977347
0.0410115
-0.0139754
-0.0550549
-0.0758191
-0.0808342
-0.0822307
-0.0904614
-0.1072583
-0.1264190
-0.1403482
-0.1457165
-0.1442321
-0.1397910
-0.1355214
-0.1329860
-0.1333410
-0.1383460
-0.1493846
-0.1653729
-0.1824064
-0.1961195
-0.2043569
-0.2076123
-0.2075913
-0.2058809
-0.2036405
-0.2019080
-0.2018503
-0.2044138
-0.2094375
-0.2153632
-0.2203967
-0.2238576
-0.2257490
-0.2251546
-0.2202404
-0.2105846
-0.1989240
-0.1895199
-0.1843221
-0.1810740
-0.1759604
-0.1685757
-0.1635833
-0.1660506
-0.1749358
-0.1829176
-0.1840562
-0.1804283
-0.1789513
-0.1818363
-0.1830328
-0.1760822
-0.1640108
-0.1582275
-0.1663610
-0.1831997
-0.1963537
-0.2006181
-0.2034753
-0.2144580
-0.2317036
-0.2432011
-0.2412131
-0.2310186
-0.2232423
-0.2214048
-0.2215971
-0.2223999
-0.2280228
-0.2387503
-0.2443346
-0.2347613
-0.2160899
-0.2033307
-0.1866465
-0.1085829
0.1062800
0.4794152
0.9289648
1.2987738
1.4506677
1.3454140
1.0518834
0.6912910
0.3711245
0.1516073
0.0453118
0.0288180
0.0562511
0.0789305
0.0692109
0.0320028
-0.0084803
-0.0352192
-0.0516971
-0.0705137
-0.0937827
-0.1091808
-0.1048440
-0.0841412
-0.0632994
-0.0556863
-0.0607313
-0.0684264
-0.0723477
-0.0757491
-0.0847302
-0.0979074
-0.1055236
-0.0991260
-0.0805190
-0.0601335
-0.0472877
-0.0429774
-0.0416279
-0.0381984
-0.0324449
-0.0266895
-0.0210190
-0.0120162
0.0038890
0.0269336
0.0541095
0.0813988
0.1049823
0.1216233
0.1304056
0.1348595
0.1417065
0.1556771
0.1754009
0.1952252
0.2113273
0.2254297
0.2420086
0.2623294
0.2823723
0.2970988
0.3057619
0.3117020
0.3172065
0.3203800
0.3180864
0.3108533
0.3030788
0.2979283
0.2928517
0.2809747
0.2572316
0.2231381
0.1853035
0.1489823
0.1133340
0.0737980
0.0295204
-0.0122444
-0.0403987
-0.0497495
-0.0469612
-0.0463799
-0.0587499
-0.0828566
-0.1078144
-0.1236727
-0.1300310
-0.1348461
-0.1457317
-0.1626945
-0.1783031
-0.1837963
-0.1756205
-0.1580516
-0.1406963
-0.1325988
-0.1368208
-0.1493371
-0.1629557
-0.1727840
-0.1784131
-0.1812199
-0.1803572
-0.1727500
-0.1578606
-0.1413992
-0.1319550
-0.1326700
-0.1373159
-0.1364410
-0.1277072
-0.1188403
-0.1192636
-0.1292063
-0.1384268
-0.1365093
-0.1238330
-0.1111277
-0.1080148
-0.1133925
-0.1183181
-0.1173321
-0.1144534
-0.1170393
-0.1256051
-0.1323640
-0.1304688
-0.1229737
-0.1206095
-0.1302840
-0.1470776
-0.1589787
-0.1594857
-0.1543793
-0.1554757
-0.1683964
-0.1872464
-0.2009306
-0.2038050
-0.2001387
-0.1990324
-0.2054923
-0.2160538
-0.2223965
-0.2189476
-0.2072888
-0.1938740
-0.1841107
-0.1786584
-0.1747215
-0.1700666
-0.1654960
-0.1637254
-0.1663135
-0.1719033
-0.1772921
-0.1798994
-0.1792679
-0.1767532
-0.1741096
-0.1719580
-0.1692597
-0.1650005
-0.1613733
-0.1646057
-0.1802694
-0.2063040
-0.2319736
-0.2462573
-0.2480329
-0.2464410
-0.2499790
-0.2565054
-0.2562840
-0.2446941
-0.2286765
-0.2182481
-0.2138016
-0.2062578
-0.1905543
-0.1743678
-0.1691100
-0.1738727
-0.1737152
-0.1559933
-0.1250279
-0.0974542
-0.0852926
-0.0879657
-0.0998444
-0.1181829
-0.1388172
-0.1496520
-0.1392913
-0.1145403
-0.0977967
-0.0927017
-0.0513931
0.1084472
0.4338969
0.8730329
1.2817369
1.5038210
1.4612651
1.1879326
0.7950884
0.4084806
0.1200290
-0.0325021
-0.0650434
-0.0311051
0.0083323
0.0167765
-0.0054155
-0.0369652
-0.0622938
-0.0821349
-0.1017244
-0.1159139
-0.1114646
-0.0836013
-0.0458121
-0.0198421
-0.0159900
-0.0247801
-0.0282722
-0.0182180
-0.0021947
0.0070518
0.0061309
0.0038769
0.0106476
0.0263842
0.0401283
0.0410086
0.0287676
0.0128772
0.0018149
-0.0053239
-0.0155790
-0.0313013
-0.0446716
-0.0445505
-0.0284419
-0.0061204
0.0094893
0.0144391
0.0159184
0.0228466
0.0362370
0.0502817
0.0618778
0.0760455
0.0999319
0.1326737
0.1643256
0.1864542
0.2023195
0.2238674
0.2577043
0.2956064
0.3209719
0.3251114
0.3161345
0.3110583
0.3196783
0.3367076
0.3487159
0.3468511
0.3323718
0.3118796
0.2897602
0.2655505
0.2364795
0.2005655
0.1576062
0.1091612
0.0587934
0.0116360
-0.0277549
-0.0579013
-0.0808662
-0.1003945
-0.1196371
-0.1397354
-0.1590000
-0.1730652
-0.1775927
-0.1727703
-0.1646135
-0.1592231
-0.1545729
-0.1402950
-0.1089770
-0.0679363
-0.0363963
-0.0278587
-0.0359067
-0.0405164
-0.0295886
-0.0120119
-0.0070435
-0.0217909
-0.0426395
-0.0505315
-0.0424328
-0.0343488
-0.0426474
-0.0650556
-0.0825530
