0.1347543
0.1127541
0.0869162
0.0774222
0.0883812
0.1096090
0.1287679
0.1400436
0.1442222
0.1452767
0.1482313
0.1570862
0.1714256
0.1857306
0.1952765
0.2035613
0.2207729
0.2518183
0.2870560
0.3090182
0.3102201
0.3018530
0.3016321
0.3134456
0.3222813
0.3107595
0.2783740
0.2416490
0.2160591
0.2010520
0.1839566
0.1556171
0.1187822
0.0819589
0.0494577
0.0202388
-0.0057305
-0.0246120
-0.0338620
-0.0377004
-0.0442345
-0.0568639
-0.0706592
-0.0785803
-0.0802275
-0.0825895
-0.0916795
-0.1044939
-0.1103976
-0.1009461
-0.0786134
-0.0561064
-0.0466442
-0.0533887
-0.0669429
-0.0733565
-0.0662336
-0.0522997
-0.0447360
-0.0498850
-0.0603000
-0.0618761
-0.0485066
-0.0290548
-0.0188980
-0.0248938
-0.0398561
-0.0516454
-0.0552413
-0.0537528
-0.0493070
-0.0381303
-0.0180143
0.0020599
0.0061225
-0.0119075
-0.0390022
-0.0558530
-0.0588345
-0.0639148
-0.0857862
-0.1176388
-0.1385769
-0.1410296
-0.1428624
-0.1664570
-0.2098617
-0.2470641
-0.2573713
-0.2457295
-0.2287962
-0.2094240
-0.1783458
-0.1406224
-0.1219341
-0.1311503
-0.1209489
-0.0094386
0.2381411
0.5476036
0.7678614
0.7772511
0.5678048
0.2371095
-0.0887984
-0.3238499
-0.4377119
-0.4386715
-0.3595841
-0.2505630
-0.1611430
-0.1143631
-0.0988264
-0.0905751
-0.0808573
-0.0787159
-0.0902059
-0.1050455
-0.1085323
-0.1010217
-0.0977419
-0.1093703
-0.1294685
-0.1443928
-0.1508210
-0.1572953
-0.1691753
-0.1784521
-0.1720415
-0.1471436
-0.1140615
-0.0844147
-0.0606523
-0.0383608
-0.0150378
0.0073048
0.0271642
0.0470744
0.0707922
0.0996707
0.1338984
0.1750432
0.2233358
0.2720778
0.3088258
0.3258040
0.3285735
0.3314352
0.3432738
0.3596710
0.3700736
0.3709248
0.3690755
0.3720835
0.3774775
0.3733988
0.3494256
0.3057208
0.2519552
0.1986885
0.1502315
0.1048061
0.0604714
0.0205954
-0.0068123
-0.0165208
-0.0141492
-0.0159705
-0.0373290
-0.0779408
-0.1181599
-0.1323329
-0.1093628
-0.0624046
-0.0186252
0.0018061
-0.0013321
-0.0139227
-0.0242685
-0.0336742
-0.0509062
-0.0775139
-0.1005289
-0.1016360
-0.0747838
-0.0346233
-0.0063268
-0.0055209
-0.0268787
-0.0512706
-0.0633718
-0.0627881
-0.0600419
-0.0639655
-0.0734448
-0.0797945
-0.0755665
-0.0615340
-0.0470285
-0.0440934
-0.0590926
-0.0866886
-0.1109190
-0.1148042
-0.0933398
-0.0597024
-0.0374950
-0.0429795
-0.0713884
-0.0999077
-0.1060195
-0.0855968
-0.0547263
-0.0344113
-0.0336335
-0.0467189
-0.0646611
-0.0850126
-0.1087001
-0.1302152
-0.1373083
-0.1241318
-0.1022793
-0.0933119
-0.1078443
-0.1343035
-0.1511964
-0.1496455
-0.1407854
-0.1405784
-0.1508812
-0.1585424
-0.1517605
-0.1334787
-0.1175902
-0.1147720
-0.1242605
-0.1374936
-0.1459951
-0.1453186
-0.1351307
-0.1188411
-0.1023535
-0.0900248
-0.0806292
-0.0688859
-0.0523843
-0.0361415
-0.0284924
-0.0318262
-0.0379318
-0.0332235
-0.0098762
0.0255829
0.0529969
0.0513644
0.0200581
-0.0051134
0.0398510
0.2077445
0.4911078
0.8036994
1.0160857
1.0256033
0.8111752
0.4373448
0.0146196
-0.3486370
-0.5768716
-0.6409037
-0.5635037
-0.4129840
-0.2736945
-0.2006550
-0.1903545
-0.1953709
-0.1723517
-0.1195501
-0.0701904
-0.0530591
-0.0634475
-0.0723870
-0.0593059
-0.0311228
-0.0107066
-0.0123199
-0.0312056
-0.0532112
-0.0682997
-0.0737655
-0.0699633
-0.0583702
-0.0429795
-0.0286375
-0.0158636
0.0000267
0.0222630
0.0471939
0.0691473
0.0900127
0.1188516
0.1588458
0.1979145
0.2181145
0.2155210
0.2064885
0.2109934
0.2322964
0.2573766
0.2764114
0.2954527
0.3260126
0.3660913
0.3986377
0.4104581
0.4075003
0.4067804
0.4150958
0.4211346
0.4099409
0.3806196
0.3456714
0.3149551
0.2858915
0.2510354
0.2106336
0.1728461
0.1426097
0.1153291
0.0837458
0.0479925
0.0156133
-0.0068672
-0.0184513
-0.0197553
-0.0097408
0.0094768
0.0269408
0.0284397
0.0108447
-0.0122969
-0.0236751
-0.0201799
-0.0144143
-0.0181656
-0.0291768
-0.0377616
-0.0428666
-0.0542285
-0.0765165
-0.0973224
-0.0976712
-0.0740290
-0.0438769
-0.0266592
-0.0235907
-0.0215388
-0.0147439
-0.0146000
-0.0336710
-0.0650346
-0.0855040
-0.0806021
-0.0603332
-0.0460507
-0.0457391
-0.0492827
-0.0476681
-0.0465134
-0.0499812
-0.0317717
0.0648757
0.2815109
0.5881209
0.8721178
0.9935735
0.8699008
0.5278887
0.0883317
-0.3006596
-0.5348270
-0.5897321
-0.5115953
-0.3793077
-0.2626421
-0.1956344
-0.1727838
-0.1652886
-0.1464106
-0.1106939
-0.0749844
-0.0613512
-0.0761758
-0.1035126
-0.1186719
-0.1093696
-0.0845869
-0.0635769
-0.0572944
-0.0611291
-0.0642343
-0.0625466
-0.0604837
-0.0616618
-0.0622786
-0.0558517
-0.0420965
-0.0270682
-0.0138447
0.0031818
0.0310045
0.0659346
0.0936393
0.1045761
0.1076838
0.1242812
0.1663139
0.2223945
0.2673467
0.2847741
0.2788429
0.2659299
0.2595151
0.2648741
0.2831974
0.3128674
0.3443993
0.3602009
0.3471645
0.3110766
0.2738090
0.2522435
0.2414435
0.2221757
0.1844824
0.1393063
0.1048035
0.0852050
0.0684422
0.0439783
0.0166392
-0.0013302
-0.0083320
-0.0164103
-0.0342370
-0.0526551
-0.0535677
-0.0331025
-0.0101695
-0.0080142
-0.0293900
-0.0544757
-0.0639712
-0.0605391
-0.0646686
-0.0910689
-0.1326264
-0.1681694
-0.1832963
-0.1817227
-0.1780639
-0.1828955
-0.1955211
-0.2084222
-0.2157931
-0.2178917
-0.2193565
-0.2243743
-0.2323799
-0.2374088
-0.2325214
-0.2165516
-0.1967856
-0.1836790
-0.1817406
-0.1855939
-0.1853996
-0.1760314
-0.1606835
-0.1460252
-0.1349841
-0.1247717
-0.1111359
-0.0933371
-0.0748114
-0.0599137
-0.0507312
-0.0466612
-0.0461096
-0.0480690
-0.0522515
-0.0582964
-0.0655304
-0.0737720
-0.0836641
-0.0949782
-0.1045738
-0.1081014
-0.1057723
-0.1053572
-0.1156133
-0.1347181
-0.1484947
-0.1456052
-0.1347358
-0.1382757
-0.1578965
-0.1437598
-0.0094766
0.3013596
0.7447845
1.1666671
1.3757783
1.2556436
0.8380666
0.2877037
-0.1908257
-0.4614307
-0.5129341
-0.4345581
-0.3373658
-0.2822686
-0.2627056
-0.2417527
-0.2002752
-0.1519763
-0.1201458
-0.1086859
-0.0995615
-0.0755024
-0.0397852
-0.0120760
-0.0078125
-0.0244116
-0.0462935
-0.0598735
-0.0628796
-0.0621550
-0.0654434
-0.0747633
-0.0848996
-0.0871443
-0.0764165
-0.0570981
-0.0416304
-0.0406804
-0.0524570
-0.0619908
-0.0529373
-0.0218035
0.0188206
0.0510479
0.0662274
0.0704468
0.0777631
0.0985911
0.1327466
0.1707982
0.2008293
0.2153905
0.2149238
0.2066610
0.2003467
0.2035128
0.2188288
0.2440787
0.2731798
0.2968875
0.3043446
0.2875801
0.2475809
0.1961392
0.1492208
0.1157670
0.0919897
0.0670443
0.0346378
-0.0011054
-0.0310517
-0.0512586
-0.0668128
-0.0857428
-0.1103960
-0.1356238
-0.1546146
-0.1648900
-0.1682841
-0.1667510
-0.1601534
-0.1483554
-0.1339890
-0.1217168
-0.1144853
-0.1109294
-0.1067206
-0.0984265
-0.0861930
-0.0731982
-0.0629468
-0.0567532
-0.0527642
-0.0466757
-0.0340616
-0.0138050
0.0092882
0.0253619
0.0246329
0.0039040
-0.0303807
-0.0654352
-0.0898872
-0.1002964
-0.1015821
-0.1017982
-0.1065382
-0.1175117
-0.1344439
-0.1560472
-0.1785746
-0.1953574
-0.2005299
-0.1943671
-0.1839492
-0.1772270
-0.1766234
-0.1795445
-0.1846167
-0.1944107
-0.2095134
-0.2215169
-0.2169046
-0.1913329
-0.1583441
-0.1392245
-0.1418208
-0.1513251
-0.1451196
-0.1170325
-0.0845560
-0.0707472
-0.0808536
-0.0994823
-0.1101610
-0.1132271
-0.1208196
-0.1361986
-0.1446503
-0.1300442
-0.0989512
-0.0804824
-0.0927455
-0.1044727
-0.0342363
0.1972545
0.5931291
1.0427570
1.3602776
1.3853741
1.0825789
0.5690017
0.0472546
-0.3112688
-0.4512013
-0.4319728
-0.3559782
-0.2926765
-0.2544561
-0.2242683
-0.1920562
-0.1643026
-0.1496298
-0.1465325
-0.1472680
-0.1479020
-0.1495642
-0.1513377
-0.1469393
-0.1306787
-0.1047211
-0.0782661
-0.0601384
-0.0534618
-0.0562237
-0.0639153
-0.0708495
-0.0717795
-0.0651416
-0.0542365
-0.0428545
-0.0294804
-0.0084159
0.0214479
0.0507293
0.0663067
0.0658788
0.0638412
0.0791579
0.1159589
0.1576218
0.1820000
0.1827132
0.1744204
0.1768429
0.1945540
0.2133909
0.2164341
0.2022595
0.1864157
0.1850094
0.1979984
0.2097731
0.2059243
0.1877692
0.1690549
0.1590783
0.1513462
0.1305797
0.0905661
0.0433817
0.0096266
-0.0005674
0.0035150
0.0027212
-0.0144053
-0.0433752
-0.0709290
-0.0880879
-0.0959086
-0.1006346
-0.1057646
-0.1095745
-0.1091445
-0.1051885
-0.1023285
-0.1050861
-0.1141054
-0.1259442
-0.1356202
-0.1391909
-0.1352190
-0.1255252
-0.1148287
-0.1081169
-0.1066700
-0.1065759
-0.1025103
-0.0940080
-0.0873067
-0.0891830
-0.0982019
-0.1036427
-0.0956002
-0.0768465
-0.0628613
-0.0680031
-0.0914247
-0.1176289
-0.1309462
-0.1283385
-0.1179142
-0.1073244
-0.0966774
-0.0829976
-0.0680356
-0.0578164
-0.0546197
-0.0533256
-0.0484678
-0.0428531
-0.0448531
-0.0562786
-0.0669572
-0.0652752
-0.0530901
-0.0458220
-0.0558038
-0.0782920
-0.0973137
-0.1043555
-0.1068805
-0.1165353
-0.1327363
-0.1429592
-0.1390492
-0.1279947
-0.1233130
-0.1288780
-0.1361915
-0.1371816
-0.1341876
-0.1343847
-0.1383085
-0.1393737
-0.1339830
-0.1259761
-0.1185518
-0.1076041
-0.0895495
-0.0711487
-0.0562943
-0.0134250
0.1321270
0.4438969
0.8876798
1.2993560
1.4652847
1.2701494
0.7907367
0.2499366
-0.1341348
-0.2795317
-0.2541806
-0.1834362
-0.1470678
-0.1474131
-0.1495085
-0.1337680
-0.1114042
-0.1035190
-0.1171368
-0.1416171
-0.1612713
-0.1673589
-0.1606904
-0.1478747
-0.1365839
-0.1313020
-0.1300978
-0.1254925
-0.1112409
-0.0899433
-0.0726601
-0.0687403
-0.0756300
-0.0801704
-0.0710486
-0.0495833
-0.0274074
-0.0135605
-0.0047310
0.0110771
0.0413513
0.0801367
0.1126404
0.1288233
0.1326850
0.1386293
0.1587325
0.1925451
0.2279210
0.2513452
0.2583566
0.2554049
0.2529003
0.2571736
0.2684058
0.2836139
0.2986703
0.3073514
0.3020290
0.2792947
0.2454204
0.2132776
0.1910372
0.1742052
0.1511506
0.1172797
0.0814984
0.0561198
0.0411279
0.0220485
-0.0142108
-0.0627320
-0.1025334
-0.1160552
-0.1058506
-0.0915178
-0.0908190
-0.1041354
-0.1165180
-0.1138925
-0.0973249
-0.0821860
-0.0834032
-0.1006828
-0.1177949
-0.1173570
-0.0975809
-0.0741678
-0.0642488
-0.0684991
-0.0714665
-0.0608847
-0.0436459
-0.0378883
-0.0491323
-0.0602961
-0.0508775
-0.0239278
-0.0062368
-0.0176715
-0.0452672
-0.0560587
-0.0370734
-0.0148970
-0.0277269
-0.0795832
-0.1311143
-0.1406553
-0.1093602
-0.0781811
-0.0810256
-0.1094224
-0.1281292
-0.1193386
-0.1013478
-0.1021547
-0.1238811
-0.1420176
-0.1375048
-0.1194116
-0.1108240
-0.1186707
-0.1270919
-0.1212582
-0.1088068
-0.1106041
-0.1333389
-0.1595343
-0.1675673
-0.1565186
-0.1457548
-0.1509361
-0.1658744
-0.1707713
-0.1553695
-0.1296968
-0.1119311
-0.1094342
-0.1139332
-0.1131065
-0.1034483
-0.0916092
-0.0858605
-0.0879078
-0.0922822
-0.0929409
-0.0905648
-0.0911750
-0.0909064
-0.0562367
0.0758007
0.3579618
0.7687376
1.1777741
1.3922137
1.2745288
0.8486501
0.3009863
-0.1373036
-0.3368823
-0.3293607
-0.2427058
-0.1849094
-0.1797244
-0.1916472
-0.1896473
-0.1782538
-0.1775302
-0.1909284
-0.2015103
-0.1942386
-0.1726256
-0.1519087
-0.1416544
-0.1387027
-0.1338509
-0.1205675
-0.0976245
-0.0680010
-0.0378624
-0.0142838
-0.0003985
0.0075915
0.0163445
0.0273982
0.0352376
0.0353283
0.0327582
0.0393632
0.0609328
0.0896462
0.1115999
0.1207516
0.1228527
0.1261108
0.1317640
0.1360981
0.1390611
0.1459590
0.1590584
0.1711986
0.1727478
0.1657124
0.1664534
0.1894055
0.2280547
0.2566804
0.2547099
0.2284395
0.2053560
0.2058965
0.2227672
0.2297337
0.2093383
0.1689448
0.1290533
0.0997874
0.0737091
0.0415486
0.0086024
-0.0105198
-0.0122108
-0.0120027
-0.0281405
-0.0598742
-0.0874195
-0.0941754
-0.0846658
-0.0774921
-0.0833825
-0.0955641
-0.1024993
-0.1042554
-0.1104947
-0.1239397
-0.1333431
-0.1270909
-0.1098764
-0.0994405
-0.1060169
-0.1199266
-0.1229075
-0.1093673
-0.0920377
-0.0859599
-0.0905006
-0.0905156
-0.0745764
-0.0486422
-0.0300410
-0.0298586
-0.0436158
-0.0582151
-0.0645976
-0.0625730
-0.0565545
-0.0503536
-0.0460344
-0.0444886
-0.0447524
-0.0437962
-0.0396520
-0.0355619
-0.0387667
-0.0524320
-0.0692429
-0.0766843
-0.0710195
-0.0637691
-0.0703922
-0.0923502
-0.1140964
-0.1201141
-0.1126618
-0.1091977
-0.1224864
-0.1469132
-0.1665772
-0.1742460
-0.1776832
-0.1865736
-0.1981635
-0.2008642
-0.1907326
-0.1781527
-0.1751156
-0.1798135
-0.1791761
-0.1663017
-0.1502811
-0.1457419
-0.1548409
-0.1633885
-0.1557862
-0.1320079
-0.1082132
-0.1008340
-0.1109304
-0.1239079
-0.1235080
-0.1063034
-0.0842891
-0.0740128
-0.0814288
-0.0959834
-0.1010331
-0.0916482
-0.0798446
-0.0788592
-0.0848764
-0.0825634
-0.0716930
-0.0775014
-0.1169047
-0.1475732
-0.0657385
0.2157311
0.6637096
1.0984075
1.2924326
1.1277011
0.6803079
0.1628185
-0.2219252
-0.3935462
-0.3982429
-0.3311398
-0.2597084
-0.2030080
-0.1566231
-0.1194242
-0.0963094
-0.0870756
-0.0833311
-0.0774598
-0.0695484
-0.0630504
-0.0569661
-0.0463687
-0.0303310
-0.0159391
-0.0124067
-0.0218420
-0.0371346
-0.0490402
-0.0541281
-0.0548053
-0.0528403
-0.0461431
-0.0336039
-0.0206676
-0.0163027
-0.0237168
-0.0360983
-0.0423776
-0.0359797
-0.0177389
0.0075955
0.0357167
0.0641271
0.0912665
0.1160100
0.1383379
0.1592893
0.1788303
0.1942851
0.2031441
0.2081333
0.2170225
0.2347810
0.2563577
0.2694711
0.2656451
0.2482593
0.2293405
0.2178203
0.2103191
0.1943415
0.1624565
0.1231568
0.0947458
0.0864634
0.0871257
0.0750219
0.0397336
-0.0065363
-0.0396954
-0.0460262
-0.0342385
-0.0256043
-0.0327403
-0.0496599
-0.0626926
-0.0673904
-0.0708955
-0.0795833
-0.0902764
-0.0960002
-0.0968464
-0.1008819
-0.1136052
-0.1283070
-0.1291979
-0.1062768
-0.0677372
-0.0357989
-0.0281713
-0.0434395
-0.0646307
-0.0754767
-0.0725918
-0.0642690
-0.0598120
-0.0598652
-0.0572769
-0.0485953
-0.0408378
-0.0362904
-0.0047145
0.1186053
0.3842461
0.7596986
1.1076302
1.2507279
1.0882032
0.6750528
0.1942814
-0.1625602
-0.3114796
-0.2989002
-0.2305016
-0.1846591
-0.1795492
-0.1943665
-0.2038011
-0.1975007
-0.1812054
-0.1660741
-0.1571639
-0.1524842
-0.1506005
-0.1529811
-0.1587654
-0.1647477
-0.1718430
-0.1822022
-0.1867010
-0.1675329
-0.1231340
