1.2727762
0.8994369
0.3980439
-0.0490039
-0.3429575
-0.4767401
-0.4871471
-0.4165382
-0.3068161
-0.2011849
-0.1316053
-0.1024497
-0.0925818
-0.0766515
-0.0446550
-0.0037511
0.0331079
0.0575472
0.0684321
0.0695748
0.0661800
0.0612872
0.0542705
0.0438552
0.0332211
0.0301382
0.0396374
0.0569614
0.0704955
0.0731363
0.0694358
0.0698981
0.0790378
0.0912700
0.0988752
0.1015854
0.1061213
0.1171123
0.1312339
0.1415023
0.1457349
0.1487981
0.1568881
0.1716755
0.1908017
0.2120857
0.2345795
0.2554168
0.2686719
0.2706577
0.2667891
0.2704096
0.2914239
0.3249417
0.3527721
0.3586131
0.3430514
0.3233436
0.3177226
0.3295191
0.3462053
0.3528269
0.3450252
0.3289387
0.3104993
0.2876619
0.2541725
0.2093377
0.1616018
0.1215777
0.0924893
0.0684475
0.0416993
0.0103911
-0.0210196
-0.0477308
-0.0694308
-0.0888856
-0.1067092
-0.1188124
-0.1197891
-0.1090150
-0.0932350
-0.0825445
-0.0828227
-0.0913166
-0.0996940
-0.1019665
-0.0994389
-0.0972686
-0.0962067
-0.0892966
-0.0686109
-0.0353570
-0.0014771
0.0202759
0.0271881
0.0260303
0.0222737
0.0130690
-0.0065596
-0.0323622
-0.0507204
-0.0528305
-0.0467674
-0.0508125
-0.0734465
-0.1031598
-0.1211744
-0.1228418
-0.1223295
-0.1349355
-0.1584173
-0.1758325
-0.1760939
-0.1671068
-0.1659945
-0.1790320
-0.1956489
-0.2026231
-0.2000403
-0.1998193
-0.2098604
-0.2236607
-0.2271789
-0.2138632
-0.1906059
-0.1694034
-0.1554057
-0.1441136
-0.1290687
-0.1105331
-0.0958700
-0.0915335
-0.0952185
-0.0970346
-0.0899282
-0.0791355
-0.0790848
-0.0983249
-0.1280868
-0.1494322
-0.1535483
-0.1515089
-0.1592494
-0.1743215
-0.1753032
-0.1491179
-0.1135864
-0.1026956
-0.1272141
-0.1590686
-0.1632902
-0.1396534
-0.1156657
-0.0892821
0.0082967
0.2654595
0.6860894
1.1335841
1.3960634
1.3291539
0.9543664
0.4337237
-0.0439849
-0.3631220
-0.5025296
-0.4973790
-0.3990625
-0.2609188
-0.1342808
-0.0553026
-0.0298096
-0.0362520
-0.0480919
-0.0540724
-0.0582823
-0.0657145
-0.0727339
-0.0715672
-0.0600510
-0.0441409
-0.0317850
-0.0265564
-0.0274141
-0.0325414
-0.0413679
-0.0526379
-0.0617893
-0.0618143
-0.0480216
-0.0228687
0.0039551
0.0216714
0.0265456
0.0245361
0.0249092
0.0305366
0.0355049
0.0336054
0.0283288
0.0317042
0.0516425
0.0818782
0.1071000
0.1186682
0.1233525
0.1348402
0.1575488
0.1813104
0.1928343
0.1903577
0.1846790
0.1862815
0.1942400
0.1992779
0.1959797
0.1892495
0.1883494
0.1966341
0.2087907
0.2174100
0.2202484
0.2202329
0.2196024
0.2158619
0.2039655
0.1814775
0.1506928
0.1160737
0.0806840
0.0455057
0.0114749
-0.0189984
-0.0433308
-0.0617153
-0.0781861
-0.0976098
-0.1208020
-0.1429399
-0.1577866
-0.1637715
-0.1651510
-0.1667059
-0.1682738
-0.1661554
-0.1601432
-0.1571459
-0.1653292
-0.1842403
-0.2028893
-0.2098617
-0.2051089
-0.1996928
-0.2030837
-0.2124500
-0.2163904
-0.2085477
-0.1950192
-0.1872390
-0.1892698
-0.1944022
-0.1942061
-0.1885160
-0.1846416
-0.1877060
-0.1944196
-0.1975145
-0.1946389
-0.1906526
-0.1912536
-0.1964682
-0.2016288
-0.2034544
-0.2030801
-0.2028311
-0.2018483
-0.1967796
-0.1868979
-0.1770987
-0.1745667
-0.1825618
-0.1982928
-0.2167936
-0.2354191
-0.2533328
-0.2674416
-0.2714125
-0.2608026
-0.2392127
-0.2177781
-0.2069081
-0.2079826
-0.2136576
-0.2165928
-0.2169735
-0.2202433
-0.2278585
-0.2327115
-0.2259138
-0.2078139
-0.1899472
-0.1843400
-0.1914729
-0.2005664
-0.2020562
-0.1977484
-0.1965321
-0.2009487
-0.2018053
-0.1888694
-0.1653456
-0.1475647
-0.1484101
-0.1633204
-0.1756728
-0.1754949
-0.1694735
-0.1708657
-0.1823320
-0.1930341
-0.1933178
-0.1881504
-0.1918920
-0.2105357
-0.2336449
-0.2461773
-0.2453567
-0.2418263
-0.2448368
-0.2512537
-0.2519211
-0.2454352
-0.2400261
-0.2411330
-0.2424950
-0.2344946
-0.2196075
-0.2130674
-0.2247815
-0.2441879
-0.2485680
-0.2266135
-0.1894433
-0.1569687
-0.1381252
-0.1286646
-0.1243833
-0.1275272
-0.1372806
-0.1415922
-0.1276345
-0.0999518
-0.0794977
-0.0799140
-0.0906907
-0.0914097
-0.0781680
-0.0603997
-0.0230355
0.0952408
0.3591381
0.7532009
1.1435194
1.3420159
1.2321159
0.8502989
0.3568215
-0.0715361
-0.3351806
-0.4312874
-0.4127175
-0.3392292
-0.2547332
-0.1860561
-0.1453822
-0.1310737
-0.1322242
-0.1375281
-0.1411800
-0.1411786
-0.1344449
-0.1161101
-0.0842923
-0.0447017
-0.0091102
0.0122244
0.0178544
0.0154711
0.0148258
0.0199077
0.0277352
0.0342450
0.0402498
0.0504780
0.0667674
0.0838248
0.0935443
0.0935255
0.0895234
0.0884789
0.0907098
0.0912199
0.0883167
0.0879353
0.0974037
0.1161218
0.1349488
0.1454027
0.1476636
0.1479946
0.1494771
0.1483357
0.1409035
0.1322080
0.1342284
0.1545377
0.1885226
0.2244193
0.2548247
0.2810090
0.3062199
0.3280105
0.3399676
0.3404577
0.3367148
0.3382522
0.3469350
0.3554631
0.3558851
0.3476086
0.3354959
0.3215595
0.3017729
0.2723373
0.2370523
0.2056640
0.1841425
0.1677751
0.1451476
0.1093060
0.0648062
0.0236804
-0.0053318
-0.0234150
-0.0381512
-0.0545410
-0.0703264
-0.0798659
-0.0814414
-0.0796797
-0.0804442
-0.0838277
-0.0832537
-0.0723349
-0.0522525
-0.0310984
-0.0155535
-0.0045436
0.0075766
0.0223055
0.0335542
0.0338471
0.0228975
0.0085866
-0.0006016
-0.0029566
-0.0028607
-0.0040502
-0.0055969
-0.0049944
-0.0031498
-0.0039556
-0.0090581
-0.0153350
-0.0189246
-0.0206161
-0.0253490
-0.0359987
-0.0488440
-0.0564319
-0.0552466
-0.0499476
-0.0490338
-0.0557912
-0.0640742
-0.0641204
-0.0528927
-0.0378777
-0.0296848
-0.0308718
-0.0330934
-0.0262805
-0.0103903
0.0033752
0.0038772
-0.0085607
-0.0236614
-0.0332706
-0.0388507
-0.0457611
-0.0534116
-0.0554836
-0.0498416
-0.0436409
-0.0453583
-0.0538083
-0.0592959
-0.0562155
-0.0506576
-0.0527208
-0.0636687
-0.0749840
-0.0796797
-0.0792174
-0.0769424
-0.0703877
-0.0570868
-0.0458256
-0.0518994
-0.0760702
-0.0958150
-0.0880991
-0.0589333
-0.0350308
-0.0144326
0.0668398
0.2952403
0.6858054
1.1237716
1.4125109
1.4001174
1.0807879
0.5916069
0.1195769
-0.2002027
-0.3295865
-0.3101089
-0.2172237
-0.1182807
-0.0490323
-0.0121838
0.0063812
0.0178683
0.0236741
0.0237235
0.0250305
0.0365001
0.0560375
0.0691324
0.0647098
0.0498969
0.0436049
0.0547622
0.0717382
0.0766092
0.0669333
0.0584127
0.0658689
0.0862814
0.1037086
0.1083130
0.1055409
0.1056712
0.1092539
0.1082777
0.1013099
0.1014610
0.1243245
0.1689189
0.2149865
0.2412890
0.2449511
0.2411663
0.2453588
0.2585941
0.2711527
0.2775567
0.2842401
0.3012193
0.3286547
0.3549873
0.3690037
0.3714723
0.3730741
0.3819343
0.3954479
0.4046881
0.4049841
0.4005665
0.3991434
0.4033680
0.4084748
0.4076412
0.3982207
0.3821947
0.3618449
0.3368884
0.3062131
0.2710942
0.2355044
0.2031534
0.1743986
0.1460344
0.1145077
0.0801384
0.0481711
0.0244895
0.0093035
-0.0045256
-0.0256186
-0.0556002
-0.0864544
-0.1070764
-0.1132228
-0.1109559
-0.1098111
-0.1130633
-0.1161804
-0.1150272
-0.1131074
-0.1179097
-0.1303514
-0.1409411
-0.1387782
-0.1236897
-0.1071102
-0.0998855
-0.1006511
-0.0984392
-0.0866751
-0.0716184
-0.0644428
-0.0664702
-0.0663982
-0.0537690
-0.0322568
-0.0161992
-0.0144362
-0.0206417
-0.0206660
-0.0071440
0.0151330
0.0364858
0.0508258
0.0556241
0.0476292
0.0245512
-0.0077612
-0.0346525
-0.0442519
-0.0395980
-0.0357163
-0.0435667
-0.0593345
-0.0709597
-0.0727102
-0.0702151
-0.0719300
-0.0796036
-0.0893476
-0.0996833
-0.1141548
-0.1346932
-0.1555940
-0.1677297
-0.1684264
-0.1640306
-0.1618347
-0.1624080
-0.1621464
-0.1610226
-0.1635151
-0.1711654
-0.1777419
-0.1748707
-0.1616567
-0.1458072
-0.1343779
-0.1259987
-0.1151344
-0.1030170
-0.0995636
-0.1110558
-0.1280174
-0.1304791
-0.1076096
-0.0701073
-0.0408474
-0.0338350
-0.0438379
-0.0557704
-0.0611977
-0.0638469
-0.0705699
-0.0805903
-0.0859598
-0.0815198
-0.0715546
-0.0655018
-0.0686784
-0.0786095
-0.0892268
-0.0964869
-0.0999282
-0.1009340
-0.1010097
-0.1012723
-0.1024337
-0.1048063
-0.1085423
-0.1140956
-0.1221632
-0.1324414
-0.1422684
-0.1477258
-0.1475057
-0.1451160
-0.1451190
-0.1466702
-0.1431575
-0.1305504
-0.1152256
-0.1104127
-0.1229555
-0.1443473
-0.1569112
-0.1500609
-0.1300453
-0.1127235
-0.1071125
-0.1077001
-0.1033275
-0.0912431
-0.0797386
-0.0774323
-0.0828595
-0.0861215
-0.0795664
-0.0653856
-0.0529587
-0.0497390
-0.0549506
-0.0616397
-0.0642848
-0.0641048
-0.0669862
-0.0764525
-0.0887732
-0.0953216
-0.0909431
-0.0810898
-0.0796576
-0.0969849
-0.1287593
-0.1586582
-0.1740268
-0.1781011
-0.1843388
-0.1984163
-0.2085098
-0.1962611
-0.1578789
-0.1125008
-0.0872825
-0.0933420
-0.1172128
-0.1363131
-0.1411297
-0.1405946
-0.1473632
-0.1618863
-0.1728358
-0.1709615
-0.1593885
-0.1498363
-0.1505696
-0.1594213
-0.1679453
-0.1704957
-0.1681823
-0.1651837
-0.1636182
-0.1627260
-0.1612042
-0.1587185
-0.1560390
-0.1552014
-0.1587221
-0.1666280
-0.1743960
-0.1761880
-0.1713426
-0.1661481
-0.1672231
-0.1733892
-0.1760923
-0.1687414
-0.1537931
-0.1383356
-0.1240522
-0.1061753
-0.0832204
-0.0595023
-0.0269985
0.0551125
0.2462574
0.5679987
0.9510800
1.2461119
1.3069099
1.0862033
0.6670804
0.2077314
-0.1516569
-0.3494927
-0.4011976
-0.3600844
-0.2812690
-0.2054734
-0.1549356
-0.1329672
-0.1288416
-0.1292049
-0.1282986
-0.1283942
-0.1320138
-0.1357927
-0.1327744
-0.1200622
-0.1029721
-0.0907129
-0.0877740
-0.0897543
-0.0875123
-0.0752973
-0.0557586
-0.0381415
-0.0306220
-0.0317640
-0.0289537
-0.0084053
0.0300346
0.0685407
0.0849254
0.0728418
0.0484261
0.0359164
0.0459468
0.0675920
0.0812668
0.0784629
0.0678752
0.0629393
0.0662715
0.0685214
0.0610590
0.0464123
0.0351515
0.0343682
0.0408027
0.0449615
0.0413843
0.0350862
0.0378997
0.0576779
0.0904849
0.1234375
0.1453804
0.1551663
0.1604970
0.1695553
0.1835956
0.1970397
0.2044857
0.2072260
0.2121659
0.2242672
0.2407863
0.2529299
0.2522539
0.2358811
0.2079488
0.1774878
0.1531513
0.1371253
0.1234058
0.1033100
0.0738904
0.0412173
0.0150456
-0.0004126
-0.0107233
-0.0255883
-0.0483173
-0.0718022
-0.0863331
-0.0907580
-0.0937160
-0.1033046
-0.1174684
-0.1262149
-0.1227394
-0.1108741
-0.1009414
-0.0987743
-0.0999877
-0.0958770
-0.0839474
-0.0702558
-0.0608460
-0.0537298
-0.0421601
-0.0248699
-0.0099198
-0.0073124
-0.0191455
-0.0377684
-0.0525400
-0.0574589
-0.0530963
-0.0435265
-0.0336204
-0.0290837
-0.0355957
-0.0541310
-0.0774142
-0.0948188
-0.1029423
-0.1094764
-0.1243393
-0.1477554
-0.1692394
-0.1786047
-0.1763894
-0.1721734
-0.1727895
-0.1736889
-0.1638860
-0.1398982
-0.1126817
-0.0982225
-0.1012038
-0.1097052
-0.1066681
-0.0859908
-0.0576623
-0.0382152
-0.0359807
-0.0443473
-0.0489763
-0.0421527
-0.0301035
-0.0259518
-0.0360060
-0.0535675
-0.0656672
-0.0652528
-0.0574351
-0.0546001
-0.0648679
-0.0845615
-0.1023287
-0.1110078
-0.1146781
-0.1234995
-0.1424205
-0.1657391
-0.1824751
-0.1869719
-0.1848055
-0.1879812
-0.2029428
-0.2231014
-0.2345967
-0.2299167
-0.2145902
-0.2000406
-0.1914524
-0.1839091
-0.1696136
-0.1474001
-0.1245818
-0.1096379
-0.1038172
-0.1010437
-0.0959821
-0.0900828
-0.0882593
-0.0914111
-0.0947338
-0.0927662
-0.0838954
-0.0705875
-0.0581988
-0.0538281
-0.0625506
-0.0816213
-0.0999910
-0.1082447
-0.1109604
-0.1237255
-0.1472536
-0.1393535
-0.0231544
0.2540915
0.6521250
1.0268797
1.2044095
1.0890536
0.7216383
0.2474345
-0.1720234
-0.4349518
-0.5216221
-0.4713794
-0.3478681
-0.2138606
-0.1147375
-0.0662646
-0.0538594
-0.0502233
-0.0396666
-0.0267908
-0.0232191
-0.0299262
-0.0347192
-0.0249503
0.0000499
0.0290965
0.0499700
0.0592468
0.0619671
0.0635305
0.0641994
0.0615166
0.0551754
0.0476066
0.0416620
0.0399275
0.0447667
0.0560586
0.0690832
0.0772388
0.0779422
0.0750914
0.0753358
0.0820285
0.0924537
0.1008522
0.1046960
0.1077231
0.1158794
0.1311008
0.1512143
0.1754601
0.2065746
0.2456525
0.2871730
0.3216609
0.3434398
0.3554920
0.3672072
0.3867118
0.4134173
0.4376390
0.4490643
0.4462604
0.4370676
0.4297723
0.4250474
0.4165379
0.3984360
0.3724946
0.3475083
0.3301445
0.3154704
0.2892552
0.2425260
0.1825053
0.1260300
0.0823909
0.0452495
0.0017829
-0.0521453
-0.1065173
-0.1457959
-0.1626891
-0.1637731
-0.1618899
-0.1642170
-0.1690980
-0.1727362
-0.1746696
-0.1755076
-0.1729773
-0.1632528
-0.1451871
-0.1218319
-0.0987220
-0.0810230
-0.0704906
-0.0644216
-0.0591656
-0.0550873
-0.0560997
-0.0635795
-0.0726097
-0.0755424
-0.0688811
-0.0567783
-0.0482987
-0.0501542
-0.0608736
-0.0732545
-0.0835198
-0.0955652
-0.1139175
-0.1355483
-0.1532804
-0.1662748
-0.1820358
-0.2062872
-0.2336696
-0.2508208
-0.2487401
-0.2318778
-0.2147216
-0.2086435
-0.2123971
-0.2162876
-0.2132457
-0.2018255
-0.1803761
-0.1465596
-0.1060990
-0.0749716
-0.0651674
-0.0702282
-0.0724297
-0.0662724
-0.0681209
-0.0927499
-0.1151651
-0.0617019
0.1432589
0.5027088
0.9118450
1.2043734
1.2490794
1.0214878
0.6054036
0.1405954
-0.2401370
-0.4560662
-0.4972003
-0.4153449
-0.2921106
-0.1977685
-0.1608469
-0.1651459
-0.1755821
-0.1715790
-0.1583753
-0.1497866
-0.1476072
-0.1419886
-0.1264738
-0.1052911
-0.0865650
-0.0732713
-0.0613053
-0.0441773
-0.0203607
0.0027766
0.0146155
0.0126166
0.0058430
0.0059205
0.0168835
0.0342723
0.0504033
0.0595985
0.0623390
0.0654977
0.0747198
0.0862784
0.0912955
0.0885380
0.0873264
0.0959514
0.1120474
0.1265454
0.1337061
0.1361754
0.1428362
0.1610632
0.1880830
0.2120152
0.2253957
0.2347813
0.2519021
0.2784848
0.3059568
0.3272970
0.3424323
0.3540433
0.3644670
0.3749579
0.3823928
0.3789299
0.3601139
0.3308994
0.2994782
0.2684836
0.2355734
0.1978247
0.1525559
0.1002137
0.0493009
0.0100199
-0.0206589
-0.0575565
-0.1055742
-0.1497914
-0.1743459
-0.1823746
-0.1904100
-0.2103508
-0.2411881
-0.2701454
-0.2798163
-0.2649770
-0.2438673
-0.2401262
-0.2529161
-0.2600283
-0.2502319
-0.2336571
-0.2198500
-0.2081174
-0.2018471
-0.2073490
-0.2147089
-0.2072245
-0.1942192
-0.2019949
-0.2244384
-0.2209653
-0.1797113
