-0.0320680
-0.0363562
-0.0648345
-0.0712565
-0.0549359
-0.0503451
-0.0667670
-0.0811092
-0.0813870
-0.0786485
-0.0782518
-0.0723508
-0.0622101
-0.0607824
-0.0700421
-0.0770419
-0.0747553
-0.0697694
-0.0687316
-0.0716302
-0.0774588
-0.0838785
-0.0840421
-0.0756687
-0.0692577
-0.0753846
-0.0880698
-0.0924862
-0.0853174
-0.0763581
-0.0732518
-0.0747729
-0.0765069
-0.0746335
-0.0667759
-0.0560321
-0.0509416
-0.0557554
-0.0645714
-0.0697007
-0.0709820
-0.0725832
-0.0761639
-0.0814811
-0.0880318
-0.0919578
-0.0872136
-0.0742092
-0.0621350
-0.0587840
-0.0624696
-0.0666135
-0.0674615
-0.0650398
-0.0615258
-0.0608606
-0.0653355
-0.0708210
-0.0697156
-0.0599943
-0.0477198
-0.0403796
-0.0412958
-0.0494782
-0.0602397
-0.0668672
-0.0667608
-0.0654634
-0.0700639
-0.0794152
-0.0854641
-0.0835195
-0.0767636
-0.0710586
-0.0691380
-0.0696038
-0.0688447
-0.0647716
-0.0604607
-0.0617873
-0.0692475
-0.0752274
-0.0726171
-0.0637564
-0.0577309
-0.0604838
-0.0696027
-0.0768133
-0.0743979
-0.0623173
-0.0506045
-0.0510520
-0.0639192
-0.0756099
-0.0720361
-0.0526315
-0.0300019
-0.0178501
-0.0200015
-0.0288331
-0.0333902
-0.0304784
-0.0274240
-0.0321113
-0.0420220
-0.0468415
-0.0411043
-0.0301008
-0.0231283
-0.0246140
-0.0323474
-0.0409776
-0.0460663
-0.0470583
-0.0475094
-0.0515726
-0.0601265
-0.0702887
-0.0770994
-0.0755320
-0.0642916
-0.0496407
-0.0420946
-0.0458274
-0.0533676
-0.0543247
-0.0483375
-0.0461446
-0.0575891
-0.0801411
-0.0995017
-0.1018213
-0.0870497
-0.0704440
-0.0685257
-0.0826302
-0.0983283
-0.1016695
-0.0934771
-0.0864644
-0.0905274
-0.1026197
-0.1101629
-0.1035857
-0.0858813
-0.0693454
-0.0624148
-0.0618112
-0.0594670
-0.0538029
-0.0488394
-0.0430906
-0.0260541
0.0111778
0.0666638
0.1357333
0.2298953
0.3823187
0.6246580
0.9492015
1.2916729
1.5576190
1.6752439
1.6312765
1.4652917
1.2391464
1.0123708
0.8320201
0.7248169
0.6867300
0.6819622
0.6615324
0.5927505
0.4776483
0.3456070
0.2275147
0.1353393
0.0638433
0.0065492
-0.0353117
-0.0588729
-0.0686505
-0.0756642
-0.0886207
-0.1074396
-0.1247044
-0.1330945
-0.1326819
-0.1312698
-0.1363294
-0.1466041
-0.1532067
-0.1491827
-0.1366068
-0.1240878
-0.1185266
-0.1195230
-0.1210125
-0.1183344
-0.1138624
-0.1146615
-0.1239950
-0.1366329
-0.1437866
-0.1414674
-0.1329666
-0.1250012
-0.1233261
-0.1303610
-0.1438719
-0.1575747
-0.1650765
-0.1646192
-0.1602532
-0.1584382
-0.1626799
-0.1699385
-0.1723710
-0.1646470
-0.1503794
-0.1396918
-0.1391903
-0.1451693
-0.1475249
-0.1399312
-0.1260578
-0.1162458
-0.1173214
-0.1244022
-0.1237093
-0.1059374
-0.0770274
-0.0534168
-0.0455947
-0.0476179
-0.0436299
-0.0239168
0.0058843
0.0308450
0.0417687
0.0445582
0.0544323
0.0806844
0.1179715
0.1528066
0.1768583
0.1926258
0.2077740
0.2263809
0.2456809
0.2596768
0.2652310
0.2647587
0.2627850
0.2602541
0.2535797
0.2395295
0.2193822
0.1973852
0.1764578
0.1564191
0.1352243
0.1106409
0.0814556
0.0485546
0.0153788
-0.0128026
-0.0307666
-0.0364506
-0.0340817
-0.0334054
-0.0429411
-0.0624664
-0.0828676
-0.0942081
-0.0941783
-0.0895016
-0.0899422
-0.1000088
-0.1147661
-0.1238152
-0.1208279
-0.1095399
-0.0997343
-0.0976098
-0.1009124
-0.1030015
-0.1002771
-0.0952011
-0.0926162
-0.0936055
-0.0936013
-0.0873580
-0.0753805
-0.0637756
-0.0573984
-0.0549710
-0.0519679
-0.0466039
-0.0412448
-0.0388634
-0.0400056
-0.0432098
-0.0468614
-0.0497652
-0.0503742
-0.0468130
-0.0391844
-0.0319472
-0.0317657
-0.0407961
-0.0530689
-0.0603082
-0.0616147
-0.0647580
-0.0764795
-0.0933048
-0.1041330
-0.1018579
-0.0910219
-0.0831770
-0.0850419
-0.0923391
-0.0959929
-0.0931570
-0.0897153
-0.0917347
-0.0975839
-0.1008610
-0.0991768
-0.0965644
-0.0971322
-0.0994118
-0.0988405
-0.0945921
-0.0917453
-0.0957631
-0.1055091
-0.1132386
-0.1123809
-0.1044924
-0.0971794
-0.0956472
-0.0980773
-0.0993443
-0.0971586
-0.0935586
-0.0919106
-0.0937730
-0.0978085
-0.1005283
-0.0986245
-0.0918909
-0.0842278
-0.0812097
-0.0857544
-0.0951936
-0.1024154
-0.1012483
-0.0922769
-0.0832022
-0.0822198
-0.0906494
-0.1023992
-0.1102821
-0.1122246
-0.1118131
-0.1137847
-0.1189194
-0.1227311
-0.1194219
-0.1077554
-0.0929461
-0.0826639
-0.0817145
-0.0902083
-0.1045497
-0.1184819
-0.1250193
-0.1212098
-0.1124872
-0.1099906
-0.1201977
-0.1362647
-0.1419666
-0.1272580
-0.0998960
-0.0782067
-0.0702450
-0.0630625
-0.0364975
0.0150036
0.0826117
0.1691230
0.3076350
0.5407428
0.8712785
1.2326904
1.5143678
1.6261380
1.5497983
1.3398735
1.0826684
0.8524301
0.6908713
0.6059341
0.5758749
0.5583057
0.5109091
0.4165528
0.2921428
0.1715352
0.0781323
0.0122869
-0.0383964
-0.0812007
-0.1127395
-0.1285976
-0.1333943
-0.1381545
-0.1491567
-0.1627461
-0.1715550
-0.1729181
-0.1696984
-0.1654669
-0.1620305
-0.1610330
-0.1645113
-0.1719276
-0.1780682
-0.1766900
-0.1676793
-0.1594509
-0.1616984
-0.1745433
-0.1863324
-0.1842642
-0.1672366
-0.1470049
-0.1369151
-0.1408722
-0.1529814
-0.1654275
-0.1750130
-0.1831067
-0.1914715
-0.1991793
-0.2030760
-0.2003249
-0.1903527
-0.1753945
-0.1602716
-0.1508404
-0.1501239
-0.1547019
-0.1565996
-0.1510248
-0.1422159
-0.1399772
-0.1495746
-0.1653875
-0.1748908
-0.1691757
-0.1503418
-0.1293522
-0.1165351
-0.1132732
-0.1118139
-0.1022330
-0.0798044
-0.0476609
-0.0145279
0.0105176
0.0239784
0.0308316
0.0409328
0.0607868
0.0880691
0.1143714
0.1334936
0.1471639
0.1627485
0.1852397
0.2114234
0.2322596
0.2411862
0.2396212
0.2341940
0.2295922
0.2248259
0.2152813
0.1966836
0.1674484
0.1294866
0.0881430
0.0504414
0.0214216
0.0009236
-0.0159762
-0.0343038
-0.0539672
-0.0693775
-0.0753015
-0.0732795
-0.0712119
-0.0759873
-0.0871103
-0.0979804
-0.1027463
-0.1014542
-0.0992947
-0.1016790
-0.1096734
-0.1193190
-0.1251473
-0.1247157
-0.1202028
-0.1161583
-0.1159354
-0.1195316
-0.1237149
-0.1242288
-0.1191441
-0.1110757
-0.1059311
-0.1085654
-0.1185879
-0.1296023
-0.1328904
-0.1236603
-0.1054255
-0.0881451
-0.0805955
-0.0835091
-0.0899537
-0.0923055
-0.0888924
-0.0844563
-0.0847488
-0.0905443
-0.0965580
-0.0962792
-0.0879356
-0.0755456
-0.0646012
-0.0579517
-0.0560261
-0.0589546
-0.0661801
-0.0743651
-0.0784273
-0.0767446
-0.0747496
-0.0809013
-0.0972709
-0.1147793
-0.1201430
-0.1088233
-0.0899292
-0.0768780
-0.0740645
-0.0745744
-0.0704935
-0.0626448
-0.0588053
-0.0641534
-0.0757479
-0.0861929
-0.0907879
-0.0902195
-0.0876255
-0.0852098
-0.0843600
-0.0871471
-0.0949156
-0.1047760
-0.1097652
-0.1049465
-0.0933969
-0.0844810
-0.0851607
-0.0932064
-0.0993829
-0.0964506
-0.0861500
-0.0774282
-0.0776927
-0.0857882
-0.0936262
-0.0943462
-0.0883600
-0.0817767
-0.0800250
-0.0832106
-0.0865214
-0.0843580
-0.0749362
-0.0622727
-0.0539515
-0.0559824
-0.0685050
-0.0854175
-0.0979368
-0.0996608
-0.0901552
-0.0749682
-0.0620612
-0.0570620
-0.0604014
-0.0677360
-0.0730990
-0.0730638
-0.0692339
-0.0666003
-0.0686445
-0.0740038
-0.0784380
-0.0798296
-0.0804018
-0.0838024
-0.0905486
-0.0966889
-0.0968881
-0.0889875
-0.0760481
-0.0642995
-0.0590198
-0.0617014
-0.0698118
-0.0781628
-0.0811983
-0.0763206
-0.0666247
-0.0595708
-0.0609306
-0.0690557
-0.0757782
-0.0741077
-0.0654390
-0.0585577
-0.0607475
-0.0701357
-0.0779685
-0.0785557
-0.0751380
-0.0745936
-0.0781572
-0.0804619
-0.0775678
-0.0721043
-0.0682655
-0.0647959
-0.0575711
-0.0486552
-0.0466616
-0.0535758
-0.0546603
-0.0296577
0.0234033
0.0837280
0.1378984
0.2151303
0.3801629
0.6762578
1.0688474
1.4479219
1.6916158
1.7358901
1.5969112
1.3438797
1.0590942
0.8132210
0.6527469
0.5876515
0.5851966
0.5861980
0.5415982
0.4416490
0.3130748
0.1908626
0.0939459
0.0231207
-0.0272697
-0.0617827
-0.0849993
-0.1028307
-0.1189136
-0.1313438
-0.1357902
-0.1321228
-0.1264070
-0.1256485
-0.1314944
-0.1398963
-0.1461500
-0.1489739
-0.1501682
-0.1523964
-0.1580546
-0.1682697
-0.1807739
-0.1894369
-0.1885755
-0.1790271
-0.1688335
-0.1664629
-0.1732542
-0.1830624
-0.1890871
-0.1900876
-0.1895267
-0.1897055
-0.1884929
-0.1823892
-0.1715002
-0.1600341
-0.1522455
-0.1492543
-0.1497246
-0.1518279
-0.1536621
-0.1533328
-0.1505891
-0.1481482
-0.1495515
-0.1547525
-0.1586760
-0.1553993
-0.1439562
-0.1293306
-0.1173905
-0.1094251
-0.1021745
-0.0924256
-0.0801327
-0.0671098
-0.0546338
-0.0435208
-0.0349028
-0.0284070
-0.0197059
-0.0027125
0.0236490
0.0515619
0.0693787
0.0719064
0.0656343
0.0632353
0.0726097
0.0912116
0.1106723
0.1261157
0.1404360
0.1599890
0.1870071
0.2162330
0.2381953
0.2457137
0.2383824
0.2218438
0.2027418
0.1838277
0.1635092
0.1396036
0.1128792
0.0869395
0.0654026
0.0495015
0.0375840
0.0260012
0.0108909
-0.0092817
-0.0316871
-0.0500513
-0.0594151
-0.0613662
-0.0639145
-0.0741882
-0.0903822
-0.1023082
-0.1016090
-0.0911890
-0.0829955
-0.0859801
-0.0972495
-0.1057609
-0.1039750
-0.0948355
-0.0875140
-0.0875984
-0.0922683
-0.0943641
-0.0896205
-0.0794239
-0.0679431
-0.0583885
-0.0519672
-0.0485421
-0.0470073
-0.0457914
-0.0443800
-0.0444040
-0.0482038
-0.0557671
-0.0635334
-0.0669624
-0.0646456
-0.0597958
-0.0573825
-0.0596267
-0.0643845
-0.0678825
-0.0685486
-0.0678251
-0.0677539
-0.0686781
-0.0694557
-0.0691750
-0.0680476
-0.0668126
-0.0658746
-0.0653815
-0.0659274
-0.0684525
-0.0728659
-0.0771975
-0.0793131
-0.0798489
-0.0821672
-0.0880098
-0.0937447
-0.0930306
-0.0843830
-0.0749422
-0.0745527
-0.0851883
-0.0973639
-0.0987788
-0.0869713
-0.0723221
-0.0676045
-0.0751002
-0.0849746
-0.0858634
-0.0756412
-0.0618538
-0.0536151
-0.0544091
-0.0613257
-0.0686572
-0.0716853
-0.0691405
-0.0641876
-0.0627406
-0.0686349
-0.0790871
-0.0858739
-0.0828383
-0.0725377
-0.0641074
-0.0638209
-0.0689097
-0.0719370
-0.0704254
-0.0700917
-0.0779242
-0.0934227
-0.1079843
-0.1127476
-0.1063266
-0.0950833
-0.0868389
-0.0846613
-0.0857664
-0.0851008
-0.0798640
-0.0718417
-0.0663418
-0.0680502
-0.0762180
-0.0836240
-0.0819240
-0.0695909
-0.0543852
-0.0468277
-0.0507495
-0.0605277
-0.0675154
-0.0684412
-0.0670847
-0.0684227
-0.0725021
-0.0747884
-0.0718680
-0.0654984
-0.0606694
-0.0606433
-0.0647394
-0.0703337
-0.0756634
-0.0804701
-0.0850838
-0.0897562
-0.0943998
-0.0981055
-0.0991138
-0.0963946
-0.0918682
-0.0902445
-0.0951893
-0.1052029
-0.1143953
-0.1184424
-0.1191676
-0.1216826
-0.1270668
-0.1300765
-0.1256272
-0.1160971
-0.1096097
-0.1109389
-0.1165851
-0.1201460
-0.1201723
-0.1193276
-0.1161471
-0.1020428
-0.0692931
-0.0182128
0.0511876
0.1570895
0.3375720
0.6213373
0.9881305
1.3588128
1.6314998
1.7367391
1.6685139
1.4742477
1.2233953
0.9819856
0.7998442
0.7005939
0.6719521
0.6691087
0.6398778
0.5573854
0.4332697
0.3008817
0.1867254
0.0967154
0.0242290
-0.0355371
-0.0811859
-0.1106607
-0.1259852
-0.1318531
-0.1326200
-0.1325974
-0.1372384
-0.1503513
-0.1691191
-0.1844488
-0.1891726
-0.1860103
-0.1853887
-0.1942993
-0.2083198
-0.2158615
-0.2099989
-0.1951510
-0.1822143
-0.1782087
-0.1811446
-0.1840743
-0.1828110
-0.1794035
-0.1790325
-0.1844873
-0.1934489
-0.2000831
-0.1989401
-0.1885226
-0.1726605
-0.1586253
-0.1525641
-0.1553285
-0.1623477
-0.1679615
-0.1702604
-0.1717239
-0.1750055
-0.1782472
-0.1752084
-0.1609214
-0.1376490
-0.1148440
-0.1023752
-0.1030441
-0.1111345
-0.1177473
-0.1175402
-0.1112632
-0.1032461
-0.0971870
-0.0936313
-0.0898957
-0.0815326
-0.0648524
-0.0401561
-0.0134737
0.0064535
0.0155100
0.0192720
0.0289558
0.0504004
0.0774132
0.0979398
0.1075954
0.1156914
0.1360922
0.1720593
0.2114783
0.2376440
0.2437583
0.2361402
0.2249265
0.2145318
0.2035793
0.1906724
0.1764474
0.1602672
0.1388313
0.1108408
0.0816750
0.0600938
0.0490204
0.0413036
0.0266160
0.0024069
-0.0235331
-0.0417931
-0.0511472
-0.0583653
-0.0690515
-0.0807477
-0.0860084
-0.0811854
-0.0708244
-0.0635760
-0.0648495
-0.0735476
-0.0845996
-0.0934109
-0.0982895
-0.1004024
-0.1026977
-0.1082114
-0.1175071
-0.1268021
-0.1297131
-0.1226806
-0.1091618
-0.0973896
-0.0929882
-0.0939474
-0.0934035
-0.0871227
-0.0775124
-0.0703132
-0.0684769
-0.0701960
-0.0722579
-0.0735606
-0.0745711
-0.0747606
-0.0726831
-0.0687619
-0.0659492
-0.0659878
-0.0659868
-0.0610980
-0.0513583
-0.0440561
-0.0471303
-0.0601081
-0.0732206
-0.0765582
-0.0695121
-0.0603803
-0.0574478
-0.0620785
-0.0704517
-0.0794696
-0.0886770
-0.0974549
-0.1037053
-0.1068209
-0.1098011
-0.1155975
-0.1216059
-0.1206556
-0.1091952
-0.0931133
-0.0830975
-0.0839431
-0.0900574
-0.0922672
-0.0876926
-0.0815124
-0.0799272
-0.0836739
-0.0889644
-0.0925780
-0.0938465
-0.0923051
-0.0861305
-0.0745491
-0.0608977
-0.0513712
-0.0497676
-0.0537454
-0.0569395
-0.0552172
-0.0509631
-0.0509253
-0.0592857
-0.0725094
-0.0813135
-0.0784057
-0.0647558
-0.0483713
-0.0371382
-0.0332522
-0.0343088
-0.0381173
-0.0445898
-0.0531372
-0.0607459
-0.0647165
-0.0664688
-0.0700208
-0.0758070
-0.0781148
-0.0711481
-0.0574843
-0.0480851
-0.0521762
-0.0676801
-0.0831075
-0.0890923
-0.0870087
-0.0858157
-0.0916005
-0.1015838
-0.1080254
-0.1061996
-0.0976119
-0.0867994
-0.0772840
-0.0711272
-0.0702495
-0.0754088
-0.0832968
-0.0867605
-0.0805277
-0.0673538
-0.0568894
-0.0566778
-0.0642636
-0.0695585
-0.0656864
-0.0566083
-0.0529757
-0.0608163
-0.0755228
-0.0870893
-0.0897664
-0.0855370
-0.0795366
-0.0748480
-0.0724863
-0.0735742
-0.0779440
-0.0807242
-0.0744291
-0.0577749
-0.0407558
-0.0360610
-0.0431865
-0.0440973
-0.0186535
0.0368392
0.1125957
0.2105627
0.3615026
0.6047281
0.9403106
1.2997712
1.5713260
1.6655789
1.5687202
1.3428952
1.0816320
0.8610038
0.7169412
0.6476186
0.6247515
0.6067149
0.5562798
0.4595701
0.3325288
0.2069492
0.1072221
0.0381086
-0.0089480
-0.0426072
-0.0662550
-0.0817372
-0.0928280
-0.1032625
-0.1138020
-0.1233552
-0.1317577
-0.1391606
-0.1431957
-0.1398933
-0.1293404
-0.1189900
-0.1186445
-0.1312431
-0.1495592
-0.1626207
-0.1648988
-0.1591911
-0.1520871
-0.1482585
-0.1486297
-0.1516519
-0.1546492
-0.1546750
-0.1500868
-0.1423355
-0.1357016
-0.1343615
-0.1392854
-0.1478537
-0.1562841
-0.1624774
