-0.0978372
-0.1655501
-0.1070757
-0.0618854
-0.0740039
-0.0829459
-0.0660244
-0.0623049
-0.0771475
-0.0735788
-0.0537311
-0.0584448
-0.0870020
-0.0947312
-0.0714241
-0.0552705
-0.0666152
-0.0844782
-0.0900860
-0.0860766
-0.0747388
-0.0591438
-0.0602992
-0.0942396
-0.1383982
-0.1552834
-0.1417879
-0.1250512
-0.1208157
-0.1248621
-0.1332339
-0.1427930
-0.1429990
-0.1315970
-0.1261748
-0.1385010
-0.1515501
-0.1430899
-0.1183418
-0.0995961
-0.0959419
-0.0999737
-0.1022801
-0.0957992
-0.0787129
-0.0633560
-0.0674596
-0.0876491
-0.0979516
-0.0834159
-0.0591494
-0.0481851
-0.0562661
-0.0749429
-0.0931626
-0.0991875
-0.0866220
-0.0653302
-0.0539545
-0.0580266
-0.0669603
-0.0723781
-0.0755688
-0.0774401
-0.0759097
-0.0738434
-0.0768233
-0.0835248
-0.0891326
-0.0947716
-0.1019548
-0.1029700
-0.0905738
-0.0734025
-0.0680827
-0.0778864
-0.0902152
-0.0932397
-0.0862378
-0.0757628
-0.0672526
-0.0562698
-0.0256768
0.0396702
0.1339599
0.2420520
0.3772990
0.5876768
0.9008642
1.2637514
1.5509868
1.6430915
1.5056188
1.2066998
0.8647440
0.5714515
0.3541181
0.2015076
0.1078412
0.0758147
0.0864471
0.0941019
0.0636555
0.0017188
-0.0566088
-0.0849749
-0.0861902
-0.0834902
-0.0967314
-0.1241879
-0.1465262
-0.1498345
-0.1406480
-0.1348790
-0.1387412
-0.1472720
-0.1547200
-0.1571083
-0.1499223
-0.1338056
-0.1199731
-0.1207993
-0.1357336
-0.1524759
-0.1603365
-0.1581691
-0.1524106
-0.1513839
-0.1580339
-0.1652858
-0.1627758
-0.1498819
-0.1362104
-0.1278739
-0.1214070
-0.1141757
-0.1118291
-0.1195001
-0.1316271
-0.1362975
-0.1269092
-0.1072713
-0.0884698
-0.0811371
-0.0864722
-0.0948221
-0.0969446
-0.0944657
-0.0937683
-0.0930366
-0.0840882
-0.0661376
-0.0489958
-0.0411199
-0.0406067
-0.0391196
-0.0304003
-0.0151672
-0.0011832
0.0032101
-0.0006860
-0.0006010
0.0139733
0.0402896
0.0667411
0.0851792
0.0956798
0.1034949
0.1151302
0.1331383
0.1510598
0.1582934
0.1543975
0.1541510
0.1730650
0.2097578
0.2457873
0.2614836
0.2517099
0.2298655
0.2169177
0.2219910
0.2329650
0.2303432
0.2098118
0.1852842
0.1698246
0.1609459
0.1473087
0.1242930
0.0991310
0.0826492
0.0772890
0.0727573
0.0557958
0.0263955
0.0003291
-0.0088677
-0.0065151
-0.0092069
-0.0233950
-0.0389551
-0.0439461
-0.0393470
-0.0368284
-0.0446737
-0.0577593
-0.0624906
-0.0536505
-0.0448142
-0.0558588
-0.0882789
-0.1192964
-0.1249713
-0.1050903
-0.0812710
-0.0741111
-0.0860664
-0.1035858
-0.1114897
-0.1058740
-0.0951209
-0.0885429
-0.0858248
-0.0806366
-0.0724193
-0.0682492
-0.0720785
-0.0776107
-0.0745068
-0.0590580
-0.0379534
-0.0237124
-0.0253345
-0.0397471
-0.0530246
-0.0536578
-0.0441741
-0.0367146
-0.0386740
-0.0464320
-0.0518615
-0.0508521
-0.0458361
-0.0429766
-0.0462408
-0.0523287
-0.0535609
-0.0481773
-0.0449661
-0.0539881
-0.0741110
-0.0926127
-0.0964322
-0.0830115
-0.0625548
-0.0507225
-0.0557657
-0.0707121
-0.0804319
-0.0772841
-0.0670109
-0.0593339
-0.0577720
-0.0605497
-0.0665641
-0.0763330
-0.0888606
-0.1004132
-0.1065592
-0.1058277
-0.1024167
-0.1033739
-0.1101468
-0.1147037
-0.1082183
-0.0927566
-0.0799328
-0.0778749
-0.0833005
-0.0868658
-0.0831647
-0.0748030
-0.0686798
-0.0685998
-0.0710232
-0.0696362
-0.0644885
-0.0628079
-0.0684326
-0.0746290
-0.0720568
-0.0616368
-0.0545273
-0.0593013
-0.0724850
-0.0826644
-0.0825727
-0.0763229
-0.0739559
-0.0785592
-0.0817868
-0.0757270
-0.0663503
-0.0678921
-0.0831150
-0.0967478
-0.0929609
-0.0745437
-0.0593895
-0.0600844
-0.0718804
-0.0809580
-0.0806139
-0.0764229
-0.0762859
-0.0796029
-0.0800143
-0.0761829
-0.0720508
-0.0647206
-0.0415134
0.0036528
0.0595808
0.1189350
0.2110400
0.3959315
0.7063106
1.0893141
1.4132501
1.5459187
1.4413219
1.1616193
0.8214648
0.5121680
0.2714036
0.1054681
0.0170576
0.0031152
0.0380154
0.0762884
0.0792856
0.0393443
-0.0206740
-0.0695719
-0.0920479
-0.0962712
-0.1007544
-0.1146401
-0.1306694
-0.1355171
-0.1246283
-0.1073176
-0.0990891
-0.1078161
-0.1249933
-0.1320235
-0.1189233
-0.0966919
-0.0877212
-0.1032930
-0.1326976
-0.1542273
-0.1544537
-0.1374388
-0.1186266
-0.1108513
-0.1143999
-0.1194870
-0.1180481
-0.1116570
-0.1073571
-0.1083077
-0.1108147
-0.1091197
-0.1010688
-0.0899889
-0.0821452
-0.0809342
-0.0827485
-0.0806752
-0.0733131
-0.0673152
-0.0694093
-0.0780609
-0.0849755
-0.0832674
-0.0726744
-0.0584079
-0.0465720
-0.0397235
-0.0356363
-0.0305241
-0.0230992
-0.0146490
-0.0064114
0.0010817
0.0072567
0.0129881
0.0221854
0.0385800
0.0605149
0.0814728
0.0963642
0.1057149
0.1139733
0.1255439
0.1418858
0.1601796
0.1749130
0.1828110
0.1866562
0.1933910
0.2085351
0.2322051
0.2585361
0.2781332
0.2837167
0.2758751
0.2623542
0.2502703
0.2400443
0.2276014
0.2102780
0.1888988
0.1657799
0.1426177
0.1195715
0.0954632
0.0697507
0.0445148
0.0228969
0.0051954
-0.0117434
-0.0306695
-0.0507681
-0.0683682
-0.0794301
-0.0820030
-0.0785465
-0.0757189
-0.0794377
-0.0895520
-0.1007702
-0.1085385
-0.1123379
-0.1138849
-0.1145763
-0.1150140
-0.1153073
-0.1154536
-0.1161743
-0.1187115
-0.1227147
-0.1252849
-0.1236673
-0.1185715
-0.1140313
-0.1144049
-0.1210912
-0.1299454
-0.1316310
-0.1181072
-0.0916645
-0.0660302
-0.0558205
-0.0646400
-0.0837301
-0.1005269
-0.1074466
-0.1044018
-0.0956359
-0.0850246
-0.0742342
-0.0648646
-0.0603401
-0.0633445
-0.0718762
-0.0803137
-0.0848088
-0.0860260
-0.0867276
-0.0885855
-0.0913201
-0.0930068
-0.0910995
-0.0849372
-0.0774395
-0.0728649
-0.0727978
-0.0753355
-0.0776548
-0.0781470
-0.0769579
-0.0762944
-0.0797898
-0.0896111
-0.1035442
-0.1154314
-0.1188261
-0.1113992
-0.0978206
-0.0880330
-0.0892910
-0.0981055
-0.1026699
-0.0960165
-0.0854731
-0.0862223
-0.1050372
-0.1315109
-0.1458418
-0.1358837
-0.1079565
-0.0813270
-0.0709953
-0.0753595
-0.0809152
-0.0777472
-0.0684827
-0.0628917
-0.0666898
-0.0763869
-0.0830284
-0.0799856
-0.0684501
-0.0563125
-0.0513350
-0.0552986
-0.0644664
-0.0737792
-0.0791773
-0.0779293
-0.0700182
-0.0592840
-0.0508459
-0.0467994
-0.0457356
-0.0464354
-0.0502896
-0.0591425
-0.0713992
-0.0815160
-0.0847652
-0.0830745
-0.0843391
-0.0935290
-0.1055465
-0.1104655
-0.1058087
-0.0991222
-0.0967939
-0.0954099
-0.0887611
-0.0799542
-0.0791781
-0.0881665
-0.0936752
-0.0828339
-0.0627876
-0.0559540
-0.0703804
-0.0811124
-0.0524704
0.0206586
0.1085167
0.1958491
0.3266143
0.5742189
0.9499757
1.3460395
1.5872689
1.5558323
1.2756661
0.8842981
0.5288143
0.2838502
0.1480020
0.0898701
0.0814812
0.0975168
0.1081683
0.0902925
0.0440740
-0.0097194
-0.0503715
-0.0721527
-0.0812863
-0.0854789
-0.0895049
-0.0966664
-0.1087643
-0.1233657
-0.1339219
-0.1354244
-0.1300949
-0.1257519
-0.1279546
-0.1352615
-0.1426688
-0.1469021
-0.1462170
-0.1382391
-0.1231685
-0.1086985
-0.1061608
-0.1190440
-0.1384037
-0.1525137
-0.1590388
-0.1642667
-0.1709307
-0.1710900
-0.1544541
-0.1230900
-0.0939922
-0.0839371
-0.0927648
-0.1049051
-0.1075184
-0.1031747
-0.1027526
-0.1097856
-0.1163608
-0.1132989
-0.0999196
-0.0827975
-0.0681231
-0.0576036
-0.0505230
-0.0468824
-0.0468196
-0.0476284
-0.0438256
-0.0320155
-0.0147859
0.0022713
0.0170663
0.0322687
0.0499263
0.0674922
0.0807335
0.0892008
0.0973924
0.1109126
0.1317643
0.1564047
0.1779641
0.1914777
0.1979750
0.2034523
0.2136726
0.2297260
0.2477697
0.2625921
0.2723661
0.2805529
0.2917071
0.3040606
0.3078469
0.2937459
0.2632445
0.2287062
0.2022590
0.1852302
0.1687897
0.1444094
0.1132059
0.0847122
0.0664255
0.0556351
0.0430168
0.0236737
0.0021385
-0.0141770
-0.0239767
-0.0326534
-0.0452514
-0.0608588
-0.0736653
-0.0782823
-0.0742841
-0.0668943
-0.0638114
-0.0705733
-0.0871577
-0.1070946
-0.1199279
-0.1177154
-0.1024262
-0.0865492
-0.0833385
-0.0949260
-0.1108371
-0.1185121
-0.1144359
-0.1051752
-0.0992349
-0.0989017
-0.0994778
-0.0956202
-0.0878112
-0.0819963
-0.0829759
-0.0893469
-0.0954739
-0.0972249
-0.0948614
-0.0915061
-0.0902596
-0.0921976
-0.0956003
-0.0969640
-0.0937366
-0.0866116
-0.0791554
-0.0750221
-0.0748689
-0.0755076
-0.0731310
-0.0687108
-0.0688432
-0.0779920
-0.0895496
-0.0886910
-0.0678944
-0.0387140
-0.0241760
-0.0369947
-0.0660062
-0.0862889
-0.0836988
-0.0681809
-0.0612256
-0.0714337
-0.0863051
-0.0893620
-0.0808866
-0.0765466
-0.0865455
-0.1021209
-0.1059154
-0.0929038
-0.0767999
-0.0751465
-0.0906508
-0.1092158
-0.1154557
-0.1075532
-0.0960402
-0.0907695
-0.0924585
-0.0961473
-0.0983451
-0.0985098
-0.0966095
-0.0931779
-0.0913581
-0.0954287
-0.1055030
-0.1148586
-0.1145406
-0.1018189
-0.0841378
-0.0736813
-0.0768772
-0.0891596
-0.1004276
-0.1049534
-0.1049132
-0.1051523
-0.1069651
-0.1078734
-0.1057335
-0.1011118
-0.0955318
-0.0886249
-0.0783612
-0.0647175
-0.0521630
-0.0464768
-0.0485551
-0.0534025
-0.0567410
-0.0605793
-0.0691340
-0.0798185
-0.0824130
-0.0700767
-0.0500543
-0.0402005
-0.0526648
-0.0810927
-0.1055069
-0.1108867
-0.1003228
-0.0891627
-0.0878060
-0.0929442
-0.0953823
-0.0924731
-0.0899181
-0.0929675
-0.0995208
-0.1031695
-0.1013445
-0.0983947
-0.1000468
-0.1058114
-0.1084403
-0.1014731
-0.0862950
-0.0708623
-0.0624694
-0.0630378
-0.0702366
-0.0803883
-0.0897296
-0.0953550
-0.0971253
-0.0981679
-0.1018564
-0.1077900
-0.1114945
-0.1088795
-0.1009208
-0.0930180
-0.0891437
-0.0876228
-0.0841151
-0.0778958
-0.0723944
-0.0689433
-0.0632813
-0.0511105
-0.0354930
-0.0251499
-0.0250633
-0.0315047
-0.0373095
-0.0391166
-0.0363858
-0.0248077
0.0040963
0.0543519
0.1216126
0.2065888
0.3339271
0.5460642
0.8611188
1.2285624
1.5331523
1.6576730
1.5566654
1.2804642
0.9352306
0.6194401
0.3863717
0.2459444
0.1832494
0.1703192
0.1714429
0.1546649
0.1085009
0.0466933
-0.0080801
-0.0463683
-0.0768585
-0.1108869
-0.1463351
-0.1692866
-0.1702614
-0.1563087
-0.1460179
-0.1527528
-0.1728265
-0.1896749
-0.1891245
-0.1709985
-0.1476264
-0.1328909
-0.1323427
-0.1413345
-0.1505534
-0.1533524
-0.1489471
-0.1398598
-0.1280180
-0.1149590
-0.1052257
-0.1062227
-0.1214205
-0.1432332
-0.1550198
-0.1435650
-0.1120837
-0.0808528
-0.0722744
-0.0921778
-0.1248155
-0.1469899
-0.1476074
-0.1337180
-0.1192222
-0.1104091
-0.1033355
-0.0931352
-0.0829192
-0.0822247
-0.0969910
-0.1215217
-0.1404442
-0.1393168
-0.1158168
-0.0837618
-0.0662034
-0.0788045
-0.1126011
-0.1325889
-0.1020965
-0.0184985
0.0739559
0.1146009
0.0784931
0.0016689
-0.0474666
-0.0258279
0.0511621
0.1297970
0.1681898
0.1668806
0.1559557
0.1602959
0.1806261
0.2028267
0.2167306
0.2230492
0.2274124
0.2338484
0.2440209
0.2579765
0.2723332
0.2790935
0.2698980
0.2435622
0.2086816
0.1769770
0.1534277
0.1335165
0.1100696
0.0815914
0.0535733
0.0331592
0.0235906
0.0223695
0.0225955
0.0163468
-0.0005886
-0.0252710
-0.0490823
-0.0640203
-0.0686265
-0.0681340
-0.0688845
-0.0726962
-0.0767699
-0.0785839
-0.0795533
-0.0830204
-0.0896080
-0.0963091
-0.1002531
-0.1016573
-0.1021012
-0.1010513
-0.0956907
-0.0843639
-0.0694132
-0.0561569
-0.0490192
-0.0485218
-0.0518079
-0.0558182
-0.0596255
-0.0636759
-0.0674056
-0.0683528
-0.0638122
-0.0534124
-0.0404208
-0.0304891
-0.0281215
-0.0334063
-0.0423483
-0.0508303
-0.0577556
-0.0636863
-0.0672860
-0.0650715
-0.0556533
-0.0434095
-0.0364811
-0.0401620
-0.0519738
-0.0633078
-0.0660491
-0.0580167
-0.0432266
-0.0287274
-0.0215230
-0.0257121
-0.0387064
-0.0498019
-0.0465959
-0.0272217
-0.0064105
-0.0058183
-0.0349352
-0.0809840
-0.1191238
-0.1338083
-0.1301192
-0.1242650
-0.1247917
-0.1255643
-0.1170185
-0.1006066
-0.0886354
-0.0904066
-0.1018406
-0.1101899
-0.1069868
-0.0943877
-0.0801709
-0.0699134
-0.0653019
-0.0671198
-0.0752785
-0.0844476
-0.0832637
-0.0632601
-0.0306548
-0.0066657
-0.0120491
-0.0490374
-0.0981387
-0.1330134
-0.1397361
-0.1242754
-0.1041420
-0.0935346
-0.0945873
-0.0999600
-0.1020558
-0.1000772
-0.0997938
-0.1072967
-0.1218964
-0.1337059
-0.1291123
-0.1019857
-0.0620776
-0.0312523
-0.0273572
-0.0484106
-0.0728295
-0.0782343
-0.0622488
-0.0436046
-0.0400985
-0.0457394
-0.0333429
0.0186255
0.1064408
0.2149130
0.3503516
0.5492475
0.8406098
1.1932942
1.5050981
1.6552908
1.5810990
1.3154842
0.9606394
0.6270457
0.3860483
0.2569202
0.2172106
0.2204001
0.2171300
0.1780506
0.1062237
0.0275995
-0.0331626
-0.0693648
-0.0886793
-0.0992828
-0.1038066
-0.1047607
-0.1091416
-0.1231620
-0.1440184
-0.1612642
-0.1677823
-0.1670720
-0.1678815
-0.1731617
-0.1766766
-0.1702432
-0.1524163
-0.1300451
-0.1133339
-0.1098363
-0.1204927
-0.1385492
-0.1527825
-0.1550040
-0.1466840
-0.1376157
-0.1363487
-0.1416394
-0.1444106
-0.1384503
-0.1277603
-0.1220292
-0.1256304
-0.1330094
-0.1352424
-0.1293475
-0.1197943
-0.1119147
-0.1059121
-0.0978969
-0.0855225
-0.0713216
-0.0604735
-0.0559990
-0.0564651
-0.0579461
-0.0575089
-0.0546788
-0.0503888
-0.0456070
-0.0410580
-0.0370888
-0.0326141
-0.0244193
-0.0090944
0.0129151
0.0354450
0.0506394
0.0564115
0.0595033
0.0694656
0.0890544
0.1118860
0.1304697
0.1450294
0.1620685
0.1844462
0.2059296
0.2179207
0.2204675
0.2235181
0.2358363
0.2541176
0.2650674
0.2582922
0.2358463
0.2090026
0.1874429
0.1727711
0.1608120
0.1470421
0.1289481
0.1056610
0.0780898
0.0492999
0.0226354
-0.0013566
-0.0246300
-0.0469084
-0.0625314
-0.0651480
-0.0571227
-0.0521395
-0.0644002
-0.0932832
-0.1207395
-0.1274699
-0.1129022
-0.0970882
-0.1003278
-0.1210363
-0.1362953
-0.1262560
-0.0970983
-0.0769887
-0.0875020
-0.1200923
-0.1434197
-0.1352222
-0.1058296
-0.0883824
-0.1053591
-0.1454919
-0.1740153
-0.1650820
-0.1240389
-0.0796301
-0.0570041
-0.0591231
-0.0716902
-0.0813221
-0.0860708
-0.0901772
-0.0937167
-0.0911494
-0.0794734
-0.0644017
-0.0559983
-0.0584681
-0.0658525
-0.0684287
-0.0625264
-0.0533040
-0.0485336
-0.0510909
-0.0578925
-0.0647336
-0.0702736
-0.0749106
-0.0772994
-0.0740330
-0.0636823
-0.0505561
-0.0430949
-0.0473688
-0.0616744
-0.0777015
-0.0874451
-0.0893263
-0.0878090
-0.0874590
-0.0880759
-0.0861915
-0.0810282
-0.0776221
-0.0825529
-0.0962695
