-0.0335235
-0.0218280
-0.0288340
-0.0394858
-0.0431319
-0.0418864
-0.0408101
-0.0413958
-0.0441712
-0.0489162
-0.0522987
-0.0515092
-0.0488966
-0.0476778
-0.0459587
-0.0409351
-0.0352774
-0.0318960
-0.0257654
-0.0105285
0.0074913
0.0122496
-0.0008996
-0.0137262
-0.0016363
0.0381792
0.0786145
0.0862828
0.0551983
0.0143457
-0.0029739
0.0049599
0.0133427
0.0162318
0.0549889
0.1827560
0.3924376
0.5866075
0.6325723
0.4618863
0.1280489
-0.2285318
-0.4779996
-0.5781163
-0.5724380
-0.5272101
-0.4748798
-0.4094915
-0.3191296
-0.2118804
-0.1132700
-0.0464317
-0.0165167
-0.0102730
-0.0079846
0.0023899
0.0184233
0.0271934
0.0172512
-0.0083256
-0.0282378
-0.0168423
0.0313448
0.0900950
0.1196570
0.1008499
0.0515037
0.0089060
-0.0032374
0.0085004
0.0196058
0.0136964
-0.0030441
-0.0105577
0.0044844
0.0369434
0.0693086
0.0864408
0.0853282
0.0753092
0.0715625
0.0851890
0.1146167
0.1457261
0.1629832
0.1624232
0.1539658
0.1510375
0.1579192
0.1667423
0.1666441
0.1561214
0.1457664
0.1474744
0.1611297
0.1739212
0.1736830
0.1614557
0.1496541
0.1487901
0.1575326
0.1658152
0.1662105
0.1604438
0.1539557
0.1458102
0.1276813
0.0946782
0.0546700
0.0232034
0.0089872
0.0067857
0.0050200
-0.0018922
-0.0096861
-0.0106369
-0.0019048
0.0116752
0.0212100
0.0200166
0.0083884
-0.0058046
-0.0119043
-0.0052224
0.0066987
0.0088910
-0.0054940
-0.0240451
-0.0243334
0.0018675
0.0355446
0.0460995
0.0213738
-0.0196935
-0.0450632
-0.0388382
-0.0123342
0.0109285
0.0173052
0.0099096
-0.0014042
-0.0107396
-0.0163057
-0.0161096
-0.0094369
-0.0013971
-0.0000199
-0.0063824
-0.0112800
-0.0055650
0.0073821
0.0134058
0.0030909
-0.0167784
-0.0296344
-0.0264869
-0.0145560
-0.0079582
-0.0122972
-0.0210011
-0.0253604
-0.0237872
-0.0198964
-0.0156350
-0.0105575
-0.0064969
-0.0080559
-0.0166142
-0.0266659
-0.0310113
-0.0289705
-0.0269860
-0.0304796
-0.0371195
-0.0399968
-0.0364373
-0.0307879
-0.0277446
-0.0259933
-0.0215906
-0.0163432
-0.0184099
-0.0325162
-0.0516981
-0.0613911
-0.0519251
-0.0265458
0.0016451
0.0191095
0.0194009
0.0051323
-0.0144352
-0.0282298
-0.0294080
-0.0200112
-0.0098828
-0.0085736
-0.0165936
-0.0253012
-0.0263723
-0.0205244
-0.0156797
-0.0173562
-0.0229263
-0.0257356
-0.0231208
-0.0188278
-0.0178600
-0.0203740
-0.0215739
-0.0172758
-0.0084460
0.0002288
0.0051624
0.0059331
0.0032946
-0.0023429
-0.0093056
-0.0134933
-0.0116109
-0.0060124
-0.0043229
-0.0121709
-0.0260098
-0.0345355
-0.0288446
-0.0115825
0.0048777
0.0100428
0.0047633
-0.0009637
0.0016625
0.0131950
0.0278819
0.0399539
0.0473485
0.0514546
0.0554096
0.0623478
0.0734325
0.0866581
0.0983860
0.1071925
0.1159872
0.1288161
0.1446408
0.1554288
0.1524548
0.1349118
0.1109137
0.0893965
0.0723330
0.0557660
0.0368232
0.0174071
0.0011714
-0.0108223
-0.0202862
-0.0289410
-0.0372918
-0.0457522
-0.0548679
-0.0632821
-0.0670231
-0.0634360
-0.0562364
-0.0541301
-0.0621742
-0.0754231
-0.0835356
-0.0818173
-0.0755942
-0.0730149
-0.0757897
-0.0789666
-0.0783522
-0.0749504
-0.0713984
-0.0669849
-0.0593338
-0.0504559
-0.0471949
-0.0528047
-0.0597436
-0.0549976
-0.0337131
-0.0034759
0.0300178
0.0816872
0.1853253
0.3640501
0.5949948
0.8015046
0.8869236
0.7905187
0.5265411
0.1783275
-0.1478706
-0.3764154
-0.4885661
-0.5107546
-0.4820870
-0.4287461
-0.3607772
-0.2848634
-0.2143529
-0.1648195
-0.1413703
-0.1335848
-0.1253010
-0.1096753
-0.0939281
-0.0892351
-0.0969565
-0.1060102
-0.1040460
-0.0901115
-0.0750159
-0.0695116
-0.0739400
-0.0802631
-0.0822307
-0.0808839
-0.0803907
-0.0817065
-0.0825027
-0.0818467
-0.0818444
-0.0837553
-0.0846251
-0.0801548
-0.0706809
-0.0619586
-0.0587118
-0.0589238
-0.0566829
-0.0502025
-0.0443277
-0.0439822
-0.0472874
-0.0475909
-0.0416859
-0.0334903
-0.0288905
-0.0290342
-0.0306123
-0.0316899
-0.0342915
-0.0400568
-0.0457783
-0.0466749
-0.0442265
-0.0469976
-0.0604039
-0.0769640
-0.0810783
-0.0657440
-0.0425319
-0.0318194
-0.0424583
-0.0626816
-0.0721547
-0.0622612
-0.0434892
-0.0334149
-0.0392200
-0.0526988
-0.0605947
-0.0572826
-0.0472572
-0.0380787
-0.0334463
-0.0325582
-0.0335330
-0.0358650
-0.0402014
-0.0470155
-0.0557805
-0.0648509
-0.0717337
-0.0738572
-0.0700476
-0.0620130
-0.0542078
-0.0512891
-0.0547825
-0.0618029
-0.0669925
-0.0661556
-0.0590791
-0.0497525
-0.0434991
-0.0425062
-0.0434007
-0.0399833
-0.0295892
-0.0169629
-0.0108725
-0.0157913
-0.0267168
-0.0330325
-0.0284696
-0.0173122
-0.0099959
-0.0123226
-0.0198417
-0.0233742
-0.0189388
-0.0106917
-0.0045774
-0.0016033
0.0010214
0.0036223
0.0021122
-0.0063365
-0.0175065
-0.0228871
-0.0188694
-0.0111531
-0.0081690
-0.0111595
-0.0133567
-0.0093513
-0.0025372
-0.0008840
-0.0063901
-0.0118168
-0.0092419
-0.0003034
0.0042149
-0.0045292
-0.0236499
-0.0403441
-0.0431057
-0.0310598
-0.0133908
-0.0011718
0.0002779
-0.0067474
-0.0156352
-0.0204710
-0.0196467
-0.0160729
-0.0139955
-0.0151743
-0.0179137
-0.0194299
-0.0185157
-0.0157423
-0.0118731
-0.0071533
-0.0024305
-0.0001941
-0.0032896
-0.0117638
-0.0209282
-0.0231337
-0.0123763
0.0115991
0.0423197
0.0692015
0.0829038
0.0813540
0.0724766
0.0699120
0.0832047
0.1102066
0.1389752
0.1578873
0.1645216
0.1650827
0.1657425
0.1652666
0.1564565
0.1343940
0.1024640
0.0700167
0.0446286
0.0269470
0.0122927
-0.0038790
-0.0221291
-0.0393366
-0.0518249
-0.0584435
-0.0613713
-0.0642085
-0.0690064
-0.0747599
-0.0785686
-0.0783286
-0.0746684
-0.0706711
-0.0696838
-0.0727900
-0.0776304
-0.0794268
-0.0739715
-0.0612201
-0.0469091
-0.0396190
-0.0439158
-0.0551519
-0.0621685
-0.0572125
-0.0439631
-0.0348406
-0.0390593
-0.0527244
-0.0610194
-0.0511260
-0.0239080
0.0076588
0.0343779
0.0685650
0.1458170
0.3019264
0.5356721
0.7853009
0.9449121
0.9208752
0.6937006
0.3381881
-0.0178934
-0.2677654
-0.3772761
-0.3808549
-0.3366538
-0.2844449
-0.2357738
-0.1898667
-0.1490370
-0.1184842
-0.0980330
-0.0807454
-0.0610663
-0.0417663
-0.0307522
-0.0315406
-0.0383810
-0.0411936
-0.0348579
-0.0236009
-0.0166596
-0.0195399
-0.0287861
-0.0347852
-0.0299492
-0.0149658
0.0021141
0.0125225
0.0130272
0.0069731
0.0004407
-0.0023961
-0.0010816
0.0025047
0.0065084
0.0103380
0.0144774
0.0196748
0.0261207
0.0329844
0.0388205
0.0428021
0.0455391
0.0482971
0.0513337
0.0533831
0.0530657
0.0506747
0.0483143
0.0481152
0.0501858
0.0522806
0.0516802
0.0476171
0.0417532
0.0360577
0.0304519
0.0232547
0.0144015
0.0077306
0.0087963
0.0192645
0.0334651
0.0417255
0.0384764
0.0273490
0.0176402
0.0153838
0.0181798
0.0188134
0.0131448
0.0037532
-0.0036548
-0.0061848
-0.0057180
-0.0059288
-0.0085596
-0.0127681
-0.0170902
-0.0209941
-0.0246426
-0.0281995
-0.0319099
-0.0361075
-0.0401921
-0.0419554
-0.0392752
-0.0330992
-0.0278775
-0.0278264
-0.0326119
-0.0375106
-0.0383346
-0.0357348
-0.0338608
-0.0348370
-0.0357236
-0.0320381
-0.0239869
-0.0176926
-0.0191268
-0.0272008
-0.0340724
-0.0329491
-0.0251859
-0.0187965
-0.0194365
-0.0232643
-0.0199876
-0.0041352
0.0169402
0.0279595
0.0201426
0.0006815
-0.0134569
-0.0119660
-0.0009670
0.0043487
-0.0035608
-0.0164936
-0.0196295
-0.0075743
0.0102665
0.0201604
0.0179260
0.0111221
0.0087641
0.0114144
0.0122682
0.0063693
-0.0031953
-0.0083860
-0.0043891
0.0056922
0.0136120
0.0129509
0.0040548
-0.0066353
-0.0117289
-0.0083884
-0.0002010
0.0058872
0.0051874
-0.0011822
-0.0078427
-0.0101948
-0.0080951
-0.0050001
-0.0041565
-0.0059748
-0.0087844
-0.0114390
-0.0146388
-0.0194792
-0.0248428
-0.0269261
-0.0224533
-0.0129940
-0.0054573
-0.0067134
-0.0164806
-0.0256917
-0.0233176
-0.0062762
0.0170517
0.0339200
0.0387253
0.0377435
0.0423739
0.0579104
0.0793240
0.0977924
0.1103531
0.1223661
0.1407138
0.1653908
0.1882300
0.1996549
0.1963071
0.1823366
0.1642781
0.1456110
0.1260567
0.1047045
0.0824180
0.0610346
0.0411313
0.0215207
0.0012821
-0.0179034
-0.0319183
-0.0373336
-0.0348746
-0.0298041
-0.0283480
-0.0330109
-0.0409382
-0.0469285
-0.0484523
-0.0479552
-0.0500917
-0.0565727
-0.0640596
-0.0675267
-0.0654722
-0.0611761
-0.0587982
-0.0591516
-0.0600482
-0.0601786
-0.0610726
-0.0643991
-0.0682622
-0.0679471
-0.0610541
-0.0508577
-0.0432040
-0.0400807
-0.0370630
-0.0262241
0.0017261
0.0603204
0.1684621
0.3385642
0.5533862
0.7523803
0.8497246
0.7814087
0.5490083
0.2244222
-0.0900336
-0.3155666
-0.4263928
-0.4418704
-0.3993017
-0.3325378
-0.2651116
-0.2104040
-0.1715065
-0.1425516
-0.1153340
-0.0877155
-0.0655526
-0.0558313
-0.0584740
-0.0656355
-0.0685946
-0.0643260
-0.0555778
-0.0463591
-0.0388055
-0.0337193
-0.0319378
-0.0336736
-0.0368653
-0.0375537
-0.0330176
-0.0248864
-0.0186562
-0.0189973
-0.0245949
-0.0279130
-0.0215262
-0.0058766
0.0096165
0.0146195
0.0079546
-0.0008367
-0.0008588
0.0092956
0.0209128
0.0253965
0.0237103
0.0243127
0.0324266
0.0435587
0.0486878
0.0444892
0.0365202
0.0323505
0.0333571
0.0344686
0.0311746
0.0251393
0.0222945
0.0260680
0.0332473
0.0365978
0.0314587
0.0200739
0.0097441
0.0063191
0.0088030
0.0105020
0.0064148
-0.0003891
-0.0012012
0.0081363
0.0202508
0.0218623
0.0075884
-0.0133051
-0.0260008
-0.0258452
-0.0228755
-0.0295626
-0.0457408
-0.0583357
-0.0562482
-0.0429049
-0.0320322
-0.0324133
-0.0400150
-0.0457977
-0.0479552
-0.0528332
-0.0642075
-0.0756898
-0.0767325
-0.0650233
-0.0496652
-0.0409055
-0.0389467
-0.0355902
-0.0265301
-0.0186801
-0.0226592
-0.0387523
-0.0532777
-0.0508047
-0.0295659
-0.0036701
0.0098410
0.0053004
-0.0096796
-0.0242050
-0.0337487
-0.0401309
-0.0448497
-0.0455117
-0.0393840
-0.0283498
-0.0181362
-0.0125238
-0.0097528
-0.0054536
0.0015727
0.0074357
0.0069028
-0.0015361
-0.0141044
-0.0242187
-0.0263937
-0.0193944
-0.0076561
0.0003276
-0.0025695
-0.0158459
-0.0305570
-0.0367018
-0.0325514
-0.0257431
-0.0240923
-0.0262460
-0.0234561
-0.0109803
0.0043301
0.0098862
0.0005330
-0.0160155
-0.0276176
-0.0299663
-0.0286111
-0.0295498
-0.0309677
-0.0264935
-0.0152583
-0.0052105
-0.0046481
-0.0120895
-0.0173890
-0.0136239
-0.0058221
-0.0055320
-0.0167243
-0.0294018
-0.0293354
-0.0139250
0.0036472
0.0074205
-0.0047907
-0.0190509
-0.0193683
-0.0027860
0.0199167
0.0366953
0.0449826
0.0500535
0.0559853
0.0618572
0.0671045
0.0769482
0.0985686
0.1314211
0.1640649
0.1829701
0.1842828
0.1755921
0.1662822
0.1578462
0.1444723
0.1216059
0.0917223
0.0613998
0.0345498
0.0100805
-0.0143318
-0.0378591
-0.0564358
-0.0661032
-0.0659130
-0.0585509
-0.0493331
-0.0441094
-0.0462409
-0.0544040
-0.0637898
-0.0703072
-0.0735459
-0.0752565
-0.0756468
-0.0727081
-0.0656532
-0.0576036
-0.0532352
-0.0539067
-0.0565828
-0.0579791
-0.0582205
-0.0591038
-0.0600276
-0.0582992
-0.0538408
-0.0505937
-0.0505310
-0.0479002
-0.0342952
-0.0116889
0.0041775
0.0019777
0.0009220
0.0532841
0.2070199
0.4520140
0.6988530
0.8194258
0.7267205
0.4340188
0.0473841
-0.3011307
-0.5266834
-0.6198570
-0.6211739
-0.5755106
-0.5060617
-0.4192433
-0.3219293
-0.2282927
-0.1522477
-0.0983861
-0.0624796
-0.0389588
-0.0254238
-0.0202329
-0.0187625
-0.0148087
-0.0058969
0.0044331
0.0108481
0.0124177
0.0136431
0.0190769
0.0276663
0.0333464
0.0315596
0.0248988
0.0217234
0.0285958
0.0437434
0.0581824
0.0638555
0.0609636
0.0570437
0.0586272
0.0643040
0.0668747
0.0624566
0.0563449
0.0584577
0.0726438
0.0914656
0.1026576
0.1008645
0.0924213
0.0884252
0.0937205
0.1030328
0.1071423
0.1017468
0.0903832
0.0801531
0.0757859
0.0772726
0.0813836
0.0842385
0.0830220
0.0769358
0.0676047
0.0583000
0.0519219
0.0493378
0.0496495
0.0516436
0.0542065
0.0553555
0.0522830
0.0439192
0.0333289
0.0257354
0.0227269
0.0192134
0.0083651
-0.0094328
-0.0241685
-0.0252429
-0.0135171
-0.0025245
-0.0058057
-0.0232907
-0.0418117
-0.0494154
-0.0475335
-0.0476883
-0.0572627
-0.0709265
-0.0768754
-0.0697732
-0.0556747
-0.0447688
-0.0415376
-0.0428704
-0.0437993
-0.0424848
-0.0395961
-0.0354289
-0.0296823
-0.0232866
-0.0182562
-0.0150520
-0.0114765
-0.0054689
0.0014835
0.0050187
0.0022662
-0.0051963
-0.0129405
-0.0173211
-0.0169906
-0.0120668
-0.0038604
0.0041872
0.0072816
0.0031079
-0.0051825
-0.0114398
-0.0126049
-0.0112106
-0.0110520
-0.0118304
-0.0103082
-0.0065473
-0.0058821
-0.0122233
-0.0208537
-0.0218312
-0.0122396
-0.0022052
-0.0046892
-0.0190751
-0.0289210
-0.0194571
0.0039571
0.0190178
0.0099837
-0.0143904
-0.0295785
-0.0216632
-0.0018532
0.0069743
-0.0040405
-0.0208283
-0.0231648
-0.0069199
0.0129639
0.0200155
0.0129039
0.0034928
0.0014739
0.0047375
0.0050663
-0.0001285
-0.0045663
-0.0006775
0.0124260
0.0294765
0.0453991
0.0587178
0.0690214
0.0740484
0.0719068
0.0661199
0.0663010
0.0817201
0.1133082
0.1519168
0.1845695
0.2029788
0.2072417
0.2027146
0.1939143
0.1808962
0.1606067
0.1313965
0.0965114
0.0633592
0.0388568
0.0246199
0.0161921
0.0071001
-0.0058947
-0.0210301
-0.0343366
-0.0435422
-0.0490781
-0.0519700
-0.0519472
-0.0483050
-0.0421978
-0.0370161
-0.0358058
-0.0384401
-0.0418261
-0.0430488
-0.0420228
-0.0408771
-0.0411083
-0.0419360
-0.0414904
-0.0388700
-0.0343193
-0.0277749
-0.0186872
-0.0082588
-0.0008521
-0.0007064
-0.0059521
-0.0077021
0.0016664
0.0191706
0.0352753
0.0535356
0.1055920
0.2353527
0.4524393
0.6932026
0.8354683
0.7718653
0.4893409
0.0871839
-0.2856499
-0.5235167
-0.6131256
-0.6084150
-0.5674221
-0.5117105
-0.4344975
-0.3330130
-0.2251861
-0.1374792
-0.0832675
-0.0558097
-0.0392785
-0.0231188
-0.0066083
0.0060956
0.0122625
0.0130572
0.0127619
0.0166824
0.0281913
0.0457472
0.0625373
0.0705362
0.0666027
0.0553063
0.0454808
0.0432194
0.0474580
0.0519808
0.0518091
0.0479697
0.0462542
0.0513252
0.0620222
0.0725011
0.0779201
0.0787581
0.0794534
0.0832076
0.0887031
0.0919346
0.0905833
0.0861069
0.0820508
0.0813087
0.0851201
0.0933745
