-0.2909059
-0.2189899
-0.1722418
-0.1453473
-0.1291279
-0.1169909
-0.1061051
-0.0952610
-0.0844207
-0.0761641
-0.0747473
-0.0813418
-0.0903835
-0.0926034
-0.0831696
-0.0667349
-0.0535082
-0.0498232
-0.0526854
-0.0536068
-0.0472499
-0.0357367
-0.0248406
-0.0173798
-0.0117036
-0.0064688
-0.0048743
-0.0118255
-0.0263009
-0.0383350
-0.0362612
-0.0181945
0.0046562
0.0177752
0.0168763
0.0108696
0.0110112
0.0183471
0.0235420
0.0189434
0.0084959
0.0036451
0.0099102
0.0198615
0.0207322
0.0078030
-0.0116177
-0.0272644
-0.0366237
-0.0451868
-0.0575742
-0.0713259
-0.0804627
-0.0832098
-0.0837758
-0.0865101
-0.0904637
-0.0911471
-0.0866118
-0.0797858
-0.0744863
-0.0708715
-0.0663230
-0.0601293
-0.0553004
-0.0548895
-0.0576826
-0.0591158
-0.0566340
-0.0530203
-0.0535530
-0.0600705
-0.0684350
-0.0719739
-0.0673073
-0.0571886
-0.0483885
-0.0468080
-0.0533985
-0.0634120
-0.0695856
-0.0674682
-0.0589162
-0.0503152
-0.0465823
-0.0467211
-0.0457249
-0.0407535
-0.0343587
-0.0309001
-0.0307727
-0.0300804
-0.0264627
-0.0232733
-0.0256682
-0.0327446
-0.0363206
-0.0297204
-0.0168318
-0.0095890
-0.0152520
-0.0279958
-0.0353559
-0.0325380
-0.0276217
-0.0312464
-0.0432498
-0.0527581
-0.0518799
-0.0461380
-0.0482598
-0.0622404
-0.0770162
-0.0780590
-0.0636857
-0.0468996
-0.0405207
-0.0430373
-0.0416752
-0.0289416
-0.0131741
-0.0104509
-0.0264608
-0.0484732
-0.0567437
-0.0437554
-0.0213784
-0.0088172
-0.0140123
-0.0272121
-0.0322077
-0.0227619
-0.0075433
0.0002054
-0.0036956
-0.0116125
-0.0137566
-0.0085841
-0.0026960
-0.0016422
-0.0030920
-0.0002280
0.0091178
0.0186439
0.0197951
0.0111874
0.0006904
-0.0024309
0.0028913
0.0084903
0.0059222
-0.0037914
-0.0101438
-0.0035362
0.0143655
0.0314649
0.0371573
0.0332529
0.0321227
0.0436016
0.0646400
0.0831052
0.0914614
0.0947952
0.1042145
0.1237900
0.1466630
0.1646089
0.1788439
0.1982613
0.2266645
0.2543727
0.2650992
0.2514177
0.2221229
0.1938313
0.1763417
0.1668928
0.1572552
0.1437032
0.1289263
0.1160504
0.1038692
0.0893480
0.0735493
0.0626543
0.0616830
0.0676629
0.0706748
0.0630281
0.0474371
0.0351080
0.0348858
0.0443719
0.0522916
0.0496615
0.0381602
0.0275705
0.0260751
0.0339340
0.0456021
0.0553740
0.0596395
0.0559263
0.0438834
0.0286852
0.0204384
0.0261120
0.0414455
0.0537533
0.0547506
0.0488218
0.0457374
0.0464551
0.0425172
0.0355458
0.0559333
0.1515493
0.3435441
0.5842369
0.7614405
0.7592326
0.5353194
0.1555091
-0.2436121
-0.5366939
-0.6751058
-0.6910703
-0.6476280
-0.5836709
-0.4993684
-0.3840289
-0.2487947
-0.1280543
-0.0508246
-0.0154566
0.0050045
0.0340803
0.0710028
0.0976238
0.1017346
0.0899934
0.0788211
0.0770088
0.0802711
0.0812987
0.0810171
0.0876445
0.1058146
0.1290854
0.1444090
0.1438330
0.1315485
0.1196665
0.1172948
0.1234804
0.1301983
0.1315375
0.1293648
0.1297935
0.1347938
0.1388439
0.1351207
0.1245961
0.1171477
0.1223380
0.1396631
0.1592052
0.1716962
0.1762193
0.1773157
0.1764806
0.1693847
0.1522458
0.1291317
0.1109405
0.1067319
0.1163686
0.1310186
0.1395890
0.1350068
0.1170997
0.0924246
0.0713491
0.0622588
0.0657153
0.0740401
0.0780682
0.0750258
0.0695016
0.0670882
0.0686213
0.0714483
0.0747507
0.0808490
0.0902785
0.0975704
0.0949035
0.0809959
0.0647510
0.0577966
0.0627821
0.0702564
0.0683434
0.0553614
0.0418141
0.0393366
0.0482570
0.0572135
0.0555212
0.0450478
0.0383805
0.0447830
0.0592608
0.0672241
0.0600285
0.0442435
0.0343896
0.0375592
0.0472668
0.0527706
0.0521008
0.0532834
0.0629067
0.0765323
0.0830016
0.0774903
0.0673219
0.0633887
0.0676077
0.0714765
0.0670882
0.0570147
0.0512578
0.0551298
0.0624486
0.0619326
0.0495042
0.0328653
0.0236529
0.0259756
0.0333382
0.0363661
0.0325629
0.0281156
0.0305211
0.0399004
0.0477989
0.0448824
0.0301831
0.0125122
0.0019808
-0.0000409
-0.0016151
-0.0101378
-0.0223628
-0.0265140
-0.0154183
0.0037544
0.0152763
0.0112644
0.0006904
-0.0000787
0.0143839
0.0318473
0.0352681
0.0209103
0.0016098
-0.0074853
-0.0036047
0.0043905
0.0086135
0.0098686
0.0122085
0.0140336
0.0093930
-0.0017449
-0.0092160
-0.0027898
0.0144309
0.0272421
0.0252415
0.0159101
0.0169817
0.0356818
0.0592557
0.0688891
0.0614784
0.0537924
0.0637373
0.0902338
0.1150298
0.1242893
0.1248278
0.1361998
0.1677474
0.2065672
0.2293383
0.2242841
0.1997666
0.1724505
0.1502468
0.1286375
0.1018146
0.0732289
0.0524044
0.0424293
0.0342828
0.0161486
-0.0124272
-0.0383843
-0.0485082
-0.0437159
-0.0380751
-0.0434716
-0.0571698
-0.0662300
-0.0633977
-0.0558387
-0.0564261
-0.0677198
-0.0774473
-0.0710588
-0.0474569
-0.0208297
-0.0072850
-0.0107914
-0.0218939
-0.0283790
-0.0262374
-0.0215524
-0.0236747
-0.0363665
-0.0530465
-0.0591542
-0.0419291
-0.0033001
0.0350231
0.0452991
0.0228535
0.0062125
0.0606605
0.2252517
0.4622346
0.6581384
0.6885928
0.5025712
0.1592834
-0.2122092
-0.4959297
-0.6474711
-0.6899022
-0.6672989
-0.6061628
-0.5133645
-0.3967516
-0.2770177
-0.1782284
-0.1113990
-0.0705129
-0.0432300
-0.0227410
-0.0094227
-0.0044243
-0.0047090
-0.0043106
0.0012274
0.0118183
0.0226564
0.0266675
0.0193490
0.0037029
-0.0097204
-0.0101641
0.0038176
0.0220962
0.0314263
0.0271015
0.0164554
0.0110812
0.0162408
0.0281141
0.0401068
0.0496391
0.0580129
0.0657088
0.0708901
0.0733208
0.0773630
0.0881018
0.1039786
0.1155732
0.1142882
0.1024194
0.0922993
0.0934793
0.1017347
0.1036510
0.0929941
0.0796456
0.0788367
0.0918967
0.1017586
0.0905431
0.0600466
0.0309552
0.0206850
0.0251136
0.0253493
0.0110845
-0.0075752
-0.0134151
-0.0031538
0.0100569
0.0147000
0.0152699
0.0240822
0.0415396
0.0515717
0.0400021
0.0137843
-0.0038112
0.0015587
0.0187079
0.0230819
0.0043926
-0.0218333
-0.0317134
-0.0190417
-0.0006170
0.0035145
-0.0088317
-0.0224425
-0.0235228
-0.0140461
-0.0067868
-0.0094716
-0.0173171
-0.0209897
-0.0183261
-0.0152524
-0.0160641
-0.0164340
-0.0083539
0.0090306
0.0259983
0.0308027
0.0212162
0.0069802
0.0006583
0.0058976
0.0144322
0.0147714
0.0043591
-0.0067030
-0.0047578
0.0134359
0.0354975
0.0433541
0.0300874
0.0073669
-0.0049927
0.0020719
0.0185313
0.0260110
0.0158995
-0.0041173
-0.0199451
-0.0242128
-0.0188684
-0.0087295
0.0025463
0.0099668
0.0063245
-0.0106578
-0.0309029
-0.0376363
-0.0248436
-0.0070572
-0.0063411
-0.0277774
-0.0517070
-0.0541641
-0.0336379
-0.0131428
-0.0146233
-0.0350607
-0.0513851
-0.0473865
-0.0309957
-0.0232253
-0.0337323
-0.0518902
-0.0615317
-0.0592537
-0.0546215
-0.0551299
-0.0568515
-0.0516978
-0.0397175
-0.0296691
-0.0279733
-0.0312262
-0.0316613
-0.0276752
-0.0256961
-0.0316007
-0.0430343
-0.0517601
-0.0517845
-0.0426830
-0.0258897
-0.0019926
0.0256388
0.0471023
0.0511163
0.0365499
0.0170563
0.0111843
0.0267783
0.0557155
0.0839800
0.1054557
0.1245837
0.1463819
0.1666283
0.1740531
0.1619050
0.1355339
0.1077227
0.0873595
0.0733026
0.0582737
0.0370668
0.0106937
-0.0160304
-0.0393402
-0.0586507
-0.0748860
-0.0880382
-0.0969685
-0.1011239
-0.1016512
-0.1007179
-0.1002296
-0.1013085
-0.1043928
-0.1092460
-0.1149178
-0.1201056
-0.1237623
-0.1252424
-0.1237418
-0.1180238
-0.1079167
-0.0970867
-0.0932813
-0.1026523
-0.1215569
-0.1356082
-0.1311461
-0.1099159
-0.0900445
-0.0884187
-0.1014618
-0.1073683
-0.0912804
-0.0660696
-0.0599370
-0.0769010
-0.0731481
0.0140498
0.2004282
0.4138802
0.5273128
0.4469580
0.1829895
-0.1573504
-0.4450865
-0.6074908
-0.6499169
-0.6197328
-0.5580708
-0.4813863
-0.3945622
-0.3077610
-0.2362315
-0.1882307
-0.1586462
-0.1356104
-0.1117612
-0.0886582
-0.0719603
-0.0640752
-0.0616087
-0.0588732
-0.0531202
-0.0466751
-0.0445614
-0.0496697
-0.0590977
-0.0649387
-0.0600274
-0.0444764
-0.0265968
-0.0162536
-0.0166095
-0.0224743
-0.0265730
-0.0265541
-0.0252691
-0.0249580
-0.0230837
-0.0154329
-0.0029004
0.0071406
0.0082447
0.0032056
0.0026708
0.0141224
0.0331640
0.0472065
0.0477803
0.0382572
0.0294263
0.0287065
0.0345368
0.0403809
0.0420900
0.0402340
0.0366397
0.0313775
0.0241485
0.0167081
0.0115653
0.0084805
0.0043456
-0.0026379
-0.0101058
-0.0141819
-0.0142486
-0.0134521
-0.0143077
-0.0154176
-0.0138519
-0.0099481
-0.0075365
-0.0085769
-0.0095567
-0.0058551
0.0004242
-0.0000744
-0.0144100
-0.0380471
-0.0571347
-0.0606247
-0.0495099
-0.0344437
-0.0259098
-0.0274786
-0.0368953
-0.0505422
-0.0650170
-0.0756776
-0.0770178
-0.0668981
-0.0500823
-0.0357332
-0.0302740
-0.0326817
-0.0366685
-0.0369196
-0.0331448
-0.0287787
-0.0264534
-0.0250544
-0.0213998
-0.0146541
-0.0080973
-0.0054852
-0.0060215
-0.0045436
0.0023945
0.0114928
0.0152211
0.0097330
-0.0006609
-0.0078720
-0.0085479
-0.0068629
-0.0083418
-0.0125816
-0.0143284
-0.0115073
-0.0093040
-0.0142796
-0.0256691
-0.0349484
-0.0344670
-0.0251506
-0.0151346
-0.0119193
-0.0167447
-0.0256635
-0.0340511
-0.0391740
-0.0398317
-0.0360610
-0.0302144
-0.0268027
-0.0292118
-0.0363485
-0.0436881
-0.0479750
-0.0500387
-0.0526657
-0.0566629
-0.0599051
-0.0599919
-0.0570655
-0.0536433
-0.0517255
-0.0503354
-0.0463915
-0.0383564
-0.0288080
-0.0228835
-0.0239264
-0.0305942
-0.0381253
-0.0425600
-0.0441499
-0.0466361
-0.0524920
-0.0586067
-0.0576814
-0.0452927
-0.0259514
-0.0114443
-0.0120510
-0.0281265
-0.0492964
-0.0620424
-0.0595792
-0.0459529
-0.0310736
-0.0214293
-0.0150703
-0.0050437
0.0126768
0.0344431
0.0516165
0.0582495
0.0568652
0.0567093
0.0656788
0.0837089
0.1041466
0.1208972
0.1330079
0.1423468
0.1486911
0.1488695
0.1405777
0.1254780
0.1074614
0.0883338
0.0665859
0.0408900
0.0134454
-0.0117828
-0.0335432
-0.0535973
-0.0718129
-0.0835288
-0.0845562
-0.0781265
-0.0738844
-0.0786968
-0.0899533
-0.0994087
-0.1027407
-0.1032775
-0.1059592
-0.1098431
-0.1091118
-0.1014074
-0.0924090
-0.0900769
-0.0955310
-0.1021243
-0.1035071
-0.0999646
-0.0954578
-0.0905839
-0.0816624
-0.0675074
-0.0549394
-0.0545581
-0.0692064
-0.0872609
-0.0904422
-0.0714643
-0.0438921
-0.0304124
-0.0363529
-0.0336426
0.0237445
0.1584538
0.3350136
0.4656692
0.4608068
0.2892792
0.0017659
-0.3009859
-0.5283637
-0.6423606
-0.6574186
-0.6103626
-0.5317277
-0.4381337
-0.3409801
-0.2538570
-0.1885842
-0.1462382
-0.1161111
-0.0859154
-0.0531401
-0.0260660
-0.0140928
-0.0174803
-0.0262038
-0.0285011
-0.0208661
-0.0101470
-0.0060522
-0.0117663
-0.0217746
-0.0278576
-0.0261271
-0.0186544
-0.0099604
-0.0028839
0.0027715
0.0086359
0.0153572
0.0218236
0.0264512
0.0285522
0.0282761
0.0262831
0.0245825
0.0270788
0.0373858
0.0549038
0.0734087
0.0847452
0.0852572
0.0793457
0.0761391
0.0812880
0.0916448
0.0989815
0.0992633
0.0968762
0.0986336
0.1047666
0.1078853
0.1013414
0.0874571
0.0763128
0.0760183
0.0843778
0.0906505
0.0859082
0.0715513
0.0575990
0.0532996
0.0598413
0.0710382
0.0792984
0.0808729
0.0770729
0.0716613
0.0668920
0.0617522
0.0541146
0.0441360
0.0346678
0.0283669
0.0253312
0.0238397
0.0225597
0.0212258
0.0192461
0.0144787
0.0045863
-0.0096206
-0.0229051
-0.0293781
-0.0280097
-0.0229843
-0.0178804
-0.0112951
-0.0002936
0.0125567
0.0185044
0.0109735
-0.0056359
-0.0171880
-0.0118145
0.0082273
0.0272835
0.0303079
0.0166289
-0.0005554
-0.0077456
-0.0028610
0.0060426
0.0109802
0.0110860
0.0106585
0.0127621
0.0160845
0.0175758
0.0166939
0.0158824
0.0172464
0.0204343
0.0244081
0.0295016
0.0358707
0.0408295
0.0401685
0.0327537
0.0224840
0.0148985
0.0122734
0.0121925
0.0104225
0.0051117
-0.0013900
-0.0046952
-0.0024537
0.0036743
0.0096704
0.0120852
0.0096998
0.0038373
-0.0022328
-0.0051822
-0.0039699
-0.0003207
0.0030602
0.0042695
0.0028390
0.0002191
-0.0003181
0.0036545
0.0099619
0.0122613
0.0061807
-0.0050714
-0.0125489
-0.0096556
0.0017616
0.0134963
0.0188048
0.0174202
0.0126486
0.0055984
-0.0042642
-0.0125816
-0.0092909
0.0101091
0.0331074
0.0360748
0.0064492
-0.0411157
-0.0738335
-0.0687984
-0.0332553
0.0033850
0.0187719
0.0186250
0.0269672
0.0555372
0.0866932
0.0910380
0.0624335
0.0318500
0.0420739
0.1062995
0.1922634
0.2497988
0.2557119
0.2305631
0.2106409
0.2069542
0.1966614
0.1539070
0.0822270
0.0125474
-0.0268236
-0.0326788
-0.0213456
-0.0086392
-0.0001521
0.0026017
-0.0043422
-0.0225109
-0.0434340
-0.0539532
-0.0513896
-0.0480252
-0.0562260
-0.0726485
-0.0826224
-0.0783911
-0.0666732
-0.0576671
-0.0533790
-0.0509695
-0.0526102
-0.0638054
-0.0805305
-0.0851051
-0.0626548
-0.0220046
0.0067366
0.0010034
-0.0298883
-0.0542383
-0.0509612
-0.0278423
-0.0074433
-0.0033084
-0.0148087
-0.0372564
-0.0632856
-0.0697728
-0.0134373
0.1433530
0.3883953
0.6376226
0.7666608
0.6834361
0.3895950
-0.0170923
-0.4003721
-0.6589651
-0.7665282
-0.7602108
-0.6967010
-0.6121667
-0.5130644
-0.3959167
-0.2694774
-0.1562830
-0.0769250
-0.0371856
-0.0288222
-0.0378388
-0.0511087
-0.0592991
-0.0576673
-0.0456884
-0.0262943
-0.0047242
0.0141018
0.0284368
0.0391522
0.0463105
0.0485195
0.0464653
0.0443900
0.0460425
0.0506007
0.0539076
0.0524991
0.0461663
0.0389935
0.0385227
0.0506716
0.0731647
0.0954414
0.1066266
0.1032864
0.0903120
0.0767504
0.0705151
0.0739045
0.0830364
0.0929232
0.1023861
0.1120507
0.1195298
0.1209471
0.1170523
0.1137065
0.1151087
0.1187678
0.1176310
0.1062241
0.0863234
0.0683206
0.0642972
0.0763920
0.0935659
0.1023529
0.0986739
0.0871901
0.0733461
0.0604086
0.0511190
0.0469922
0.0468333
0.0487446
0.0518284
0.0541895
0.0526277
0.0465711
0.0388835
0.0311074
0.0221094
0.0126198
0.0056191
0.0007597
-0.0052694
-0.0112070
-0.0113416
-0.0054717
-0.0012760
-0.0041912
-0.0121363
-0.0217131
-0.0310190
-0.0351471
-0.0293288
-0.0187055
-0.0142025
-0.0167674
-0.0173242
-0.0130666
-0.0090117
-0.0024284
0.0146289
0.0321331
0.0238409
-0.0157617
