0.0102700
-0.0061667
-0.0193636
-0.0218923
-0.0156079
-0.0070523
-0.0009383
0.0016238
0.0009097
-0.0028928
-0.0088752
-0.0149986
-0.0197741
-0.0237103
-0.0278024
-0.0306758
-0.0288031
-0.0207237
-0.0103412
-0.0042387
-0.0048551
-0.0072025
-0.0037041
0.0075596
0.0204685
0.0274047
0.0275812
0.0278625
0.0354161
0.0507935
0.0689998
0.0863081
0.1039656
0.1243012
0.1444275
0.1558997
0.1516395
0.1327299
0.1075941
0.0844972
0.0653403
0.0466420
0.0254830
0.0034838
-0.0148652
-0.0266906
-0.0328990
-0.0363886
-0.0391650
-0.0416940
-0.0445238
-0.0494271
-0.0581415
-0.0699150
-0.0807264
-0.0855028
-0.0817905
-0.0720285
-0.0625739
-0.0597634
-0.0653809
-0.0750032
-0.0813869
-0.0809102
-0.0771818
-0.0772981
-0.0834966
-0.0891245
-0.0846874
-0.0685627
-0.0499589
-0.0390019
-0.0343874
-0.0244471
-0.0032186
0.0168340
0.0149042
-0.0095125
-0.0187056
0.0442057
0.2063505
0.4261077
0.6022374
0.6314087
0.4732499
0.1747931
-0.1610637
-0.4354751
-0.5978837
-0.6506462
-0.6241926
-0.5502066
-0.4509843
-0.3427186
-0.2401984
-0.1558665
-0.0960992
-0.0600799
-0.0420917
-0.0346491
-0.0310250
-0.0272143
-0.0223283
-0.0163001
-0.0072512
0.0070046
0.0236995
0.0336201
0.0290422
0.0147175
0.0078821
0.0228785
0.0546998
0.0807452
0.0819088
0.0616927
0.0422903
0.0413548
0.0546884
0.0632714
0.0557613
0.0412351
0.0391038
0.0583188
0.0880397
0.1081753
0.1078686
0.0940002
0.0833159
0.0871032
0.1022998
0.1154985
0.1150503
0.1007830
0.0838689
0.0775851
0.0867302
0.1041729
0.1169406
0.1164110
0.1042957
0.0902828
0.0840554
0.0880429
0.0959032
0.0974861
0.0866023
0.0657121
0.0437208
0.0288772
0.0233775
0.0244635
0.0297687
0.0400248
0.0556917
0.0720581
0.0803035
0.0753972
0.0625607
0.0538222
0.0567654
0.0671875
0.0739649
0.0710375
0.0635135
0.0616555
0.0697930
0.0818556
0.0871211
0.0792770
0.0603425
0.0379985
0.0208516
0.0151265
0.0223312
0.0374699
0.0505236
0.0530072
0.0449492
0.0343664
0.0283565
0.0254802
0.0190451
0.0080183
0.0016987
0.0105114
0.0326151
0.0532500
0.0599146
0.0565072
0.0586049
0.0739067
0.0911184
0.0920261
0.0734504
0.0525017
0.0479507
0.0596962
0.0709488
0.0699815
0.0642855
0.0695104
0.0869914
0.0982678
0.0847239
0.0499630
0.0186753
0.0127836
0.0309680
0.0523834
0.0580950
0.0468903
0.0319154
0.0256713
0.0295849
0.0357045
0.0355392
0.0270333
0.0151038
0.0070512
0.0069328
0.0127603
0.0184414
0.0192298
0.0163262
0.0161475
0.0242384
0.0394107
0.0542966
0.0624324
0.0650787
0.0705727
0.0860193
0.1091140
0.1289071
0.1361316
0.1331355
0.1319502
0.1407607
0.1529214
0.1519299
0.1285841
0.0916843
0.0596389
0.0418297
0.0307413
0.0136308
-0.0103927
-0.0284785
-0.0297775
-0.0198716
-0.0162411
-0.0297643
-0.0536948
-0.0720972
-0.0767949
-0.0735460
-0.0726963
-0.0772767
-0.0817014
-0.0798543
-0.0715281
-0.0609602
-0.0517460
-0.0451094
-0.0419967
-0.0439412
-0.0503526
-0.0561103
-0.0539946
-0.0407260
-0.0209024
-0.0049934
-0.0025869
-0.0152827
-0.0342585
-0.0458212
-0.0424746
-0.0293626
-0.0159846
0.0030165
0.0573342
0.1816467
0.3748409
0.5738737
0.6759623
0.6029859
0.3592779
0.0330430
-0.2612803
-0.4512503
-0.5318222
-0.5385091
-0.5049466
-0.4450925
-0.3652850
-0.2800705
-0.2094201
-0.1628382
-0.1325036
-0.1049935
-0.0772878
-0.0577557
-0.0521104
-0.0530083
-0.0468078
-0.0292046
-0.0104965
-0.0039922
-0.0111670
-0.0204951
-0.0204927
-0.0113926
-0.0025667
-0.0001768
-0.0005024
0.0036670
0.0125598
0.0181770
0.0134429
0.0003991
-0.0117763
-0.0157053
-0.0115655
-0.0048281
-0.0003132
0.0007768
-0.0005799
-0.0034175
-0.0068668
-0.0093994
-0.0096032
-0.0077209
-0.0052745
-0.0030027
-0.0005110
0.0013210
-0.0008853
-0.0096753
-0.0221385
-0.0307150
-0.0304013
-0.0248660
-0.0238646
-0.0337624
-0.0512232
-0.0670894
-0.0759758
-0.0805209
-0.0858960
-0.0921870
-0.0944729
-0.0900145
-0.0827191
-0.0789525
-0.0801056
-0.0811292
-0.0764865
-0.0663008
-0.0560828
-0.0511550
-0.0521014
-0.0552719
-0.0565816
-0.0544431
-0.0501770
-0.0470997
-0.0491326
-0.0585343
-0.0736401
-0.0892503
-0.1002459
-0.1048894
-0.1043486
-0.0998774
-0.0919073
-0.0819865
-0.0740390
-0.0722250
-0.0774463
-0.0866278
-0.0955939
-0.1019633
-0.1047216
-0.1019822
-0.0915898
-0.0755276
-0.0624450
-0.0625487
-0.0778328
-0.0979764
-0.1079314
-0.1009390
-0.0843115
-0.0721234
-0.0718608
-0.0780240
-0.0788265
-0.0690372
-0.0556926
-0.0508434
-0.0592683
-0.0741439
-0.0844961
-0.0856703
-0.0820779
-0.0809367
-0.0849491
-0.0912788
-0.0961183
-0.0984637
-0.0993269
-0.0991639
-0.0978570
-0.0964750
-0.0965433
-0.0968152
-0.0931599
-0.0841113
-0.0755566
-0.0765271
-0.0886171
-0.1013563
-0.1011176
-0.0858881
-0.0701108
-0.0730067
-0.1009789
-0.1412301
-0.1723276
-0.1806617
-0.1677281
-0.1446454
-0.1224957
-0.1072220
-0.0998132
-0.0981029
-0.0986213
-0.0990842
-0.1005218
-0.1063215
-0.1175975
-0.1287654
-0.1289502
-0.1105195
-0.0780708
-0.0477138
-0.0338861
-0.0343330
-0.0289813
0.0029500
0.0616737
0.1219522
0.1511599
0.1345435
0.0839958
0.0232367
-0.0327715
-0.0813473
-0.1181950
-0.1291229
-0.1038686
-0.0575559
-0.0289797
-0.0478378
-0.1016948
-0.1412702
-0.1254368
-0.0631672
-0.0084891
-0.0112592
-0.0723465
-0.1465993
-0.1866260
-0.1807900
-0.1512583
-0.1233729
-0.1032822
-0.0831034
-0.0590747
-0.0377022
-0.0245080
-0.0124131
0.0137219
0.0599415
0.1118707
0.1414368
0.1259065
0.0640800
-0.0202547
-0.0879821
-0.1026263
-0.0485561
0.0618205
0.1992534
0.3398762
0.4776681
0.6121519
0.7214210
0.7512360
0.6419462
0.3788000
0.0217134
-0.3184476
-0.5435654
-0.6212022
-0.5864184
-0.4993054
-0.4007371
-0.3007353
-0.1970489
-0.0959554
-0.0138547
0.0369679
0.0598499
0.0706925
0.0852259
0.1091487
0.1374636
0.1600817
0.1681949
0.1582037
0.1319723
0.0942215
0.0508196
0.0109939
-0.0102512
0.0023644
0.0502941
0.1115585
0.1509120
0.1473760
0.1149427
0.0925310
0.1079903
0.1508396
0.1836965
0.1820421
0.1592523
0.1489289
0.1650165
0.1856521
0.1787216
0.1390271
0.0950220
0.0790278
0.0951583
0.1188068
0.1247354
0.1114640
0.0983719
0.1035223
0.1271419
0.1539613
0.1673886
0.1619352
0.1462681
0.1356905
0.1380547
0.1440902
0.1340714
0.0985558
0.0527992
0.0265234
0.0365115
0.0707572
0.1021502
0.1164882
0.1225731
0.1332625
0.1420421
0.1263508
0.0762988
0.0144988
-0.0190184
-0.0023918
0.0499555
0.1039578
0.1365116
0.1482578
0.1510526
0.1500714
0.1410207
0.1211104
0.0966617
0.0778225
0.0694076
0.0712017
0.0857320
0.1185508
0.1656088
0.2035000
0.2015754
0.1511542
0.0825117
0.0462595
0.0707018
0.1350707
0.1872354
0.1907423
0.1547736
0.1178994
0.1059444
0.1108695
0.1108186
0.1031865
0.1093132
0.1451999
0.1941079
0.2159621
0.1867408
0.1258300
0.0802975
0.0807910
0.1142236
0.1402464
0.1324585
0.1018720
0.0819884
0.0945322
0.1304831
0.1614418
0.1661665
0.1460088
0.1179271
0.0966679
0.0852527
0.0798599
0.0787988
0.0841396
0.0965487
0.1118163
0.1232363
0.1262024
0.1203431
0.1088532
0.0971369
0.0912758
0.0950658
0.1060966
0.1150090
0.1116348
0.0945496
0.0741236
0.0639286
0.0684813
0.0804407
0.0895444
0.0921848
0.0915913
0.0912752
0.0913431
0.0909809
0.0913339
0.0935019
0.0949044
0.0914516
0.0854845
0.0888420
0.1126197
0.1518042
0.1838705
0.1877574
0.1651799
0.1405629
0.1383823
0.1614419
0.1917884
0.2109731
0.2171281
0.2224198
0.2365628
0.2555324
0.2664617
0.2612731
0.2439904
0.2260074
0.2159546
0.2129359
0.2067987
0.1853529
0.1453339
0.0984807
0.0638783
0.0502579
0.0462607
0.0322571
0.0038293
-0.0193893
-0.0129040
0.0234380
0.0591677
0.0609061
0.0271990
-0.0075326
-0.0061622
0.0352097
0.0854550
0.1096233
0.0985372
0.0694479
0.0441958
0.0309596
0.0246864
0.0191237
0.0149580
0.0174937
0.0292517
0.0455808
0.0562247
0.0514016
0.0297936
0.0035090
-0.0070987
0.0111998
0.0536040
0.1075158
0.1776068
0.2942168
0.4828317
0.7159124
0.8993383
0.9225262
0.7396625
0.4114716
0.0663412
-0.1874726
-0.3223472
-0.3781379
-0.4015547
-0.4032276
-0.3669933
-0.2870687
-0.1867399
-0.1017759
-0.0514526
-0.0278365
-0.0098951
0.0158564
0.0478243
0.0766457
0.0946174
0.0979641
0.0851726
0.0583037
0.0262974
0.0033369
0.0001548
0.0150541
0.0336755
0.0399072
0.0300328
0.0167303
0.0166044
0.0318947
0.0463063
0.0419620
0.0204067
0.0036843
0.0121764
0.0419281
0.0662801
0.0616089
0.0309615
0.0005448
-0.0072285
0.0052564
0.0179557
0.0179358
0.0120090
0.0144279
0.0273712
0.0382026
0.0347203
0.0183973
0.0004879
-0.0122022
-0.0234722
-0.0389313
-0.0550582
-0.0617931
-0.0560078
-0.0475441
-0.0486897
-0.0604985
-0.0737953
-0.0822797
-0.0886673
-0.0956245
-0.0959972
-0.0793657
-0.0496013
-0.0298023
-0.0424711
-0.0836004
-0.1221658
-0.1307226
-0.1146149
-0.1046009
-0.1195100
-0.1430936
-0.1438323
-0.1144838
-0.0834244
-0.0831143
-0.1120378
-0.1348150
-0.1217818
-0.0841996
-0.0652261
-0.0953980
-0.1602960
-0.2140189
-0.2223701
-0.1909227
-0.1538698
-0.1406138
-0.1533727
-0.1716871
-0.1740701
-0.1562901
-0.1325808
-0.1212585
-0.1284706
-0.1440301
-0.1515992
-0.1429434
-0.1236843
-0.1065028
-0.0990724
-0.0987211
-0.0987693
-0.0981725
-0.1018160
-0.1110400
-0.1180329
-0.1135400
-0.0990820
-0.0874320
-0.0892780
-0.1014576
-0.1108003
-0.1093774
-0.1033811
-0.1047661
-0.1152491
-0.1226790
-0.1155868
-0.0982747
-0.0867376
-0.0900669
-0.1011469
-0.1080079
-0.1099036
-0.1168688
-0.1340397
-0.1516229
-0.1537975
-0.1363924
-0.1127343
-0.1009655
-0.1072231
-0.1225811
-0.1342957
-0.1363073
-0.1293774
-0.1170131
-0.1053980
-0.1035966
-0.1169689
-0.1392028
-0.1555453
-0.1570376
-0.1496175
-0.1463681
-0.1515494
-0.1555600
-0.1474278
-0.1303209
-0.1206581
-0.1299358
-0.1499762
-0.1600067
-0.1483928
-0.1242503
-0.1069078
-0.1070506
-0.1197194
-0.1323251
-0.1355025
-0.1270109
-0.1095935
-0.0881606
-0.0684633
-0.0555305
-0.0504935
-0.0484339
-0.0416840
-0.0275071
-0.0117356
-0.0025672
-0.0007399
0.0021436
0.0147287
0.0361068
0.0549507
0.0580111
0.0405216
0.0098346
-0.0212688
-0.0457731
-0.0666198
-0.0893230
-0.1122666
-0.1270892
-0.1289979
-0.1245842
-0.1275278
-0.1457956
-0.1728573
-0.1921693
-0.1917451
-0.1749399
-0.1565074
-0.1485567
-0.1515721
-0.1580477
-0.1614273
-0.1602738
-0.1567621
-0.1542326
-0.1556433
-0.1620380
-0.1715669
-0.1803160
-0.1845567
-0.1830821
-0.1781478
-0.1733727
-0.1695355
-0.1634429
-0.1529764
-0.1424315
-0.1394294
-0.1451120
-0.1496980
-0.1402195
-0.1118504
-0.0680255
-0.0065346
0.0918413
0.2502726
0.4586833
0.6470221
0.7094267
0.5759142
0.2733188
-0.0840339
-0.3704260
-0.5254702
-0.5690057
-0.5544095
-0.5150412
-0.4531069
-0.3679470
-0.2800737
-0.2200006
-0.1979209
-0.1937749
-0.1803373
-0.1514159
-0.1237588
-0.1144536
-0.1215936
-0.1277443
-0.1193072
-0.1000741
-0.0855488
-0.0854049
-0.0939003
-0.0983889
-0.0944125
-0.0887946
-0.0886520
-0.0917714
-0.0898955
-0.0792559
-0.0653367
-0.0572370
-0.0584134
-0.0636865
-0.0656541
-0.0631800
-0.0616911
-0.0651272
-0.0705111
-0.0720363
-0.0679061
-0.0606236
-0.0526238
-0.0450182
-0.0398204
-0.0398478
-0.0453601
-0.0525099
-0.0562466
-0.0547143
-0.0509691
-0.0503474
-0.0554636
-0.0638410
-0.0711820
-0.0761384
-0.0801595
-0.0836349
-0.0852945
-0.0856358
-0.0876623
-0.0927319
-0.0977796
-0.0979603
-0.0906185
-0.0762343
-0.0576660
-0.0396617
-0.0273668
-0.0233194
-0.0254424
-0.0279471
-0.0247964
-0.0144997
-0.0030505
-0.0003186
-0.0108539
-0.0285340
-0.0418647
-0.0439887
-0.0366677
-0.0265363
-0.0197148
-0.0185209
-0.0206044
-0.0216268
-0.0204391
-0.0206643
-0.0254708
-0.0320868
-0.0339591
-0.0282008
-0.0190872
-0.0135755
-0.0137658
-0.0143245
-0.0086101
0.0020869
0.0080361
0.0028674
-0.0061266
-0.0045336
0.0122630
0.0336840
0.0464866
0.0473632
0.0405897
0.0291807
0.0152400
0.0068539
0.0144620
0.0323022
0.0260106
-0.0482668
-0.1994142
-0.3764090
-0.5024009
-0.5466547
-0.5605168
-0.6309948
-0.7933788
-0.9914060
-1.1232757
-1.1241732
-1.0077699
-0.8398884
-0.6829026
-0.5646854
-0.4874850
-0.4487561
-0.4441758
-0.4574409
-0.4622501
-0.4412051
-0.3978009
-0.3455263
-0.2895792
-0.2243747
-0.1460394
-0.0612294
0.0170292
0.0788406
0.1216609
0.1469957
0.1555568
0.1481091
0.1311405
0.1173043
0.1157770
0.1238250
0.1324966
0.1398121
0.1532813
0.1790259
0.2132508
0.2461597
0.2710037
0.2876671
0.2995970
0.3088154
0.3138519
0.3133565
0.3117011
0.3174965
0.3338327
0.3526140
0.3620264
0.3582466
0.3475878
0.3395876
0.3408234
0.3528404
0.3719664
0.3914733
0.4059433
0.4132327
0.4129081
0.4064537
0.3995387
0.3990272
0.4050043
0.4095088
0.4059557
0.3967631
0.3891153
0.3857260
0.3821075
0.3715321
0.3518996
0.3290394
0.3121967
0.3037124
0.2950336
0.2768602
0.2513246
0.2290821
0.2158416
0.2076299
0.1987794
0.1885195
0.1789927
0.1717792
0.1674530
0.1649639
0.1609590
0.1523586
0.1394720
0.1253291
0.1140112
0.1105624
0.1179092
0.1309238
0.1382742
0.1341833
0.1243902
0.1170362
0.1125407
0.1068295
0.0998773
0.0957713
0.0971494
0.1032309
0.1105909
0.1137692
0.1089849
0.0992069
0.0916252
0.0890916
0.0884656
0.0871575
0.0851855
0.0809108
0.0721525
0.0625282
0.0596046
0.0653344
0.0741494
0.0804829
0.0821321
0.0776128
0.0678832
0.0600061
0.0613912
0.0702965
0.0779349
0.0786590
0.0730413
0.0646330
0.0595498
0.0639217
0.0744299
0.0772132
0.0646562
0.0477574
0.0430795
0.0524990
0.0639336
0.0667511
0.0592500
0.0470777
0.0406834
0.0471576
0.0591972
0.0610784
0.0502235
0.0414815
0.0450127
0.0533966
0.0567911
0.0562855
0.0550853
0.0512562
0.0464928
0.0474555
0.0523725
0.0515434
0.0449848
0.0422175
0.0428333
0.0383066
0.0335761
0.0410196
0.0520499
0.0450459
0.0238510
0.0142806
0.0196585
0.0198510
0.0183460
0.0398843
0.0685130
0.0462103
-0.0374895
