0.0087728
0.0064512
-0.0053693
-0.0163905
-0.0158115
-0.0034392
0.0095257
0.0117008
0.0031612
-0.0051590
-0.0036729
0.0056326
0.0121410
0.0088596
-0.0000975
-0.0047483
-0.0005058
0.0072569
0.0095041
0.0028056
-0.0082113
-0.0163065
-0.0180222
-0.0150132
-0.0108511
-0.0075611
-0.0044243
0.0012675
0.0122629
0.0286606
0.0462134
0.0582641
0.0611603
0.0583279
0.0578476
0.0646757
0.0752321
0.0806659
0.0760311
0.0657198
0.0591025
0.0609637
0.0671273
0.0699026
0.0670360
0.0640480
0.0673401
0.0757592
0.0800495
0.0711941
0.0493757
0.0248284
0.0100173
0.0104936
0.0218869
0.0341459
0.0385380
0.0325300
0.0204656
0.0101789
0.0070870
0.0094112
0.0093237
0.0010981
-0.0103306
-0.0104727
0.0115166
0.0490628
0.0807185
0.0932254
0.1072049
0.1776933
0.3576959
0.6450876
0.9545734
1.1457221
1.0989587
0.7919893
0.3217659
-0.1476972
-0.4772056
-0.6195228
-0.6183776
-0.5515298
-0.4714765
-0.3887388
-0.2964583
-0.1989752
-0.1141724
-0.0550704
-0.0179974
0.0087481
0.0293710
0.0387224
0.0348300
0.0273320
0.0292763
0.0421809
0.0538873
0.0532275
0.0443039
0.0426746
0.0569609
0.0771752
0.0842101
0.0709292
0.0515383
0.0482235
0.0688080
0.0989269
0.1165272
0.1130913
0.1000889
0.0957519
0.1072388
0.1259111
0.1382316
0.1393456
0.1359527
0.1375197
0.1460309
0.1542391
0.1533618
0.1427068
0.1322477
0.1348889
0.1540789
0.1780191
0.1877612
0.1737969
0.1456036
0.1233913
0.1189037
0.1245563
0.1225084
0.1042798
0.0800291
0.0677781
0.0745004
0.0891157
0.0937020
0.0799680
0.0544575
0.0298885
0.0139295
0.0061009
0.0025346
0.0011998
0.0027937
0.0084193
0.0172399
0.0258489
0.0298400
0.0272638
0.0215451
0.0198575
0.0261575
0.0350112
0.0345663
0.0186286
-0.0040189
-0.0152213
-0.0049826
0.0170332
0.0298561
0.0220814
0.0031657
-0.0073510
-0.0010563
0.0108539
0.0107563
-0.0055567
-0.0242085
-0.0282059
-0.0150102
0.0020443
0.0084771
0.0024081
-0.0067016
-0.0105736
-0.0107989
-0.0149878
-0.0263942
-0.0391773
-0.0440001
-0.0374355
-0.0255769
-0.0189107
-0.0237625
-0.0376782
-0.0518071
-0.0578971
-0.0547384
-0.0492769
-0.0508599
-0.0625149
-0.0770304
-0.0826668
-0.0741165
-0.0578568
-0.0457123
-0.0427989
-0.0427200
-0.0355223
-0.0197369
-0.0047707
-0.0005219
-0.0058841
-0.0095047
-0.0021880
0.0131125
0.0247557
0.0247308
0.0157428
0.0062011
0.0004026
-0.0045609
-0.0128661
-0.0232228
-0.0294368
-0.0271826
-0.0190652
-0.0126258
-0.0136571
-0.0212610
-0.0285798
-0.0281996
-0.0181610
-0.0040779
0.0049713
0.0041685
-0.0028309
-0.0082676
-0.0092670
-0.0111302
-0.0202277
-0.0345310
-0.0440623
-0.0423089
-0.0353824
-0.0365765
-0.0509375
-0.0678083
-0.0715874
-0.0596147
-0.0465299
-0.0492775
-0.0691759
-0.0906454
-0.0969701
-0.0852460
-0.0659479
-0.0508473
-0.0437301
-0.0413637
-0.0394250
-0.0354344
-0.0282199
-0.0184223
-0.0104341
-0.0108854
-0.0222119
-0.0382232
-0.0488595
-0.0504482
-0.0493800
-0.0538749
-0.0633962
-0.0691616
-0.0658424
-0.0599565
-0.0634006
-0.0786339
-0.0934937
-0.0934483
-0.0781378
-0.0625855
-0.0607252
-0.0701075
-0.0758165
-0.0688552
-0.0569389
-0.0549783
-0.0670935
-0.0818562
-0.0860411
-0.0798322
-0.0751911
-0.0799573
-0.0875931
-0.0852360
-0.0700398
-0.0537038
-0.0497832
-0.0591788
-0.0705060
-0.0734710
-0.0687682
-0.0642273
-0.0640033
-0.0640783
-0.0576220
-0.0422037
-0.0211637
-0.0002146
0.0154340
0.0223889
0.0213341
0.0187865
0.0227371
0.0327096
0.0358214
0.0186222
-0.0141940
-0.0369996
-0.0259812
0.0136300
0.0491714
0.0580477
0.0669856
0.1479635
0.3620038
0.6931102
1.0303914
1.2200211
1.1529906
0.8281457
0.3510436
-0.1249719
-0.4746880
-0.6496042
-0.6777563
-0.6249300
-0.5483290
-0.4722681
-0.3945980
-0.3092050
-0.2218878
-0.1481698
-0.0998156
-0.0754044
-0.0633954
-0.0527776
-0.0404209
-0.0298640
-0.0252517
-0.0268525
-0.0307505
-0.0313281
-0.0245478
-0.0107390
0.0045403
0.0129097
0.0083224
-0.0081767
-0.0279813
-0.0399299
-0.0374115
-0.0219836
-0.0009033
0.0184758
0.0323447
0.0402518
0.0433195
0.0433407
0.0426334
0.0432646
0.0456311
0.0479900
0.0480509
0.0454945
0.0427353
0.0426198
0.0452211
0.0474367
0.0461480
0.0413877
0.0358208
0.0313063
0.0268094
0.0201906
0.0116137
0.0041170
-0.0000723
-0.0035933
-0.0128749
-0.0314920
-0.0546498
-0.0719444
-0.0770625
-0.0746088
-0.0762095
-0.0891174
-0.1086321
-0.1219367
-0.1195327
-0.1031826
-0.0832151
-0.0688054
-0.0612405
-0.0558960
-0.0490496
-0.0415435
-0.0363050
-0.0338414
-0.0310735
-0.0243810
-0.0133458
-0.0013783
0.0073644
0.0117012
0.0139744
0.0168590
0.0200248
0.0204738
0.0161782
0.0089033
0.0030621
0.0017647
0.0041341
0.0066002
0.0066400
0.0046538
0.0017631
-0.0035460
-0.0150329
-0.0340297
-0.0557148
-0.0713565
-0.0752194
-0.0695403
-0.0624890
-0.0606912
-0.0633260
-0.0637595
-0.0573909
-0.0475384
-0.0425279
-0.0465251
-0.0541311
-0.0552784
-0.0456668
-0.0313461
-0.0218753
-0.0190766
-0.0142096
0.0019745
0.0266078
0.0444542
0.0423353
0.0235564
0.0062399
0.0065096
0.0239121
0.0436914
0.0521837
0.0484387
0.0409691
0.0356568
0.0298683
0.0191000
0.0066481
0.0029124
0.0138789
0.0323112
0.0428053
0.0358833
0.0159963
-0.0045648
-0.0183579
-0.0283290
-0.0413406
-0.0581243
-0.0713036
-0.0733552
-0.0650465
-0.0548313
-0.0504073
-0.0521025
-0.0545960
-0.0537777
-0.0508881
-0.0502770
-0.0540595
-0.0595186
-0.0617872
-0.0587831
-0.0529612
-0.0479101
-0.0437380
-0.0367135
-0.0237116
-0.0064749
0.0090553
0.0176768
0.0190798
0.0171633
0.0155793
0.0144626
0.0116802
0.0064601
0.0006106
-0.0038514
-0.0070073
-0.0102803
-0.0142425
-0.0181204
-0.0209675
-0.0223149
-0.0219970
-0.0207273
-0.0211717
-0.0268666
-0.0382523
-0.0499016
-0.0538150
-0.0472794
-0.0367680
-0.0317439
-0.0339596
-0.0350741
-0.0266634
-0.0108174
0.0023453
0.0072228
0.0085685
0.0126782
0.0165121
0.0111888
-0.0034829
-0.0141136
-0.0087351
0.0055444
0.0076105
-0.0110903
-0.0306138
-0.0219247
0.0174396
0.0580430
0.0801557
0.1191806
0.2539047
0.5306102
0.8890964
1.1685205
1.2032447
0.9359821
0.4575630
-0.0547263
-0.4456637
-0.6543845
-0.7102424
-0.6779528
-0.6070400
-0.5183527
-0.4194579
-0.3207256
-0.2353291
-0.1695477
-0.1193764
-0.0785269
-0.0471437
-0.0297470
-0.0255139
-0.0245952
-0.0165339
-0.0009332
0.0128801
0.0170184
0.0137113
0.0115381
0.0145802
0.0183176
0.0173323
0.0146076
0.0196786
0.0369364
0.0584728
0.0708762
0.0684542
0.0579277
0.0502504
0.0496018
0.0509976
0.0472548
0.0368529
0.0251030
0.0186480
0.0193739
0.0233981
0.0253741
0.0234771
0.0204124
0.0198671
0.0220279
0.0228305
0.0183610
0.0101305
0.0045266
0.0054758
0.0084669
0.0044500
-0.0094079
-0.0249041
-0.0308422
-0.0252722
-0.0174756
-0.0170872
-0.0230848
-0.0257145
-0.0190781
-0.0090867
-0.0066867
-0.0142969
-0.0223757
-0.0208965
-0.0116875
-0.0061773
-0.0113147
-0.0211428
-0.0242866
-0.0180860
-0.0123453
-0.0181869
-0.0348761
-0.0498332
-0.0520204
-0.0436068
-0.0368233
-0.0400771
-0.0495179
-0.0550721
-0.0527989
-0.0490406
-0.0524909
-0.0639774
-0.0752318
-0.0774136
-0.0698810
-0.0599457
-0.0543689
-0.0524772
-0.0487118
-0.0411187
-0.0351002
-0.0375957
-0.0485510
-0.0599006
-0.0637045
-0.0606985
-0.0596899
-0.0678518
-0.0821859
-0.0919817
-0.0901884
-0.0810622
-0.0752892
-0.0782531
-0.0847933
-0.0856558
-0.0775421
-0.0658439
-0.0582967
-0.0572800
-0.0586994
-0.0575867
-0.0535260
-0.0500002
-0.0492735
-0.0494719
-0.0470855
-0.0411517
-0.0339631
-0.0281126
-0.0238058
-0.0192784
-0.0135706
-0.0087056
-0.0087179
-0.0158500
-0.0276852
-0.0388470
-0.0459150
-0.0500489
-0.0542968
-0.0588974
-0.0602108
-0.0547619
-0.0442299
-0.0357106
-0.0357470
-0.0433585
-0.0499163
-0.0475492
-0.0378428
-0.0307550
-0.0338454
-0.0431698
-0.0463124
-0.0354238
-0.0169326
-0.0065909
-0.0130355
-0.0265877
-0.0271673
-0.0053572
0.0263996
0.0486609
0.0650133
0.1166266
0.2601059
0.5189055
0.8445071
1.1215422
1.2212145
1.0716871
0.7000792
0.2195695
-0.2282619
-0.5389560
-0.6813984
-0.6899129
-0.6256802
-0.5373051
-0.4449180
-0.3504087
-0.2567397
-0.1769849
-0.1270517
-0.1111640
-0.1147502
-0.1129050
-0.0888844
-0.0468604
-0.0069604
0.0130923
0.0125626
0.0056080
0.0062907
0.0162060
0.0261114
0.0282378
0.0254614
0.0276066
0.0396870
0.0558664
0.0658164
0.0655522
0.0604912
0.0585118
0.0617021
0.0652685
0.0635923
0.0567940
0.0514363
0.0546071
0.0669010
0.0811756
0.0884388
0.0852349
0.0759153
0.0684574
0.0679045
0.0728008
0.0774018
0.0776124
0.0748034
0.0734463
0.0754030
0.0776559
0.0758453
0.0689781
0.0600342
0.0525640
0.0473858
0.0425807
0.0365227
0.0307979
0.0296358
0.0358214
0.0471585
0.0573401
0.0604535
0.0550751
0.0450974
0.0370532
0.0353401
0.0384953
0.0403427
0.0359668
0.0265645
0.0174566
0.0113265
0.0047090
-0.0078032
-0.0261353
-0.0428038
-0.0499539
-0.0488034
-0.0504868
-0.0651474
-0.0898087
-0.1089412
-0.1085158
-0.0892359
-0.0656526
-0.0531006
-0.0556797
-0.0652486
-0.0701830
-0.0651173
-0.0537851
-0.0439785
-0.0404175
-0.0420244
-0.0446817
-0.0454901
-0.0446539
-0.0442489
-0.0454932
-0.0472224
-0.0476064
-0.0474981
-0.0505496
-0.0583772
-0.0663115
-0.0662282
-0.0546236
-0.0370560
-0.0236884
-0.0203226
-0.0238765
-0.0266835
-0.0252402
-0.0241719
-0.0305931
-0.0446817
-0.0574866
-0.0592251
-0.0490567
-0.0356834
-0.0287096
-0.0301460
-0.0339100
-0.0325761
-0.0243419
-0.0139025
-0.0071810
-0.0058049
-0.0066582
-0.0055867
-0.0005442
0.0077674
0.0163083
0.0208367
0.0187898
0.0120203
0.0054485
0.0020284
-0.0002464
-0.0055804
-0.0150868
-0.0249125
-0.0296186
-0.0272638
-0.0211692
-0.0166635
-0.0163105
-0.0187896
-0.0220561
-0.0261162
-0.0320684
-0.0397021
-0.0471862
-0.0524253
-0.0539560
-0.0516598
-0.0479899
-0.0476426
-0.0539323
-0.0648766
-0.0738753
-0.0751898
-0.0690258
-0.0611807
-0.0572893
-0.0570435
-0.0546353
-0.0457475
-0.0334633
-0.0256220
-0.0262278
-0.0311111
-0.0326671
-0.0274634
-0.0182492
-0.0095848
-0.0029500
0.0037181
0.0123141
0.0210126
0.0250589
0.0213942
0.0119136
0.0016565
-0.0055766
-0.0093659
-0.0117168
-0.0152757
-0.0215800
-0.0293410
-0.0347385
-0.0350575
-0.0322569
-0.0316360
-0.0363217
-0.0435839
-0.0471335
-0.0434137
-0.0359592
-0.0329848
-0.0391602
-0.0492898
-0.0516144
-0.0387850
-0.0153370
0.0062873
0.0168647
0.0176097
0.0173402
0.0229879
0.0324339
0.0368010
0.0305828
0.0190534
0.0140270
0.0219710
0.0376579
0.0499451
0.0524380
0.0477902
0.0428181
0.0408570
0.0390989
0.0329125
0.0219658
0.0109670
0.0041017
0.0001857
-0.0054442
-0.0152055
-0.0269217
-0.0366365
-0.0424008
-0.0456803
-0.0503013
-0.0595725
-0.0727850
-0.0841082
-0.0859083
-0.0742083
-0.0519002
-0.0275208
-0.0102482
-0.0038594
-0.0044332
-0.0050877
-0.0037628
-0.0051349
-0.0139406
-0.0276764
-0.0374886
-0.0362832
-0.0254907
-0.0140316
-0.0104567
-0.0152366
-0.0206249
-0.0186822
-0.0091001
0.0016882
0.0082621
0.0113336
0.0154830
0.0238363
0.0354065
0.0460942
0.0515821
0.0502759
0.0442042
0.0369403
0.0307064
0.0254002
0.0193473
0.0104674
-0.0018027
-0.0143339
-0.0211634
-0.0183618
-0.0078142
0.0049346
0.0160697
0.0256722
0.0350846
0.0434230
0.0470608
0.0428063
0.0323400
0.0229404
0.0215153
0.0269627
0.0303114
0.0240564
0.0103977
-0.0011988
-0.0042541
-0.0021231
-0.0044009
-0.0163519
-0.0319580
-0.0389115
-0.0319593
-0.0201065
-0.0181881
-0.0315360
-0.0511337
-0.0636811
-0.0637906
-0.0557687
-0.0462338
-0.0372611
-0.0262086
-0.0106866
0.0072540
0.0222640
0.0305634
0.0325269
0.0306661
0.0271742
0.0240812
0.0231744
0.0238829
0.0234441
0.0216808
0.0237385
0.0343183
0.0490531
0.0550376
0.0426612
0.0170211
-0.0041678
-0.0065594
0.0056574
0.0127252
0.0007974
-0.0202077
-0.0247698
0.0001454
0.0386347
0.0625119
0.0672491
0.0919582
0.2002927
0.4306660
0.7502972
1.0506771
1.1964914
1.1005554
0.7754859
0.3282259
-0.0973680
-0.3922174
-0.5242458
-0.5297165
-0.4692308
-0.3873367
-0.3025912
-0.2209893
-0.1481788
-0.0892882
-0.0446439
-0.0107211
0.0151080
0.0322855
0.0395966
0.0394301
0.0381965
0.0406813
0.0443592
0.0421996
0.0321423
0.0211678
0.0181608
0.0244368
0.0326884
0.0336915
0.0231696
0.0043709
-0.0142595
-0.0253044
-0.0279794
-0.0274661
-0.0289633
-0.0335492
-0.0390686
-0.0426333
-0.0421987
-0.0378795
-0.0319123
-0.0257643
-0.0181653
-0.0084007
-0.0004632
-0.0001844
-0.0075012
-0.0142079
-0.0107756
0.0049908
0.0253313
0.0377953
0.0352395
0.0229003
0.0141553
0.0169705
0.0255727
0.0272550
0.0158544
-0.0033377
-0.0201078
-0.0283892
-0.0303503
-0.0338255
-0.0449769
-0.0622735
-0.0786459
-0.0895936
-0.0967645
-0.1032444
-0.1086411
-0.1102004
-0.1060928
-0.0964624
-0.0837975
-0.0729339
-0.0675540
-0.0655613
-0.0607712
-0.0503566
-0.0383273
-0.0309829
-0.0309128
-0.0352624
-0.0375712
-0.0320670
-0.0191375
-0.0060412
0.0006216
0.0023593
0.0060111
0.0148157
0.0253893
0.0325389
0.0342388
0.0330083
0.0345743
0.0429585
0.0543404
0.0587258
0.0512553
0.0394052
0.0352058
0.0419998
0.0518650
0.0543995
0.0458375
0.0317513
0.0227089
0.0247814
0.0328403
0.0359187
0.0297005
0.0199083
0.0132734
0.0106958
0.0105698
0.0128951
0.0173564
0.0219176
0.0256779
0.0293969
0.0319661
0.0303433
0.0239532
0.0157475
0.0090837
0.0067232
0.0107085
0.0184529
0.0217183
0.0158669
0.0081433
0.0100849
0.0230655
0.0374099
0.0441065
0.0416713
0.0338602
0.0266569
0.0252475
0.0285640
0.0295188
0.0249364
0.0206937
0.0222067
0.0253059
0.0220043
0.0099779
-0.0081748
-0.0283580
-0.0433065
-0.0459010
-0.0396083
-0.0371871
-0.0437024
-0.0497773
-0.0466671
-0.0381297
-0.0323025
-0.0320252
-0.0374294
-0.0468750
-0.0519840
-0.0446490
-0.0319729
-0.0299774
-0.0401859
-0.0484063
-0.0479588
-0.0455162
-0.0436223
-0.0397301
-0.0426010
-0.0623691
-0.0827980
-0.0758834
-0.0486379
-0.0374998
-0.0463932
-0.0340057
0.0169209
