0.0938765
0.0815234
0.0528405
0.0435039
0.0571922
0.0686103
0.0634870
0.0490135
0.0337958
0.0230959
0.0286452
0.0579657
0.0934393
0.1028452
0.0748167
0.0302866
-0.0022814
-0.0111207
-0.0018240
0.0123863
0.0183001
0.0105287
-0.0042162
-0.0140113
-0.0123138
-0.0005269
0.0134512
0.0151890
-0.0081957
-0.0500655
-0.0806402
-0.0732379
-0.0334489
0.0054672
0.0153711
-0.0038677
-0.0310695
-0.0456787
-0.0428117
-0.0320201
-0.0241398
-0.0203834
-0.0156907
-0.0099022
-0.0087910
-0.0133807
-0.0158961
-0.0101897
-0.0006011
0.0041736
0.0025446
0.0013880
0.0076816
0.0207934
0.0317007
0.0300140
0.0146732
-0.0027654
-0.0093366
-0.0049517
-0.0011180
-0.0052430
-0.0113843
-0.0087234
0.0044733
0.0183566
0.0220406
0.0153483
0.0094662
0.0143376
0.0251371
0.0247609
0.0024613
-0.0324909
-0.0585519
-0.0610422
-0.0413570
-0.0115300
0.0143641
0.0248727
0.0145715
-0.0125569
-0.0435180
-0.0623360
-0.0592176
-0.0381827
-0.0167131
-0.0134503
-0.0313972
-0.0529803
-0.0543598
-0.0270761
0.0123688
0.0338988
0.0185301
-0.0231819
-0.0575929
-0.0579686
-0.0301003
-0.0050854
-0.0057228
-0.0240493
-0.0343277
-0.0239988
-0.0063365
-0.0025673
-0.0163997
-0.0306484
-0.0289405
-0.0158758
-0.0106873
-0.0223936
-0.0386280
-0.0425895
-0.0348863
-0.0310555
-0.0393331
-0.0489927
-0.0433407
-0.0192227
0.0102306
0.0297798
0.0351948
0.0332950
0.0339840
0.0454551
0.0741136
0.1215271
0.1773351
0.2202217
0.2342581
0.2252033
0.2142223
0.2128160
0.2095609
0.1862286
0.1427258
0.0989175
0.0717731
0.0571202
0.0378288
0.0068668
-0.0236341
-0.0380834
-0.0380190
-0.0413742
-0.0605568
-0.0863173
-0.0974434
-0.0844379
-0.0597775
-0.0456514
-0.0550262
-0.0837117
-0.1155327
-0.1327267
-0.1252302
-0.0960310
-0.0606980
-0.0402655
-0.0492378
-0.0843099
-0.1228680
-0.1370011
-0.1151959
-0.0724946
-0.0379330
-0.0307200
-0.0478574
-0.0722049
-0.0884675
-0.0900496
-0.0746829
-0.0407431
0.0090531
0.0673596
0.1378672
0.2529978
0.4572401
0.7465474
1.0172630
1.0985978
0.8717074
0.3786323
-0.1873808
-0.6133081
-0.8053205
-0.8166319
-0.7579432
-0.6928998
-0.6153343
-0.5038621
-0.3723317
-0.2607689
-0.1927709
-0.1577603
-0.1325460
-0.1066495
-0.0824877
-0.0617247
-0.0423113
-0.0266775
-0.0228121
-0.0329528
-0.0461420
-0.0478150
-0.0360352
-0.0234537
-0.0221925
-0.0312317
-0.0411538
-0.0460920
-0.0444543
-0.0308489
0.0016347
0.0458379
0.0748612
0.0629654
0.0141798
-0.0360449
-0.0521865
-0.0305408
0.0018229
0.0177679
0.0161564
0.0171971
0.0360277
0.0652002
0.0834927
0.0788600
0.0607656
0.0509120
0.0623755
0.0859849
0.0967186
0.0772198
0.0382028
0.0126177
0.0237873
0.0589696
0.0799055
0.0623665
0.0214207
-0.0064449
-0.0032293
0.0152468
0.0245498
0.0237167
0.0330276
0.0609756
0.0852104
0.0760502
0.0355103
0.0011375
0.0056944
0.0394963
0.0606387
0.0412228
-0.0036928
-0.0349106
-0.0308365
-0.0053552
0.0131159
0.0126391
0.0040582
0.0011677
0.0031315
-0.0005338
-0.0135113
-0.0284863
-0.0387397
-0.0467843
-0.0576099
-0.0677637
-0.0678773
-0.0566841
-0.0466841
-0.0507447
-0.0646167
-0.0691349
-0.0531779
-0.0299909
-0.0233920
-0.0374473
-0.0481134
-0.0316029
0.0029366
0.0186203
-0.0082429
-0.0585555
-0.0878944
-0.0719074
-0.0284702
0.0061022
0.0160027
0.0148421
0.0193263
0.0257022
0.0193669
0.0013401
-0.0077851
0.0056862
0.0269584
0.0271930
-0.0015454
-0.0340394
-0.0383367
-0.0100170
0.0246914
0.0378129
0.0254539
0.0038694
-0.0126911
-0.0223846
-0.0263220
-0.0197909
0.0000306
0.0227150
0.0308108
0.0193279
0.0023650
-0.0038216
0.0000875
0.0001142
-0.0102126
-0.0202610
-0.0167170
-0.0021848
0.0076530
0.0049005
-0.0001405
0.0059708
0.0192998
0.0214689
0.0039142
-0.0183542
-0.0227624
-0.0056474
0.0134951
0.0144231
-0.0022556
-0.0182514
-0.0189493
-0.0075939
0.0013218
-0.0009365
-0.0090927
-0.0112109
-0.0019997
0.0113686
0.0154863
0.0032193
-0.0177383
-0.0286708
-0.0160238
0.0128091
0.0318396
0.0198803
-0.0163284
-0.0451875
-0.0395698
-0.0032314
0.0329844
0.0407589
0.0193747
-0.0072198
-0.0152619
-0.0017368
0.0176314
0.0269583
0.0248794
0.0225851
0.0305362
0.0482355
0.0657216
0.0739219
0.0738381
0.0759255
0.0900861
0.1165416
0.1475302
0.1771953
0.2066673
0.2377427
0.2644837
0.2758166
0.2676888
0.2494606
0.2347073
0.2254313
0.2079977
0.1672663
0.1052551
0.0446325
0.0121734
0.0169468
0.0422855
0.0575248
0.0399705
-0.0084165
-0.0613652
-0.0871966
-0.0738341
-0.0391531
-0.0157560
-0.0232279
-0.0542546
-0.0863385
-0.1036124
-0.1051453
-0.0956142
-0.0758046
-0.0470456
-0.0210247
-0.0158263
-0.0369427
-0.0660794
-0.0762700
-0.0599003
-0.0369417
-0.0321845
-0.0478638
-0.0637608
-0.0627943
-0.0496962
-0.0413228
-0.0435068
-0.0441678
-0.0283820
0.0088264
0.0718524
0.1815387
0.3665665
0.6228593
0.8799339
1.0201223
0.9489364
0.6611345
0.2463984
-0.1675236
-0.4841023
-0.6690135
-0.7354747
-0.7143898
-0.6376147
-0.5347373
-0.4289781
-0.3302369
-0.2376624
-0.1544261
-0.0964540
-0.0790995
-0.0947431
-0.1117441
-0.1024906
-0.0705566
-0.0439034
-0.0407391
-0.0489136
-0.0438960
-0.0220850
-0.0062086
-0.0150672
-0.0367575
-0.0413947
-0.0183456
0.0098939
0.0157126
0.0007626
-0.0070847
0.0099993
0.0364075
0.0416698
0.0176350
-0.0108654
-0.0134341
0.0138988
0.0479265
0.0653809
0.0641625
0.0577760
0.0564510
0.0598298
0.0652619
0.0751334
0.0923254
0.1119996
0.1226498
0.1160828
0.0949387
0.0705386
0.0547068
0.0530539
0.0630067
0.0758008
0.0814339
0.0752385
0.0617696
0.0510862
0.0491208
0.0518317
0.0504721
0.0425413
0.0353659
0.0377973
0.0498422
0.0618116
0.0628364
0.0494944
0.0281582
0.0115644
0.0117470
0.0310472
0.0565947
0.0664223
0.0472971
0.0093309
-0.0204536
-0.0237558
-0.0099589
-0.0051864
-0.0212097
-0.0404931
-0.0376018
-0.0129789
0.0031427
-0.0152772
-0.0574857
-0.0851763
-0.0750050
-0.0450941
-0.0338740
-0.0556320
-0.0848402
-0.0872811
-0.0605945
-0.0364479
-0.0431066
-0.0737574
-0.0967063
-0.0922137
-0.0712216
-0.0570368
-0.0564603
-0.0558575
-0.0432749
-0.0257180
-0.0197379
-0.0291085
-0.0394819
-0.0369374
-0.0257366
-0.0215349
-0.0287816
-0.0327584
-0.0185718
0.0061166
0.0150860
-0.0069435
-0.0430202
-0.0578594
-0.0342997
0.0073928
0.0295834
0.0154397
-0.0162447
-0.0343843
-0.0289624
-0.0169727
-0.0176383
-0.0292063
-0.0345646
-0.0258290
-0.0155087
-0.0202456
-0.0380290
-0.0479378
-0.0336754
-0.0031417
0.0186897
0.0145668
-0.0105858
-0.0384343
-0.0550191
-0.0580776
-0.0522166
-0.0433888
-0.0376836
-0.0390799
-0.0444246
-0.0437430
-0.0306774
-0.0126635
-0.0059671
-0.0177615
-0.0360953
-0.0422886
-0.0330933
-0.0255832
-0.0369535
-0.0623354
-0.0774747
-0.0640940
-0.0295672
-0.0001388
0.0033520
-0.0179098
-0.0450814
-0.0589936
-0.0541516
-0.0401412
-0.0318562
-0.0365384
-0.0474038
-0.0498739
-0.0363922
-0.0160238
-0.0074001
-0.0200931
-0.0438013
-0.0581252
-0.0528670
-0.0365198
-0.0248518
-0.0246981
-0.0311214
-0.0371119
-0.0406792
-0.0420376
-0.0392100
-0.0307479
-0.0209091
-0.0171939
-0.0214422
-0.0268263
-0.0263330
-0.0219148
-0.0212419
-0.0259747
-0.0283266
-0.0216158
-0.0097977
-0.0011851
0.0052938
0.0199313
0.0454829
0.0672909
0.0684811
0.0544690
0.0536007
0.0873237
0.1431415
0.1846727
0.1901098
0.1750410
0.1729161
0.1965104
0.2251538
0.2296995
0.2026549
0.1596140
0.1173185
0.0799562
0.0473714
0.0261791
0.0232496
0.0301893
0.0242192
-0.0095222
-0.0596400
-0.0980857
-0.1082482
-0.0991738
-0.0909194
-0.0914141
-0.0932067
-0.0902113
-0.0886686
-0.0969417
-0.1096876
-0.1106869
-0.0934520
-0.0735372
-0.0747661
-0.1032477
-0.1386510
-0.1529768
-0.1365584
-0.1046781
-0.0810289
-0.0777226
-0.0901503
-0.1055422
-0.1123977
-0.1043943
-0.0823071
-0.0559869
-0.0412168
-0.0482785
-0.0704933
-0.0857139
-0.0717570
-0.0200505
0.0681343
0.1973548
0.3807127
0.6141848
0.8423914
0.9590062
0.8626952
0.5346206
0.0708958
-0.3668920
-0.6496121
-0.7493713
-0.7282011
-0.6678077
-0.6084838
-0.5441436
-0.4595726
-0.3610107
-0.2720829
-0.2103931
-0.1751358
-0.1544948
-0.1379476
-0.1203272
-0.1006356
-0.0830183
-0.0770129
-0.0896856
-0.1141043
-0.1297819
-0.1206750
-0.0932592
-0.0718118
-0.0725076
-0.0848363
-0.0830340
-0.0556302
-0.0192299
-0.0007788
-0.0091586
-0.0282119
-0.0370878
-0.0327421
-0.0295537
-0.0394421
-0.0573381
-0.0675040
-0.0604245
-0.0399283
-0.0154918
0.0070681
0.0252040
0.0345118
0.0303322
0.0157939
0.0038246
0.0063836
0.0213555
0.0333126
0.0295058
0.0140065
0.0037161
0.0102264
0.0276270
0.0391708
0.0342243
0.0169574
-0.0000052
-0.0070869
-0.0028942
0.0075084
0.0155119
0.0121950
-0.0052642
-0.0274475
-0.0367001
-0.0231035
0.0026602
0.0169920
0.0073562
-0.0139155
-0.0242346
-0.0180771
-0.0132356
-0.0268032
-0.0509636
-0.0611524
-0.0480842
-0.0322643
-0.0397926
-0.0682951
-0.0871422
-0.0744093
-0.0457603
-0.0384888
-0.0688519
-0.1138381
-0.1380796
-0.1317307
-0.1147956
-0.1078401
-0.1090005
-0.1034784
-0.0874714
-0.0733575
-0.0723646
-0.0808188
-0.0872501
-0.0872591
-0.0849994
-0.0825704
-0.0762489
-0.0658263
-0.0608045
-0.0699655
-0.0864091
-0.0907918
-0.0728046
-0.0447260
-0.0287839
-0.0334240
-0.0476018
-0.0578185
-0.0632353
-0.0694638
-0.0728970
-0.0608339
-0.0298418
0.0025359
0.0115997
-0.0087152
-0.0383239
-0.0511819
-0.0404687
-0.0218884
-0.0148210
-0.0242865
-0.0408580
-0.0530742
-0.0564417
-0.0526673
-0.0451736
-0.0373580
-0.0328559
-0.0342170
-0.0401905
-0.0453076
-0.0438602
-0.0357414
-0.0286080
-0.0325329
-0.0497190
-0.0686006
-0.0710366
-0.0497892
-0.0199526
-0.0090007
-0.0305421
-0.0676567
-0.0865270
-0.0697718
-0.0348082
-0.0162380
-0.0304313
-0.0603900
-0.0758156
-0.0642962
-0.0399905
-0.0245761
-0.0254452
-0.0339452
-0.0396715
-0.0406299
-0.0401109
-0.0399309
-0.0406772
-0.0452592
-0.0560919
-0.0677923
-0.0679028
-0.0495859
-0.0224460
-0.0062030
-0.0117032
-0.0302752
-0.0437999
-0.0438723
-0.0383964
-0.0396300
-0.0492469
-0.0575814
-0.0557492
-0.0447835
-0.0321861
-0.0229066
-0.0167630
-0.0133285
-0.0151559
-0.0242455
-0.0373837
-0.0476822
-0.0507556
-0.0476999
-0.0418112
-0.0344416
-0.0257397
-0.0182957
-0.0170673
-0.0240913
-0.0344886
-0.0399356
-0.0367721
-0.0296758
-0.0266034
-0.0306312
-0.0373415
-0.0396018
-0.0338739
-0.0220053
-0.0082584
0.0043178
0.0149677
0.0240558
0.0318074
0.0382409
0.0438987
0.0505050
0.0611685
0.0798691
0.1097754
0.1507105
0.1976150
0.2418539
0.2748133
0.2910106
0.2887521
0.2691768
0.2357410
0.1944970
0.1534039
0.1193736
0.0945720
0.0754020
0.0558369
0.0325987
0.0075837
-0.0143643
-0.0296211
-0.0379033
-0.0414115
-0.0431102
-0.0457666
-0.0511075
-0.0583169
-0.0633090
-0.0610386
-0.0502316
-0.0361230
-0.0272897
-0.0284513
-0.0362679
-0.0428833
-0.0436155
-0.0403239
-0.0370779
-0.0340686
-0.0276749
-0.0164965
-0.0051647
-0.0001716
-0.0021237
-0.0041103
0.0007831
0.0108923
0.0165764
0.0103197
-0.0042119
-0.0139727
-0.0074432
0.0168352
0.0534856
0.1031440
0.1822464
0.3163123
0.5146101
0.7418873
0.9136150
0.9308501
0.7402581
0.3774260
-0.0438548
-0.3938719
-0.5959323
-0.6520941
-0.6144064
-0.5355362
-0.4417324
-0.3401487
-0.2382301
-0.1496584
-0.0849963
-0.0435743
-0.0172053
0.0008736
0.0133120
0.0228142
0.0342529
0.0503003
0.0669337
0.0765702
0.0764764
0.0722819
0.0717975
0.0763300
0.0799192
0.0772892
0.0709431
0.0692127
0.0777339
0.0937385
0.1086348
0.1154380
0.1136914
0.1083281
0.1049455
0.1061149
0.1109686
0.1170960
0.1227194
0.1278981
0.1343705
0.1441325
0.1575681
0.1725935
0.1857516
0.1945241
0.1989652
0.2013417
0.2041862
0.2084338
0.2130921
0.2164586
0.2175896
0.2168585
0.2156649
0.2159271
0.2192482
0.2253674
0.2309971
0.2313034
0.2241279
0.2130608
0.2051188
0.2041913
0.2070077
0.2067116
0.2007778
0.1943805
0.1948239
0.2028744
0.2108045
0.2095391
0.1971195
0.1797401
0.1653891
0.1575629
0.1545516
0.1527106
0.1492391
0.1430416
0.1350844
0.1284081
0.1261637
0.1280341
0.1288923
0.1226003
0.1080423
0.0908409
0.0782716
0.0726457
0.0704348
0.0678185
0.0659015
0.0693957
0.0802110
0.0931706
0.0988937
0.0916933
0.0754148
0.0616009
0.0606958
0.0732652
0.0891899
0.0965544
0.0927783
0.0871716
0.0914639
0.1071003
0.1224721
0.1237361
0.1085737
0.0887657
0.0791861
0.0848616
0.0986207
0.1096204
0.1124615
0.1087302
0.1026005
0.0970775
0.0936956
0.0933213
0.0958295
0.0995842
0.1021605
0.1014184
0.0955071
0.0828753
0.0643442
0.0458137
0.0367740
0.0429683
0.0593669
0.0720919
0.0697787
0.0540452
0.0381313
0.0343331
0.0424332
0.0503981
0.0463053
0.0296898
0.0117545
0.0049759
0.0122398
0.0251001
0.0317140
0.0265558
0.0135265
0.0009307
-0.0060058
-0.0082266
-0.0098027
-0.0129148
-0.0160713
-0.0165805
-0.0137921
-0.0095298
-0.0058829
-0.0033901
-0.0015908
-0.0007895
-0.0025438
-0.0080605
-0.0161634
-0.0231101
-0.0248427
-0.0199597
-0.0109241
-0.0024991
0.0011965
-0.0013541
-0.0090893
-0.0193228
-0.0283641
-0.0322753
-0.0290772
-0.0215679
-0.0170810
-0.0218250
-0.0335727
-0.0408377
-0.0322193
-0.0086987
0.0138956
0.0170730
-0.0036074
-0.0334824
-0.0510966
-0.0466099
-0.0290095
-0.0159788
-0.0170663
-0.0263942
-0.0307316
-0.0235893
-0.0111563
-0.0051840
-0.0110847
-0.0233757
-0.0321069
-0.0324888
-0.0274562
-0.0214698
-0.0137633
0.0005960
0.0231066
0.0471697
0.0628436
0.0666170
0.0656989
0.0720424
0.0921409
0.1224577
0.1537999
0.1792111
0.1980777
0.2142042
0.2308524
0.2467532
0.2554109
0.2483721
0.2212795
0.1787600
0.1331859
0.0964920
0.0712827
0.0497703
0.0224196
-0.0116190
-0.0426137
-0.0590365
-0.0585982
-0.0509300
-0.0494564
-0.0601126
-0.0770558
-0.0887673
-0.0886376
-0.0805154
-0.0745415
-0.0774344
-0.0864022
-0.0923716
-0.0892174
-0.0797678
-0.0726634
-0.0735250
-0.0795999
-0.0831372
-0.0796242
-0.0723905
-0.0692107
-0.0744319
-0.0841224
-0.0889514
-0.0828321
