0.0219541
0.0176381
0.0044285
0.0017484
0.0036402
-0.0070342
-0.0311635
-0.0525287
-0.0590540
-0.0526815
-0.0397506
-0.0225112
-0.0020774
0.0171553
0.0284954
0.0261340
0.0095350
-0.0115726
-0.0203302
-0.0079974
0.0143775
0.0256056
0.0171029
0.0024680
0.0033004
0.0275480
0.0629773
0.0934516
0.1255301
0.1993747
0.3638775
0.6266114
0.9198593
1.1181996
1.1021886
0.8271336
0.3542485
-0.1744439
-0.6048817
-0.8443793
-0.8945647
-0.8254850
-0.7158999
-0.6067455
-0.4970897
-0.3741382
-0.2436691
-0.1324859
-0.0641250
-0.0363658
-0.0256807
-0.0120673
0.0050465
0.0156634
0.0180242
0.0233719
0.0423973
0.0705483
0.0895394
0.0846168
0.0602300
0.0370370
0.0320253
0.0425098
0.0513243
0.0466923
0.0343196
0.0298462
0.0420465
0.0646994
0.0831612
0.0869287
0.0762208
0.0587838
0.0428344
0.0334702
0.0329108
0.0402476
0.0505910
0.0578965
0.0605475
0.0620380
0.0646811
0.0657052
0.0629183
0.0618351
0.0711714
0.0893676
0.1003096
0.0882278
0.0576141
0.0341215
0.0414909
0.0773520
0.1142831
0.1253471
0.1064887
0.0740195
0.0455947
0.0285199
0.0231016
0.0279516
0.0377700
0.0417189
0.0319428
0.0145775
0.0070031
0.0202582
0.0454342
0.0608792
0.0538238
0.0327999
0.0170127
0.0151155
0.0177696
0.0115776
-0.0031263
-0.0116042
-0.0015494
0.0213469
0.0356644
0.0229749
-0.0137564
-0.0496893
-0.0585931
-0.0372891
-0.0099021
-0.0052081
-0.0285179
-0.0575766
-0.0674530
-0.0573487
-0.0491780
-0.0592904
-0.0764874
-0.0739642
-0.0433514
-0.0105783
-0.0118434
-0.0544428
-0.1062759
-0.1258376
-0.0999508
-0.0514046
-0.0144161
-0.0070536
-0.0244439
-0.0500994
-0.0689293
-0.0734035
-0.0652036
-0.0538669
-0.0494739
-0.0519599
-0.0492665
-0.0312255
-0.0055845
0.0058268
-0.0088594
-0.0349347
-0.0446776
-0.0274237
-0.0005059
0.0118593
0.0053826
-0.0037755
-0.0024719
0.0035969
0.0009275
-0.0109359
-0.0179574
-0.0115753
-0.0022932
-0.0070693
-0.0261124
-0.0398874
-0.0314004
-0.0064502
0.0123084
0.0090761
-0.0111657
-0.0309098
-0.0373053
-0.0300872
-0.0173167
-0.0079962
-0.0077271
-0.0164397
-0.0277320
-0.0330479
-0.0300130
-0.0259118
-0.0294041
-0.0384645
-0.0406981
-0.0284028
-0.0102513
-0.0031713
-0.0128222
-0.0268119
-0.0294357
-0.0197296
-0.0110774
-0.0142543
-0.0255409
-0.0332404
-0.0321744
-0.0273363
-0.0240295
-0.0199365
-0.0106992
-0.0007089
-0.0023334
-0.0216912
-0.0477738
-0.0596420
-0.0460209
-0.0174732
0.0013607
-0.0072976
-0.0387988
-0.0694131
-0.0758354
-0.0541654
-0.0220311
-0.0026120
-0.0055988
-0.0219474
-0.0352216
-0.0369424
-0.0315980
-0.0289619
-0.0336456
-0.0421727
-0.0479750
-0.0470415
-0.0392548
-0.0269811
-0.0137546
-0.0027302
0.0053052
0.0112827
0.0132593
0.0039101
-0.0227935
-0.0598860
-0.0854800
-0.0784849
-0.0394530
0.0059107
0.0275425
0.0169321
-0.0079618
-0.0228868
-0.0199366
-0.0095026
-0.0037129
-0.0031677
-0.0001660
0.0105681
0.0285273
0.0516280
0.0772374
0.0978589
0.1023824
0.0887385
0.0747833
0.0888541
0.1427480
0.2146783
0.2646317
0.2699734
0.2444159
0.2202317
0.2141825
0.2142781
0.1983915
0.1600311
0.1131162
0.0756372
0.0542149
0.0439935
0.0370808
0.0267965
0.0073774
-0.0227303
-0.0545863
-0.0711097
-0.0624201
-0.0391241
-0.0250672
-0.0337993
-0.0550609
-0.0681793
-0.0669629
-0.0658387
-0.0796275
-0.1020480
-0.1101523
-0.0906430
-0.0573346
-0.0387686
-0.0492274
-0.0749368
-0.0894994
-0.0804615
-0.0590293
-0.0457155
-0.0498000
-0.0631103
-0.0708514
-0.0662135
-0.0553105
-0.0498111
-0.0547783
-0.0623665
-0.0574789
-0.0315750
0.0081724
0.0463753
0.0815683
0.1431234
0.2795831
0.5160087
0.8100821
1.0492330
1.1047816
0.9112184
0.5122128
0.0372691
-0.3731030
-0.6374847
-0.7526256
-0.7614380
-0.7084905
-0.6197331
-0.5098602
-0.3943432
-0.2885885
-0.1998694
-0.1270313
-0.0694425
-0.0319775
-0.0180127
-0.0199309
-0.0217859
-0.0134353
0.0006721
0.0096273
0.0112523
0.0145450
0.0257037
0.0365381
0.0325757
0.0125327
-0.0060504
-0.0046562
0.0149748
0.0322187
0.0308941
0.0171243
0.0105945
0.0199589
0.0320941
0.0281748
0.0074760
-0.0093218
-0.0015838
0.0288759
0.0583798
0.0634085
0.0414910
0.0122991
0.0002671
0.0147115
0.0429010
0.0606432
0.0522571
0.0242531
0.0004927
0.0014838
0.0258344
0.0518536
0.0585421
0.0451793
0.0295479
0.0275345
0.0368780
0.0421018
0.0329202
0.0141968
-0.0020483
-0.0100556
-0.0124898
-0.0114700
-0.0031530
0.0154477
0.0363981
0.0427530
0.0240680
-0.0102441
-0.0356993
-0.0332771
-0.0062534
0.0230810
0.0334099
0.0220373
0.0047281
-0.0004100
0.0104173
0.0237344
0.0211285
-0.0041443
-0.0402604
-0.0654369
-0.0652208
-0.0443585
-0.0230435
-0.0199912
-0.0365575
-0.0563806
-0.0614358
-0.0492184
-0.0338732
-0.0304896
-0.0397994
-0.0496301
-0.0501220
-0.0443829
-0.0428694
-0.0498131
-0.0588317
-0.0621162
-0.0600463
-0.0584877
-0.0586439
-0.0550924
-0.0458981
-0.0399254
-0.0479663
-0.0667705
-0.0783041
-0.0694602
-0.0495525
-0.0417428
-0.0554786
-0.0727268
-0.0670902
-0.0356345
-0.0058320
-0.0074222
-0.0399659
-0.0726306
-0.0762012
-0.0516436
-0.0255654
-0.0208600
-0.0355080
-0.0489993
-0.0448442
-0.0247478
-0.0039045
0.0034212
-0.0062621
-0.0258959
-0.0443720
-0.0534491
-0.0516084
-0.0436153
-0.0363973
-0.0341428
-0.0362294
-0.0388762
-0.0381563
-0.0322758
-0.0232734
-0.0176472
-0.0229899
-0.0403478
-0.0596288
-0.0665887
-0.0578305
-0.0472342
-0.0526792
-0.0745006
-0.0906903
-0.0782081
-0.0393632
-0.0030739
0.0029096
-0.0205763
-0.0471672
-0.0543185
-0.0453620
-0.0408139
-0.0519800
-0.0685934
-0.0726402
-0.0592193
-0.0400295
-0.0286132
-0.0272769
-0.0297771
-0.0325330
-0.0383229
-0.0489829
-0.0589381
-0.0595740
-0.0493392
-0.0365823
-0.0312485
-0.0351921
-0.0418946
-0.0447024
-0.0434169
-0.0424779
-0.0443902
-0.0468125
-0.0463499
-0.0437571
-0.0436886
-0.0488818
-0.0557588
-0.0573217
-0.0507633
-0.0412012
-0.0367549
-0.0398348
-0.0441081
-0.0408322
-0.0282830
-0.0145874
-0.0109662
-0.0219649
-0.0416264
-0.0580463
-0.0613218
-0.0490377
-0.0274452
-0.0088212
-0.0050321
-0.0189411
-0.0399395
-0.0503954
-0.0408933
-0.0209183
-0.0122017
-0.0278805
-0.0571113
-0.0725495
-0.0559896
-0.0173134
0.0134304
0.0142270
-0.0081500
-0.0252237
-0.0140644
0.0222312
0.0593753
0.0751823
0.0683135
0.0565796
0.0593865
0.0820237
0.1146828
0.1439007
0.1639898
0.1787583
0.1942881
0.2111223
0.2231124
0.2229672
0.2084526
0.1835561
0.1546474
0.1263050
0.1003337
0.0769906
0.0556760
0.0347988
0.0125764
-0.0111059
-0.0340636
-0.0535938
-0.0684837
-0.0785141
-0.0823467
-0.0776515
-0.0649186
-0.0508578
-0.0458420
-0.0557136
-0.0755106
-0.0923902
-0.0963085
-0.0888694
-0.0819851
-0.0873637
-0.1060197
-0.1267348
-0.1346327
-0.1226983
-0.0969392
-0.0715340
-0.0587281
-0.0617999
-0.0753021
-0.0900448
-0.0979780
-0.0950228
-0.0825596
-0.0671295
-0.0563031
-0.0517367
-0.0461799
-0.0305917
-0.0063466
0.0136048
0.0245005
0.0554435
0.1673791
0.4059238
0.7378043
1.0317853
1.1209249
0.9130689
0.4638268
-0.0523737
-0.4538982
-0.6569877
-0.6956837
-0.6574054
-0.6044296
-0.5471509
-0.4722212
-0.3785560
-0.2829392
-0.2014030
-0.1369382
-0.0867353
-0.0533811
-0.0419983
-0.0480684
-0.0552773
-0.0495022
-0.0325447
-0.0180438
-0.0141822
-0.0144886
-0.0076553
0.0066883
0.0163583
0.0110607
-0.0051206
-0.0181508
-0.0192051
-0.0121163
-0.0057184
-0.0026432
0.0013254
0.0087978
0.0164218
0.0203458
0.0222549
0.0260081
0.0293997
0.0241046
0.0062824
-0.0153427
-0.0256947
-0.0178342
0.0011302
0.0189067
0.0297351
0.0351625
0.0360930
0.0297106
0.0161446
0.0038836
0.0033339
0.0149767
0.0281256
0.0333276
0.0326244
0.0337250
0.0358087
0.0273195
0.0012422
-0.0309297
-0.0466148
-0.0353594
-0.0110931
0.0021606
-0.0046476
-0.0186660
-0.0234117
-0.0190093
-0.0197674
-0.0333028
-0.0483397
-0.0470855
-0.0271704
-0.0059663
-0.0013905
-0.0118775
-0.0194678
-0.0124289
-0.0002915
-0.0027190
-0.0245800
-0.0468803
-0.0461107
-0.0218356
-0.0011318
-0.0124238
-0.0549906
-0.0970270
-0.1061775
-0.0817255
-0.0544608
-0.0536873
-0.0763109
-0.0915951
-0.0766800
-0.0435972
-0.0271651
-0.0466598
-0.0840988
-0.1036862
-0.0903929
-0.0641486
-0.0548717
-0.0689243
-0.0859130
-0.0867334
-0.0763624
-0.0738948
-0.0850836
-0.0941797
-0.0852066
-0.0636658
-0.0495915
-0.0515490
-0.0568623
-0.0514486
-0.0419803
-0.0484445
-0.0744099
-0.0944362
-0.0792736
-0.0315756
0.0113123
0.0134407
-0.0243418
-0.0676128
-0.0834120
-0.0675385
-0.0395261
-0.0191036
-0.0123913
-0.0160603
-0.0254175
-0.0351155
-0.0379037
-0.0299959
-0.0179268
-0.0145744
-0.0251613
-0.0400393
-0.0453207
-0.0395471
-0.0348621
-0.0399062
-0.0462341
-0.0376803
-0.0132742
0.0053489
-0.0050216
-0.0414493
-0.0734128
-0.0724732
-0.0416323
-0.0115638
-0.0076294
-0.0245906
-0.0366015
-0.0290746
-0.0143603
-0.0136549
-0.0284438
-0.0372363
-0.0224340
0.0051611
0.0153264
-0.0074500
-0.0441180
-0.0599472
-0.0419888
-0.0128811
-0.0054736
-0.0272175
-0.0539079
-0.0579093
-0.0376008
-0.0161218
-0.0141872
-0.0294607
-0.0434483
-0.0435483
-0.0333918
-0.0230822
-0.0160206
-0.0095165
-0.0049321
-0.0098476
-0.0269604
-0.0448680
-0.0462973
-0.0276166
-0.0066683
-0.0065037
-0.0301027
-0.0539166
-0.0498468
-0.0146406
0.0239667
0.0321491
0.0017797
-0.0423928
-0.0665979
-0.0581849
-0.0325862
-0.0133580
-0.0092600
-0.0121852
-0.0135728
-0.0160507
-0.0259146
-0.0386743
-0.0398455
-0.0227480
-0.0004103
0.0065461
-0.0064092
-0.0220526
-0.0224307
-0.0108469
-0.0060929
-0.0151217
-0.0196227
0.0036847
0.0523224
0.0959285
0.1079673
0.0942978
0.0845658
0.0975569
0.1224855
0.1366663
0.1348043
0.1334793
0.1485107
0.1766202
0.2035699
0.2240428
0.2442110
0.2641596
0.2672787
0.2359556
0.1767154
0.1214509
0.0982325
0.1030429
0.1050088
0.0797212
0.0335968
-0.0060168
-0.0208274
-0.0173049
-0.0138876
-0.0188832
-0.0254784
-0.0262627
-0.0260255
-0.0360716
-0.0578209
-0.0769930
-0.0767366
-0.0554587
-0.0296170
-0.0185311
-0.0272695
-0.0444045
-0.0550426
-0.0546759
-0.0505667
-0.0512243
-0.0559955
-0.0553461
-0.0410750
-0.0160319
0.0064203
0.0131897
0.0026599
-0.0142778
-0.0244360
-0.0236820
-0.0180865
-0.0145211
-0.0119746
-0.0030495
0.0190098
0.0608903
0.1395959
0.2852273
0.5174679
0.8047103
1.0456470
1.1080389
0.9113872
0.4917068
-0.0097600
-0.4312146
-0.6823702
-0.7735655
-0.7703002
-0.7253574
-0.6495113
-0.5340381
-0.3872838
-0.2428729
-0.1352206
-0.0731127
-0.0390831
-0.0111540
0.0182680
0.0430062
0.0562215
0.0585763
0.0550255
0.0487917
0.0415938
0.0376167
0.0423931
0.0555311
0.0672035
0.0663477
0.0538607
0.0447992
0.0537003
0.0772272
0.0944588
0.0873514
0.0606155
0.0387172
0.0417567
0.0654653
0.0865326
0.0868589
0.0703769
0.0560338
0.0575426
0.0726868
0.0902517
0.1020066
0.1059475
0.1026020
0.0944618
0.0889785
0.0953574
0.1131688
0.1269775
0.1196066
0.0934449
0.0736046
0.0838033
0.1191671
0.1479396
0.1428495
0.1084216
0.0748999
0.0675629
0.0857976
0.1105677
0.1251921
0.1248316
0.1112123
0.0879266
0.0638331
0.0537436
0.0668653
0.0938249
0.1116788
0.1065335
0.0889526
0.0821722
0.0948534
0.1100836
0.1044177
0.0754326
0.0459706
0.0401359
0.0580586
0.0767761
0.0748478
0.0534672
0.0330777
0.0316354
0.0479157
0.0647761
0.0659827
0.0491812
0.0249355
0.0061227
-0.0013918
-0.0003076
0.0027859
0.0028959
-0.0009094
-0.0063549
-0.0103259
-0.0110000
-0.0088901
-0.0064039
-0.0058396
-0.0069488
-0.0066636
-0.0025848
0.0025257
0.0013185
-0.0101644
-0.0242216
-0.0243561
-0.0010146
0.0344328
0.0554526
0.0449833
0.0147579
-0.0039826
0.0078437
0.0363577
0.0491173
0.0305970
-0.0001633
-0.0096376
0.0146630
0.0522079
0.0723740
0.0649029
0.0452263
0.0332408
0.0327748
0.0332203
0.0263708
0.0163650
0.0133047
0.0213221
0.0350347
0.0454915
0.0471149
0.0401702
0.0298887
0.0238108
0.0267380
0.0354401
0.0396306
0.0317835
0.0170823
0.0107495
0.0222535
0.0424659
0.0498312
0.0318553
-0.0000161
-0.0190477
-0.0081541
0.0234020
0.0479865
0.0442767
0.0153291
-0.0155175
-0.0253715
-0.0100357
0.0147800
0.0280653
0.0204516
0.0000638
-0.0159972
-0.0163938
-0.0040256
0.0085034
0.0116451
0.0074569
0.0054750
0.0105000
0.0160801
0.0119041
-0.0025243
-0.0141615
-0.0089328
0.0120077
0.0307283
0.0289619
0.0058435
-0.0214989
-0.0342502
-0.0274087
-0.0100445
0.0060248
0.0150143
0.0167668
0.0130156
0.0069642
0.0038750
0.0071971
0.0128485
0.0107691
-0.0043324
-0.0244201
-0.0338635
-0.0256505
-0.0101586
-0.0049402
-0.0153374
-0.0273803
-0.0217910
0.0054667
0.0383912
0.0572330
0.0581513
0.0549929
0.0621008
0.0785584
0.0924168
0.0993528
0.1115625
0.1432406
0.1886912
0.2220166
0.2238487
0.2056470
0.1997531
0.2220394
0.2497615
0.2438419
0.1933402
0.1309749
0.0998213
0.1078909
0.1216233
0.1039892
0.0526810
-0.0022436
-0.0326214
-0.0368067
-0.0321945
-0.0332743
-0.0428499
-0.0589100
-0.0793929
-0.0975799
-0.1008858
-0.0826178
-0.0542140
-0.0387540
-0.0485265
-0.0718801
-0.0859394
-0.0811039
-0.0691477
-0.0668348
-0.0757904
-0.0820131
-0.0738132
-0.0561263
-0.0452399
-0.0508807
-0.0654759
-0.0714380
-0.0587637
-0.0357965
-0.0225856
-0.0318444
-0.0544118
-0.0643157
-0.0419861
0.0051288
0.0481195
0.0697922
0.0963222
0.1905449
0.3999991
0.6976985
0.9700489
1.0731204
0.9213787
0.5431753
0.0626638
-0.3742858
-0.6732354
-0.8166343
-0.8390311
-0.7853663
-0.6862515
-0.5587413
-0.4183882
-0.2855700
-0.1807110
-0.1143107
-0.0810012
-0.0634247
-0.0447513
-0.0211870
-0.0035015
-0.0044832
-0.0229789
-0.0408600
-0.0379477
-0.0111238
0.0220191
0.0394573
0.0346713
0.0203158
0.0132062
0.0175074
0.0234488
0.0211120
0.0128689
0.0106342
0.0214249
0.0377970
0.0446404
0.0358105
0.0222183
0.0209148
0.0355146
0.0498490
0.0443251
0.0191127
-0.0020462
0.0054109
0.0401380
0.0735639
0.0771670
0.0502319
0.0191171
0.0100568
0.0252029
0.0453881
0.0524285
