-0.0014093
0.0213508
0.0044239
-0.0075764
-0.0009246
0.0030809
-0.0033278
-0.0052989
0.0009892
0.0023701
-0.0041394
-0.0074086
-0.0052106
-0.0065208
-0.0115286
-0.0112378
-0.0061418
-0.0055500
-0.0090412
-0.0063619
0.0045604
0.0148293
0.0191752
0.0204212
0.0209887
0.0213746
0.0248153
0.0333666
0.0421200
0.0456759
0.0460935
0.0468233
0.0448445
0.0374486
0.0307136
0.0316664
0.0364551
0.0349443
0.0238474
0.0086095
-0.0044438
-0.0125329
-0.0166438
-0.0215120
-0.0316488
-0.0448013
-0.0542182
-0.0591360
-0.0665898
-0.0805503
-0.0963073
-0.1087810
-0.1196584
-0.1323147
-0.1451288
-0.1539096
-0.1575385
-0.1588913
-0.1626901
-0.1722603
-0.1847688
-0.1909277
-0.1844753
-0.1709811
-0.1617966
-0.1601296
-0.1590015
-0.1527386
-0.1444195
-0.1406403
-0.1430498
-0.1463120
-0.1426002
-0.1291010
-0.1127884
-0.1049791
-0.1083060
-0.1121890
-0.1047635
-0.0863288
-0.0671395
-0.0548088
-0.0484616
-0.0435027
-0.0376069
-0.0319229
-0.0286668
-0.0277074
-0.0258935
-0.0218454
-0.0204728
-0.0282103
-0.0431803
-0.0552035
-0.0577412
-0.0554945
-0.0574249
-0.0657112
-0.0746130
-0.0780141
-0.0754485
-0.0715463
-0.0708216
-0.0729250
-0.0738676
-0.0725781
-0.0734597
-0.0795485
-0.0858289
-0.0841293
-0.0737370
-0.0625139
-0.0573722
-0.0576685
-0.0587117
-0.0584233
-0.0590222
-0.0636247
-0.0718982
-0.0788583
-0.0789037
-0.0713815
-0.0603201
-0.0483346
-0.0340115
-0.0168069
-0.0008154
0.0096543
0.0161533
0.0245717
0.0384912
0.0561680
0.0732423
0.0868316
0.0975641
0.1083420
0.1204673
0.1314644
0.1385223
0.1433525
0.1505278
0.1607242
0.1687971
0.1697284
0.1641707
0.1571533
0.1532926
0.1540500
0.1578809
0.1620763
0.1651762
0.1674373
0.1682610
0.1644040
0.1522612
0.1307628
0.1006052
0.0628047
0.0209886
-0.0163431
-0.0400289
-0.0481175
-0.0480537
-0.0502619
-0.0596180
-0.0722991
-0.0802620
-0.0795991
-0.0746868
-0.0726909
-0.0742063
-0.0722940
-0.0618773
-0.0469183
-0.0356575
-0.0306416
-0.0264677
-0.0171003
-0.0032406
0.0084265
0.0130082
0.0138987
0.0202910
0.0372991
0.0598585
0.0780838
0.0872280
0.0899342
0.0904672
0.0913071
0.0957313
0.1086158
0.1311245
0.1573189
0.1816507
0.2124556
0.2745663
0.3891916
0.5409313
0.6627537
0.6648317
0.4959881
0.1893022
-0.1506732
-0.4121365
-0.5402603
-0.5533449
-0.5066669
-0.4417297
-0.3644497
-0.2640826
-0.1452626
-0.0362960
0.0333808
0.0589949
0.0613537
0.0649113
0.0778646
0.0920910
0.0979843
0.0963433
0.0957706
0.1007413
0.1057335
0.1030524
0.0942752
0.0900188
0.0977813
0.1129265
0.1233226
0.1214865
0.1110345
0.1022064
0.1021370
0.1092600
0.1166091
0.1197797
0.1202895
0.1210352
0.1211216
0.1177379
0.1120308
0.1100129
0.1167262
0.1307664
0.1451759
0.1534377
0.1549801
0.1552940
0.1600556
0.1687033
0.1747123
0.1727288
0.1643028
0.1558561
0.1521529
0.1526309
0.1529627
0.1489863
0.1397267
0.1276138
0.1157853
0.1052722
0.0953284
0.0857441
0.0769883
0.0679898
0.0559041
0.0393246
0.0207431
0.0048183
-0.0055983
-0.0116689
-0.0172855
-0.0252730
-0.0341950
-0.0395396
-0.0390768
-0.0362740
-0.0368603
-0.0423768
-0.0487826
-0.0514998
-0.0503375
-0.0489146
-0.0501656
-0.0532026
-0.0547825
-0.0538118
-0.0535351
-0.0578458
-0.0656503
-0.0711362
-0.0705938
-0.0668897
-0.0653866
-0.0670837
-0.0685265
-0.0682138
-0.0701372
-0.0789356
-0.0922217
-0.1001781
-0.0951144
-0.0816994
-0.0755426
-0.0897382
-0.1236202
-0.1658959
-0.2063574
-0.2408806
-0.2671753
-0.2842334
-0.3017557
-0.3454777
-0.4417433
-0.5890828
-0.7473443
-0.8643950
-0.9216851
-0.9537362
-1.0164749
-1.1306936
-1.2555913
-1.3189332
-1.2742474
-1.1328037
-0.9489836
-0.7816191
-0.6653380
-0.6050998
-0.5855828
-0.5834605
-0.5774155
-0.5549311
-0.5142967
-0.4606053
-0.3987236
-0.3295397
-0.2522250
-0.1680448
-0.0806180
0.0055340
0.0837411
0.1438829
0.1776212
0.1875639
0.1881714
0.1938007
0.2065099
0.2186325
0.2272219
0.2418987
0.2748405
0.3236678
0.3685739
0.3903150
0.3907496
0.3918752
0.4124395
0.4477180
0.4752923
0.4798232
0.4689309
0.4642865
0.4799163
0.5108431
0.5410131
0.5592979
0.5668510
0.5707592
0.5739200
0.5735394
0.5685353
0.5645316
0.5687735
0.5810442
0.5922415
0.5929951
0.5829761
0.5708793
0.5649141
0.5634228
0.5556620
0.5326735
0.4969348
0.4600694
0.4312110
0.4091080
0.3858248
0.3564031
0.3239137
0.2963799
0.2801489
0.2754974
0.2767999
0.2760913
0.2671850
0.2481605
0.2219380
0.1952521
0.1757057
0.1676891
0.1701810
0.1783738
0.1869924
0.1921322
0.1916700
0.1858062
0.1769547
0.1676110
0.1581905
0.1480260
0.1384608
0.1334289
0.1357761
0.1431727
0.1487125
0.1467947
0.1390355
0.1335216
0.1366188
0.1452220
0.1484330
0.1377664
0.1152010
0.0910156
0.0747562
0.0686920
0.0684784
0.0682828
0.0650863
0.0592324
0.0521469
0.0444891
0.0366741
0.0300568
0.0261694
0.0247764
0.0238028
0.0215770
0.0185120
0.0163240
0.0160327
0.0168523
0.0168203
0.0147837
0.0121341
0.0120795
0.0164175
0.0231739
0.0279767
0.0275669
0.0216991
0.0124889
0.0030969
-0.0032114
-0.0042567
-0.0004275
0.0048274
0.0066379
0.0022489
-0.0057962
-0.0104427
-0.0060994
0.0050777
0.0139583
0.0129281
0.0035511
-0.0050147
-0.0053182
0.0009862
0.0049622
-0.0005451
-0.0135423
-0.0245641
-0.0257800
-0.0181461
-0.0094186
-0.0061429
-0.0088269
-0.0142988
-0.0204157
-0.0270514
-0.0335250
-0.0372924
-0.0366675
-0.0346724
-0.0382682
-0.0512816
-0.0676007
-0.0739597
-0.0625004
-0.0407948
-0.0272344
-0.0348349
-0.0595289
-0.0845621
-0.0958951
-0.0929881
-0.0853751
-0.0807042
-0.0781416
-0.0735010
-0.0678721
-0.0675606
-0.0751367
-0.0838753
-0.0840973
-0.0745900
-0.0653236
-0.0676131
-0.0821632
-0.0977242
-0.1017709
-0.0921748
-0.0780438
-0.0696140
-0.0687713
-0.0701590
-0.0698077
-0.0698286
-0.0739203
-0.0803830
-0.0819469
-0.0730783
-0.0567315
-0.0430168
-0.0405324
-0.0486806
-0.0585961
-0.0615479
-0.0560168
-0.0469070
-0.0395344
-0.0356189
-0.0340652
-0.0334306
-0.0329906
-0.0327235
-0.0334382
-0.0365026
-0.0420800
-0.0468955
-0.0447423
-0.0315881
-0.0117224
0.0025969
0.0008492
-0.0149685
-0.0308429
-0.0338243
-0.0242285
-0.0136312
-0.0112871
-0.0145207
-0.0135160
-0.0042704
0.0056420
0.0055037
-0.0053889
-0.0153775
-0.0125369
0.0018598
0.0135091
0.0088024
-0.0121506
-0.0354453
-0.0450316
-0.0352416
-0.0145401
0.0014515
0.0019136
-0.0114430
-0.0268722
-0.0329614
-0.0278304
-0.0193286
-0.0165870
-0.0211851
-0.0265397
-0.0258687
-0.0198217
-0.0151145
-0.0161590
-0.0201592
-0.0213219
-0.0179306
-0.0129820
-0.0084414
-0.0016396
0.0111544
0.0288703
0.0455132
0.0564932
0.0636847
0.0726188
0.0851158
0.0970671
0.1047638
0.1112778
0.1231872
0.1405087
0.1527573
0.1474357
0.1220053
0.0860893
0.0522598
0.0262989
0.0066347
-0.0092501
-0.0210929
-0.0289765
-0.0369707
-0.0499339
-0.0665536
-0.0790040
-0.0819185
-0.0799232
-0.0830474
-0.0945993
-0.1065293
-0.1084427
-0.0994737
-0.0888728
-0.0852122
-0.0876845
-0.0895851
-0.0884425
-0.0890803
-0.0956766
-0.1041287
-0.1061602
-0.1004293
-0.0951522
-0.0973365
-0.1023791
-0.0987006
-0.0823110
-0.0611467
-0.0400091
-0.0030834
0.0794893
0.2174791
0.3695863
0.4529953
0.3962137
0.1936832
-0.0861098
-0.3463615
-0.5210183
-0.5997019
-0.6081338
-0.5736709
-0.5099027
-0.4256602
-0.3372308
-0.2650107
-0.2191927
-0.1933084
-0.1737725
-0.1537752
-0.1362176
-0.1253690
-0.1197266
-0.1142189
-0.1068924
-0.1007749
-0.0991926
-0.1011616
-0.1026657
-0.1018562
-0.1013355
-0.1045129
-0.1106633
-0.1150118
-0.1136785
-0.1072799
-0.0992351
-0.0917485
-0.0846425
-0.0776955
-0.0726309
-0.0717488
-0.0745624
-0.0765405
-0.0722961
-0.0607528
-0.0469106
-0.0377946
-0.0364413
-0.0399538
-0.0429665
-0.0422528
-0.0382097
-0.0332405
-0.0297284
-0.0291857
-0.0320401
-0.0372077
-0.0419967
-0.0437125
-0.0426083
-0.0429354
-0.0493800
-0.0615404
-0.0730212
-0.0775009
-0.0755350
-0.0740440
-0.0787095
-0.0879153
-0.0950468
-0.0962000
-0.0942404
-0.0946212
-0.0981599
-0.0996743
-0.0943017
-0.0837357
-0.0746383
-0.0714349
-0.0726434
-0.0746806
-0.0771421
-0.0823790
-0.0906610
-0.0982265
-0.1012683
-0.1006392
-0.1008013
-0.1039085
-0.1066004
-0.1042506
-0.0978154
-0.0941638
-0.0983598
-0.1069824
-0.1111718
-0.1063457
-0.0972155
-0.0923599
-0.0948886
-0.0997482
-0.1000893
-0.0950186
-0.0901219
-0.0906522
-0.0954508
-0.0984400
-0.0954644
-0.0882239
-0.0812332
-0.0764761
-0.0724614
-0.0678424
-0.0638611
-0.0621002
-0.0607895
-0.0552910
-0.0433171
-0.0289698
-0.0199783
-0.0202219
-0.0259042
-0.0300570
-0.0300038
-0.0288211
-0.0298076
-0.0319458
-0.0322039
-0.0306219
-0.0304241
-0.0328418
-0.0343217
-0.0310178
-0.0252257
-0.0244818
-0.0328054
-0.0446203
-0.0501109
-0.0465213
-0.0412083
-0.0419734
-0.0469730
-0.0477809
-0.0420129
-0.0386051
-0.0476143
-0.0665705
-0.0809255
-0.0794177
-0.0667040
-0.0582606
-0.0633875
-0.0760365
-0.0834173
-0.0811455
-0.0770151
-0.0804698
-0.0916484
-0.1022352
-0.1049214
-0.0996693
-0.0915906
-0.0854824
-0.0832220
-0.0842649
-0.0863010
-0.0856425
-0.0792237
-0.0677484
-0.0560658
-0.0485779
-0.0437438
-0.0344365
-0.0149846
0.0124996
0.0397984
0.0604935
0.0752446
0.0888826
0.1029610
0.1119814
0.1074254
0.0859638
0.0540415
0.0239602
0.0043512
-0.0062931
-0.0166832
-0.0330634
-0.0523693
-0.0651757
-0.0655361
-0.0575464
-0.0515244
-0.0536124
-0.0600442
-0.0623986
-0.0575900
-0.0508096
-0.0483167
-0.0494190
-0.0475877
-0.0389155
-0.0271239
-0.0190907
-0.0167620
-0.0154217
-0.0100411
-0.0014866
0.0049850
0.0064521
0.0054558
0.0062624
0.0104549
0.0179239
0.0299873
0.0473878
0.0648515
0.0733205
0.0743921
0.0928430
0.1659061
0.3072450
0.4741127
0.5745417
0.5216190
0.2973409
-0.0269651
-0.3335308
-0.5308382
-0.5990293
-0.5783549
-0.5210929
-0.4529937
-0.3720801
-0.2737365
-0.1700868
-0.0847593
-0.0327879
-0.0089890
0.0042280
0.0199406
0.0380597
0.0509261
0.0544891
0.0532682
0.0557232
0.0661313
0.0810336
0.0928137
0.0962976
0.0924247
0.0865936
0.0839753
0.0858889
0.0898168
0.0926128
0.0938461
0.0959791
0.1011403
0.1081102
0.1132247
0.1144632
0.1140882
0.1166566
0.1244130
0.1350768
0.1445274
0.1515167
0.1590022
0.1701709
0.1835182
0.1932271
0.1953551
0.1930174
0.1939440
0.2022203
0.2131984
0.2178084
0.2123011
0.2029267
0.1998325
0.2061548
0.2142589
0.2138340
0.2032243
0.1912294
0.1872334
0.1909597
0.1934817
0.1878677
0.1767238
0.1679256
0.1640599
0.1586898
0.1444082
0.1231257
0.1056146
0.0999036
0.1020167
0.1004279
0.0893136
0.0749772
0.0680004
0.0707402
0.0750132
0.0722835
0.0638284
0.0587609
0.0624662
0.0693968
0.0689565
0.0577770
0.0442870
0.0404604
0.0499535
0.0650398
0.0744995
0.0736107
0.0668985
0.0625608
0.0648620
0.0712007
0.0754870
0.0741030
0.0691310
0.0663717
0.0702519
0.0801866
0.0913860
0.0989444
0.1010817
0.0986489
0.0924726
0.0827171
0.0714602
0.0643921
0.0673528
0.0798746
0.0931915
0.0966740
0.0873636
0.0729452
0.0646334
0.0667727
0.0734267
0.0751234
0.0686176
0.0597754
0.0571369
0.0632017
0.0721227
0.0754375
0.0697648
0.0593451
0.0516529
0.0504811
0.0528644
0.0526319
0.0471171
0.0402211
0.0384348
0.0438269
0.0516234
0.0553291
0.0539045
0.0526981
0.0565519
0.0628605
0.0633642
0.0536939
0.0398794
0.0334869
0.0400240
0.0534804
0.0630266
0.0640167
0.0611880
0.0617946
0.0677529
0.0754518
0.0816628
0.0872747
0.0948781
0.1047754
0.1154040
0.1272352
0.1438934
0.1679314
0.1962385
0.2210692
0.2358560
0.2394574
0.2350051
0.2258942
0.2135469
0.1981039
0.1798243
0.1595051
0.1384045
0.1182849
0.1007902
0.0856886
0.0699404
0.0501923
0.0275802
0.0094948
0.0045862
0.0145670
0.0310700
0.0415470
0.0391246
0.0273801
0.0161146
0.0125327
0.0157570
0.0189958
0.0168127
0.0105389
0.0065834
0.0092663
0.0158273
0.0196770
0.0188273
0.0191629
0.0268140
0.0376848
0.0388958
0.0245991
0.0084684
0.0134702
0.0450836
0.0797575
0.0901861
0.0858462
0.1193672
0.2371837
0.4152356
0.5489544
0.5218061
0.2982783
-0.0426479
-0.3641931
-0.5659803
-0.6342025
-0.6165952
-0.5627509
-0.4904798
-0.3975043
-0.2888260
-0.1843108
-0.1032739
-0.0493889
-0.0131252
0.0148098
0.0360631
0.0489512
0.0552096
0.0595797
0.0640822
0.0657175
0.0610854
0.0523734
0.0475910
0.0544165
0.0734047
0.0965664
0.1125828
0.1147724
0.1058337
0.0955318
0.0927845
0.0984800
0.1054258
0.1058775
0.0997001
0.0947558
0.0984027
0.1086706
0.1152083
0.1102634
0.0983913
0.0935327
0.1051252
0.1275066
0.1446272
0.1461971
0.1385652
0.1382977
0.1545391
0.1785616
0.1917250
0.1837011
0.1622027
0.1448810
0.1427009
0.1516838
0.1595065
0.1579617
0.1484159
0.1371791
0.1283971
0.1222079
0.1177240
0.1150878
0.1140528
0.1124178
0.1077192
0.1002968
0.0932024
0.0884660
0.0844226
0.0778044
0.0681858
0.0591531
0.0545084
0.0539304
0.0531690
0.0484150
0.0398079
0.0306084
0.0238501
0.0205095
0.0202470
0.0223437
0.0252130
0.0260435
0.0225225
0.0153566
0.0081929
0.0041471
0.0025721
0.0001109
-0.0046853
-0.0083905
-0.0051889
0.0075181
0.0263666
0.0446956
0.0567556
0.0585264
0.0461727
0.0178186
-0.0203696
-0.0523453
-0.0635321
-0.0599000
-0.0743449
-0.1455686
-0.2820461
-0.4457128
-0.5778529
-0.6486875
-0.6834773
-0.7361645
-0.8329502
-0.9403913
-0.9902207
-0.9379002
-0.8004363
-0.6416986
-0.5238862
-0.4701705
-0.4646256
-0.4778140
-0.4891762
-0.4909432
-0.4804332
-0.4545969
-0.4115432
-0.3537888
-0.2874888
-0.2179115
-0.1459559
-0.0699107
0.0079993
0.0762256
0.1171200
0.1197996
0.0926566
0.0615284
0.0508547
0.0634093
0.0791826
0.0765386
0.0552067
0.0373939
0.0458601
0.0820895
0.1266531
0.1591884
0.1754949
0.1854795
0.1983547
0.2134830
0.2249986
0.2311922
0.2363729
0.2446363
0.2549348
0.2634259
0.2689157
0.2740786
0.2816371
0.2909779
0.2989553
0.3027199
