-0.1018568
-0.0950366
-0.0979668
-0.1147555
-0.1419875
-0.1733002
-0.1958141
-0.1966276
-0.1781406
-0.1585919
-0.1533149
-0.1606628
-0.1680705
-0.1664322
-0.1561351
-0.1427224
-0.1289701
-0.1107069
-0.0818604
-0.0447759
-0.0114859
0.0091613
0.0220052
0.0379952
0.0590967
0.0774911
0.0889838
0.1001913
0.1198794
0.1468949
0.1692729
0.1743843
0.1596902
0.1347256
0.1125677
0.0984931
0.0869264
0.0690215
0.0417053
0.0094808
-0.0202535
-0.0431127
-0.0611633
-0.0806392
-0.1035314
-0.1217262
-0.1242158
-0.1122810
-0.1037114
-0.1186091
-0.1622040
-0.2207742
-0.2656778
-0.2529479
-0.1258371
0.1572281
0.5701690
0.9876906
1.2285457
1.1688420
0.8406041
0.4200599
0.1017809
-0.0344243
-0.0482097
-0.0479925
-0.0865765
-0.1393998
-0.1617885
-0.1456242
-0.1176337
-0.0982541
-0.0790167
-0.0425435
0.0067877
0.0430804
0.0485939
0.0339179
0.0243265
0.0316049
0.0456196
0.0514264
0.0471491
0.0420426
0.0412066
0.0376756
0.0208431
-0.0099144
-0.0429643
-0.0661136
-0.0782920
-0.0878329
-0.1010089
-0.1158883
-0.1277575
-0.1366093
-0.1462415
-0.1576312
-0.1668097
-0.1701773
-0.1695604
-0.1694274
-0.1691322
-0.1610586
-0.1400192
-0.1141809
-0.1016764
-0.1120059
-0.1322286
-0.1365206
-0.1113179
-0.0685740
-0.0323700
-0.0143466
-0.0049508
0.0118719
0.0391535
0.0647511
0.0773725
0.0805928
0.0882646
0.1079595
0.1330564
0.1518156
0.1604365
0.1645380
0.1704056
0.1789643
0.1881542
0.1969900
0.2045686
0.2068748
0.1982933
0.1778751
0.1524501
0.1309678
0.1153799
0.0991099
0.0754989
0.0455226
0.0148717
-0.0145204
-0.0454113
-0.0771345
-0.1017054
-0.1127444
-0.1167317
-0.1295745
-0.1587254
-0.1912481
-0.2046481
-0.1914333
-0.1699793
-0.1672123
-0.1906777
-0.2212578
-0.2348410
-0.2279213
-0.2186316
-0.2244312
-0.2433116
-0.2577555
-0.2532379
-0.2298085
-0.1976326
-0.1659861
-0.1385573
-0.1164012
-0.1005065
-0.0896535
-0.0785586
-0.0617490
-0.0393948
-0.0168543
0.0020710
0.0189415
0.0364111
0.0527471
0.0641112
0.0722014
0.0860061
0.1129030
0.1483027
0.1766476
0.1843914
0.1713411
0.1478265
0.1216380
0.0910634
0.0523909
0.0111267
-0.0192206
-0.0308410
-0.0310905
-0.0354429
-0.0515312
-0.0724053
-0.0861734
-0.0904557
-0.0951003
-0.1104886
-0.1354546
-0.1589925
-0.1730290
-0.1799345
-0.1854983
-0.1874359
-0.1761865
-0.1491474
-0.1206135
-0.1120380
-0.1301633
-0.1575367
-0.1687166
-0.1559025
-0.1343390
-0.1203135
-0.1089867
-0.0818124
-0.0362932
0.0006922
-0.0024000
-0.0449616
-0.0883331
-0.0863179
-0.0130746
0.1426424
0.3960564
0.7519842
1.1557283
1.4709892
1.5416174
1.3074394
0.8690731
0.4283459
0.1480752
0.0539034
0.0563748
0.0540698
0.0130845
-0.0376587
-0.0641023
-0.0667053
-0.0701134
-0.0903193
-0.1209396
-0.1469274
-0.1620529
-0.1702637
-0.1758207
-0.1782874
-0.1771042
-0.1767566
-0.1844474
-0.2026418
-0.2247942
-0.2391510
-0.2379040
-0.2238515
-0.2081321
-0.2002878
-0.1997008
-0.1970345
-0.1845681
-0.1646074
-0.1464419
-0.1346865
-0.1225126
-0.0990225
-0.0634183
-0.0286677
-0.0083197
-0.0009970
0.0082767
0.0303708
0.0590560
0.0790380
0.0858696
0.0933890
0.1184041
0.1595678
0.1955203
0.2059862
0.1926986
0.1763367
0.1728968
0.1765505
0.1681184
0.1383629
0.0989637
0.0695542
0.0568269
0.0493531
0.0325795
0.0058897
-0.0173117
-0.0253863
-0.0214001
-0.0189947
-0.0273229
-0.0430535
-0.0575143
-0.0685173
-0.0819414
-0.1019564
-0.1230855
-0.1350722
-0.1358425
-0.1369937
-0.1531170
-0.1844416
-0.2119448
-0.2127984
-0.1821606
-0.1388416
-0.1081126
-0.0987812
-0.0977572
-0.0868779
-0.0633879
-0.0420142
-0.0368769
-0.0439528
-0.0445200
-0.0261905
0.0027120
0.0226701
0.0257398
0.0247858
0.0378351
0.0656172
0.0890322
0.0904042
0.0741910
0.0626108
0.0706826
0.0896949
0.0981961
0.0863747
0.0639807
0.0436926
0.0232076
-0.0103948
-0.0609544
-0.1146702
-0.1509525
-0.1513120
-0.0888666
0.0817935
0.3971677
0.8225945
1.2179178
1.3939553
1.2401998
0.8183910
0.3290770
-0.0288741
-0.1850585
-0.2069703
-0.2038236
-0.2283890
-0.2610262
-0.2649869
-0.2382283
-0.2111942
-0.2084113
-0.2242497
-0.2349986
-0.2255869
-0.2003353
-0.1726785
-0.1512501
-0.1363971
-0.1250341
-0.1148828
-0.1046938
-0.0931640
-0.0789943
-0.0615941
-0.0412777
-0.0190721
0.0032162
0.0228231
0.0364866
0.0417188
0.0381103
0.0278038
0.0148419
0.0033377
-0.0052656
-0.0141074
-0.0291950
-0.0537019
-0.0828689
-0.1054323
-0.1119324
-0.1029573
-0.0894616
-0.0841246
-0.0908232
-0.1014618
-0.1035383
-0.0922715
-0.0760897
-0.0695889
-0.0800348
-0.1004039
-0.1158649
-0.1171324
-0.1072968
-0.0959111
-0.0876765
-0.0783339
-0.0615377
-0.0377307
-0.0144275
0.0014247
0.0087015
0.0090829
0.0019267
-0.0139645
-0.0332615
-0.0427614
-0.0314160
-0.0027594
0.0247490
0.0322343
0.0161197
-0.0106992
-0.0325510
-0.0441708
-0.0500499
-0.0537196
-0.0520592
-0.0418502
-0.0292005
-0.0280788
-0.0473860
-0.0805852
-0.1103381
-0.1243830
-0.1262753
-0.1297249
-0.1426868
-0.1583420
-0.1631162
-0.1544484
-0.1502519
-0.1769238
-0.2390083
-0.2910132
-0.2396240
0.0080134
0.4687009
1.0339927
1.4997617
1.6741060
1.4947243
1.0668772
0.5900875
0.2310334
0.0404217
-0.0338930
-0.0702809
-0.1089962
-0.1447382
-0.1592328
-0.1493286
-0.1279171
-0.1090760
-0.0980628
-0.0924631
-0.0876994
-0.0807497
-0.0717577
-0.0640543
-0.0612896
-0.0626763
-0.0616878
-0.0516926
-0.0336097
-0.0164597
-0.0090348
-0.0117677
-0.0181153
-0.0234322
-0.0306126
-0.0462909
-0.0726520
-0.1040966
-0.1316158
-0.1496277
-0.1587579
-0.1630492
-0.1651948
-0.1644005
-0.1586118
-0.1487671
-0.1404938
-0.1403646
-0.1491218
-0.1588339
-0.1589164
-0.1468356
-0.1321064
-0.1271882
-0.1334746
-0.1382103
-0.1274600
-0.1016354
-0.0757548
-0.0632463
-0.0611221
-0.0533431
-0.0287942
0.0062257
0.0347449
0.0469241
0.0485898
0.0517050
0.0593706
0.0637109
0.0585829
0.0506073
0.0538567
0.0733561
0.0967166
0.1049375
0.0918711
0.0714206
0.0642586
0.0778911
0.1007808
0.1154472
0.1151762
0.1069916
0.1005553
0.0975872
0.0927221
0.0815984
0.0648999
0.0449815
0.0221768
-0.0030765
-0.0261110
-0.0400090
-0.0436045
-0.0455452
-0.0573256
-0.0817798
-0.1103896
-0.1328754
-0.1476722
-0.1610069
-0.1766742
-0.1899870
-0.1936160
-0.1878009
-0.1818670
-0.1847173
-0.1954818
-0.2052115
-0.2070419
-0.2023945
-0.1965523
-0.1905579
-0.1803299
-0.1635968
-0.1447100
-0.1304310
-0.1219301
-0.1132225
-0.0978051
-0.0748992
-0.0481464
-0.0203953
0.0069365
0.0296543
0.0407453
0.0386180
0.0334282
0.0391624
0.0570185
0.0712738
0.0670018
0.0499289
0.0412000
0.0496051
0.0557260
0.0318635
-0.0232540
-0.0774626
-0.0938811
-0.0554130
0.0486575
0.2482939
0.5730466
0.9828460
1.3283220
1.4193232
1.1707276
0.6917461
0.2184202
-0.0602939
-0.1247790
-0.0921923
-0.0824572
-0.1237163
-0.1723374
-0.1929322
-0.1974865
-0.2139004
-0.2415669
-0.2533292
-0.2340786
-0.2015161
-0.1841312
-0.1876665
-0.1918898
-0.1781697
-0.1519365
-0.1347216
-0.1384843
-0.1526549
-0.1557534
-0.1359381
-0.0994517
-0.0625368
-0.0380835
-0.0285472
-0.0276846
-0.0272996
-0.0239126
-0.0207165
-0.0227350
-0.0292991
-0.0325106
-0.0253575
-0.0114079
-0.0036845
-0.0114521
-0.0289717
-0.0405278
-0.0381674
-0.0323420
-0.0415690
-0.0708436
-0.1029373
-0.1137085
-0.0957981
-0.0654236
-0.0457785
-0.0459019
-0.0569551
-0.0667517
-0.0736704
-0.0845161
-0.1012454
-0.1141761
-0.1106035
-0.0890828
-0.0628499
-0.0480563
-0.0491692
-0.0564814
-0.0572658
-0.0480436
-0.0354632
-0.0262810
-0.0185821
-0.0045035
0.0185498
0.0415390
0.0510693
0.0436393
0.0310098
0.0295190
0.0440662
0.0641488
0.0762773
0.0786925
0.0817599
0.0939695
0.1101753
0.1160922
0.1040116
0.0814644
0.0628133
0.0536976
0.0462654
0.0300302
0.0049884
-0.0183408
-0.0315681
-0.0388595
-0.0531568
-0.0823663
-0.1205752
-0.1534551
-0.1716273
-0.1779397
-0.1821510
-0.1901503
-0.1995275
-0.2050208
-0.2064148
-0.2096955
-0.2204490
-0.2370067
-0.2509240
-0.2545790
-0.2483175
-0.2399972
-0.2372973
-0.2401231
-0.2402248
-0.2284304
-0.2031398
-0.1726372
-0.1489819
-0.1385166
-0.1373546
-0.1359859
-0.1284001
-0.1164117
-0.1049615
-0.0943470
-0.0790675
-0.0550998
-0.0266162
-0.0028544
0.0122598
0.0250302
0.0441459
0.0687617
0.0877778
0.0925484
0.0876607
0.0855375
0.0908505
0.0944887
0.0851362
0.0635662
0.0408882
0.0231979
0.0034770
-0.0279929
-0.0684183
-0.1018622
-0.1103005
-0.0757390
0.0308452
0.2471301
0.5809442
0.9611593
1.2398334
1.2736919
1.0303081
0.6228078
0.2332709
-0.0114512
-0.1049155
-0.1229222
-0.1362534
-0.1610036
-0.1766884
-0.1700547
-0.1515733
-0.1382882
-0.1353363
-0.1380505
-0.1432717
-0.1501196
-0.1523274
-0.1397559
-0.1125481
-0.0888053
-0.0898464
-0.1152317
-0.1368805
-0.1233178
-0.0707107
-0.0075715
0.0324463
0.0410904
0.0382094
0.0461811
0.0649021
0.0731069
0.0523995
0.0075080
-0.0374674
-0.0611279
-0.0620418
-0.0554982
-0.0560704
-0.0651515
-0.0745066
-0.0787387
-0.0814662
-0.0891943
-0.1014535
-0.1093376
-0.1041978
-0.0865899
-0.0658312
-0.0516276
-0.0476109
-0.0526566
-0.0654228
-0.0844699
-0.1042606
-0.1149132
-0.1095313
-0.0918668
-0.0740271
-0.0645305
-0.0590766
-0.0447752
-0.0141409
0.0256740
0.0578663
0.0697991
0.0622893
0.0472773
0.0383417
0.0427781
0.0594298
0.0810736
0.0989683
0.1076848
0.1077384
0.1039085
0.1005910
0.0987191
0.0969540
0.0946088
0.0919212
0.0874855
0.0771948
0.0574451
0.0294470
-0.0007022
-0.0267333
-0.0466453
-0.0626613
-0.0781099
-0.0951684
-0.1143614
-0.1340447
-0.1501813
-0.1589828
-0.1616195
-0.1650282
-0.1752352
-0.1893928
-0.1971624
-0.1924493
-0.1826089
-0.1825393
-0.1981749
-0.2181044
-0.2244288
-0.2117061
-0.1925731
-0.1837086
-0.1884146
-0.1949684
-0.1904618
-0.1727868
-0.1486331
-0.1236890
-0.0986080
-0.0734976
-0.0514927
-0.0348684
-0.0196138
0.0019644
0.0318044
0.0615197
0.0797829
0.0841103
0.0834681
0.0886154
0.1011891
0.1132540
0.1163995
0.1092535
0.0958287
0.0786223
0.0557429
0.0252293
-0.0095431
-0.0408562
-0.0637594
-0.0812545
-0.1009000
-0.1256609
-0.1490894
-0.1612881
-0.1603799
-0.1568006
-0.1639924
-0.1840142
-0.2040243
-0.2092749
-0.1996645
-0.1913611
-0.2008724
-0.2285888
-0.2579569
-0.2657186
-0.2259605
-0.1054758
0.1287747
0.4748838
0.8574426
1.1356462
1.1787559
0.9606376
0.5898445
0.2390343
0.0287233
-0.0368463
-0.0353523
-0.0395071
-0.0627313
-0.0755646
-0.0565013
-0.0174137
0.0150404
0.0301091
0.0386179
0.0526573
0.0682282
0.0715262
0.0586811
0.0434203
0.0427469
0.0567699
0.0656755
0.0482507
0.0033307
-0.0477157
-0.0800020
-0.0865040
-0.0809844
-0.0813740
-0.0924578
-0.1055392
-0.1125886
-0.1166457
-0.1266529
-0.1447126
-0.1625361
-0.1713468
-0.1720760
-0.1726170
-0.1760720
-0.1758987
-0.1647706
-0.1454894
-0.1289599
-0.1210354
-0.1150894
-0.1002224
-0.0747847
-0.0480099
-0.0281853
-0.0131813
0.0046840
0.0269891
0.0469640
0.0591761
0.0668410
0.0761175
0.0860252
0.0900369
0.0889734
0.0964807
0.1253347
0.1688971
0.2026459
0.2083628
0.1941161
0.1850448
0.1939186
0.2057682
0.1952652
0.1566513
0.1109784
0.0826816
0.0737541
0.0650800
0.0405877
0.0036389
-0.0320645
-0.0615722
-0.0919108
-0.1273679
-0.1591710
-0.1745921
-0.1732037
-0.1688813
-0.1764290
-0.2008214
-0.2373557
-0.2695391
-0.2564146
-0.1316230
0.1555924
0.5721975
0.9746245
1.1780520
1.0859581
0.7683950
0.4099389
0.1690389
0.0755064
0.0506363
0.0110941
-0.0549372
-0.1034536
-0.1029235
-0.0717446
-0.0520722
-0.0617869
-0.0810270
-0.0808897
-0.0552247
-0.0216567
0.0018627
0.0144280
0.0268085
0.0449674
0.0633325
0.0733022
0.0742276
0.0733005
0.0754438
0.0761939
0.0665097
0.0439443
0.0167938
-0.0039815
-0.0156164
-0.0243608
-0.0359494
-0.0484345
-0.0566683
-0.0615952
-0.0700897
-0.0837072
-0.0916530
-0.0805112
-0.0515015
-0.0231064
-0.0124240
-0.0156952
-0.0123736
0.0099952
0.0390984
0.0505506
0.0367397
0.0185069
0.0251648
0.0644048
0.1149275
0.1488024
0.1582907
0.1593338
0.1712654
0.1967323
0.2216061
0.2308283
0.2213556
0.2012755
0.1809328
0.1671191
0.1627175
0.1665446
0.1716094
0.1670834
0.1469356
0.1177436
0.0949242
0.0884025
0.0926076
0.0927670
0.0807851
0.0620188
0.0451684
0.0288255
0.0029023
-0.0358516
-0.0742346
-0.0931031
-0.0874532
-0.0725141
-0.0680496
-0.0787655
-0.0929440
-0.0993281
-0.1011671
-0.1111758
-0.1346261
-0.1611044
-0.1742314
-0.1680278
-0.1524970
-0.1439454
-0.1509668
-0.1689630
-0.1857944
-0.1914115
-0.1834464
-0.1662601
-0.1461287
-0.1268007
-0.1082126
-0.0883528
-0.0658516
-0.0408274
-0.0140436
0.0134445
0.0392721
0.0595815
0.0718365
0.0784571
0.0860809
0.0990686
0.1133651
0.1184653
0.1071453
0.0832320
0.0586571
0.0425133
0.0337812
0.0250146
0.0116633
-0.0039388
-0.0172273
-0.0273593
-0.0369572
-0.0475710
-0.0583509
-0.0695951
-0.0844201
-0.1037295
-0.1204281
-0.1231379
-0.1089992
-0.0913822
-0.0905134
-0.1139976
-0.1482368
-0.1718342
-0.1772559
-0.1764091
-0.1837763
-0.1974049
-0.2011775
-0.1861873
-0.1650126
-0.1602647
-0.1799974
-0.2092027
-0.2271535
-0.2284188
-0.2216161
-0.2099662
-0.1826051
-0.1312591
-0.0704123
-0.0297414
-0.0219852
-0.0251924
-0.0058069
0.0413283
0.0851136
0.0950709
0.0792957
0.0755092
0.1041855
0.1411344
0.1443373
0.1030909
0.0512509
0.0339704
0.0755907
0.1872514
0.3888277
0.6914776
1.0421914
1.3032389
1.3245166
1.0642620
0.6404441
0.2491903
0.0199479
-0.0574532
-0.0762228
-0.1024646
-0.1291277
-0.1241144
-0.0953958
-0.0906565
-0.1389727
-0.2122291
-0.2544406
-0.2425497
-0.2074186
-0.1949868
-0.2170596
-0.2466937
-0.2555640
-0.2440919
-0.2319954
-0.2289130
-0.2252517
-0.2114760
-0.1952997
-0.1908975
-0.1940589
-0.1787583
-0.1249101
-0.0462946
0.0160836
0.0306432
0.0027044
-0.0348029
-0.0530095
-0.0457585
-0.0217056
0.0111879
0.0478637
0.0793739
0.0948369
0.0932292
0.0864978
0.0850476
0.0839694
0.0721583
0.0554846
0.0599160
0.1009696
0.1525291
0.1596419
0.0926738
-0.0138356
