-0.0091387
-0.0349375
-0.0517752
-0.0525763
-0.0403940
-0.0293074
-0.0341203
-0.0598997
-0.0990855
-0.1351989
-0.1515584
-0.1426408
-0.1194139
-0.1012190
-0.1005892
-0.1156884
-0.1355267
-0.1496690
-0.1534736
-0.1476490
-0.1351882
-0.1187219
-0.1006379
-0.0853889
-0.0794125
-0.0858803
-0.0988906
-0.1044809
-0.0895230
-0.0521049
-0.0055707
0.0280954
0.0332557
0.0134182
-0.0107634
-0.0191790
-0.0099610
0.0002579
-0.0062690
-0.0307439
-0.0567259
-0.0659803
-0.0561109
-0.0434999
-0.0484440
-0.0757626
-0.1087104
-0.1222586
-0.1048254
-0.0703200
-0.0495158
-0.0653592
-0.1110995
-0.1520776
-0.1547242
-0.1196809
-0.0857233
-0.0931979
-0.1336779
-0.1313404
0.0180682
0.3692399
0.8644800
1.3383278
1.5985941
1.5360553
1.1888028
0.7161787
0.3018161
0.0547903
-0.0268659
-0.0186653
-0.0008438
-0.0124040
-0.0490672
-0.0871415
-0.1059672
-0.0982913
-0.0719605
-0.0450343
-0.0336710
-0.0393022
-0.0477447
-0.0435180
-0.0253909
-0.0061979
0.0025119
0.0025471
0.0035192
0.0074479
0.0043015
-0.0142371
-0.0395931
-0.0503724
-0.0335691
0.0007173
0.0280262
0.0321264
0.0172939
-0.0008109
-0.0132579
-0.0250126
-0.0454208
-0.0746274
-0.1015195
-0.1148883
-0.1149198
-0.1125205
-0.1177747
-0.1301809
-0.1405153
-0.1416051
-0.1364934
-0.1355794
-0.1456136
-0.1619187
-0.1722354
-0.1683647
-0.1530328
-0.1345804
-0.1160960
-0.0922540
-0.0581821
-0.0202194
0.0049515
0.0043488
-0.0174251
-0.0395363
-0.0421390
-0.0235065
-0.0001685
0.0100108
0.0046649
-0.0026810
0.0024551
0.0213873
0.0426210
0.0546725
0.0572568
0.0597580
0.0696955
0.0839892
0.0921941
0.0879066
0.0760638
0.0682973
0.0707162
0.0763114
0.0704095
0.0453842
0.0106404
-0.0138654
-0.0169537
-0.0098505
-0.0181364
-0.0570624
-0.1141448
-0.1580651
-0.1669244
-0.1482989
-0.1308256
-0.1358160
-0.1578551
-0.1735733
-0.1679422
-0.1497071
-0.1407915
-0.1531099
-0.1782333
-0.1989002
-0.2068417
-0.2065815
-0.2034673
-0.1932078
-0.1671788
-0.1267515
-0.0870818
-0.0632720
-0.0549551
-0.0489067
-0.0365813
-0.0232947
-0.0163829
-0.0091043
0.0145272
0.0559599
0.0900875
0.0856939
0.0392812
-0.0153672
-0.0305017
0.0301916
0.1904195
0.4673259
0.8497714
1.2571148
1.5384375
1.5512919
1.2702282
0.8211177
0.3958699
0.1203126
-0.0058483
-0.0572481
-0.0927688
-0.1216316
-0.1372961
-0.1528629
-0.1884062
-0.2364064
-0.2618182
-0.2429386
-0.2011126
-0.1798969
-0.1987111
-0.2366216
-0.2616536
-0.2656219
-0.2639489
-0.2686208
-0.2736597
-0.2693242
-0.2602695
-0.2598428
-0.2684813
-0.2678936
-0.2419395
-0.1983082
-0.1619558
-0.1466356
-0.1391170
-0.1156833
-0.0712761
-0.0267143
-0.0059259
-0.0100577
-0.0176459
-0.0089923
0.0140809
0.0344634
0.0422139
0.0457484
0.0594853
0.0841813
0.1039358
0.1029190
0.0815322
0.0535850
0.0295116
0.0067031
-0.0220664
-0.0541726
-0.0761677
-0.0786570
-0.0688378
-0.0644058
-0.0750740
-0.0933824
-0.1054545
-0.1083454
-0.1130837
-0.1302213
-0.1556478
-0.1736863
-0.1739835
-0.1631209
-0.1584658
-0.1715021
-0.1980389
-0.2236126
-0.2364769
-0.2354024
-0.2276763
-0.2221558
-0.2234957
-0.2296425
-0.2326688
-0.2234483
-0.1988570
-0.1660688
-0.1383409
-0.1239047
-0.1179047
-0.1064666
-0.0802612
-0.0439481
-0.0110407
0.0103570
0.0245080
0.0396090
0.0552115
0.0631280
0.0625524
0.0691826
0.1012391
0.1534148
0.1905770
0.1769079
0.1155174
0.0547229
0.0475672
0.1017109
0.1704013
0.1935884
0.1473551
0.0570180
-0.0259370
-0.0477902
0.0418013
0.2817313
0.6648225
1.0981537
1.4153646
1.4645844
1.2153174
0.7892545
0.3778733
0.1130757
-0.0002759
-0.0437024
-0.0912946
-0.1546491
-0.2032226
-0.2178835
-0.2147551
-0.2227428
-0.2503389
-0.2804404
-0.2933659
-0.2877852
-0.2776851
-0.2735401
-0.2708180
-0.2563970
-0.2229589
-0.1759317
-0.1284670
-0.0919127
-0.0708261
-0.0648679
-0.0733175
-0.0964021
-0.1310991
-0.1652797
-0.1786764
-0.1558596
-0.1035251
-0.0530296
-0.0367571
-0.0546035
-0.0668996
-0.0313534
0.0469749
0.1090110
0.0968079
0.0187391
-0.0495000
-0.0396243
0.0337962
0.0822054
0.0334772
-0.0909959
-0.1970686
-0.2148495
-0.1668231
-0.1357068
-0.1718697
-0.2422140
-0.2702113
-0.2168373
-0.1167918
-0.0416941
-0.0366904
-0.0901629
-0.1512859
-0.1686103
-0.1210991
-0.0309928
0.0448034
0.0471400
-0.0418702
-0.1777156
-0.2809217
-0.2966482
-0.2341666
-0.1497022
-0.0917616
-0.0637410
-0.0361299
0.0124068
0.0707635
0.1086949
0.1075321
0.0758277
0.0395223
0.0220262
0.0328214
0.0682767
0.1168178
0.1626836
0.1899148
0.1894504
0.1665419
0.1410637
0.1362437
0.1610504
0.2001273
0.2230088
0.2089258
0.1665385
0.1279523
0.1185683
0.1297003
0.1223138
0.0622597
-0.0442491
-0.1491458
-0.1987393
-0.1762960
-0.1135841
-0.0622583
-0.0514595
-0.0686912
-0.0789289
-0.0626512
-0.0368828
-0.0389132
-0.0873545
-0.1583354
-0.2022043
-0.1869061
-0.1262493
-0.0653041
-0.0389580
-0.0467135
-0.0668045
-0.0879521
-0.1190599
-0.1664937
-0.2096722
-0.2088176
-0.1403895
-0.0225860
0.0957420
0.1699817
0.1852431
0.1566107
0.1149824
0.0928075
0.1104570
0.1617721
0.2107566
0.2133452
0.1538695
0.0619521
-0.0116305
-0.0389694
-0.0342876
-0.0302303
-0.0402437
-0.0488907
-0.0367162
-0.0068074
0.0179144
0.0209474
0.0101799
0.0074674
0.0214647
0.0322452
0.0048116
-0.0774929
-0.1878520
-0.2648009
-0.2543821
-0.1517775
-0.0008264
0.1538780
0.3150976
0.5241368
0.7946123
1.0578546
1.1892211
1.1033121
0.8283509
0.4858397
0.1973593
0.0100350
-0.0986481
-0.1644301
-0.1988336
-0.1998409
-0.1771912
-0.1515188
-0.1316957
-0.1058200
-0.0602976
-0.0023707
0.0427543
0.0563005
0.0431227
0.0249176
0.0209660
0.0369425
0.0673661
0.1027086
0.1338409
0.1548631
0.1661688
0.1747517
0.1888157
0.2097313
0.2277394
0.2247512
0.1832093
0.0980724
-0.0132727
-0.1118943
-0.1553627
-0.1260014
-0.0481489
0.0237185
0.0408195
-0.0077491
-0.0917408
-0.1650004
-0.1958443
-0.1802109
-0.1346543
-0.0818678
-0.0405446
-0.0214374
-0.0262059
-0.0482083
-0.0769441
-0.1045583
-0.1282407
-0.1450709
-0.1455376
-0.1168351
-0.0575726
0.0107120
0.0527597
0.0476692
0.0102658
-0.0189707
-0.0095955
0.0325809
0.0764137
0.1009561
0.1147472
0.1368334
0.1641209
0.1684192
0.1317842
0.0794948
0.0664032
0.1231950
0.2178697
0.2770987
0.2506877
0.1561882
0.0597824
0.0136422
0.0121278
0.0076868
-0.0332509
-0.0919675
-0.1143537
-0.0657819
0.0290275
0.0990344
0.0818981
-0.0265186
-0.1688804
-0.2693205
-0.2856792
-0.2313825
-0.1562031
-0.1072660
-0.1011635
-0.1227453
-0.1438757
-0.1444742
-0.1226752
-0.0921898
-0.0725044
-0.0781981
-0.1111756
-0.1580976
-0.1948021
-0.1976415
-0.1577226
-0.0901469
-0.0298059
-0.0110325
-0.0405825
-0.0849270
-0.0898488
-0.0257666
0.0777968
0.1471931
0.1266145
0.0333503
-0.0509449
-0.0495204
0.0495017
0.2055739
0.3911576
0.6244597
0.9195751
1.2100872
1.3518679
1.2318059
0.8820221
0.4739536
0.1848397
0.0645376
0.0306078
-0.0171684
-0.0926920
-0.1342036
-0.0996119
-0.0281949
-0.0006990
-0.0506295
-0.1308668
-0.1703948
-0.1522824
-0.1242333
-0.1347407
-0.1744127
-0.1936599
-0.1741440
-0.1618500
-0.2112038
-0.3011618
-0.3331775
-0.2353791
-0.0641493
0.0256186
-0.0668550
-0.2700648
-0.3948485
-0.3170930
-0.0982604
0.0830378
0.1093534
0.0197466
-0.0657172
-0.0864203
-0.0844637
-0.1213177
-0.1871326
-0.2123227
-0.1545295
-0.0486196
0.0333397
0.0535912
0.0298852
0.0001185
-0.0125521
0.0003781
0.0441726
0.1126356
0.1733959
0.1811534
0.1169924
0.0106691
-0.0823266
-0.1246008
-0.1166838
-0.0823381
-0.0470503
-0.0309020
-0.0458764
-0.0842743
-0.1130162
-0.0978123
-0.0449967
-0.0119884
-0.0591999
-0.1837104
-0.3076751
-0.3436509
-0.2756320
-0.1737482
-0.1283920
-0.1711060
-0.2567750
-0.3131963
-0.3000168
-0.2243419
-0.1160340
-0.0024725
0.0942754
0.1522666
0.1581038
0.1232453
0.0823616
0.0655652
0.0709546
0.0697775
0.0417864
0.0022769
-0.0109665
0.0218970
0.0794997
0.1194997
0.1204370
0.1000172
0.0922374
0.1114101
0.1422761
0.1618037
0.1624333
0.1506253
0.1295040
0.0936404
0.0437667
-0.0017411
-0.0203257
-0.0113304
-0.0005418
-0.0117256
-0.0363711
-0.0412308
-0.0112753
0.0201671
-0.0042885
-0.1027909
-0.2136363
-0.2227301
-0.0418487
0.3245009
0.7720111
1.1469397
1.3160064
1.2207716
0.9012643
0.4829039
0.1231787
-0.0676985
-0.0872444
-0.0315101
-0.0122624
-0.0651494
-0.1320208
-0.1352196
-0.0685514
-0.0076199
-0.0245329
-0.0977596
-0.1208431
-0.0113954
0.1899979
0.3391373
0.3145881
0.1287296
-0.0835646
-0.1826159
-0.1328595
-0.0102379
0.0781563
0.0756949
-0.0032553
-0.1041293
-0.1699821
-0.1647085
-0.0882086
0.0168270
0.0846440
0.0747638
0.0099923
-0.0419897
-0.0358629
0.0028674
0.0049657
-0.0641648
-0.1607972
-0.2058885
-0.1701189
-0.1067383
-0.0946436
-0.1539113
-0.2258103
-0.2368080
-0.1750181
-0.0985689
-0.0726964
-0.1061765
-0.1507751
-0.1564180
-0.1205999
-0.0847057
-0.0875007
-0.1247797
-0.1519108
-0.1234111
-0.0328826
0.0796087
0.1564853
0.1633983
0.1107276
0.0423535
0.0035792
0.0128459
0.0547193
0.0945817
0.1029404
0.0741641
0.0280103
-0.0081100
-0.0230408
-0.0292943
-0.0435251
-0.0595786
-0.0483901
0.0076075
0.0828002
0.1230417
0.0990558
0.0386215
-0.0051116
-0.0152282
-0.0261440
-0.0697969
-0.1215164
-0.1233963
-0.0662922
-0.0254259
-0.0873982
-0.2399499
-0.3574019
-0.3164348
-0.1251288
0.0764569
0.1481287
0.0744326
-0.0430644
-0.1031143
-0.0985198
-0.0969028
-0.1501889
-0.2392946
-0.3019121
-0.2959825
-0.2281336
-0.1317198
-0.0334794
0.0558632
0.1307707
0.1833376
0.2077893
0.2062857
0.1865886
0.1560064
0.1204036
0.0879980
0.0700276
0.0744640
0.0983721
0.1273804
0.1444757
0.1419328
0.1268074
0.1143748
0.1132602
0.1148171
0.0987507
0.0533217
-0.0081815
-0.0540357
-0.0620699
-0.0430017
-0.0332398
-0.0607860
-0.1176311
-0.1679632
-0.1845235
-0.1747680
-0.1693182
-0.1869203
-0.2158629
-0.2317854
-0.2291563
-0.2283494
-0.2500575
-0.2880639
-0.3134102
-0.3057436
-0.2757362
-0.2532924
-0.2557640
-0.2715778
-0.2745838
-0.2497418
-0.2025302
-0.1481248
-0.0989353
-0.0637771
-0.0511534
-0.0640739
-0.0906551
-0.1066060
-0.0917179
-0.0400457
0.0526751
0.2084496
0.4576324
0.7926659
1.1285352
1.3259890
1.2791514
0.9984330
0.6117789
0.2786165
0.0904179
0.0377282
0.0539667
0.0787016
0.0842327
0.0637181
0.0169027
-0.0464960
-0.1021933
-0.1262395
-0.1191686
-0.1089699
-0.1239043
-0.1635424
-0.2013451
-0.2163398
-0.2174258
-0.2320772
-0.2716981
-0.3121415
-0.3118768
-0.2514314
-0.1569353
-0.0857908
-0.0856168
-0.1586170
-0.2581117
-0.3196307
-0.3040256
-0.2215004
-0.1199485
-0.0487310
-0.0275336
-0.0425927
-0.0667432
-0.0812302
-0.0826273
-0.0769596
-0.0723785
-0.0750537
-0.0853078
-0.0945734
-0.0898347
-0.0661081
-0.0341852
-0.0114432
-0.0035110
0.0004116
0.0099491
0.0150771
-0.0058107
-0.0558783
-0.1050636
-0.1155694
-0.0840965
-0.0512271
-0.0620160
-0.1190931
-0.1808500
-0.2061379
-0.1937203
-0.1736377
-0.1666738
-0.1639446
-0.1486885
-0.1272577
-0.1266116
-0.1613954
-0.2137534
-0.2516514
-0.2610745
-0.2509887
-0.2284858
-0.1829307
-0.1059374
-0.0228772
0.0110990
-0.0416144
-0.1579945
-0.2657734
-0.3026776
-0.2653710
-0.2018875
-0.1608244
-0.1504041
-0.1420773
-0.1050670
-0.0341294
0.0500429
0.1187303
0.1520847
0.1456643
0.1083969
0.0562268
0.0048989
-0.0342077
-0.0534632
-0.0478547
-0.0190018
0.0186889
0.0411342
0.0315262
-0.0026097
-0.0327074
-0.0347864
-0.0131763
0.0044590
-0.0008739
-0.0131290
0.0077544
0.0812580
0.1691634
0.1885250
0.0765549
-0.1420846
-0.3500567
-0.4147519
-0.2947240
-0.0832091
0.0593861
0.0339607
-0.1198910
-0.2676376
-0.3018862
-0.2272031
-0.1343769
-0.1030982
-0.1359963
-0.1804735
-0.1972601
-0.1942740
-0.1958135
-0.1918658
-0.1274581
0.0572587
0.3751772
0.7693790
1.1289952
1.3314881
1.2963569
1.0313017
0.6412286
0.2787060
0.0564810
-0.0150450
-0.0125647
-0.0203664
-0.0599069
-0.0904056
-0.0692613
-0.0034641
0.0590560
0.0802000
0.0648626
0.0445464
0.0381555
0.0369070
0.0242061
-0.0014589
-0.0300223
-0.0598109
-0.1016644
-0.1582638
-0.2068506
-0.2141192
-0.1726762
-0.1177108
-0.1003999
-0.1422365
-0.2166009
-0.2750426
-0.2894384
-0.2686577
-0.2394778
-0.2178909
-0.2000936
-0.1756328
-0.1427339
-0.1099136
-0.0870149
-0.0781210
-0.0814673
-0.0916501
-0.1000344
-0.0960741
-0.0731278
-0.0353308
0.0025140
0.0246644
0.0265636
0.0190987
0.0214525
0.0479709
0.0978482
0.1538011
0.1909001
0.1912532
0.1554790
0.1020140
0.0537023
0.0226012
0.0063632
-0.0020283
-0.0035866
0.0056211
0.0238253
0.0377741
0.0308431
-0.0027159
-0.0527356
-0.1021992
-0.1401783
-0.1664055
-0.1864508
-0.2054267
-0.2254619
-0.2452696
-0.2599381
-0.2635310
-0.2558086
-0.2466407
-0.2499271
-0.2700445
-0.2956053
-0.3098146
-0.3069477
-0.2949541
-0.2801613
-0.2539129
-0.2013137
-0.1250777
-0.0554026
-0.0294574
-0.0583028
-0.1132324
-0.1407640
-0.0863736
0.0911694
0.4077740
0.8309088
1.2604239
1.5514925
1.5903308
1.3728307
1.0139774
0.6705146
0.4404353
0.3230895
0.2607124
0.2059651
0.1504355
0.1050320
0.0729973
0.0480191
0.0277693
0.0157281
0.0078894
-0.0129632
-0.0612182
-0.1269941
-0.1769438
-0.1815709
-0.1431427
-0.0961003
-0.0791311
-0.1050238
-0.1548208
-0.1989409
-0.2239440
-0.2406586
-0.2682553
-0.3113094
-0.3522614
-0.3655175
-0.3382815
-0.2786029
-0.2066147
-0.1418637
-0.0988943
-0.0882992
-0.1125796
-0.1565862
-0.1867918
-0.1702496
-0.1024298
-0.0173840
0.0351395
0.0304898
-0.0074876
-0.0239851
0.0202631
0.1134433
0.2014487
0.2353696
0.2142389
0.1810572
0.1751940
0.1908094
0.1874199
0.1423772
0.0850194
0.0690598
0.1109135
0.1661373
0.1763534
0.1356638
0.0976133
0.1103117
0.1537249
0.1552360
0.0702959
-0.0623577
-0.1547858
-0.1565523
-0.0996630
-0.0571793
-0.0669188
-0.1034576
-0.1198424
-0.1032454
-0.0828210
-0.0896610
-0.1202741
-0.1422859
-0.1295928
-0.0865199
-0.0402400
-0.0157654
-0.0189445
-0.0373558
-0.0517085
-0.0474630
-0.0218689
0.0152102
