-0.0150474
0.0758221
0.1553227
0.1841807
0.1665467
0.1425954
0.1464958
0.1737276
0.1908357
0.1742226
0.1340134
0.0981614
0.0782582
0.0586464
0.0213779
-0.0245453
-0.0481291
-0.0340423
-0.0099092
-0.0265210
-0.1050554
-0.2057640
-0.2558235
-0.2142155
-0.1108536
-0.0203399
0.0042143
-0.0277826
-0.0661208
-0.0764621
-0.0707098
-0.0830058
-0.1241860
-0.1670365
-0.1727728
-0.1188344
0.0074407
0.2307724
0.5751878
1.0064775
1.3910304
1.5427546
1.3487686
0.8711469
0.3237054
-0.0690209
-0.2144984
-0.1815078
-0.1084181
-0.0861577
-0.1141889
-0.1431265
-0.1407277
-0.1174388
-0.1038082
-0.1168927
-0.1490231
-0.1803743
-0.1961607
-0.1936480
-0.1786391
-0.1587338
-0.1391709
-0.1226899
-0.1114770
-0.1077052
-0.1108443
-0.1148082
-0.1109157
-0.0974634
-0.0866275
-0.0972218
-0.1349433
-0.1787529
-0.1918514
-0.1529468
-0.0796920
-0.0188648
-0.0085717
-0.0464668
-0.0938206
-0.1108320
-0.0889156
-0.0512519
-0.0263446
-0.0241218
-0.0355289
-0.0482994
-0.0573308
-0.0610464
-0.0550250
-0.0353229
-0.0073285
0.0142971
0.0185220
0.0099269
0.0047478
0.0139936
0.0321211
0.0435854
0.0393048
0.0249350
0.0135907
0.0128489
0.0196884
0.0260606
0.0270927
0.0242301
0.0226751
0.0268146
0.0367462
0.0475404
0.0521730
0.0469335
0.0348143
0.0227079
0.0143942
0.0070271
-0.0042524
-0.0189373
-0.0307792
-0.0357101
-0.0377539
-0.0438585
-0.0530425
-0.0546287
-0.0406083
-0.0185073
-0.0073433
-0.0178430
-0.0384515
-0.0451413
-0.0268014
0.0014746
0.0133475
-0.0007168
-0.0227982
-0.0258068
-0.0004751
0.0374782
0.0652548
0.0744075
0.0737119
0.0745736
0.0783624
0.0790271
0.0743844
0.0704130
0.0737418
0.0828999
0.0897345
0.0890510
0.0844281
0.0832629
0.0872193
0.0895322
0.0825267
0.0669741
0.0525138
0.0479278
0.0515694
0.0531252
0.0461103
0.0380162
0.0460514
0.0811406
0.1358169
0.1884123
0.2196454
0.2257638
0.2171375
0.2064896
0.1997349
0.1963158
0.1942067
0.1918834
0.1869541
0.1766394
0.1610190
0.1435479
0.1260024
0.1039097
0.0701389
0.0244679
-0.0219616
-0.0538856
-0.0643440
-0.0600666
-0.0555610
-0.0626324
-0.0836433
-0.1106827
-0.1294440
-0.1279434
-0.1076421
-0.0868178
-0.0869271
-0.1100817
-0.1311418
-0.1156819
-0.0433691
0.0928988
0.3078212
0.6230944
1.0213482
1.3961377
1.5734476
1.4223654
0.9703978
0.4090630
-0.0318210
-0.2357703
-0.2471216
-0.1897453
-0.1526512
-0.1478847
-0.1509697
-0.1520726
-0.1608710
-0.1801157
-0.1958743
-0.1967467
-0.1901114
-0.1905761
-0.1977410
-0.1957958
-0.1762687
-0.1523612
-0.1442218
-0.1537613
-0.1618896
-0.1519068
-0.1295299
-0.1154350
-0.1210404
-0.1372386
-0.1474760
-0.1470544
-0.1459103
-0.1542551
-0.1699145
-0.1812389
-0.1798132
-0.1676404
-0.1528109
-0.1413618
-0.1346210
-0.1322243
-0.1347125
-0.1425589
-0.1540973
-0.1655025
-0.1726290
-0.1725156
-0.1636314
-0.1459857
-0.1222900
-0.0990992
-0.0849381
-0.0843469
-0.0921983
-0.0953006
-0.0827540
-0.0567522
-0.0326295
-0.0262282
-0.0397304
-0.0598862
-0.0707663
-0.0682778
-0.0618165
-0.0623640
-0.0707993
-0.0787114
-0.0789021
-0.0725853
-0.0662930
-0.0642661
-0.0655523
-0.0672281
-0.0680797
-0.0687967
-0.0704526
-0.0742342
-0.0817389
-0.0933952
-0.1059475
-0.1132535
-0.1116097
-0.1042060
-0.0986682
-0.0996386
-0.1049613
-0.1096880
-0.1121324
-0.1141944
-0.1166406
-0.1168062
-0.1120965
-0.1041966
-0.0979964
-0.0965663
-0.0985576
-0.1005668
-0.1002451
-0.0959554
-0.0852531
-0.0671072
-0.0463936
-0.0329496
-0.0327483
-0.0405459
-0.0444223
-0.0384591
-0.0283099
-0.0224827
-0.0205984
-0.0142065
0.0006174
0.0156305
0.0188270
0.0092719
-0.0005366
0.0012343
0.0123408
0.0210404
0.0234861
0.0315462
0.0594748
0.1043275
0.1441777
0.1582193
0.1475831
0.1345318
0.1409105
0.1678971
0.1965312
0.2069286
0.1964085
0.1795812
0.1720186
0.1743554
0.1718584
0.1492349
0.1064022
0.0599156
0.0276588
0.0111362
-0.0055404
-0.0365072
-0.0747211
-0.0962565
-0.0870933
-0.0624572
-0.0531347
-0.0709560
-0.0936463
-0.0902474
-0.0601362
-0.0387122
-0.0592957
-0.1129761
-0.1515259
-0.1264655
-0.0154192
0.1892289
0.4958406
0.8891851
1.2828221
1.5196116
1.4584772
1.0881736
0.5594193
0.0922856
-0.1667699
-0.2184253
-0.1663595
-0.1152259
-0.1052276
-0.1201485
-0.1325315
-0.1338971
-0.1336455
-0.1432960
-0.1646719
-0.1879232
-0.1983617
-0.1880612
-0.1629915
-0.1371518
-0.1183103
-0.1018912
-0.0816165
-0.0637796
-0.0645755
-0.0900104
-0.1223388
-0.1328528
-0.1097385
-0.0696983
-0.0399202
-0.0315808
-0.0342201
-0.0331994
-0.0261031
-0.0201761
-0.0191475
-0.0185595
-0.0136290
-0.0064057
-0.0019087
0.0007016
0.0088874
0.0273146
0.0499589
0.0642522
0.0632242
0.0520942
0.0426389
0.0423687
0.0495613
0.0570939
0.0594198
0.0564080
0.0523374
0.0520659
0.0574724
0.0663644
0.0738965
0.0749171
0.0661005
0.0477627
0.0246600
0.0042037
-0.0078083
-0.0107715
-0.0086486
-0.0051908
0.0006745
0.0141065
0.0374170
0.0630993
0.0756202
0.0635705
0.0318793
0.0006866
-0.0108121
-0.0015489
0.0101038
0.0036746
-0.0228622
-0.0494408
-0.0522014
-0.0268814
0.0060600
0.0202371
0.0071622
-0.0184938
-0.0355836
-0.0362562
-0.0293515
-0.0271004
-0.0314993
-0.0344226
-0.0291835
-0.0193781
-0.0153149
-0.0226308
-0.0353964
-0.0401522
-0.0267724
0.0022123
0.0300477
0.0345652
0.0046477
-0.0463822
-0.0841536
-0.0761353
-0.0180456
0.0593272
0.1111624
0.1112793
0.0694385
0.0199412
-0.0064938
-0.0027593
0.0167923
0.0335381
0.0395941
0.0405704
0.0481025
0.0696226
0.1021045
0.1337917
0.1529494
0.1565102
0.1507206
0.1435867
0.1372490
0.1277165
0.1108739
0.0874507
0.0620646
0.0387005
0.0184160
0.0011334
-0.0123539
-0.0217115
-0.0296092
-0.0410197
-0.0594338
-0.0844296
-0.1126009
-0.1394975
-0.1608885
-0.1742999
-0.1802739
-0.1806318
-0.1749589
-0.1616696
-0.1453438
-0.1407107
-0.1630413
-0.2107126
-0.2590694
-0.2741824
-0.2299237
-0.1064131
0.1230632
0.4810334
0.9354948
1.3559426
1.5478924
1.3751718
0.8778703
0.2704959
-0.1956314
-0.3936979
-0.3728106
-0.2734544
-0.2030030
-0.1820952
-0.1814978
-0.1813592
-0.1876147
-0.2085160
-0.2371504
-0.2617298
-0.2811050
-0.2999078
-0.3120577
-0.2998899
-0.2541454
-0.1903669
-0.1399283
-0.1240139
-0.1380611
-0.1610847
-0.1768733
-0.1842188
-0.1895141
-0.1952656
-0.1986255
-0.1980369
-0.1964606
-0.1973463
-0.2006756
-0.2049020
-0.2106522
-0.2192113
-0.2268007
-0.2230387
-0.1987240
-0.1572300
-0.1171836
-0.1003402
-0.1134864
-0.1414350
-0.1589185
-0.1508047
-0.1223076
-0.0915227
-0.0731425
-0.0681906
-0.0669731
-0.0602644
-0.0474988
-0.0350312
-0.0280546
-0.0257539
-0.0242994
-0.0227184
-0.0241016
-0.0309927
-0.0406012
-0.0455959
-0.0405743
-0.0281424
-0.0175326
-0.0156395
-0.0196973
-0.0208447
-0.0155824
-0.0114978
-0.0192093
-0.0389547
-0.0576527
-0.0610473
-0.0482541
-0.0324880
-0.0268107
-0.0311336
-0.0356747
-0.0360134
-0.0398007
-0.0555417
-0.0778454
-0.0895813
-0.0804257
-0.0600829
-0.0500538
-0.0626210
-0.0895485
-0.1112620
-0.1152771
-0.1047051
-0.0905137
-0.0789727
-0.0685083
-0.0566091
-0.0455203
-0.0394240
-0.0382017
-0.0366689
-0.0302033
-0.0199651
-0.0120520
-0.0115581
-0.0173659
-0.0229798
-0.0229972
-0.0185536
-0.0156497
-0.0184453
-0.0255108
-0.0326658
-0.0375658
-0.0401356
-0.0396540
-0.0338146
-0.0218878
-0.0079280
0.0015250
0.0050962
0.0116973
0.0349762
0.0795497
0.1324755
0.1704686
0.1777212
0.1582186
0.1319121
0.1188449
0.1247029
0.1389848
0.1463713
0.1407627
0.1291088
0.1222471
0.1232289
0.1254814
0.1216123
0.1121266
0.1040728
0.1009135
0.0950815
0.0733116
0.0314102
-0.0175724
-0.0534074
-0.0681369
-0.0729421
-0.0834977
-0.1006949
-0.1103660
-0.1034271
-0.0924524
-0.1027982
-0.1450830
-0.1983809
-0.2220284
-0.1803603
-0.0513162
0.1827755
0.5310537
0.9584101
1.3527044
1.5531477
1.4470026
1.0618170
0.5643509
0.1547244
-0.0590161
-0.1039500
-0.0808523
-0.0695098
-0.0861529
-0.1098353
-0.1262584
-0.1393797
-0.1540172
-0.1646221
-0.1652805
-0.1620348
-0.1671361
-0.1819442
-0.1917850
-0.1816429
-0.1554270
-0.1356371
-0.1419499
-0.1715700
-0.2024841
-0.2149295
-0.2073611
-0.1923537
-0.1811900
-0.1749991
-0.1687271
-0.1597202
-0.1507656
-0.1459887
-0.1459023
-0.1476506
-0.1493835
-0.1523682
-0.1579076
-0.1637422
-0.1652702
-0.1598673
-0.1488392
-0.1359377
-0.1254604
-0.1207853
-0.1219905
-0.1242774
-0.1210897
-0.1108223
-0.0997442
-0.0959849
-0.0993467
-0.0984414
-0.0812907
-0.0508410
-0.0276685
-0.0323593
-0.0630133
-0.0927105
-0.0926255
-0.0586431
-0.0152302
0.0060519
-0.0078071
-0.0433780
-0.0743398
-0.0824921
-0.0688046
-0.0479451
-0.0342587
-0.0323226
-0.0377975
-0.0442076
-0.0484826
-0.0517832
-0.0565021
-0.0631086
-0.0704797
-0.0788948
-0.0903831
-0.1044913
-0.1157739
-0.1189794
-0.1167809
-0.1189245
-0.1315092
-0.1484746
-0.1561883
-0.1473238
-0.1293804
-0.1181290
-0.1219332
-0.1332960
-0.1371014
-0.1267036
-0.1100302
-0.0998079
-0.1002333
-0.1044771
-0.1031909
-0.0933068
-0.0794090
-0.0685710
-0.0640722
-0.0632220
-0.0612132
-0.0572322
-0.0559626
-0.0621673
-0.0739024
-0.0818000
-0.0760783
-0.0557876
-0.0318339
-0.0191037
-0.0229285
-0.0329301
-0.0318603
-0.0112206
0.0223263
0.0552811
0.0802527
0.1005487
0.1236297
0.1511297
0.1753545
0.1858544
0.1795710
0.1635703
0.1472974
0.1337801
0.1200719
0.1047507
0.0913200
0.0826160
0.0738284
0.0546678
0.0210954
-0.0155999
-0.0355356
-0.0301741
-0.0146691
-0.0153162
-0.0424494
-0.0791706
-0.1000795
-0.0986088
-0.0912920
-0.0956459
-0.1097348
-0.1178220
-0.1137496
-0.1118787
-0.1306429
-0.1676802
-0.1957575
-0.1811126
-0.0972877
0.0798387
0.3719968
0.7661154
1.1715734
1.4292283
1.3992032
1.0685594
0.5798081
0.1419865
-0.1066066
-0.1695120
-0.1465776
-0.1297130
-0.1406270
-0.1515507
-0.1418680
-0.1227758
-0.1161717
-0.1269098
-0.1421961
-0.1508692
-0.1547108
-0.1607732
-0.1688140
-0.1710869
-0.1636482
-0.1531426
-0.1493105
-0.1528139
-0.1546510
-0.1480575
-0.1373730
-0.1329472
-0.1390525
-0.1490232
-0.1521714
-0.1446860
-0.1336287
-0.1295262
-0.1340483
-0.1361118
-0.1227743
-0.0944588
-0.0672745
-0.0588822
-0.0723909
-0.0939258
-0.1049210
-0.0972858
-0.0788233
-0.0653134
-0.0668807
-0.0806253
-0.0944231
-0.0962225
-0.0812413
-0.0548005
-0.0301868
-0.0196202
-0.0222157
-0.0215488
-0.0000267
0.0418755
0.0825131
0.0977676
0.0837803
0.0605256
0.0516203
0.0603580
0.0675666
0.0545940
0.0259449
0.0052448
0.0096444
0.0333533
0.0579326
0.0735116
0.0848522
0.0985739
0.1106625
0.1100150
0.0927959
0.0696066
0.0559560
0.0563005
0.0603151
0.0557319
0.0417343
0.0271788
0.0182846
0.0124654
0.0039759
-0.0083161
-0.0200367
-0.0257652
-0.0230611
-0.0134582
-0.0009241
0.0103980
0.0171939
0.0172254
0.0111733
0.0046378
0.0050261
0.0137168
0.0228414
0.0228442
0.0135133
0.0058955
0.0123164
0.0338344
0.0568929
0.0636476
0.0483880
0.0242262
0.0112992
0.0177762
0.0345139
0.0481135
0.0549104
0.0593980
0.0620439
0.0544521
0.0296928
-0.0035580
-0.0211970
-0.0027477
0.0483735
0.1070222
0.1514193
0.1830195
0.2172840
0.2576496
0.2865260
0.2848986
0.2556972
0.2221310
0.2030405
0.1940607
0.1762433
0.1419859
0.1069899
0.0922422
0.0971617
0.0984736
0.0778606
0.0436211
0.0189403
0.0130532
0.0124088
0.0005728
-0.0215069
-0.0409837
-0.0549587
-0.0770637
-0.1164424
-0.1554139
-0.1606716
-0.1229986
-0.0775735
-0.0722817
-0.1152445
-0.1626485
-0.1587000
-0.0745999
0.0978531
0.3716985
0.7500465
1.1685172
1.4697626
1.4775124
1.1344116
0.5775039
0.0607533
-0.2224314
-0.2603700
-0.1861803
-0.1369486
-0.1510819
-0.1822662
-0.1824941
-0.1562198
-0.1430904
-0.1667851
-0.2105277
-0.2390694
-0.2356457
-0.2132406
-0.1947564
-0.1904194
-0.1952547
-0.2005801
-0.2019729
-0.1990743
-0.1935404
-0.1880997
-0.1851611
-0.1852103
-0.1862960
-0.1846157
-0.1769851
-0.1651744
-0.1568185
-0.1583446
-0.1667273
-0.1716985
-0.1668551
-0.1555960
-0.1455314
-0.1401550
-0.1370712
-0.1320409
-0.1239469
-0.1172940
-0.1192266
-0.1315318
-0.1457742
-0.1490065
-0.1352963
-0.1115137
-0.0931815
-0.0945695
-0.1179787
-0.1481873
-0.1597307
-0.1357009
-0.0823276
-0.0252115
0.0085942
0.0071911
-0.0208427
-0.0537745
-0.0727378
-0.0752506
-0.0732126
-0.0773126
-0.0862704
-0.0923135
-0.0925901
-0.0912508
-0.0923870
-0.0946378
-0.0931232
-0.0857394
-0.0772003
-0.0751852
-0.0809902
-0.0868154
-0.0859170
-0.0823354
-0.0843022
-0.0896185
-0.0860765
-0.0690828
-0.0522526
-0.0548452
-0.0801693
-0.1101341
-0.1224252
-0.1124916
-0.0965203
-0.0906086
-0.0902828
-0.0786591
-0.0556514
-0.0470104
-0.0739571
-0.1197706
-0.1403307
-0.1112549
-0.0568870
-0.0271141
-0.0472009
-0.0933527
-0.1178167
-0.0960475
-0.0462824
-0.0031133
0.0204121
0.0368614
0.0565422
0.0705111
0.0657142
0.0455873
0.0262004
0.0165774
0.0108343
-0.0007879
-0.0177169
-0.0266623
-0.0126244
0.0271234
0.0803819
0.1313989
0.1712769
0.1954047
0.1982327
0.1796980
0.1538658
0.1408099
0.1475804
0.1626590
0.1698325
0.1629190
0.1471731
0.1310036
0.1170890
0.0998924
0.0735791
0.0426411
0.0186328
0.0035092
-0.0159233
-0.0501359
-0.0893310
-0.1123364
-0.1109937
-0.0991398
-0.0973249
-0.1114914
-0.1264985
-0.1220218
-0.0985919
-0.0844258
-0.1068730
-0.1568191
-0.1906208
-0.1662701
-0.0640790
0.1285905
0.4275897
0.8199689
1.2188358
1.4699622
1.4331217
1.0867618
0.5668815
0.0900855
-0.1885563
-0.2608225
-0.2232370
-0.1685976
-0.1268954
-0.0893514
-0.0530405
-0.0301229
-0.0302483
-0.0482776
-0.0684394
-0.0784322
-0.0802733
-0.0841724
-0.0913530
-0.0920705
-0.0837237
-0.0777427
-0.0808368
-0.0830272
-0.0750904
-0.0651889
-0.0656141
-0.0738710
-0.0792808
-0.0789510
-0.0766211
-0.0748700
-0.0765412
-0.0834895
-0.0884667
-0.0815201
-0.0683295
-0.0654206
-0.0735997
-0.0761053
-0.0668989
-0.0579756
-0.0546197
-0.0492891
-0.0447226
-0.0541979
-0.0724797
-0.0763898
-0.0601485
-0.0392827
-0.0180511
0.0086676
0.0212746
-0.0065066
-0.0496410
-0.0511554
-0.0153220
-0.0160872
-0.0833497
