-0.0577441
-0.0611000
-0.0650760
-0.0646376
-0.0602249
-0.0578583
-0.0632972
-0.0757069
-0.0873705
-0.0902073
-0.0827644
-0.0706453
-0.0602930
-0.0531816
-0.0465706
-0.0389874
-0.0330681
-0.0320860
-0.0348497
-0.0361094
-0.0327373
-0.0281467
-0.0288685
-0.0368327
-0.0468280
-0.0527042
-0.0548831
-0.0596670
-0.0709243
-0.0844131
-0.0917954
-0.0893887
-0.0813013
-0.0742191
-0.0712063
-0.0715131
-0.0743608
-0.0800858
-0.0876435
-0.0939475
-0.0974391
-0.1002864
-0.1042703
-0.1058615
-0.1003465
-0.0929873
-0.1014680
-0.1402960
-0.2007961
-0.2500335
-0.2516793
-0.1849866
-0.0412255
0.1904698
0.5164887
0.9050978
1.2632827
1.4667840
1.4355038
1.1922714
0.8493789
0.5330143
0.3115225
0.1816953
0.1066080
0.0568752
0.0214834
-0.0042234
-0.0273723
-0.0535374
-0.0813944
-0.1065828
-0.1292934
-0.1540764
-0.1818319
-0.2055015
-0.2164023
-0.2140626
-0.2077185
-0.2076880
-0.2162523
-0.2272932
-0.2340438
-0.2364527
-0.2406916
-0.2511411
-0.2629039
-0.2635798
-0.2445320
-0.2111233
-0.1802407
-0.1655244
-0.1645563
-0.1619510
-0.1460779
-0.1217495
-0.1046828
-0.1037214
-0.1111373
-0.1120648
-0.1013634
-0.0876634
-0.0807555
-0.0790391
-0.0726182
-0.0572831
-0.0413631
-0.0370038
-0.0464948
-0.0595334
-0.0639131
-0.0571233
-0.0467086
-0.0407363
-0.0397024
-0.0374027
-0.0278035
-0.0106304
0.0078041
0.0179137
0.0128534
-0.0055616
-0.0262844
-0.0366280
-0.0325172
-0.0212959
-0.0138149
-0.0140937
-0.0173634
-0.0174653
-0.0139678
-0.0105462
-0.0076821
-0.0003277
0.0152740
0.0342323
0.0457876
0.0442856
0.0352589
0.0289898
0.0291903
0.0299653
0.0238195
0.0108846
-0.0007113
-0.0028599
0.0051615
0.0171462
0.0265593
0.0318413
0.0357906
0.0412424
0.0479264
0.0525326
0.0510976
0.0423935
0.0302935
0.0219204
0.0212069
0.0237395
0.0198388
0.0044408
-0.0165227
-0.0311339
-0.0334775
-0.0297413
-0.0311302
-0.0408160
-0.0497826
-0.0472339
-0.0341052
-0.0234480
-0.0264183
-0.0399835
-0.0506127
-0.0492960
-0.0405627
-0.0361456
-0.0415187
-0.0502753
-0.0514192
-0.0406132
-0.0234569
-0.0089106
-0.0016386
-0.0010434
-0.0049996
-0.0115884
-0.0178053
-0.0199936
-0.0174391
-0.0141890
-0.0155526
-0.0230892
-0.0341468
-0.0459720
-0.0585946
-0.0727278
-0.0859504
-0.0933411
-0.0931261
-0.0901946
-0.0914176
-0.0973225
-0.1011355
-0.0977915
-0.0919302
-0.0941282
-0.1094065
-0.1316201
-0.1493241
-0.1549516
-0.1474677
-0.1288560
-0.1017535
-0.0710546
-0.0443718
-0.0270761
-0.0168870
-0.0070448
0.0028325
0.0017114
-0.0225035
-0.0666044
-0.1081884
-0.1178020
-0.0713528
0.0494217
0.2591542
0.5567018
0.9017610
1.2072618
1.3697362
1.3257084
1.0926223
0.7602819
0.4387123
0.2024890
0.0682602
0.0096748
-0.0125894
-0.0282252
-0.0496645
-0.0758969
-0.1012365
-0.1225678
-0.1407669
-0.1571966
-0.1702535
-0.1756964
-0.1701609
-0.1545780
-0.1345312
-0.1170353
-0.1063704
-0.1025407
-0.1030485
-0.1054599
-0.1086847
-0.1130504
-0.1193888
-0.1271567
-0.1335769
-0.1361957
-0.1367390
-0.1406430
-0.1511728
-0.1646498
-0.1730033
-0.1714291
-0.1630566
-0.1558080
-0.1547134
-0.1575405
-0.1582338
-0.1540739
-0.1478814
-0.1427173
-0.1366815
-0.1255547
-0.1100097
-0.0972200
-0.0937661
-0.0979325
-0.1002529
-0.0918434
-0.0722510
-0.0494808
-0.0324235
-0.0231284
-0.0164031
-0.0063568
0.0076881
0.0214602
0.0300530
0.0312572
0.0263282
0.0190993
0.0135793
0.0107479
0.0075198
-0.0003021
-0.0136934
-0.0289071
-0.0399732
-0.0429746
-0.0388521
-0.0324298
-0.0283702
-0.0282136
-0.0315255
-0.0384020
-0.0485889
-0.0583500
-0.0610501
-0.0527853
-0.0367470
-0.0207308
-0.0101481
-0.0035889
0.0050899
0.0204722
0.0410844
0.0607981
0.0741269
0.0795739
0.0787352
0.0745181
0.0707494
0.0704319
0.0715379
0.0661290
0.0475450
0.0194091
-0.0051552
-0.0155927
-0.0149403
-0.0172303
-0.0328360
-0.0566907
-0.0725802
-0.0701321
-0.0562488
-0.0476023
-0.0523223
-0.0618821
-0.0618242
-0.0479095
-0.0297449
-0.0198658
-0.0212910
-0.0255934
-0.0219129
-0.0077466
0.0084248
0.0148703
0.0071401
-0.0085194
-0.0213994
-0.0259303
-0.0262324
-0.0315334
-0.0457525
-0.0614150
-0.0666868
-0.0602967
-0.0560948
-0.0678081
-0.0901174
-0.1014138
-0.0892597
-0.0693385
-0.0722234
-0.1089760
-0.1535008
-0.1625835
-0.1105737
0.0026328
0.1772267
0.4311759
0.7715240
1.1423671
1.4183155
1.4753713
1.2848769
0.9411155
0.5938751
0.3478520
0.2150300
0.1462084
0.0938845
0.0445125
0.0054484
-0.0203624
-0.0400106
-0.0597412
-0.0793089
-0.0975804
-0.1166258
-0.1373236
-0.1554080
-0.1659970
-0.1704514
-0.1753292
-0.1843598
-0.1936456
-0.1960212
-0.1894999
-0.1799729
-0.1748143
-0.1749593
-0.1753424
-0.1729411
-0.1713009
-0.1752646
-0.1833231
-0.1878468
-0.1822871
-0.1663435
-0.1448646
-0.1240232
-0.1087130
-0.1013549
-0.1010315
-0.1031485
-0.1010911
-0.0908679
-0.0759407
-0.0657054
-0.0658661
-0.0706472
-0.0685359
-0.0571542
-0.0485948
-0.0562305
-0.0774776
-0.0935754
-0.0881486
-0.0645898
-0.0429441
-0.0389038
-0.0474081
-0.0492500
-0.0333834
-0.0089512
0.0065055
0.0067804
0.0003873
-0.0037528
-0.0074639
-0.0175801
-0.0330700
-0.0428935
-0.0378161
-0.0221688
-0.0110754
-0.0147732
-0.0272189
-0.0329238
-0.0250411
-0.0135287
-0.0138855
-0.0303526
-0.0525607
-0.0669940
-0.0688938
-0.0633893
-0.0577747
-0.0542393
-0.0498718
-0.0427383
-0.0363015
-0.0365498
-0.0455692
-0.0595332
-0.0721788
-0.0780865
-0.0736279
-0.0587795
-0.0393741
-0.0243453
-0.0179285
-0.0156921
-0.0106251
-0.0032582
-0.0038124
-0.0219232
-0.0525961
-0.0727861
-0.0537453
0.0234151
0.1664798
0.3831108
0.6800616
1.0370623
1.3795498
1.5916655
1.5782620
1.3327982
0.9526183
0.5825542
0.3272355
0.1991032
0.1381836
0.0779742
-0.0031641
-0.0825074
-0.1303149
-0.1416864
-0.1371335
-0.1394568
-0.1527925
-0.1634429
-0.1597660
-0.1484418
-0.1476621
-0.1646204
-0.1849490
-0.1884374
-0.1731351
-0.1587418
-0.1639008
-0.1827632
-0.1890338
-0.1660650
-0.1298553
-0.1152673
-0.1369022
-0.1696531
-0.1749274
-0.1444372
-0.1106908
-0.1117843
-0.1503922
-0.1910389
-0.1958675
-0.1601315
-0.1132282
-0.0882380
-0.0927410
-0.1080620
-0.1120371
-0.0983058
-0.0756426
-0.0557265
-0.0448754
-0.0429042
-0.0440681
-0.0394216
-0.0225845
0.0045086
0.0318753
0.0481071
0.0480246
0.0358756
0.0214494
0.0114591
0.0041280
-0.0069305
-0.0243307
-0.0444995
-0.0627220
-0.0769487
-0.0857343
-0.0858937
-0.0751751
-0.0566820
-0.0388116
-0.0295347
-0.0294570
-0.0303224
-0.0226386
-0.0066869
0.0057901
0.0034624
-0.0120425
-0.0278911
-0.0333517
-0.0286247
-0.0210742
-0.0161372
-0.0134181
-0.0101952
-0.0066882
-0.0062844
-0.0100698
-0.0135227
-0.0123246
-0.0108630
-0.0195289
-0.0408056
-0.0621296
-0.0672688
-0.0536374
-0.0344962
-0.0236744
-0.0209192
-0.0141878
0.0040516
0.0249396
0.0305043
0.0137526
-0.0116811
-0.0254358
-0.0221291
-0.0145822
-0.0158119
-0.0233599
-0.0241988
-0.0117702
0.0058922
0.0151593
0.0117306
0.0043752
0.0025324
0.0021872
-0.0105285
-0.0391167
-0.0651953
-0.0643897
-0.0344638
-0.0027299
-0.0022463
-0.0410178
-0.0950790
-0.1311091
-0.1355407
-0.1220591
-0.1122438
-0.1126166
-0.1135570
-0.1070951
-0.0976663
-0.0932519
-0.0931474
-0.0906669
-0.0844571
-0.0798110
-0.0778527
-0.0691279
-0.0431233
-0.0045644
0.0235986
0.0185908
-0.0188253
-0.0623443
-0.0844530
-0.0808974
-0.0685154
-0.0627622
-0.0637928
-0.0634478
-0.0578212
-0.0494863
-0.0425979
-0.0409033
-0.0483740
-0.0660641
-0.0862865
-0.0937030
-0.0788468
-0.0539452
-0.0504634
-0.0915487
-0.1635639
-0.2201998
-0.2179881
-0.1423615
0.0046930
0.2312435
0.5494193
0.9321202
1.2831913
1.4704968
1.4100480
1.1315718
0.7631983
0.4439999
0.2401680
0.1330648
0.0722357
0.0278691
-0.0032766
-0.0223585
-0.0412069
-0.0703622
-0.1044294
-0.1264122
-0.1268322
-0.1154340
-0.1113075
-0.1222907
-0.1383596
-0.1469636
-0.1497304
-0.1585001
-0.1774752
-0.1964789
-0.2033829
-0.1985447
-0.1943285
-0.2021246
-0.2210727
-0.2387334
-0.2427120
-0.2320449
-0.2165079
-0.2050846
-0.1977055
-0.1888674
-0.1757240
-0.1604180
-0.1473759
-0.1406673
-0.1411461
-0.1433211
-0.1375377
-0.1188943
-0.0934445
-0.0734208
-0.0662940
-0.0685440
-0.0686891
-0.0566718
-0.0329066
-0.0087617
0.0037984
0.0030224
-0.0037121
-0.0096217
-0.0127011
-0.0110975
-0.0007078
0.0192539
0.0411202
0.0525148
0.0458752
0.0248052
0.0016838
-0.0123195
-0.0161280
-0.0164184
-0.0165047
-0.0122719
-0.0021199
0.0044641
-0.0042994
-0.0258550
-0.0420403
-0.0371089
-0.0145183
0.0060566
0.0079671
-0.0064275
-0.0191623
-0.0164167
-0.0031524
0.0045303
-0.0004505
-0.0091845
-0.0099300
-0.0015259
0.0091074
0.0169037
0.0209674
0.0202708
0.0127417
-0.0009516
-0.0156028
-0.0250223
-0.0278069
-0.0292223
-0.0351329
-0.0429210
-0.0419796
-0.0267961
-0.0062960
0.0054886
0.0065620
0.0085365
0.0207102
0.0384422
0.0499084
0.0507995
0.0489357
0.0542395
0.0651331
0.0669138
0.0470099
0.0120251
-0.0154090
-0.0199612
-0.0102850
-0.0088454
-0.0277291
-0.0579213
-0.0802694
-0.0837054
-0.0743014
-0.0692640
-0.0810712
-0.1059018
-0.1285515
-0.1382799
-0.1366677
-0.1301605
-0.1203857
-0.1049261
-0.0844826
-0.0657074
-0.0566395
-0.0587100
-0.0620971
-0.0519053
-0.0237618
0.0077125
0.0214001
0.0115177
-0.0069329
-0.0149283
-0.0079133
0.0027979
0.0033511
-0.0092147
-0.0250157
-0.0323178
-0.0304044
-0.0288474
-0.0332129
-0.0368085
-0.0311272
-0.0206033
-0.0205255
-0.0404179
-0.0731402
-0.1001863
-0.1060422
-0.0897680
-0.0658803
-0.0531895
-0.0606020
-0.0830301
-0.1085300
-0.1255824
-0.1261117
-0.1104234
-0.0920672
-0.0896074
-0.1060587
-0.1193428
-0.1005990
-0.0453678
0.0141260
0.0309059
-0.0161959
-0.0983398
-0.1541820
-0.1354657
-0.0343063
0.1348685
0.3681888
0.6687767
1.0054837
1.2892465
1.4101225
1.3118723
1.0380123
0.7060807
0.4297457
0.2539716
0.1542003
0.0869193
0.0322458
-0.0081018
-0.0351542
-0.0596064
-0.0882290
-0.1158369
-0.1341950
-0.1436703
-0.1531834
-0.1698355
-0.1893650
-0.1979602
-0.1859902
-0.1594884
-0.1345872
-0.1212346
-0.1171358
-0.1169118
-0.1198446
-0.1263467
-0.1332358
-0.1365606
-0.1355861
-0.1316226
-0.1261170
-0.1214667
-0.1207745
-0.1256802
-0.1361531
-0.1510449
-0.1658607
-0.1725323
-0.1665375
-0.1531107
-0.1416683
-0.1350072
-0.1281421
-0.1163228
-0.0999576
-0.0832050
-0.0717396
-0.0700344
-0.0767482
-0.0843215
-0.0862769
-0.0828545
-0.0772177
-0.0698264
-0.0596087
-0.0466279
-0.0299236
-0.0065996
0.0228373
0.0511576
0.0699538
0.0765666
0.0739978
0.0669713
0.0591349
0.0508022
0.0391904
0.0245320
0.0142537
0.0143903
0.0172822
0.0063405
-0.0239194
-0.0587469
-0.0775621
-0.0740525
-0.0604761
-0.0551013
-0.0655391
-0.0813448
-0.0837349
-0.0654072
-0.0387114
-0.0213181
-0.0177922
-0.0200541
-0.0215517
-0.0235569
-0.0289295
-0.0356981
-0.0368224
-0.0239675
0.0051759
0.0402553
0.0637378
0.0680193
0.0636291
0.0660823
0.0778364
0.0868681
0.0796061
0.0524266
0.0148234
-0.0154858
-0.0250449
-0.0164826
-0.0060703
-0.0083328
-0.0251617
-0.0479743
-0.0648034
-0.0668091
-0.0557113
-0.0452130
-0.0475499
-0.0577089
-0.0582143
-0.0408337
-0.0168483
-0.0043270
-0.0107905
-0.0290535
-0.0446921
-0.0470771
-0.0379406
-0.0297755
-0.0329620
-0.0456212
-0.0578592
-0.0619887
-0.0561994
-0.0446632
-0.0385711
-0.0494678
-0.0737772
-0.0895903
-0.0779499
-0.0453752
-0.0189843
-0.0207479
-0.0498150
-0.0862001
-0.1076609
-0.1064723
-0.0936498
-0.0853844
-0.0860100
-0.0887122
-0.0901265
-0.0943018
-0.1015868
-0.1045654
-0.0991217
-0.0907027
-0.0845820
-0.0767160
-0.0597545
-0.0350103
-0.0156420
-0.0184279
-0.0490116
-0.0908958
-0.1125175
-0.0896953
-0.0150810
0.1198161
0.3379464
0.6494088
1.0061486
1.2991444
1.4169052
1.3179592
1.0575065
0.7493479
0.4930258
0.3219377
0.2112508
0.1275023
0.0616755
0.0180068
-0.0093182
-0.0349210
-0.0659501
-0.0983286
-0.1257102
-0.1453863
-0.1592476
-0.1738552
-0.1953531
-0.2209436
-0.2400644
-0.2458981
-0.2406064
-0.2294802
-0.2172047
-0.2090994
-0.2067325
-0.2021033
-0.1856923
-0.1608224
-0.1408149
-0.1317946
-0.1277925
-0.1230231
-0.1193755
-0.1205276
-0.1261202
-0.1319213
-0.1304466
-0.1149706
-0.0898352
-0.0720296
-0.0738772
-0.0876233
-0.0943623
-0.0837102
-0.0585609
-0.0278628
-0.0033484
0.0033534
-0.0096756
-0.0313673
-0.0498666
-0.0628560
-0.0719669
-0.0754995
-0.0722491
-0.0643526
-0.0512391
-0.0292136
-0.0015027
0.0202855
0.0290181
0.0280501
0.0223566
0.0137797
0.0068542
0.0076866
0.0137030
0.0147013
0.0067571
-0.0037057
-0.0100671
-0.0108123
-0.0064349
-0.0009897
-0.0036972
-0.0178376
-0.0316606
-0.0326345
-0.0274627
-0.0352914
-0.0631068
-0.0983603
-0.1226315
-0.1236204
-0.0999905
-0.0652506
-0.0412840
-0.0379440
-0.0440312
-0.0449570
-0.0402361
-0.0362442
-0.0331579
-0.0286817
-0.0244381
-0.0199318
-0.0105768
0.0007780
0.0019907
-0.0110806
-0.0266113
-0.0325591
-0.0294100
-0.0230954
-0.0177355
-0.0187074
-0.0293020
-0.0412572
-0.0419637
-0.0326837
-0.0262934
-0.0278217
-0.0321272
-0.0384006
-0.0496962
-0.0600992
-0.0604134
-0.0552227
-0.0568688
-0.0640326
-0.0629582
-0.0483891
-0.0288003
-0.0138511
-0.0087269
-0.0146820
-0.0239490
-0.0232065
-0.0122990
-0.0065784
-0.0109901
-0.0109724
-0.0032201
-0.0133485
-0.0612140
-0.1253216
-0.1637684
-0.1577761
-0.1133586
-0.0276544
0.1280276
0.3873560
0.7437193
1.1106422
1.3398863
1.3200132
1.0741344
0.7411619
0.4554818
0.2632351
0.1448268
0.0721004
0.0267241
-0.0043179
-0.0274621
-0.0466633
-0.0702338
-0.0987085
-0.1140928
-0.1038803
-0.0858842
-0.0836865
-0.0904354
-0.0863359
-0.0773415
-0.0831673
-0.1004265
-0.1116104
-0.1178247
-0.1304329
-0.1444564
-0.1503791
-0.1555203
-0.1662543
-0.1706870
-0.1652622
-0.1713561
-0.1983592
-0.2212451
-0.2217454
-0.2168350
-0.2198898
-0.2133901
-0.1875462
-0.1633908
-0.1513083
-0.1325853
-0.1052575
-0.0959331
-0.1040162
-0.0925310
-0.0557935
-0.0328810
-0.0349034
-0.0286059
-0.0079126
-0.0035186
-0.0086302
0.0163665
0.0551766
0.0518351
0.0227081
0.0368142
0.0792863
0.0704769
0.0275071
0.0432167
0.0891855
0.0407469
-0.0559167
0.0235873
0.3153013
