-0.0335468
-0.0417380
-0.0512968
-0.0557180
-0.0510262
-0.0402190
-0.0310631
-0.0294209
-0.0343821
-0.0395347
-0.0389019
-0.0319310
-0.0231472
-0.0172508
-0.0145423
-0.0108497
-0.0016177
0.0139129
0.0320404
0.0474078
0.0563726
0.0584150
0.0554238
0.0501942
0.0451089
0.0412130
0.0379798
0.0342769
0.0301231
0.0274541
0.0284782
0.0327670
0.0362426
0.0338095
0.0235145
0.0081657
-0.0071876
-0.0192511
-0.0280495
-0.0351335
-0.0410345
-0.0447656
-0.0453813
-0.0434123
-0.0405746
-0.0381901
-0.0358655
-0.0315586
-0.0231814
-0.0108757
0.0018745
0.0100897
0.0115859
0.0099256
0.0120675
0.0216155
0.0341342
0.0402589
0.0344608
0.0205194
0.0075108
0.0004055
-0.0043448
-0.0133558
-0.0274839
-0.0400273
-0.0440456
-0.0401829
-0.0360266
-0.0381735
-0.0463616
-0.0557441
-0.0634009
-0.0709160
-0.0807329
-0.0918210
-0.1002585
-0.1035277
-0.1028513
-0.1010757
-0.0995383
-0.0981088
-0.0976302
-0.1003896
-0.1070668
-0.1140840
-0.1157903
-0.1100456
-0.1006669
-0.0929332
-0.0866821
-0.0755993
-0.0550016
-0.0298419
-0.0125556
-0.0111572
-0.0204020
-0.0272277
-0.0255981
-0.0235350
-0.0330008
-0.0540170
-0.0727099
-0.0766353
-0.0686461
-0.0614604
-0.0599643
-0.0556941
-0.0431092
-0.0369149
-0.0640027
-0.1335256
-0.2176810
-0.2651475
-0.2307395
-0.0889385
0.1726792
0.5511156
1.0003954
1.4100588
1.6377942
1.5944757
1.3131190
0.9321146
0.6003393
0.3870229
0.2700487
0.1947379
0.1323352
0.0862170
0.0608197
0.0426058
0.0136659
-0.0267538
-0.0630232
-0.0835094
-0.0936205
-0.1071282
-0.1293918
-0.1531892
-0.1693166
-0.1767990
-0.1815295
-0.1880259
-0.1953968
-0.2005562
-0.2026507
-0.2034668
-0.2050435
-0.2080828
-0.2118197
-0.2139794
-0.2110531
-0.2003438
-0.1829544
-0.1643009
-0.1504275
-0.1431710
-0.1391064
-0.1334256
-0.1246547
-0.1154155
-0.1088682
-0.1048669
-0.0996757
-0.0892399
-0.0728037
-0.0537240
-0.0368202
-0.0243505
-0.0140043
-0.0010753
0.0165883
0.0354582
0.0487421
0.0527695
0.0510949
0.0516130
0.0590726
0.0705829
0.0788685
0.0797713
0.0759720
0.0733030
0.0742327
0.0756882
0.0728744
0.0642091
0.0523221
0.0412252
0.0333636
0.0288591
0.0261695
0.0228525
0.0166100
0.0069459
-0.0039004
-0.0125003
-0.0174582
-0.0208643
-0.0258003
-0.0321835
-0.0356190
-0.0309797
-0.0173692
0.0002510
0.0139677
0.0175167
0.0092233
-0.0078515
-0.0278946
-0.0454095
-0.0580353
-0.0672460
-0.0759141
-0.0845015
-0.0897200
-0.0876730
-0.0786820
-0.0684261
-0.0633929
-0.0649092
-0.0680689
-0.0668814
-0.0602913
-0.0528509
-0.0496324
-0.0509073
-0.0519762
-0.0479846
-0.0387023
-0.0287186
-0.0232487
-0.0237945
-0.0275784
-0.0308280
-0.0325463
-0.0353195
-0.0425926
-0.0549384
-0.0686391
-0.0778937
-0.0788603
-0.0721903
-0.0620794
-0.0528635
-0.0460719
-0.0401585
-0.0327809
-0.0234993
-0.0145339
-0.0089287
-0.0078802
-0.0098688
-0.0123856
-0.0142321
-0.0158748
-0.0179172
-0.0201706
-0.0227654
-0.0274562
-0.0363430
-0.0485904
-0.0593689
-0.0637122
-0.0619725
-0.0603569
-0.0647656
-0.0741739
-0.0812287
-0.0799221
-0.0719852
-0.0649097
-0.0638957
-0.0666453
-0.0664575
-0.0599546
-0.0511408
-0.0477559
-0.0538503
-0.0659618
-0.0763707
-0.0800678
-0.0788588
-0.0790284
-0.0850750
-0.0955512
-0.1047774
-0.1082609
-0.1060101
-0.1006520
-0.0934889
-0.0839361
-0.0729598
-0.0651450
-0.0650916
-0.0714058
-0.0760011
-0.0711595
-0.0574359
-0.0435012
-0.0375772
-0.0396215
-0.0427003
-0.0416227
-0.0388057
-0.0408014
-0.0497699
-0.0598288
-0.0625059
-0.0554198
-0.0450513
-0.0408935
-0.0469222
-0.0585857
-0.0678816
-0.0713492
-0.0730944
-0.0798339
-0.0930340
-0.1065476
-0.1126113
-0.1097814
-0.1037011
-0.0996775
-0.0963304
-0.0889989
-0.0789751
-0.0751565
-0.0827539
-0.0921169
-0.0853627
-0.0585628
-0.0343617
-0.0453001
-0.1008967
-0.1734620
-0.2184398
-0.2047082
-0.1191943
0.0540809
0.3411441
0.7435831
1.1910545
1.5431085
1.6636777
1.5142572
1.1821494
0.8165135
0.5301274
0.3496297
0.2408048
0.1644348
0.1052663
0.0619797
0.0288320
-0.0043951
-0.0403944
-0.0717432
-0.0921895
-0.1056983
-0.1210817
-0.1402617
-0.1560452
-0.1616736
-0.1592873
-0.1572239
-0.1607998
-0.1679183
-0.1729689
-0.1725845
-0.1671132
-0.1587893
-0.1505347
-0.1455911
-0.1455119
-0.1473490
-0.1446673
-0.1338010
-0.1192296
-0.1106642
-0.1132197
-0.1210810
-0.1225579
-0.1120583
-0.0963528
-0.0881665
-0.0934799
-0.1053675
-0.1102053
-0.0995732
-0.0763144
-0.0501806
-0.0289543
-0.0139013
-0.0021992
0.0082233
0.0167415
0.0217168
0.0229916
0.0228554
0.0252499
0.0339213
0.0502413
0.0717986
0.0931038
0.1085021
0.1152436
0.1141603
0.1077099
0.0978272
0.0857100
0.0727197
0.0601756
0.0480820
0.0352988
0.0220641
0.0118033
0.0088186
0.0133447
0.0196521
0.0204168
0.0135571
0.0042583
-0.0005546
0.0000633
-0.0005659
-0.0099288
-0.0276145
-0.0438310
-0.0473570
-0.0356709
-0.0176679
-0.0064449
-0.0089166
-0.0214792
-0.0346828
-0.0415070
-0.0415819
-0.0390394
-0.0380568
-0.0406937
-0.0471337
-0.0557293
-0.0625587
-0.0629910
-0.0557821
-0.0456832
-0.0403735
-0.0434606
-0.0506087
-0.0534602
-0.0477166
-0.0369033
-0.0279586
-0.0238618
-0.0214287
-0.0158431
-0.0057990
0.0063122
0.0176077
0.0260990
0.0292900
0.0241570
0.0106723
-0.0054410
-0.0160768
-0.0181836
-0.0166204
-0.0179223
-0.0217583
-0.0209345
-0.0108544
0.0030330
0.0096465
0.0036935
-0.0096947
-0.0220051
-0.0300393
-0.0355355
-0.0389157
-0.0385042
-0.0366738
-0.0411163
-0.0544845
-0.0649737
-0.0557503
-0.0287839
-0.0142338
-0.0461718
-0.1247991
-0.2067574
-0.2363200
-0.1822048
-0.0390402
0.1990687
0.5437727
0.9721946
1.3846603
1.6284420
1.5935359
1.3006454
0.8934331
0.5356801
0.3064352
0.1821615
0.1020202
0.0355637
-0.0101532
-0.0284530
-0.0366880
-0.0589845
-0.0976183
-0.1320160
-0.1443416
-0.1381450
-0.1299617
-0.1291306
-0.1315990
-0.1308394
-0.1276096
-0.1267401
-0.1293133
-0.1327901
-0.1370065
-0.1447438
-0.1552325
-0.1614057
-0.1571558
-0.1456614
-0.1367359
-0.1355112
-0.1367776
-0.1321972
-0.1210083
-0.1109186
-0.1090740
-0.1150144
-0.1230935
-0.1287981
-0.1301998
-0.1252012
-0.1118197
-0.0924813
-0.0746175
-0.0634515
-0.0548090
-0.0383440
-0.0092388
0.0250294
0.0512381
0.0630672
0.0659058
0.0696995
0.0791239
0.0914759
0.1020749
0.1089641
0.1121148
0.1105590
0.1025554
0.0882601
0.0705433
0.0526525
0.0360042
0.0207588
0.0076064
-0.0021831
-0.0084419
-0.0129273
-0.0179453
-0.0244054
-0.0316246
-0.0388817
-0.0464588
-0.0546094
-0.0618677
-0.0655142
-0.0645450
-0.0618364
-0.0622454
-0.0677875
-0.0748146
-0.0766125
-0.0693682
-0.0558415
-0.0431887
-0.0371274
-0.0380711
-0.0424160
-0.0467156
-0.0501912
-0.0539426
-0.0589400
-0.0649645
-0.0705061
-0.0731559
-0.0710808
-0.0654074
-0.0609088
-0.0626306
-0.0705776
-0.0782555
-0.0780702
-0.0690887
-0.0588793
-0.0564968
-0.0632833
-0.0712034
-0.0706744
-0.0596606
-0.0448460
-0.0347531
-0.0327622
-0.0363450
-0.0410827
-0.0440019
-0.0437727
-0.0398407
-0.0328214
-0.0253484
-0.0210726
-0.0219003
-0.0264663
-0.0319028
-0.0368980
-0.0422957
-0.0487805
-0.0551770
-0.0599307
-0.0637210
-0.0694195
-0.0791468
-0.0920315
-0.1053127
-0.1172006
-0.1279724
-0.1383018
-0.1473578
-0.1533344
-0.1557709
-0.1565745
-0.1582449
-0.1612815
-0.1635473
-0.1618196
-0.1537231
-0.1389688
-0.1199523
-0.1011782
-0.0866781
-0.0767808
-0.0676793
-0.0552264
-0.0396127
-0.0259030
-0.0194611
-0.0207610
-0.0248383
-0.0258713
-0.0223391
-0.0181015
-0.0190616
-0.0287043
-0.0456296
-0.0641123
-0.0773888
-0.0822084
-0.0813614
-0.0812080
-0.0859011
-0.0943970
-0.1036036
-0.1131215
-0.1246072
-0.1364866
-0.1427496
-0.1405700
-0.1386478
-0.1534404
-0.1929143
-0.2437057
-0.2760579
-0.2606403
-0.1774487
-0.0098438
0.2582385
0.6223983
1.0268656
1.3618003
1.5115977
1.4259537
1.1545785
0.8137250
0.5130019
0.3026194
0.1744650
0.0981119
0.0501295
0.0176337
-0.0099787
-0.0417882
-0.0789152
-0.1140878
-0.1407654
-0.1605107
-0.1792160
-0.1979018
-0.2107960
-0.2133699
-0.2098364
-0.2102034
-0.2199568
-0.2343805
-0.2438401
-0.2436117
-0.2374243
-0.2320860
-0.2304336
-0.2299837
-0.2268741
-0.2194667
-0.2083992
-0.1949331
-0.1805387
-0.1675771
-0.1585525
-0.1531661
-0.1463313
-0.1310141
-0.1048852
-0.0742402
-0.0499701
-0.0385148
-0.0366243
-0.0350634
-0.0271885
-0.0139154
-0.0011436
0.0066326
0.0099819
0.0127242
0.0175422
0.0237412
0.0289054
0.0321799
0.0358115
0.0435661
0.0572340
0.0739679
0.0870535
0.0903011
0.0826550
0.0686856
0.0545087
0.0433512
0.0346698
0.0261465
0.0153820
0.0003811
-0.0194530
-0.0414068
-0.0592235
-0.0667486
-0.0633145
-0.0555113
-0.0524785
-0.0583382
-0.0689567
-0.0763324
-0.0762939
-0.0721225
-0.0711799
-0.0782140
-0.0911859
-0.1026048
-0.1050502
-0.0966964
-0.0825708
-0.0704867
-0.0650916
-0.0650201
-0.0650331
-0.0606503
-0.0513922
-0.0405945
-0.0323733
-0.0280681
-0.0248861
-0.0180609
-0.0051139
0.0111604
0.0237273
0.0261087
0.0174233
0.0033244
-0.0083976
-0.0138760
-0.0155017
-0.0188691
-0.0277658
-0.0415751
-0.0562814
-0.0673582
-0.0724244
-0.0722844
-0.0698030
-0.0674640
-0.0657181
-0.0635752
-0.0605895
-0.0579493
-0.0573735
-0.0588749
-0.0599139
-0.0573501
-0.0504944
-0.0417818
-0.0339585
-0.0269732
-0.0183915
-0.0068835
0.0053937
0.0141767
0.0165124
0.0127371
0.0057099
-0.0013020
-0.0062485
-0.0089474
-0.0112333
-0.0164892
-0.0276749
-0.0442996
-0.0613634
-0.0727977
-0.0769978
-0.0784356
-0.0830045
-0.0920689
-0.1016921
-0.1070611
-0.1062903
-0.0998795
-0.0884666
-0.0731747
-0.0578668
-0.0483952
-0.0472825
-0.0496658
-0.0471790
-0.0372203
-0.0266880
-0.0244005
-0.0306537
-0.0370476
-0.0370552
-0.0337371
-0.0347440
-0.0417744
-0.0489305
-0.0518305
-0.0540166
-0.0607460
-0.0688832
-0.0694988
-0.0633621
-0.0687615
-0.1061416
-0.1730099
-0.2382392
-0.2628248
-0.2206137
-0.0942581
0.1394040
0.4970010
0.9437145
1.3645139
1.6047216
1.5676046
1.2879701
0.9102982
0.5865918
0.3837776
0.2745593
0.1998948
0.1298233
0.0707731
0.0340843
0.0135660
-0.0064533
-0.0322216
-0.0569730
-0.0733994
-0.0836631
-0.0959513
-0.1149396
-0.1383258
-0.1609291
-0.1790038
-0.1907400
-0.1960285
-0.1978282
-0.2017775
-0.2112724
-0.2225632
-0.2268394
-0.2185221
-0.2010510
-0.1840283
-0.1750416
-0.1741977
-0.1753773
-0.1717410
-0.1605948
-0.1446540
-0.1297127
-0.1204655
-0.1168207
-0.1132010
-0.1022768
-0.0811650
-0.0546169
-0.0312111
-0.0155417
-0.0043341
0.0093704
0.0283998
0.0479225
0.0593452
0.0578326
0.0469616
0.0366089
0.0355894
0.0451447
0.0590551
0.0701282
0.0765592
0.0819071
0.0891760
0.0956951
0.0947556
0.0828002
0.0643909
0.0486963
0.0405142
0.0357641
0.0267760
0.0111933
-0.0058221
-0.0179349
-0.0243761
-0.0295871
-0.0373760
-0.0468927
-0.0543599
-0.0575663
-0.0577753
-0.0576293
-0.0584584
-0.0602889
-0.0635144
-0.0690729
-0.0769827
-0.0860845
-0.0957127
-0.1063438
-0.1175165
-0.1258647
-0.1266678
-0.1178359
-0.1021622
-0.0856767
-0.0736043
-0.0668715
-0.0615044
-0.0517480
-0.0351876
-0.0156861
-0.0006617
0.0058499
0.0076876
0.0127442
0.0234904
0.0327214
0.0315512
0.0214514
0.0141151
0.0167092
0.0211492
0.0141891
-0.0025032
-0.0106901
0.0001694
0.0116880
-0.0103554
-0.0782952
-0.1639751
-0.2222961
-0.2260974
-0.1656397
-0.0163518
0.2670310
0.6942752
1.1721876
1.5189416
1.5804798
1.3516753
0.9820349
0.6556476
0.4599481
0.3602698
0.2805285
0.1890343
0.1070231
0.0572263
0.0286467
-0.0051787
-0.0499377
-0.0864754
-0.0990876
-0.0953172
-0.0940844
-0.1027749
-0.1137246
-0.1200673
-0.1262331
-0.1398854
-0.1588589
-0.1720374
-0.1730418
-0.1684960
-0.1700800
-0.1805493
-0.1911153
-0.1926122
-0.1859775
-0.1801218
-0.1818509
-0.1905066
-0.2013445
-0.2108837
-0.2180768
-0.2225226
-0.2236190
-0.2211644
-0.2153313
-0.2054998
-0.1899676
-0.1680174
-0.1423529
-0.1180473
-0.0977906
-0.0788971
-0.0567440
-0.0311100
-0.0071080
0.0111007
0.0259617
0.0441516
0.0686830
0.0944516
0.1120278
0.1157279
0.1080657
0.0966541
0.0872411
0.0801501
0.0728637
0.0641191
0.0541833
0.0424477
0.0272945
0.0089960
-0.0087456
-0.0214035
-0.0277475
-0.0310954
-0.0364202
-0.0459489
-0.0573547
-0.0664578
-0.0716849
-0.0752424
-0.0797649
-0.0847778
-0.0870841
-0.0839029
-0.0749992
-0.0625403
-0.0498524
-0.0399460
-0.0342692
-0.0325064
-0.0334011
-0.0354277
-0.0370587
-0.0375157
-0.0374167
-0.0374633
-0.0359454
-0.0287700
-0.0133430
0.0074713
0.0258439
0.0341235
0.0305942
0.0209901
0.0137478
0.0125033
0.0131141
0.0086731
-0.0028272
-0.0164550
-0.0253151
-0.0265872
-0.0233306
-0.0217833
-0.0265977
-0.0370729
-0.0476289
-0.0530973
-0.0541639
-0.0570158
-0.0669192
-0.0818740
-0.0927695
-0.0908563
-0.0764719
-0.0602767
-0.0541484
-0.0600889
-0.0691224
-0.0713037
-0.0650781
-0.0562146
-0.0499681
-0.0465997
-0.0435870
-0.0396438
-0.0358138
-0.0338168
-0.0344851
-0.0380205
-0.0449426
-0.0552576
-0.0661917
-0.0725799
-0.0715507
-0.0661913
-0.0626641
-0.0640551
-0.0688588
-0.0747885
-0.0811348
-0.0867703
-0.0887104
-0.0850117
-0.0784125
-0.0752204
-0.0796504
-0.0893819
-0.0975942
-0.1002787
-0.1007713
-0.1050170
-0.1123890
-0.1141551
-0.1026967
-0.0801792
-0.0562851
-0.0391949
-0.0306499
-0.0276610
-0.0258491
-0.0220211
-0.0169089
-0.0160125
-0.0250201
-0.0423362
-0.0571338
-0.0577727
-0.0443154
-0.0312887
-0.0336744
-0.0487354
-0.0570843
-0.0475041
-0.0375441
-0.0602434
-0.1270091
-0.2085016
-0.2546685
-0.2279011
-0.1121311
0.1019013
0.4207235
0.8215455
1.2218168
1.4934067
1.5327748
1.3348727
1.0005944
0.6659844
0.4171659
0.2624675
0.1677066
0.1028743
0.0574806
0.0283687
0.0075102
-0.0156505
-0.0443110
-0.0712499
-0.0877718
-0.0945644
-0.1006945
-0.1121069
-0.1252360
-0.1330493
-0.1331632
-0.1283607
-0.1236175
-0.1248647
-0.1359953
-0.1539069
-0.1701818
-0.1802083
-0.1871115
-0.1953166
-0.2052004
-0.2158336
-0.2271489
-0.2365466
-0.2385542
-0.2306370
-0.2152865
-0.1959804
-0.1766299
-0.1636244
-0.1594324
-0.1548702
-0.1392248
-0.1183090
-0.1078249
-0.1061500
-0.0919716
-0.0577268
-0.0272292
-0.0244094
