-0.1404061
-0.1721709
-0.1345826
-0.0976348
-0.0908045
-0.0928016
-0.0934834
-0.1037204
-0.1152876
-0.1055568
-0.0804325
-0.0692718
-0.0774843
-0.0807905
-0.0661073
-0.0455647
-0.0296012
-0.0148213
0.0000423
0.0098753
0.0159022
0.0243386
0.0346446
0.0447815
0.0618867
0.0908214
0.1186931
0.1281118
0.1207540
0.1125122
0.1107084
0.1103495
0.1075062
0.1026554
0.0946534
0.0825842
0.0700986
0.0600459
0.0499053
0.0384401
0.0296025
0.0244912
0.0185729
0.0128495
0.0175443
0.0367837
0.0582693
0.0666072
0.0611964
0.0548970
0.0596717
0.0766047
0.0944604
0.0968278
0.0782087
0.0546609
0.0507576
0.0740931
0.1092598
0.1366990
0.1487961
0.1469885
0.1335176
0.1111687
0.0860577
0.0669765
0.0622994
0.0741397
0.0919164
0.0971136
0.0818752
0.0594417
0.0484201
0.0495797
0.0468330
0.0301689
0.0091245
0.0012591
0.0116891
0.0262952
0.0253674
0.0055503
-0.0133325
-0.0093481
0.0133237
0.0258780
0.0086625
-0.0244672
-0.0421574
-0.0303418
-0.0037660
0.0139821
0.0144810
0.0080028
0.0078642
0.0149756
0.0197996
0.0184152
0.0199408
0.0324994
0.0471404
0.0459238
0.0256739
0.0037515
-0.0030431
0.0021965
0.0028793
-0.0102316
-0.0297678
-0.0420357
-0.0428682
-0.0412480
-0.0465985
-0.0549370
-0.0531263
-0.0379763
-0.0240156
-0.0267488
-0.0430096
-0.0550222
-0.0517492
-0.0394168
-0.0311716
-0.0322647
-0.0373811
-0.0394611
-0.0386421
-0.0416917
-0.0523450
-0.0645753
-0.0694684
-0.0678985
-0.0703104
-0.0819890
-0.0942122
-0.0941987
-0.0805666
-0.0647924
-0.0585719
-0.0625746
-0.0677282
-0.0665826
-0.0624061
-0.0646006
-0.0743015
-0.0796233
-0.0705106
-0.0543929
-0.0481437
-0.0543665
-0.0556196
-0.0380624
-0.0146714
-0.0154523
-0.0528746
-0.1030536
-0.1264471
-0.1037224
-0.0398182
0.0730089
0.2809797
0.6283707
1.0753336
1.4704088
1.6350521
1.4961241
1.1405858
0.7416545
0.4321149
0.2398639
0.1229356
0.0420446
-0.0092472
-0.0297057
-0.0384932
-0.0636253
-0.1103510
-0.1565322
-0.1814198
-0.1878833
-0.1913237
-0.1963580
-0.1945798
-0.1823203
-0.1704541
-0.1727354
-0.1888308
-0.2039784
-0.2058353
-0.1979720
-0.1932796
-0.1956810
-0.1943677
-0.1786704
-0.1534058
-0.1338891
-0.1282419
-0.1309128
-0.1336562
-0.1369442
-0.1475589
-0.1676396
-0.1892235
-0.2002512
-0.1959463
-0.1840285
-0.1775575
-0.1824333
-0.1934757
-0.2025970
-0.2074273
-0.2101599
-0.2110919
-0.2069833
-0.1953914
-0.1785242
-0.1624114
-0.1521122
-0.1464952
-0.1379061
-0.1190572
-0.0905497
-0.0596289
-0.0317189
-0.0063176
0.0179484
0.0376214
0.0464271
0.0419687
0.0288377
0.0151922
0.0063015
0.0007652
-0.0068405
-0.0194339
-0.0348846
-0.0505913
-0.0678687
-0.0890077
-0.1117564
-0.1304867
-0.1427551
-0.1515589
-0.1602671
-0.1674535
-0.1680775
-0.1593504
-0.1449767
-0.1329130
-0.1276078
-0.1247581
-0.1163320
-0.1016803
-0.0907449
-0.0937070
-0.1089315
-0.1236922
-0.1265749
-0.1176667
-0.1066005
-0.1015038
-0.1004061
-0.0943720
-0.0795236
-0.0637279
-0.0583100
-0.0640346
-0.0695122
-0.0647734
-0.0530029
-0.0463181
-0.0518759
-0.0650405
-0.0761438
-0.0816949
-0.0870565
-0.0979142
-0.1112296
-0.1177423
-0.1137468
-0.1068112
-0.1072670
-0.1162768
-0.1252213
-0.1251908
-0.1139989
-0.0958122
-0.0791570
-0.0760584
-0.0973924
-0.1428882
-0.1943037
-0.2210449
-0.1953592
-0.1027902
0.0620202
0.3048093
0.6250720
0.9891522
1.3125062
1.4864577
1.4432372
1.2062239
0.8777209
0.5729150
0.3556567
0.2231568
0.1383521
0.0711692
0.0139988
-0.0300172
-0.0619589
-0.0876101
-0.1094723
-0.1254325
-0.1353921
-0.1444700
-0.1579271
-0.1757227
-0.1939863
-0.2102954
-0.2256438
-0.2414339
-0.2556178
-0.2627314
-0.2587214
-0.2459148
-0.2319203
-0.2227823
-0.2182965
-0.2147770
-0.2106521
-0.2074543
-0.2062234
-0.2050354
-0.2004783
-0.1910361
-0.1793242
-0.1710306
-0.1702576
-0.1748771
-0.1772263
-0.1702119
-0.1525045
-0.1281488
-0.1027156
-0.0803032
-0.0626845
-0.0500579
-0.0427092
-0.0415205
-0.0456121
-0.0498590
-0.0470616
-0.0339478
-0.0143845
0.0038955
0.0153803
0.0199615
0.0213330
0.0227553
0.0241287
0.0232831
0.0197181
0.0152755
0.0102339
0.0009981
-0.0155118
-0.0356781
-0.0501647
-0.0522423
-0.0443225
-0.0358559
-0.0351807
-0.0431626
-0.0539436
-0.0613841
-0.0643355
-0.0653096
-0.0651797
-0.0614918
-0.0524345
-0.0403219
-0.0296824
-0.0229670
-0.0192280
-0.0161081
-0.0120295
-0.0068932
-0.0013554
0.0046810
0.0125662
0.0229324
0.0333712
0.0395350
0.0390869
0.0336406
0.0265093
0.0194838
0.0120587
0.0026842
-0.0100103
-0.0266584
-0.0466481
-0.0671530
-0.0826242
-0.0873440
-0.0814226
-0.0737940
-0.0746750
-0.0825414
-0.0829223
-0.0661534
-0.0453376
-0.0492114
-0.0925309
-0.1566091
-0.2039471
-0.2098806
-0.1710858
-0.0789480
0.1039462
0.4178503
0.8402821
1.2520200
1.4917231
1.4670708
1.2223503
0.8982010
0.6239376
0.4424000
0.3223904
0.2228595
0.1349720
0.0710472
0.0325056
0.0020978
-0.0347997
-0.0726845
-0.0956592
-0.0999117
-0.0994454
-0.1095044
-0.1298942
-0.1474634
-0.1523836
-0.1488993
-0.1502696
-0.1648580
-0.1878785
-0.2065648
-0.2129964
-0.2112742
-0.2121057
-0.2214916
-0.2357196
-0.2468197
-0.2514408
-0.2535753
-0.2585318
-0.2647077
-0.2629031
-0.2457360
-0.2175951
-0.1927063
-0.1816446
-0.1809489
-0.1777818
-0.1643628
-0.1460723
-0.1346645
-0.1341975
-0.1349015
-0.1222872
-0.0928697
-0.0596662
-0.0403703
-0.0401324
-0.0474478
-0.0471027
-0.0355456
-0.0228237
-0.0206587
-0.0298592
-0.0393679
-0.0371713
-0.0218875
-0.0033680
0.0078269
0.0102006
0.0098513
0.0107626
0.0090304
-0.0023948
-0.0242193
-0.0473039
-0.0596128
-0.0574796
-0.0497631
-0.0494227
-0.0602603
-0.0729918
-0.0751621
-0.0638477
-0.0474245
-0.0356827
-0.0299103
-0.0229876
-0.0082299
0.0126819
0.0307406
0.0383309
0.0362037
0.0312353
0.0281189
0.0249503
0.0173478
0.0055699
-0.0035499
-0.0018612
0.0124706
0.0317375
0.0435337
0.0406170
0.0270457
0.0141482
0.0098517
0.0118040
0.0104996
-0.0013758
-0.0222152
-0.0429767
-0.0552070
-0.0581808
-0.0582690
-0.0613381
-0.0666337
-0.0688742
-0.0656400
-0.0613455
-0.0634958
-0.0752465
-0.0916005
-0.1030776
-0.1039245
-0.0971300
-0.0908249
-0.0895641
-0.0900008
-0.0854946
-0.0738843
-0.0597480
-0.0494960
-0.0451204
-0.0427775
-0.0371748
-0.0273055
-0.0176445
-0.0133244
-0.0145598
-0.0167535
-0.0159726
-0.0131478
-0.0124676
-0.0164939
-0.0234969
-0.0293331
-0.0317267
-0.0329367
-0.0381978
-0.0511066
-0.0701134
-0.0890519
-0.1008474
-0.1019436
-0.0954723
-0.0903740
-0.0940473
-0.1028381
-0.1018818
-0.0798505
-0.0460651
-0.0289599
-0.0515774
-0.1063283
-0.1559088
-0.1604961
-0.1014724
0.0241298
0.2262358
0.5217448
0.8960567
1.2651752
1.4957037
1.4873465
1.2505058
0.9041263
0.5914150
0.3881384
0.2793405
0.2089730
0.1413854
0.0779287
0.0302908
-0.0051106
-0.0423133
-0.0853155
-0.1229663
-0.1447092
-0.1544551
-0.1649473
-0.1815743
-0.1963350
-0.1979668
-0.1850480
-0.1675734
-0.1569313
-0.1560564
-0.1591031
-0.1586707
-0.1520555
-0.1418256
-0.1327574
-0.1284292
-0.1285391
-0.1283231
-0.1222640
-0.1101470
-0.0985161
-0.0941682
-0.0964075
-0.0977237
-0.0928385
-0.0854616
-0.0842156
-0.0919215
-0.1009492
-0.1012300
-0.0926503
-0.0869139
-0.0951205
-0.1147045
-0.1314299
-0.1346778
-0.1282557
-0.1243875
-0.1284244
-0.1319686
-0.1216914
-0.0935650
-0.0570201
-0.0251743
-0.0024571
0.0168648
0.0388634
0.0614641
0.0772633
0.0831125
0.0841801
0.0880131
0.0961203
0.1022743
0.0984713
0.0822102
0.0588971
0.0382273
0.0278856
0.0288381
0.0346442
0.0351818
0.0235656
0.0022830
-0.0175307
-0.0255399
-0.0224587
-0.0195954
-0.0267610
-0.0415859
-0.0525562
-0.0521757
-0.0448948
-0.0410148
-0.0442257
-0.0473010
-0.0405218
-0.0228254
-0.0032124
0.0082695
0.0093612
0.0058701
0.0056582
0.0130527
0.0260994
0.0366306
0.0356535
0.0239157
0.0171967
0.0342307
0.0733543
0.1036074
0.0876743
0.0195980
-0.0612948
-0.0969743
-0.0501158
0.0851041
0.3048304
0.6097878
0.9805775
1.3402283
1.5638607
1.5525598
1.3114585
0.9533987
0.6186185
0.3835824
0.2376678
0.1329076
0.0432944
-0.0236344
-0.0575978
-0.0704296
-0.0858579
-0.1131209
-0.1398254
-0.1507347
-0.1470829
-0.1441473
-0.1531514
-0.1697643
-0.1801784
-0.1755642
-0.1595051
-0.1429941
-0.1340271
-0.1320668
-0.1312079
-0.1275126
-0.1233133
-0.1251078
-0.1372693
-0.1569123
-0.1747070
-0.1820834
-0.1790391
-0.1746412
-0.1787091
-0.1926230
-0.2086319
-0.2180498
-0.2195242
-0.2191291
-0.2228581
-0.2296275
-0.2321019
-0.2245238
-0.2091563
-0.1941039
-0.1846985
-0.1779526
-0.1660684
-0.1448364
-0.1178076
-0.0922464
-0.0715686
-0.0523078
-0.0289239
-0.0015025
0.0223591
0.0345540
0.0352862
0.0335750
0.0380529
0.0477283
0.0528623
0.0453005
0.0274008
0.0099382
0.0008899
-0.0028965
-0.0116736
-0.0305914
-0.0533892
-0.0696338
-0.0770076
-0.0838046
-0.0984245
-0.1182379
-0.1310589
-0.1279211
-0.1128869
-0.0987803
-0.0934688
-0.0921800
-0.0846616
-0.0687361
-0.0540195
-0.0510331
-0.0582552
-0.0621944
-0.0507831
-0.0258809
-0.0020964
0.0065503
-0.0011259
-0.0137426
-0.0189583
-0.0145082
-0.0082734
-0.0086327
-0.0156284
-0.0213533
-0.0181978
-0.0066684
0.0041821
0.0038056
-0.0115686
-0.0365613
-0.0617072
-0.0805215
-0.0920499
-0.0980919
-0.0997408
-0.0971226
-0.0915024
-0.0863171
-0.0853566
-0.0897015
-0.0966924
-0.1023779
-0.1049828
-0.1054253
-0.1044537
-0.1005611
-0.0920507
-0.0809408
-0.0733500
-0.0748727
-0.0855111
-0.0995937
-0.1107732
-0.1166374
-0.1180838
-0.1151143
-0.1054425
-0.0885660
-0.0697492
-0.0571241
-0.0539707
-0.0556253
-0.0554072
-0.0524404
-0.0517547
-0.0570288
-0.0654866
-0.0710432
-0.0709740
-0.0675258
-0.0635323
-0.0592348
-0.0546522
-0.0522810
-0.0536654
-0.0540255
-0.0457165
-0.0304972
-0.0248878
-0.0467432
-0.0944380
-0.1426345
-0.1602866
-0.1285617
-0.0367484
0.1340137
0.4068666
0.7739120
1.1628092
1.4516780
1.5360570
1.3957687
1.1037885
0.7727513
0.4896670
0.2889375
0.1669863
0.1061242
0.0840968
0.0752104
0.0579339
0.0269517
-0.0058186
-0.0262635
-0.0340511
-0.0420547
-0.0610341
-0.0882544
-0.1125110
-0.1276672
-0.1380280
-0.1508450
-0.1668985
-0.1804460
-0.1871730
-0.1899408
-0.1960180
-0.2094338
-0.2268360
-0.2409708
-0.2477918
-0.2495433
-0.2507362
-0.2519820
-0.2491884
-0.2394147
-0.2265092
-0.2189993
-0.2210962
-0.2263958
-0.2225372
-0.2034068
-0.1757607
-0.1519870
-0.1365583
-0.1219527
-0.0990713
-0.0696122
-0.0453312
-0.0351203
-0.0355340
-0.0358295
-0.0308535
-0.0260266
-0.0288355
-0.0378282
-0.0428851
-0.0363699
-0.0214196
-0.0076785
-0.0005942
0.0024634
0.0059262
0.0092665
0.0086731
0.0039682
0.0007128
0.0041402
0.0123393
0.0173025
0.0129968
0.0012725
-0.0108216
-0.0184440
-0.0220701
-0.0234629
-0.0209438
-0.0108519
0.0064715
0.0240868
0.0334228
0.0321967
0.0270437
0.0276719
0.0376556
0.0505211
0.0551233
0.0455438
0.0262477
0.0077871
-0.0024607
-0.0055331
-0.0076854
-0.0129804
-0.0196951
-0.0237940
-0.0245383
-0.0250164
-0.0270308
-0.0273983
-0.0211885
-0.0081893
0.0057168
0.0140662
0.0153221
0.0124746
0.0092456
0.0086667
0.0139082
0.0266120
0.0430202
0.0552330
0.0604289
0.0675140
0.0882062
0.1177727
0.1293702
0.0963256
0.0231944
-0.0497827
-0.0763592
-0.0338338
0.0821439
0.2845469
0.5951300
0.9987281
1.3992133
1.6441578
1.6211062
1.3452426
0.9530894
0.6037208
0.3769659
0.2534593
0.1740945
0.1048730
0.0482968
0.0124224
-0.0118409
-0.0407601
-0.0771660
-0.1095147
-0.1296610
-0.1437809
-0.1627395
-0.1863883
-0.2029745
-0.2037919
-0.1938474
-0.1859435
-0.1871671
-0.1945769
-0.2028568
-0.2114874
-0.2220846
-0.2314815
-0.2319357
-0.2197007
-0.2014398
-0.1898013
-0.1921092
-0.2039054
-0.2133430
-0.2109637
-0.1954698
-0.1722792
-0.1487220
-0.1301710
-0.1180619
-0.1097875
-0.1012735
-0.0912524
-0.0830414
-0.0809663
-0.0848430
-0.0892762
-0.0894708
-0.0871843
-0.0894766
-0.1008581
-0.1172155
-0.1283223
-0.1264968
-0.1125702
-0.0937084
-0.0762615
-0.0609475
-0.0440448
-0.0223577
0.0026268
0.0245058
0.0360029
0.0346745
0.0256115
0.0179360
0.0173228
0.0213082
0.0221794
0.0148518
0.0019292
-0.0090951
-0.0134396
-0.0134140
-0.0150776
-0.0210135
-0.0271922
-0.0273859
-0.0204488
-0.0127485
-0.0129478
-0.0239339
-0.0396783
-0.0504858
-0.0521056
-0.0497453
-0.0522271
-0.0615377
-0.0688598
-0.0624722
-0.0404115
-0.0147621
-0.0022523
-0.0098644
-0.0295527
-0.0468908
-0.0543139
-0.0556468
-0.0586447
-0.0647990
-0.0672145
-0.0577035
-0.0351167
-0.0072327
0.0145311
0.0228156
0.0189301
0.0111968
0.0076996
0.0087244
0.0060729
-0.0085355
-0.0332143
-0.0550462
-0.0615173
-0.0533854
-0.0446223
-0.0481583
-0.0624327
-0.0737822
-0.0719590
-0.0609984
-0.0534797
-0.0558940
-0.0623842
-0.0627785
-0.0538824
-0.0412433
-0.0320443
-0.0295799
-0.0342884
-0.0457208
-0.0602465
-0.0692074
-0.0647051
-0.0487485
-0.0324623
-0.0223903
-0.0103387
0.0164990
0.0536073
0.0739199
0.0521519
-0.0055454
-0.0620640
-0.0810809
-0.0511526
0.0287808
0.1812434
0.4466250
0.8282191
1.2395572
1.5249614
1.5570718
1.3309125
0.9674807
0.6230935
0.3871941
0.2526968
0.1652944
0.0879590
0.0210710
-0.0223283
-0.0438286
-0.0592237
-0.0797024
-0.1017170
-0.1153606
-0.1175119
-0.1141426
-0.1122311
-0.1127943
-0.1118581
-0.1058569
-0.0950294
-0.0830299
-0.0748557
-0.0745652
-0.0828518
-0.0956048
-0.1057728
-0.1085649
-0.1058497
-0.1050450
-0.1128099
-0.1293992
-0.1491492
-0.1662399
-0.1794771
-0.1912229
-0.2022247
-0.2087434
-0.2059992
-0.1947934
-0.1837616
-0.1833112
-0.1960126
-0.2130008
-0.2209106
-0.2133725
-0.1960506
-0.1803786
-0.1724099
-0.1678116
-0.1573397
-0.1364427
-0.1091169
-0.0828531
-0.0607478
-0.0390208
-0.0119121
0.0214998
0.0552605
0.0808347
0.0934674
0.0950505
0.0915180
0.0876339
0.0839892
0.0785800
0.0707692
0.0630926
0.0587270
0.0572754
0.0537435
0.0425270
0.0228735
0.0003649
-0.0173005
-0.0263613
-0.0293472
-0.0319108
-0.0373860
-0.0439318
-0.0464314
-0.0413039
-0.0302610
-0.0198909
-0.0170368
-0.0233735
-0.0337873
-0.0404126
-0.0390596
