-0.1040505
-0.1192627
-0.1183608
-0.1142533
-0.1150320
-0.1175634
-0.1194092
-0.1236815
-0.1313861
-0.1389851
-0.1448447
-0.1510232
-0.1585808
-0.1668820
-0.1762475
-0.1855793
-0.1894982
-0.1843666
-0.1755431
-0.1719951
-0.1744649
-0.1751080
-0.1686626
-0.1583833
-0.1502683
-0.1456655
-0.1404318
-0.1288276
-0.1083890
-0.0828405
-0.0591322
-0.0400108
-0.0215577
0.0000634
0.0222018
0.0389113
0.0483465
0.0540714
0.0608220
0.0717903
0.0884217
0.1094735
0.1302636
0.1449253
0.1501743
0.1472164
0.1409486
0.1366017
0.1347625
0.1295934
0.1145855
0.0906068
0.0656956
0.0462552
0.0312138
0.0159452
-0.0009390
-0.0168824
-0.0297971
-0.0407846
-0.0521741
-0.0634679
-0.0697529
-0.0653305
-0.0498434
-0.0297082
-0.0121008
0.0013990
0.0135734
0.0254025
0.0338906
0.0359527
0.0322002
0.0263042
0.0218506
0.0199218
0.0186046
0.0146352
0.0062170
-0.0055524
-0.0178252
-0.0278435
-0.0340240
-0.0370932
-0.0406827
-0.0486867
-0.0604322
-0.0697541
-0.0705932
-0.0631427
-0.0536652
-0.0490747
-0.0525221
-0.0630481
-0.0775309
-0.0924070
-0.1044065
-0.1110018
-0.1114223
-0.1074071
-0.1016251
-0.0945907
-0.0846894
-0.0725216
-0.0628654
-0.0589638
-0.0561262
-0.0460972
-0.0294068
-0.0184718
-0.0231738
-0.0349450
-0.0324615
-0.0080784
0.0145528
-0.0025316
-0.0722672
-0.1629372
-0.2216093
-0.2131563
-0.1276972
0.0478865
0.3444640
0.7713713
1.2556048
1.6378217
1.7575040
1.5648660
1.1591620
0.7174192
0.3779790
0.1766565
0.0720168
0.0119422
-0.0273074
-0.0489047
-0.0577770
-0.0653461
-0.0791700
-0.0976742
-0.1161595
-0.1331887
-0.1493112
-0.1629556
-0.1711282
-0.1738349
-0.1749376
-0.1769749
-0.1765426
-0.1675427
-0.1497742
-0.1322666
-0.1261040
-0.1343033
-0.1498884
-0.1632550
-0.1699398
-0.1716602
-0.1720778
-0.1729381
-0.1736190
-0.1729712
-0.1707060
-0.1670152
-0.1618262
-0.1556286
-0.1507693
-0.1500599
-0.1529336
-0.1540399
-0.1472961
-0.1315140
-0.1113379
-0.0926907
-0.0778697
-0.0649751
-0.0512068
-0.0357899
-0.0193093
-0.0007705
0.0231425
0.0546454
0.0909733
0.1249094
0.1492768
0.1606602
0.1598843
0.1508070
0.1386459
0.1271179
0.1154707
0.0992050
0.0755733
0.0486373
0.0274128
0.0175625
0.0150253
0.0094095
-0.0051352
-0.0233290
-0.0349319
-0.0373515
-0.0392641
-0.0497346
-0.0657423
-0.0742990
-0.0678789
-0.0549611
-0.0522826
-0.0664588
-0.0853879
-0.0897548
-0.0730176
-0.0484913
-0.0357363
-0.0409367
-0.0521619
-0.0534123
-0.0411360
-0.0261472
-0.0211469
-0.0283821
-0.0393890
-0.0451960
-0.0455452
-0.0477734
-0.0569655
-0.0683710
-0.0711695
-0.0603667
-0.0437326
-0.0350355
-0.0398447
-0.0495853
-0.0516914
-0.0453006
-0.0432873
-0.0554914
-0.0720356
-0.0701245
-0.0416191
-0.0101517
-0.0134435
-0.0657180
-0.1399514
-0.1874243
-0.1689295
-0.0626365
0.1495252
0.4807503
0.9049456
1.3239155
1.5913966
1.5988596
1.3554679
0.9853687
0.6395158
0.4001801
0.2572953
0.1596257
0.0760990
0.0104161
-0.0268311
-0.0433294
-0.0589852
-0.0832034
-0.1067279
-0.1164952
-0.1132020
-0.1107151
-0.1200452
-0.1374315
-0.1487033
-0.1434794
-0.1245800
-0.1051326
-0.0974393
-0.1035581
-0.1152168
-0.1225671
-0.1233354
-0.1235335
-0.1294997
-0.1401339
-0.1477848
-0.1466783
-0.1395125
-0.1348671
-0.1382959
-0.1471664
-0.1549598
-0.1593854
-0.1640600
-0.1718323
-0.1786780
-0.1763597
-0.1608803
-0.1367299
-0.1123946
-0.0927791
-0.0767838
-0.0614397
-0.0465704
-0.0341857
-0.0238664
-0.0107430
0.0103276
0.0387005
0.0671931
0.0878542
0.0981127
0.1013085
0.1021409
0.1023500
0.1005216
0.0951436
0.0869659
0.0778715
0.0676661
0.0531118
0.0313593
0.0044827
-0.0203776
-0.0364749
-0.0435265
-0.0481115
-0.0572131
-0.0705142
-0.0792146
-0.0737161
-0.0535070
-0.0291765
-0.0137668
-0.0117954
-0.0167872
-0.0190048
-0.0146319
-0.0072353
-0.0014122
0.0032786
0.0111726
0.0239348
0.0367703
0.0422760
0.0375502
0.0263184
0.0141422
0.0030282
-0.0084318
-0.0208015
-0.0315853
-0.0378897
-0.0404707
-0.0440240
-0.0529425
-0.0669540
-0.0813773
-0.0917202
-0.0975245
-0.1014122
-0.1049760
-0.1065687
-0.1033688
-0.0950942
-0.0851320
-0.0776990
-0.0736551
-0.0692298
-0.0595339
-0.0438269
-0.0269853
-0.0151807
-0.0102377
-0.0088328
-0.0072132
-0.0058797
-0.0089303
-0.0189149
-0.0330708
-0.0452913
-0.0517818
-0.0540530
-0.0558618
-0.0579631
-0.0573500
-0.0521390
-0.0460037
-0.0461586
-0.0563199
-0.0720413
-0.0837516
-0.0851064
-0.0786796
-0.0731449
-0.0744022
-0.0796486
-0.0807796
-0.0736280
-0.0630675
-0.0584795
-0.0645598
-0.0771653
-0.0880113
-0.0924993
-0.0921893
-0.0901208
-0.0855941
-0.0753389
-0.0596273
-0.0450604
-0.0394340
-0.0440356
-0.0523594
-0.0568673
-0.0562171
-0.0552171
-0.0581449
-0.0631353
-0.0637754
-0.0561603
-0.0438716
-0.0355512
-0.0374544
-0.0483124
-0.0610160
-0.0687640
-0.0698351
-0.0675143
-0.0662828
-0.0679711
-0.0709799
-0.0728225
-0.0732465
-0.0747104
-0.0797853
-0.0882789
-0.0970866
-0.1029339
-0.1052954
-0.1064950
-0.1086310
-0.1104720
-0.1081911
-0.0998878
-0.0889044
-0.0813528
-0.0797840
-0.0800995
-0.0757968
-0.0653291
-0.0543260
-0.0496901
-0.0517402
-0.0534309
-0.0482833
-0.0384624
-0.0332969
-0.0390014
-0.0509879
-0.0580268
-0.0542518
-0.0457418
-0.0440067
-0.0530745
-0.0641980
-0.0643296
-0.0496533
-0.0296255
-0.0170964
-0.0155380
-0.0176224
-0.0161725
-0.0141256
-0.0216443
-0.0438577
-0.0734622
-0.0963938
-0.1040487
-0.0992853
-0.0914943
-0.0875588
-0.0876216
-0.0873134
-0.0820988
-0.0705878
-0.0565084
-0.0477328
-0.0498879
-0.0583131
-0.0590460
-0.0432952
-0.0224229
-0.0238469
-0.0663937
-0.1382741
-0.2004511
-0.2099820
-0.1363591
0.0419160
0.3405725
0.7477155
1.1893824
1.5305077
1.6392752
1.4763254
1.1298760
0.7574863
0.4810215
0.3239693
0.2351100
0.1596613
0.0846370
0.0267422
-0.0055009
-0.0267690
-0.0561002
-0.0941442
-0.1251432
-0.1381518
-0.1399097
-0.1453010
-0.1592297
-0.1717256
-0.1703110
-0.1541469
-0.1347769
-0.1245286
-0.1259677
-0.1323880
-0.1366189
-0.1379108
-0.1407382
-0.1485250
-0.1594016
-0.1675089
-0.1676333
-0.1587652
-0.1440507
-0.1278623
-0.1128904
-0.0997990
-0.0891917
-0.0830083
-0.0830925
-0.0881351
-0.0925586
-0.0894209
-0.0755629
-0.0547077
-0.0353649
-0.0245863
-0.0225453
-0.0227185
-0.0176072
-0.0048326
0.0117319
0.0262319
0.0360239
0.0430572
0.0509311
0.0613198
0.0734343
0.0861633
0.0993666
0.1125315
0.1233440
0.1294412
0.1320870
0.1367615
0.1483815
0.1654074
0.1794579
0.1818834
0.1713653
0.1549746
0.1413574
0.1327196
0.1236805
0.1079994
0.0859446
0.0645542
0.0507275
0.0445543
0.0397528
0.0305450
0.0177131
0.0075409
0.0048692
0.0078995
0.0105888
0.0098959
0.0092510
0.0136987
0.0220637
0.0257050
0.0165196
-0.0038429
-0.0239884
-0.0331140
-0.0312924
-0.0285307
-0.0332632
-0.0428605
-0.0468581
-0.0392721
-0.0258951
-0.0182051
-0.0208246
-0.0265837
-0.0243965
-0.0110300
0.0057470
0.0151606
0.0134560
0.0060316
0.0011743
0.0029609
0.0095164
0.0159274
0.0176649
0.0124856
0.0012187
-0.0126478
-0.0252453
-0.0352093
-0.0441986
-0.0541325
-0.0641915
-0.0712241
-0.0731724
-0.0713180
-0.0684863
-0.0654769
-0.0604893
-0.0526010
-0.0447863
-0.0419067
-0.0452863
-0.0502797
-0.0503322
-0.0436688
-0.0356218
-0.0340901
-0.0424861
-0.0567549
-0.0689955
-0.0740557
-0.0728590
-0.0695746
-0.0660649
-0.0599915
-0.0489847
-0.0360704
-0.0291774
-0.0337662
-0.0463675
-0.0574532
-0.0617777
-0.0642157
-0.0729790
-0.0877964
-0.0987384
-0.0987692
-0.0938122
-0.0948629
-0.1004262
-0.0941739
-0.0663422
-0.0346458
-0.0346520
-0.0840386
-0.1596734
-0.2144210
-0.2124660
-0.1389662
0.0236062
0.3081271
0.7255193
1.2056007
1.5920821
1.7265184
1.5606716
1.1946284
0.8027599
0.5147495
0.3535354
0.2663145
0.1966925
0.1256677
0.0611121
0.0096548
-0.0331789
-0.0734691
-0.1104974
-0.1395961
-0.1585490
-0.1689081
-0.1739886
-0.1783745
-0.1875349
-0.2038911
-0.2222417
-0.2318918
-0.2261919
-0.2099663
-0.1956307
-0.1909682
-0.1914679
-0.1856442
-0.1675919
-0.1432452
-0.1239738
-0.1149011
-0.1105356
-0.1019387
-0.0872231
-0.0738309
-0.0700345
-0.0749670
-0.0784979
-0.0716418
-0.0561496
-0.0424327
-0.0382276
-0.0411312
-0.0432560
-0.0415262
-0.0406672
-0.0456103
-0.0535261
-0.0560476
-0.0491621
-0.0383146
-0.0320397
-0.0317025
-0.0298006
-0.0187442
0.0005718
0.0202380
0.0342467
0.0440845
0.0554063
0.0707834
0.0866459
0.0965132
0.0962550
0.0868785
0.0738350
0.0639948
0.0616243
0.0652789
0.0683312
0.0639862
0.0510773
0.0348539
0.0214680
0.0119616
0.0024744
-0.0099372
-0.0233560
-0.0339484
-0.0418491
-0.0519942
-0.0680659
-0.0865215
-0.0982775
-0.0971143
-0.0860697
-0.0749488
-0.0715534
-0.0757667
-0.0820962
-0.0869031
-0.0919194
-0.1005591
-0.1118758
-0.1194119
-0.1164715
-0.1022438
-0.0823730
-0.0636183
-0.0484965
-0.0354328
-0.0233913
-0.0147741
-0.0127395
-0.0162450
-0.0193524
-0.0165277
-0.0084885
-0.0020903
-0.0040974
-0.0152438
-0.0305093
-0.0446996
-0.0568921
-0.0691351
-0.0816773
-0.0909282
-0.0928906
-0.0882167
-0.0829788
-0.0838202
-0.0920952
-0.1027063
-0.1088300
-0.1081849
-0.1050946
-0.1065175
-0.1157489
-0.1294700
-0.1404997
-0.1434391
-0.1382811
-0.1294837
-0.1221288
-0.1187666
-0.1190064
-0.1208817
-0.1217776
-0.1184238
-0.1076796
-0.0892238
-0.0680813
-0.0533272
-0.0522659
-0.0644407
-0.0813190
-0.0928852
-0.0956173
-0.0944176
-0.0967116
-0.1047990
-0.1141600
-0.1187539
-0.1169354
-0.1119234
-0.1077501
-0.1062205
-0.1074598
-0.1112940
-0.1166565
-0.1207391
-0.1210312
-0.1187700
-0.1185232
-0.1227279
-0.1276914
-0.1273683
-0.1211323
-0.1148635
-0.1124881
-0.1091940
-0.0978408
-0.0828435
-0.0827145
-0.1134529
-0.1689485
-0.2203416
-0.2339436
-0.1848310
-0.0518003
0.1900122
0.5520047
0.9941061
1.4076976
1.6555604
1.6511708
1.4137304
1.0510556
0.6870291
0.3966140
0.1939550
0.0629482
-0.0130486
-0.0473726
-0.0592503
-0.0719123
-0.0975187
-0.1285976
-0.1492048
-0.1544177
-0.1560434
-0.1685452
-0.1920365
-0.2118045
-0.2143715
-0.2018353
-0.1891346
-0.1881500
-0.1962335
-0.2008073
-0.1939006
-0.1805114
-0.1724908
-0.1756767
-0.1845059
-0.1890513
-0.1856899
-0.1796940
-0.1780286
-0.1813672
-0.1840729
-0.1811285
-0.1734329
-0.1656679
-0.1600264
-0.1536866
-0.1429964
-0.1290492
-0.1174454
-0.1117358
-0.1077341
-0.0958852
-0.0707034
-0.0381367
-0.0123578
-0.0034656
-0.0075696
-0.0098278
0.0015326
0.0240947
0.0447930
0.0545914
0.0584249
0.0692645
0.0926134
0.1187227
0.1315816
0.1250567
0.1084571
0.0956972
0.0905893
0.0845552
0.0682476
0.0428836
0.0185829
0.0028957
-0.0063517
-0.0161257
-0.0283350
-0.0375248
-0.0384955
-0.0337158
-0.0308536
-0.0333949
-0.0362863
-0.0324841
-0.0225786
-0.0154038
-0.0183195
-0.0285750
-0.0361871
-0.0351617
-0.0300229
-0.0301777
-0.0387983
-0.0489034
-0.0506015
-0.0408771
-0.0254622
-0.0122608
-0.0048215
-0.0023976
-0.0042334
-0.0113785
-0.0238124
-0.0371961
-0.0441964
-0.0400984
-0.0276112
-0.0161109
-0.0152722
-0.0279171
-0.0479802
-0.0655700
-0.0749233
-0.0780784
-0.0809339
-0.0860530
-0.0901224
-0.0887827
-0.0828989
-0.0784633
-0.0800001
-0.0854135
-0.0885195
-0.0860723
-0.0808831
-0.0779266
-0.0787835
-0.0807188
-0.0801671
-0.0757390
-0.0682426
-0.0595960
-0.0524627
-0.0495349
-0.0514622
-0.0555442
-0.0576165
-0.0553504
-0.0488944
-0.0389437
-0.0268601
-0.0178781
-0.0208182
-0.0395336
-0.0642849
-0.0775353
-0.0739599
-0.0730418
-0.1044099
-0.1757033
-0.2562849
-0.2951815
-0.2528930
-0.1126688
0.1324623
0.4845179
0.9146455
1.3329109
1.6050257
1.6263930
1.3968957
1.0258951
0.6587335
0.3889792
0.2271046
0.1348049
0.0758298
0.0363357
0.0134160
0.0009070
-0.0099143
-0.0231531
-0.0380453
-0.0541741
-0.0725559
-0.0919725
-0.1089419
-0.1236371
-0.1427339
-0.1723177
-0.2081876
-0.2368449
-0.2482005
-0.2458484
-0.2427382
-0.2472309
-0.2555047
-0.2580701
-0.2515991
-0.2422583
-0.2377952
-0.2384424
-0.2368588
-0.2264602
-0.2088088
-0.1927655
-0.1868184
-0.1918813
-0.2003663
-0.2014799
-0.1880539
-0.1599857
-0.1227896
-0.0835683
-0.0477857
-0.0183037
0.0041821
0.0205452
0.0326262
0.0423672
0.0511610
0.0601561
0.0710804
0.0860440
0.1057221
0.1275905
0.1465449
0.1579323
0.1602506
0.1550260
0.1445327
0.1302329
0.1133689
0.0960575
0.0805950
0.0672757
0.0534337
0.0354493
0.0121180
-0.0140254
-0.0388552
-0.0599404
-0.0773117
-0.0909771
-0.0986051
-0.0971036
-0.0871423
-0.0751078
-0.0686848
-0.0695269
-0.0711208
-0.0653515
-0.0513890
-0.0368380
-0.0292133
-0.0272371
-0.0223795
-0.0092634
0.0073292
0.0174510
0.0171438
0.0122621
0.0104024
0.0111014
0.0066561
-0.0073385
-0.0249189
-0.0352990
-0.0347262
-0.0305633
-0.0329278
-0.0440890
-0.0579120
-0.0687998
-0.0780907
-0.0898364
-0.1019397
-0.1049785
-0.0917129
-0.0666801
-0.0440591
-0.0349629
-0.0374923
-0.0401556
-0.0346187
-0.0237085
-0.0163265
-0.0158062
-0.0154210
-0.0062467
0.0117885
0.0286261
0.0343684
0.0295606
0.0237256
0.0238422
0.0260917
0.0205039
0.0032393
-0.0175885
-0.0292424
-0.0267389
-0.0171418
-0.0124024
-0.0195725
-0.0379256
-0.0628882
-0.0897345
-0.1133866
-0.1278390
-0.1291945
-0.1199171
-0.1083576
-0.1025033
-0.1040563
-0.1088488
-0.1123292
-0.1136834
-0.1150111
-0.1181318
-0.1230533
-0.1284751
-0.1322396
-0.1314574
-0.1239561
-0.1107581
-0.0964739
-0.0860710
-0.0811905
-0.0801832
-0.0812223
-0.0838647
-0.0872634
-0.0887499
-0.0860157
-0.0799397
-0.0731744
-0.0662302
-0.0580447
-0.0516589
-0.0551519
-0.0711962
-0.0861462
-0.0775673
-0.0398697
-0.0003347
-0.0004044
-0.0550613
-0.1328602
-0.1792681
-0.1556076
-0.0484416
0.1536887
0.4698936
0.8897429
1.3244632
1.6192661
1.6462725
1.4038849
1.0246681
0.6772433
0.4515217
0.3275508
0.2378971
0.1447841
0.0579796
-0.0026238
-0.0407267
-0.0764111
-0.1180160
-0.1532285
-0.1676463
-0.1638505
-0.1579551
-0.1612005
-0.1700555
-0.1741030
-0.1695339
-0.1629507
-0.1637836
-0.1748767
-0.1897313
-0.1975432
-0.1918596
-0.1767152
-0.1647816
-0.1672425
-0.1833641
-0.2004741
-0.2059414
-0.1995021
-0.1926232
-0.1954498
-0.2058718
-0.2125363
-0.2072955
