-0.0467418
-0.0496846
-0.0570721
-0.0611288
-0.0588145
-0.0561954
-0.0621268
-0.0769505
-0.0891763
-0.0855724
-0.0648704
-0.0401638
-0.0270288
-0.0300412
-0.0414813
-0.0517296
-0.0585358
-0.0659218
-0.0768233
-0.0895603
-0.1010073
-0.1103344
-0.1182392
-0.1243364
-0.1276997
-0.1295868
-0.1329453
-0.1378296
-0.1390512
-0.1310410
-0.1153252
-0.1008895
-0.0952852
-0.0962498
-0.0943440
-0.0841948
-0.0708516
-0.0632020
-0.0626427
-0.0617096
-0.0547991
-0.0467838
-0.0470430
-0.0556712
-0.0607916
-0.0529681
-0.0389959
-0.0347195
-0.0428011
-0.0448053
-0.0233574
0.0092151
0.0144516
-0.0328571
-0.1122905
-0.1720643
-0.1740630
-0.1137809
0.0092906
0.2261430
0.5757252
1.0312869
1.4586218
1.6758774
1.5814222
1.2347881
0.8119904
0.4764045
0.2821143
0.1824173
0.1091378
0.0345155
-0.0303404
-0.0722945
-0.0968579
-0.1177998
-0.1402874
-0.1603725
-0.1755740
-0.1886004
-0.2008555
-0.2084138
-0.2079314
-0.2036575
-0.2040682
-0.2112128
-0.2167524
-0.2107495
-0.1931717
-0.1745962
-0.1655244
-0.1666157
-0.1700187
-0.1687177
-0.1626775
-0.1561258
-0.1512570
-0.1464361
-0.1397436
-0.1321015
-0.1262229
-0.1236918
-0.1238553
-0.1245802
-0.1229418
-0.1158993
-0.1022854
-0.0849941
-0.0699696
-0.0611775
-0.0560085
-0.0465952
-0.0267524
0.0022570
0.0331081
0.0590757
0.0785115
0.0932051
0.1044143
0.1121258
0.1174367
0.1234470
0.1326286
0.1438212
0.1525731
0.1545041
0.1483281
0.1361541
0.1215309
0.1071968
0.0938805
0.0802743
0.0639575
0.0432814
0.0195279
-0.0026945
-0.0183172
-0.0262114
-0.0309400
-0.0395448
-0.0556624
-0.0758633
-0.0914814
-0.0950138
-0.0863143
-0.0731508
-0.0648971
-0.0646078
-0.0669474
-0.0640767
-0.0537647
-0.0419084
-0.0371923
-0.0429817
-0.0539675
-0.0606940
-0.0578146
-0.0483564
-0.0401288
-0.0380586
-0.0398912
-0.0390172
-0.0314610
-0.0205796
-0.0150401
-0.0213077
-0.0371087
-0.0523905
-0.0577660
-0.0528287
-0.0462028
-0.0470062
-0.0557848
-0.0636543
-0.0607717
-0.0462574
-0.0297166
-0.0223876
-0.0267601
-0.0355154
-0.0404908
-0.0411723
-0.0432988
-0.0501979
-0.0578900
-0.0599868
-0.0563401
-0.0545035
-0.0612280
-0.0734157
-0.0798284
-0.0729710
-0.0581457
-0.0490471
-0.0544497
-0.0704032
-0.0853979
-0.0915171
-0.0897225
-0.0857795
-0.0833763
-0.0819259
-0.0795696
-0.0762318
-0.0732265
-0.0715501
-0.0724641
-0.0791975
-0.0951700
-0.1185969
-0.1402383
-0.1495641
-0.1447077
-0.1355376
-0.1353104
-0.1482320
-0.1649760
-0.1708807
-0.1593009
-0.1372587
-0.1179032
-0.1076259
-0.1011138
-0.0889832
-0.0693333
-0.0509858
-0.0452945
-0.0549647
-0.0710553
-0.0812395
-0.0811294
-0.0770692
-0.0777031
-0.0840625
-0.0894126
-0.0882258
-0.0828235
-0.0798459
-0.0817210
-0.0841587
-0.0826194
-0.0791981
-0.0806741
-0.0897164
-0.1006915
-0.1063474
-0.1069626
-0.1088817
-0.1133710
-0.1119387
-0.0979865
-0.0820450
-0.0888207
-0.1337241
-0.2019560
-0.2524147
-0.2415206
-0.1416173
0.0598169
0.3653341
0.7552577
1.1642201
1.4818752
1.6003421
1.4813995
1.1855921
0.8338489
0.5332546
0.3275981
0.2028824
0.1257362
0.0728889
0.0338055
0.0009748
-0.0322951
-0.0661476
-0.0940545
-0.1125841
-0.1285837
-0.1524930
-0.1849651
-0.2140796
-0.2278121
-0.2274574
-0.2264137
-0.2357690
-0.2526909
-0.2639865
-0.2605929
-0.2472063
-0.2367805
-0.2363115
-0.2398059
-0.2357796
-0.2201431
-0.2001383
-0.1860076
-0.1803292
-0.1761830
-0.1651664
-0.1462489
-0.1261586
-0.1113667
-0.1010814
-0.0892374
-0.0723088
-0.0526946
-0.0338029
-0.0142427
0.0104044
0.0399661
0.0659605
0.0776822
0.0730413
0.0629148
0.0631390
0.0807508
0.1080287
0.1305788
0.1410030
0.1441692
0.1499000
0.1620027
0.1747605
0.1792606
0.1726048
0.1609724
0.1533796
0.1521024
0.1498072
0.1370512
0.1126667
0.0861688
0.0697204
0.0676970
0.0736339
0.0768217
0.0718018
0.0615142
0.0515339
0.0426625
0.0309482
0.0147298
-0.0009541
-0.0089223
-0.0080947
-0.0054698
-0.0094139
-0.0215095
-0.0353625
-0.0434575
-0.0450719
-0.0470057
-0.0562039
-0.0722368
-0.0877704
-0.0958997
-0.0958882
-0.0920033
-0.0883530
-0.0856728
-0.0824296
-0.0781006
-0.0748420
-0.0754912
-0.0799814
-0.0848287
-0.0869774
-0.0871490
-0.0877697
-0.0878018
-0.0815845
-0.0642434
-0.0381005
-0.0126158
0.0033029
0.0095191
0.0143264
0.0245610
0.0367125
0.0404293
0.0316239
0.0192438
0.0160317
0.0233524
0.0284869
0.0184568
-0.0052548
-0.0281762
-0.0390427
-0.0418818
-0.0494270
-0.0657086
-0.0799871
-0.0808900
-0.0731167
-0.0738921
-0.0917253
-0.1140691
-0.1209329
-0.1094300
-0.0997929
-0.1143249
-0.1520314
-0.1872410
-0.1943243
-0.1718983
-0.1409044
-0.1207869
-0.1120177
-0.1031357
-0.0897977
-0.0806153
-0.0837729
-0.0930408
-0.0915860
-0.0698471
-0.0371636
-0.0137244
-0.0110203
-0.0218064
-0.0302370
-0.0300258
-0.0295249
-0.0388737
-0.0560323
-0.0686814
-0.0686309
-0.0608593
-0.0571551
-0.0628321
-0.0722078
-0.0775820
-0.0803311
-0.0897924
-0.1103560
-0.1328411
-0.1422030
-0.1331300
-0.1145452
-0.0980847
-0.0857645
-0.0718402
-0.0548794
-0.0435783
-0.0484522
-0.0691564
-0.0926557
-0.1047991
-0.1020181
-0.0901951
-0.0745662
-0.0559554
-0.0383352
-0.0345824
-0.0579076
-0.1058078
-0.1539998
-0.1653145
-0.1023428
0.0645652
0.3477199
0.7235230
1.1161991
1.4100908
1.5017213
1.3633252
1.0656892
0.7340731
0.4695376
0.2998206
0.1933739
0.1101845
0.0369690
-0.0173454
-0.0463983
-0.0592147
-0.0711025
-0.0886577
-0.1072584
-0.1208135
-0.1290671
-0.1344319
-0.1365064
-0.1343612
-0.1326218
-0.1399400
-0.1595952
-0.1846144
-0.2046822
-0.2166596
-0.2261311
-0.2387741
-0.2522480
-0.2582215
-0.2522703
-0.2400001
-0.2317022
-0.2314892
-0.2337208
-0.2302590
-0.2188140
-0.2031043
-0.1873250
-0.1729636
-0.1599178
-0.1480288
-0.1369996
-0.1260566
-0.1141210
-0.0999347
-0.0822421
-0.0604120
-0.0350015
-0.0078247
0.0184330
0.0415146
0.0616763
0.0820741
0.1056069
0.1312715
0.1547946
0.1728663
0.1856744
0.1955641
0.2046499
0.2135936
0.2210093
0.2236897
0.2188562
0.2068973
0.1911188
0.1742987
0.1557851
0.1321112
0.1007199
0.0640682
0.0303019
0.0082349
0.0001917
0.0004418
0.0015146
0.0008227
-0.0003021
-0.0027960
-0.0123623
-0.0345789
-0.0676867
-0.1004906
-0.1183388
-0.1133030
-0.0901900
-0.0627958
-0.0439934
-0.0387224
-0.0440611
-0.0531139
-0.0591493
-0.0594647
-0.0571137
-0.0571577
-0.0596514
-0.0576653
-0.0442561
-0.0214274
-0.0009262
0.0049531
-0.0057809
-0.0228056
-0.0329640
-0.0322179
-0.0275317
-0.0271372
-0.0314871
-0.0354943
-0.0371758
-0.0402911
-0.0485660
-0.0605200
-0.0712775
-0.0777741
-0.0808609
-0.0829248
-0.0844638
-0.0833932
-0.0777276
-0.0684826
-0.0593536
-0.0539543
-0.0540325
-0.0592075
-0.0665967
-0.0718544
-0.0736614
-0.0764596
-0.0839394
-0.0887855
-0.0756810
-0.0415913
-0.0111570
-0.0224630
-0.0900263
-0.1820006
-0.2383943
-0.2136243
-0.0988435
0.0966428
0.3733011
0.7313326
1.1247959
1.4408642
1.5526918
1.4125743
1.0959887
0.7486742
0.4844397
0.3250548
0.2236544
0.1313496
0.0383702
-0.0368310
-0.0807609
-0.0995505
-0.1082215
-0.1171005
-0.1305131
-0.1501510
-0.1733301
-0.1914586
-0.1966402
-0.1901742
-0.1812362
-0.1772165
-0.1781479
-0.1805141
-0.1830037
-0.1863548
-0.1891698
-0.1871526
-0.1782118
-0.1669499
-0.1608384
-0.1607098
-0.1579965
-0.1446682
-0.1244854
-0.1103385
-0.1099171
-0.1171877
-0.1192586
-0.1094478
-0.0924360
-0.0783311
-0.0729757
-0.0730543
-0.0695608
-0.0560870
-0.0338694
-0.0091533
0.0128681
0.0307443
0.0453293
0.0578841
0.0692540
0.0795949
0.0891991
0.0999786
0.1145414
0.1323901
0.1482156
0.1556356
0.1523729
0.1413376
0.1277668
0.1157748
0.1060327
0.0958471
0.0829062
0.0695666
0.0613168
0.0593506
0.0561496
0.0408649
0.0100248
-0.0269693
-0.0533814
-0.0582910
-0.0467276
-0.0363118
-0.0413370
-0.0594963
-0.0753018
-0.0757246
-0.0606550
-0.0395509
-0.0219991
-0.0127273
-0.0125317
-0.0206118
-0.0352255
-0.0528549
-0.0681526
-0.0765453
-0.0774246
-0.0734545
-0.0665957
-0.0571673
-0.0474934
-0.0428094
-0.0453745
-0.0497672
-0.0479233
-0.0388180
-0.0303150
-0.0304581
-0.0382864
-0.0444477
-0.0413638
-0.0326426
-0.0307389
-0.0433494
-0.0631595
-0.0740979
-0.0678424
-0.0510513
-0.0355761
-0.0249543
-0.0129903
0.0059093
0.0273215
0.0382252
0.0284204
0.0016739
-0.0253661
-0.0377938
-0.0365365
-0.0365201
-0.0507238
-0.0771745
-0.1014064
-0.1106144
-0.1058231
-0.1008898
-0.1083851
-0.1256140
-0.1365756
-0.1294206
-0.1097803
-0.0940903
-0.0912040
-0.0939416
-0.0889157
-0.0723648
-0.0553240
-0.0534346
-0.0712875
-0.0969736
-0.1135386
-0.1159667
-0.1149182
-0.1232620
-0.1411601
-0.1553796
-0.1514821
-0.1262386
-0.0905661
-0.0614248
-0.0485955
-0.0475998
-0.0462335
-0.0381115
-0.0282865
-0.0257590
-0.0329329
-0.0435510
-0.0498670
-0.0511359
-0.0548558
-0.0682353
-0.0878772
-0.1008039
-0.0983238
-0.0864289
-0.0785726
-0.0796619
-0.0819603
-0.0769799
-0.0665706
-0.0596372
-0.0607425
-0.0661142
-0.0719619
-0.0838998
-0.1132970
-0.1616047
-0.2105916
-0.2308891
-0.1964674
-0.0848125
0.1307987
0.4677425
0.8943706
1.3063702
1.5634527
1.5728344
1.3517282
1.0133407
0.6884328
0.4495948
0.2958709
0.1938175
0.1215818
0.0749576
0.0472490
0.0210222
-0.0171128
-0.0626895
-0.1003376
-0.1216013
-0.1322502
-0.1436291
-0.1600357
-0.1753143
-0.1810099
-0.1766596
-0.1704272
-0.1696159
-0.1734198
-0.1766965
-0.1780928
-0.1813498
-0.1899475
-0.2031669
-0.2168109
-0.2262412
-0.2298385
-0.2304805
-0.2315787
-0.2306328
-0.2199885
-0.1966730
-0.1688084
-0.1481847
-0.1364831
-0.1215267
-0.0889499
-0.0386487
0.0100605
0.0323875
0.0212139
-0.0036219
-0.0125832
0.0061603
0.0383770
0.0612503
0.0647463
0.0558260
0.0474646
0.0472935
0.0546921
0.0653154
0.0771352
0.0916121
0.1090496
0.1248406
0.1320794
0.1267363
0.1093095
0.0839422
0.0577652
0.0377334
0.0243235
0.0103883
-0.0098054
-0.0314478
-0.0425813
-0.0363934
-0.0178331
0.0015345
0.0135712
0.0192268
0.0254963
0.0362543
0.0465197
0.0481456
0.0408964
0.0338892
0.0345317
0.0393847
0.0382200
0.0251436
0.0044080
-0.0130511
-0.0186595
-0.0144239
-0.0124261
-0.0232549
-0.0444605
-0.0631062
-0.0699158
-0.0681963
-0.0687980
-0.0790691
-0.0967849
-0.1123109
-0.1167467
-0.1101722
-0.1015574
-0.0988790
-0.1006385
-0.0989934
-0.0890912
-0.0726033
-0.0542570
-0.0383998
-0.0276298
-0.0214522
-0.0166858
-0.0110816
-0.0055213
-0.0016528
0.0002660
-0.0002947
-0.0051135
-0.0144915
-0.0259448
-0.0372370
-0.0480856
-0.0574344
-0.0622995
-0.0617518
-0.0599721
-0.0634211
-0.0758997
-0.0961304
-0.1179688
-0.1337417
-0.1406770
-0.1436013
-0.1479035
-0.1509840
-0.1456245
-0.1318260
-0.1197929
-0.1188965
-0.1268939
-0.1322275
-0.1259174
-0.1108883
-0.0999600
-0.1028251
-0.1139394
-0.1165988
-0.1016531
-0.0788040
-0.0656786
-0.0686884
-0.0789983
-0.0849940
-0.0837323
-0.0807152
-0.0822458
-0.0885672
-0.0934028
-0.0912237
-0.0850189
-0.0839269
-0.0924748
-0.1057168
-0.1160116
-0.1205295
-0.1205694
-0.1177399
-0.1131175
-0.1068500
-0.0968472
-0.0810295
-0.0622058
-0.0476123
-0.0424989
-0.0466974
-0.0572789
-0.0709766
-0.0838980
-0.0925386
-0.0957759
-0.0939460
-0.0875849
-0.0800086
-0.0782605
-0.0862182
-0.0978839
-0.1024943
-0.0962200
-0.0854009
-0.0791506
-0.0819127
-0.0917936
-0.1028729
-0.1102356
-0.1148595
-0.1214502
-0.1299355
-0.1331016
-0.1257943
-0.1129059
-0.1044045
-0.1044855
-0.1080653
-0.1060676
-0.0934822
-0.0755175
-0.0657582
-0.0729506
-0.0887668
-0.0949772
-0.0851030
-0.0728032
-0.0750458
-0.0919745
-0.1082579
-0.1117086
-0.1057289
-0.1021933
-0.1038009
-0.0980321
-0.0751311
-0.0519907
-0.0663387
-0.1362661
-0.2294990
-0.2826211
-0.2485345
-0.1160986
0.1112341
0.4337869
0.8355307
1.2481360
1.5521729
1.6357280
1.4703640
1.1367410
0.7708934
0.4769476
0.2830330
0.1650431
0.0920627
0.0444800
0.0082030
-0.0269245
-0.0614172
-0.0888379
-0.1069091
-0.1220609
-0.1424154
-0.1684844
-0.1912781
-0.2005551
-0.1968049
-0.1929374
-0.2003010
-0.2157187
-0.2278354
-0.2329787
-0.2365881
-0.2409311
-0.2412763
-0.2349723
-0.2252507
-0.2137993
-0.1973639
-0.1751960
-0.1546058
-0.1456430
-0.1518652
-0.1663168
-0.1754659
-0.1700070
-0.1539641
-0.1389845
-0.1275261
-0.1087577
-0.0759952
-0.0405569
-0.0201061
-0.0179203
-0.0214487
-0.0181559
-0.0060139
0.0093195
0.0220558
0.0321468
0.0461150
0.0694104
0.0972897
0.1182764
0.1273355
0.1294655
0.1300376
0.1297723
0.1306886
0.1378432
0.1513147
0.1632728
0.1661695
0.1587088
0.1431668
0.1232344
0.1046709
0.0910638
0.0784091
0.0599553
0.0359321
0.0130417
-0.0033274
-0.0104761
-0.0064328
0.0049061
0.0102479
-0.0016152
-0.0253190
-0.0427759
-0.0406933
-0.0207827
0.0025745
0.0103316
-0.0083422
-0.0437509
-0.0714519
-0.0766657
-0.0680032
-0.0627659
-0.0663661
-0.0719565
-0.0723575
-0.0651980
-0.0521768
-0.0388655
-0.0303147
-0.0241228
-0.0140695
-0.0014183
0.0058472
0.0054596
0.0024509
-0.0021907
-0.0128818
-0.0277525
-0.0371726
-0.0369338
-0.0333172
-0.0331203
-0.0371098
-0.0435575
-0.0500263
-0.0528186
-0.0522565
-0.0549712
-0.0631675
-0.0682474
-0.0654418
-0.0670270
-0.0872708
-0.1195596
-0.1423150
-0.1446124
-0.1346033
-0.1257626
-0.1243116
-0.1268021
-0.1232233
-0.1069992
-0.0850060
-0.0691465
-0.0574629
-0.0394794
-0.0239090
-0.0396294
-0.0963032
-0.1599527
-0.1809209
-0.1331057
-0.0135098
0.1830746
0.4685419
0.8346991
1.2206763
1.5092501
1.5794422
1.3965036
1.0551882
0.7129293
0.4716920
0.3304297
0.2363846
0.1513447
0.0685350
-0.0026428
-0.0529237
-0.0858325
-0.1171217
-0.1534295
-0.1797370
-0.1817427
-0.1693388
-0.1609275
-0.1575487
-0.1518956
-0.1488469
-0.1555769
-0.1644334
-0.1658943
-0.1644704
-0.1638272
-0.1542555
-0.1336000
-0.1200881
-0.1249779
-0.1341212
-0.1347822
-0.1361948
-0.1457031
-0.1516572
-0.1476968
-0.1455432
-0.1484652
-0.1438036
-0.1343365
-0.1399313
-0.1565462
-0.1559317
-0.1370791
-0.1305617
-0.1411103
-0.1381537
-0.1130360
-0.0880591
-0.0617112
-0.0111446
0.0448806
0.0618371
0.0543649
0.0783016
0.1227303
0.1253520
0.1055212
0.1498045
0.2309385
0.1926598
-0.0074798
