-0.0995682
-0.0876343
-0.0765911
-0.0640837
-0.0520710
-0.0441299
-0.0347020
-0.0142482
0.0151170
0.0401093
0.0533763
0.0609824
0.0712696
0.0843037
0.0952928
0.1027173
0.1096740
0.1196884
0.1324268
0.1420731
0.1409706
0.1272098
0.1071823
0.0882505
0.0710641
0.0519919
0.0303147
0.0086316
-0.0121070
-0.0330823
-0.0531785
-0.0679901
-0.0744212
-0.0745771
-0.0746788
-0.0805179
-0.0927398
-0.1057297
-0.1127800
-0.1134827
-0.1142772
-0.1205243
-0.1300027
-0.1357438
-0.1335603
-0.1252860
-0.1162565
-0.1112924
-0.1119309
-0.1158819
-0.1194991
-0.1213958
-0.1231630
-0.1267201
-0.1321095
-0.1376004
-0.1403747
-0.1374600
-0.1283042
-0.1169663
-0.1098005
-0.1098328
-0.1141761
-0.1171966
-0.1154446
-0.1099246
-0.1050456
-0.1053282
-0.1115602
-0.1195028
-0.1229715
-0.1185572
-0.1077410
-0.0957327
-0.0888049
-0.0907806
-0.0997572
-0.1085775
-0.1104823
-0.1050095
-0.0978354
-0.0948193
-0.0964338
-0.0976044
-0.0928572
-0.0823903
-0.0731869
-0.0728309
-0.0815394
-0.0914228
-0.0945099
-0.0906859
-0.0869339
-0.0895177
-0.0977726
-0.1051130
-0.1053985
-0.0984592
-0.0897810
-0.0849201
-0.0845986
-0.0854835
-0.0848713
-0.0835498
-0.0846123
-0.0906655
-0.1016415
-0.1136027
-0.1197005
-0.1144128
-0.0983765
-0.0787584
-0.0640385
-0.0577756
-0.0564848
-0.0527461
-0.0409095
-0.0213310
-0.0000376
0.0158572
0.0231494
0.0241795
0.0244849
0.0283831
0.0354505
0.0412944
0.0435153
0.0474999
0.0640424
0.0986087
0.1429942
0.1795139
0.1946545
0.1887944
0.1730434
0.1576807
0.1443795
0.1291466
0.1108512
0.0943576
0.0843411
0.0777535
0.0648336
0.0380201
-0.0010517
-0.0429879
-0.0774249
-0.0986558
-0.1074124
-0.1094171
-0.1114013
-0.1161348
-0.1205247
-0.1202704
-0.1182790
-0.1271951
-0.1582075
-0.2017324
-0.2192552
-0.1611743
-0.0006325
0.2470284
0.5384144
0.8342336
1.1147666
1.3647705
1.5516629
1.6308812
1.5810592
1.4333160
1.2581171
1.1146228
1.0081376
0.8959228
0.7342421
0.5206664
0.2952288
0.1070330
-0.0185335
-0.0869743
-0.1200834
-0.1386474
-0.1546419
-0.1716164
-0.1873198
-0.1967137
-0.1964400
-0.1888548
-0.1810520
-0.1786097
-0.1807165
-0.1825431
-0.1818766
-0.1817576
-0.1861776
-0.1943595
-0.2002000
-0.1973594
-0.1851617
-0.1702481
-0.1623487
-0.1669483
-0.1805542
-0.1929986
-0.1956290
-0.1887370
-0.1813545
-0.1826781
-0.1924539
-0.2001406
-0.1950921
-0.1781116
-0.1617764
-0.1583540
-0.1679241
-0.1791372
-0.1810655
-0.1732822
-0.1645651
-0.1629944
-0.1679788
-0.1714640
-0.1661593
-0.1524432
-0.1377749
-0.1298751
-0.1301249
-0.1325845
-0.1291312
-0.1166195
-0.0999917
-0.0876813
-0.0826310
-0.0780759
-0.0638249
-0.0374379
-0.0081976
0.0110585
0.0159894
0.0143780
0.0182252
0.0328938
0.0538072
0.0725397
0.0848625
0.0929563
0.1015542
0.1136037
0.1290976
0.1457427
0.1595186
0.1659253
0.1625727
0.1506757
0.1331337
0.1113851
0.0854087
0.0570540
0.0317602
0.0150142
0.0066054
-0.0004065
-0.0135101
-0.0332679
-0.0529282
-0.0659234
-0.0727377
-0.0793138
-0.0895147
-0.1010243
-0.1088870
-0.1112397
-0.1103156
-0.1089423
-0.1079643
-0.1072640
-0.1076718
-0.1105214
-0.1156989
-0.1214066
-0.1261314
-0.1295986
-0.1308529
-0.1268205
-0.1155225
-0.1013067
-0.0940686
-0.1002007
-0.1145378
-0.1240172
-0.1208627
-0.1109935
-0.1076934
-0.1170326
-0.1309554
-0.1354953
-0.1249840
-0.1070200
-0.0937551
-0.0900040
-0.0908479
-0.0894829
-0.0850613
-0.0823035
-0.0849689
-0.0909772
-0.0936748
-0.0875646
-0.0736529
-0.0599544
-0.0557781
-0.0635686
-0.0757467
-0.0810032
-0.0754185
-0.0673216
-0.0694303
-0.0849680
-0.1025799
-0.1071120
-0.0957981
-0.0818041
-0.0802547
-0.0920644
-0.1039259
-0.1041456
-0.0957639
-0.0922002
-0.1012772
-0.1162144
-0.1231457
-0.1158020
-0.1011073
-0.0909989
-0.0909977
-0.0975061
-0.1039965
-0.1070876
-0.1070345
-0.1056123
-0.1053696
-0.1087812
-0.1148247
-0.1163857
-0.1044199
-0.0773312
-0.0452681
-0.0222350
-0.0128604
-0.0087771
0.0001530
0.0125478
0.0170121
0.0079564
-0.0036830
0.0001311
0.0245672
0.0556643
0.0767234
0.0885164
0.1085877
0.1490967
0.1983290
0.2277039
0.2177574
0.1759848
0.1292570
0.1008074
0.0951393
0.1014363
0.1059942
0.1000770
0.0807038
0.0497927
0.0135614
-0.0206105
-0.0492871
-0.0743749
-0.0984399
-0.1197679
-0.1337458
-0.1384122
-0.1362376
-0.1303658
-0.1229087
-0.1200665
-0.1353526
-0.1782668
-0.2329412
-0.2509466
-0.1753214
0.0199058
0.3113968
0.6464063
0.9775867
1.2761916
1.5172220
1.6660811
1.6932293
1.6045426
1.4490164
1.2864226
1.1428920
0.9987434
0.8199427
0.5995921
0.3687833
0.1713720
0.0323257
-0.0517969
-0.0997839
-0.1293729
-0.1510675
-0.1696588
-0.1857056
-0.1960801
-0.1974380
-0.1916984
-0.1867983
-0.1897519
-0.1989639
-0.2052794
-0.2015931
-0.1905541
-0.1819881
-0.1833707
-0.1936384
-0.2055671
-0.2124940
-0.2122934
-0.2065044
-0.1978550
-0.1893102
-0.1840229
-0.1839744
-0.1877426
-0.1906353
-0.1886128
-0.1825577
-0.1779499
-0.1795391
-0.1861500
-0.1909381
-0.1871742
-0.1744285
-0.1595157
-0.1509965
-0.1518472
-0.1570419
-0.1585591
-0.1530473
-0.1444731
-0.1391391
-0.1384739
-0.1373269
-0.1294910
-0.1142757
-0.0969137
-0.0827484
-0.0722850
-0.0625816
-0.0520594
-0.0417180
-0.0316106
-0.0189530
-0.0021134
0.0146959
0.0242236
0.0254259
0.0280215
0.0445879
0.0769735
0.1121601
0.1336025
0.1368835
0.1331686
0.1371462
0.1528369
0.1717714
0.1833679
0.1848693
0.1812768
0.1780486
0.1756485
0.1703845
0.1586251
0.1397128
0.1160238
0.0913049
0.0685591
0.0483206
0.0285236
0.0068510
-0.0159176
-0.0352088
-0.0464413
-0.0499744
-0.0515276
-0.0568589
-0.0662029
-0.0746087
-0.0777491
-0.0767745
-0.0771823
-0.0832910
-0.0941692
-0.1047459
-0.1103395
-0.1099147
-0.1055868
-0.1001563
-0.0957527
-0.0940339
-0.0959780
-0.1005525
-0.1043409
-0.1040077
-0.0999228
-0.0968561
-0.0998922
-0.1087780
-0.1164661
-0.1143719
-0.1002468
-0.0811806
-0.0682748
-0.0675267
-0.0752517
-0.0820001
-0.0810157
-0.0735526
-0.0666919
-0.0660936
-0.0704609
-0.0728161
-0.0673227
-0.0550594
-0.0431561
-0.0382765
-0.0409052
-0.0457707
-0.0474815
-0.0455618
-0.0441564
-0.0472310
-0.0543738
-0.0611556
-0.0630955
-0.0591253
-0.0519273
-0.0458701
-0.0444921
-0.0485942
-0.0555520
-0.0607097
-0.0607242
-0.0565391
-0.0531210
-0.0556221
-0.0649664
-0.0765910
-0.0835097
-0.0813335
-0.0714016
-0.0597857
-0.0530818
-0.0540567
-0.0601483
-0.0658539
-0.0672111
-0.0645827
-0.0610656
-0.0581178
-0.0532342
-0.0423435
-0.0240732
-0.0010759
0.0222472
0.0419611
0.0545671
0.0570733
0.0496177
0.0379831
0.0309482
0.0331048
0.0411582
0.0496640
0.0605489
0.0837915
0.1255587
0.1762726
0.2139534
0.2217466
0.2016565
0.1702938
0.1427297
0.1225608
0.1063105
0.0925303
0.0828847
0.0759262
0.0647189
0.0432166
0.0130720
-0.0186896
-0.0481464
-0.0775398
-0.1090166
-0.1382450
-0.1569690
-0.1608226
-0.1523285
-0.1378715
-0.1265524
-0.1324221
-0.1694446
-0.2336201
-0.2883046
-0.2764780
-0.1581593
0.0617638
0.3455119
0.6596455
0.9908545
1.3196901
1.5895246
1.7235114
1.6871844
1.5309753
1.3569734
1.2343728
1.1471799
1.0254072
0.8232076
0.5632458
0.3106646
0.1152888
-0.0169243
-0.1064322
-0.1696949
-0.2099913
-0.2284371
-0.2325036
-0.2317361
-0.2309660
-0.2314448
-0.2356387
-0.2462720
-0.2606887
-0.2702888
-0.2685692
-0.2590987
-0.2533760
-0.2598211
-0.2751776
-0.2869595
-0.2841927
-0.2662816
-0.2429197
-0.2265476
-0.2240939
-0.2335140
-0.2462970
-0.2535685
-0.2518504
-0.2448283
-0.2398367
-0.2415037
-0.2475637
-0.2506319
-0.2448918
-0.2318766
-0.2196229
-0.2155153
-0.2197632
-0.2261708
-0.2290451
-0.2283488
-0.2277021
-0.2285904
-0.2282705
-0.2235021
-0.2147216
-0.2052802
-0.1972651
-0.1896721
-0.1808740
-0.1712375
-0.1620582
-0.1530124
-0.1428174
-0.1325072
-0.1254721
-0.1221260
-0.1157649
-0.0970486
-0.0642871
-0.0279665
-0.0029687
0.0043599
0.0012183
0.0010408
0.0120408
0.0322750
0.0536289
0.0690010
0.0766989
0.0805613
0.0869804
0.1001150
0.1176277
0.1308270
0.1307279
0.1154085
0.0913984
0.0675082
0.0475676
0.0292147
0.0086070
-0.0149874
-0.0388633
-0.0593600
-0.0738787
-0.0817703
-0.0850674
-0.0883840
-0.0962269
-0.1088243
-0.1210591
-0.1271782
-0.1271826
-0.1274299
-0.1336656
-0.1438111
-0.1491376
-0.1433750
-0.1300439
-0.1198414
-0.1206489
-0.1305544
-0.1407070
-0.1442861
-0.1420424
-0.1395890
-0.1408543
-0.1452459
-0.1502959
-0.1547866
-0.1580943
-0.1579485
-0.1515497
-0.1399274
-0.1295649
-0.1273941
-0.1335946
-0.1406216
-0.1405834
-0.1333353
-0.1263039
-0.1262353
-0.1321105
-0.1367422
-0.1345019
-0.1264007
-0.1179163
-0.1132397
-0.1122176
-0.1119746
-0.1104771
-0.1086242
-0.1093937
-0.1146199
-0.1218079
-0.1244070
-0.1168664
-0.1007110
-0.0850607
-0.0794269
-0.0850489
-0.0938222
-0.0964198
-0.0911733
-0.0844813
-0.0831857
-0.0879622
-0.0942822
-0.0979912
-0.0982352
-0.0956189
-0.0899811
-0.0814938
-0.0730524
-0.0695734
-0.0738511
-0.0834353
-0.0923441
-0.0961364
-0.0951998
-0.0931254
-0.0922637
-0.0911678
-0.0861465
-0.0747913
-0.0578688
-0.0383273
-0.0191213
-0.0020288
0.0121114
0.0227837
0.0295995
0.0323722
0.0312744
0.0274963
0.0243343
0.0270490
0.0399473
0.0624455
0.0887453
0.1130633
0.1355501
0.1614738
0.1928991
0.2214994
0.2318098
0.2138365
0.1733227
0.1291870
0.0999916
0.0917211
0.0968453
0.1028711
0.1006080
0.0859216
0.0577491
0.0180570
-0.0262873
-0.0650364
-0.0913669
-0.1075340
-0.1214306
-0.1358527
-0.1429079
-0.1330266
-0.1113211
-0.1016804
-0.1281843
-0.1879725
-0.2428828
-0.2412967
-0.1512723
0.0255552
0.2686080
0.5599285
0.8856319
1.2168896
1.4981631
1.6663163
1.6904697
1.5959554
1.4468388
1.2999231
1.1694923
1.0305248
0.8524589
0.6314119
0.3958563
0.1869779
0.0337995
-0.0588206
-0.1059025
-0.1297883
-0.1484591
-0.1693557
-0.1897426
-0.2026766
-0.2049468
-0.2011347
-0.2002136
-0.2077123
-0.2209518
-0.2317994
-0.2337481
-0.2263784
-0.2141518
-0.2026333
-0.1962542
-0.1976570
-0.2063359
-0.2172175
-0.2228184
-0.2194046
-0.2112066
-0.2067266
-0.2098016
-0.2152177
-0.2143422
-0.2047011
-0.1927029
-0.1867293
-0.1887581
-0.1935888
-0.1954365
-0.1938273
-0.1928574
-0.1958741
-0.2017129
-0.2055777
-0.2027826
-0.1921589
-0.1772762
-0.1647684
-0.1600633
-0.1630580
-0.1678081
-0.1675753
-0.1609634
-0.1528770
-0.1490684
-0.1499162
-0.1498102
-0.1423020
-0.1253907
-0.1022344
-0.0781038
-0.0574347
-0.0426803
-0.0336757
-0.0269840
-0.0171989
-0.0011345
0.0186436
0.0357873
0.0468795
0.0557024
0.0695103
0.0908529
0.1142354
0.1316355
0.1404964
0.1449336
0.1491601
0.1514375
0.1458496
0.1294937
0.1064704
0.0844990
0.0686159
0.0584641
0.0501370
0.0389778
0.0213655
-0.0033257
-0.0307469
-0.0529768
-0.0647756
-0.0694073
-0.0765082
-0.0922378
-0.1118013
-0.1234753
-0.1207016
-0.1090034
-0.0999602
-0.0994350
-0.1036273
-0.1064581
-0.1079641
-0.1130851
-0.1233000
-0.1328137
-0.1346688
-0.1289532
-0.1225625
-0.1210179
-0.1228723
-0.1232326
-0.1206884
-0.1180929
-0.1170651
-0.1152703
-0.1112325
-0.1094910
-0.1167756
-0.1320260
-0.1434346
-0.1388681
-0.1192055
-0.0989504
-0.0925915
-0.1015573
-0.1151964
-0.1225769
-0.1210739
-0.1146270
-0.1078003
-0.1038400
-0.1057675
-0.1146237
-0.1255880
-0.1294621
-0.1214875
-0.1079624
-0.1009596
-0.1055536
-0.1145338
-0.1174499
-0.1131179
-0.1101106
-0.1147600
-0.1219976
-0.1208091
-0.1077168
-0.0917418
-0.0849433
-0.0900088
-0.0989861
-0.1031001
-0.1012370
-0.0984690
-0.0989320
-0.1024302
-0.1068610
-0.1107376
-0.1121169
-0.1074776
-0.0949228
-0.0788933
-0.0690373
-0.0718178
-0.0832793
-0.0919814
-0.0901735
-0.0814080
-0.0762008
-0.0805009
-0.0894273
-0.0924573
-0.0838002
-0.0670994
-0.0507389
-0.0397554
-0.0323884
-0.0232792
-0.0089895
0.0091920
0.0265271
0.0383010
0.0429434
0.0430277
0.0434362
0.0476733
0.0552177
0.0626804
0.0682464
0.0752042
0.0905531
0.1191630
0.1583416
0.1975197
0.2235038
0.2276129
0.2102399
0.1804703
0.1510789
0.1314220
0.1223117
0.1166753
0.1060534
0.0875383
0.0644082
0.0398820
0.0116352
-0.0252246
-0.0691885
-0.1088013
-0.1311995
-0.1345151
-0.1292249
-0.1257637
-0.1236758
-0.1175237
-0.1132715
-0.1314858
-0.1855919
-0.2547612
-0.2839491
-0.2179755
-0.0389095
0.2288160
0.5453734
0.8798560
1.2056279
1.4810950
1.6518598
1.6840872
1.5961422
1.4498056
1.3036921
1.1728862
1.0323642
0.8554457
0.6451718
0.4306967
0.2411178
0.0883603
-0.0278605
-0.1079751
-0.1518575
-0.1677083
-0.1740171
-0.1873644
-0.2085195
-0.2235599
-0.2201606
-0.2019279
-0.1858199
-0.1860129
-0.2011440
-0.2169811
-0.2204721
-0.2111444
-0.2002314
-0.1998789
-0.2125137
-0.2288250
-0.2352670
-0.2249299
-0.2033906
-0.1848304
-0.1811220
-0.1925872
-0.2083263
-0.2159886
-0.2122709
-0.2046386
-0.2030603
-0.2099830
-0.2180814
-0.2174976
-0.2053384
-0.1885801
-0.1780579
-0.1792906
-0.1883151
-0.1958840
-0.1959008
-0.1903741
-0.1865389
-0.1891160
-0.1952386
-0.1969273
-0.1885653
-0.1720046
-0.1546036
-0.1426605
-0.1367275
-0.1324660
-0.1250514
-0.1128506
-0.0981673
-0.0853925
-0.0775726
-0.0729635
-0.0646137
-0.0453474
-0.0153629
0.0153410
0.0345037
0.0393092
0.0398770
0.0493815
0.0705253
0.0932918
0.1067394
0.1113711
0.1177684
0.1333166
0.1527812
0.1635316
0.1587482
0.1432657
0.1264946
0.1120397
0.0958808
0.0733205
0.0451053
0.0163610
-0.0082345
-0.0266574
-0.0386168
-0.0454711
-0.0515360
-0.0625363
-0.0798422
-0.0967525
-0.1036075
-0.0984685
-0.0914089
-0.0956792
-0.1138154
-0.1337202
-0.1397003
-0.1274115
-0.1077177
-0.0964326
-0.1008473
-0.1154033
-0.1285230
-0.1326772
-0.1290629
-0.1246022
-0.1251369
-0.1305604
-0.1354756
-0.1345769
-0.1279065
-0.1208903
-0.1188968
-0.1218164
-0.1244200
-0.1221294
-0.1160177
-0.1119558
-0.1152051
-0.1258816
-0.1386794
-0.1458799
-0.1412584
-0.1237089
-0.0994221
-0.0800438
-0.0756243
-0.0865562
-0.1022320
-0.1094964
-0.1040579
-0.0937398
-0.0899848
-0.0961938
-0.1048635
-0.1059728
-0.0971590
-0.0850952
-0.0778265
-0.0773594
-0.0800137
-0.0822563
-0.0841695
-0.0872535
-0.0909428
