0.2380511
0.2852239
0.1774328
0.1259580
0.1701550
0.1947898
0.1673940
0.1657088
0.2055734
0.2125236
0.1622190
0.1143199
0.1019198
0.0955978
0.0792031
0.0687849
0.0574409
0.0228386
-0.0140429
-0.0101000
0.0259633
0.0451336
0.0346098
0.0244912
0.0290002
0.0348689
0.0373775
0.0404099
0.0331713
0.0088272
-0.0087908
0.0047595
0.0343579
0.0489953
0.0466995
0.0448978
0.0467377
0.0466385
0.0492695
0.0566474
0.0564676
0.0455416
0.0425903
0.0570067
0.0680163
0.0552305
0.0287406
0.0113234
0.0104375
0.0210407
0.0355975
0.0408240
0.0258488
0.0022632
-0.0049846
0.0074520
0.0170620
0.0095595
-0.0060738
-0.0196311
-0.0325449
-0.0441918
-0.0474028
-0.0425485
-0.0383981
-0.0376045
-0.0373957
-0.0422178
-0.0586366
-0.0808666
-0.0971493
-0.1055304
-0.1090788
-0.1043890
-0.0913296
-0.0845527
-0.0965606
-0.1162534
-0.1213844
-0.1069680
-0.0877644
-0.0788990
-0.0850198
-0.1006028
-0.1114617
-0.1054088
-0.0895657
-0.0858763
-0.1018965
-0.1190145
-0.1180561
-0.1036911
-0.0944985
-0.0999848
-0.1149686
-0.1269583
-0.1245233
-0.1085700
-0.0971058
-0.1061930
-0.1244884
-0.1205123
-0.0781118
-0.0128480
0.0473439
0.0846490
0.0947146
0.0833267
0.0649612
0.0551757
0.0609047
0.0816753
0.1150362
0.1534778
0.1840040
0.2022096
0.2202368
0.2483824
0.2740888
0.2717675
0.2308262
0.1653238
0.1008255
0.0594654
0.0499757
0.0604676
0.0641519
0.0411549
-0.0058816
-0.0595815
-0.1048739
-0.1363394
-0.1574376
-0.1761248
-0.1941487
-0.2009118
-0.1891645
-0.1762080
-0.1919532
-0.2382303
-0.2735562
-0.2488662
-0.1501225
0.0037528
0.1987501
0.4476444
0.7640236
1.1100371
1.3781626
1.4503743
1.2984562
1.0227645
0.7733881
0.6262483
0.5396231
0.4238427
0.2385071
0.0235372
-0.1468156
-0.2305320
-0.2456572
-0.2425635
-0.2550562
-0.2811494
-0.3044811
-0.3190703
-0.3284586
-0.3346346
-0.3390062
-0.3461977
-0.3561668
-0.3579636
-0.3416272
-0.3144022
-0.2976162
-0.3065428
-0.3346436
-0.3559031
-0.3449026
-0.3017092
-0.2569327
-0.2440901
-0.2654401
-0.2919570
-0.2969310
-0.2809934
-0.2635365
-0.2595946
-0.2688710
-0.2802246
-0.2829847
-0.2775155
-0.2750132
-0.2830318
-0.2933631
-0.2902312
-0.2689945
-0.2409583
-0.2212112
-0.2166808
-0.2234328
-0.2301003
-0.2264585
-0.2137409
-0.2038948
-0.2047319
-0.2099954
-0.2082276
-0.1960470
-0.1774654
-0.1557822
-0.1329173
-0.1126772
-0.0979280
-0.0866090
-0.0753518
-0.0651982
-0.0599518
-0.0594543
-0.0555844
-0.0350594
0.0089649
0.0623710
0.0925758
0.0781198
0.0370317
0.0141665
0.0350774
0.0800624
0.1087809
0.1043096
0.0869641
0.0872601
0.1099682
0.1268443
0.1067679
0.0531098
0.0055490
0.0000568
0.0311736
0.0595705
0.0534573
0.0163798
-0.0227234
-0.0394969
-0.0345625
-0.0291415
-0.0409040
-0.0636929
-0.0756790
-0.0691489
-0.0637330
-0.0824450
-0.1195827
-0.1422316
-0.1250173
-0.0784677
-0.0405588
-0.0402736
-0.0694523
-0.0925939
-0.0864329
-0.0652097
-0.0599940
-0.0768933
-0.0880183
-0.0668341
-0.0221034
0.0104861
0.0056923
-0.0278114
-0.0587558
-0.0638628
-0.0474232
-0.0322087
-0.0329163
-0.0425878
-0.0464834
-0.0425951
-0.0416589
-0.0506677
-0.0645888
-0.0740316
-0.0748843
-0.0701338
-0.0668824
-0.0715823
-0.0844098
-0.0982858
-0.1056295
-0.1049875
-0.0998733
-0.0942444
-0.0911617
-0.0922102
-0.0954087
-0.0967518
-0.0958964
-0.0967552
-0.1007446
-0.1039570
-0.1033638
-0.1011667
-0.1000442
-0.0984109
-0.0939858
-0.0889415
-0.0879974
-0.0927145
-0.0994107
-0.1020916
-0.0979818
-0.0913949
-0.0896348
-0.0923086
-0.0888550
-0.0728514
-0.0559286
-0.0586441
-0.0859061
-0.1179725
-0.1291187
-0.1121636
-0.0828849
-0.0627281
-0.0590371
-0.0620901
-0.0605688
-0.0559282
-0.0557759
-0.0551706
-0.0366541
0.0040716
0.0423145
0.0490064
0.0316390
0.0369592
0.1012614
0.1990738
0.2527177
0.2056003
0.0892192
0.0067679
0.0371552
0.1557525
0.2611243
0.2822086
0.2474907
0.2415638
0.3036117
0.3829339
0.3956188
0.3151039
0.1996472
0.1324932
0.1418955
0.1835039
0.1951361
0.1572171
0.0974363
0.0500489
0.0244958
0.0095821
-0.0072726
-0.0304307
-0.0566896
-0.0782010
-0.0877959
-0.0868387
-0.0874826
-0.1026946
-0.1301264
-0.1451228
-0.1129287
-0.0114699
0.1588107
0.3886475
0.6738034
0.9988265
1.3043626
1.4914605
1.4848199
1.3014506
1.0493121
0.8475619
0.7404383
0.6816763
0.5952250
0.4474152
0.2643605
0.0923423
-0.0435305
-0.1397017
-0.1916572
-0.1923245
-0.1545293
-0.1180359
-0.1207048
-0.1642835
-0.2152991
-0.2398585
-0.2340319
-0.2200801
-0.2171958
-0.2210801
-0.2142026
-0.1916452
-0.1688456
-0.1622724
-0.1704594
-0.1802743
-0.1863725
-0.1951992
-0.2102977
-0.2222133
-0.2174539
-0.1946580
-0.1681951
-0.1547253
-0.1567144
-0.1610028
-0.1552938
-0.1438654
-0.1423622
-0.1572014
-0.1758437
-0.1801548
-0.1656314
-0.1446510
-0.1334180
-0.1378095
-0.1494588
-0.1536593
-0.1432854
-0.1267665
-0.1204744
-0.1314022
-0.1481827
-0.1501951
-0.1258128
-0.0832511
-0.0447375
-0.0278968
-0.0302793
-0.0335131
-0.0242725
-0.0076457
0.0038438
0.0100668
0.0240216
0.0521762
0.0815387
0.0919286
0.0798824
0.0661191
0.0760300
0.1118690
0.1468918
0.1513807
0.1249985
0.0993387
0.1066021
0.1487332
0.1984175
0.2256347
0.2200496
0.1922217
0.1602226
0.1365305
0.1240094
0.1200312
0.1209726
0.1216993
0.1146006
0.0949278
0.0675675
0.0438017
0.0292278
0.0179182
0.0007440
-0.0223448
-0.0403030
-0.0411414
-0.0242524
-0.0029616
0.0068751
0.0022811
-0.0049034
-0.0036530
0.0016170
-0.0033532
-0.0233370
-0.0447989
-0.0482876
-0.0278783
0.0024258
0.0207710
0.0163833
-0.0021097
-0.0167027
-0.0174200
-0.0082456
0.0024241
0.0116951
0.0204117
0.0263891
0.0247900
0.0148040
0.0027480
-0.0024724
0.0029454
0.0132697
0.0164905
0.0045270
-0.0183699
-0.0386072
-0.0452283
-0.0381233
-0.0255075
-0.0161630
-0.0141937
-0.0182788
-0.0245253
-0.0309639
-0.0389703
-0.0490512
-0.0568911
-0.0568650
-0.0494375
-0.0422935
-0.0433852
-0.0540554
-0.0684352
-0.0781147
-0.0785439
-0.0730750
-0.0701372
-0.0745566
-0.0822707
-0.0852552
-0.0809473
-0.0751226
-0.0756281
-0.0838535
-0.0918585
-0.0887400
-0.0726182
-0.0564364
-0.0576878
-0.0796908
-0.1056637
-0.1146005
-0.1021876
-0.0839020
-0.0780126
-0.0872878
-0.0978020
-0.0952502
-0.0814419
-0.0724123
-0.0790106
-0.0924847
-0.0935222
-0.0742665
-0.0458298
-0.0226413
-0.0046205
0.0201628
0.0559796
0.0874175
0.0917201
0.0656433
0.0377056
0.0470114
0.1051280
0.1811409
0.2295118
0.2337715
0.2205445
0.2302366
0.2754416
0.3278653
0.3445494
0.3072969
0.2384368
0.1796452
0.1564398
0.1626611
0.1742116
0.1705888
0.1429934
0.0916104
0.0249565
-0.0392044
-0.0817524
-0.0975483
-0.1011544
-0.1115323
-0.1289168
-0.1319997
-0.1052879
-0.0679754
-0.0634226
-0.1099107
-0.1671930
-0.1658520
-0.0730118
0.0825830
0.2584573
0.4597565
0.7310201
1.0767094
1.4024789
1.5609836
1.4747201
1.2140184
0.9425308
0.7780905
0.7064692
0.6272212
0.4707055
0.2613678
0.0762324
-0.0380628
-0.0983424
-0.1473251
-0.2009625
-0.2394026
-0.2420327
-0.2190800
-0.2036598
-0.2177112
-0.2522218
-0.2797445
-0.2803474
-0.2551930
-0.2222982
-0.2037926
-0.2123737
-0.2421169
-0.2708156
-0.2760160
-0.2535795
-0.2218801
-0.2060842
-0.2153646
-0.2340731
-0.2367040
-0.2133281
-0.1797099
-0.1614361
-0.1696314
-0.1935318
-0.2138710
-0.2195242
-0.2124905
-0.2022755
-0.1978970
-0.2024517
-0.2120391
-0.2194177
-0.2196108
-0.2128352
-0.2029723
-0.1937433
-0.1860057
-0.1787058
-0.1728042
-0.1728032
-0.1814697
-0.1927657
-0.1934611
-0.1742923
-0.1385532
-0.0988432
-0.0671778
-0.0489922
-0.0433537
-0.0450824
-0.0468526
-0.0423345
-0.0296071
-0.0121645
0.0037855
0.0143997
0.0218805
0.0325032
0.0496525
0.0693370
0.0838768
0.0890919
0.0861550
0.0778408
0.0665126
0.0564040
0.0546903
0.0672818
0.0925628
0.1190876
0.1304149
0.1155729
0.0782167
0.0355525
0.0057607
-0.0053473
-0.0062344
-0.0097884
-0.0221194
-0.0392113
-0.0524253
-0.0572275
-0.0574103
-0.0608925
-0.0717142
-0.0871033
-0.1018563
-0.1133859
-0.1219935
-0.1284504
-0.1325699
-0.1326143
-0.1253097
-0.1086368
-0.0864354
-0.0685901
-0.0636846
-0.0706180
-0.0788004
-0.0783220
-0.0706791
-0.0681730
-0.0799594
-0.0981332
-0.1014620
-0.0770500
-0.0373674
-0.0114752
-0.0176696
-0.0465724
-0.0720279
-0.0769607
-0.0675332
-0.0634923
-0.0769008
-0.1013196
-0.1210337
-0.1283321
-0.1291705
-0.1326398
-0.1390461
-0.1409107
-0.1334598
-0.1207357
-0.1115092
-0.1115415
-0.1203126
-0.1333242
-0.1456096
-0.1527462
-0.1505514
-0.1376558
-0.1204798
-0.1124818
-0.1227166
-0.1438170
-0.1558734
-0.1462187
-0.1240906
-0.1122632
-0.1233955
-0.1463479
-0.1570723
-0.1427297
-0.1141886
-0.0944198
-0.0956227
-0.1092980
-0.1180953
-0.1141506
-0.1043404
-0.1007371
-0.1094749
-0.1274280
-0.1452724
-0.1528222
-0.1449712
-0.1256430
-0.1058462
-0.0960863
-0.0989961
-0.1080207
-0.1128702
-0.1072494
-0.0925362
-0.0744854
-0.0569659
-0.0396795
-0.0212276
-0.0022065
0.0154427
0.0305133
0.0429004
0.0529671
0.0614622
0.0694255
0.0778381
0.0882406
0.1037128
0.1276840
0.1609449
0.2005409
0.2415705
0.2784919
0.3041008
0.3092871
0.2868603
0.2378730
0.1751639
0.1195064
0.0883547
0.0840155
0.0913910
0.0888420
0.0635488
0.0185266
-0.0329128
-0.0782969
-0.1128425
-0.1374890
-0.1519699
-0.1525022
-0.1396212
-0.1276417
-0.1392016
-0.1824363
-0.2327261
-0.2433979
-0.1804084
-0.0465970
0.1311847
0.3377257
0.5840426
0.8768418
1.1730071
1.3778119
1.4068928
1.2597416
1.0286166
0.8266873
0.7015945
0.6146894
0.4978044
0.3246623
0.1294490
-0.0335954
-0.1387696
-0.1982422
-0.2348126
-0.2572853
-0.2635076
-0.2570205
-0.2503322
-0.2519564
-0.2576959
-0.2585453
-0.2536919
-0.2513291
-0.2573215
-0.2671729
-0.2715017
-0.2677497
-0.2630043
-0.2641151
-0.2680900
-0.2662001
-0.2569903
-0.2501087
-0.2540904
-0.2633983
-0.2628067
-0.2455598
-0.2233775
-0.2148353
-0.2239796
-0.2337733
-0.2240271
-0.1957818
-0.1740004
-0.1822575
-0.2155328
-0.2423598
-0.2361107
-0.2021614
-0.1718730
-0.1706411
-0.1939780
-0.2147944
-0.2115220
-0.1870391
-0.1611209
-0.1482562
-0.1459575
-0.1431209
-0.1343798
-0.1233563
-0.1151538
-0.1104308
-0.1063569
-0.0988985
-0.0828774
-0.0541112
-0.0159123
0.0175322
0.0295215
0.0167830
-0.0032848
-0.0051093
0.0221487
0.0642868
0.0962246
0.1061866
0.1043151
0.1083851
0.1247861
0.1451040
0.1579925
0.1602177
0.1562142
0.1504527
0.1428311
0.1311391
0.1161923
0.1030594
0.0967124
0.0966959
0.0963544
0.0873262
0.0654611
0.0341002
0.0026602
-0.0192860
-0.0287602
-0.0308215
-0.0325686
-0.0359166
-0.0372537
-0.0337562
-0.0282438
-0.0270209
-0.0336885
-0.0456531
-0.0563996
-0.0610105
-0.0598115
-0.0569347
-0.0555641
-0.0549644
-0.0520475
-0.0450253
-0.0351685
-0.0257245
-0.0196959
-0.0181368
-0.0198788
-0.0228221
-0.0254288
-0.0267864
-0.0260039
-0.0229812
-0.0197017
-0.0189172
-0.0206515
-0.0215370
-0.0192850
-0.0171359
-0.0217166
-0.0353544
-0.0513176
-0.0585109
-0.0523265
-0.0406676
-0.0375291
-0.0492762
-0.0677033
-0.0776768
-0.0715249
-0.0554733
-0.0428557
-0.0422763
-0.0516631
-0.0615955
-0.0635853
-0.0567930
-0.0487646
-0.0498302
-0.0649304
-0.0885190
-0.1067720
-0.1071515
-0.0894679
-0.0685659
-0.0631844
-0.0787447
-0.1009761
-0.1089699
-0.0961914
-0.0780735
-0.0773625
-0.1008934
-0.1307264
-0.1391346
-0.1137796
-0.0692350
-0.0342562
-0.0276577
-0.0453212
-0.0680517
-0.0801411
-0.0813398
-0.0834926
-0.0964233
-0.1158210
-0.1246406
-0.1084207
-0.0708520
-0.0331121
-0.0155128
-0.0190962
-0.0262121
-0.0193268
0.0023951
0.0262146
0.0431697
0.0578445
0.0792036
0.1059589
0.1269539
0.1360768
0.1404874
0.1501988
0.1642595
0.1746703
0.1833704
0.2060481
0.2519553
0.3033577
0.3247472
0.2975940
0.2423662
0.2003203
0.1933348
0.2058749
0.2067559
0.1821077
0.1419273
0.0993524
0.0544404
0.0020545
-0.0522551
-0.0935381
-0.1141202
-0.1215386
-0.1268598
-0.1309559
-0.1290509
-0.1265875
-0.1404248
-0.1771801
-0.2137219
-0.2076873
-0.1301103
0.0171949
0.2185825
0.4693280
0.7689748
1.0855053
1.3380926
1.4352698
1.3442946
1.1252254
0.8909066
0.7252907
0.6324808
0.5567021
0.4451358
0.2919996
0.1316215
0.0010795
-0.0866195
-0.1408214
-0.1762491
-0.2013337
-0.2182777
-0.2280272
-0.2327813
-0.2350242
-0.2359110
-0.2350699
-0.2318893
-0.2273523
-0.2248513
-0.2281823
-0.2372159
-0.2459425
-0.2474956
-0.2427459
-0.2416831
-0.2525794
-0.2696292
-0.2753314
-0.2583700
-0.2278397
-0.2061551
-0.2068169
-0.2216120
-0.2316943
-0.2291872
-0.2236443
-0.2264776
-0.2339045
-0.2307620
-0.2107068
-0.1867255
-0.1776355
-0.1866297
-0.1980106
-0.1956638
-0.1808051
-0.1689483
-0.1716216
-0.1846751
-0.1944655
-0.1918558
-0.1779738
-0.1589244
-0.1395329
-0.1231619
-0.1133621
-0.1111790
-0.1111805
-0.1041628
-0.0861470
-0.0632603
-0.0455263
-0.0359956
-0.0276014
-0.0110716
0.0153146
0.0445467
0.0683112
0.0839243
0.0937421
0.0996628
0.1006332
0.0962067
0.0909399
0.0931302
0.1082030
0.1333324
0.1587008
0.1743747
0.1769554
0.1707339
0.1628139
0.1566665
0.1498057
0.1374303
0.1182805
0.0969879
0.0806791
0.0730137
0.0711835
0.0686744
0.0611323
0.0495130
0.0374517
0.0261886
0.0133209
-0.0028178
-0.0183576
-0.0250266
-0.0172492
0.0014931
0.0195760
0.0252498
0.0151102
-0.0038865
-0.0201128
-0.0257973
-0.0219299
-0.0163164
-0.0164458
-0.0224995
-0.0264120
-0.0188996
0.0008776
0.0224816
0.0324092
0.0262567
0.0124643
0.0033634
0.0028390
0.0037775
-0.0022828
-0.0144291
-0.0227687
-0.0194344
-0.0076355
0.0015094
0.0007447
-0.0060779
-0.0090474
-0.0036963
0.0035153
0.0014604
-0.0140168
-0.0346086
-0.0457159
-0.0389213
-0.0195463
-0.0023785
0.0006770
-0.0101390
-0.0244524
-0.0324152
-0.0331679
-0.0330182
-0.0363574
-0.0400716
-0.0379171
-0.0294874
-0.0225620
-0.0251147
-0.0357889
-0.0443004
-0.0422268
-0.0324206
-0.0261820
-0.0307338
-0.0405155
-0.0420654
-0.0278391
-0.0047627
0.0113715
0.0102533
-0.0037793
-0.0163059
-0.0163852
-0.0061831
0.0021312
