-0.0062482
-0.2021497
0.0583645
0.1947673
0.0754626
0.0104375
0.1025388
0.1460835
0.0785511
0.0625841
0.1317170
0.1351283
0.0421775
-0.0116946
0.0114100
0.0090326
-0.0428024
-0.0615667
-0.0415709
-0.0595784
-0.1106083
-0.1191635
-0.0924329
-0.1004133
-0.1337062
-0.1287771
-0.0985182
-0.1024909
-0.1277364
-0.1223059
-0.1029311
-0.1170326
-0.1447497
-0.1401488
-0.1203415
-0.1236827
-0.1330297
-0.1212782
-0.1155180
-0.1418711
-0.1654556
-0.1518702
-0.1292964
-0.1317343
-0.1413629
-0.1371243
-0.1370803
-0.1481700
-0.1385213
-0.0995949
-0.0725572
-0.0791375
-0.0885446
-0.0799103
-0.0742913
-0.0818184
-0.0796379
-0.0623085
-0.0556215
-0.0661837
-0.0720228
-0.0693117
-0.0742970
-0.0798116
-0.0655403
-0.0467500
-0.0565469
-0.0860100
-0.0962704
-0.0817901
-0.0704661
-0.0722128
-0.0759730
-0.0837392
-0.1016051
-0.1128508
-0.1017910
-0.0859616
-0.0875933
-0.0963402
-0.0948657
-0.0937277
-0.1063702
-0.1183931
-0.1149012
-0.1097740
-0.1179469
-0.1276876
-0.1262014
-0.1223451
-0.1218556
-0.1124687
-0.0932922
-0.0854554
-0.0960251
-0.1045533
-0.0995955
-0.0948797
-0.0982368
-0.0991227
-0.0960358
-0.1019151
-0.1152104
-0.1185943
-0.1103939
-0.1055988
-0.1058956
-0.1007843
-0.0949289
-0.1011344
-0.1109395
-0.1053542
-0.0893735
-0.0840686
-0.0907046
-0.0922797
-0.0834878
-0.0734752
-0.0690491
-0.0766945
-0.1035956
-0.1314405
-0.1071110
0.0136778
0.2255822
0.4912614
0.7749920
1.0378143
1.2266633
1.3009690
1.2624679
1.1459858
0.9957037
0.8544613
0.7461694
0.6528867
0.5326688
0.3734461
0.2093934
0.0783375
-0.0119659
-0.0702479
-0.1033741
-0.1210768
-0.1351419
-0.1457985
-0.1470795
-0.1455387
-0.1528288
-0.1632184
-0.1620767
-0.1528212
-0.1514886
-0.1591019
-0.1632231
-0.1618407
-0.1625878
-0.1636822
-0.1573481
-0.1465251
-0.1395413
-0.1360447
-0.1343795
-0.1413119
-0.1580718
-0.1702001
-0.1678062
-0.1618482
-0.1645803
-0.1687371
-0.1612827
-0.1429995
-0.1210377
-0.0975436
-0.0775317
-0.0715046
-0.0787991
-0.0838188
-0.0776478
-0.0678857
-0.0616127
-0.0564918
-0.0531222
-0.0566291
-0.0612811
-0.0527057
-0.0295737
-0.0053831
0.0129339
0.0301028
0.0464340
0.0557052
0.0591875
0.0643534
0.0710260
0.0749075
0.0808059
0.0957502
0.1139947
0.1249759
0.1298868
0.1347941
0.1351441
0.1231125
0.1027309
0.0830446
0.0642913
0.0435232
0.0241190
0.0079902
-0.0103778
-0.0311072
-0.0428563
-0.0405674
-0.0363747
-0.0423068
-0.0546240
-0.0641887
-0.0693350
-0.0708309
-0.0676307
-0.0642522
-0.0687992
-0.0784622
-0.0806126
-0.0716988
-0.0608937
-0.0533553
-0.0454288
-0.0377256
-0.0366915
-0.0413328
-0.0432543
-0.0406733
-0.0388143
-0.0378688
-0.0344701
-0.0325514
-0.0387443
-0.0499121
-0.0580330
-0.0630532
-0.0688392
-0.0725891
-0.0704866
-0.0667792
-0.0653808
-0.0605627
-0.0475593
-0.0331698
-0.0237961
-0.0124563
0.0094078
0.0345011
0.0449815
0.0302441
-0.0043398
-0.0346450
-0.0179145
0.0898675
0.3038154
0.5989470
0.9258897
1.2259517
1.4380335
1.5208515
1.4847551
1.3888921
1.2933451
1.2149441
1.1270405
0.9912379
0.7912833
0.5513869
0.3249726
0.1554289
0.0463261
-0.0249914
-0.0735441
-0.0995830
-0.1068842
-0.1090448
-0.1171195
-0.1330346
-0.1536802
-0.1721283
-0.1794997
-0.1755866
-0.1725180
-0.1790483
-0.1878402
-0.1870165
-0.1768003
-0.1661510
-0.1608339
-0.1627955
-0.1727610
-0.1855609
-0.1912688
-0.1880531
-0.1859175
-0.1925218
-0.2040035
-0.2133223
-0.2173363
-0.2127989
-0.1976149
-0.1801182
-0.1750187
-0.1851072
-0.1968662
-0.1975964
-0.1878492
-0.1756207
-0.1677278
-0.1671723
-0.1695775
-0.1632236
-0.1421975
-0.1173861
-0.1046248
-0.1050189
-0.1068897
-0.1027615
-0.0932363
-0.0783481
-0.0572240
-0.0339989
-0.0139138
0.0043710
0.0250449
0.0475338
0.0687503
0.0871991
0.0991983
0.0986197
0.0866638
0.0738246
0.0659262
0.0566411
0.0396642
0.0190269
0.0011319
-0.0141898
-0.0283204
-0.0383391
-0.0433305
-0.0491158
-0.0615124
-0.0800472
-0.0998740
-0.1139396
-0.1149288
-0.1042128
-0.0970664
-0.1078328
-0.1304534
-0.1447573
-0.1416412
-0.1310248
-0.1252849
-0.1260557
-0.1281184
-0.1264933
-0.1185370
-0.1063356
-0.0967780
-0.0939561
-0.0943137
-0.0938157
-0.0938695
-0.0942567
-0.0881063
-0.0724660
-0.0571900
-0.0540760
-0.0617541
-0.0685007
-0.0653141
-0.0509631
-0.0305369
-0.0144139
-0.0119622
-0.0209804
-0.0294380
-0.0310878
-0.0320430
-0.0391472
-0.0505320
-0.0611903
-0.0695067
-0.0749006
-0.0769735
-0.0798782
-0.0899644
-0.1066636
-0.1221595
-0.1307182
-0.1319755
-0.1264936
-0.1162568
-0.1084283
-0.1101580
-0.1199823
-0.1306634
-0.1379301
-0.1402010
-0.1350565
-0.1250306
-0.1219900
-0.1347492
-0.1544214
-0.1617930
-0.1489150
-0.1267874
-0.1128483
-0.1153950
-0.1275383
-0.1328224
-0.1203778
-0.0964206
-0.0753443
-0.0597468
-0.0402706
-0.0184543
-0.0161253
-0.0508881
-0.1070958
-0.1378276
-0.0927261
0.0561296
0.3035488
0.6137943
0.9320075
1.1971828
1.3528486
1.3646597
1.2468622
1.0689490
0.9152733
0.8241000
0.7665893
0.6848236
0.5457904
0.3631561
0.1797750
0.0340078
-0.0632639
-0.1249310
-0.1655106
-0.1888140
-0.1976714
-0.2034970
-0.2161650
-0.2311153
-0.2371024
-0.2333000
-0.2299377
-0.2345294
-0.2449158
-0.2540717
-0.2562529
-0.2505559
-0.2425006
-0.2396814
-0.2437002
-0.2498667
-0.2549059
-0.2585599
-0.2574590
-0.2465798
-0.2295152
-0.2185547
-0.2202177
-0.2271670
-0.2275771
-0.2166634
-0.1973251
-0.1761952
-0.1611564
-0.1565361
-0.1584378
-0.1588901
-0.1543835
-0.1461703
-0.1349335
-0.1218182
-0.1125188
-0.1127522
-0.1202627
-0.1270843
-0.1282908
-0.1237541
-0.1145999
-0.1037939
-0.0968500
-0.0955876
-0.0936930
-0.0837186
-0.0657746
-0.0453316
-0.0265645
-0.0119288
-0.0033016
0.0012841
0.0075863
0.0174844
0.0255756
0.0268760
0.0233014
0.0194270
0.0165635
0.0136471
0.0092337
0.0006562
-0.0139120
-0.0313419
-0.0464988
-0.0594289
-0.0738098
-0.0888724
-0.1002044
-0.1088061
-0.1214322
-0.1398897
-0.1559102
-0.1584529
-0.1425297
-0.1121427
-0.0795153
-0.0595001
-0.0582711
-0.0675099
-0.0738253
-0.0724410
-0.0683056
-0.0672647
-0.0706574
-0.0750810
-0.0730846
-0.0583772
-0.0354420
-0.0198951
-0.0238017
-0.0434126
-0.0650253
-0.0788627
-0.0836786
-0.0830331
-0.0824234
-0.0867855
-0.0962099
-0.1055418
-0.1096110
-0.1063284
-0.0954019
-0.0793676
-0.0658536
-0.0623404
-0.0673624
-0.0722846
-0.0722004
-0.0694750
-0.0670014
-0.0649968
-0.0649472
-0.0694882
-0.0765557
-0.0795063
-0.0750306
-0.0667462
-0.0598621
-0.0556176
-0.0516952
-0.0469572
-0.0475679
-0.0681221
-0.1187607
-0.1844336
-0.2208720
-0.1782917
-0.0303990
0.2167060
0.5309118
0.8585529
1.1304356
1.2836899
1.2932109
1.1876891
1.0342926
0.8988106
0.8058184
0.7288695
0.6221811
0.4667473
0.2869343
0.1261687
0.0131817
-0.0500128
-0.0790561
-0.0932444
-0.1051936
-0.1173993
-0.1274451
-0.1351241
-0.1419275
-0.1465409
-0.1469468
-0.1460055
-0.1487940
-0.1545680
-0.1571623
-0.1537890
-0.1485593
-0.1468894
-0.1502644
-0.1563753
-0.1614241
-0.1632802
-0.1645814
-0.1703448
-0.1804470
-0.1883880
-0.1903165
-0.1904147
-0.1933791
-0.1967376
-0.1961988
-0.1946574
-0.1995229
-0.2125394
-0.2267597
-0.2329909
-0.2271210
-0.2128397
-0.1986518
-0.1902406
-0.1852784
-0.1779077
-0.1667502
-0.1540337
-0.1386879
-0.1173982
-0.0927822
-0.0732834
-0.0629313
-0.0571059
-0.0505560
-0.0442880
-0.0418999
-0.0431170
-0.0435654
-0.0389257
-0.0283679
-0.0151058
-0.0028101
0.0093023
0.0247160
0.0411557
0.0487224
0.0408115
0.0229757
0.0059649
-0.0067393
-0.0194262
-0.0355340
-0.0544288
-0.0747840
-0.0953289
-0.1124182
-0.1210797
-0.1194268
-0.1109006
-0.1026867
-0.1014241
-0.1076186
-0.1142598
-0.1142294
-0.1085327
-0.1029317
-0.0976916
-0.0874216
-0.0716066
-0.0576606
-0.0503650
-0.0443328
-0.0312937
-0.0112950
0.0068063
0.0139272
0.0078866
-0.0061631
-0.0207933
-0.0320762
-0.0401193
-0.0449114
-0.0460368
-0.0480427
-0.0598039
-0.0829701
-0.1054040
-0.1131223
-0.1067917
-0.1000916
-0.1029420
-0.1125125
-0.1207950
-0.1252255
-0.1294203
-0.1361078
-0.1420285
-0.1412878
-0.1343958
-0.1311517
-0.1397681
-0.1539059
-0.1570299
-0.1417494
-0.1193934
-0.1071664
-0.1095005
-0.1145664
-0.1063520
-0.0797369
-0.0485613
-0.0398044
-0.0722264
-0.1332833
-0.1767424
-0.1463492
-0.0062136
0.2432199
0.5670478
0.9070830
1.1954613
1.3700601
1.3946559
1.2808819
1.0934427
0.9180013
0.8041396
0.7333924
0.6474805
0.5095700
0.3368469
0.1783147
0.0695354
0.0097483
-0.0255635
-0.0576531
-0.0902644
-0.1167138
-0.1340888
-0.1466416
-0.1586061
-0.1703747
-0.1819563
-0.1938697
-0.2030427
-0.2042463
-0.1989807
-0.1976798
-0.2086525
-0.2280260
-0.2442789
-0.2503849
-0.2486873
-0.2460593
-0.2472452
-0.2520304
-0.2567447
-0.2577641
-0.2530174
-0.2406942
-0.2201360
-0.1963395
-0.1795911
-0.1755595
-0.1776382
-0.1741903
-0.1624656
-0.1505520
-0.1459165
-0.1466160
-0.1444599
-0.1334989
-0.1146969
-0.0943652
-0.0782871
-0.0666291
-0.0558005
-0.0455028
-0.0404348
-0.0428880
-0.0469911
-0.0438241
-0.0307563
-0.0132875
0.0011837
0.0100240
0.0174053
0.0305326
0.0519166
0.0751455
0.0907443
0.0958505
0.0946321
0.0897479
0.0787885
0.0606097
0.0399724
0.0223496
0.0069346
-0.0118022
-0.0361812
-0.0605539
-0.0749172
-0.0742675
-0.0649781
-0.0597108
-0.0640765
-0.0706570
-0.0688009
-0.0575872
-0.0452460
-0.0379700
-0.0342472
-0.0297610
-0.0232935
-0.0165263
-0.0105906
-0.0044180
0.0034163
0.0110233
0.0129639
0.0070589
0.0008770
0.0055638
0.0205035
0.0296331
0.0188495
-0.0050927
-0.0190273
-0.0081663
0.0163523
0.0267685
0.0059421
-0.0341131
-0.0589345
-0.0325702
0.0718325
0.2759837
0.5904746
0.9852267
1.3683987
1.6194364
1.6680256
1.5488686
1.3740355
1.2434804
1.1736826
1.1038254
0.9648073
0.7430238
0.4854135
0.2541787
0.0830638
-0.0291126
-0.0986307
-0.1404299
-0.1648334
-0.1781912
-0.1825981
-0.1780450
-0.1661235
-0.1503726
-0.1341118
-0.1201292
-0.1112510
-0.1084070
-0.1084752
-0.1065015
-0.1009408
-0.0962101
-0.0995662
-0.1141481
-0.1338007
-0.1464257
-0.1455450
-0.1380092
-0.1369896
-0.1475162
-0.1623816
-0.1722101
-0.1753010
-0.1764835
-0.1803873
-0.1882382
-0.1985581
-0.2082463
-0.2138513
-0.2136489
-0.2090542
-0.2042158
-0.2037902
-0.2091091
-0.2156464
-0.2166852
-0.2112774
-0.2059227
-0.2054413
-0.2043768
-0.1914442
-0.1620900
-0.1235439
-0.0872692
-0.0586190
-0.0342458
-0.0081629
0.0205937
0.0470498
0.0677681
0.0875032
0.1145343
0.1485922
0.1772379
0.1869120
0.1758978
0.1547327
0.1354684
0.1218619
0.1084178
0.0874473
0.0578123
0.0272841
0.0054150
-0.0057522
-0.0126181
-0.0223905
-0.0365037
-0.0510065
-0.0607566
-0.0628698
-0.0583152
-0.0512475
-0.0462275
-0.0462005
-0.0530141
-0.0674515
-0.0868997
-0.1052453
-0.1181621
-0.1274570
-0.1374043
-0.1476869
-0.1532636
-0.1516427
-0.1477676
-0.1501356
-0.1622051
-0.1778158
-0.1857150
-0.1799908
-0.1661488
-0.1554816
-0.1536230
-0.1566342
-0.1578776
-0.1551400
-0.1497871
-0.1424384
-0.1325136
-0.1206367
-0.1088349
-0.0981542
-0.0870910
-0.0729398
-0.0556015
-0.0406604
-0.0367476
-0.0469510
-0.0631537
-0.0718546
-0.0666468
-0.0535945
-0.0442697
-0.0451634
-0.0538932
-0.0636417
-0.0700684
-0.0742668
-0.0794433
-0.0856342
-0.0896060
-0.0902592
-0.0913001
-0.0964702
-0.1041070
-0.1091649
-0.1097578
-0.1093165
-0.1125634
-0.1211466
-0.1330181
-0.1444843
-0.1525706
-0.1562600
-0.1560712
-0.1531146
-0.1491053
-0.1462967
-0.1458164
-0.1466627
-0.1479378
-0.1507134
-0.1546641
-0.1539568
-0.1416116
-0.1197481
-0.1011112
-0.0963568
-0.1016145
-0.1025943
-0.0906045
-0.0701353
-0.0487865
-0.0248094
0.0071115
0.0362321
0.0326867
-0.0214187
-0.0952788
-0.1162997
-0.0261277
0.1709815
0.4216418
0.6797726
0.9346093
1.1775295
1.3576874
1.3967840
1.2615983
1.0148641
0.7778227
0.6325595
0.5615890
0.4842572
0.3462589
0.1679392
0.0119980
-0.0805041
-0.1167784
-0.1283996
-0.1372089
-0.1466026
-0.1544374
-0.1632209
-0.1765982
-0.1921275
-0.2028886
-0.2061269
-0.2068242
-0.2111149
-0.2184463
-0.2226546
-0.2196317
-0.2114132
-0.2030481
-0.1976720
-0.1947558
-0.1913707
-0.1849829
-0.1765550
-0.1710193
-0.1729991
-0.1813097
-0.1886372
-0.1875481
-0.1771182
-0.1640465
-0.1572607
-0.1604672
-0.1693028
-0.1761702
-0.1778630
-0.1775375
-0.1795876
-0.1849117
-0.1921869
-0.2013300
-0.2128566
-0.2241979
-0.2292032
-0.2228560
-0.2063477
-0.1867145
-0.1706939
-0.1587939
-0.1462545
-0.1301762
-0.1139233
-0.1025393
-0.0949498
-0.0838284
-0.0639136
-0.0381073
-0.0138800
0.0048577
0.0204373
0.0363420
0.0510889
0.0583145
0.0531038
0.0376002
0.0195111
0.0052053
-0.0047172
-0.0133469
-0.0233056
-0.0359508
-0.0526509
-0.0738002
-0.0961528
-0.1130709
-0.1190101
-0.1142228
-0.1051235
-0.0995304
-0.1002690
-0.1027585
-0.0996541
-0.0887461
-0.0760482
-0.0706035
-0.0763571
-0.0890599
-0.1004669
-0.1053753
-0.1053296
-0.1060641
-0.1112540
-0.1188028
-0.1234093
-0.1221870
-0.1169949
-0.1118219
-0.1092651
-0.1096005
-0.1118039
-0.1145649
-0.1168608
-0.1183131
-0.1191157
-0.1195313
-0.1193092
-0.1172632
-0.1116454
-0.1021123
-0.0919523
-0.0870709
-0.0908868
-0.1000529
-0.1066259
-0.1055170
-0.0997292
-0.0977100
-0.1049820
-0.1179460
-0.1261157
-0.1212824
-0.1051174
-0.0878620
-0.0796515
-0.0830081
-0.0925553
-0.1003478
-0.1015818
-0.0973581
-0.0935691
-0.0962476
-0.1060510
-0.1166743
-0.1196388
-0.1118113
-0.0986736
-0.0899054
-0.0910765
-0.0991528
-0.1060146
-0.1062562
-0.1014282
-0.0973338
-0.0984983
-0.1052626
-0.1139952
-0.1182355
-0.1113409
-0.0921202
-0.0694513
-0.0580404
-0.0649094
-0.0793716
-0.0808304
-0.0614632
-0.0408607
-0.0519300
-0.1056414
-0.1684464
-0.1783397
-0.0873992
0.1085842
0.3772637
0.6772996
0.9726740
1.2246562
1.3855532
1.4172037
1.3225196
1.1539768
0.9815099
0.8450173
0.7348526
0.6159068
0.4680666
0.3042150
0.1550315
0.0427459
-0.0303021
-0.0743705
-0.1006652
-0.1171892
-0.1305323
-0.1460938
-0.1649528
-0.1824442
-0.1921866
-0.1923992
-0.1880333
-0.1864466
-0.1909163
-0.1980718
-0.2011967
-0.1960446
-0.1840965
-0.1708742
-0.1612762
-0.1561556
-0.1526560
-0.1471141
-0.1375330
