-0.0656951
-0.0652706
-0.0591413
-0.0568970
-0.0649644
-0.0781626
-0.0831809
-0.0720411
-0.0519869
-0.0403614
-0.0480564
-0.0678230
-0.0800989
-0.0715482
-0.0478437
-0.0272966
-0.0215711
-0.0235574
-0.0151934
0.0132005
0.0525839
0.0839946
0.0958590
0.0916997
0.0830601
0.0786407
0.0810130
0.0897075
0.1028048
0.1161733
0.1267234
0.1398287
0.1697435
0.2253559
0.2929417
0.3381147
0.3320423
0.2782044
0.2109100
0.1654012
0.1500700
0.1478083
0.1400449
0.1237923
0.1053799
0.0850712
0.0554444
0.0145173
-0.0268514
-0.0558430
-0.0732924
-0.0921222
-0.1187646
-0.1418290
-0.1453592
-0.1325104
-0.1291909
-0.1589447
-0.2152133
-0.2619825
-0.2614334
-0.1965564
-0.0654164
0.1387845
0.4281548
0.7914191
1.1667344
1.4546615
1.5729284
1.5107827
1.3361841
1.1484436
1.0136342
0.9306077
0.8476124
0.7110019
0.5081232
0.2757404
0.0724680
-0.0611103
-0.1244689
-0.1475596
-0.1621665
-0.1806628
-0.1979407
-0.2081452
-0.2150291
-0.2257338
-0.2387853
-0.2434877
-0.2328385
-0.2143655
-0.2047279
-0.2130023
-0.2313361
-0.2435237
-0.2416785
-0.2325275
-0.2275704
-0.2298425
-0.2326378
-0.2301871
-0.2260126
-0.2283594
-0.2384912
-0.2466217
-0.2412823
-0.2220673
-0.2015427
-0.1939406
-0.2022747
-0.2165882
-0.2241232
-0.2206250
-0.2121700
-0.2072375
-0.2080205
-0.2094618
-0.2058804
-0.1974789
-0.1897685
-0.1867759
-0.1856647
-0.1790330
-0.1628025
-0.1410797
-0.1222224
-0.1100692
-0.1000307
-0.0844880
-0.0613809
-0.0363298
-0.0162600
-0.0021351
0.0112058
0.0287502
0.0501701
0.0710640
0.0881133
0.1021553
0.1167664
0.1348259
0.1560946
0.1765726
0.1896811
0.1898072
0.1768457
0.1571609
0.1380620
0.1204973
0.0990127
0.0707076
0.0425954
0.0260016
0.0219968
0.0159142
-0.0083942
-0.0478514
-0.0781595
-0.0771731
-0.0498785
-0.0258612
-0.0298540
-0.0574472
-0.0828614
-0.0885155
-0.0814534
-0.0794156
-0.0869362
-0.0922539
-0.0869760
-0.0803810
-0.0879992
-0.1091247
-0.1238261
-0.1153418
-0.0904475
-0.0722094
-0.0743437
-0.0887967
-0.0996326
-0.1025580
-0.1050457
-0.1107146
-0.1127119
-0.1058895
-0.0988751
-0.1058742
-0.1267096
-0.1423344
-0.1346330
-0.1073213
-0.0821367
-0.0753028
-0.0829900
-0.0908827
-0.0920006
-0.0899891
-0.0883772
-0.0848804
-0.0785961
-0.0760601
-0.0832807
-0.0936210
-0.0913269
-0.0705173
-0.0460078
-0.0394758
-0.0554706
-0.0761984
-0.0817381
-0.0713085
-0.0609423
-0.0627908
-0.0724165
-0.0774389
-0.0733990
-0.0665380
-0.0630798
-0.0616312
-0.0580987
-0.0539773
-0.0551305
-0.0627438
-0.0696759
-0.0683092
-0.0603964
-0.0561530
-0.0629572
-0.0766569
-0.0853499
-0.0812592
-0.0680344
-0.0567277
-0.0554676
-0.0627683
-0.0695028
-0.0666377
-0.0519951
-0.0311418
-0.0124191
-0.0004531
0.0066821
0.0147445
0.0278509
0.0451012
0.0618049
0.0734806
0.0787368
0.0791519
0.0777762
0.0786787
0.0873397
0.1094379
0.1471827
0.1960097
0.2452636
0.2829428
0.3007950
0.2964114
0.2725957
0.2363778
0.1981883
0.1690211
0.1546045
0.1503668
0.1431468
0.1205562
0.0808209
0.0341872
-0.0053961
-0.0306299
-0.0447455
-0.0573352
-0.0766797
-0.1034927
-0.1290019
-0.1396648
-0.1287583
-0.1079760
-0.1058835
-0.1465277
-0.2212486
-0.2805616
-0.2603710
-0.1242498
0.1151289
0.4129836
0.7262379
1.0275782
1.2905112
1.4736505
1.5343492
1.4643483
1.3077993
1.1351482
0.9925328
0.8739019
0.7407796
0.5671653
0.3656384
0.1748896
0.0280460
-0.0663668
-0.1196365
-0.1478502
-0.1633451
-0.1749000
-0.1886321
-0.2055426
-0.2202111
-0.2253379
-0.2191015
-0.2076585
-0.1998832
-0.1997676
-0.2040502
-0.2067745
-0.2056583
-0.2041145
-0.2073461
-0.2163250
-0.2253624
-0.2260512
-0.2145890
-0.1958053
-0.1798180
-0.1742503
-0.1790699
-0.1879425
-0.1935561
-0.1919567
-0.1839036
-0.1743114
-0.1702571
-0.1766587
-0.1909700
-0.2021666
-0.1979747
-0.1759978
-0.1478289
-0.1301685
-0.1303112
-0.1402390
-0.1450533
-0.1366892
-0.1194267
-0.1036329
-0.0959482
-0.0951488
-0.0947879
-0.0876004
-0.0683338
-0.0359521
0.0041316
0.0408415
0.0639603
0.0725158
0.0763511
0.0874851
0.1091319
0.1339254
0.1531824
0.1666561
0.1818954
0.2044039
0.2299762
0.2474664
0.2484544
0.2336727
0.2109563
0.1885458
0.1703432
0.1553124
0.1391930
0.1172960
0.0883518
0.0572423
0.0327452
0.0204804
0.0176341
0.0156197
0.0083439
-0.0027755
-0.0120761
-0.0167110
-0.0193808
-0.0245296
-0.0332794
-0.0426328
-0.0486251
-0.0492530
-0.0450850
-0.0388532
-0.0348066
-0.0363820
-0.0424362
-0.0465106
-0.0426056
-0.0329595
-0.0282015
-0.0370317
-0.0553693
-0.0679388
-0.0627656
-0.0441430
-0.0297948
-0.0342499
-0.0552417
-0.0766996
-0.0842974
-0.0773043
-0.0663403
-0.0620378
-0.0667252
-0.0747847
-0.0780930
-0.0712320
-0.0546766
-0.0354849
-0.0238691
-0.0259367
-0.0380714
-0.0494785
-0.0520095
-0.0476321
-0.0451485
-0.0494800
-0.0557649
-0.0551567
-0.0453206
-0.0332295
-0.0275324
-0.0300330
-0.0356075
-0.0389829
-0.0397923
-0.0415304
-0.0476481
-0.0591366
-0.0737972
-0.0859517
-0.0882047
-0.0771757
-0.0593545
-0.0489124
-0.0556659
-0.0740947
-0.0870217
-0.0829046
-0.0688241
-0.0637364
-0.0781385
-0.1022681
-0.1158510
-0.1084625
-0.0884954
-0.0724281
-0.0676610
-0.0673324
-0.0604568
-0.0442885
-0.0259114
-0.0137827
-0.0099016
-0.0096854
-0.0070996
0.0008987
0.0129746
0.0243666
0.0299439
0.0289749
0.0282170
0.0388583
0.0678293
0.1108377
0.1545775
0.1869684
0.2055465
0.2155297
0.2202662
0.2155074
0.1945773
0.1585092
0.1189523
0.0897091
0.0754366
0.0685909
0.0563384
0.0297975
-0.0116692
-0.0615244
-0.1091849
-0.1441134
-0.1614054
-0.1658230
-0.1682902
-0.1750877
-0.1810395
-0.1777162
-0.1703421
-0.1815349
-0.2297801
-0.3003022
-0.3411634
-0.2951169
-0.1393175
0.1050228
0.3983697
0.7107050
1.0195904
1.2873041
1.4562546
1.4821138
1.3751870
1.2020165
1.0372392
0.9090763
0.7897940
0.6362849
0.4373195
0.2236212
0.0390885
-0.0925971
-0.1761641
-0.2291470
-0.2644594
-0.2861472
-0.2950733
-0.2942897
-0.2900071
-0.2898506
-0.2993519
-0.3171933
-0.3335304
-0.3364265
-0.3232775
-0.3055915
-0.2996052
-0.3103077
-0.3254546
-0.3270597
-0.3093174
-0.2844381
-0.2704348
-0.2739827
-0.2860137
-0.2931409
-0.2913155
-0.2875166
-0.2896034
-0.2966401
-0.2998411
-0.2922315
-0.2764429
-0.2625886
-0.2584284
-0.2618763
-0.2636079
-0.2571613
-0.2460096
-0.2400301
-0.2447063
-0.2540494
-0.2548702
-0.2389185
-0.2112825
-0.1864581
-0.1753280
-0.1754880
-0.1742442
-0.1610274
-0.1368637
-0.1120369
-0.0949803
-0.0837054
-0.0681973
-0.0413076
-0.0070115
0.0229035
0.0408239
0.0513334
0.0660939
0.0904991
0.1165785
0.1305282
0.1274678
0.1175955
0.1164424
0.1289032
0.1438827
0.1452837
0.1273811
0.0983272
0.0695236
0.0442278
0.0178676
-0.0124193
-0.0416940
-0.0615506
-0.0690307
-0.0698058
-0.0727937
-0.0826275
-0.0972611
-0.1113792
-0.1209868
-0.1256486
-0.1284510
-0.1343327
-0.1463377
-0.1613441
-0.1702184
-0.1650315
-0.1477099
-0.1304855
-0.1259841
-0.1363474
-0.1525518
-0.1643001
-0.1695993
-0.1740315
-0.1816443
-0.1888128
-0.1885770
-0.1801791
-0.1719020
-0.1730260
-0.1837262
-0.1944899
-0.1959813
-0.1887309
-0.1823337
-0.1850585
-0.1947468
-0.2005075
-0.1935281
-0.1758104
-0.1579219
-0.1486202
-0.1475035
-0.1476584
-0.1441225
-0.1385967
-0.1361199
-0.1382554
-0.1404119
-0.1361034
-0.1236928
-0.1085797
-0.0983833
-0.0958755
-0.0967747
-0.0945942
-0.0877103
-0.0815776
-0.0834355
-0.0940334
-0.1046584
-0.1037719
-0.0880322
-0.0666526
-0.0536608
-0.0552136
-0.0648509
-0.0713267
-0.0702448
-0.0669535
-0.0680024
-0.0711886
-0.0660362
-0.0450708
-0.0135718
0.0138702
0.0272944
0.0308492
0.0371853
0.0527004
0.0697872
0.0747931
0.0635264
0.0478011
0.0454736
0.0636984
0.0927691
0.1171734
0.1321760
0.1482417
0.1786502
0.2232512
0.2647494
0.2810587
0.2624594
0.2190256
0.1728847
0.1423041
0.1305105
0.1274106
0.1210515
0.1074196
0.0896069
0.0687563
0.0386513
-0.0074866
-0.0642804
-0.1122512
-0.1338327
-0.1319557
-0.1278223
-0.1365916
-0.1489780
-0.1443754
-0.1234721
-0.1192766
-0.1652091
-0.2499452
-0.3107311
-0.2786233
-0.1308798
0.1035120
0.3850343
0.6968416
1.0279655
1.3317949
1.5238228
1.5401581
1.4013241
1.2076303
1.0600132
0.9800725
0.9058745
0.7630562
0.5378570
0.2849472
0.0742490
-0.0629481
-0.1412624
-0.1902184
-0.2258830
-0.2487807
-0.2573180
-0.2557854
-0.2516370
-0.2505824
-0.2552227
-0.2648682
-0.2746920
-0.2777897
-0.2720544
-0.2651531
-0.2688190
-0.2852626
-0.3010338
-0.2986329
-0.2756237
-0.2495094
-0.2409623
-0.2529496
-0.2687219
-0.2704884
-0.2578063
-0.2461823
-0.2489272
-0.2628337
-0.2724611
-0.2668649
-0.2500812
-0.2352328
-0.2305474
-0.2327924
-0.2333327
-0.2281724
-0.2212264
-0.2189795
-0.2230035
-0.2274215
-0.2233500
-0.2065668
-0.1818803
-0.1600378
-0.1492692
-0.1484519
-0.1478123
-0.1368808
-0.1131728
-0.0839012
-0.0587763
-0.0406405
-0.0236008
-0.0007291
0.0273938
0.0532005
0.0710881
0.0841965
0.1008392
0.1243343
0.1478666
0.1609150
0.1608327
0.1564973
0.1590191
0.1692560
0.1761118
0.1675204
0.1418667
0.1081425
0.0764946
0.0502854
0.0268039
0.0035262
-0.0178333
-0.0333021
-0.0417606
-0.0474152
-0.0567847
-0.0727902
-0.0914157
-0.1044500
-0.1068168
-0.1024073
-0.1018985
-0.1123836
-0.1282816
-0.1349083
-0.1237818
-0.1036382
-0.0930943
-0.1013034
-0.1182841
-0.1266538
-0.1216133
-0.1158410
-0.1232641
-0.1406854
-0.1495245
-0.1367879
-0.1113002
-0.0958587
-0.1036595
-0.1253350
-0.1400608
-0.1369116
-0.1234025
-0.1149178
-0.1189282
-0.1297306
-0.1357768
-0.1301001
-0.1147027
-0.0974534
-0.0859075
-0.0827691
-0.0851186
-0.0874022
-0.0863807
-0.0840013
-0.0845314
-0.0880463
-0.0880942
-0.0779599
-0.0592324
-0.0420867
-0.0358729
-0.0402200
-0.0462911
-0.0462656
-0.0407250
-0.0369001
-0.0404802
-0.0494425
-0.0555060
-0.0513265
-0.0368913
-0.0201676
-0.0118158
-0.0173991
-0.0323179
-0.0443870
-0.0438601
-0.0323614
-0.0205660
-0.0156670
-0.0125329
0.0003264
0.0262530
0.0546267
0.0712373
0.0732211
0.0712858
0.0765607
0.0873929
0.0917084
0.0822764
0.0667503
0.0606607
0.0720766
0.0958481
0.1224277
0.1488547
0.1790406
0.2148810
0.2496746
0.2709196
0.2690231
0.2437939
0.2042671
0.1635646
0.1330451
0.1181539
0.1162864
0.1175470
0.1097292
0.0856122
0.0470393
0.0023111
-0.0402617
-0.0769805
-0.1088603
-0.1381160
-0.1633546
-0.1772582
-0.1711640
-0.1458468
-0.1188920
-0.1174616
-0.1573022
-0.2245318
-0.2783145
-0.2744709
-0.1887248
-0.0182488
0.2340349
0.5645314
0.9475011
1.3109750
1.5525311
1.6017045
1.4784468
1.2858141
1.1323459
1.0500433
0.9821777
0.8492284
0.6272989
0.3665807
0.1418207
-0.0081460
-0.0951978
-0.1505970
-0.1912056
-0.2159104
-0.2236748
-0.2246184
-0.2320954
-0.2488654
-0.2648633
-0.2683143
-0.2573639
-0.2409936
-0.2306142
-0.2317497
-0.2418160
-0.2529860
-0.2573028
-0.2522360
-0.2433123
-0.2398243
-0.2457466
-0.2550846
-0.2576631
-0.2496179
-0.2371802
-0.2299715
-0.2315149
-0.2369926
-0.2398882
-0.2395513
-0.2410578
-0.2478416
-0.2562066
-0.2583686
-0.2500948
-0.2341302
-0.2169774
-0.2041067
-0.1977937
-0.1969044
-0.1973960
-0.1944593
-0.1860796
-0.1747721
-0.1650632
-0.1586850
-0.1520440
-0.1386329
-0.1146210
-0.0826341
-0.0500709
-0.0237267
-0.0060011
0.0049178
0.0132243
0.0240311
0.0412115
0.0645804
0.0898410
0.1127222
0.1327474
0.1517733
0.1693496
0.1812683
0.1834497
0.1766002
0.1660538
0.1564224
0.1465276
0.1305847
0.1051755
0.0744295
0.0471808
0.0291408
0.0185896
0.0090276
-0.0053346
-0.0259405
-0.0490696
-0.0677337
-0.0764071
-0.0759677
-0.0738453
-0.0778844
-0.0890076
-0.0997586
-0.1008982
-0.0907361
-0.0781210
-0.0747556
-0.0836094
-0.0959683
-0.1009679
-0.0969884
-0.0922146
-0.0947210
-0.1038382
-0.1114600
-0.1105672
-0.1018934
-0.0927245
-0.0897033
-0.0930943
-0.0979890
-0.1000907
-0.0992447
-0.0981378
-0.0995541
-0.1048462
-0.1125856
-0.1175529
-0.1132742
-0.0982338
-0.0796211
-0.0690688
-0.0730173
-0.0864740
-0.0965783
-0.0938788
-0.0813864
-0.0717937
-0.0743326
-0.0847112
-0.0893590
-0.0793550
-0.0589070
-0.0405106
-0.0334196
-0.0369178
-0.0431551
-0.0455096
-0.0444759
-0.0457178
-0.0526175
-0.0615435
-0.0649073
-0.0583313
-0.0447518
-0.0326216
-0.0301786
-0.0392953
-0.0532922
-0.0619932
-0.0608481
-0.0550452
-0.0537870
-0.0607419
-0.0704767
-0.0736473
-0.0654743
-0.0501382
-0.0373954
-0.0340960
-0.0384551
-0.0426985
-0.0405417
-0.0311360
-0.0170990
-0.0014559
0.0133724
0.0263540
0.0390019
0.0540753
0.0716349
0.0871586
0.0949357
0.0937605
0.0891003
0.0888081
0.0953482
0.1025705
0.1029966
0.0999485
0.1097327
0.1476450
0.2107371
0.2756055
0.3136493
0.3095662
0.2690379
0.2128695
0.1637041
0.1341790
0.1233282
0.1215672
0.1183312
0.1068107
0.0849944
0.0543750
0.0175627
-0.0227990
-0.0624922
-0.0953813
-0.1181312
-0.1347174
-0.1517196
-0.1677891
-0.1725268
-0.1602660
-0.1432576
-0.1455961
-0.1795485
-0.2257806
-0.2371430
-0.1650357
0.0125735
0.2825296
0.6075257
0.9389238
1.2213629
1.4007316
1.4469724
1.3769752
1.2489492
1.1235749
1.0225529
0.9202639
0.7746902
0.5700493
0.3348235
0.1213112
-0.0324092
-0.1229513
-0.1709467
-0.1978567
-0.2145893
-0.2251898
-0.2330568
-0.2417771
-0.2526025
-0.2628760
-0.2680612
-0.2670547
-0.2650420
-0.2681212
-0.2747446
-0.2760673
-0.2664485
-0.2510138
-0.2411948
-0.2443465
-0.2579076
-0.2714249
-0.2745490
-0.2663589
-0.2573245
-0.2590638
-0.2715187
-0.2826659
-0.2810641
-0.2666721
-0.2500705
-0.2432435
-0.2495272
-0.2597748
-0.2603312
-0.2480498
-0.2351256
-0.2350988
-0.2462997
-0.2537365
-0.2458691
-0.2252898
-0.2041855
-0.1931361
-0.1930737
-0.1947201
-0.1867228
-0.1662671
-0.1402375
-0.1161698
-0.0966389
-0.0824950
-0.0735657
-0.0628527
-0.0383988
0.0022995
0.0447058
0.0702603
0.0747912
0.0714837
0.0788536
0.1057767
0.1422446
0.1650469
0.1607226
0.1428872
0.1370228
0.1481329
0.1557603
0.1423907
0.1127410
0.0813750
0.0554354
0.0347598
0.0159492
-0.0081656
-0.0400439
-0.0666148
-0.0741487
-0.0760503
-0.1028137
-0.1566037
