-0.1237837
-0.1340258
-0.0759721
-0.0451188
-0.0566924
-0.0562844
-0.0288187
-0.0120431
-0.0187576
-0.0210536
-0.0089279
-0.0035083
-0.0107032
-0.0113767
0.0011213
0.0151867
0.0317681
0.0637044
0.1053730
0.1355158
0.1484433
0.1542965
0.1527242
0.1337168
0.1014317
0.0731933
0.0573467
0.0504921
0.0501592
0.0524558
0.0449280
0.0191310
-0.0163670
-0.0488646
-0.0778086
-0.1060239
-0.1274646
-0.1383940
-0.1488936
-0.1671418
-0.1811268
-0.1718093
-0.1409331
-0.1158589
-0.1280640
-0.1856383
-0.2548003
-0.2672098
-0.1639721
0.0556083
0.3362552
0.6205516
0.8883463
1.1388797
1.3506785
1.4750620
1.4701804
1.3404714
1.1454468
0.9636274
0.8343969
0.7322856
0.6044515
0.4308362
0.2403035
0.0753782
-0.0429579
-0.1172060
-0.1581111
-0.1755879
-0.1775300
-0.1716366
-0.1678460
-0.1750124
-0.1915594
-0.2049796
-0.2067203
-0.2029842
-0.2051411
-0.2148644
-0.2250443
-0.2300318
-0.2283500
-0.2202743
-0.2095680
-0.2036942
-0.2062710
-0.2122359
-0.2145784
-0.2125105
-0.2102299
-0.2117424
-0.2187445
-0.2285234
-0.2325691
-0.2234942
-0.2054044
-0.1915675
-0.1899916
-0.1967650
-0.2042848
-0.2092812
-0.2112113
-0.2095552
-0.2056466
-0.2026541
-0.2018231
-0.2016781
-0.2005204
-0.1963828
-0.1865613
-0.1719804
-0.1601372
-0.1583724
-0.1651989
-0.1723491
-0.1734390
-0.1668575
-0.1535098
-0.1370056
-0.1235274
-0.1160611
-0.1100597
-0.0987710
-0.0812366
-0.0620862
-0.0459012
-0.0344802
-0.0266839
-0.0183208
-0.0053327
0.0104657
0.0220505
0.0257168
0.0257812
0.0293565
0.0400263
0.0574799
0.0785264
0.0966253
0.1050958
0.1036384
0.0988741
0.0968417
0.0971772
0.0947325
0.0842136
0.0641191
0.0397141
0.0210422
0.0136715
0.0119157
0.0050981
-0.0103554
-0.0289135
-0.0444725
-0.0560172
-0.0653180
-0.0737700
-0.0823760
-0.0918781
-0.1020968
-0.1120404
-0.1196818
-0.1214447
-0.1152616
-0.1057290
-0.1023299
-0.1095669
-0.1217084
-0.1298011
-0.1309071
-0.1281256
-0.1251038
-0.1238490
-0.1252096
-0.1278768
-0.1280352
-0.1224109
-0.1114865
-0.0995756
-0.0927592
-0.0952496
-0.1046019
-0.1115641
-0.1088992
-0.1001727
-0.0954273
-0.0978719
-0.0995215
-0.0914876
-0.0749046
-0.0597337
-0.0548385
-0.0602611
-0.0678148
-0.0689987
-0.0632005
-0.0574115
-0.0575402
-0.0625585
-0.0683235
-0.0731422
-0.0763161
-0.0748929
-0.0670952
-0.0576556
-0.0549212
-0.0619819
-0.0732103
-0.0799935
-0.0787912
-0.0740479
-0.0736669
-0.0804331
-0.0879756
-0.0874277
-0.0780316
-0.0680662
-0.0649077
-0.0678039
-0.0715371
-0.0734032
-0.0744156
-0.0764370
-0.0804383
-0.0859051
-0.0903591
-0.0906001
-0.0853001
-0.0758796
-0.0655662
-0.0587603
-0.0594181
-0.0670071
-0.0748617
-0.0756185
-0.0682188
-0.0574307
-0.0472877
-0.0374353
-0.0251184
-0.0083240
0.0121744
0.0314198
0.0419276
0.0398463
0.0298259
0.0219782
0.0235402
0.0336920
0.0455989
0.0534710
0.0594481
0.0734882
0.1031863
0.1422524
0.1720141
0.1768284
0.1570230
0.1263504
0.0995217
0.0832561
0.0756547
0.0703378
0.0615492
0.0474919
0.0296111
0.0091701
-0.0145094
-0.0425980
-0.0743517
-0.1055959
-0.1294439
-0.1410556
-0.1433671
-0.1449851
-0.1493805
-0.1502158
-0.1438852
-0.1443508
-0.1741314
-0.2323600
-0.2748454
-0.2354981
-0.0751930
0.1880490
0.4970937
0.8013933
1.0802289
1.3211108
1.4881657
1.5314079
1.4359489
1.2527881
1.0667634
0.9293714
0.8253067
0.7033018
0.5337517
0.3349824
0.1507167
0.0113068
-0.0810643
-0.1376904
-0.1662156
-0.1719361
-0.1674278
-0.1694762
-0.1845896
-0.2038466
-0.2151111
-0.2166184
-0.2159807
-0.2192065
-0.2246759
-0.2272475
-0.2252741
-0.2222496
-0.2221387
-0.2244760
-0.2255506
-0.2242657
-0.2244538
-0.2299849
-0.2393719
-0.2469800
-0.2482442
-0.2423638
-0.2319951
-0.2226136
-0.2202503
-0.2263537
-0.2349944
-0.2378190
-0.2325715
-0.2255209
-0.2249399
-0.2324068
-0.2404961
-0.2395502
-0.2277199
-0.2136672
-0.2075200
-0.2096686
-0.2111931
-0.2055075
-0.1962879
-0.1922880
-0.1966811
-0.2035502
-0.2036932
-0.1925278
-0.1734338
-0.1549136
-0.1442309
-0.1425597
-0.1450716
-0.1446833
-0.1363289
-0.1204174
-0.1036563
-0.0938900
-0.0911656
-0.0855458
-0.0674765
-0.0400505
-0.0173739
-0.0096218
-0.0121830
-0.0113548
0.0003937
0.0167840
0.0259443
0.0252428
0.0255027
0.0384587
0.0614165
0.0781088
0.0757155
0.0579342
0.0393337
0.0291701
0.0230985
0.0092502
-0.0198182
-0.0599325
-0.0970923
-0.1163736
-0.1120833
-0.0921627
-0.0733993
-0.0700900
-0.0833715
-0.0998006
-0.1031330
-0.0908935
-0.0781447
-0.0812587
-0.0983793
-0.1103130
-0.1023471
-0.0816211
-0.0695685
-0.0783826
-0.0983603
-0.1097173
-0.1048578
-0.0958400
-0.0990163
-0.1155016
-0.1307739
-0.1325529
-0.1235684
-0.1146279
-0.1103199
-0.1068051
-0.1011015
-0.0957464
-0.0928424
-0.0888568
-0.0800353
-0.0716393
-0.0765402
-0.1004000
-0.1273395
-0.1213465
-0.0425899
0.1358784
0.4194817
0.7854803
1.1754274
1.5025149
1.6889472
1.7145966
1.6309981
1.5185682
1.4217835
1.3222435
1.1721123
0.9507539
0.6885890
0.4405498
0.2429636
0.0979400
-0.0077894
-0.0803434
-0.1186377
-0.1287272
-0.1279328
-0.1325504
-0.1456986
-0.1592971
-0.1655321
-0.1645692
-0.1626865
-0.1652031
-0.1716253
-0.1767720
-0.1758019
-0.1681388
-0.1576247
-0.1500256
-0.1496451
-0.1562875
-0.1651112
-0.1710853
-0.1740564
-0.1778259
-0.1838249
-0.1878960
-0.1849471
-0.1756706
-0.1670489
-0.1661327
-0.1734998
-0.1823774
-0.1844974
-0.1780567
-0.1700442
-0.1694208
-0.1775092
-0.1860635
-0.1853576
-0.1737364
-0.1591121
-0.1514339
-0.1534779
-0.1587187
-0.1586905
-0.1523368
-0.1464973
-0.1464238
-0.1480172
-0.1419657
-0.1248660
-0.1037404
-0.0889933
-0.0842534
-0.0836180
-0.0780266
-0.0638706
-0.0456382
-0.0304533
-0.0205454
-0.0116109
0.0020786
0.0223566
0.0466475
0.0707658
0.0916325
0.1089629
0.1254240
0.1440815
0.1647631
0.1837275
0.1975748
0.2065900
0.2133663
0.2185526
0.2186478
0.2083076
0.1855316
0.1552326
0.1268586
0.1068259
0.0929067
0.0768665
0.0528749
0.0232017
-0.0036009
-0.0195280
-0.0234360
-0.0223505
-0.0261150
-0.0389276
-0.0556302
-0.0671215
-0.0696315
-0.0682600
-0.0715224
-0.0826688
-0.0959707
-0.1015302
-0.0948121
-0.0819974
-0.0749214
-0.0798252
-0.0916379
-0.0998639
-0.0993510
-0.0946258
-0.0942561
-0.1015811
-0.1107464
-0.1119057
-0.1010851
-0.0849615
-0.0750127
-0.0767860
-0.0856258
-0.0926224
-0.0933204
-0.0903823
-0.0893226
-0.0928028
-0.0985923
-0.1021364
-0.1006882
-0.0949193
-0.0872476
-0.0801380
-0.0764308
-0.0792044
-0.0889895
-0.1015844
-0.1107489
-0.1136176
-0.1124164
-0.1107075
-0.1091777
-0.1059049
-0.1003084
-0.0957959
-0.0973463
-0.1057622
-0.1151451
-0.1179459
-0.1130816
-0.1076503
-0.1096128
-0.1194940
-0.1298865
-0.1323460
-0.1244148
-0.1112112
-0.1013204
-0.1004183
-0.1074261
-0.1162575
-0.1213353
-0.1216136
-0.1200003
-0.1197796
-0.1214922
-0.1225579
-0.1200213
-0.1141908
-0.1090424
-0.1080400
-0.1099993
-0.1104731
-0.1073418
-0.1038272
-0.1053634
-0.1137782
-0.1245483
-0.1296584
-0.1239977
-0.1100889
-0.0965205
-0.0909006
-0.0938930
-0.0998217
-0.1023828
-0.0996591
-0.0947586
-0.0925544
-0.0952854
-0.1004748
-0.1032587
-0.1010541
-0.0956325
-0.0906856
-0.0883056
-0.0881493
-0.0889256
-0.0897707
-0.0906243
-0.0919454
-0.0939117
-0.0956780
-0.0957321
-0.0931590
-0.0884631
-0.0834530
-0.0805526
-0.0813095
-0.0844492
-0.0860120
-0.0831514
-0.0781049
-0.0769529
-0.0834176
-0.0942294
-0.1011998
-0.0981475
-0.0863491
-0.0737799
-0.0687718
-0.0736097
-0.0837099
-0.0924272
-0.0960843
-0.0950672
-0.0921581
-0.0907599
-0.0929528
-0.0971196
-0.0978765
-0.0904569
-0.0761644
-0.0627449
-0.0582763
-0.0640755
-0.0735095
-0.0782201
-0.0760116
-0.0723502
-0.0736021
-0.0794252
-0.0830613
-0.0789846
-0.0688422
-0.0594752
-0.0562655
-0.0589586
-0.0629078
-0.0634662
-0.0597586
-0.0552496
-0.0548329
-0.0607379
-0.0703629
-0.0774781
-0.0761794
-0.0655969
-0.0519470
-0.0448037
-0.0492781
-0.0613197
-0.0714781
-0.0735342
-0.0691912
-0.0648506
-0.0648223
-0.0677590
-0.0688604
-0.0649539
-0.0573955
-0.0501986
-0.0458202
-0.0433441
-0.0404815
-0.0362678
-0.0314668
-0.0271307
-0.0231077
-0.0172421
-0.0059145
0.0132710
0.0381259
0.0615490
0.0756949
0.0773954
0.0703485
0.0626721
0.0617171
0.0694716
0.0818487
0.0929728
0.1013611
0.1124317
0.1343371
0.1696972
0.2097623
0.2370380
0.2366695
0.2084796
0.1684359
0.1367546
0.1230641
0.1219733
0.1211029
0.1117302
0.0926814
0.0674669
0.0404083
0.0150689
-0.0063122
-0.0239419
-0.0404321
-0.0572912
-0.0708181
-0.0746076
-0.0698439
-0.0717862
-0.0991756
-0.1510884
-0.1944090
-0.1790428
-0.0700143
0.1326725
0.4020902
0.7060500
1.0161143
1.2974021
1.5005059
1.5782728
1.5201115
1.3689638
1.1967240
1.0551303
0.9455246
0.8324927
0.6842041
0.5012655
0.3132293
0.1537278
0.0394352
-0.0328916
-0.0760976
-0.1019496
-0.1171995
-0.1248910
-0.1271522
-0.1275347
-0.1311616
-0.1411994
-0.1545054
-0.1629366
-0.1616561
-0.1558894
-0.1569245
-0.1700741
-0.1876500
-0.1953768
-0.1861479
-0.1670912
-0.1529486
-0.1528022
-0.1633696
-0.1743336
-0.1785674
-0.1767453
-0.1740013
-0.1744957
-0.1789321
-0.1848023
-0.1878326
-0.1847951
-0.1767505
-0.1691645
-0.1672219
-0.1704391
-0.1727747
-0.1691355
-0.1618478
-0.1594501
-0.1674982
-0.1804308
-0.1843942
-0.1700805
-0.1428697
-0.1191307
-0.1119008
-0.1201456
-0.1313863
-0.1337737
-0.1256477
-0.1147546
-0.1095639
-0.1115049
-0.1145654
-0.1110401
-0.0974098
-0.0762742
-0.0546214
-0.0400333
-0.0359677
-0.0386869
-0.0394543
-0.0317066
-0.0169299
-0.0030698
0.0033077
0.0034485
0.0052924
0.0160827
0.0358339
0.0578042
0.0752156
0.0872965
0.0987919
0.1142404
0.1333210
0.1513317
0.1633288
0.1679139
0.1679572
0.1679919
0.1702972
0.1729358
0.1715099
0.1628310
0.1471005
0.1272913
0.1070489
0.0887500
0.0725933
0.0572856
0.0420836
0.0284267
0.0193261
0.0168046
0.0196207
0.0232986
0.0227530
0.0158140
0.0047805
-0.0056669
-0.0123863
-0.0156959
-0.0177858
-0.0199280
-0.0213634
-0.0203186
-0.0159317
-0.0097867
-0.0056634
-0.0066971
-0.0118437
-0.0157328
-0.0134956
-0.0064505
-0.0022381
-0.0077768
-0.0211537
-0.0312367
-0.0272406
-0.0097998
0.0081992
0.0130805
0.0028649
-0.0119348
-0.0192655
-0.0163070
-0.0100071
-0.0089590
-0.0157195
-0.0258580
-0.0326061
-0.0320038
-0.0249266
-0.0158894
-0.0102493
-0.0111184
-0.0172575
-0.0238397
-0.0265397
-0.0255949
-0.0252736
-0.0288637
-0.0347769
-0.0382261
-0.0363918
-0.0313403
-0.0280271
-0.0298630
-0.0360444
-0.0427104
-0.0466522
-0.0482022
-0.0506251
-0.0565430
-0.0647736
-0.0706271
-0.0696340
-0.0616592
-0.0516933
-0.0461019
-0.0473914
-0.0525626
-0.0567142
-0.0578597
-0.0578999
-0.0596374
-0.0639434
-0.0696322
-0.0746735
-0.0768045
-0.0739755
-0.0658079
-0.0551546
-0.0473285
-0.0464241
-0.0517926
-0.0586922
-0.0631070
-0.0655388
-0.0690556
-0.0737619
-0.0748412
-0.0672804
-0.0519338
-0.0355944
-0.0246845
-0.0192763
-0.0134339
-0.0012080
0.0174959
0.0362634
0.0470116
0.0462127
0.0377360
0.0303952
0.0319342
0.0435086
0.0590209
0.0709288
0.0784366
0.0899584
0.1156133
0.1556474
0.1963299
0.2185630
0.2121564
0.1832877
0.1491130
0.1248019
0.1140112
0.1097728
0.1032671
0.0915225
0.0771964
0.0619621
0.0416242
0.0095614
-0.0337440
-0.0755796
-0.0989636
-0.0989350
-0.0898689
-0.0920054
-0.1085077
-0.1198997
-0.1072681
-0.0810729
-0.0793809
-0.1293365
-0.2091956
-0.2539296
-0.2032896
-0.0445582
0.1919825
0.4724526
0.7817449
1.1014864
1.3767997
1.5262656
1.5006280
1.3326368
1.1201136
0.9516112
0.8442277
0.7496663
0.6146174
0.4321643
0.2403650
0.0826301
-0.0239915
-0.0879588
-0.1243692
-0.1437643
-0.1542767
-0.1645378
-0.1795090
-0.1958561
-0.2053617
-0.2036781
-0.1946727
-0.1864586
-0.1847015
-0.1899696
-0.1994776
-0.2093083
-0.2155593
-0.2161902
-0.2135378
-0.2136739
-0.2207078
-0.2312247
-0.2362412
-0.2301350
-0.2169583
-0.2066005
-0.2048568
-0.2085174
-0.2105232
-0.2085535
-0.2069177
-0.2099739
-0.2154151
-0.2158532
-0.2071766
-0.1939261
-0.1852449
-0.1858372
-0.1918556
-0.1956595
-0.1936299
-0.1888046
-0.1865237
-0.1884718
-0.1911733
-0.1896818
-0.1821052
-0.1706478
-0.1591005
-0.1499753
-0.1435235
-0.1381477
-0.1312181
-0.1206256
-0.1070073
-0.0943499
-0.0868115
-0.0837734
-0.0786270
-0.0641529
-0.0401575
-0.0152500
0.0003046
0.0041216
0.0035969
0.0078646
0.0185554
0.0294987
0.0350925
0.0371788
0.0427175
0.0557629
0.0732899
0.0888329
0.0987403
0.1041004
0.1076201
0.1101919
0.1105472
0.1067345
0.0970364
0.0807205
0.0598765
0.0403062
0.0279519
0.0225202
0.0158863
-0.0004863
-0.0259297
-0.0502598
-0.0644371
-0.0703173
-0.0777019
-0.0918476
-0.1065094
-0.1113303
-0.1049225
-0.0976024
-0.1000051
-0.1110745
-0.1199102
-0.1192012
-0.1140296
-0.1156224
-0.1276545
-0.1410989
-0.1432474
-0.1306328
-0.1122365
-0.1006756
-0.1012526
-0.1092619
-0.1162947
-0.1179072
-0.1157706
-0.1142460
-0.1159686
-0.1199974
-0.1228199
-0.1209398
-0.1136867
-0.1045215
-0.0991616
-0.1010527
-0.1078151
-0.1125526
-0.1097995
-0.1009029
-0.0932477
-0.0933734
-0.1005289
-0.1073811
-0.1073797
-0.1011403
-0.0952149
-0.0949043
-0.0990739
-0.1023344
-0.1016713
-0.0998985
-0.1020869
-0.1090044
-0.1150392
-0.1133602
-0.1032056
-0.0915971
-0.0873436
-0.0930833
-0.1031383
-0.1091585
-0.1079000
-0.1035381
-0.1024632
-0.1061047
-0.1093629
-0.1063480
-0.0972068
-0.0884272
-0.0860978
-0.0895586
-0.0926591
-0.0913236
-0.0887246
-0.0916634
-0.1016828
-0.1110488
-0.1091528
-0.0934917
-0.0736450
-0.0633659
-0.0681434
-0.0803026
-0.0861185
-0.0777982
-0.0591897
-0.0407220
-0.0291345
-0.0217629
-0.0104468
0.0088826
0.0303235
0.0421547
0.0378802
0.0235937
0.0135662
0.0174526
0.0320140
0.0466740
0.0574725
0.0735693
0.1073491
0.1574957
0.2038529
0.2216592
0.2022934
0.1604308
0.1212531
0.1007430
0.0968763
0.0967966
0.0900736
0.0754913
0.0578725
0.0408503
0.0231292
0.0008711
-0.0269363
-0.0557724
-0.0787877
-0.0931028
-0.1019741
-0.1091554
-0.1117521
-0.1025007
-0.0825303
-0.0698373
-0.0875881
-0.1371054
-0.1821556
-0.1658962
