1.2645961
1.1563622
1.0656273
0.9777694
0.8542736
0.6768338
0.4682736
0.2733528
0.1236694
0.0219048
-0.0457412
-0.0899200
-0.1132482
-0.1193369
-0.1189738
-0.1242895
-0.1389330
-0.1565990
-0.1689020
-0.1730745
-0.1724233
-0.1719213
-0.1748889
-0.1822699
-0.1922264
-0.1998939
-0.1999610
-0.1919430
-0.1827609
-0.1820338
-0.1933814
-0.2106540
-0.2235168
-0.2267610
-0.2238722
-0.2221042
-0.2253243
-0.2319056
-0.2380550
-0.2413425
-0.2409884
-0.2367416
-0.2294160
-0.2223414
-0.2203439
-0.2257184
-0.2353074
-0.2425690
-0.2429080
-0.2364396
-0.2252412
-0.2088556
-0.1840807
-0.1498482
-0.1113870
-0.0779550
-0.0554357
-0.0411013
-0.0260266
-0.0030685
0.0268556
0.0553407
0.0726925
0.0744054
0.0635687
0.0485343
0.0379674
0.0361548
0.0409403
0.0454412
0.0427285
0.0306100
0.0131588
-0.0023505
-0.0110109
-0.0140704
-0.0177295
-0.0276432
-0.0435738
-0.0589044
-0.0657852
-0.0616977
-0.0517725
-0.0448845
-0.0470167
-0.0574561
-0.0704113
-0.0799474
-0.0841068
-0.0856559
-0.0896058
-0.0992767
-0.1131705
-0.1248125
-0.1264659
-0.1148556
-0.0945892
-0.0758032
-0.0670862
-0.0692223
-0.0751866
-0.0765698
-0.0708332
-0.0629889
-0.0604153
-0.0658403
-0.0750725
-0.0813366
-0.0816640
-0.0790290
-0.0785458
-0.0821723
-0.0874419
-0.0907868
-0.0909601
-0.0888542
-0.0852095
-0.0801261
-0.0746135
-0.0702133
-0.0652042
-0.0528357
-0.0279019
0.0019333
0.0137130
-0.0154057
-0.0845374
-0.1591492
-0.1862286
-0.1220668
0.0501099
0.3204816
0.6583665
1.0117485
1.3092829
1.4823528
1.5035513
1.4091499
1.2763291
1.1667287
1.0843607
0.9853516
0.8274908
0.6112823
0.3780111
0.1752930
0.0271041
-0.0693449
-0.1287451
-0.1653333
-0.1902143
-0.2111342
-0.2297028
-0.2410791
-0.2410549
-0.2346858
-0.2353537
-0.2527210
-0.2815923
-0.3042541
-0.3050713
-0.2835648
-0.2542579
-0.2346545
-0.2325124
-0.2419869
-0.2497040
-0.2451018
-0.2279822
-0.2085798
-0.1999132
-0.2075706
-0.2250142
-0.2389144
-0.2403086
-0.2315909
-0.2231414
-0.2234615
-0.2324343
-0.2430499
-0.2482158
-0.2457437
-0.2384086
-0.2308854
-0.2262606
-0.2234942
-0.2172486
-0.2016156
-0.1761549
-0.1484826
-0.1290590
-0.1218685
-0.1205826
-0.1150259
-0.1013517
-0.0847159
-0.0717450
-0.0620307
-0.0488190
-0.0278664
-0.0038204
0.0131291
0.0160973
0.0062417
-0.0100857
-0.0266794
-0.0397258
-0.0474651
-0.0507929
-0.0544867
-0.0650103
-0.0842093
-0.1050341
-0.1157510
-0.1103894
-0.0950495
-0.0826629
-0.0807528
-0.0845807
-0.0827468
-0.0694245
-0.0507361
-0.0390057
-0.0407887
-0.0503562
-0.0546842
-0.0451264
-0.0251118
-0.0072015
-0.0024485
-0.0115401
-0.0251974
-0.0329122
-0.0318952
-0.0283889
-0.0307785
-0.0414017
-0.0546818
-0.0627625
-0.0626939
-0.0583674
-0.0561185
-0.0589488
-0.0647629
-0.0693721
-0.0706595
-0.0701713
-0.0714141
-0.0767447
-0.0851638
-0.0924296
-0.0937369
-0.0876297
-0.0781682
-0.0726885
-0.0760488
-0.0863249
-0.0965324
-0.1012088
-0.1013689
-0.1027905
-0.1096379
-0.1201966
-0.1287158
-0.1306758
-0.1259320
-0.1175442
-0.1087482
-0.1012053
-0.0950276
-0.0894218
-0.0835688
-0.0779175
-0.0747820
-0.0765038
-0.0820147
-0.0858360
-0.0821864
-0.0709961
-0.0591523
-0.0545745
-0.0587199
-0.0654360
-0.0674472
-0.0635649
-0.0592172
-0.0603726
-0.0676607
-0.0763527
-0.0811851
-0.0806638
-0.0772908
-0.0746333
-0.0743198
-0.0751539
-0.0747698
-0.0726298
-0.0716382
-0.0758508
-0.0854384
-0.0943491
-0.0948301
-0.0852801
-0.0724699
-0.0645516
-0.0628838
-0.0636221
-0.0679604
-0.0865820
-0.1280558
-0.1808220
-0.2099269
-0.1757403
-0.0572422
0.1420148
0.4046529
0.7060185
1.0059912
1.2441103
1.3619957
1.3450198
1.2417163
1.1310797
1.0601512
1.0097986
0.9216111
0.7578469
0.5359384
0.3103576
0.1288356
0.0072325
-0.0632263
-0.0976930
-0.1103646
-0.1161456
-0.1277687
-0.1475268
-0.1660445
-0.1730635
-0.1682268
-0.1588598
-0.1490563
-0.1357930
-0.1171812
-0.1001614
-0.0951081
-0.1031887
-0.1135931
-0.1157814
-0.1121073
-0.1148584
-0.1310215
-0.1532404
-0.1676107
-0.1687313
-0.1648772
-0.1688490
-0.1858471
-0.2104324
-0.2327564
-0.2459168
-0.2490711
-0.2469542
-0.2471500
-0.2547402
-0.2665706
-0.2715209
-0.2597277
-0.2331559
-0.2055205
-0.1898690
-0.1865839
-0.1849303
-0.1757275
-0.1599540
-0.1440119
-0.1293291
-0.1103551
-0.0830856
-0.0521087
-0.0263359
-0.0088358
0.0058991
0.0237055
0.0423405
0.0538036
0.0542959
0.0490380
0.0459742
0.0464352
0.0442986
0.0343781
0.0196474
0.0087903
0.0071985
0.0115922
0.0134862
0.0069657
-0.0070034
-0.0223783
-0.0327791
-0.0353523
-0.0324119
-0.0305062
-0.0364195
-0.0515671
-0.0694337
-0.0799486
-0.0782911
-0.0699000
-0.0660467
-0.0738816
-0.0909950
-0.1097206
-0.1256891
-0.1408728
-0.1583863
-0.1759907
-0.1862078
-0.1828584
-0.1669031
-0.1460699
-0.1294270
-0.1217851
-0.1213323
-0.1211438
-0.1138454
-0.0973000
-0.0771796
-0.0630910
-0.0605220
-0.0660982
-0.0710854
-0.0691891
-0.0602665
-0.0476731
-0.0351774
-0.0276157
-0.0305188
-0.0433425
-0.0531138
-0.0424329
-0.0111458
0.0119638
-0.0105113
-0.0841844
-0.1635752
-0.1794183
-0.0887344
0.1018365
0.3572940
0.6461169
0.9418571
1.2011046
1.3630999
1.3908928
1.3129938
1.2088220
1.1397863
1.0941916
1.0056679
0.8265126
0.5788660
0.3343115
0.1509848
0.0359076
-0.0380743
-0.0931030
-0.1308831
-0.1477563
-0.1509671
-0.1545485
-0.1648416
-0.1769070
-0.1845648
-0.1886023
-0.1933834
-0.1995388
-0.2040960
-0.2065834
-0.2106466
-0.2181111
-0.2244102
-0.2230977
-0.2143334
-0.2058625
-0.2043437
-0.2076059
-0.2075334
-0.1999165
-0.1891853
-0.1829265
-0.1837748
-0.1884058
-0.1933189
-0.1988075
-0.2063691
-0.2145122
-0.2198589
-0.2222347
-0.2258769
-0.2336706
-0.2414192
-0.2404769
-0.2268002
-0.2057744
-0.1868640
-0.1744870
-0.1655624
-0.1551042
-0.1415471
-0.1256811
-0.1069047
-0.0837309
-0.0579948
-0.0354868
-0.0201814
-0.0090505
0.0047012
0.0227562
0.0381526
0.0421922
0.0338686
0.0206961
0.0105457
0.0046270
-0.0010453
-0.0094925
-0.0201646
-0.0314717
-0.0429768
-0.0538490
-0.0610306
-0.0614880
-0.0565491
-0.0521653
-0.0534813
-0.0595796
-0.0645903
-0.0638789
-0.0582535
-0.0520415
-0.0482118
-0.0463758
-0.0451702
-0.0452580
-0.0489673
-0.0569045
-0.0656978
-0.0702915
-0.0692526
-0.0671989
-0.0703473
-0.0790469
-0.0863633
-0.0860563
-0.0811560
-0.0812524
-0.0896569
-0.0964272
-0.0890122
-0.0701869
-0.0599764
-0.0743205
-0.1016883
-0.1036062
-0.0380401
0.1199028
0.3750490
0.7130166
1.0883363
1.4156469
1.5985707
1.5952359
1.4625679
1.3207442
1.2547267
1.2435221
1.1890398
1.0161793
0.7432630
0.4582082
0.2371883
0.0937344
-0.0022295
-0.0761115
-0.1298673
-0.1603227
-0.1766240
-0.1919239
-0.2065541
-0.2102348
-0.2004889
-0.1904239
-0.1943880
-0.2108006
-0.2247913
-0.2265178
-0.2216485
-0.2227410
-0.2347942
-0.2525241
-0.2690665
-0.2824985
-0.2935381
-0.3011557
-0.3033372
-0.3004081
-0.2947252
-0.2873947
-0.2776857
-0.2660635
-0.2555490
-0.2487160
-0.2448789
-0.2420811
-0.2407332
-0.2423110
-0.2438511
-0.2368887
-0.2152566
-0.1838432
-0.1568247
-0.1453832
-0.1475373
-0.1504758
-0.1418771
-0.1184370
-0.0854219
-0.0509545
-0.0210741
0.0026049
0.0231501
0.0458052
0.0728872
0.1002834
0.1202027
0.1282281
0.1266521
0.1199090
0.1081303
0.0877397
0.0584996
0.0268859
-0.0000283
-0.0226470
-0.0474022
-0.0764053
-0.1013480
-0.1104174
-0.1007230
-0.0816782
-0.0659176
-0.0589039
-0.0581567
-0.0599786
-0.0635948
-0.0688654
-0.0735367
-0.0753686
-0.0756413
-0.0775636
-0.0807271
-0.0795126
-0.0687439
-0.0500726
-0.0314123
-0.0205694
-0.0204408
-0.0291454
-0.0418678
-0.0518962
-0.0531113
-0.0449914
-0.0346862
-0.0306613
-0.0327951
-0.0313285
-0.0184469
0.0003364
0.0101520
0.0031795
-0.0120684
-0.0205361
-0.0177372
-0.0132142
-0.0171156
-0.0280839
-0.0375854
-0.0431862
-0.0518930
-0.0691587
-0.0890308
-0.0994704
-0.0967729
-0.0910495
-0.0955891
-0.1118430
-0.1261536
-0.1216500
-0.0949413
-0.0641003
-0.0600488
-0.1030016
-0.1777379
-0.2292710
-0.1903743
-0.0245210
0.2512028
0.5820210
0.9098720
1.1901945
1.3840472
1.4551188
1.3936718
1.2434146
1.0858706
0.9789628
0.9074204
0.8025812
0.6171966
0.3778452
0.1606013
0.0201720
-0.0500748
-0.0921555
-0.1323380
-0.1643240
-0.1747925
-0.1692173
-0.1660181
-0.1737757
-0.1847254
-0.1898661
-0.1912090
-0.1950600
-0.1998645
-0.1988280
-0.1934987
-0.1965541
-0.2167922
-0.2455834
-0.2640361
-0.2632330
-0.2528239
-0.2485725
-0.2556319
-0.2670746
-0.2755995
-0.2809141
-0.2847956
-0.2841530
-0.2737990
-0.2551054
-0.2374331
-0.2291240
-0.2294410
-0.2316528
-0.2324095
-0.2345929
-0.2404296
-0.2450778
-0.2399382
-0.2217387
-0.1961423
-0.1720991
-0.1543716
-0.1421990
-0.1330503
-0.1249085
-0.1149976
-0.0994423
-0.0769350
-0.0521392
-0.0326263
-0.0209953
-0.0114724
0.0037190
0.0249287
0.0438535
0.0520924
0.0490981
0.0403601
0.0294355
0.0149119
-0.0042112
-0.0234356
-0.0365905
-0.0443390
-0.0550675
-0.0748871
-0.0987434
-0.1150390
-0.1192296
-0.1193174
-0.1256998
-0.1379923
-0.1455799
-0.1409499
-0.1287176
-0.1197981
-0.1197171
-0.1260672
-0.1356756
-0.1485887
-0.1625685
-0.1681850
-0.1558170
-0.1284815
-0.1029437
-0.0944090
-0.1017591
-0.1110180
-0.1121464
-0.1081208
-0.1068693
-0.1093875
-0.1102876
-0.1078435
-0.1074577
-0.1133308
-0.1210750
-0.1227585
-0.1175522
-0.1126862
-0.1133675
-0.1163901
-0.1165192
-0.1152159
-0.1172770
-0.1200746
-0.1143446
-0.1006461
-0.0993079
-0.1328655
-0.1936429
-0.2337256
-0.1946140
-0.0495344
0.1834489
0.4653191
0.7632754
1.0497198
1.2837551
1.4129374
1.4080852
1.2965622
1.1505084
1.0320401
0.9463907
0.8487257
0.6957120
0.4895232
0.2749724
0.1005780
-0.0144724
-0.0811591
-0.1198438
-0.1442549
-0.1611243
-0.1755319
-0.1907133
-0.2044381
-0.2103916
-0.2050447
-0.1920150
-0.1791369
-0.1725182
-0.1739087
-0.1817787
-0.1926105
-0.2017004
-0.2057280
-0.2064250
-0.2103795
-0.2226290
-0.2398704
-0.2518525
-0.2511475
-0.2411364
-0.2331071
-0.2355054
-0.2468869
-0.2589534
-0.2646660
-0.2628866
-0.2572987
-0.2532669
-0.2553063
-0.2646911
-0.2774950
-0.2857081
-0.2823050
-0.2663283
-0.2430180
-0.2190974
-0.1983456
-0.1811999
-0.1666722
-0.1530568
-0.1376700
-0.1184657
-0.0969901
-0.0780794
-0.0647494
-0.0539480
-0.0393867
-0.0190392
0.0017002
0.0152498
0.0191307
0.0168355
0.0123284
0.0058574
-0.0040468
-0.0160900
-0.0257051
-0.0289908
-0.0256714
-0.0177925
-0.0072872
0.0034286
0.0094639
0.0051537
-0.0103990
-0.0305309
-0.0458683
-0.0527251
-0.0561139
-0.0640840
-0.0794384
-0.0971861
-0.1095365
-0.1127229
-0.1092321
-0.1047399
-0.1040999
-0.1098082
-0.1219465
-0.1373179
-0.1489053
-0.1490639
-0.1361280
-0.1182400
-0.1085113
-0.1138651
-0.1277859
-0.1351850
-0.1260641
-0.1050125
-0.0868587
-0.0827833
-0.0910570
-0.1011117
-0.1050965
-0.1040658
-0.1035698
-0.1054382
-0.1052310
-0.0970526
-0.0795797
-0.0573116
-0.0369909
-0.0232896
-0.0167841
-0.0142403
-0.0105813
-0.0027781
0.0055235
0.0030918
-0.0221299
-0.0710865
-0.1250393
-0.1473222
-0.0951586
0.0635792
0.3337342
0.6816100
1.0371296
1.3161740
1.4579101
1.4556967
1.3571940
1.2293280
1.1130719
1.0034960
0.8689545
0.6888051
0.4752784
0.2639805
0.0874099
-0.0428482
-0.1334691
-0.1951311
-0.2328114
-0.2477911
-0.2452995
-0.2371568
-0.2354708
-0.2434265
-0.2525093
-0.2495058
-0.2275973
-0.1921926
-0.1568345
-0.1331652
-0.1237444
-0.1231050
-0.1244342
-0.1249270
-0.1259229
-0.1296266
-0.1362220
-0.1432886
-0.1474184
-0.1469999
-0.1441542
-0.1436435
-0.1490315
-0.1595475
-0.1708408
-0.1788865
-0.1831988
-0.1865230
-0.1917240
-0.1989258
-0.2052843
-0.2072409
-0.2032168
-0.1948526
-0.1861939
-0.1812104
-0.1808588
-0.1819440
-0.1796077
-0.1719571
-0.1622365
-0.1557619
-0.1545157
-0.1549947
-0.1512444
-0.1396426
-0.1210655
-0.0995652
-0.0799082
-0.0661763
-0.0612352
-0.0655758
-0.0756899
-0.0845716
-0.0859240
-0.0790538
-0.0691339
-0.0618589
-0.0580134
-0.0538053
-0.0462131
-0.0370321
-0.0311336
-0.0310627
-0.0339755
-0.0342087
-0.0287231
-0.0198395
-0.0129433
-0.0120552
-0.0173052
-0.0252786
-0.0309816
-0.0307102
-0.0250110
-0.0190485
-0.0183926
-0.0233174
-0.0280021
-0.0265829
-0.0199734
-0.0156560
-0.0200165
-0.0311625
-0.0400752
-0.0391869
-0.0295339
-0.0193917
-0.0167110
-0.0235822
-0.0369021
-0.0518867
-0.0639771
-0.0694963
-0.0674787
-0.0616481
-0.0589901
-0.0644304
-0.0759094
-0.0846437
-0.0811724
-0.0629279
-0.0372817
-0.0168001
-0.0095133
-0.0119849
-0.0121022
-0.0010759
0.0148777
0.0152335
-0.0185240
-0.0826057
-0.1446235
-0.1578659
-0.0840796
0.0922271
0.3615981
0.6907711
1.0236655
1.2918335
1.4415705
1.4641004
1.4011777
1.3137835
1.2361274
1.1549074
1.0321913
0.8485734
0.6249147
0.4054533
0.2244860
0.0902045
-0.0054206
-0.0698785
-0.1063037
-0.1212074
-0.1280976
-0.1392762
-0.1553144
-0.1660026
-0.1629784
-0.1498597
-0.1386585
-0.1377850
-0.1459247
-0.1568571
-0.1666731
-0.1748336
-0.1812725
-0.1862960
-0.1930832
-0.2064541
-0.2262547
-0.2427623
-0.2419324
-0.2179246
-0.1807814
-0.1503604
-0.1414622
-0.1541561
-0.1770292
-0.1975671
-0.2093826
-0.2130980
-0.2140556
-0.2187056
-0.2295239
-0.2414118
-0.2445263
-0.2328692
-0.2105733
-0.1888230
-0.1755981
-0.1680138
-0.1551190
-0.1290491
-0.0937063
-0.0619480
-0.0438948
-0.0380752
-0.0335102
-0.0194717
0.0064121
0.0374869
0.0638811
0.0797380
0.0863346
0.0889461
0.0910495
0.0917241
0.0877893
0.0772001
0.0607929
0.0425425
0.0283710
0.0225757
0.0236478
0.0240694
0.0156888
-0.0036805
-0.0282495
-0.0485322
-0.0584966
-0.0596798
-0.0584323
-0.0590202
-0.0601336
-0.0582624
-0.0527018
-0.0459206
-0.0406650
-0.0390095
-0.0433881
-0.0555995
-0.0737640
-0.0916857
-0.1025602
-0.1038479
-0.0990834
-0.0949722
-0.0957187
-0.0996171
-0.1016069
-0.0986798
-0.0914120
-0.0811280
-0.0687991
-0.0572525
-0.0506687
-0.0493532
-0.0473017
-0.0377508
-0.0202935
-0.0008177
0.0146628
0.0247197
0.0318430
0.0382406
0.0424804
0.0410740
0.0341050
0.0272976
0.0262148
0.0305424
0.0372622
0.0461849
0.0562493
0.0584718
0.0411497
0.0036619
-0.0415086
-0.0815514
-0.1109554
-0.1259015
