-0.1132839
-0.1000460
-0.0852415
-0.0915855
-0.1077950
-0.1079490
-0.0916391
-0.0817558
-0.0892079
-0.1015685
-0.1053059
-0.1012442
-0.0967485
-0.0967383
-0.1042267
-0.1183379
-0.1298615
-0.1278909
-0.1128553
-0.0968467
-0.0910232
-0.0976368
-0.1121621
-0.1268349
-0.1337320
-0.1308127
-0.1247480
-0.1238225
-0.1294656
-0.1374797
-0.1436997
-0.1442223
-0.1344395
-0.1141335
-0.0913910
-0.0757703
-0.0680612
-0.0603949
-0.0456766
-0.0245066
-0.0042387
0.0069689
0.0071965
0.0035650
0.0059438
0.0169417
0.0310436
0.0444735
0.0618327
0.0905275
0.1312558
0.1756767
0.2108604
0.2249383
0.2124259
0.1781218
0.1357901
0.1012038
0.0845092
0.0857201
0.0942842
0.0945749
0.0766795
0.0438445
0.0081567
-0.0209711
-0.0430269
-0.0631664
-0.0856565
-0.1093536
-0.1268774
-0.1300578
-0.1208536
-0.1166496
-0.1383382
-0.1870705
-0.2315619
-0.2211541
-0.1165038
0.0865185
0.3581878
0.6566029
0.9457800
1.1939893
1.3647906
1.4259079
1.3759927
1.2572415
1.1294170
1.0238954
0.9224146
0.7823377
0.5844285
0.3580990
0.1611933
0.0340951
-0.0286197
-0.0643472
-0.1041194
-0.1490784
-0.1804871
-0.1858888
-0.1725460
-0.1585749
-0.1556075
-0.1614619
-0.1676807
-0.1707645
-0.1736652
-0.1779315
-0.1795843
-0.1755005
-0.1702327
-0.1714519
-0.1793051
-0.1850343
-0.1815484
-0.1720153
-0.1656507
-0.1668939
-0.1715435
-0.1734305
-0.1722260
-0.1725810
-0.1765187
-0.1800790
-0.1793134
-0.1767857
-0.1779190
-0.1815873
-0.1796278
-0.1681130
-0.1551612
-0.1530531
-0.1634571
-0.1743437
-0.1728259
-0.1592176
-0.1467960
-0.1478368
-0.1607798
-0.1716805
-0.1679303
-0.1496724
-0.1280695
-0.1145261
-0.1127692
-0.1189517
-0.1258156
-0.1267061
-0.1189793
-0.1058733
-0.0943984
-0.0899669
-0.0923866
-0.0963577
-0.0952443
-0.0852182
-0.0676312
-0.0483271
-0.0341731
-0.0291282
-0.0320947
-0.0371055
-0.0360482
-0.0238142
-0.0026333
0.0195032
0.0362034
0.0483798
0.0621514
0.0818057
0.1054677
0.1267164
0.1392931
0.1408645
0.1338091
0.1230034
0.1123128
0.1023040
0.0905171
0.0739274
0.0523853
0.0306543
0.0159078
0.0110860
0.0106432
0.0048171
-0.0108340
-0.0308707
-0.0453751
-0.0493570
-0.0468138
-0.0464664
-0.0538893
-0.0670348
-0.0785589
-0.0821346
-0.0766192
-0.0652656
-0.0529650
-0.0448535
-0.0450548
-0.0534878
-0.0636494
-0.0663301
-0.0580216
-0.0457151
-0.0416562
-0.0515220
-0.0672888
-0.0730815
-0.0597757
-0.0340579
-0.0123567
-0.0061760
-0.0141762
-0.0270264
-0.0364344
-0.0386164
-0.0330191
-0.0221847
-0.0126672
-0.0120604
-0.0221925
-0.0357522
-0.0417275
-0.0353296
-0.0222744
-0.0128385
-0.0122039
-0.0173007
-0.0221214
-0.0238823
-0.0236062
-0.0233216
-0.0248360
-0.0296271
-0.0369637
-0.0423759
-0.0409906
-0.0336195
-0.0275817
-0.0295879
-0.0384002
-0.0460899
-0.0467370
-0.0427594
-0.0419286
-0.0487595
-0.0600214
-0.0687333
-0.0709272
-0.0673629
-0.0603446
-0.0519554
-0.0456821
-0.0462812
-0.0549443
-0.0653973
-0.0679213
-0.0590432
-0.0466877
-0.0441936
-0.0579497
-0.0805073
-0.0965504
-0.0966957
-0.0857549
-0.0772840
-0.0803764
-0.0922189
-0.1027009
-0.1046409
-0.0992361
-0.0931516
-0.0918517
-0.0956922
-0.1012290
-0.1050125
-0.1056177
-0.1029379
-0.0974368
-0.0910446
-0.0875335
-0.0900585
-0.0978581
-0.1062776
-0.1107529
-0.1108218
-0.1101196
-0.1121557
-0.1156333
-0.1141225
-0.1014959
-0.0784655
-0.0531358
-0.0340530
-0.0225424
-0.0123621
0.0028924
0.0221527
0.0367891
0.0386561
0.0288514
0.0183159
0.0189519
0.0339309
0.0571001
0.0813841
0.1061386
0.1353501
0.1695023
0.2007443
0.2168848
0.2104713
0.1845056
0.1500431
0.1187334
0.0972747
0.0870424
0.0859678
0.0890031
0.0880835
0.0748105
0.0456061
0.0050579
-0.0360956
-0.0676137
-0.0864899
-0.0981886
-0.1101737
-0.1229246
-0.1284534
-0.1204923
-0.1069524
-0.1089902
-0.1421806
-0.1946964
-0.2243484
-0.1810330
-0.0371926
0.1987442
0.4930689
0.8049480
1.0934350
1.3159021
1.4353818
1.4410856
1.3616265
1.2492182
1.1420149
1.0381815
0.9068742
0.7252474
0.5054841
0.2879288
0.1111806
-0.0102911
-0.0841899
-0.1246300
-0.1423720
-0.1464858
-0.1475402
-0.1543404
-0.1681160
-0.1823192
-0.1892003
-0.1868385
-0.1805403
-0.1782159
-0.1840635
-0.1953778
-0.2044707
-0.2041976
-0.1934000
-0.1783434
-0.1683714
-0.1685447
-0.1757626
-0.1825477
-0.1847614
-0.1848634
-0.1875173
-0.1933434
-0.1981043
-0.1974077
-0.1910069
-0.1826396
-0.1768500
-0.1762483
-0.1804747
-0.1862390
-0.1885794
-0.1842891
-0.1760546
-0.1723513
-0.1801166
-0.1958156
-0.2057254
-0.1982327
-0.1763518
-0.1560623
-0.1511560
-0.1606614
-0.1716619
-0.1728116
-0.1634915
-0.1510464
-0.1423747
-0.1395187
-0.1406916
-0.1415900
-0.1353649
-0.1156781
-0.0840472
-0.0532259
-0.0384339
-0.0424862
-0.0516763
-0.0493004
-0.0326550
-0.0141065
-0.0054580
-0.0045083
0.0008624
0.0172991
0.0382261
0.0521536
0.0559420
0.0572890
0.0650131
0.0798394
0.0953623
0.1050905
0.1061616
0.0983415
0.0838416
0.0689775
0.0619579
0.0651108
0.0698802
0.0629924
0.0394895
0.0086382
-0.0146163
-0.0239791
-0.0266858
-0.0343173
-0.0503192
-0.0675598
-0.0770027
-0.0767387
-0.0723443
-0.0703512
-0.0726928
-0.0765167
-0.0778976
-0.0759751
-0.0746075
-0.0796790
-0.0931109
-0.1088218
-0.1159477
-0.1080156
-0.0897082
-0.0739500
-0.0712650
-0.0812717
-0.0941512
-0.0998946
-0.0959327
-0.0869489
-0.0795013
-0.0776524
-0.0816075
-0.0875448
-0.0887431
-0.0801159
-0.0641259
-0.0510556
-0.0504773
-0.0614410
-0.0727265
-0.0743846
-0.0683382
-0.0656021
-0.0726674
-0.0829109
-0.0838410
-0.0721625
-0.0585705
-0.0560995
-0.0657523
-0.0763272
-0.0780144
-0.0732502
-0.0726528
-0.0818538
-0.0946632
-0.0995067
-0.0911428
-0.0752126
-0.0622710
-0.0588244
-0.0639311
-0.0723048
-0.0789609
-0.0817856
-0.0821334
-0.0838620
-0.0901174
-0.0993104
-0.1047572
-0.1001808
-0.0864562
-0.0721159
-0.0660411
-0.0694106
-0.0753959
-0.0770551
-0.0748549
-0.0754530
-0.0831885
-0.0941476
-0.0996317
-0.0949286
-0.0836991
-0.0740994
-0.0717696
-0.0764631
-0.0836804
-0.0882723
-0.0874550
-0.0825619
-0.0787545
-0.0815375
-0.0913359
-0.1010507
-0.1008665
-0.0875874
-0.0692081
-0.0585632
-0.0615591
-0.0723476
-0.0803646
-0.0806699
-0.0760724
-0.0703476
-0.0622333
-0.0473489
-0.0245279
0.0016574
0.0245200
0.0399556
0.0474997
0.0488996
0.0474639
0.0475232
0.0513101
0.0556169
0.0549267
0.0511962
0.0588616
0.0945510
0.1583306
0.2268644
0.2689526
0.2696037
0.2389096
0.1988053
0.1641249
0.1371032
0.1157742
0.1012171
0.0943372
0.0894941
0.0766243
0.0507723
0.0169729
-0.0155497
-0.0421468
-0.0644486
-0.0855238
-0.1060764
-0.1244161
-0.1368116
-0.1379039
-0.1258211
-0.1108873
-0.1155306
-0.1556636
-0.2151537
-0.2413384
-0.1751713
0.0064495
0.2756983
0.5793120
0.8747383
1.1384964
1.3458027
1.4582837
1.4462537
1.3246433
1.1564153
1.0086578
0.9004464
0.7950125
0.6443844
0.4411385
0.2273908
0.0576959
-0.0431052
-0.0890807
-0.1105507
-0.1287008
-0.1484980
-0.1662642
-0.1778889
-0.1819294
-0.1804931
-0.1791200
-0.1831098
-0.1914445
-0.1955548
-0.1872387
-0.1688154
-0.1534139
-0.1531041
-0.1670612
-0.1829525
-0.1898771
-0.1882426
-0.1864608
-0.1899427
-0.1953931
-0.1954486
-0.1868420
-0.1732119
-0.1612072
-0.1552644
-0.1557845
-0.1605623
-0.1667008
-0.1716400
-0.1738465
-0.1733240
-0.1710483
-0.1674711
-0.1620895
-0.1551416
-0.1492293
-0.1479469
-0.1522666
-0.1587838
-0.1622045
-0.1596612
-0.1525169
-0.1442587
-0.1371337
-0.1309332
-0.1244883
-0.1174596
-0.1102128
-0.1024433
-0.0929224
-0.0810288
-0.0680817
-0.0566446
-0.0485059
-0.0432985
-0.0384836
-0.0301884
-0.0147715
0.0086949
0.0362161
0.0596035
0.0714169
0.0712033
0.0671644
0.0701021
0.0839802
0.1022536
0.1144875
0.1170145
0.1163616
0.1216633
0.1344033
0.1466689
0.1494047
0.1411524
0.1278238
0.1146133
0.0999501
0.0785300
0.0495158
0.0198801
-0.0012897
-0.0111060
-0.0147661
-0.0198061
-0.0297264
-0.0432090
-0.0578235
-0.0727235
-0.0876669
-0.1009467
-0.1098095
-0.1130245
-0.1120014
-0.1087687
-0.1037575
-0.0969659
-0.0910501
-0.0910380
-0.0991279
-0.1104771
-0.1165941
-0.1142290
-0.1096791
-0.1121504
-0.1224861
-0.1304473
-0.1252239
-0.1082812
-0.0933947
-0.0925343
-0.1030690
-0.1111082
-0.1072861
-0.0967009
-0.0917546
-0.0968323
-0.1028888
-0.0978376
-0.0803617
-0.0616570
-0.0540233
-0.0595043
-0.0701203
-0.0773332
-0.0792706
-0.0792039
-0.0796170
-0.0794992
-0.0765159
-0.0699993
-0.0616550
-0.0546592
-0.0524880
-0.0571953
-0.0672451
-0.0772606
-0.0816804
-0.0799835
-0.0778396
-0.0815804
-0.0907991
-0.0972591
-0.0924557
-0.0766273
-0.0597162
-0.0530089
-0.0598674
-0.0743305
-0.0877231
-0.0958255
-0.1001104
-0.1035089
-0.1062337
-0.1059614
-0.1014870
-0.0953767
-0.0924480
-0.0953542
-0.1015632
-0.1048821
-0.1006994
-0.0907100
-0.0826961
-0.0845628
-0.0970512
-0.1117993
-0.1174981
-0.1094868
-0.0943652
-0.0851647
-0.0907700
-0.1082324
-0.1243258
-0.1253229
-0.1073895
-0.0793275
-0.0553885
-0.0439406
-0.0413368
-0.0362125
-0.0206631
0.0015632
0.0177206
0.0178069
0.0046836
-0.0071760
-0.0031248
0.0211142
0.0590750
0.1013367
0.1416392
0.1755576
0.1962084
0.1952586
0.1704085
0.1312332
0.0952728
0.0761412
0.0740583
0.0769626
0.0703120
0.0469852
0.0107635
-0.0271507
-0.0555740
-0.0707816
-0.0794168
-0.0936309
-0.1206528
-0.1550102
-0.1810195
-0.1846828
-0.1656657
-0.1398945
-0.1308189
-0.1547590
-0.2080131
-0.2623623
-0.2735626
-0.2019070
-0.0340736
0.2100111
0.4916790
0.7755940
1.0374232
1.2524825
1.3859651
1.4063155
1.3143369
1.1549468
0.9904782
0.8552480
0.7349927
0.5919202
0.4096235
0.2129462
0.0462477
-0.0636880
-0.1231376
-0.1564563
-0.1826051
-0.2062269
-0.2242434
-0.2340024
-0.2349601
-0.2280853
-0.2177320
-0.2123471
-0.2187334
-0.2339068
-0.2453601
-0.2428106
-0.2299218
-0.2219428
-0.2301218
-0.2493458
-0.2627370
-0.2584387
-0.2408014
-0.2249758
-0.2218132
-0.2289432
-0.2357066
-0.2349334
-0.2290550
-0.2256864
-0.2288594
-0.2351286
-0.2373941
-0.2315816
-0.2198554
-0.2084585
-0.2029102
-0.2043421
-0.2090012
-0.2108352
-0.2056533
-0.1944714
-0.1835459
-0.1801321
-0.1862640
-0.1955985
-0.1971375
-0.1839175
-0.1594428
-0.1357655
-0.1244500
-0.1279959
-0.1384901
-0.1438567
-0.1364868
-0.1181910
-0.0984299
-0.0871056
-0.0868323
-0.0905364
-0.0868186
-0.0692455
-0.0418192
-0.0157353
-0.0002985
0.0039216
0.0042165
0.0090688
0.0219842
0.0400625
0.0570018
0.0679691
0.0736082
0.0803578
0.0954674
0.1195435
0.1436485
0.1554306
0.1497547
0.1333504
0.1181180
0.1095638
0.1023274
0.0873133
0.0625087
0.0359181
0.0179552
0.0117755
0.0112476
0.0073894
-0.0040961
-0.0208261
-0.0371928
-0.0487886
-0.0546195
-0.0571199
-0.0608662
-0.0699791
-0.0846253
-0.0991901
-0.1051604
-0.0979863
-0.0821473
-0.0686991
-0.0664359
-0.0747627
-0.0852182
-0.0898606
-0.0879104
-0.0845587
-0.0844055
-0.0868989
-0.0877699
-0.0837065
-0.0751026
-0.0651046
-0.0571461
-0.0532703
-0.0533778
-0.0550830
-0.0550293
-0.0518061
-0.0478263
-0.0472289
-0.0512326
-0.0562224
-0.0572383
-0.0529353
-0.0461643
-0.0399953
-0.0347689
-0.0297686
-0.0262252
-0.0265152
-0.0304551
-0.0347186
-0.0373294
-0.0409856
-0.0491049
-0.0586508
-0.0603414
-0.0488317
-0.0316237
-0.0244844
-0.0363979
-0.0602424
-0.0796192
-0.0842339
-0.0776305
-0.0710919
-0.0725469
-0.0818331
-0.0937476
-0.1025293
-0.1039693
-0.0969899
-0.0857200
-0.0785055
-0.0815960
-0.0927348
-0.1025709
-0.1036619
-0.0972793
-0.0902575
-0.0860105
-0.0806378
-0.0682856
-0.0486083
-0.0274563
-0.0109307
-0.0004833
0.0060553
0.0106051
0.0135304
0.0151950
0.0165732
0.0177768
0.0179130
0.0184005
0.0259765
0.0498318
0.0933024
0.1475046
0.1937748
0.2141800
0.2025334
0.1680906
0.1294492
0.1026999
0.0918087
0.0881803
0.0798714
0.0627444
0.0433490
0.0306360
0.0249264
0.0159737
-0.0073844
-0.0460123
-0.0892666
-0.1240803
-0.1439390
-0.1496133
-0.1447527
-0.1346937
-0.1295449
-0.1431670
-0.1820519
-0.2313560
-0.2534002
-0.2048399
-0.0605104
0.1749522
0.4735988
0.7966677
1.0997226
1.3335140
1.4551042
1.4518282
1.3573156
1.2353805
1.1357792
1.0582649
0.9596520
0.7991565
0.5798006
0.3483330
0.1578466
0.0312796
-0.0433916
-0.0908726
-0.1266426
-0.1532897
-0.1694287
-0.1764101
-0.1777455
-0.1767919
-0.1769240
-0.1816496
-0.1919288
-0.2037952
-0.2109659
-0.2109392
-0.2077219
-0.2077130
-0.2132546
-0.2206608
-0.2239392
-0.2197088
-0.2092859
-0.1977266
-0.1911630
-0.1931838
-0.2018872
-0.2107382
-0.2140374
-0.2122483
-0.2110051
-0.2142301
-0.2192520
-0.2199829
-0.2142892
-0.2062697
-0.2007874
-0.1977816
-0.1938499
-0.1883142
-0.1848017
-0.1860781
-0.1898748
-0.1920824
-0.1925378
-0.1941202
-0.1955979
-0.1892932
-0.1697546
-0.1439210
-0.1281171
-0.1319716
-0.1467246
-0.1525723
-0.1383242
-0.1121896
-0.0925413
-0.0897824
-0.0985844
-0.1059673
-0.1034702
-0.0908631
-0.0717806
-0.0500205
-0.0301964
-0.0179802
-0.0159973
-0.0195467
-0.0191366
-0.0092663
0.0056425
0.0153559
0.0143163
0.0076851
0.0068898
0.0196077
0.0440092
0.0715036
0.0935887
0.1060918
0.1088892
0.1040985
0.0953838
0.0874807
0.0839992
0.0844942
0.0842951
0.0784350
0.0661997
0.0514872
0.0386561
0.0286934
0.0198694
0.0112333
0.0038003
-0.0022363
-0.0099715
-0.0233992
-0.0420414
-0.0592929
-0.0674884
-0.0644954
-0.0544415
-0.0422964
-0.0295249
-0.0160840
-0.0052158
-0.0036303
-0.0157711
-0.0381157
-0.0578158
-0.0530470
0.0074712
0.1595767
0.4245900
0.7821079
1.1599075
1.4624978
1.6265969
1.6594684
1.6232733
1.5760128
1.5220462
1.4172778
1.2213883
0.9450497
0.6484591
0.3974440
0.2217566
0.1104052
0.0376452
-0.0129155
-0.0463589
-0.0675394
-0.0853212
-0.1055851
-0.1258500
-0.1408713
-0.1516747
-0.1647139
-0.1814313
-0.1928569
-0.1888280
-0.1722902
-0.1604813
-0.1688684
-0.1943710
-0.2167114
-0.2174038
-0.1969987
-0.1736004
-0.1654691
-0.1754918
-0.1910711
-0.1968534
-0.1872367
-0.1688342
-0.1533920
-0.1484316
-0.1523995
-0.1566468
-0.1522263
-0.1368574
-0.1170997
-0.1036164
-0.1026122
-0.1103073
-0.1155566
-0.1088622
-0.0900032
