-0.2260472
-0.2172244
-0.2230551
-0.2312247
-0.2234351
-0.1959368
-0.1647655
-0.1509949
-0.1618192
-0.1855170
-0.2029540
-0.2033027
-0.1905724
-0.1776473
-0.1746394
-0.1812740
-0.1887495
-0.1887579
-0.1813279
-0.1740371
-0.1734530
-0.1778873
-0.1792790
-0.1716737
-0.1562902
-0.1380342
-0.1194643
-0.1007703
-0.0846285
-0.0765380
-0.0772563
-0.0771173
-0.0630840
-0.0337037
-0.0039700
0.0090536
0.0058830
0.0065348
0.0302994
0.0747012
0.1169812
0.1365058
0.1337145
0.1265512
0.1308737
0.1467912
0.1628242
0.1694704
0.1668762
0.1616278
0.1593953
0.1609097
0.1624522
0.1585534
0.1454664
0.1241041
0.0997310
0.0774108
0.0574042
0.0362459
0.0128619
-0.0080625
-0.0208184
-0.0264971
-0.0338344
-0.0508017
-0.0760865
-0.1001869
-0.1147885
-0.1200820
-0.1230134
-0.1297837
-0.1406949
-0.1509313
-0.1545474
-0.1478718
-0.1312710
-0.1095497
-0.0905094
-0.0814666
-0.0854595
-0.0995084
-0.1155673
-0.1234733
-0.1156021
-0.0922582
-0.0637380
-0.0445374
-0.0419803
-0.0498142
-0.0550419
-0.0522333
-0.0493572
-0.0572982
-0.0744610
-0.0851906
-0.0756256
-0.0499854
-0.0288708
-0.0308425
-0.0561437
-0.0875598
-0.1050875
-0.1000817
-0.0794599
-0.0603736
-0.0594440
-0.0809893
-0.1115744
-0.1284192
-0.1185452
-0.0915876
-0.0712867
-0.0724674
-0.0880919
-0.1007084
-0.1038303
-0.1068324
-0.1182865
-0.1308583
-0.1288871
-0.1092635
-0.0874487
-0.0794865
-0.0832138
-0.0838520
-0.0767579
-0.0761643
-0.0962991
-0.1284136
-0.1448667
-0.1281581
-0.0908889
-0.0630462
-0.0623071
-0.0814503
-0.1030708
-0.1187250
-0.1294785
-0.1337324
-0.1246780
-0.1024760
-0.0818563
-0.0799851
-0.0970118
-0.1142737
-0.1142634
-0.0990054
-0.0852978
-0.0837721
-0.0873048
-0.0807241
-0.0574224
-0.0229292
0.0150876
0.0541745
0.0925314
0.1218853
0.1311835
0.1191773
0.1005879
0.0967495
0.1192157
0.1622928
0.2102695
0.2503041
0.2783839
0.2950140
0.2981306
0.2825771
0.2474817
0.2030967
0.1670340
0.1497783
0.1426968
0.1235255
0.0781361
0.0174341
-0.0312240
-0.0522166
-0.0584056
-0.0746136
-0.1049697
-0.1247179
-0.1112606
-0.0796262
-0.0755068
-0.1259685
-0.2014435
-0.2351383
-0.1807277
-0.0432853
0.1492013
0.3919702
0.7015470
1.0608374
1.3802775
1.5372987
1.4698488
1.2325262
0.9559552
0.7470161
0.6226737
0.5284996
0.4078966
0.2509300
0.0889810
-0.0411570
-0.1232372
-0.1628369
-0.1761131
-0.1797859
-0.1846679
-0.1918286
-0.1947195
-0.1883055
-0.1770456
-0.1719542
-0.1788086
-0.1909937
-0.1961729
-0.1901046
-0.1821920
-0.1859814
-0.2040936
-0.2233307
-0.2256670
-0.2050385
-0.1739282
-0.1531790
-0.1541963
-0.1700056
-0.1834649
-0.1845054
-0.1792123
-0.1815308
-0.1963404
-0.2120725
-0.2112390
-0.1882261
-0.1561004
-0.1358104
-0.1386525
-0.1579887
-0.1760032
-0.1781337
-0.1634019
-0.1438010
-0.1339922
-0.1388967
-0.1488191
-0.1472582
-0.1261700
-0.0948411
-0.0721918
-0.0683762
-0.0744382
-0.0721406
-0.0541672
-0.0320133
-0.0217856
-0.0236388
-0.0189418
0.0103580
0.0612202
0.1108292
0.1386463
0.1452967
0.1484441
0.1617100
0.1809796
0.1927847
0.1935378
0.1961463
0.2156462
0.2501371
0.2791943
0.2826229
0.2598154
0.2291897
0.2087797
0.1990146
0.1852750
0.1556184
0.1135510
0.0735618
0.0472039
0.0355947
0.0330903
0.0333719
0.0302808
0.0167647
-0.0112778
-0.0485346
-0.0808825
-0.0959636
-0.0933954
-0.0829484
-0.0731789
-0.0647757
-0.0560731
-0.0512247
-0.0576312
-0.0746850
-0.0899040
-0.0906264
-0.0785282
-0.0681907
-0.0695354
-0.0746720
-0.0659925
-0.0374857
-0.0048205
0.0083315
-0.0063885
-0.0338550
-0.0503028
-0.0447139
-0.0255596
-0.0093200
-0.0052396
-0.0106350
-0.0173121
-0.0197727
-0.0181394
-0.0161539
-0.0179036
-0.0253099
-0.0368117
-0.0480370
-0.0548628
-0.0566321
-0.0558560
-0.0541718
-0.0496024
-0.0397034
-0.0276491
-0.0228596
-0.0329295
-0.0545643
-0.0742708
-0.0796935
-0.0705986
-0.0583550
-0.0546424
-0.0610153
-0.0694445
-0.0722076
-0.0701270
-0.0706788
-0.0786722
-0.0900070
-0.0955504
-0.0913422
-0.0841985
-0.0856341
-0.0988757
-0.1124882
-0.1096836
-0.0864735
-0.0599625
-0.0552819
-0.0816394
-0.1216081
-0.1460646
-0.1407633
-0.1179559
-0.1020919
-0.1056520
-0.1201180
-0.1289602
-0.1256581
-0.1169624
-0.1111214
-0.1078928
-0.1020261
-0.0933250
-0.0887843
-0.0938719
-0.1041904
-0.1076614
-0.0942967
-0.0629090
-0.0197262
0.0266986
0.0686554
0.1006782
0.1217095
0.1361627
0.1496734
0.1618718
0.1657867
0.1581262
0.1497014
0.1606906
0.2015762
0.2597874
0.3086433
0.3301840
0.3268055
0.3100219
0.2826360
0.2381468
0.1779715
0.1220323
0.0945294
0.0984219
0.1093448
0.0986280
0.0604314
0.0130946
-0.0240680
-0.0493263
-0.0724615
-0.0963502
-0.1119247
-0.1119247
-0.1036835
-0.1036170
-0.1202768
-0.1452374
-0.1569804
-0.1255866
-0.0124877
0.2202386
0.5780968
0.9991227
1.3585578
1.5313627
1.4727224
1.2479928
0.9820953
0.7702684
0.6255572
0.5006574
0.3523425
0.1841681
0.0343303
-0.0673960
-0.1253011
-0.1644771
-0.2003796
-0.2264867
-0.2300190
-0.2134950
-0.1959122
-0.1931860
-0.2021744
-0.2077081
-0.2035842
-0.2008524
-0.2123141
-0.2326821
-0.2409286
-0.2244574
-0.1964237
-0.1837693
-0.1982043
-0.2235923
-0.2346233
-0.2249404
-0.2119704
-0.2137972
-0.2267111
-0.2304223
-0.2137773
-0.1891681
-0.1783217
-0.1870653
-0.1993102
-0.1968930
-0.1815737
-0.1736798
-0.1889025
-0.2189632
-0.2372369
-0.2236659
-0.1837793
-0.1437988
-0.1279811
-0.1398435
-0.1623504
-0.1737747
-0.1643712
-0.1414650
-0.1209778
-0.1130315
-0.1131687
-0.1068384
-0.0842164
-0.0521597
-0.0302578
-0.0318291
-0.0474627
-0.0501602
-0.0209342
0.0301486
0.0719986
0.0842750
0.0792075
0.0878659
0.1246296
0.1697568
0.1905963
0.1778328
0.1554818
0.1533732
0.1739409
0.1911251
0.1814529
0.1505714
0.1254505
0.1232983
0.1337240
0.1325620
0.1088360
0.0744387
0.0489666
0.0392660
0.0350861
0.0221643
-0.0029382
-0.0303277
-0.0467401
-0.0473678
-0.0394335
-0.0356760
-0.0439822
-0.0618292
-0.0799244
-0.0913059
-0.0967649
-0.1011336
-0.1054532
-0.1053316
-0.0979547
-0.0882330
-0.0847884
-0.0899270
-0.0966561
-0.0973822
-0.0935594
-0.0935846
-0.1009015
-0.1072263
-0.1004056
-0.0786688
-0.0545851
-0.0436198
-0.0500045
-0.0650363
-0.0776466
-0.0838120
-0.0857306
-0.0855205
-0.0828356
-0.0776350
-0.0719676
-0.0676788
-0.0640079
-0.0593578
-0.0552307
-0.0566998
-0.0678306
-0.0868257
-0.1061943
-0.1175608
-0.1163674
-0.1036127
-0.0855846
-0.0721583
-0.0720496
-0.0861588
-0.1056342
-0.1193066
-0.1242923
-0.1274309
-0.1346353
-0.1406943
-0.1335594
-0.1103260
-0.0860919
-0.0823258
-0.1046339
-0.1344759
-0.1462010
-0.1325319
-0.1109887
-0.1044838
-0.1179032
-0.1356751
-0.1405888
-0.1313732
-0.1207735
-0.1191622
-0.1234703
-0.1229251
-0.1134998
-0.1040318
-0.1069908
-0.1238722
-0.1410308
-0.1411706
-0.1200949
-0.0926660
-0.0809838
-0.0939377
-0.1169876
-0.1239506
-0.1017197
-0.0634225
-0.0346940
-0.0260178
-0.0211559
0.0043575
0.0542891
0.1049152
0.1288125
0.1229210
0.1094183
0.1095362
0.1223860
0.1342680
0.1451920
0.1757966
0.2409923
0.3202892
0.3643783
0.3379900
0.2555639
0.1706643
0.1287038
0.1307959
0.1425256
0.1327472
0.0992451
0.0590959
0.0232540
-0.0122524
-0.0527785
-0.0919883
-0.1173860
-0.1255244
-0.1262081
-0.1315385
-0.1451794
-0.1639285
-0.1850040
-0.2054350
-0.2134157
-0.1853006
-0.0957989
0.0687715
0.3074267
0.6075692
0.9387569
1.2387951
1.4192311
1.4095308
1.2142793
0.9266342
0.6709051
0.5160797
0.4367718
0.3557961
0.2240611
0.0606804
-0.0776450
-0.1559405
-0.1855678
-0.1979876
-0.2077857
-0.2075342
-0.1917258
-0.1734875
-0.1728644
-0.1936806
-0.2187335
-0.2286937
-0.2217060
-0.2118574
-0.2109462
-0.2163795
-0.2178988
-0.2120509
-0.2057193
-0.2059832
-0.2108654
-0.2127665
-0.2093575
-0.2076704
-0.2158682
-0.2319077
-0.2423805
-0.2343866
-0.2091997
-0.1832448
-0.1739294
-0.1837037
-0.1983935
-0.2015629
-0.1902930
-0.1766389
-0.1740685
-0.1835600
-0.1938787
-0.1949163
-0.1883910
-0.1833722
-0.1824402
-0.1763266
-0.1550354
-0.1229068
-0.0990453
-0.1005711
-0.1252770
-0.1511937
-0.1537478
-0.1249578
-0.0783750
-0.0368773
-0.0146920
-0.0082319
-0.0016748
0.0184818
0.0516297
0.0833943
0.0985391
0.0959797
0.0914688
0.1035133
0.1353063
0.1712459
0.1920931
0.1930125
0.1860405
0.1856398
0.1933787
0.1972117
0.1846768
0.1555535
0.1217826
0.0965846
0.0845657
0.0807402
0.0761307
0.0635977
0.0411042
0.0124481
-0.0152393
-0.0368263
-0.0528475
-0.0669163
-0.0792091
-0.0841282
-0.0764405
-0.0601354
-0.0494978
-0.0586761
-0.0883557
-0.1230843
-0.1434632
-0.1421215
-0.1278884
-0.1148848
-0.1089077
-0.1050682
-0.0973582
-0.0880740
-0.0859856
-0.0950015
-0.1064587
-0.1056276
-0.0873686
-0.0634909
-0.0514845
-0.0555693
-0.0615776
-0.0525324
-0.0279994
-0.0055764
-0.0028799
-0.0198906
-0.0403700
-0.0494532
-0.0473159
-0.0450873
-0.0504541
-0.0607204
-0.0691057
-0.0731863
-0.0747002
-0.0741892
-0.0702696
-0.0640555
-0.0603379
-0.0621989
-0.0664242
-0.0671050
-0.0638716
-0.0641704
-0.0754271
-0.0952687
-0.1111898
-0.1108862
-0.0928586
-0.0674952
-0.0496104
-0.0500873
-0.0708383
-0.1029268
-0.1294518
-0.1355174
-0.1201427
-0.0981873
-0.0874953
-0.0926179
-0.1019247
-0.1011810
-0.0886614
-0.0753700
-0.0711613
-0.0740184
-0.0756348
-0.0755786
-0.0843074
-0.1089058
-0.1388102
-0.1513547
-0.1336335
-0.0965139
-0.0644267
-0.0515025
-0.0492974
-0.0380911
-0.0083854
0.0304596
0.0619884
0.0797914
0.0909864
0.1048348
0.1221892
0.1375554
0.1485989
0.1604404
0.1807765
0.2126093
0.2517482
0.2895344
0.3168703
0.3266693
0.3150002
0.2826084
0.2367362
0.1904486
0.1571712
0.1425713
0.1397064
0.1322642
0.1052161
0.0558453
-0.0042440
-0.0590543
-0.1003748
-0.1283536
-0.1409015
-0.1299061
-0.0958761
-0.0641720
-0.0737263
-0.1383911
-0.2211463
-0.2572028
-0.2078081
-0.0846971
0.0854481
0.3115570
0.6296433
1.0280927
1.3932669
1.5620107
1.4539324
1.1529140
0.8437150
0.6577863
0.5788652
0.4945216
0.3276517
0.1094025
-0.0678318
-0.1489287
-0.1580077
-0.1547053
-0.1698151
-0.1909523
-0.1974212
-0.1906368
-0.1873257
-0.1952039
-0.2057055
-0.2081369
-0.2026343
-0.1969543
-0.1956047
-0.1965112
-0.1967958
-0.1973367
-0.2002076
-0.2046289
-0.2083251
-0.2113125
-0.2144875
-0.2144424
-0.2045298
-0.1844217
-0.1657105
-0.1627625
-0.1770361
-0.1937625
-0.1963374
-0.1827895
-0.1664615
-0.1612791
-0.1683720
-0.1774628
-0.1789674
-0.1718919
-0.1602168
-0.1457249
-0.1280777
-0.1106375
-0.1014767
-0.1060740
-0.1202742
-0.1320160
-0.1299743
-0.1113209
-0.0838013
-0.0616781
-0.0570344
-0.0706543
-0.0895207
-0.0950996
-0.0775497
-0.0439635
-0.0119777
0.0069316
0.0185117
0.0386377
0.0744468
0.1147040
0.1412569
0.1489541
0.1511528
0.1647814
0.1920026
0.2181066
0.2268476
0.2167903
0.2025469
0.2005378
0.2137693
0.2298196
0.2322446
0.2136295
0.1799650
0.1453273
0.1216567
0.1097271
0.0981254
0.0736199
0.0354162
-0.0016482
-0.0206299
-0.0197194
-0.0147251
-0.0238125
-0.0503377
-0.0810482
-0.1003603
-0.1049169
-0.1035670
-0.1050425
-0.1090981
-0.1104941
-0.1078984
-0.1049913
-0.1039041
-0.1017056
-0.0946545
-0.0835761
-0.0735918
-0.0698640
-0.0745608
-0.0863058
-0.1001481
-0.1077869
-0.1004775
-0.0756893
-0.0429522
-0.0207035
-0.0223101
-0.0428508
-0.0619813
-0.0626568
-0.0468204
-0.0315394
-0.0307922
-0.0427609
-0.0542298
-0.0549697
-0.0467177
-0.0392395
-0.0396929
-0.0472661
-0.0574397
-0.0683179
-0.0804107
-0.0920638
-0.0991185
-0.0997769
-0.0967094
-0.0927609
-0.0870374
-0.0779228
-0.0690114
-0.0686867
-0.0815050
-0.1004516
-0.1106525
-0.1038560
-0.0890878
-0.0852059
-0.1003124
-0.1208423
-0.1249168
-0.1064306
-0.0825677
-0.0759280
-0.0909243
-0.1097937
-0.1120689
-0.0968466
-0.0841883
-0.0935043
-0.1217341
-0.1453615
-0.1442433
-0.1210346
-0.0963084
-0.0873673
-0.0941416
-0.1039151
-0.1061887
-0.1017459
-0.0984367
-0.0995519
-0.0975732
-0.0804433
-0.0440394
0.0022474
0.0423215
0.0657954
0.0753716
0.0835235
0.1004781
0.1231600
0.1372838
0.1339857
0.1245234
0.1342347
0.1784851
0.2449355
0.3013014
0.3214435
0.3045913
0.2705140
0.2379156
0.2096671
0.1794114
0.1481544
0.1272285
0.1227982
0.1233219
0.1086570
0.0706983
0.0204043
-0.0256148
-0.0607494
-0.0886139
-0.1117877
-0.1264433
-0.1303090
-0.1319556
-0.1455146
-0.1737607
-0.2005688
-0.2031588
-0.1656815
-0.0718743
0.1109201
0.4185358
0.8394063
1.2752848
1.5714567
1.6127799
1.4098626
1.0957890
0.8288366
0.6818526
0.6113628
0.5241373
0.3699162
0.1754617
0.0037553
-0.1067670
-0.1643183
-0.1994198
-0.2297531
-0.2495414
-0.2473003
-0.2271594
-0.2087316
-0.2071485
-0.2182666
-0.2263036
-0.2230601
-0.2158586
-0.2175683
-0.2320638
-0.2499326
-0.2570848
-0.2476910
-0.2294221
-0.2157088
-0.2131090
-0.2173307
-0.2204613
-0.2190706
-0.2153930
-0.2141589
-0.2189238
-0.2277401
-0.2310602
-0.2179799
-0.1879970
-0.1550468
-0.1370482
-0.1407623
-0.1566652
-0.1679771
-0.1656040
-0.1558444
-0.1527804
-0.1618537
-0.1726731
-0.1700972
-0.1504207
-0.1239311
-0.1036988
-0.0953392
-0.0957136
-0.0969499
-0.0920731
-0.0805958
-0.0688735
-0.0621823
-0.0564940
-0.0406715
-0.0076354
0.0370628
0.0773730
0.0986762
0.1012174
0.1021119
0.1195683
0.1530781
0.1830281
0.1922466
0.1845205
0.1795361
0.1927063
0.2219942
0.2512556
0.2642061
0.2577349
0.2434355
0.2344341
0.2308606
0.2211544
0.1968875
0.1620677
0.1279998
0.1032861
0.0887085
0.0774473
0.0602538
0.0344778
0.0077828
-0.0105077
-0.0202673
-0.0289049
-0.0411526
-0.0553041
-0.0674607
-0.0744677
-0.0746536
-0.0705252
-0.0685752
-0.0719012
-0.0756568
-0.0741592
-0.0694208
-0.0685511
-0.0760920
-0.0918783
-0.1110944
-0.1230169
-0.1169060
-0.0949697
-0.0737259
-0.0670056
-0.0724288
-0.0781241
-0.0764202
-0.0679730
-0.0600501
-0.0632305
-0.0805493
-0.0975165
-0.0941235
-0.0704203
-0.0487015
-0.0464582
-0.0588487
-0.0711787
-0.0760648
-0.0752744
-0.0772333
-0.0929291
-0.1191069
-0.1288029
-0.1011531
-0.0590182
-0.0477403
-0.0733452
-0.0959863
-0.0941046
-0.0959479
-0.1261150
