-0.1011189
-0.0910344
-0.1058306
-0.1164911
-0.1155452
-0.1154740
-0.1159761
-0.1044804
-0.0841498
-0.0734160
-0.0772652
-0.0809446
-0.0735866
-0.0601561
-0.0486281
-0.0404664
-0.0349922
-0.0304979
-0.0204579
0.0005278
0.0269983
0.0477312
0.0593885
0.0676072
0.0776025
0.0915400
0.1113808
0.1354953
0.1552796
0.1635907
0.1647882
0.1694250
0.1806119
0.1912571
0.1927859
0.1820221
0.1621145
0.1406767
0.1239709
0.1096575
0.0892257
0.0608844
0.0353962
0.0247401
0.0282474
0.0334948
0.0283012
0.0099746
-0.0134771
-0.0291681
-0.0303055
-0.0238179
-0.0239603
-0.0367375
-0.0536751
-0.0617518
-0.0559952
-0.0418874
-0.0295865
-0.0268300
-0.0335853
-0.0420364
-0.0443339
-0.0409337
-0.0391037
-0.0436517
-0.0517396
-0.0562421
-0.0518491
-0.0392368
-0.0260279
-0.0218199
-0.0285196
-0.0366949
-0.0352466
-0.0243280
-0.0155654
-0.0194498
-0.0345225
-0.0486321
-0.0496474
-0.0363085
-0.0200193
-0.0145633
-0.0228430
-0.0352189
-0.0412175
-0.0399107
-0.0376764
-0.0393705
-0.0443968
-0.0490398
-0.0497803
-0.0455160
-0.0387035
-0.0338546
-0.0338445
-0.0380282
-0.0437706
-0.0487063
-0.0521098
-0.0557098
-0.0622418
-0.0709316
-0.0755490
-0.0703614
-0.0580387
-0.0484135
-0.0485069
-0.0558704
-0.0621360
-0.0611486
-0.0534711
-0.0451584
-0.0429428
-0.0491064
-0.0597760
-0.0678998
-0.0678436
-0.0585022
-0.0447376
-0.0359987
-0.0396393
-0.0528780
-0.0637965
-0.0635542
-0.0564167
-0.0545815
-0.0632999
-0.0739044
-0.0728395
-0.0568264
-0.0380129
-0.0329537
-0.0456988
-0.0629000
-0.0675431
-0.0568582
-0.0441933
-0.0434649
-0.0548951
-0.0668517
-0.0686308
-0.0593879
-0.0465163
-0.0380103
-0.0365612
-0.0395974
-0.0436077
-0.0472649
-0.0504831
-0.0525974
-0.0531520
-0.0530996
-0.0531560
-0.0518654
-0.0475154
-0.0415566
-0.0379438
-0.0388709
-0.0426170
-0.0457435
-0.0463930
-0.0455250
-0.0456750
-0.0481464
-0.0508414
-0.0496129
-0.0426309
-0.0329391
-0.0261258
-0.0258467
-0.0314297
-0.0385460
-0.0420896
-0.0401672
-0.0361021
-0.0352044
-0.0388009
-0.0426321
-0.0418054
-0.0361646
-0.0300838
-0.0280026
-0.0307995
-0.0356774
-0.0390428
-0.0400495
-0.0414226
-0.0461373
-0.0534090
-0.0587722
-0.0580488
-0.0507966
-0.0406514
-0.0332446
-0.0327219
-0.0383904
-0.0448377
-0.0468477
-0.0445076
-0.0426619
-0.0453673
-0.0515273
-0.0558055
-0.0534823
-0.0450636
-0.0366105
-0.0346724
-0.0401420
-0.0477467
-0.0520368
-0.0528106
-0.0539421
-0.0580607
-0.0636124
-0.0665978
-0.0643056
-0.0577622
-0.0511298
-0.0482013
-0.0488367
-0.0490124
-0.0446245
-0.0352316
-0.0244368
-0.0168266
-0.0134980
-0.0096403
0.0020647
0.0232489
0.0452960
0.0557384
0.0507227
0.0399738
0.0381826
0.0518938
0.0754628
0.0992328
0.1202809
0.1439753
0.1747294
0.2065732
0.2251460
0.2200192
0.1942402
0.1615552
0.1358237
0.1234075
0.1224155
0.1252629
0.1220778
0.1057603
0.0773703
0.0467203
0.0251056
0.0148199
0.0057883
-0.0144491
-0.0449018
-0.0674291
-0.0644447
-0.0427476
-0.0353362
-0.0723432
-0.1464682
-0.2084909
-0.2002946
-0.0950534
0.0928442
0.3334484
0.6098524
0.9154422
1.2245746
1.4776508
1.6094689
1.5991915
1.4900158
1.3544404
1.2367712
1.1266071
0.9839817
0.7867665
0.5547169
0.3331354
0.1585904
0.0399516
-0.0347393
-0.0812152
-0.1097751
-0.1260613
-0.1338773
-0.1361268
-0.1355993
-0.1358281
-0.1398746
-0.1477176
-0.1559895
-0.1613081
-0.1637363
-0.1663950
-0.1714579
-0.1769626
-0.1785012
-0.1744478
-0.1684968
-0.1658119
-0.1671994
-0.1686935
-0.1670057
-0.1637829
-0.1636559
-0.1689103
-0.1767386
-0.1813089
-0.1784054
-0.1689198
-0.1584780
-0.1532971
-0.1556322
-0.1625449
-0.1684910
-0.1692817
-0.1648575
-0.1592759
-0.1574247
-0.1605958
-0.1652873
-0.1669754
-0.1647850
-0.1617294
-0.1606323
-0.1608109
-0.1591731
-0.1542645
-0.1487669
-0.1473057
-0.1510633
-0.1549273
-0.1514392
-0.1383305
-0.1213897
-0.1091543
-0.1052081
-0.1060673
-0.1057930
-0.1017044
-0.0957999
-0.0915297
-0.0897690
-0.0879949
-0.0830081
-0.0737399
-0.0612555
-0.0471082
-0.0327263
-0.0196410
-0.0086599
0.0013177
0.0123308
0.0247503
0.0366601
0.0464397
0.0551326
0.0651579
0.0765186
0.0849682
0.0849254
0.0749390
0.0599991
0.0473436
0.0395127
0.0323434
0.0204232
0.0038177
-0.0114289
-0.0191526
-0.0189239
-0.0165385
-0.0191908
-0.0295090
-0.0434023
-0.0538101
-0.0571020
-0.0558555
-0.0552851
-0.0574493
-0.0595731
-0.0580344
-0.0534006
-0.0507275
-0.0541814
-0.0615631
-0.0655834
-0.0617171
-0.0539879
-0.0512457
-0.0575858
-0.0679143
-0.0735438
-0.0709835
-0.0642981
-0.0596537
-0.0590001
-0.0594647
-0.0579974
-0.0553140
-0.0546979
-0.0576089
-0.0616685
-0.0631080
-0.0601653
-0.0537613
-0.0461767
-0.0401284
-0.0380795
-0.0405657
-0.0449239
-0.0469603
-0.0447863
-0.0407992
-0.0393362
-0.0421290
-0.0461940
-0.0466711
-0.0420875
-0.0363891
-0.0350297
-0.0392535
-0.0451966
-0.0486903
-0.0497383
-0.0514913
-0.0555544
-0.0594826
-0.0592507
-0.0538857
-0.0472413
-0.0446953
-0.0477899
-0.0525043
-0.0534236
-0.0495445
-0.0454735
-0.0468593
-0.0548603
-0.0648158
-0.0699757
-0.0670039
-0.0587060
-0.0515083
-0.0498240
-0.0527525
-0.0562489
-0.0578473
-0.0585448
-0.0604492
-0.0637663
-0.0667055
-0.0679227
-0.0682479
-0.0694800
-0.0716308
-0.0722638
-0.0693667
-0.0644745
-0.0618185
-0.0642111
-0.0706782
-0.0782664
-0.0848061
-0.0889490
-0.0885918
-0.0812863
-0.0670492
-0.0500501
-0.0362986
-0.0288050
-0.0248899
-0.0187921
-0.0074543
0.0062898
0.0164179
0.0194148
0.0174231
0.0166913
0.0234918
0.0404905
0.0653655
0.0926376
0.1179285
0.1409679
0.1636341
0.1843426
0.1952123
0.1868838
0.1580039
0.1200402
0.0907424
0.0804355
0.0839743
0.0868027
0.0787746
0.0608894
0.0391058
0.0151801
-0.0133149
-0.0454858
-0.0744323
-0.0943433
-0.1073590
-0.1190718
-0.1275914
-0.1231075
-0.1036533
-0.0887642
-0.1078973
-0.1678464
-0.2334382
-0.2478889
-0.1759406
-0.0247022
0.1784631
0.4210050
0.7078514
1.0269414
1.3218126
1.5129114
1.5552143
1.4751241
1.3466200
1.2282983
1.1219391
0.9883776
0.7978838
0.5634567
0.3308570
0.1436251
0.0179669
-0.0564881
-0.1001142
-0.1288080
-0.1497945
-0.1646289
-0.1735511
-0.1783647
-0.1830273
-0.1912857
-0.2026539
-0.2112561
-0.2107106
-0.2012001
-0.1906803
-0.1878456
-0.1940163
-0.2025243
-0.2057274
-0.2019231
-0.1956790
-0.1925604
-0.1942178
-0.1980522
-0.2003831
-0.1992080
-0.1946022
-0.1880742
-0.1822545
-0.1800936
-0.1827991
-0.1883880
-0.1931654
-0.1949813
-0.1946095
-0.1938442
-0.1928190
-0.1896220
-0.1825335
-0.1726297
-0.1641072
-0.1614085
-0.1651692
-0.1708460
-0.1720912
-0.1663938
-0.1577814
-0.1535706
-0.1574801
-0.1651919
-0.1670578
-0.1563758
-0.1357870
-0.1154143
-0.1043806
-0.1038265
-0.1072757
-0.1065408
-0.0973423
-0.0811893
-0.0638325
-0.0517598
-0.0480963
-0.0499510
-0.0495894
-0.0397731
-0.0198477
0.0028284
0.0185276
0.0235791
0.0235292
0.0275707
0.0398045
0.0561192
0.0690448
0.0746784
0.0749238
0.0742541
0.0752970
0.0771634
0.0768565
0.0716872
0.0609671
0.0466120
0.0324920
0.0219646
0.0145104
0.0050803
-0.0112148
-0.0325993
-0.0500266
-0.0550182
-0.0484512
-0.0404760
-0.0410967
-0.0512069
-0.0630781
-0.0688609
-0.0677180
-0.0649737
-0.0658599
-0.0712628
-0.0786877
-0.0850177
-0.0872780
-0.0826667
-0.0708437
-0.0567843
-0.0490516
-0.0528346
-0.0644443
-0.0739584
-0.0742881
-0.0677021
-0.0630534
-0.0663892
-0.0745177
-0.0782244
-0.0717833
-0.0587389
-0.0481023
-0.0455236
-0.0488460
-0.0517936
-0.0507720
-0.0476168
-0.0465315
-0.0493848
-0.0541447
-0.0571580
-0.0562402
-0.0517858
-0.0459983
-0.0417309
-0.0412189
-0.0444135
-0.0483451
-0.0494339
-0.0473007
-0.0455919
-0.0480793
-0.0542201
-0.0594394
-0.0597896
-0.0555859
-0.0503508
-0.0471273
-0.0466300
-0.0484552
-0.0525250
-0.0584289
-0.0642506
-0.0677659
-0.0691504
-0.0710494
-0.0748542
-0.0778914
-0.0760664
-0.0693757
-0.0631900
-0.0630396
-0.0687740
-0.0749034
-0.0766855
-0.0750799
-0.0752766
-0.0807163
-0.0891839
-0.0948993
-0.0939244
-0.0871911
-0.0789764
-0.0736605
-0.0739087
-0.0800036
-0.0888483
-0.0938310
-0.0882360
-0.0713055
-0.0510691
-0.0388786
-0.0386757
-0.0415342
-0.0330911
-0.0083601
0.0213764
0.0383465
0.0355718
0.0235301
0.0195478
0.0321350
0.0565900
0.0838381
0.1099820
0.1360165
0.1608636
0.1784587
0.1828738
0.1745255
0.1595717
0.1438642
0.1293257
0.1160851
0.1053712
0.0979764
0.0906728
0.0769002
0.0526628
0.0214031
-0.0079239
-0.0281630
-0.0397312
-0.0493260
-0.0624749
-0.0767561
-0.0829597
-0.0749790
-0.0601271
-0.0583715
-0.0869275
-0.1408159
-0.1871231
-0.1812883
-0.0938571
0.0748332
0.3032327
0.5680174
0.8519002
1.1330822
1.3735935
1.5275357
1.5680270
1.5079081
1.3912491
1.2601062
1.1259256
0.9713136
0.7786323
0.5566186
0.3402137
0.1664017
0.0506035
-0.0165787
-0.0548265
-0.0791269
-0.0962774
-0.1096513
-0.1222000
-0.1343076
-0.1421968
-0.1419862
-0.1357220
-0.1312519
-0.1345799
-0.1431186
-0.1481757
-0.1445037
-0.1363926
-0.1334610
-0.1405585
-0.1524195
-0.1585314
-0.1530193
-0.1395108
-0.1267853
-0.1208168
-0.1215649
-0.1260761
-0.1321840
-0.1383079
-0.1417281
-0.1400462
-0.1350366
-0.1328936
-0.1382138
-0.1476150
-0.1513973
-0.1432688
-0.1279413
-0.1173921
-0.1191281
-0.1292922
-0.1378885
-0.1393251
-0.1362554
-0.1340395
-0.1341559
-0.1340489
-0.1314252
-0.1263868
-0.1197131
-0.1113992
-0.1019926
-0.0938296
-0.0889327
-0.0859590
-0.0813934
-0.0746392
-0.0698709
-0.0703443
-0.0714729
-0.0629159
-0.0397093
-0.0099841
0.0110275
0.0153949
0.0098730
0.0086352
0.0198148
0.0398121
0.0592499
0.0720531
0.0783155
0.0809262
0.0824571
0.0854558
0.0927418
0.1045782
0.1157896
0.1181365
0.1072746
0.0871977
0.0670248
0.0532389
0.0451270
0.0372939
0.0257733
0.0114346
-0.0018572
-0.0113608
-0.0174452
-0.0223074
-0.0277691
-0.0343885
-0.0417639
-0.0490316
-0.0555434
-0.0618381
-0.0697049
-0.0802135
-0.0912202
-0.0977016
-0.0959060
-0.0876585
-0.0798555
-0.0786892
-0.0840681
-0.0901496
-0.0915645
-0.0886520
-0.0862924
-0.0883177
-0.0939775
-0.0994798
-0.1015055
-0.0986849
-0.0911131
-0.0803373
-0.0699886
-0.0647360
-0.0669276
-0.0740234
-0.0802176
-0.0813379
-0.0781753
-0.0748493
-0.0742444
-0.0755299
-0.0758773
-0.0736291
-0.0693593
-0.0646325
-0.0607700
-0.0587932
-0.0596291
-0.0636900
-0.0702846
-0.0776461
-0.0835856
-0.0863063
-0.0850887
-0.0806849
-0.0751792
-0.0711927
-0.0706537
-0.0736661
-0.0781487
-0.0807888
-0.0792478
-0.0744870
-0.0711836
-0.0747099
-0.0858952
-0.0981364
-0.1012100
-0.0902657
-0.0718484
-0.0597473
-0.0631902
-0.0785226
-0.0927786
-0.0956443
-0.0880494
-0.0796914
-0.0791979
-0.0870841
-0.0972583
-0.1036073
-0.1043212
-0.1010147
-0.0957753
-0.0899189
-0.0843561
-0.0794067
-0.0740062
-0.0663063
-0.0559407
-0.0452103
-0.0370046
-0.0313562
-0.0248912
-0.0145385
-0.0016615
0.0084040
0.0115809
0.0096376
0.0091424
0.0159863
0.0312781
0.0521514
0.0752494
0.0985320
0.1202043
0.1371556
0.1452724
0.1415662
0.1264438
0.1045496
0.0833679
0.0697586
0.0660049
0.0679964
0.0673056
0.0561055
0.0315516
-0.0030976
-0.0405412
-0.0728616
-0.0950358
-0.1075511
-0.1159060
-0.1254100
-0.1348888
-0.1372140
-0.1293605
-0.1221745
-0.1355180
-0.1779979
-0.2299197
-0.2495102
-0.1997918
-0.0705184
0.1255921
0.3734309
0.6641201
0.9789244
1.2704475
1.4732366
1.5446120
1.4979495
1.3917641
1.2814071
1.1787134
1.0558369
0.8839101
0.6655286
0.4334304
0.2253879
0.0639531
-0.0454069
-0.1075379
-0.1347596
-0.1460629
-0.1597153
-0.1815489
-0.2021024
-0.2085254
-0.1995461
-0.1872011
-0.1842183
-0.1921140
-0.2026490
-0.2086714
-0.2106972
-0.2132080
-0.2177277
-0.2216123
-0.2221222
-0.2189649
-0.2128403
-0.2042734
-0.1955151
-0.1915698
-0.1960320
-0.2053851
-0.2101763
-0.2044129
-0.1933734
-0.1896886
-0.2002549
-0.2177854
-0.2267664
-0.2181837
-0.1979529
-0.1809487
-0.1775476
-0.1860380
-0.1965377
-0.2004953
-0.1966580
-0.1901310
-0.1873607
-0.1911542
-0.1983183
-0.2013408
-0.1939503
-0.1770506
-0.1593921
-0.1508015
-0.1533009
-0.1589840
-0.1575960
-0.1465517
-0.1330051
-0.1258090
-0.1259617
-0.1254680
-0.1153527
-0.0943890
-0.0702574
-0.0527219
-0.0453818
-0.0429899
-0.0363179
-0.0205108
0.0001469
0.0157304
0.0201187
0.0178236
0.0208343
0.0373784
0.0633630
0.0856039
0.0940232
0.0902262
0.0836718
0.0803690
0.0770477
0.0668130
0.0488011
0.0302268
0.0186907
0.0139224
0.0082770
-0.0049607
-0.0247548
-0.0438140
-0.0559197
-0.0611809
-0.0647485
-0.0715189
-0.0821065
-0.0926247
-0.0974075
-0.0929321
-0.0812161
-0.0701017
-0.0684061
-0.0783312
-0.0922313
-0.0987762
-0.0940952
-0.0863526
-0.0873717
-0.0990668
-0.1098604
-0.1065295
-0.0893371
-0.0732360
-0.0727503
-0.0867059
-0.0996613
-0.0984631
-0.0858317
-0.0767336
-0.0822997
-0.0986006
-0.1110274
-0.1083910
-0.0923804
-0.0746346
-0.0660903
-0.0687763
-0.0759448
-0.0788272
-0.0740033
-0.0658614
-0.0623938
-0.0676429
-0.0773761
-0.0824565
-0.0773022
-0.0652989
-0.0555609
-0.0542531
-0.0594157
-0.0643179
-0.0650727
-0.0640186
-0.0657633
-0.0711768
-0.0763210
-0.0769603
-0.0729911
-0.0680533
-0.0656163
-0.0662270
-0.0681078
-0.0692233
-0.0684236
-0.0656411
-0.0621717
-0.0605968
-0.0630635
-0.0686501
-0.0728900
-0.0711926
-0.0634472
-0.0548672
-0.0516037
-0.0553786
-0.0625963
-0.0684680
-0.0713730
-0.0730696
-0.0754625
-0.0780798
-0.0786637
-0.0753938
-0.0681129
-0.0579879
-0.0467552
-0.0360993
-0.0267584
-0.0177960
-0.0075751
0.0035785
0.0121224
0.0143229
0.0113669
0.0102776
0.0178008
0.0329903
0.0474900
0.0548310
0.0591615
0.0728790
0.1041242
0.1466571
0.1829255
0.1976594
0.1888882
0.1668911
0.1442314
0.1274760
0.1167553
0.1100869
0.1060716
0.1029444
0.0969914
0.0833810
0.0591143
0.0256967
-0.0104713
-0.0407769
-0.0594635
-0.0679716
-0.0739815
-0.0839834
-0.0956298
-0.0992918
-0.0902062
-0.0793239
-0.0882005
-0.1280750
-0.1818523
-0.2083132
-0.1669298
-0.0409517
0.1605758
0.4175902
0.7094581
1.0094783
1.2756941
1.4586411
1.5277682
1.4933440
1.3996244
1.2915029
1.1833056
1.0568081
0.8877936
