-0.1326705
-0.1198306
-0.0878820
-0.0741806
-0.0716403
-0.0481381
-0.0071445
0.0077106
-0.0316842
-0.1018314
-0.1462828
-0.1121414
0.0265559
0.2586570
0.5439121
0.8403808
1.1203759
1.3530125
1.4893671
1.4929255
1.3854495
1.2405936
1.1214036
1.0297908
0.9179319
0.7421086
0.5067595
0.2646834
0.0759851
-0.0375809
-0.0996024
-0.1442111
-0.1834162
-0.2107654
-0.2237342
-0.2300914
-0.2370408
-0.2449568
-0.2513723
-0.2546146
-0.2539300
-0.2499142
-0.2436904
-0.2340132
-0.2185835
-0.2001086
-0.1867812
-0.1841164
-0.1896972
-0.1973727
-0.2024377
-0.2015602
-0.1929506
-0.1792716
-0.1664915
-0.1577304
-0.1512669
-0.1453655
-0.1412680
-0.1404710
-0.1426153
-0.1469732
-0.1530953
-0.1597970
-0.1662707
-0.1736483
-0.1824364
-0.1893681
-0.1902845
-0.1854768
-0.1790723
-0.1741331
-0.1713441
-0.1709175
-0.1719350
-0.1707472
-0.1640295
-0.1537418
-0.1463042
-0.1460973
-0.1505440
-0.1511587
-0.1397467
-0.1161199
-0.0903440
-0.0742954
-0.0696838
-0.0674543
-0.0602487
-0.0514104
-0.0488536
-0.0533922
-0.0573605
-0.0540911
-0.0459631
-0.0424691
-0.0505817
-0.0665572
-0.0779773
-0.0756039
-0.0626573
-0.0504056
-0.0456682
-0.0457882
-0.0453379
-0.0436206
-0.0440944
-0.0491207
-0.0572302
-0.0647437
-0.0693929
-0.0725958
-0.0776214
-0.0852577
-0.0930299
-0.0995775
-0.1071476
-0.1175013
-0.1278303
-0.1341561
-0.1373673
-0.1421203
-0.1498702
-0.1563236
-0.1568968
-0.1527113
-0.1496763
-0.1519871
-0.1575313
-0.1606525
-0.1594217
-0.1582025
-0.1614310
-0.1670773
-0.1696853
-0.1682367
-0.1656138
-0.1600181
-0.1438773
-0.1159178
-0.0897063
-0.0822713
-0.0927968
-0.0985565
-0.0782457
-0.0397331
-0.0187473
-0.0429171
-0.0952983
-0.1177727
-0.0543725
0.1091648
0.3470349
0.6239966
0.9127894
1.1823283
1.3849062
1.4735557
1.4396294
1.3282855
1.2066966
1.1095193
1.0143271
0.8726319
0.6652226
0.4255901
0.2110921
0.0568009
-0.0412061
-0.1054530
-0.1504315
-0.1774478
-0.1877446
-0.1918271
-0.2027196
-0.2226255
-0.2405666
-0.2448478
-0.2356845
-0.2234921
-0.2169396
-0.2164670
-0.2185641
-0.2210154
-0.2216722
-0.2163658
-0.2031608
-0.1884519
-0.1844504
-0.1970915
-0.2164101
-0.2218635
-0.2007432
-0.1623586
-0.1318404
-0.1278033
-0.1465548
-0.1688335
-0.1798172
-0.1801947
-0.1796175
-0.1839926
-0.1909274
-0.1949870
-0.1942186
-0.1907897
-0.1867071
-0.1811217
-0.1729102
-0.1642216
-0.1585377
-0.1550822
-0.1483654
-0.1351571
-0.1195917
-0.1083888
-0.1016483
-0.0912620
-0.0696403
-0.0388711
-0.0098543
0.0079936
0.0155439
0.0216011
0.0320193
0.0430412
0.0465594
0.0400645
0.0288650
0.0194541
0.0139418
0.0113771
0.0111816
0.0129685
0.0144802
0.0122170
0.0045471
-0.0067679
-0.0186126
-0.0297355
-0.0413354
-0.0542671
-0.0666534
-0.0757632
-0.0820936
-0.0895648
-0.1007241
-0.1133337
-0.1230027
-0.1279558
-0.1297970
-0.1307360
-0.1319554
-0.1341724
-0.1376880
-0.1412078
-0.1417612
-0.1369645
-0.1278223
-0.1191892
-0.1165662
-0.1212500
-0.1285828
-0.1320239
-0.1293351
-0.1241730
-0.1215739
-0.1225956
-0.1233208
-0.1183189
-0.1053638
-0.0880058
-0.0735995
-0.0674694
-0.0682513
-0.0693131
-0.0648279
-0.0541613
-0.0409150
-0.0288063
-0.0185320
-0.0078507
0.0054011
0.0200026
0.0313345
0.0351853
0.0312584
0.0225038
0.0116319
-0.0010551
-0.0171304
-0.0383994
-0.0652791
-0.0954478
-0.1238158
-0.1448145
-0.1559183
-0.1598012
-0.1631490
-0.1720786
-0.1869973
-0.2018202
-0.2095912
-0.2094192
-0.2071249
-0.2090603
-0.2164391
-0.2256556
-0.2321499
-0.2328509
-0.2265877
-0.2146773
-0.2016100
-0.1935195
-0.1940009
-0.2004993
-0.2053903
-0.2021428
-0.1913005
-0.1798739
-0.1742977
-0.1745060
-0.1751200
-0.1711008
-0.1612979
-0.1480458
-0.1354153
-0.1270978
-0.1232097
-0.1185891
-0.1071317
-0.0905719
-0.0817767
-0.0943320
-0.1238683
-0.1390192
-0.0955493
0.0341703
0.2419619
0.4926031
0.7495128
0.9893369
1.1938250
1.3373871
1.3939580
1.3601772
1.2670509
1.1608742
1.0674859
0.9742370
0.8480697
0.6720725
0.4650087
0.2673219
0.1112007
0.0041100
-0.0645224
-0.1080628
-0.1355668
-0.1539073
-0.1698757
-0.1875325
-0.2050431
-0.2165494
-0.2183284
-0.2129905
-0.2072200
-0.2056760
-0.2077385
-0.2098000
-0.2092644
-0.2059444
-0.2012686
-0.1976066
-0.1974664
-0.2014856
-0.2069785
-0.2096110
-0.2071073
-0.2011434
-0.1957825
-0.1944993
-0.1984137
-0.2063349
-0.2156877
-0.2235448
-0.2279053
-0.2293123
-0.2312763
-0.2374565
-0.2470673
-0.2539548
-0.2519282
-0.2407262
-0.2250621
-0.2080194
-0.1878134
-0.1620631
-0.1331095
-0.1068619
-0.0871059
-0.0732058
-0.0636316
-0.0592343
-0.0607466
-0.0638777
-0.0601726
-0.0448067
-0.0221026
-0.0008092
0.0155661
0.0306817
0.0471844
0.0605454
0.0643321
0.0594843
0.0536946
0.0509330
0.0457159
0.0308798
0.0091014
-0.0075585
-0.0108919
-0.0066397
-0.0085236
-0.0228342
-0.0419853
-0.0543397
-0.0574938
-0.0589087
-0.0649258
-0.0733879
-0.0782588
-0.0781910
-0.0776211
-0.0807585
-0.0876427
-0.0964956
-0.1071585
-0.1198297
-0.1312075
-0.1350011
-0.1285261
-0.1179099
-0.1137362
-0.1197749
-0.1272421
-0.1222848
-0.0993437
-0.0661274
-0.0357361
-0.0156013
-0.0046849
0.0005320
0.0002917
-0.0071324
-0.0201762
-0.0331360
-0.0420004
-0.0493129
-0.0603792
-0.0746106
-0.0836857
-0.0803565
-0.0675552
-0.0563297
-0.0549937
-0.0622615
-0.0710442
-0.0763636
-0.0778120
-0.0762372
-0.0719860
-0.0678453
-0.0705633
-0.0849668
-0.1058612
-0.1195545
-0.1168514
-0.1036842
-0.0960073
-0.1039005
-0.1227221
-0.1399024
-0.1475253
-0.1468383
-0.1433657
-0.1415052
-0.1438149
-0.1517381
-0.1642059
-0.1766926
-0.1843985
-0.1865657
-0.1852290
-0.1790808
-0.1624271
-0.1345721
-0.1087989
-0.1049807
-0.1276547
-0.1518406
-0.1338036
-0.0373468
0.1486508
0.4112519
0.7206877
1.0316255
1.2857383
1.4305402
1.4499864
1.3788509
1.2792657
1.1938949
1.1170886
1.0101223
0.8437542
0.6272488
0.4013289
0.2086347
0.0703000
-0.0169876
-0.0696138
-0.1042208
-0.1307652
-0.1521121
-0.1677120
-0.1777641
-0.1846035
-0.1908035
-0.1970074
-0.2026960
-0.2088693
-0.2181302
-0.2307035
-0.2416737
-0.2450996
-0.2417371
-0.2403717
-0.2492956
-0.2672005
-0.2843722
-0.2926975
-0.2928684
-0.2918450
-0.2954238
-0.3043028
-0.3152703
-0.3232656
-0.3222732
-0.3076405
-0.2808202
-0.2514707
-0.2316400
-0.2258041
-0.2275807
-0.2273434
-0.2213864
-0.2114722
-0.1973786
-0.1752743
-0.1457875
-0.1195957
-0.1091470
-0.1137831
-0.1170921
-0.1025420
-0.0709873
-0.0399240
-0.0251474
-0.0257960
-0.0287126
-0.0243199
-0.0139721
-0.0025901
0.0098263
0.0254507
0.0408842
0.0485165
0.0467988
0.0442836
0.0493915
0.0579042
0.0551117
0.0315749
-0.0061636
-0.0427025
-0.0694868
-0.0900087
-0.1101410
-0.1285249
-0.1399989
-0.1454226
-0.1521237
-0.1635389
-0.1733179
-0.1734156
-0.1654812
-0.1595308
-0.1615099
-0.1668794
-0.1686226
-0.1674532
-0.1689614
-0.1719250
-0.1664276
-0.1474793
-0.1256508
-0.1162296
-0.1173317
-0.1071304
-0.0695078
-0.0188732
0.0092263
-0.0054591
-0.0459239
-0.0738855
-0.0592423
0.0152276
0.1723230
0.4412170
0.8192359
1.2328788
1.5576502
1.7000163
1.6690873
1.5629305
1.4776512
1.4270885
1.3479681
1.1756280
0.9091346
0.6080825
0.3393924
0.1344145
-0.0104001
-0.1079693
-0.1658814
-0.1922020
-0.2032599
-0.2175757
-0.2427484
-0.2720370
-0.2942325
-0.3047340
-0.3071545
-0.3076190
-0.3100747
-0.3156952
-0.3234712
-0.3300495
-0.3305804
-0.3219328
-0.3058745
-0.2885230
-0.2758957
-0.2696300
-0.2667019
-0.2625499
-0.2540440
-0.2405241
-0.2240414
-0.2092572
-0.2012374
-0.2009778
-0.2028368
-0.1980616
-0.1823205
-0.1599311
-0.1402298
-0.1294505
-0.1258383
-0.1221773
-0.1125400
-0.0964962
-0.0776025
-0.0593562
-0.0435007
-0.0311327
-0.0230218
-0.0175545
-0.0095296
0.0067620
0.0320809
0.0603469
0.0833729
0.0981160
0.1087885
0.1209782
0.1338816
0.1397599
0.1319874
0.1126812
0.0907870
0.0726797
0.0562138
0.0346970
0.0053887
-0.0273508
-0.0567183
-0.0793196
-0.0957699
-0.1073369
-0.1144905
-0.1189746
-0.1245787
-0.1330614
-0.1396977
-0.1359880
-0.1189525
-0.0968121
-0.0832018
-0.0848004
-0.0950056
-0.0998709
-0.0899820
-0.0671686
-0.0413237
-0.0218381
-0.0113947
-0.0060442
0.0001750
0.0103585
0.0228205
0.0329327
0.0371753
0.0360548
0.0329878
0.0301432
0.0261254
0.0186452
0.0088737
0.0014279
-0.0005559
0.0009777
0.0015347
-0.0005471
-0.0030142
-0.0043286
-0.0075519
-0.0175933
-0.0347920
-0.0535489
-0.0688705
-0.0827341
-0.1009529
-0.1232773
-0.1400193
-0.1423220
-0.1359798
-0.1416100
-0.1769571
-0.2360137
-0.2837092
-0.2710351
-0.1593357
0.0611087
0.3652142
0.6991607
0.9961884
1.1997096
1.2859179
1.2720289
1.2010947
1.1115251
1.0138634
0.8927428
0.7306109
0.5315239
0.3248252
0.1473362
0.0209293
-0.0559260
-0.0987380
-0.1217011
-0.1307014
-0.1273350
-0.1154586
-0.1020482
-0.0927811
-0.0885945
-0.0870579
-0.0863367
-0.0870969
-0.0907778
-0.0970181
-0.1036210
-0.1089531
-0.1136214
-0.1193866
-0.1267996
-0.1344156
-0.1403876
-0.1446941
-0.1497976
-0.1589819
-0.1736482
-0.1920575
-0.2109671
-0.2285658
-0.2453609
-0.2619599
-0.2766351
-0.2860549
-0.2887495
-0.2874624
-0.2875938
-0.2930401
-0.3032816
-0.3141406
-0.3210889
-0.3220788
-0.3181629
-0.3124383
-0.3082993
-0.3071889
-0.3065937
-0.3004965
-0.2834731
-0.2556667
-0.2237259
-0.1960429
-0.1762080
-0.1604396
-0.1411092
-0.1132091
-0.0783900
-0.0434908
-0.0150788
0.0054321
0.0223381
0.0417084
0.0660168
0.0913344
0.1095026
0.1141836
0.1060957
0.0925915
0.0815601
0.0752726
0.0699388
0.0608392
0.0473877
0.0332345
0.0221427
0.0144671
0.0076061
-0.0009160
-0.0115347
-0.0234695
-0.0363364
-0.0503611
-0.0656395
-0.0819770
-0.0990372
-0.1155571
-0.1284683
-0.1343566
-0.1331266
-0.1298650
-0.1316029
-0.1411716
-0.1542201
-0.1628165
-0.1625419
-0.1565215
-0.1528854
-0.1582550
-0.1727880
-0.1899528
-0.2001967
-0.1960601
-0.1766473
-0.1492695
-0.1261703
-0.1170519
-0.1224112
-0.1333981
-0.1388533
-0.1337973
-0.1222016
-0.1118297
-0.1059040
-0.0993232
-0.0833016
-0.0545508
-0.0203285
0.0061654
0.0166254
0.0147138
0.0120697
0.0165373
0.0244672
0.0256472
0.0158562
0.0026697
-0.0027527
0.0016647
0.0072803
0.0058405
-0.0015275
-0.0092503
-0.0182577
-0.0354795
-0.0603176
-0.0780088
-0.0752283
-0.0632041
-0.0761930
-0.1370972
-0.2238305
-0.2767866
-0.2443210
-0.1186292
0.0748928
0.3155758
0.6007294
0.9157634
1.2025446
1.3775862
1.3949419
1.2905388
1.1561097
1.0627764
1.0071358
0.9286662
0.7751189
0.5506925
0.3085199
0.1064653
-0.0284835
-0.1034949
-0.1415669
-0.1635209
-0.1802720
-0.1929169
-0.1969369
-0.1890765
-0.1731250
-0.1586193
-0.1521388
-0.1501433
-0.1425667
-0.1245738
-0.1033902
-0.0916752
-0.0941553
-0.1021593
-0.1019696
-0.0880821
-0.0681698
-0.0560319
-0.0604066
-0.0797229
-0.1056947
-0.1307291
-0.1523585
-0.1720791
-0.1911511
-0.2078885
-0.2190175
-0.2237402
-0.2262054
-0.2329878
-0.2471165
-0.2646964
-0.2784446
-0.2849873
-0.2879088
-0.2929513
-0.3008880
-0.3063013
-0.3032936
-0.2910002
-0.2727317
-0.2510369
-0.2258953
-0.1983286
-0.1735834
-0.1578246
-0.1509974
-0.1448856
-0.1301970
-0.1054387
-0.0775375
-0.0537768
-0.0348035
-0.0165387
0.0024679
0.0180672
0.0256436
0.0266320
0.0279601
0.0347878
0.0452252
0.0532723
0.0561741
0.0571932
0.0607722
0.0665030
0.0694956
0.0666058
0.0608815
0.0588681
0.0636954
0.0713376
0.0736886
0.0650735
0.0460681
0.0219975
-0.0013835
-0.0209980
-0.0367341
-0.0500226
-0.0623216
-0.0743421
-0.0862628
-0.0985091
-0.1117435
-0.1251919
-0.1350199
-0.1360650
-0.1272132
-0.1152078
-0.1108545
-0.1188356
-0.1310198
-0.1323123
-0.1157376
-0.0917446
-0.0801843
-0.0911034
-0.1138721
-0.1268947
-0.1185612
-0.0978709
-0.0842954
-0.0884851
-0.1038752
-0.1159094
-0.1168422
-0.1105640
-0.1051508
-0.1037999
-0.1035258
-0.1000837
-0.0917543
-0.0791827
-0.0644629
-0.0514709
-0.0448196
-0.0457376
-0.0491270
-0.0471822
-0.0373059
-0.0251358
-0.0179753
-0.0158951
-0.0119503
-0.0023601
0.0057711
0.0001842
-0.0225155
-0.0511532
-0.0705303
-0.0767160
-0.0793399
-0.0885801
-0.1029484
-0.1123988
-0.1118050
-0.1071478
-0.1068616
-0.1105878
-0.1113013
-0.1089036
-0.1164475
-0.1468626
-0.1918570
-0.2166717
-0.1788686
-0.0540665
0.1539111
0.4216777
0.7177201
1.0043168
1.2366546
1.3734629
1.3984984
1.3333444
1.2244361
1.1112302
1.0021805
0.8786303
0.7206468
0.5302073
0.3330528
0.1617049
0.0365647
-0.0411318
-0.0836632
-0.1065954
-0.1215523
-0.1339784
-0.1440043
-0.1485612
-0.1443421
-0.1310766
-0.1131216
-0.0974543
-0.0890944
-0.0879937
-0.0905326
-0.0940743
-0.0995639
-0.1092958
-0.1227049
-0.1356158
-0.1442844
-0.1494515
-0.1552288
-0.1638826
-0.1728254
-0.1776540
-0.1778332
-0.1784612
-0.1859417
-0.2017310
-0.2198133
-0.2299308
-0.2243562
-0.2039953
-0.1796044
-0.1659636
-0.1716157
-0.1918105
-0.2116881
-0.2182908
-0.2107965
-0.1990676
-0.1922351
-0.1895244
-0.1827320
-0.1666205
-0.1451704
-0.1273277
-0.1180004
-0.1143057
-0.1099004
-0.1014121
-0.0902578
-0.0793319
-0.0690375
-0.0565348
-0.0383976
-0.0142124
0.0118210
0.0330358
0.0451840
0.0499469
0.0530303
0.0578732
0.0615016
0.0577425
0.0447604
0.0281442
0.0154424
0.0082579
0.0011293
-0.0117511
-0.0302146
-0.0492751
-0.0652654
-0.0789368
-0.0924982
-0.1055772
-0.1155036
-0.1206158
-0.1213828
-0.1181494
-0.1097681
-0.0960294
-0.0806282
-0.0696840
-0.0665407
-0.0689297
-0.0719877
-0.0734208
-0.0747850
-0.0780835
-0.0824429
-0.0847530
-0.0829929
-0.0783907
-0.0746424
-0.0752696
-0.0808248
-0.0874318
-0.0884263
-0.0795548
-0.0640893
-0.0518552
-0.0509690
-0.0597714
-0.0681711
-0.0679362
-0.0607747
-0.0550756
-0.0556240
-0.0589834
-0.0596361
-0.0579084
-0.0585170
-0.0615258
-0.0588388
-0.0436032
-0.0231313
-0.0188825
-0.0494313
-0.1106468
-0.1709403
-0.1850256
-0.1139827
0.0612659
0.3346205
0.6722737
1.0136393
1.2847766
1.4281045
1.4337114
1.3460792
1.2338735
1.1420408
1.0644647
0.9597675
0.7948244
0.5768788
0.3487518
0.1571484
0.0251544
-0.0511867
-0.0885693
-0.1029978
-0.1062547
-0.1071557
-0.1108865
-0.1176178
-0.1247130
-0.1311411
-0.1383337
