-0.1213603
-0.1563623
-0.1427595
-0.1315737
-0.1438819
-0.1590283
-0.1622515
-0.1586346
-0.1484489
-0.1285585
-0.1148899
-0.1288231
-0.1612441
-0.1790530
-0.1684291
-0.1477727
-0.1378588
-0.1407319
-0.1480833
-0.1511168
-0.1415449
-0.1191327
-0.0986108
-0.0960274
-0.1092356
-0.1222192
-0.1250045
-0.1195273
-0.1116076
-0.1078765
-0.1149014
-0.1304654
-0.1408238
-0.1366985
-0.1270569
-0.1275655
-0.1400367
-0.1523603
-0.1552797
-0.1516901
-0.1518685
-0.1641277
-0.1864265
-0.2043311
-0.2030410
-0.1845231
-0.1665861
-0.1625882
-0.1693845
-0.1777617
-0.1855986
-0.1953305
-0.2056312
-0.2121709
-0.2131594
-0.2101910
-0.2058962
-0.2019294
-0.1964452
-0.1841618
-0.1626744
-0.1369361
-0.1127046
-0.0884114
-0.0604983
-0.0346555
-0.0227149
-0.0269069
-0.0339820
-0.0275881
-0.0029726
0.0312100
0.0625823
0.0864520
0.1094486
0.1403630
0.1762073
0.2013225
0.2032448
0.1854278
0.1608398
0.1378492
0.1178258
0.1026509
0.0966461
0.0998298
0.1033769
0.0942565
0.0651757
0.0209951
-0.0255248
-0.0659771
-0.1016562
-0.1329822
-0.1488551
-0.1381395
-0.1135192
-0.1113295
-0.1564758
-0.2297176
-0.2771155
-0.2519168
-0.1417450
0.0451144
0.3080413
0.6498958
1.0336463
1.3544457
1.4856389
1.3786351
1.1181574
0.8620614
0.7140573
0.6522195
0.5768553
0.4184975
0.1973360
-0.0102796
-0.1474487
-0.2152702
-0.2486769
-0.2720621
-0.2867419
-0.2917115
-0.2977883
-0.3142212
-0.3319738
-0.3322696
-0.3105489
-0.2838382
-0.2725121
-0.2793258
-0.2890069
-0.2866110
-0.2736081
-0.2647869
-0.2704128
-0.2847318
-0.2939082
-0.2917149
-0.2825280
-0.2709976
-0.2563641
-0.2392869
-0.2279690
-0.2313112
-0.2465940
-0.2581093
-0.2507917
-0.2260259
-0.2028095
-0.2001729
-0.2168726
-0.2312098
-0.2237627
-0.1981752
-0.1759913
-0.1726160
-0.1828505
-0.1900724
-0.1850988
-0.1734780
-0.1660343
-0.1651345
-0.1619985
-0.1476785
-0.1243653
-0.1026789
-0.0884073
-0.0763251
-0.0586027
-0.0351158
-0.0121017
0.0067591
0.0240778
0.0444736
0.0696837
0.0981861
0.1275993
0.1562329
0.1823442
0.2027456
0.2140736
0.2166766
0.2155376
0.2150950
0.2145547
0.2112785
0.2074914
0.2089153
0.2154709
0.2170061
0.2014215
0.1668835
0.1251377
0.0924621
0.0761196
0.0683852
0.0548589
0.0304446
0.0064238
-0.0004990
0.0134571
0.0329877
0.0365889
0.0161813
-0.0150060
-0.0343873
-0.0319183
-0.0205485
-0.0225555
-0.0447563
-0.0703574
-0.0774205
-0.0626636
-0.0437197
-0.0392179
-0.0502998
-0.0624551
-0.0630207
-0.0546192
-0.0511300
-0.0617104
-0.0804538
-0.0920233
-0.0857556
-0.0636795
-0.0377146
-0.0216717
-0.0230632
-0.0372109
-0.0490526
-0.0457819
-0.0303007
-0.0191252
-0.0239256
-0.0367831
-0.0373350
-0.0153841
0.0159440
0.0322727
0.0235498
0.0050446
0.0002743
0.0144378
0.0292684
0.0252794
0.0044495
-0.0130134
-0.0119387
0.0023463
0.0115290
0.0035322
-0.0168485
-0.0339796
-0.0361372
-0.0251407
-0.0133872
-0.0125165
-0.0242985
-0.0403460
-0.0492291
-0.0454614
-0.0342931
-0.0275533
-0.0322800
-0.0430708
-0.0479437
-0.0422984
-0.0344977
-0.0359187
-0.0469761
-0.0550316
-0.0463735
-0.0197884
0.0118688
0.0340267
0.0448448
0.0568771
0.0836331
0.1250004
0.1666517
0.1930078
0.1999541
0.1962875
0.1949845
0.2032588
0.2197274
0.2402206
0.2651141
0.2986459
0.3398376
0.3761841
0.3897627
0.3714478
0.3296236
0.2852263
0.2572672
0.2502358
0.2528638
0.2487086
0.2290625
0.1971229
0.1616782
0.1283183
0.0959587
0.0598706
0.0183130
-0.0217438
-0.0460433
-0.0444773
-0.0242121
-0.0095160
-0.0238319
-0.0685800
-0.1182350
-0.1352748
-0.0889661
0.0393865
0.2625545
0.5844401
0.9768734
1.3581336
1.6119654
1.6536049
1.4936907
1.2372094
1.0088678
0.8664455
0.7759009
0.6634898
0.4906766
0.2840733
0.1027622
-0.0151668
-0.0746965
-0.1039849
-0.1240781
-0.1391494
-0.1466971
-0.1478030
-0.1468932
-0.1468658
-0.1476336
-0.1482008
-0.1482959
-0.1481004
-0.1476309
-0.1470602
-0.1471507
-0.1484302
-0.1500654
-0.1508787
-0.1516843
-0.1544642
-0.1577897
-0.1554710
-0.1433278
-0.1268971
-0.1186039
-0.1255103
-0.1418359
-0.1552262
-0.1589747
-0.1561395
-0.1524454
-0.1480186
-0.1379645
-0.1201578
-0.0998441
-0.0851741
-0.0796453
-0.0808202
-0.0851185
-0.0904242
-0.0938872
-0.0915801
-0.0832105
-0.0742722
-0.0693503
-0.0642427
-0.0493710
-0.0226157
0.0047871
0.0190264
0.0199358
0.0225969
0.0403285
0.0682962
0.0885962
0.0926016
0.0936023
0.1125632
0.1527918
0.1941240
0.2140393
0.2110390
0.2043452
0.2125179
0.2357372
0.2588312
0.2681468
0.2629754
0.2517471
0.2407908
0.2293292
0.2141596
0.1956143
0.1772505
0.1613788
0.1466553
0.1293536
0.1061105
0.0769998
0.0477374
0.0273852
0.0204606
0.0204381
0.0136862
-0.0074110
-0.0351055
-0.0519198
-0.0475133
-0.0302763
-0.0208267
-0.0327021
-0.0597056
-0.0828529
-0.0886826
-0.0794431
-0.0671481
-0.0616523
-0.0654358
-0.0758824
-0.0881544
-0.0959846
-0.0934725
-0.0791931
-0.0587836
-0.0420252
-0.0360031
-0.0405569
-0.0500945
-0.0589404
-0.0642369
-0.0652256
-0.0629393
-0.0613166
-0.0649864
-0.0725557
-0.0739980
-0.0597132
-0.0337354
-0.0143962
-0.0181071
-0.0425331
-0.0681694
-0.0774279
-0.0706524
-0.0620666
-0.0617579
-0.0655729
-0.0640805
-0.0574046
-0.0557334
-0.0650088
-0.0774105
-0.0797823
-0.0694436
-0.0577510
-0.0577303
-0.0707468
-0.0862176
-0.0924611
-0.0862532
-0.0731412
-0.0614563
-0.0572263
-0.0624871
-0.0747835
-0.0875938
-0.0944246
-0.0951350
-0.0966043
-0.1039785
-0.1116996
-0.1069932
-0.0841753
-0.0533296
-0.0319061
-0.0274973
-0.0305005
-0.0244081
-0.0022408
0.0282957
0.0550363
0.0739506
0.0898329
0.1064455
0.1202662
0.1260492
0.1264716
0.1331998
0.1575682
0.2004351
0.2501792
0.2893785
0.3045304
0.2924821
0.2601420
0.2187334
0.1776597
0.1423837
0.1157728
0.0984852
0.0860127
0.0664130
0.0257278
-0.0390838
-0.1120173
-0.1675564
-0.1922649
-0.1949848
-0.1922087
-0.1867477
-0.1696231
-0.1451647
-0.1430896
-0.1909704
-0.2717147
-0.3192624
-0.2677815
-0.1048313
0.1310454
0.4025906
0.7064005
1.0388830
1.3384265
1.4909727
1.4182740
1.1617366
0.8627124
0.6475282
0.5311403
0.4337338
0.2827170
0.0875965
-0.0826869
-0.1789933
-0.2147414
-0.2351582
-0.2627001
-0.2841784
-0.2837832
-0.2716306
-0.2725618
-0.2947407
-0.3197105
-0.3241246
-0.3048132
-0.2792933
-0.2654840
-0.2658542
-0.2710522
-0.2739048
-0.2758316
-0.2807867
-0.2874572
-0.2899355
-0.2845200
-0.2735699
-0.2630527
-0.2580055
-0.2600801
-0.2672959
-0.2750651
-0.2786010
-0.2759229
-0.2690551
-0.2621356
-0.2580909
-0.2567585
-0.2557916
-0.2530736
-0.2480659
-0.2410614
-0.2322984
-0.2230062
-0.2166388
-0.2166307
-0.2215128
-0.2236033
-0.2148576
-0.1946831
-0.1709913
-0.1527236
-0.1415663
-0.1316535
-0.1173765
-0.1002114
-0.0861537
-0.0763712
-0.0628716
-0.0360678
0.0035486
0.0436219
0.0709694
0.0834208
0.0899663
0.1003536
0.1160430
0.1310336
0.1395972
0.1417800
0.1419364
0.1437668
0.1476421
0.1512250
0.1505141
0.1406651
0.1187848
0.0877050
0.0553046
0.0277339
0.0038540
-0.0213906
-0.0482016
-0.0694953
-0.0792346
-0.0815304
-0.0879830
-0.1047003
-0.1243185
-0.1340811
-0.1317837
-0.1301422
-0.1426140
-0.1665841
-0.1844715
-0.1823643
-0.1647476
-0.1489269
-0.1468139
-0.1549089
-0.1615442
-0.1605490
-0.1557975
-0.1539429
-0.1558131
-0.1561713
-0.1503448
-0.1390621
-0.1269295
-0.1179644
-0.1131199
-0.1104516
-0.1064754
-0.0987406
-0.0889326
-0.0826770
-0.0838789
-0.0888585
-0.0883365
-0.0769708
-0.0600476
-0.0489080
-0.0496174
-0.0576805
-0.0646441
-0.0681253
-0.0726441
-0.0805448
-0.0857742
-0.0802696
-0.0657430
-0.0549630
-0.0590101
-0.0750751
-0.0893917
-0.0917199
-0.0846625
-0.0784397
-0.0788459
-0.0822563
-0.0815923
-0.0747290
-0.0659713
-0.0607418
-0.0607985
-0.0644391
-0.0692300
-0.0735005
-0.0766811
-0.0796900
-0.0839873
-0.0885579
-0.0888466
-0.0815201
-0.0705821
-0.0653297
-0.0693121
-0.0729053
-0.0612596
-0.0315018
0.0010122
0.0179657
0.0198137
0.0276245
0.0591811
0.1051618
0.1352113
0.1308401
0.1090900
0.1085206
0.1507570
0.2186091
0.2736755
0.2936720
0.2901999
0.2906726
0.3062053
0.3196770
0.3046364
0.2538285
0.1886153
0.1413367
0.1277998
0.1339398
0.1276548
0.0867032
0.0197776
-0.0394697
-0.0637222
-0.0603119
-0.0653180
-0.1045851
-0.1615095
-0.1906987
-0.1685598
-0.1260530
-0.1216807
-0.1781172
-0.2516270
-0.2710713
-0.2036802
-0.0716477
0.0975816
0.3203884
0.6342006
1.0198847
1.3635779
1.5204575
1.4309853
1.1746251
0.9042205
0.7241158
0.6268340
0.5357188
0.3943821
0.2118891
0.0360038
-0.0975540
-0.1843801
-0.2346208
-0.2544563
-0.2480555
-0.2281783
-0.2141975
-0.2172197
-0.2309631
-0.2403020
-0.2380301
-0.2314167
-0.2326973
-0.2452646
-0.2602045
-0.2653207
-0.2564607
-0.2405053
-0.2283094
-0.2247341
-0.2251070
-0.2216054
-0.2131428
-0.2076438
-0.2130182
-0.2264346
-0.2349404
-0.2281854
-0.2095815
-0.1932039
-0.1895938
-0.1960094
-0.2012910
-0.1988071
-0.1924134
-0.1896178
-0.1915419
-0.1920338
-0.1858771
-0.1749990
-0.1654583
-0.1601273
-0.1562275
-0.1495075
-0.1390383
-0.1274171
-0.1172574
-0.1081930
-0.0969820
-0.0801148
-0.0566896
-0.0295005
-0.0034544
0.0178628
0.0348682
0.0510701
0.0687368
0.0857114
0.0979874
0.1060792
0.1171576
0.1385468
0.1688956
0.1976711
0.2147270
0.2197412
0.2209726
0.2247615
0.2275959
0.2196997
0.1963598
0.1646188
0.1378597
0.1237619
0.1179056
0.1088786
0.0889597
0.0601084
0.0310647
0.0097396
-0.0022567
-0.0095246
-0.0187275
-0.0342415
-0.0561702
-0.0805428
-0.1007104
-0.1102754
-0.1076405
-0.0989951
-0.0951383
-0.1026363
-0.1171851
-0.1270116
-0.1243959
-0.1138695
-0.1078277
-0.1134132
-0.1246995
-0.1291476
-0.1213775
-0.1085834
-0.1014969
-0.1018456
-0.1011795
-0.0920044
-0.0776153
-0.0690883
-0.0730299
-0.0837421
-0.0879863
-0.0770227
-0.0538453
-0.0295001
-0.0135315
-0.0081679
-0.0102582
-0.0166196
-0.0263716
-0.0387539
-0.0502276
-0.0549969
-0.0491208
-0.0343925
-0.0178894
-0.0071015
-0.0050796
-0.0099201
-0.0179308
-0.0261587
-0.0322652
-0.0342406
-0.0322316
-0.0301313
-0.0329199
-0.0408146
-0.0470521
-0.0440240
-0.0327990
-0.0246617
-0.0299417
-0.0445077
-0.0505223
-0.0346562
-0.0059510
0.0083309
-0.0111401
-0.0532889
-0.0835409
-0.0765440
-0.0421684
-0.0162153
-0.0234399
-0.0516200
-0.0656614
-0.0473474
-0.0164293
-0.0080621
-0.0308354
-0.0531139
-0.0348355
0.0290442
0.1009135
0.1370224
0.1289271
0.1072031
0.1070386
0.1343730
0.1656453
0.1756450
0.1621326
0.1465147
0.1563878
0.2070188
0.2914530
0.3812440
0.4392341
0.4416983
0.3954833
0.3325146
0.2824807
0.2491164
0.2151323
0.1698126
0.1258494
0.1036782
0.1019174
0.0922584
0.0488208
-0.0215502
-0.0851021
-0.1170081
-0.1245550
-0.1314594
-0.1458942
-0.1538777
-0.1449547
-0.1337444
-0.1455013
-0.1810348
-0.2049240
-0.1727848
-0.0643747
0.1157697
0.3621760
0.6735151
1.0222117
1.3285857
1.4891786
1.4497887
1.2535995
1.0100462
0.8098113
0.6667653
0.5365702
0.3809455
0.2068006
0.0487714
-0.0711543
-0.1575067
-0.2215273
-0.2616287
-0.2700513
-0.2528528
-0.2334637
-0.2331903
-0.2518516
-0.2709537
-0.2746149
-0.2646188
-0.2556392
-0.2593696
-0.2748846
-0.2915158
-0.2974812
-0.2867503
-0.2627328
-0.2384746
-0.2302711
-0.2451818
-0.2724366
-0.2901043
-0.2843453
-0.2629177
-0.2475952
-0.2518509
-0.2671418
-0.2728244
-0.2588301
-0.2358072
-0.2217854
-0.2215668
-0.2232152
-0.2152400
-0.2029791
-0.2034332
-0.2237341
-0.2487452
-0.2536959
-0.2291172
-0.1907814
-0.1638063
-0.1586696
-0.1647700
-0.1658652
-0.1570948
-0.1444078
-0.1309615
-0.1107329
-0.0780610
-0.0394854
-0.0107265
-0.0011823
-0.0047765
-0.0077928
-0.0026602
0.0095707
0.0281789
0.0568542
0.0945784
0.1270068
0.1359300
0.1208014
0.1054316
0.1161285
0.1526026
0.1856282
0.1863921
0.1551575
0.1173532
0.0936662
0.0802938
0.0606539
0.0304037
0.0031497
-0.0086731
-0.0109420
-0.0201848
-0.0419509
-0.0643782
-0.0753607
-0.0799908
-0.0943874
-0.1232901
-0.1508914
-0.1583078
-0.1470676
-0.1391756
-0.1522019
-0.1783204
-0.1921070
-0.1783621
-0.1485120
-0.1282744
-0.1318415
-0.1505940
-0.1653774
-0.1658323
-0.1567813
-0.1493867
-0.1500133
-0.1572229
-0.1654234
-0.1686286
-0.1624800
-0.1467535
-0.1275172
-0.1143992
-0.1126022
-0.1174923
-0.1193862
-0.1147483
-0.1108487
-0.1171362
-0.1323829
-0.1428799
-0.1351062
-0.1098052
-0.0824932
-0.0699661
-0.0764973
-0.0922102
-0.1030199
-0.1018464
-0.0926481
-0.0863256
-0.0920855
-0.1090612
-0.1242051
-0.1210928
-0.0955328
-0.0635460
-0.0500124
-0.0653664
-0.0939407
-0.1089247
-0.1004293
-0.0863544
-0.0926433
-0.1235247
-0.1547182
-0.1577459
-0.1290482
-0.0928243
-0.0761715
-0.0843930
-0.1009710
-0.1077927
-0.1015695
-0.0916218
-0.0868124
-0.0881465
-0.0922301
-0.0970559
-0.1017804
-0.1027313
-0.0935535
-0.0714521
-0.0425443
-0.0189550
-0.0089796
-0.0093469
-0.0070463
0.0106493
0.0464773
0.0914107
0.1311162
0.1544569
0.1579880
0.1458755
0.1285206
0.1209415
0.1378302
0.1839864
0.2465199
0.2986672
0.3165566
0.2965355
0.2573430
0.2243792
0.2101586
0.2080492
0.2026541
0.1846297
0.1560689
0.1243424
0.0933917
0.0612248
0.0240413
-0.0186243
-0.0622752
-0.0995220
-0.1236887
-0.1322070
-0.1287746
-0.1230185
-0.1264780
-0.1457009
-0.1762807
-0.2023209
-0.2017487
-0.1523526
-0.0336571
0.1721734
0.4708356
0.8358450
1.1946947
1.4458279
1.5100944
1.3836387
1.1453722
0.9046032
0.7280274
0.6065055
0.4860500
0.3287937
0.1470199
-0.0139658
-0.1184530
-0.1660147
-0.1831515
-0.1972803
-0.2184624
-0.2394125
-0.2477036
-0.2390241
-0.2229870
-0.2172974
-0.2330771
-0.2630326
-0.2852891
-0.2823617
-0.2578722
-0.2334147
-0.2280055
-0.2413710
-0.2577731
-0.2641503
-0.2618758
-0.2612024
-0.2678261
-0.2774655
-0.2819227
-0.2767475
-0.2621895
-0.2401848
-0.2142605
-0.1920947
-0.1840333
-0.1953452
-0.2195317
-0.2411968
-0.2473058
-0.2365617
-0.2185926
-0.2047612
-0.1994468
-0.1986059
-0.1952232
-0.1860484
-0.1739755
-0.1644580
-0.1595346
-0.1554817
-0.1467927
-0.1322194
-0.1156236
-0.1002939
-0.0841147
