0.0177173
-0.0620533
-0.2096431
-0.1814430
-0.0192666
0.0584270
0.0091288
-0.0340218
-0.0400886
-0.1113313
-0.2440391
-0.2688334
-0.0739793
0.2465248
0.4987763
0.5524696
0.4068625
0.1933786
0.1079265
0.2448257
0.4859597
0.6151548
0.5341774
0.3197029
0.1074747
-0.0093434
-0.0023773
0.0848408
0.1563712
0.1495739
0.0964200
0.0631158
0.0556433
0.0296725
-0.0328200
-0.1054019
-0.1591601
-0.1861705
-0.1960767
-0.2111232
-0.2390873
-0.2355922
-0.1368004
0.0378532
0.1534517
0.0765162
-0.1810584
-0.4493699
-0.5205483
-0.2939944
0.1424025
0.5474680
0.6795007
0.4603234
0.0071289
-0.4764641
-0.8221426
-0.9492916
-0.8757665
-0.7049944
-0.5598136
-0.4915674
-0.4581397
-0.3937723
-0.2855776
-0.1847527
-0.1621032
-0.2468428
-0.3855657
-0.4653156
-0.4032285
-0.2217016
-0.0303545
0.0585971
-0.0005069
-0.1644796
-0.3199467
-0.3527511
-0.2445084
-0.1007802
-0.0555019
-0.1426884
-0.2743242
-0.3384668
-0.3054960
-0.2434465
-0.2399809
-0.3068468
-0.3617383
-0.3169160
-0.1838612
-0.0688345
-0.0606052
-0.1433871
-0.2242129
-0.2204582
-0.1120928
0.0616306
0.2304424
0.3282013
0.3240216
0.2324258
0.1028897
0.0022682
-0.0144721
0.0539668
0.1433397
0.1779804
0.1425539
0.0853477
0.0519135
0.0365936
0.0062700
-0.0446733
-0.0782853
-0.0548984
0.0110641
0.0486193
0.0026779
-0.0914416
-0.1333327
-0.0706670
0.0385817
0.0998982
0.0970216
0.0999218
0.1653318
0.2637241
0.3157570
0.2793590
0.1816808
0.0714129
-0.0364858
-0.1496268
-0.2416004
-0.2462827
-0.1381809
0.0024898
0.0515385
-0.0227655
-0.1172371
-0.1048329
0.0324124
0.1957584
0.2743066
0.2351045
0.1210778
-0.0095277
-0.1252839
-0.2127946
-0.2520387
-0.2256421
-0.1544392
-0.0991192
-0.1064123
-0.1617272
-0.2092109
-0.2099206
-0.1657977
-0.0982765
-0.0285876
0.0197891
0.0227054
-0.0239520
-0.0870511
-0.1090262
-0.0501899
0.0691878
0.1708802
0.1817417
0.1072115
0.0335844
0.0467638
0.1525318
0.2806127
0.3570210
0.3631162
0.3305638
0.2921868
0.2463301
0.1738758
0.0863524
0.0365928
0.0609336
0.1192942
0.1230335
0.0337430
-0.0855465
-0.1352557
-0.0871609
-0.0116568
0.0027734
-0.0558214
-0.1192860
-0.1278321
-0.1046997
-0.1245199
-0.2134524
-0.3101672
-0.3399412
-0.3035941
-0.2663357
-0.2704768
-0.2906251
-0.2765237
-0.2094541
-0.0998119
0.0485585
0.2362849
0.4212165
0.4992752
0.3723782
0.0547317
-0.3054913
-0.5386266
-0.5916888
-0.5414996
-0.4794182
-0.4174870
-0.3218955
-0.2046252
-0.1368461
-0.1644792
-0.2382393
-0.2520141
-0.1515472
0.0085501
0.1243877
0.1506757
0.1324481
0.1305225
0.1438193
0.1293149
0.0827496
0.0600889
0.1060548
0.1878003
0.2275632
0.1989242
0.1672849
0.2174291
0.3443450
0.4360744
0.3820814
0.1932916
-0.0052321
-0.1032013
-0.1041134
-0.0841257
-0.0770966
-0.0336365
0.1059886
0.3264422
0.5396253
0.6589314
0.6551915
0.5466840
0.3631274
0.1433761
-0.0413610
-0.1044696
-0.0188979
0.1331938
0.2211135
0.1913703
0.1170881
0.1100538
0.1968143
0.2979609
0.3233260
0.2680315
0.2067773
0.2031341
0.2395419
0.2438379
0.1773225
0.0811452
0.0311165
0.0605275
0.1397727
0.2217218
0.2859894
0.3347267
0.3620651
0.3445706
0.2647331
0.1373972
0.0049260
-0.0972552
-0.1644815
-0.2055327
-0.2113207
-0.1633133
-0.0769764
-0.0084923
0.0087599
0.0226993
0.1206903
0.3134141
0.4837870
0.4857399
0.3019949
0.0805817
-0.0100311
0.0431348
0.0941045
0.0191326
-0.1291758
-0.1819376
-0.0569559
0.1394977
0.2269334
0.1365791
-0.0404750
-0.1696302
-0.1995364
-0.1703709
-0.1334965
-0.0980263
-0.0546369
-0.0202041
-0.0328742
-0.1048661
-0.1954161
-0.2332684
-0.1603089
0.0345249
0.2957472
0.5108073
0.5765533
0.4941773
0.3895541
0.4005067
0.5288516
0.6270286
0.5533149
0.3310137
0.1303683
0.0896152
0.1762121
0.2429470
0.2063251
0.1332274
0.1382751
0.2283115
0.2903375
0.2315439
0.0895793
-0.0204037
-0.0439474
-0.0349570
-0.0630686
-0.1068383
-0.0706580
0.0904051
0.2867021
0.3595230
0.2349158
-0.0014915
-0.1913529
-0.2529363
-0.2279294
-0.1865611
-0.1158510
0.0714241
0.4124158
0.7941621
1.0010216
0.8831115
0.4874651
0.0206802
-0.3197375
-0.4768059
-0.5133837
-0.4967166
-0.4315232
-0.2977486
-0.1166780
0.0470239
0.1423727
0.1684024
0.1463096
0.0752244
-0.0573821
-0.2205224
-0.3280185
-0.3142382
-0.2155556
-0.1433202
-0.1625613
-0.2203371
-0.2158387
-0.1266986
-0.0335161
-0.0143425
-0.0465171
-0.0432657
0.0214697
0.0653168
-0.0000836
-0.1399921
-0.2136317
-0.1330233
0.0274742
0.1106321
0.0512562
-0.0625776
-0.1031853
-0.0412912
0.0500557
0.1017644
0.1168123
0.1285773
0.1306878
0.0852071
-0.0055341
-0.0739596
-0.0579121
0.0201429
0.0740296
0.0550088
0.0072022
0.0113996
0.0924763
0.1995103
0.2653552
0.2634547
0.2078667
0.1223842
0.0257540
-0.0628343
-0.1245633
-0.1550848
-0.1681143
-0.1738393
-0.1572987
-0.0925445
0.0170650
0.1259944
0.1862875
0.1929239
0.1747452
0.1443892
0.0800794
-0.0299774
-0.1391472
-0.1637220
-0.0654721
0.0933214
0.1920892
0.1592894
0.0373731
-0.0633027
-0.0722946
-0.0135706
0.0429516
0.0642102
0.0743893
0.1031208
0.1365267
0.1301511
0.0622045
-0.0374741
-0.1133874
-0.1344767
-0.1160297
-0.0963086
-0.0989113
-0.1186230
-0.1333709
-0.1195891
-0.0615542
0.0367341
0.1407699
0.1971862
0.1718446
0.0824890
-0.0095532
-0.0465207
-0.0204293
0.0232363
0.0310328
-0.0030465
-0.0283292
0.0098421
0.1071148
0.1972454
0.2179201
0.1764716
0.1436243
0.1805032
0.2769087
0.3676502
0.4082145
0.4230132
0.4692202
0.5590858
0.6353099
0.6301276
0.5377127
0.4184269
0.3387582
0.3176014
0.3245805
0.3126353
0.2476580
0.1236736
-0.0308627
-0.1603134
-0.2128577
-0.1824944
-0.1223490
-0.1032512
-0.1476210
-0.2061657
-0.2075161
-0.1312592
-0.0281345
0.0286482
0.0062004
-0.0660500
-0.1181879
-0.0781009
0.0904463
0.3558294
0.6097611
0.7052808
0.5393474
0.1328841
-0.3588427
-0.7329984
-0.8688699
-0.7967730
-0.6483436
-0.5386927
-0.4910718
-0.4620439
-0.4188422
-0.3755601
-0.3545192
-0.3331588
-0.2570192
-0.1164363
0.0083158
0.0092437
-0.1317494
-0.3056509
-0.3760059
-0.3119877
-0.2071214
-0.1670957
-0.1993975
-0.2274906
-0.2008444
-0.1620286
-0.1899876
-0.2913425
-0.3761022
-0.3531292
-0.2359122
-0.1357033
-0.1501497
-0.2698851
-0.3941360
-0.4239536
-0.3352705
-0.1778262
-0.0257728
0.0652055
0.0698483
-0.0102422
-0.1448962
-0.2745275
-0.3334898
-0.2963107
-0.2043873
-0.1334326
-0.1217376
-0.1314694
-0.0907042
0.0218795
0.1424036
0.1834138
0.1284223
0.0476991
0.0099551
-0.0025172
-0.0600580
-0.1689336
-0.2315805
-0.1599617
-0.0114488
0.0412215
-0.0990546
-0.3225493
-0.4154009
-0.2936459
-0.0934097
-0.0022715
-0.0321751
-0.0159503
0.1610173
0.3808752
0.3992731
0.1205044
-0.2873700
-0.5721202
-0.6498008
-0.6335203
-0.6299404
-0.5770365
-0.3304604
0.1110094
0.5248949
0.6430765
0.4021575
0.0025164
-0.2716460
-0.2774756
-0.0833982
0.1301928
0.2125080
0.1229839
-0.0619710
-0.1953519
-0.1477373
0.0948366
0.3952038
0.5438095
0.4103112
0.0484861
-0.3366010
-0.5334106
-0.4622616
-0.2065693
0.0647461
0.2089063
0.1827392
0.0508716
-0.0650585
-0.0695096
0.0424183
0.1926615
0.3009523
0.3650335
0.4558200
0.6254668
0.8234401
0.9185290
0.8173085
0.5600265
0.2889392
0.1191747
0.0500989
0.0059394
-0.0571374
-0.1098887
-0.1116670
-0.0777245
-0.0548668
-0.0383368
0.0480900
0.2583478
0.5161473
0.6344210
0.4721158
0.0759528
-0.3455216
-0.5946724
-0.6301533
-0.5510886
-0.4653298
-0.3951282
-0.3016649
-0.1649894
-0.0110567
0.1337039
0.2817847
0.4530158
0.6095407
0.6526259
0.5086872
0.2160949
-0.0915858
-0.2963440
-0.3826062
-0.4125037
-0.4314581
-0.4175816
-0.3242656
-0.1535214
0.0290328
0.1488318
0.1782645
0.1363822
0.0512872
-0.0573482
-0.1624384
-0.2237102
-0.2189934
-0.1739434
-0.1376211
-0.1197450
-0.0666696
0.0810697
0.3028780
0.4813883
0.4894973
0.3088876
0.0667587
-0.0535464
0.0431303
0.2879367
0.5042298
0.5455923
0.4015905
0.1921475
0.0654677
0.0879372
0.2122922
0.3379172
0.3978698
0.3937903
0.3620268
0.3231750
0.2712222
0.2037945
0.1489671
0.1522964
0.2330750
0.3533720
0.4357861
0.4219736
0.3223041
0.2090337
0.1547412
0.1698723
0.1973600
0.1718356
0.0895257
0.0192463
0.0366408
0.1417164
0.2448664
0.2421555
0.1074659
-0.0901300
-0.2559400
-0.3480570
-0.3847820
-0.3859177
-0.3272070
-0.1691894
0.0689340
0.2818395
0.3464908
0.2292187
0.0222286
-0.1328009
-0.1615404
-0.1045816
-0.0609977
-0.0927060
-0.1783962
-0.2453025
-0.2345984
-0.1396993
0.0017363
0.1353611
0.2078505
0.1771578
0.0337309
-0.1735669
-0.3432367
-0.3801226
-0.2716465
-0.1071884
-0.0037249
0.0053300
0.0047209
0.1033289
0.2983630
0.4500620
0.4133613
0.1946191
-0.0410612
-0.1273604
-0.0510011
0.0583133
0.0760513
-0.0017809
-0.0875529
-0.1121261
-0.0783957
-0.0178088
0.0659639
0.1888119
0.3419772
0.4858054
0.5858240
0.6299316
0.6066548
0.5002763
0.3367877
0.2163939
0.2500293
0.4354139
0.6150276
0.5943080
0.3184582
-0.0736276
-0.3741827
-0.4773099
-0.4285451
-0.3343905
-0.2575856
-0.2031551
-0.1690570
-0.1707858
-0.2138734
-0.2699240
-0.2992783
-0.2915319
-0.2717672
-0.2687491
-0.2853654
-0.2968202
-0.2637835
-0.1441603
0.0873114
0.4019176
0.6916662
0.8065133
0.6552186
0.2899524
-0.1155708
-0.3902042
-0.4834426
-0.4742560
-0.4774366
-0.5462016
-0.6514726
-0.7283085
-0.7254749
-0.6211326
-0.4224161
-0.1750244
0.0321765
0.1055342
0.0230142
-0.1215773
-0.1732584
-0.0438992
0.1996228
0.3786612
0.3480652
0.1149203
-0.1740613
-0.3585636
-0.3851612
-0.3193461
-0.2568011
-0.2330268
-0.2151485
-0.1650624
-0.0940743
-0.0512661
-0.0650513
-0.1051944
-0.1081242
-0.0419683
0.0547370
0.1033804
0.0586836
-0.0461135
-0.1260503
-0.1145469
-0.0094154
0.1390161
0.2705973
0.3435244
0.3372610
0.2529703
0.1226253
0.0045897
-0.0538895
-0.0594735
-0.0653090
-0.1048360
-0.1362246
-0.0721351
0.1233198
0.3747221
0.5456433
0.5524561
0.4258629
0.2640416
0.1365636
0.0393986
-0.0663912
-0.1896286
-0.2903019
-0.3186187
-0.2640522
-0.1675834
-0.0927699
-0.0825555
-0.1307059
-0.1861559
-0.1927207
-0.1395638
-0.0768468
-0.0719717
-0.1409841
-0.2250554
-0.2431042
-0.1714562
-0.0679708
-0.0136389
-0.0328243
-0.0771071
-0.0874469
-0.0616063
-0.0496556
-0.0870072
-0.1495645
-0.1871364
-0.1922575
-0.2137850
-0.2901091
-0.3796417
-0.3812985
-0.2394235
-0.0243109
0.1076742
0.0476803
-0.1654258
-0.3735448
-0.4253230
-0.2842888
-0.0386055
0.1723414
0.2451476
0.1602088
-0.0223296
-0.2050805
-0.3081799
-0.3043026
-0.2149467
-0.0811856
0.0579675
0.1653807
0.2050202
0.1631657
0.0736128
0.0032895
-0.0065062
0.0165870
0.0075223
-0.0544744
-0.1082684
-0.0703762
0.0672017
0.2084084
0.2272722
0.0708215
-0.2031068
-0.4724619
-0.6281660
-0.6257307
-0.4963611
-0.3263381
-0.2114783
-0.2015398
-0.2722381
-0.3561154
-0.4087269
-0.4409106
-0.4797748
-0.5059996
-0.4498704
-0.2629211
0.0087994
0.2318622
0.2733707
0.0934873
-0.2294622
-0.5499603
-0.7389066
-0.7491866
-0.6319376
-0.4961437
-0.4324602
-0.4509437
-0.4828617
-0.4485645
-0.3310754
-0.1866460
-0.0873054
-0.0591689
-0.0764956
-0.1040250
-0.1319658
-0.1703644
-0.2236120
-0.2822608
-0.3367188
-0.3862621
-0.4276513
-0.4417153
-0.4046538
-0.3189558
-0.2266492
-0.1803345
-0.1959137
-0.2375246
-0.2538407
-0.2285971
-0.1919881
-0.1829991
-0.2065660
-0.2327622
-0.2349896
-0.2191662
-0.2096844
-0.2139411
-0.2145796
-0.1994542
-0.1837395
-0.1849081
-0.1785172
-0.1014534
0.0821764
0.3219120
0.5048192
0.5479881
0.4629992
0.3250618
0.1890386
0.0520295
-0.1021591
-0.2455622
-0.3167208
-0.2872083
-0.1957801
-0.1028827
-0.0222602
0.0825809
0.2314497
0.3744289
0.4219795
0.3283114
0.1369280
-0.0565915
-0.1779498
-0.2092014
-0.1695866
-0.0878823
-0.0006612
0.0456501
0.0238347
-0.0334256
-0.0428838
0.0526949
0.2122347
0.3164938
0.2746856
0.1097028
-0.0691755
-0.1726252
-0.1969110
-0.1864628
-0.1602270
-0.1044836
-0.0315023
-0.0016526
-0.0521809
-0.1170901
-0.0648064
0.1553020
0.4204663
0.5252888
0.3810176
0.1117536
-0.0626737
-0.0366408
0.0964275
0.1599989
0.0741874
-0.0848279
-0.1808084
-0.1452045
-0.0115757
0.1454200
0.2785515
0.3810978
0.4590002
0.5091820
0.5229325
0.4987530
0.4472775
0.3878586
0.3428113
0.3288405
0.3442749
0.3613212
0.3379817
0.2498299
0.1185465
0.0088467
-0.0111504
0.0810387
0.2411427
0.3806468
0.4152994
0.3067967
0.0777412
-0.1983279
-0.4238021
-0.5188369
-0.4690677
-0.3461301
-0.2654795
-0.2955563
-0.3946789
-0.4458755
-0.3675006
-0.1912684
-0.0250207
0.0606597
0.0992730
0.1785988
0.3337218
0.4999213
0.5685286
0.4793559
0.2625246
0.0119595
-0.1687994
-0.2161898
-0.1438521
-0.0467273
-0.0402718
-0.1572914
-0.3012579
-0.3324317
-0.2223221
-0.1081304
-0.1640833
-0.4123869
-0.6825259
-0.7730968
-0.6437411
-0.4331067
-0.2993798
-0.2716084
-0.2626108
-0.1946533
-0.0784534
0.0234199
0.0714568
0.0687540
0.0319666
-0.0216942
-0.0598051
-0.0420237
0.0348593
0.1138488
0.1276426
0.0754738
0.0307167
0.0620328
0.1614494
0.2646545
0.3288136
0.3625435
0.3769517
0.3419842
0.2262324
0.0746929
0.0072968
0.1086450
0.3229731
0.4834930
0.4627094
0.2943171
0.1438843
0.1601390
0.3496625
0.5797384
0.6890041
0.6051754
0.3874653
0.1798498
0.1153146
0.2313708
0.4492854
0.6326146
0.6840294
0.6054021
0.4756608
0.3748416
0.3277027
0.3095333
0.2884428
0.2510717
0.1959847
0.1239226
0.0468356
-0.0046005
-0.0041505
0.0322955
0.0477491
0.0027144
-0.0652666
-0.0574886
0.0934090
0.3438075
0.5593054
0.6214016
0.5192267
0.3446855
0.2087947
0.1643656
0.1934496
0.2451696
0.2750261
0.2606820
0.2034910
0.1287340
0.0815295
0.1100156
0.2378678
0.4392308
0.6332489
0.7131726
0.6087703
0.3471214
0.0549311
-0.1217818
-0.1260770
-0.0272806
0.0554505
0.0703025
0.0707227
0.1384809
0.2827586
0.4287142
0.5015076
0.5034435
