0.0891455
0.0447736
-0.0437007
-0.0977566
-0.1099984
-0.1302263
-0.1541636
-0.1250818
-0.0377154
0.0402218
0.0530986
0.0042876
-0.0780082
-0.1657161
-0.2252007
-0.2415093
-0.2521863
-0.3109801
-0.4110598
-0.4797642
-0.4545723
-0.3387102
-0.1864891
-0.0626739
-0.0116189
-0.0341536
-0.0875243
-0.1240953
-0.1315249
-0.1289408
-0.1365449
-0.1606283
-0.1935852
-0.2155436
-0.2114233
-0.1970256
-0.2058601
-0.2345583
-0.2287487
-0.1528131
-0.0565716
-0.0359117
-0.1239236
-0.2457101
-0.2938598
-0.2416509
-0.1715437
-0.1856053
-0.2903470
-0.3872178
-0.3893312
-0.3274955
-0.3076927
-0.3684838
-0.4225861
-0.3605105
-0.1864728
-0.0223758
0.0186712
-0.0565790
-0.1400715
-0.1409781
-0.0751456
-0.0331577
-0.0697799
-0.1460337
-0.1865167
-0.1692116
-0.1341701
-0.1166866
-0.1052737
-0.0719344
-0.0190654
0.0208827
0.0237928
-0.0021147
-0.0320179
-0.0562339
-0.0872321
-0.1326985
-0.1732607
-0.1830700
-0.1694031
-0.1696530
-0.2000348
-0.2261915
-0.2025188
-0.1319394
-0.0693796
-0.0668460
-0.1263432
-0.2068157
-0.2669170
-0.2956993
-0.3058396
-0.3060518
-0.2888632
-0.2450800
-0.1772182
-0.0894569
0.0232011
0.1562347
0.2706219
0.3127002
0.2718103
0.2032749
0.1756945
0.1959740
0.1985754
0.1152479
-0.0478943
-0.2087666
-0.2858013
-0.2690951
-0.2095694
-0.1493911
-0.0878220
-0.0204423
0.0188284
-0.0129054
-0.1022398
-0.1759442
-0.1779002
-0.1344415
-0.1248710
-0.1897548
-0.2855591
-0.3391529
-0.3352062
-0.3265347
-0.3506914
-0.3597814
-0.2645500
-0.0504897
0.1781070
0.2909501
0.2602837
0.1799898
0.1581288
0.2063720
0.2447771
0.2081881
0.1307169
0.1126716
0.2089967
0.3702048
0.5044578
0.5810059
0.6442042
0.7225395
0.7538130
0.6317629
0.3307842
-0.0344594
-0.2915563
-0.3561250
-0.2910044
-0.2235124
-0.2206206
-0.2576172
-0.2904638
-0.3170743
-0.3497769
-0.3599807
-0.2956795
-0.1583882
-0.0274257
0.0177553
-0.0133476
-0.0364623
0.0036311
0.0689569
0.0853164
0.0465718
0.0281256
0.0884834
0.1893984
0.2455910
0.2405450
0.2500173
0.3357761
0.4486479
0.4720572
0.3558436
0.1763574
0.0541959
0.0331035
0.0577058
0.0575158
0.0226230
-0.0127950
-0.0344812
-0.0614288
-0.0959566
-0.0956167
-0.0206792
0.1035075
0.1997664
0.2181952
0.1829931
0.1534831
0.1556972
0.1679901
0.1650989
0.1538673
0.1573621
0.1791452
0.2035550
0.2317798
0.2957385
0.4168780
0.5581296
0.6410544
0.6218395
0.5383110
0.4688104
0.4497524
0.4458355
0.4001117
0.2998320
0.1850942
0.0991786
0.0435738
-0.0108360
-0.0740460
-0.1132414
-0.0886150
-0.0080942
0.0661358
0.0714387
0.0021076
-0.0882664
-0.1377335
-0.1276232
-0.0885547
-0.0625377
-0.0638037
-0.0766588
-0.0839273
-0.0851006
-0.0826749
-0.0630939
-0.0072946
0.0791216
0.1601122
0.2036113
0.2173929
0.2398643
0.2916096
0.3441086
0.3477647
0.2915493
0.2213352
0.1874965
0.1831134
0.1556960
0.0852762
0.0284072
0.0604104
0.1769275
0.2772001
0.2608637
0.1341166
0.0046705
-0.0307489
0.0180648
0.0584901
0.0229441
-0.0646660
-0.1297306
-0.1314492
-0.0897686
-0.0413153
0.0029191
0.0479491
0.0838078
0.0857455
0.0441853
-0.0201906
-0.0770565
-0.1142477
-0.1372250
-0.1448649
-0.1183500
-0.0418453
0.0712625
0.1840754
0.2706470
0.3364317
0.3986948
0.4529085
0.4691410
0.4243762
0.3330545
0.2398956
0.1795287
0.1426096
0.0848766
-0.0248420
-0.1636065
-0.2642453
-0.2689671
-0.1733749
-0.0200030
0.1444635
0.3011972
0.4532573
0.5954721
0.6929154
0.6886787
0.5371224
0.2409275
-0.1327787
-0.4718726
-0.6706460
-0.6870808
-0.5651786
-0.3978986
-0.2566394
-0.1509961
-0.0546361
0.0397504
0.1048248
0.1185751
0.1049087
0.1186757
0.1876295
0.2777059
0.3237794
0.2944402
0.2203190
0.1566048
0.1260005
0.1090276
0.0874186
0.0787263
0.1130932
0.1809963
0.2234895
0.1879209
0.0904341
0.0104532
0.0141992
0.0858098
0.1425211
0.1202159
0.0359010
-0.0400443
-0.0633043
-0.0508409
-0.0378495
-0.0223147
0.0278226
0.1184821
0.2042887
0.2329491
0.2050583
0.1726944
0.1773807
0.2061719
0.2210582
0.2192045
0.2391813
0.3030770
0.3776609
0.4165266
0.4304662
0.4833873
0.6046102
0.7269427
0.7413017
0.6161652
0.4416568
0.3396892
0.3390394
0.3567080
0.3014258
0.1738212
0.0516622
-0.0060240
-0.0120961
-0.0098302
-0.0107189
0.0030762
0.0292580
0.0310712
-0.0181221
-0.0961312
-0.1559640
-0.1812010
-0.1984661
-0.2326043
-0.2676049
-0.2650707
-0.2106048
-0.1228320
-0.0194575
0.0999046
0.2236092
0.3023300
0.2861319
0.1909855
0.1020078
0.0909536
0.1402154
0.1673224
0.1221160
0.0390848
-0.0145000
-0.0231561
-0.0321773
-0.0744765
-0.1163068
-0.0972578
-0.0147117
0.0581802
0.0486413
-0.0370381
-0.1257331
-0.1609862
-0.1566464
-0.1649672
-0.2077591
-0.2537393
-0.2606837
-0.2246116
-0.1773386
-0.1402458
-0.0941397
-0.0038344
0.1306292
0.2574889
0.3148209
0.2887110
0.2269523
0.1919559
0.1984389
0.1989238
0.1342876
-0.0007372
-0.1464871
-0.2346728
-0.2500773
-0.2303705
-0.2113489
-0.1889207
-0.1426473
-0.0838219
-0.0594436
-0.1016242
-0.1846968
-0.2467328
-0.2540027
-0.2331088
-0.2341388
-0.2718851
-0.3154974
-0.3316248
-0.3193701
-0.2939495
-0.2499939
-0.1625048
-0.0293260
0.1012266
0.1612871
0.1277558
0.0523254
0.0210369
0.0787627
0.1919954
0.2879934
0.3321412
0.3638549
0.4493361
0.5929319
0.6959622
0.6138318
0.2717068
-0.2594873
-0.7940869
-1.1441041
-1.2219732
-1.0649342
-0.7882580
-0.5198036
-0.3515839
-0.3117369
-0.3579436
-0.4036743
-0.3735922
-0.2531173
-0.0933844
0.0309906
0.0749599
0.0470237
-0.0065016
-0.0374373
-0.0244977
0.0210285
0.0720910
0.1112055
0.1430944
0.1814127
0.2229951
0.2436665
0.2293703
0.2069285
0.2251945
0.2942414
0.3548271
0.3299897
0.2130469
0.0890079
0.0522055
0.1048442
0.1530403
0.1109230
-0.0028622
-0.0872567
-0.0735052
0.0025491
0.0533640
0.0485959
0.0456558
0.1084630
0.2194750
0.2943053
0.2784936
0.2071874
0.1590311
0.1658772
0.1880189
0.1771509
0.1408659
0.1283273
0.1634810
0.2181997
0.2584422
0.2950106
0.3651738
0.4686036
0.5473043
0.5434211
0.4647478
0.3737740
0.3121575
0.2554768
0.1559635
0.0188296
-0.0877254
-0.1072047
-0.0637569
-0.0371767
-0.0702748
-0.1200254
-0.1126892
-0.0382586
0.0272881
-0.0007126
-0.1241397
-0.2555040
-0.3016482
-0.2495259
-0.1696303
-0.1415842
-0.1822327
-0.2439090
-0.2725019
-0.2586906
-0.2340257
-0.2259872
-0.2245619
-0.1945621
-0.1180638
-0.0202990
0.0501503
0.0668850
0.0475007
0.0273262
0.0155305
-0.0140426
-0.0837797
-0.1685876
-0.2017004
-0.1336143
0.0118025
0.1446897
0.1808353
0.1120349
0.0071370
-0.0562350
-0.0604376
-0.0510917
-0.0786836
-0.1434795
-0.1994449
-0.2074001
-0.1762907
-0.1472332
-0.1407438
-0.1312765
-0.0827967
-0.0052574
0.0387576
-0.0064942
-0.1274818
-0.2482934
-0.3029765
-0.2948085
-0.2784542
-0.2892931
-0.3039329
-0.2760984
-0.1996209
-0.1181026
-0.0700775
-0.0420758
0.0082562
0.0887858
0.1528636
0.1510864
0.0910011
0.0307003
0.0157355
0.0380773
0.0642729
0.0902037
0.1466916
0.2450257
0.3314552
0.3133392
0.1351841
-0.1743281
-0.5263056
-0.8304899
-1.0295401
-1.0963624
-1.0276060
-0.8545059
-0.6497236
-0.4990533
-0.4461978
-0.4599550
-0.4627979
-0.4007826
-0.2879327
-0.1798907
-0.1062674
-0.0385928
0.0671579
0.2012921
0.2893822
0.2629659
0.1389665
0.0154307
-0.0202193
0.0261922
0.0717496
0.0495775
-0.0277923
-0.0984947
-0.1248634
-0.1193275
-0.1060158
-0.0839618
-0.0414548
0.0095349
0.0371936
0.0300845
0.0147416
0.0205656
0.0365664
0.0195747
-0.0534012
-0.1533917
-0.2233321
-0.2209062
-0.1310056
0.0448461
0.2818983
0.5122109
0.6432577
0.6293094
0.5249484
0.4440337
0.4514236
0.5038407
0.5082901
0.4303974
0.3274714
0.2745743
0.2800349
0.2910142
0.2703470
0.2391090
0.2334766
0.2415757
0.2099470
0.1128404
-0.0073185
-0.0825871
-0.0932439
-0.0835690
-0.1049146
-0.1581030
-0.2009662
-0.2036499
-0.1802619
-0.1616979
-0.1492918
-0.1096539
-0.0176182
0.1042036
0.1960507
0.2120535
0.1600655
0.0924604
0.0585889
0.0638181
0.0713183
0.0415639
-0.0306237
-0.1162143
-0.1830261
-0.2202549
-0.2333018
-0.2254163
-0.1956980
-0.1541298
-0.1259756
-0.1315097
-0.1644652
-0.1994971
-0.2213520
-0.2369799
-0.2543084
-0.2607393
-0.2384614
-0.1986227
-0.1786567
-0.1910509
-0.1874989
-0.0999945
0.0743772
0.2472373
0.3163025
0.2671866
0.1836174
0.1531281
0.1765867
0.1824280
0.1204310
0.0197881
-0.0514913
-0.0656775
-0.0538157
-0.0510843
-0.0496469
-0.0205666
0.0310790
0.0568854
0.0168577
-0.0734098
-0.1585404
-0.2010014
-0.2128667
-0.2334755
-0.2894560
-0.3802050
-0.4854368
-0.5675685
-0.5721221
-0.4555433
-0.2352696
-0.0034464
0.1363100
0.1596415
0.1401718
0.1666313
0.2461388
0.3017052
0.2641984
0.1509965
0.0445038
0.0043422
0.0191368
0.0450107
0.0690090
0.1135102
0.1830235
0.2323633
0.2058435
0.1025861
-0.0137041
-0.0760906
-0.0781339
-0.0706251
-0.1008116
-0.1656808
-0.2273927
-0.2640561
-0.2919265
-0.3350213
-0.3834938
-0.3949203
-0.3401276
-0.2414122
-0.1582461
-0.1328633
-0.1499804
-0.1489536
-0.0752072
0.0750565
0.2497006
0.3698617
0.3662519
0.2052483
-0.0934023
-0.4469969
-0.7257428
-0.8093825
-0.6622985
-0.3680588
-0.0808017
0.0792225
0.1012032
0.0662992
0.0593014
0.0968519
0.1347033
0.1301803
0.0853238
0.0328780
-0.0021656
-0.0156381
-0.0087569
0.0198526
0.0587059
0.0726199
0.0258147
-0.0778940
-0.1859137
-0.2378675
-0.2183716
-0.1664182
-0.1319615
-0.1266518
-0.1189961
-0.0733908
0.0130134
0.1129679
0.2010095
0.2738019
0.3368797
0.3793756
0.3755130
0.3198170
0.2556440
0.2518450
0.3364389
0.4537759
0.5009195
0.4198027
0.2575466
0.1326991
0.1366673
0.2610171
0.4120509
0.4910168
0.4660187
0.3812039
0.3081389
0.2864826
0.2999688
0.3014902
0.2629645
0.2049793
0.1763734
0.2016335
0.2524771
0.2798357
0.2731208
0.2739401
0.3201378
0.3846060
0.3903929
0.2959573
0.1528309
0.0603444
0.0615195
0.0989203
0.0834388
-0.0036443
-0.0945632
-0.1203064
-0.0908108
-0.0734209
-0.1011384
-0.1287276
-0.0925800
0.0012005
0.0723398
0.0545989
-0.0282977
-0.0899162
-0.0793238
-0.0355559
-0.0387978
-0.1208927
-0.2388852
-0.3314339
-0.3788815
-0.3956702
-0.3802470
-0.3027361
-0.1535835
0.0142044
0.1174256
0.1231166
0.0817078
0.0679479
0.0967192
0.1141463
0.0728754
-0.0037907
-0.0486692
-0.0310960
0.0142980
0.0451213
0.0729331
0.1404030
0.2414166
0.2969101
0.2341248
0.0793219
-0.0556445
-0.0868744
-0.0404824
-0.0081812
-0.0367891
-0.0885308
-0.1104894
-0.1101786
-0.1356913
-0.1955894
-0.2371446
-0.2187109
-0.1779163
-0.1967784
-0.3007458
-0.4192587
-0.4597282
-0.4046364
-0.3170021
-0.2584740
-0.2277693
-0.1867251
-0.1226737
-0.0592910
-0.0113284
0.0424424
0.1262283
0.2227497
0.2841794
0.2878506
0.2628086
0.2513536
0.2561199
0.2415910
0.1864924
0.1171638
0.0779036
0.0771927
0.0806406
0.0609649
0.0395170
0.0608018
0.1259250
0.1688290
0.1150412
-0.0359654
-0.1997948
-0.2880787
-0.2974963
-0.3084808
-0.3920838
-0.5259446
-0.6119701
-0.5760785
-0.4405645
-0.2939075
-0.1991299
-0.1446289
-0.0829808
-0.0001276
0.0682349
0.0836330
0.0508796
0.0094582
-0.0114504
-0.0164209
-0.0236571
-0.0355897
-0.0380958
-0.0202672
0.0206768
0.0963609
0.2322950
0.4357815
0.6538270
0.7762857
0.7010233
0.4115932
-0.0020425
-0.3992683
-0.6724994
-0.7919975
-0.7890225
-0.7103207
-0.5897093
-0.4495927
-0.3109351
-0.1908424
-0.0926344
-0.0072499
0.0698603
0.1249200
0.1343723
0.0907474
0.0187935
-0.0385729
-0.0546122
-0.0412076
-0.0369271
-0.0703155
-0.1308811
-0.1735532
-0.1540788
-0.0670080
0.0457159
0.1251574
0.1410463
0.1127041
0.0853850
0.0847082
0.0947507
0.0812448
0.0330913
-0.0236875
-0.0525623
-0.0398896
0.0032881
0.0667643
0.1547732
0.2671709
0.3757880
0.4355920
0.4265484
0.3779532
0.3421318
0.3432231
0.3569696
0.3419054
0.2847277
0.2108834
0.1550639
0.1301445
0.1274655
0.1391044
0.1679518
0.2120761
0.2472438
0.2376217
0.1706237
0.0779261
0.0133624
0.0042549
0.0255755
0.0259556
-0.0209589
-0.0951108
-0.1595360
-0.2014736
-0.2330247
-0.2532005
-0.2273883
-0.1217005
0.0437271
0.1926426
0.2561966
0.2351456
0.1900679
0.1720406
0.1750699
0.1608913
0.1163187
0.0677989
0.0397750
0.0191972
-0.0219972
-0.0764474
-0.0959240
-0.0478617
0.0333680
0.0694935
0.0171324
-0.0859424
-0.1603143
-0.1654580
-0.1327803
-0.1218151
-0.1568497
-0.2130656
-0.2536948
-0.2634219
-0.2440741
-0.1970261
-0.1286952
-0.0688558
-0.0598899
-0.1115815
-0.1739968
-0.1743972
-0.0890552
0.0295448
0.1043497
0.1072150
0.0729890
0.0470263
0.0376439
0.0294037
0.0274076
0.0621003
0.1418837
0.2183045
0.2197817
0.1231314
-0.0203335
-0.1365192
-0.1993394
-0.2428222
-0.3091696
-0.3985683
-0.4733438
-0.4984754
-0.4652208
-0.3808856
-0.2563323
-0.1161508
-0.0099542
0.0105302
-0.0609397
-0.1665437
-0.2265736
-0.2052725
-0.1321701
-0.0596217
-0.0090302
0.0343288
0.0826439
0.1218955
0.1363863
0.1435830
0.1808372
0.2488317
0.2846979
0.2155798
0.0458580
-0.1240155
-0.1838251
-0.1216898
-0.0364584
-0.0368304
-0.1345168
-0.2450236
-0.2881702
-0.2703996
-0.2583766
-0.2836978
-0.2977261
-0.2319746
-0.0908058
0.0371344
0.0669845
0.0056433
-0.0612776
-0.0679278
-0.0387213
-0.0518437
-0.1412634
-0.2511728
-0.2917736
-0.2277888
-0.1003441
0.0308599
0.1455936
0.2544652
0.3499577
0.3936299
0.3606931
0.2799109
0.2087160
0.1692840
0.1262590
0.0354370
-0.0985259
-0.2270090
-0.3121036
-0.3547830
-0.3643142
-0.3250547
-0.2215587
-0.0919661
-0.0219777
-0.0610423
-0.1561849
-0.1976911
-0.1376333
-0.0427714
-0.0150451
-0.0745472
-0.1459248
-0.1574008
-0.1209182
-0.0941568
-0.0850264
-0.0336636
0.1013440
0.2694798
0.3705656
0.3637254
0.3068908
0.2813265
0.2999730
0.3083717
0.2608935
0.1674900
0.0643027
-0.0314143
-0.1164433
-0.1708957
-0.1678439
-0.1203977
-0.0906262
-0.1265898
-0.1998947
-0.2323335
-0.1894564
-0.1252223
-0.1174458
