-0.0758510
-0.1347679
-0.3582730
-0.3784686
-0.1663334
0.0080263
0.0175015
-0.0222966
-0.0246590
-0.0286688
-0.0441451
-0.0285818
-0.0207874
-0.1090842
-0.2588155
-0.3289186
-0.2674747
-0.1600574
-0.0844007
-0.0325700
0.0259814
0.1027703
0.2020588
0.2926333
0.2940128
0.1728250
0.0226792
-0.0341256
0.0023464
0.0308735
-0.0083240
-0.0839517
-0.1402841
-0.1468320
-0.1010083
-0.0341814
0.0044374
0.0071846
0.0214742
0.0736021
0.1206572
0.1130357
0.0614048
0.0037535
-0.0537950
-0.1252417
-0.2078920
-0.2906287
-0.3709361
-0.4391546
-0.4713679
-0.4534911
-0.3895714
-0.2878120
-0.1737130
-0.1078704
-0.1343366
-0.2046997
-0.2114738
-0.1194912
-0.0197452
-0.0258434
-0.1442930
-0.2671900
-0.2785518
-0.1618434
-0.0133460
0.0563898
0.0417867
0.0398163
0.1132690
0.1971307
0.1844401
0.0760288
-0.0139798
0.0018596
0.0882233
0.1413953
0.1071793
0.0283408
-0.0146098
-0.0000024
0.0079177
-0.0575445
-0.1676933
-0.2220189
-0.1729245
-0.0809938
-0.0243250
0.0051053
0.0751448
0.2026928
0.3033204
0.2510742
-0.0187518
-0.4475548
-0.8765206
-1.1438949
-1.1811974
-1.0286444
-0.7773429
-0.5124171
-0.2907448
-0.1318917
-0.0210937
0.0589892
0.0997491
0.0887743
0.0520330
0.0427792
0.0841407
0.1463636
0.1872482
0.1985282
0.2074635
0.2420939
0.2946631
0.3169104
0.2656315
0.1621500
0.0871534
0.0969343
0.1576480
0.1821030
0.1224381
0.0099657
-0.0864820
-0.1233443
-0.1091404
-0.0847132
-0.0790210
-0.0828256
-0.0702006
-0.0386519
-0.0096664
0.0072436
0.0247026
0.0459087
0.0490835
0.0176182
-0.0327317
-0.0712521
-0.0836490
-0.0724285
-0.0338835
0.0520325
0.2035339
0.4042269
0.5898100
0.6864580
0.6798292
0.6347104
0.6252991
0.6524644
0.6512596
0.5761263
0.4548105
0.3536807
0.3071552
0.2895612
0.2499002
0.1702856
0.0878109
0.0504058
0.0517917
0.0293698
-0.0622207
-0.1924500
-0.2880187
-0.3159166
-0.3158717
-0.3516200
-0.4418389
-0.5417749
-0.5903220
-0.5744490
-0.5407096
-0.5353662
-0.5434886
-0.5075555
-0.4027219
-0.2672964
-0.1514453
-0.0597740
0.0384537
0.1554815
0.2594767
0.3030234
0.2724695
0.2102757
0.1858452
0.2360838
0.3332939
0.4146524
0.4388967
0.4106445
0.3609842
0.3174609
0.2864387
0.2508110
0.1875105
0.0969166
0.0096755
-0.0458743
-0.0767756
-0.1136862
-0.1696118
-0.2219214
-0.2361489
-0.2032354
-0.1555536
-0.1457193
-0.1988441
-0.2815014
-0.3301703
-0.3189493
-0.2895688
-0.3050130
-0.3803851
-0.4685428
-0.5100420
-0.4902305
-0.4472011
-0.4241700
-0.4138198
-0.3572718
-0.2069964
0.0152608
0.2346766
0.3907659
0.4729014
0.4956171
0.4664342
0.3899995
0.2867345
0.1883491
0.1150149
0.0656557
0.0332043
0.0244724
0.0556790
0.1219862
0.1808285
0.1859149
0.1409152
0.0962414
0.0780789
0.0424217
-0.0706655
-0.2423318
-0.3664438
-0.3521399
-0.2215415
-0.0849583
-0.0146212
0.0402925
0.1872005
0.4296162
0.5981015
0.4812721
0.0395219
-0.5291235
-0.9483844
-1.0810592
-0.9915762
-0.8284611
-0.6814485
-0.5506039
-0.4130496
-0.2760228
-0.1543241
-0.0252411
0.1540476
0.3762301
0.5624250
0.6386238
0.6208306
0.5946365
0.6107931
0.6282558
0.5702446
0.4166142
0.2254522
0.0744106
-0.0020450
-0.0192355
-0.0057333
0.0229897
0.0558309
0.0708014
0.0477816
-0.0062472
-0.0629902
-0.1080826
-0.1543006
-0.2117105
-0.2608840
-0.2715473
-0.2402036
-0.1939159
-0.1577298
-0.1294569
-0.0891627
-0.0270220
0.0441328
0.1069878
0.1687810
0.2609012
0.3966501
0.5328573
0.5922546
0.5361570
0.4110217
0.3156475
0.3198351
0.4117733
0.5193470
0.5809955
0.5963870
0.6069991
0.6325880
0.6430606
0.6015953
0.5196440
0.4466596
0.4062486
0.3633750
0.2657176
0.1077554
-0.0587757
-0.1782393
-0.2453890
-0.2978129
-0.3566785
-0.3922915
-0.3653351
-0.2943197
-0.2533763
-0.2894114
-0.3600158
-0.3759656
-0.3008313
-0.1886432
-0.1187830
-0.1093667
-0.1080127
-0.0620658
0.0213586
0.0965915
0.1474859
0.2062992
0.2952957
0.3757143
0.3854449
0.3213192
0.2516813
0.2369778
0.2619395
0.2648283
0.2183398
0.1566210
0.1243045
0.1242343
0.1298317
0.1329446
0.1513250
0.1839344
0.1870714
0.1221338
0.0151409
-0.0680890
-0.1131268
-0.1853845
-0.3373526
-0.5099031
-0.5705150
-0.4563037
-0.2461732
-0.0719550
0.0199474
0.0896312
0.1952420
0.3038863
0.3369344
0.2843626
0.2298835
0.2471607
0.3038175
0.3046113
0.2188288
0.1226446
0.1023101
0.1484535
0.1761339
0.1359738
0.0713859
0.0571654
0.1044404
0.1489981
0.1309031
0.0641172
0.0129942
0.0099169
0.0185714
-0.0160927
-0.1013593
-0.1962604
-0.2656730
-0.3118829
-0.3496528
-0.3682854
-0.3328464
-0.2223438
-0.0611469
0.0905704
0.1808366
0.2036608
0.1935872
0.1834996
0.1714348
0.1303150
0.0460781
-0.0574223
-0.1306312
-0.1364686
-0.0811236
-0.0074033
0.0465344
0.0806433
0.1202663
0.1746497
0.2215996
0.2365861
0.2239965
0.2094804
0.2082165
0.2117421
0.2040504
0.1795293
0.1407731
0.0871068
0.0174619
-0.0528447
-0.0903618
-0.0732251
-0.0212491
0.0193046
0.0258821
0.0185695
0.0184329
0.0057063
-0.0536269
-0.1432543
-0.1903265
-0.1427417
-0.0376433
0.0322535
0.0234932
-0.0068824
0.0293624
0.1403057
0.2366354
0.2357154
0.1629386
0.1231040
0.1729583
0.2495796
0.2406132
0.1116687
-0.0530384
-0.1310444
-0.0671884
0.0986107
0.2887158
0.4569474
0.6018805
0.7241203
0.7833700
0.7049864
0.4333125
-0.0121214
-0.5205974
-0.9315921
-1.1188584
-1.0675683
-0.8810592
-0.6992826
-0.5934137
-0.5306266
-0.4352574
-0.2782881
-0.1072302
0.0046440
0.0319878
0.0190853
0.0301599
0.0828882
0.1363344
0.1424987
0.0999503
0.0522355
0.0418288
0.0743838
0.1241056
0.1638565
0.1876784
0.2097995
0.2463853
0.2985571
0.3514588
0.3869244
0.3949452
0.3756180
0.3355382
0.2833473
0.2253797
0.1647946
0.1063618
0.0593369
0.0315517
0.0237776
0.0356609
0.0728296
0.1370073
0.2089770
0.2551796
0.2608063
0.2501804
0.2629756
0.3082376
0.3491989
0.3403830
0.2794697
0.2161614
0.2045973
0.2494297
0.3048876
0.3258484
0.3117719
0.2988304
0.3176718
0.3637667
0.4020246
0.3947724
0.3324743
0.2455368
0.1810073
0.1577520
0.1468132
0.1065708
0.0377105
-0.0098498
0.0056797
0.0612184
0.0869362
0.0489106
0.0006233
0.0302555
0.1518040
0.2680248
0.2611081
0.1158564
-0.0636165
-0.1588070
-0.1407775
-0.0663924
0.0046610
0.0636031
0.1272068
0.1875831
0.2111966
0.1860306
0.1480353
0.1433660
0.1694703
0.1731840
0.1154459
0.0243275
-0.0319303
-0.0209089
0.0211305
0.0379337
0.0231336
0.0267087
0.0881130
0.1731234
0.1938445
0.1012881
-0.0487594
-0.1381331
-0.1010260
0.0113431
0.0872689
0.0697057
0.0063597
-0.0116773
0.0516021
0.1473341
0.2044317
0.2083179
0.2079321
0.2489338
0.3151795
0.3456463
0.3013220
0.2022429
0.1002259
0.0294005
-0.0115775
-0.0420075
-0.0783641
-0.1276946
-0.1856896
-0.2318973
-0.2347804
-0.1784986
-0.0913624
-0.0341954
-0.0414363
-0.0743627
-0.0539766
0.0470396
0.1608657
0.1969065
0.1571773
0.1536657
0.2887300
0.5206548
0.6670378
0.5585664
0.1970176
-0.2362249
-0.5260486
-0.5821886
-0.4727681
-0.3300853
-0.2385421
-0.1995760
-0.1736699
-0.1374539
-0.1049427
-0.1056541
-0.1468209
-0.1980230
-0.2166887
-0.1904314
-0.1494644
-0.1329228
-0.1461741
-0.1576675
-0.1386942
-0.1008634
-0.0888361
-0.1354509
-0.2279698
-0.3214284
-0.3813922
-0.4066084
-0.4104685
-0.3910777
-0.3281732
-0.2071669
-0.0410057
0.1302192
0.2590747
0.3169879
0.3110494
0.2761982
0.2444879
0.2194855
0.1841536
0.1338072
0.0936353
0.0959416
0.1411181
0.1907454
0.2075446
0.1984579
0.2049638
0.2452320
0.2794137
0.2507610
0.1603752
0.0807105
0.0803169
0.1427407
0.1765559
0.1100216
-0.0335778
-0.1617449
-0.2081823
-0.1913961
-0.1765385
-0.1932447
-0.2094324
-0.1869358
-0.1415504
-0.1276742
-0.1675461
-0.2167788
-0.2111973
-0.1390430
-0.0542873
-0.0192042
-0.0444256
-0.0904888
-0.1191325
-0.1284049
-0.1350844
-0.1391259
-0.1238018
-0.0885437
-0.0612414
-0.0666937
-0.0949108
-0.1172306
-0.1302606
-0.1644510
-0.2397295
-0.3251212
-0.3609722
-0.3241855
-0.2569876
-0.2188163
-0.2171695
-0.2051843
-0.1517568
-0.0931507
-0.0938849
-0.1631387
-0.2361150
-0.2495683
-0.2197742
-0.2266047
-0.3217837
-0.4664328
-0.5629491
-0.5405057
-0.4076129
-0.2343482
-0.0963476
-0.0285833
-0.0094480
0.0228055
0.1221331
0.2791107
0.4141748
0.4498385
0.3977839
0.3495568
0.3570278
0.3382120
0.1445983
-0.2581330
-0.6996893
-0.9293243
-0.8395451
-0.5549989
-0.2980362
-0.1852499
-0.1685658
-0.1520604
-0.1190560
-0.1231658
-0.1856142
-0.2506679
-0.2549021
-0.2092588
-0.1823165
-0.2080952
-0.2376053
-0.1944341
-0.0666075
0.0725787
0.1359354
0.1038478
0.0293429
-0.0290512
-0.0651849
-0.1129350
-0.1880794
-0.2568198
-0.2659448
-0.1990299
-0.0975325
-0.0243205
-0.0060443
-0.0132190
0.0001643
0.0399033
0.0632241
0.0318349
-0.0349867
-0.0741420
-0.0488696
0.0049030
0.0124451
-0.0608543
-0.1727638
-0.2483090
-0.2514194
-0.2045244
-0.1454684
-0.0862112
-0.0222565
0.0379722
0.0811944
0.1250517
0.2136563
0.3545023
0.4753208
0.4779851
0.3465881
0.1806003
0.0987102
0.1167202
0.1450719
0.1110500
0.0531051
0.0639740
0.1522597
0.2064665
0.1223670
-0.0596883
-0.1870010
-0.1677904
-0.0762523
-0.0607315
-0.1685140
-0.2990805
-0.3329721
-0.2688245
-0.2040303
-0.1998066
-0.2111091
-0.1632428
-0.0607305
0.0188512
0.0290015
0.0091138
0.0206523
0.0621119
0.0806480
0.0540656
0.0208562
0.0205438
0.0404523
0.0513534
0.0749853
0.1681008
0.3255042
0.4384238
0.3940874
0.2131429
0.0459204
0.0099540
0.0570334
0.0357952
-0.1215375
-0.3146318
-0.3930609
-0.3297021
-0.2423914
-0.2486424
-0.3352501
-0.3912695
-0.3480600
-0.2512947
-0.1894432
-0.1821479
-0.1685341
-0.0989347
-0.0059150
0.0331139
-0.0106865
-0.0834841
-0.1085464
-0.0635085
0.0099869
0.0623767
0.0858088
0.1054494
0.1345720
0.1541083
0.1410893
0.1070988
0.0947235
0.1330637
0.2067964
0.2785408
0.3366012
0.4030713
0.4819192
0.5068142
0.3675717
0.0150638
-0.4555775
-0.8449674
-0.9946197
-0.9022468
-0.6969591
-0.5112106
-0.3874919
-0.2989774
-0.2261044
-0.1843838
-0.1845694
-0.1990225
-0.1885112
-0.1503821
-0.1160337
-0.0987532
-0.0684904
0.0031305
0.0867225
0.1139828
0.0598949
-0.0174298
-0.0397943
-0.0016570
0.0245356
-0.0215934
-0.1153757
-0.1786275
-0.1690555
-0.1141458
-0.0576434
-0.0013763
0.0789860
0.1757243
0.2402422
0.2421874
0.2128134
0.2057082
0.2245690
0.2189757
0.1576878
0.0798453
0.0516958
0.0850571
0.1268291
0.1332791
0.1285145
0.1677861
0.2541008
0.3202481
0.3031810
0.2164867
0.1295750
0.0843869
0.0587166
0.0171457
-0.0283048
-0.0337902
0.0082757
0.0470436
0.0336217
-0.0122909
-0.0191120
0.0506562
0.1475992
0.1816931
0.1179091
0.0139310
-0.0413683
-0.0199552
0.0212069
0.0043894
-0.0884136
-0.1998863
-0.2548566
-0.2276497
-0.1541296
-0.0832064
-0.0231439
0.0585018
0.1812397
0.3071860
0.3641652
0.3188879
0.2185910
0.1475335
0.1402622
0.1466579
0.0887177
-0.0532581
-0.2186375
-0.3269899
-0.3483832
-0.3101751
-0.2500281
-0.1825465
-0.1117996
-0.0534181
-0.0254464
-0.0243448
-0.0294023
-0.0339470
-0.0555381
-0.1043012
-0.1531401
-0.1592059
-0.1164983
-0.0685651
-0.0549337
-0.0544481
-0.0035397
0.1225702
0.2633241
0.3252103
0.2783476
0.1852573
0.1287973
0.1249358
0.1192595
0.0627783
-0.0273249
-0.0891369
-0.0858309
-0.0396123
0.0024359
0.0205846
0.0297834
0.0429075
0.0454371
0.0150229
-0.0446566
-0.1050223
-0.1483190
-0.1892724
-0.2526014
-0.3353089
-0.4026093
-0.4221608
-0.3927363
-0.3336825
-0.2548323
-0.1508274
-0.0264546
0.0876295
0.1585278
0.1863429
0.2006234
0.2182207
0.2200038
0.1830836
0.1272636
0.1066761
0.1466300
0.2047668
0.2145937
0.1655835
0.1191407
0.1326127
0.1808141
0.1768483
0.0758297
-0.0619592
-0.1302150
-0.0934357
-0.0244815
-0.0184382
-0.0833712
-0.1319790
-0.0784577
0.0699674
0.2187365
0.2668784
0.1721456
-0.0481963
-0.3478842
-0.6637882
-0.9132505
-1.0165812
-0.9491761
-0.7709435
-0.5874369
-0.4692642
-0.4071660
-0.3448966
-0.2494315
-0.1420275
-0.0625705
-0.0156039
0.0359334
0.1219873
0.2213179
0.2783414
0.2652000
0.2165467
0.1925404
0.2091162
0.2162546
0.1534582
0.0236310
-0.0976779
-0.1317772
-0.0725216
0.0121084
0.0519934
0.0404540
0.0245067
0.0382345
0.0598589
0.0401687
-0.0355217
-0.1264129
-0.1792137
-0.1828743
-0.1723043
-0.1809550
-0.2009881
-0.1960181
-0.1456845
-0.0658198
0.0163222
0.0951441
0.1858802
0.2951939
0.4031083
0.4766144
0.4952929
0.4618938
0.3956737
0.3220053
0.2627963
0.2251990
0.1975256
0.1661231
0.1417499
0.1579140
0.2268523
0.2994983
0.2925377
0.1737490
0.0119186
-0.0817710
-0.0696642
-0.0286903
-0.0611786
-0.1749577
-0.2746117
-0.2746061
-0.1973485
-0.1389671
-0.1496691
-0.1790591
-0.1506770
-0.0654099
-0.0004512
-0.0088706
-0.0532027
-0.0583640
-0.0105614
0.0299582
0.0170628
-0.0132374
0.0111160
0.0976285
0.1695064
0.1585791
0.0947183
0.0763716
0.1558622
0.2790148
0.3486875
0.3297161
0.2710673
0.2322257
0.2142019
0.1729275
0.0813798
-0.0424504
-0.1625890
-0.2556054
-0.3067655
-0.2973323
-0.2208908
-0.1122406
-0.0377705
-0.0399923
-0.0951939
-0.1379426
-0.1285492
-0.0870975
-0.0583607
-0.0549856
-0.0481486
-0.0116670
0.0403732
0.0704724
0.0669438
0.0636016
0.1044039
0.1930450
0.2846610
0.3287595
0.3164988
0.2832846
0.2676447
0.2720042
0.2642388
0.2138140
0.1236279
0.0284435
-0.0341524
-0.0513482
-0.0388402
-0.0218392
-0.0125458
-0.0032983
0.0205656
0.0613872
0.1019139
0.1169830
0.0929203
0.0364612
-0.0335144
-0.1007080
-0.1576024
-0.2003674
-0.2223424
-0.2146253
-0.1719471
-0.0972251
-0.0019752
0.0969652
0.1844668
0.2553621
0.3155975
0.3712884
0.4160524
0.4338401
0.4155582
0.3637965
0.2708641
0.0989813
-0.1914678
-0.5718119
-0.9108982
-1.0454514
-0.9148927
-0.6276892
-0.3749140
-0.2655149
-0.2501131
-0.2084020
-0.0954524
0.0176180
0.0427519
