-0.3077779
-0.2919955
-0.2650563
-0.2880422
-0.3670767
-0.4535102
-0.4939103
-0.4611097
-0.3406271
-0.1193535
0.1797640
0.4532397
0.5446468
0.3587235
-0.0370729
-0.4394288
-0.6598673
-0.6624202
-0.5590675
-0.4785652
-0.4480798
-0.3984456
-0.2656487
-0.0705206
0.0975654
0.1583869
0.0965056
-0.0435498
-0.1958089
-0.3055373
-0.3458550
-0.3252704
-0.2828642
-0.2634133
-0.2850169
-0.3284279
-0.3592126
-0.3585280
-0.3309719
-0.2882314
-0.2346674
-0.1708727
-0.1017616
-0.0307023
0.0524917
0.1643908
0.2981051
0.4035968
0.4111373
0.2863578
0.0658917
-0.1631053
-0.3215310
-0.3821002
-0.3663134
-0.3111618
-0.2433985
-0.1768948
-0.1183215
-0.0662432
-0.0112712
0.0490647
0.0917704
0.0770944
-0.0086575
-0.1187444
-0.1714223
-0.1259178
-0.0309990
0.0181545
-0.0193327
-0.0809012
-0.0656008
0.0521535
0.1878604
0.2338950
0.1711453
0.0796535
0.0419422
0.0569914
0.0619248
0.0221525
-0.0286638
-0.0435856
-0.0306580
-0.0390686
-0.0821902
-0.1058870
-0.0540009
0.0486624
0.1090158
0.0712944
-0.0101763
-0.0274743
0.0531281
0.1429761
0.1271677
0.0019484
-0.1022953
-0.0438345
0.1888177
0.4601340
0.6045415
0.5550870
0.3692614
0.1549405
-0.0120236
-0.1101879
-0.1482358
-0.1438369
-0.1210324
-0.1028090
-0.0891854
-0.0490851
0.0489511
0.1918738
0.3174062
0.3652266
0.3332574
0.2768184
0.2512256
0.2620156
0.2747250
0.2646731
0.2449363
0.2453925
0.2765907
0.3216105
0.3544595
0.3527740
0.2947221
0.1636097
-0.0274414
-0.2199492
-0.3389493
-0.3515383
-0.2956505
-0.2444995
-0.2429470
-0.2818584
-0.3275382
-0.3591674
-0.3702258
-0.3508219
-0.2971930
-0.2464595
-0.2759751
-0.4314095
-0.6436560
-0.7419886
-0.5888117
-0.2227952
0.1392729
0.2653091
0.0918312
-0.2419571
-0.5322445
-0.6755132
-0.7061962
-0.7026351
-0.6901059
-0.6434430
-0.5565042
-0.4722654
-0.4351582
-0.4359139
-0.4258873
-0.3805708
-0.3254191
-0.2911332
-0.2652721
-0.2136510
-0.1455903
-0.1272979
-0.2095384
-0.3535815
-0.4545160
-0.4445401
-0.3569296
-0.2766847
-0.2413254
-0.2119863
-0.1419228
-0.0476552
0.0093201
0.0033952
-0.0191547
0.0022968
0.0631306
0.0920058
0.0316762
-0.0925149
-0.1938687
-0.2074058
-0.1423286
-0.0559865
0.0085732
0.0499863
0.0832469
0.1070808
0.1080767
0.0906101
0.0859713
0.1212940
0.1825732
0.2182105
0.1844793
0.0861443
-0.0291779
-0.1133325
-0.1502052
-0.1493724
-0.1186068
-0.0535167
0.0445510
0.1493410
0.2180229
0.2215106
0.1653433
0.0819269
0.0053172
-0.0486370
-0.0861286
-0.1253595
-0.1775733
-0.2284837
-0.2381571
-0.1710267
-0.0374901
0.0958024
0.1500495
0.1006717
0.0021695
-0.0575427
-0.0321116
0.0495231
0.1169011
0.1190021
0.0561979
-0.0310481
-0.0901339
-0.0778810
0.0220714
0.1817409
0.3279129
0.3778963
0.2987186
0.1416886
0.0142959
0.0051932
0.1229860
0.2983348
0.4416809
0.5029750
0.4876967
0.4301343
0.3599236
0.2917164
0.2365622
0.2125781
0.2388566
0.3184208
0.4292860
0.5347411
0.6045429
0.6289363
0.6163447
0.5810214
0.5322092
0.4702109
0.3884346
0.2798741
0.1467618
0.0084725
-0.1011921
-0.1522784
-0.1435707
-0.1121457
-0.1111697
-0.1672829
-0.2546499
-0.3141788
-0.3041436
-0.2350721
-0.1565543
-0.1133761
-0.1179736
-0.1615543
-0.2367838
-0.3324047
-0.4042559
-0.3740168
-0.1882233
0.1066951
0.3617466
0.4257103
0.2682899
0.0068225
-0.1947449
-0.2588246
-0.2342217
-0.2182131
-0.2543854
-0.3107344
-0.3424343
-0.3516700
-0.3744301
-0.4205324
-0.4487650
-0.4110887
-0.3127810
-0.2152013
-0.1744942
-0.1821931
-0.1720392
-0.0879943
0.0535444
0.1687488
0.1761604
0.0685714
-0.0778815
-0.1658558
-0.1549169
-0.0864755
-0.0357175
-0.0393872
-0.0707370
-0.0830796
-0.0688241
-0.0632873
-0.0874900
-0.1008014
-0.0298352
0.1473939
0.3541569
0.4658997
0.4179603
0.2655131
0.1354273
0.1150499
0.1824204
0.2398221
0.2137450
0.1253965
0.0683360
0.1173020
0.2531687
0.3723005
0.3728365
0.2422845
0.0695004
-0.0284671
0.0008432
0.1113767
0.2043849
0.2071940
0.1215838
0.0139385
-0.0368231
0.0037819
0.1004739
0.1740652
0.1647351
0.0843476
0.0086082
0.0091466
0.0864191
0.1705086
0.1907919
0.1425217
0.0820458
0.0623589
0.0841781
0.1105148
0.1137963
0.0950921
0.0646394
0.0254990
-0.0138568
-0.0258216
0.0162666
0.1021541
0.1852498
0.2299481
0.2482203
0.2734188
0.3033648
0.2961183
0.2370669
0.1893417
0.2419869
0.4004107
0.5570715
0.5974761
0.5251423
0.4512657
0.4557322
0.4905448
0.4496609
0.3198652
0.2196604
0.2704719
0.4564597
0.6436324
0.7262454
0.7135220
0.6638447
0.5832033
0.4409098
0.2714147
0.1906372
0.2677055
0.4116784
0.4459019
0.3068531
0.1250085
0.0758985
0.1791102
0.2955402
0.3214186
0.3209221
0.4172096
0.5824951
0.6135946
0.3505130
-0.1197831
-0.5276606
-0.6846720
-0.6446056
-0.5961825
-0.6405671
-0.7117105
-0.6907712
-0.5384004
-0.2969291
-0.0163180
0.2592873
0.4387892
0.3914184
0.0665306
-0.4037914
-0.7728856
-0.8781123
-0.7615089
-0.5862015
-0.4580690
-0.3584853
-0.2397275
-0.1338883
-0.1275823
-0.2413103
-0.3790018
-0.4232171
-0.3652005
-0.3122019
-0.3622779
-0.4932814
-0.5898127
-0.5674172
-0.4497294
-0.3238693
-0.2424885
-0.1868771
-0.1173575
-0.0339821
0.0281327
0.0532872
0.0704664
0.1112927
0.1544699
0.1358673
0.0250971
-0.1191237
-0.1888303
-0.1285220
0.0109299
0.1275066
0.1715661
0.1810680
0.2110419
0.2461444
0.2086544
0.0596187
-0.1288239
-0.2268109
-0.1745114
-0.0398237
0.0594959
0.0775476
0.0687961
0.1034877
0.1819503
0.2479075
0.2699134
0.2786815
0.3147217
0.3624187
0.3629732
0.2906222
0.1903163
0.1257400
0.1045301
0.0749670
-0.0067741
-0.1265999
-0.2352608
-0.3017440
-0.3253964
-0.3037959
-0.2178367
-0.0661455
0.0982473
0.1915117
0.1699598
0.0681306
-0.0414871
-0.1172739
-0.1651227
-0.1955435
-0.1908547
-0.1298078
-0.0306277
0.0554393
0.0995528
0.1273482
0.1794706
0.2452205
0.2559168
0.1563360
-0.0260068
-0.1984841
-0.2910496
-0.3129544
-0.3175058
-0.3280753
-0.3201256
-0.2715945
-0.2005346
-0.1311354
-0.0371119
0.1438290
0.4194054
0.6852843
0.7941796
0.6982792
0.5073148
0.3841429
0.3850383
0.4216803
0.3827391
0.2678026
0.1793139
0.1943126
0.2775103
0.3336847
0.3202133
0.2741300
0.2291344
0.1463211
-0.0341975
-0.2775705
-0.4331673
-0.3662132
-0.1091276
0.1446467
0.2122618
0.0787147
-0.1233480
-0.2729577
-0.3714317
-0.4882698
-0.6271971
-0.6884592
-0.5803368
-0.3445286
-0.1344881
-0.0588276
-0.0684269
-0.0223735
0.1386489
0.3081089
0.3131700
0.0880079
-0.2606601
-0.5488630
-0.6582900
-0.5923376
-0.4295750
-0.2585257
-0.1527782
-0.1624077
-0.2844444
-0.4405968
-0.5197139
-0.4716939
-0.3586009
-0.2986132
-0.3555588
-0.4873087
-0.5967553
-0.6187525
-0.5544862
-0.4403678
-0.3075140
-0.1747418
-0.0604336
0.0197425
0.0666264
0.0944623
0.1087270
0.0976982
0.0537558
-0.0070148
-0.0604212
-0.1047050
-0.1569109
-0.2137514
-0.2354600
-0.1890715
-0.1020161
-0.0461011
-0.0536672
-0.0671961
-0.0026861
0.1319300
0.2133537
0.1325038
-0.0558796
-0.1528437
-0.0159942
0.2687198
0.4493233
0.3581760
0.0863681
-0.1101262
-0.0749607
0.0965639
0.1757729
0.0518102
-0.1588979
-0.2527298
-0.1606296
-0.0077753
0.0380064
-0.0528067
-0.1559696
-0.1424361
-0.0182985
0.0897931
0.0754981
-0.0343637
-0.1080587
-0.0412489
0.1444077
0.3293404
0.4096163
0.3746159
0.2798317
0.1648532
0.0196386
-0.1655727
-0.3391374
-0.4078094
-0.3304343
-0.1744677
-0.0522649
0.0010525
0.0597825
0.1987897
0.3701684
0.4255574
0.2751946
0.0025373
-0.2061231
-0.2447757
-0.1792950
-0.1502977
-0.2079570
-0.2696940
-0.2361799
-0.1136997
0.0030600
0.0534365
0.0799194
0.1636852
0.3142158
0.4480760
0.4765475
0.3976657
0.2955715
0.2591566
0.3096800
0.4008253
0.4734099
0.5026701
0.5013274
0.4917600
0.4806029
0.4541670
0.3933195
0.2961215
0.1891326
0.1101490
0.0706307
0.0366444
-0.0415307
-0.1732430
-0.3045085
-0.3598704
-0.3121014
-0.2095237
-0.1320690
-0.1214960
-0.1583123
-0.2046907
-0.2558187
-0.3327729
-0.4247049
-0.4583140
-0.3485549
-0.0900204
0.2062013
0.3771443
0.3230883
0.0754755
-0.2347118
-0.4725843
-0.5764965
-0.5653755
-0.4936515
-0.4065983
-0.3270489
-0.2651587
-0.2294325
-0.2283417
-0.2640472
-0.3256717
-0.3917286
-0.4440847
-0.4801593
-0.5064615
-0.5175688
-0.4876863
-0.3939398
-0.2532937
-0.1287426
-0.0819050
-0.1077223
-0.1223162
-0.0337163
0.1653150
0.3805508
0.4988459
0.4826017
0.3773533
0.2404490
0.0919349
-0.0501912
-0.1107443
0.0179428
0.3587967
0.7662383
0.9994737
0.9140537
0.5865667
0.2386050
0.0349203
-0.0372013
-0.0974056
-0.2111768
-0.3211838
-0.3297703
-0.2200644
-0.0768676
0.0039840
0.0062667
-0.0124498
-0.0001328
0.0371697
0.0616269
0.0596202
0.0527567
0.0593610
0.0653017
0.0412821
-0.0204913
-0.0959128
-0.1506997
-0.1640434
-0.1337151
-0.0719966
-0.0060951
0.0261036
0.0016441
-0.0552539
-0.0793343
-0.0247008
0.0761082
0.1293676
0.0700985
-0.0690524
-0.1873064
-0.2110800
-0.1528356
-0.0810269
-0.0480691
-0.0544102
-0.0698125
-0.0700854
-0.0487900
-0.0088879
0.0397127
0.0763601
0.0815148
0.0619051
0.0519891
0.0749058
0.1062581
0.0954262
0.0302405
-0.0323525
-0.0152998
0.0972400
0.2347359
0.3008629
0.2593451
0.1608393
0.0900970
0.0932152
0.1573905
0.2504173
0.3619047
0.4979142
0.6464000
0.7665436
0.8199978
0.8064488
0.7592541
0.7047401
0.6343016
0.5273988
0.4017457
0.3233119
0.3461410
0.4403833
0.4973259
0.4198119
0.2055742
-0.0621796
-0.2939003
-0.4462566
-0.5029375
-0.4407508
-0.2543088
-0.0185590
0.1125420
0.0195261
-0.2536162
-0.5092810
-0.5688948
-0.4435125
-0.3176029
-0.3535973
-0.5182466
-0.6090688
-0.4509068
-0.0673099
0.3298291
0.5077944
0.3789806
0.0357126
-0.3390983
-0.5842750
-0.6200219
-0.4582482
-0.1926483
0.0354211
0.1080157
0.0035051
-0.1963740
-0.3828768
-0.5090859
-0.6012653
-0.6877565
-0.7378993
-0.6937122
-0.5586740
-0.4218153
-0.3645859
-0.3538443
-0.2646518
-0.0277036
0.2652952
0.4288340
0.3561275
0.1113256
-0.1459510
-0.3052143
-0.3653081
-0.3757900
-0.3583678
-0.3014359
-0.2075872
-0.1111504
-0.0433306
-0.0053313
0.0088287
-0.0163283
-0.0938933
-0.1853147
-0.2087964
-0.1208935
0.0193033
0.0919747
0.0354269
-0.0803682
-0.1068233
0.0528573
0.3622980
0.6885507
0.9024834
0.9399856
0.7918963
0.4787306
0.0594511
-0.3528437
-0.6244282
-0.6796337
-0.5535696
-0.3613426
-0.2072032
-0.1176190
-0.0576108
-0.0014517
0.0299706
0.0097834
-0.0337240
-0.0270610
0.0635751
0.1737750
0.1936884
0.0881311
-0.0491200
-0.0780964
0.0472889
0.2329577
0.3452802
0.3448325
0.2990743
0.2666468
0.2080518
0.0455864
-0.2001429
-0.3800951
-0.3531260
-0.1419427
0.0736377
0.1291767
0.0328677
-0.0559023
0.0024712
0.1888980
0.3527236
0.3583187
0.1969891
-0.0240867
-0.1717451
-0.1656942
-0.0078026
0.2273004
0.4274706
0.4958121
0.3988291
0.1843390
-0.0366426
-0.1344999
-0.0227025
0.2820925
0.6433763
0.8702803
0.8462659
0.6284341
0.4171861
0.3940925
0.5588981
0.7225053
0.6736463
0.3630239
-0.0662127
-0.4101001
-0.5541985
-0.5165449
-0.3881406
-0.2568015
-0.1713134
-0.1404490
-0.1436655
-0.1500361
-0.1478655
-0.1636394
-0.2368999
-0.3587244
-0.4416332
-0.3783017
-0.1478820
0.1440083
0.3449593
0.3756789
0.2692533
0.1063557
-0.0661109
-0.2472872
-0.4331119
-0.5810541
-0.6376692
-0.5961993
-0.5110774
-0.4463578
-0.4168558
-0.3900879
-0.3402331
-0.2834863
-0.2549952
-0.2616377
-0.2672777
-0.2252650
-0.1258327
-0.0140523
0.0428113
0.0151636
-0.0583931
-0.1053038
-0.0866986
-0.0289590
0.0108433
0.0045664
-0.0259751
-0.0451997
-0.0534029
-0.0892294
-0.1756305
-0.2719557
-0.2994813
-0.2224282
-0.0912641
0.0054911
0.0252689
-0.0017656
-0.0199332
-0.0038777
0.0341351
0.0755076
0.1178542
0.1651212
0.2071780
0.2238489
0.2125518
0.1987793
0.2057067
0.2197054
0.2039465
0.1483417
0.0884632
0.0638080
0.0672509
0.0508544
-0.0162066
-0.1040305
-0.1448597
-0.1034670
-0.0203532
0.0260925
0.0037721
-0.0383826
-0.0292056
0.0409965
0.1105576
0.1165938
0.0592582
-0.0063203
-0.0288021
-0.0036215
0.0356403
0.0588471
0.0693951
0.0958283
0.1580599
0.2419967
0.2997997
0.2717671
0.1259842
-0.0961252
-0.2730747
-0.2766255
-0.0841995
0.1821936
0.3477938
0.3271290
0.1807592
0.0425314
-0.0007637
0.0349137
0.0755995
0.0733094
0.0414286
0.0185836
0.0196028
0.0328567
0.0506109
0.0808451
0.1320022
0.2048129
0.3010161
0.4222918
0.5518050
0.6481182
0.6703037
0.6119252
0.5094443
0.4152533
0.3565817
0.3177735
0.2673398
0.2022618
0.1543232
0.1482291
0.1672170
0.1708836
0.1365850
0.0714613
-0.0049885
-0.0701189
-0.0911690
-0.0308734
0.1197853
0.3073282
0.4224638
0.3651479
0.1280072
-0.1833174
-0.4309771
-0.5553496
-0.6010021
-0.6403216
-0.6930426
-0.7264697
-0.7128095
-0.6644475
-0.6109549
-0.5482053
-0.4184370
-0.1586257
0.2123689
0.5589481
0.7062658
0.5732569
0.2373610
-0.1250831
-0.3630369
-0.4400172
-0.4321555
-0.4457556
-0.5213149
-0.6044345
-0.6045577
-0.4797181
-0.2743264
-0.0944324
-0.0430715
-0.1428365
-0.2966086
-0.3474573
-0.2159030
0.0149870
0.1657842
0.1178179
-0.0909888
-0.3076276
-0.3878821
-0.2957993
-0.1103880
0.0504982
0.1147915
0.0824948
-0.0001094
-0.0722258
-0.0876774
-0.0524666
-0.0318908
-0.0828918
-0.1707699
-0.1871630
-0.0698190
0.1167310
0.2381300
0.2179092
0.1000204
-0.0061082
-0.0346428
-0.0172623
-0.0252093
-0.0662581
-0.0714970
0.0007684
0.0861696
0.0815529
-0.0249154
-0.1334543
-0.1420165
-0.0455378
0.0748814
0.1382098
0.1349283
0.1223414
0.1476087
0.1838523
0.1704376
0.1127717
0.0901475
0.1418417
0.1953634
0.1514636
0.0119125
-0.1175661
-0.1384016
-0.0513632
0.0459188
0.0453908
-0.0604378
-0.1525845
-0.1093090
0.0471015
0.1801128
0.2123250
0.1980166
0.2137879
0.2572371
0.2808036
0.2555723
0.1774801
0.0777386
0.0362842
0.0992884
0.1778093
0.1401044
0.0202519
-0.0059071
0.1008073
0.1454940
-0.0262779
