-0.0223605
-0.0727188
-0.0617348
-0.0495388
-0.0616853
-0.0768630
-0.0825763
-0.0895774
-0.0980519
-0.0941511
-0.0793229
-0.0683925
-0.0606470
-0.0434517
-0.0216351
-0.0140647
-0.0220098
-0.0267417
-0.0185977
-0.0063963
0.0016805
0.0072094
0.0119172
0.0151118
0.0196450
0.0277099
0.0342410
0.0357111
0.0393235
0.0516501
0.0651020
0.0682430
0.0632205
0.0605444
0.0618890
0.0598924
0.0513542
0.0409182
0.0343676
0.0347600
0.0413843
0.0481745
0.0486810
0.0458241
0.0492323
0.0597074
0.0655638
0.0591620
0.0480296
0.0435390
0.0460358
0.0472498
0.0416887
0.0304518
0.0178832
0.0079819
0.0014418
-0.0042069
-0.0085407
-0.0053654
0.0076894
0.0198367
0.0168388
-0.0002187
-0.0148367
-0.0151716
-0.0067561
-0.0033640
-0.0112484
-0.0245609
-0.0323222
-0.0283761
-0.0163205
-0.0042864
0.0052209
0.0161602
0.0284719
0.0339986
0.0282338
0.0201885
0.0228693
0.0366731
0.0489958
0.0493994
0.0402959
0.0331461
0.0374043
0.0527972
0.0709771
0.0855857
0.0996441
0.1191245
0.1398764
0.1472929
0.1313760
0.0976517
0.0611194
0.0334856
0.0178767
0.0111739
0.0080309
0.0047138
0.0009695
-0.0024735
-0.0067712
-0.0124266
-0.0156095
-0.0115509
-0.0012506
0.0092215
0.0158185
0.0191197
0.0202508
0.0182614
0.0122143
0.0032482
-0.0058498
-0.0120398
-0.0142603
-0.0152696
-0.0186197
-0.0222242
-0.0187188
-0.0054673
0.0090694
0.0133289
0.0055519
-0.0047569
-0.0073804
-0.0009105
0.0074011
0.0093489
0.0037534
-0.0026739
-0.0032154
0.0010921
0.0041013
0.0037457
0.0040979
0.0079259
0.0121065
0.0125388
0.0098608
0.0075309
0.0064322
0.0038087
-0.0031454
-0.0136603
-0.0232610
-0.0280304
-0.0295490
-0.0333165
-0.0403185
-0.0430552
-0.0340075
-0.0166911
-0.0039012
-0.0046202
-0.0155437
-0.0255881
-0.0262434
-0.0175257
-0.0062780
0.0004176
0.0009340
-0.0012797
-0.0027225
-0.0024834
-0.0002731
0.0046529
0.0112363
0.0163003
0.0183527
0.0191556
0.0197493
0.0177969
0.0116710
0.0053992
0.0065886
0.0194341
0.0408176
0.0628652
0.0790477
0.0886583
0.0954696
0.1015515
0.1037105
0.0977052
0.0844587
0.0691701
0.0548409
0.0395720
0.0201745
-0.0040744
-0.0311780
-0.0576529
-0.0805934
-0.1015315
-0.1286515
-0.1726660
-0.2393703
-0.3269402
-0.4294344
-0.5396987
-0.6470003
-0.7335239
-0.7781507
-0.7705068
-0.7256400
-0.6814201
-0.6723172
-0.7003351
-0.7340908
-0.7394326
-0.7088472
-0.6589810
-0.6042860
-0.5405871
-0.4554794
-0.3483884
-0.2336231
-0.1225457
-0.0074997
0.1303262
0.2952187
0.4633410
0.5994038
0.6862179
0.7347749
0.7669325
0.7936357
0.8112043
0.8136511
0.8037639
0.7921876
0.7875082
0.7874074
0.7790176
0.7483752
0.6908347
0.6145380
0.5363399
0.4741231
0.4386186
0.4282305
0.4315689
0.4369322
0.4395579
0.4393841
0.4337998
0.4152410
0.3762262
0.3161894
0.2442285
0.1756988
0.1241533
0.0939216
0.0794206
0.0712404
0.0624645
0.0504436
0.0354861
0.0191293
0.0022636
-0.0158459
-0.0355321
-0.0536327
-0.0645138
-0.0653994
-0.0596440
-0.0539175
-0.0527031
-0.0554393
-0.0577521
-0.0551272
-0.0463324
-0.0337731
-0.0206700
-0.0088989
0.0000380
0.0040734
0.0028508
-0.0001441
-0.0003695
0.0027047
0.0051293
0.0034184
-0.0012352
-0.0039499
-0.0007247
0.0079267
0.0176416
0.0249093
0.0309104
0.0393936
0.0508032
0.0608205
0.0659435
0.0684862
0.0736783
0.0820993
0.0865400
0.0770491
0.0497236
0.0117800
-0.0218865
-0.0388114
-0.0373439
-0.0259454
-0.0154342
-0.0125920
-0.0190835
-0.0325425
-0.0473308
-0.0568046
-0.0578246
-0.0537931
-0.0524964
-0.0595798
-0.0724555
-0.0804068
-0.0730517
-0.0507999
-0.0256332
-0.0089911
0.0005130
0.0143146
0.0380955
0.0614782
0.0665905
0.0477863
0.0214004
0.0131070
0.0333854
0.0660357
0.0833173
0.0729305
0.0481439
0.0310499
0.0288589
0.0286075
0.0125653
-0.0249652
-0.0758347
-0.1288939
-0.1793271
-0.2273072
-0.2705722
-0.3024606
-0.3189017
-0.3244384
-0.3270011
-0.3262631
-0.3109042
-0.2704906
-0.2097086
-0.1489791
-0.1095796
-0.0967491
-0.0961579
-0.0871622
-0.0609964
-0.0272545
-0.0035573
0.0000548
-0.0128986
-0.0315310
-0.0468072
-0.0556434
-0.0595303
-0.0614887
-0.0645552
-0.0727041
-0.0921147
-0.1293853
-0.1868552
-0.2598458
-0.3391061
-0.4157197
-0.4840143
-0.5419370
-0.5906285
-0.6331605
-0.6718201
-0.7057208
-0.7314131
-0.7465772
-0.7537086
-0.7595373
-0.7682418
-0.7731476
-0.7570478
-0.7056302
-0.6233562
-0.5345511
-0.4660782
-0.4276821
-0.4086071
-0.3918894
-0.3705263
-0.3498276
-0.3358614
-0.3247323
-0.3060028
-0.2764075
-0.2463994
-0.2298437
-0.2282336
-0.2284095
-0.2167079
-0.1931406
-0.1699522
-0.1570012
-0.1501321
-0.1343679
-0.0977493
-0.0410967
0.0252646
0.0915545
0.1528443
0.2052374
0.2432759
0.2645194
0.2747597
0.2851034
0.3032222
0.3288755
0.3579314
0.3886750
0.4224938
0.4587013
0.4906641
0.5092763
0.5110762
0.5017203
0.4900274
0.4788911
0.4628718
0.4338211
0.3874721
0.3257424
0.2557574
0.1876788
0.1311165
0.0908998
0.0656104
0.0507001
0.0433123
0.0440390
0.0536781
0.0678454
0.0753785
0.0643357
0.0319271
-0.0109443
-0.0459107
-0.0592789
-0.0501742
-0.0292516
-0.0100263
0.0007751
0.0068584
0.0167269
0.0334016
0.0495880
0.0537082
0.0411802
0.0202280
0.0071766
0.0153796
0.0463415
0.0893759
0.1295614
0.1573259
0.1723023
0.1800305
0.1860249
0.1920311
0.1961308
0.1959004
0.1919021
0.1875740
0.1846903
0.1797629
0.1672529
0.1471156
0.1274873
0.1181945
0.1216019
0.1305787
0.1355789
0.1333176
0.1282668
0.1261735
0.1275747
0.1287960
0.1281444
0.1282991
0.1317154
0.1360988
0.1367112
0.1320710
0.1248526
0.1170625
0.1066649
0.0905412
0.0700193
0.0517283
0.0420309
0.0410347
0.0431544
0.0435703
0.0423695
0.0410202
0.0365345
0.0225322
-0.0030137
-0.0334372
-0.0586654
-0.0741284
-0.0833635
-0.0927181
-0.1051069
-0.1187972
-0.1302968
-0.1367895
-0.1363329
-0.1281493
-0.1145182
-0.1011086
-0.0924003
-0.0861643
-0.0754778
-0.0584373
-0.0435577
-0.0415440
-0.0514593
-0.0584831
-0.0475271
-0.0177246
0.0182278
0.0478375
0.0690643
0.0862689
0.0991954
0.1003448
0.0843216
0.0563140
0.0275576
0.0030889
-0.0222541
-0.0546416
-0.0913758
-0.1228620
-0.1426929
-0.1524385
-0.1562981
-0.1541512
-0.1422919
-0.1200271
-0.0923946
-0.0643871
-0.0339242
0.0057340
0.0544461
0.0978878
0.1156182
0.0987178
0.0593659
0.0221911
0.0052756
0.0079078
0.0148627
0.0118282
-0.0026093
-0.0186282
-0.0267814
-0.0262573
-0.0217762
-0.0150332
-0.0022043
0.0198709
0.0473856
0.0713644
0.0856372
0.0918914
0.0963510
0.1024111
0.1081504
0.1112784
0.1141480
0.1211315
0.1313876
0.1374143
0.1327197
0.1195178
0.1066779
0.1002222
0.0975653
0.0917549
0.0802628
0.0681733
0.0623679
0.0635460
0.0652845
0.0610010
0.0503156
0.0375623
0.0254495
0.0124905
-0.0032357
-0.0200951
-0.0343965
-0.0452743
-0.0563579
-0.0715611
-0.0894956
-0.1032719
-0.1068237
-0.1008489
-0.0907421
-0.0782215
-0.0572230
-0.0208099
0.0274231
0.0705266
0.0886465
0.0738813
0.0364670
-0.0026714
-0.0262494
-0.0300944
-0.0213755
-0.0094830
0.0012117
0.0115157
0.0229217
0.0339760
0.0405667
0.0394715
0.0320077
0.0239862
0.0209478
0.0228552
0.0240656
0.0190987
0.0082061
-0.0029537
-0.0088054
-0.0088547
-0.0076444
-0.0101064
-0.0168844
-0.0239990
-0.0266997
-0.0231556
-0.0147088
-0.0040182
0.0060209
0.0126490
0.0146896
0.0142268
0.0154298
0.0202040
0.0250230
0.0234634
0.0133740
0.0016147
-0.0001860
0.0132690
0.0341371
0.0478712
0.0478087
0.0423321
0.0461410
0.0648770
0.0896182
0.1062053
0.1082358
0.1001754
0.0893853
0.0778124
0.0626578
0.0434751
0.0255152
0.0148087
0.0116024
0.0105048
0.0062840
-0.0026691
-0.0164289
-0.0360004
-0.0613374
-0.0877327
-0.1066635
-0.1115976
-0.1026856
-0.0852299
-0.0640695
-0.0406783
-0.0159382
0.0062915
0.0210038
0.0275360
0.0305054
0.0333452
0.0325737
0.0215773
0.0004184
-0.0208784
-0.0310301
-0.0287541
-0.0233275
-0.0236179
-0.0285310
-0.0300705
-0.0246165
-0.0177099
-0.0161380
-0.0180483
-0.0146952
-0.0017797
0.0147439
0.0259954
0.0306302
0.0349573
0.0438190
0.0552305
0.0653867
0.0759555
0.0928626
0.1180665
0.1458744
0.1691724
0.1868254
0.2014706
0.2110264
0.2078135
0.1893905
0.1669082
0.1566324
0.1616196
0.1657488
0.1495387
0.1109543
0.0675400
0.0376427
0.0224021
0.0083744
-0.0140056
-0.0387974
-0.0527986
-0.0521671
-0.0467752
-0.0481849
-0.0573140
-0.0664296
-0.0708245
-0.0741351
-0.0809065
-0.0865976
-0.0781883
-0.0458617
0.0063561
0.0619047
0.1032585
0.1223049
0.1211366
0.1059191
0.0822660
0.0557008
0.0333247
0.0222419
0.0256150
0.0407118
0.0613317
0.0826190
0.1038895
0.1267802
0.1506325
0.1702486
0.1789358
0.1738690
0.1580816
0.1371551
0.1143648
0.0893079
0.0611096
0.0324874
0.0098155
-0.0017376
-0.0032693
-0.0015216
-0.0024608
-0.0055965
-0.0050550
0.0038125
0.0189406
0.0319874
0.0336382
0.0191495
-0.0094821
-0.0449259
-0.0773494
-0.0970884
-0.0974925
-0.0782419
-0.0471605
-0.0179019
-0.0039071
-0.0122706
-0.0408362
-0.0793954
-0.1144614
-0.1361826
-0.1438438
-0.1454166
-0.1503553
-0.1612508
-0.1720854
-0.1750676
-0.1692582
-0.1616886
-0.1593557
-0.1610318
-0.1587585
-0.1475656
-0.1315452
-0.1187717
-0.1119129
-0.1069344
-0.1012404
-0.0994493
-0.1075083
-0.1213962
-0.1254876
-0.1057902
-0.0654898
-0.0255680
-0.0082362
-0.0191599
-0.0452935
-0.0681828
-0.0779049
-0.0758852
-0.0686566
-0.0616371
-0.0571831
-0.0547270
-0.0510157
-0.0417575
-0.0254291
-0.0061694
0.0081758
0.0121394
0.0070157
-0.0011415
-0.0075390
-0.0116896
-0.0145676
-0.0148077
-0.0099054
-0.0009617
0.0060996
0.0057134
-0.0014496
-0.0091979
-0.0127741
-0.0141187
-0.0191442
-0.0299792
-0.0414727
-0.0467472
-0.0456707
-0.0457920
-0.0537603
-0.0669457
-0.0754019
-0.0724475
-0.0620559
-0.0547081
-0.0561129
-0.0609275
-0.0582220
-0.0430194
-0.0220075
-0.0079279
-0.0088755
-0.0228425
-0.0407979
-0.0530382
-0.0531552
-0.0394088
-0.0156240
0.0091466
0.0246426
0.0260068
0.0175216
0.0092524
0.0089136
0.0161535
0.0241380
0.0261735
0.0209127
0.0124767
0.0071943
0.0101986
0.0230434
0.0425968
0.0624286
0.0768028
0.0840670
0.0860010
0.0843709
0.0794084
0.0718961
0.0649992
0.0619252
0.0614191
0.0570948
0.0428128
0.0188494
-0.0081902
-0.0319171
-0.0517856
-0.0715613
-0.0930327
-0.1126961
-0.1249049
-0.1273284
-0.1229078
-0.1171824
-0.1140003
-0.1126682
-0.1079851
-0.0934909
-0.0667014
-0.0329408
-0.0041669
0.0075380
-0.0022605
-0.0269474
-0.0525788
-0.0662935
-0.0635796
-0.0495247
-0.0335373
-0.0215414
-0.0115646
0.0034004
0.0271527
0.0542939
0.0733791
0.0771760
0.0695054
0.0608851
0.0575602
0.0561661
0.0496187
0.0366844
0.0238555
0.0179123
0.0187040
0.0207555
0.0208183
0.0210480
0.0236850
0.0249991
0.0179193
0.0012901
-0.0160473
-0.0227508
-0.0161367
-0.0040299
0.0049116
0.0111592
0.0232086
0.0470049
0.0782095
0.1060408
0.1241851
0.1367543
0.1535475
0.1806754
0.2160095
0.2515482
0.2774840
0.2841858
0.2641672
0.2167312
0.1523103
0.0901037
0.0476612
0.0299702
0.0279510
0.0280499
0.0237727
0.0184159
0.0180073
0.0235306
0.0305793
0.0348328
0.0356294
0.0340447
0.0295491
0.0204573
0.0075091
-0.0045766
-0.0101345
-0.0068450
0.0033862
0.0169152
0.0301384
0.0388293
0.0382520
0.0266250
0.0082765
-0.0093725
-0.0237610
-0.0409686
-0.0692992
-0.1086525
-0.1478040
-0.1734348
-0.1813136
-0.1775594
-0.1695097
-0.1576005
-0.1376725
-0.1099366
-0.0827567
-0.0661657
-0.0627553
-0.0663624
-0.0691617
-0.0683423
-0.0655964
-0.0620407
-0.0557612
-0.0445059
-0.0292895
-0.0141094
-0.0023037
0.0058815
0.0119993
0.0168365
0.0202573
0.0232306
0.0284148
0.0376706
0.0495049
0.0602079
0.0680437
0.0758456
0.0886944
0.1084972
0.1305978
0.1457440
0.1458467
0.1288090
0.0990221
0.0640478
0.0304939
0.0015739
-0.0229072
-0.0445659
-0.0637007
-0.0778556
-0.0833172
-0.0788382
-0.0684716
-0.0604898
-0.0622772
-0.0746507
-0.0904454
-0.0996344
-0.0977627
-0.0905696
-0.0899735
-0.1042248
-0.1308875
-0.1590523
-0.1785860
-0.1877469
-0.1925543
-0.1995069
-0.2091194
-0.2157533
-0.2124734
-0.1957593
-0.1668611
-0.1304334
-0.0922890
-0.0572052
-0.0274360
-0.0027767
0.0180685
0.0364190
0.0535246
0.0699641
0.0836173
0.0887485
0.0796534
0.0573256
0.0319979
0.0166728
0.0165885
0.0257049
0.0346338
0.0412120
0.0512561
0.0688154
0.0886358
0.1012382
0.1049823
0.1098424
0.1270725
0.1560658
0.1833038
0.1942309
0.1847282
0.1611700
0.1322777
0.1037675
0.0798432
0.0651610
0.0615589
0.0637299
0.0619869
0.0514978
0.0374785
0.0292190
0.0293621
0.0312325
0.0274778
0.0194378
0.0157005
0.0214078
0.0310234
0.0331785
0.0221048
0.0028763
-0.0147043
-0.0258941
-0.0337472
-0.0432646
-0.0549807
-0.0651199
-0.0707235
-0.0727818
-0.0740242
-0.0750474
-0.0741228
-0.0708347
-0.0684432
-0.0711721
-0.0790861
-0.0869601
-0.0894861
-0.0875545
-0.0882278
-0.0975173
-0.1132411
-0.1257362
-0.1260696
-0.1134159
-0.0942891
-0.0752655
-0.0576101
-0.0391576
-0.0198038
-0.0030974
0.0077924
0.0138797
0.0187599
0.0241158
0.0287129
0.0318842
0.0356851
0.0418092
0.0477085
0.0487582
0.0449636
0.0427978
0.0478943
0.0574189
0.0635982
0.0656478
0.0738427
0.0969012
0.1258958
0.1362374
0.1100472
0.0559727
0.0039661
-0.0201986
-0.0140799
0.0061476
0.0246159
0.0370142
0.0465087
0.0554922
0.0642152
0.0733412
0.0822172
0.0847440
0.0724708
0.0456519
0.0190567
0.0119238
0.0303616
0.0616123
0.0870139
0.0989065
0.1030472
0.1065205
0.1080299
0.1021599
0.0899709
0.0804056
0.0798369
0.0832147
0.0787848
0.0614808
0.0392378
0.0248604
0.0230021
0.0269590
0.0279813
0.0254354
0.0259580
0.0331773
0.0407629
0.0377807
0.0210143
0.0003656
-0.0094566
-0.0025934
0.0135507
0.0276712
0.0369241
0.0483846
0.0686025
0.0942905
0.1156994
0.1287051
0.1405687
0.1614011
0.1905183
0.2135916
