0.0167365
-0.0050321
-0.0320102
0.0103029
0.0947213
0.1397216
0.1097643
0.0370577
-0.0270798
-0.0455955
-0.0020616
0.0831402
0.1492036
0.1465342
0.0979265
0.0800036
0.1341281
0.2156506
0.2436707
0.1912891
0.1159256
0.0988231
0.1555197
0.2122689
0.1831981
0.0705227
-0.0310531
-0.0390440
0.0269429
0.0782624
0.0656683
0.0277698
0.0318174
0.0913871
0.1569053
0.1769012
0.1514408
0.1200052
0.1062614
0.0911856
0.0483554
-0.0071953
-0.0262922
0.0162799
0.0895604
0.1430277
0.1640286
0.1859422
0.2447970
0.3405396
0.4413719
0.5154498
0.5512680
0.5504028
0.5114322
0.4326291
0.3313695
0.2461664
0.2032127
0.1819004
0.1287557
0.0148462
-0.1249758
-0.2168403
-0.2141130
-0.1411559
-0.0737411
-0.0736346
-0.1370783
-0.2065491
-0.2347581
-0.2343458
-0.2600330
-0.3439748
-0.4564980
-0.5344710
-0.5443557
-0.5094593
-0.4693892
-0.4160923
-0.2867141
-0.0400455
0.2567214
0.4378929
0.3622374
0.0389269
-0.3698069
-0.6753658
-0.7980539
-0.7896937
-0.7406098
-0.6790841
-0.5663475
-0.3798205
-0.1791355
-0.0705878
-0.1045742
-0.2220778
-0.3145760
-0.3352726
-0.3415727
-0.4216812
-0.5815206
-0.7128276
-0.6831853
-0.4631778
-0.1638944
0.0523817
0.0976352
0.0017811
-0.1465971
-0.2807958
-0.3792184
-0.4368830
-0.4448274
-0.4064244
-0.3580062
-0.3499330
-0.3960560
-0.4491089
-0.4405493
-0.3500812
-0.2291489
-0.1498444
-0.1345130
-0.1420481
-0.1210121
-0.0668163
-0.0214813
-0.0215517
-0.0554826
-0.0783638
-0.0660876
-0.0451920
-0.0619434
-0.1262689
-0.1974237
-0.2283275
-0.2147482
-0.1915070
-0.1837549
-0.1748241
-0.1304851
-0.0510360
0.0131087
0.0090438
-0.0528745
-0.0883101
-0.0059513
0.2045280
0.4455312
0.5731112
0.4971064
0.2411564
-0.0791275
-0.3365553
-0.4661298
-0.4794835
-0.4239818
-0.3383749
-0.2458735
-0.1705637
-0.1345818
-0.1291064
-0.1033614
-0.0079094
0.1395879
0.2442793
0.2131999
0.0558665
-0.1045562
-0.1390173
-0.0371913
0.0847672
0.1079945
0.0359926
-0.0146403
0.0519793
0.1992059
0.2924761
0.2473936
0.1334422
0.1167787
0.2935460
0.5844238
0.8014774
0.8192233
0.6759150
0.5125986
0.4318560
0.4305555
0.4594678
0.5140507
0.6370375
0.8337360
1.0152412
1.0540284
0.8987908
0.6206111
0.3425413
0.1379953
0.0055638
-0.0778483
-0.1130668
-0.0961384
-0.0535632
-0.0303571
-0.0409792
-0.0530893
-0.0335293
0.0005787
-0.0037651
-0.0679881
-0.1471047
-0.1772193
-0.1513421
-0.1309408
-0.1784370
-0.2904484
-0.4042331
-0.4569972
-0.4220620
-0.2916685
-0.0535856
0.2857628
0.6503557
0.8898236
0.8596811
0.5321961
0.0359349
-0.4216440
-0.6874708
-0.7424294
-0.6732298
-0.5804877
-0.5105075
-0.4564689
-0.4016459
-0.3471985
-0.3013112
-0.2586279
-0.2069616
-0.1546279
-0.1352528
-0.1707189
-0.2310759
-0.2453046
-0.1623407
-0.0020226
0.1558574
0.2307894
0.1915636
0.0620306
-0.1022674
-0.2370681
-0.2885387
-0.2397348
-0.1312108
-0.0419825
-0.0295022
-0.0832699
-0.1445564
-0.1704842
-0.1660831
-0.1507867
-0.1136748
-0.0250315
0.1100085
0.2344150
0.2924580
0.2898429
0.2813399
0.2985416
0.3109199
0.2722850
0.1919701
0.1349286
0.1473853
0.2034121
0.2404613
0.2352686
0.2223670
0.2384244
0.2727163
0.2872456
0.2698727
0.2417365
0.2111405
0.1472604
0.0228692
-0.1244469
-0.2019956
-0.1494344
-0.0074059
0.1175756
0.1571895
0.1381494
0.1332922
0.1722527
0.2162316
0.2165022
0.1785570
0.1570028
0.1933847
0.2705174
0.3291165
0.3209020
0.2415887
0.1211950
-0.0035953
-0.1039828
-0.1587261
-0.1561933
-0.1037611
-0.0307181
0.0259445
0.0440464
0.0281612
0.0014703
-0.0147313
-0.0163008
-0.0136904
-0.0157632
-0.0181562
-0.0091781
0.0151237
0.0474936
0.0840346
0.1378136
0.2287411
0.3538654
0.4705536
0.5189710
0.4704586
0.3567357
0.2496100
0.2093020
0.2482636
0.3359420
0.4278951
0.4895088
0.5059063
0.4871820
0.4687423
0.4932283
0.5738905
0.6689123
0.7002534
0.6118112
0.4170241
0.1890565
0.0019530
-0.1196815
-0.1981216
-0.2622423
-0.3193161
-0.3617387
-0.3855420
-0.3930056
-0.3853260
-0.3671963
-0.3588789
-0.3859263
-0.4396135
-0.4508836
-0.3268019
-0.0361042
0.3350706
0.6212141
0.6840496
0.4968105
0.1448129
-0.2363562
-0.5247289
-0.6490603
-0.6078897
-0.4712811
-0.3451675
-0.3014058
-0.3271270
-0.3486486
-0.3132730
-0.2437794
-0.2050097
-0.2216181
-0.2445308
-0.2066465
-0.1015211
0.0079868
0.0587381
0.0504526
0.0325293
0.0389508
0.0526359
0.0360555
-0.0174285
-0.0756386
-0.1073095
-0.1152511
-0.1220436
-0.1305571
-0.1135366
-0.0483296
0.0461667
0.1188256
0.1354808
0.1134754
0.1030552
0.1366406
0.2003690
0.2540423
0.2718340
0.2583897
0.2296007
0.1894990
0.1335250
0.0688971
0.0189502
0.0021073
0.0138470
0.0376882
0.0705337
0.1257837
0.2075898
0.2921081
0.3464506
0.3653796
0.3760140
0.3969257
0.3999575
0.3298750
0.1702293
-0.0193094
-0.1455405
-0.1650892
-0.1183092
-0.0769076
-0.0659572
-0.0477129
0.0196587
0.1216402
0.1966360
0.2023517
0.1608365
0.1311863
0.1435847
0.1696465
0.1576187
0.0882253
-0.0062622
-0.0667186
-0.0411137
0.0938982
0.3158188
0.5439751
0.6619591
0.5907263
0.3628909
0.1145963
-0.0221438
-0.0312443
-0.0105312
-0.0537943
-0.1466646
-0.1932023
-0.1371452
-0.0297815
0.0357452
0.0385966
0.0503529
0.1387544
0.2772786
0.3718524
0.3689693
0.3131295
0.2904934
0.3345759
0.4046059
0.4464401
0.4485606
0.4311757
0.4043325
0.3629406
0.3183452
0.3051078
0.3384211
0.3778756
0.3578076
0.2589600
0.1343819
0.0522266
0.0208566
-0.0138230
-0.0966110
-0.2057625
-0.2795212
-0.2907299
-0.2760443
-0.2866338
-0.3261670
-0.3537464
-0.3433396
-0.3204096
-0.3294663
-0.3763901
-0.4200198
-0.4219925
-0.3882282
-0.3469428
-0.2928597
-0.1776403
0.0257499
0.2536442
0.3686802
0.2671330
-0.0229945
-0.3541285
-0.5751617
-0.6418028
-0.6210345
-0.5993296
-0.5977288
-0.5776475
-0.5153146
-0.4489543
-0.4416842
-0.5060144
-0.5812917
-0.5918836
-0.5199379
-0.4137897
-0.3312467
-0.2877896
-0.2621141
-0.2372739
-0.2202683
-0.2222201
-0.2346035
-0.2351415
-0.2120377
-0.1738268
-0.1382653
-0.1211489
-0.1347644
-0.1822395
-0.2434045
-0.2758017
-0.2471635
-0.1703567
-0.0942534
-0.0527033
-0.0309564
0.0077839
0.0700039
0.1232310
0.1413556
0.1381197
0.1382259
0.1273237
0.0618874
-0.0591536
-0.1568451
-0.1383547
-0.0032728
0.1415985
0.1903861
0.1477349
0.1092192
0.1371824
0.1851496
0.1630649
0.0597381
-0.0323312
-0.0226666
0.0701888
0.1408507
0.1202080
0.0505222
0.0263667
0.0783816
0.1398180
0.1297912
0.0486222
-0.0259868
-0.0310695
0.0117723
0.0256647
-0.0328995
-0.1276976
-0.1847995
-0.1692792
-0.1121704
-0.0668283
-0.0515118
-0.0409138
-0.0066222
0.0472381
0.0934381
0.1184888
0.1373574
0.1666193
0.1910567
0.1705882
0.0862154
-0.0283147
-0.1118803
-0.1346970
-0.1231620
-0.1203913
-0.1293991
-0.1094202
-0.0322121
0.0712281
0.1363727
0.1386169
0.1262052
0.1671450
0.2680547
0.3616229
0.3813256
0.3379986
0.3088008
0.3510400
0.4393215
0.4944244
0.4667784
0.3815324
0.3034992
0.2696006
0.2615376
0.2361482
0.1696664
0.0709552
-0.0364605
-0.1341103
-0.2129938
-0.2703943
-0.3094132
-0.3380191
-0.3619461
-0.3780425
-0.3791241
-0.3670963
-0.3572132
-0.3648783
-0.3893103
-0.4153555
-0.4327162
-0.4463201
-0.4586507
-0.4432929
-0.3522299
-0.1687821
0.0416424
0.1484900
0.0476753
-0.2460707
-0.5939753
-0.8270540
-0.8599150
-0.7315695
-0.5530327
-0.4218384
-0.3748042
-0.3974583
-0.4580001
-0.5302404
-0.5963950
-0.6387923
-0.6317012
-0.5447551
-0.3661348
-0.1332833
0.0648977
0.1383526
0.0679921
-0.0713523
-0.1732241
-0.1949368
-0.1895807
-0.2390662
-0.3598129
-0.4843142
-0.5365573
-0.5128903
-0.4764434
-0.4762410
-0.4889845
-0.4507627
-0.3379947
-0.2011643
-0.1134681
-0.0955082
-0.1008939
-0.0740397
-0.0104053
0.0472748
0.0654962
0.0590098
0.0677085
0.1024055
0.1267448
0.0988987
0.0255635
-0.0356566
-0.0319677
0.0309633
0.0973243
0.1221724
0.1155380
0.1200374
0.1523883
0.1840210
0.1874077
0.1883978
0.2495209
0.3918359
0.5465147
0.6046072
0.5220937
0.3670301
0.2539530
0.2343607
0.2587264
0.2430200
0.1596786
0.0575831
0.0043972
0.0254788
0.0992406
0.1943657
0.2957163
0.3965494
0.4803971
0.5201938
0.4941016
0.4009309
0.2656306
0.1334603
0.0493717
0.0257884
0.0244024
-0.0170496
-0.1225407
-0.2411038
-0.2872285
-0.2283508
-0.1248881
-0.0693777
-0.0845986
-0.0939338
0.0002792
0.2164273
0.4790740
0.6953934
0.8271558
0.8831864
0.8642900
0.7475881
0.5346645
0.2950260
0.1354833
0.1171280
0.2073687
0.3146844
0.3631293
0.3327099
0.2453245
0.1347733
0.0343568
-0.0275029
-0.0439742
-0.0453373
-0.0798245
-0.1619076
-0.2415271
-0.2412748
-0.1365375
0.0045416
0.0732043
0.0195979
-0.1020725
-0.1929741
-0.2133283
-0.2197531
-0.2948380
-0.4456915
-0.5857919
-0.6241410
-0.5626665
-0.4876620
-0.4598910
-0.4304839
-0.2896900
-0.0048345
0.3080532
0.4714276
0.4091456
0.2124931
0.0398048
-0.0381159
-0.0809262
-0.1775597
-0.3308141
-0.4608655
-0.5094562
-0.5076359
-0.5244941
-0.5679395
-0.5682434
-0.4686389
-0.3097788
-0.1984273
-0.1916854
-0.2329263
-0.2158778
-0.1023457
0.0400862
0.1143321
0.0867803
-0.0046587
-0.1135318
-0.2237317
-0.3205708
-0.3545489
-0.2708307
-0.0821321
0.1100579
0.1899260
0.1280090
0.0049985
-0.0594619
0.0042175
0.1828067
0.4017819
0.5587472
0.5575801
0.3602741
0.0378178
-0.2440668
-0.3314362
-0.2044637
0.0045841
0.1277308
0.1059099
0.0266018
0.0297329
0.1820138
0.4298890
0.6481552
0.7218103
0.6029678
0.3302834
0.0156186
-0.2062283
-0.2540965
-0.1527258
-0.0072480
0.0873373
0.1176791
0.1348853
0.1746728
0.2104560
0.1939870
0.1320208
0.1013947
0.1751005
0.3374059
0.4837081
0.5097842
0.3996582
0.2273909
0.0827238
0.0038612
-0.0230257
-0.0191913
0.0137103
0.0780516
0.1563092
0.2188606
0.2545400
0.2795648
0.3074767
0.3181472
0.2727502
0.1653496
0.0482627
-0.0093918
0.0094496
0.0544593
0.0711152
0.0724530
0.1301737
0.2854386
0.4792124
0.5902278
0.5493411
0.4074582
0.2816095
0.2400504
0.2536521
0.2588597
0.2464235
0.2677116
0.3594849
0.4891593
0.5899314
0.6352998
0.6535359
0.6682302
0.6548857
0.5816318
0.4790592
0.4294365
0.4670156
0.5129970
0.4461168
0.2418371
0.0120706
-0.1121460
-0.1175383
-0.0985394
-0.1183440
-0.1249098
-0.0341145
0.1299314
0.2296624
0.1634929
-0.0164995
-0.1700308
-0.2317056
-0.2585491
-0.3042060
-0.2991383
-0.1168668
0.2406109
0.5792975
0.6781866
0.5077308
0.2531446
0.1214987
0.1559440
0.2474565
0.2871256
0.2586967
0.1896070
0.0743332
-0.1030696
-0.2845058
-0.3317628
-0.1415169
0.2388496
0.6282640
0.8467913
0.8314251
0.6376116
0.3626382
0.0853245
-0.1416199
-0.2832952
-0.3323362
-0.3202940
-0.2997561
-0.3050964
-0.3318716
-0.3547891
-0.3595773
-0.3517992
-0.3375315
-0.3053129
-0.2356280
-0.1291255
-0.0190076
0.0524192
0.0716047
0.0634267
0.0591766
0.0599355
0.0415574
-0.0038934
-0.0463473
-0.0507552
-0.0254870
-0.0168226
-0.0462553
-0.0704297
-0.0268137
0.0815895
0.1718931
0.1679133
0.0878099
0.0221662
0.0259979
0.0587829
0.0464184
-0.0180655
-0.0668669
-0.0498005
-0.0009202
0.0097379
-0.0279667
-0.0525986
-0.0201060
0.0294235
0.0223896
-0.0456706
-0.0971214
-0.0745037
-0.0258036
-0.0539540
-0.1859025
-0.3256699
-0.3550671
-0.2625718
-0.1485985
-0.1100693
-0.1472525
-0.1903394
-0.1879810
-0.1418924
-0.0696777
0.0212546
0.1035520
0.1072795
-0.0242690
-0.2478558
-0.4250537
-0.4454209
-0.3378818
-0.2344430
-0.2231814
-0.2649096
-0.2684923
-0.2192990
-0.1910665
-0.2277721
-0.2565530
-0.1573177
0.0871415
0.3459632
0.4617782
0.4007458
0.2646752
0.1684172
0.1354727
0.1189312
0.0918106
0.0815517
0.1172015
0.1744904
0.1950105
0.1505584
0.0686719
-0.0066248
-0.0621557
-0.1140861
-0.1711917
-0.2186539
-0.2424343
-0.2564321
-0.2914784
-0.3563370
-0.4185492
-0.4317319
-0.3830984
-0.3112044
-0.2739960
-0.2982728
-0.3606902
-0.4170686
-0.4444198
-0.4460613
-0.4156340
-0.3132300
-0.1031061
0.1727090
0.3748038
0.3543713
0.0855530
-0.2902612
-0.5679356
-0.6392243
-0.5568877
-0.4498807
-0.3924084
-0.3643742
-0.3221226
-0.2731280
-0.2626955
-0.3039135
-0.3523509
-0.3597627
-0.3322629
-0.3135990
-0.3171254
-0.3008783
-0.2228470
-0.1044598
-0.0162586
-0.0012151
-0.0334517
-0.0631436
-0.0847286
-0.1370517
-0.2375977
-0.3416182
-0.3825595
-0.3420005
-0.2616240
-0.1898718
-0.1380130
-0.0952341
-0.0645969
-0.0594096
-0.0696629
-0.0610087
-0.0210704
0.0117638
-0.0100105
-0.0761620
-0.1187094
-0.0893854
-0.0184123
0.0245026
0.0190067
0.0162414
0.0642272
0.1360423
0.1587502
0.1074257
0.0402701
0.0265021
0.0590978
0.0643327
-0.0054497
-0.1143365
-0.1886802
-0.2004657
-0.1818578
-0.1635452
-0.1297146
-0.0521427
0.0474001
0.0982258
0.0528140
-0.0575951
-0.1526915
-0.1820073
-0.1617995
-0.1374056
-0.1284908
-0.1229183
-0.1128217
-0.1146746
-0.1459002
-0.1935569
-0.2205633
-0.2041799
-0.1605285
-0.1279837
-0.1313047
-0.1656088
-0.2106626
-0.2526657
-0.2898004
-0.3217364
-0.3405210
-0.3354515
-0.3072384
-0.2743236
-0.2583100
-0.2568078
-0.2336051
-0.1489813
-0.0100134
0.1162630
0.1589911
0.1222052
0.0953320
0.1664230
0.3231134
0.4554786
0.4668356
0.3716072
0.2707843
0.2390032
0.2581546
0.2657107
0.2403054
0.2113846
0.1939257
0.1527786
0.0526923
-0.0787937
-0.1729994
-0.2053480
-0.2274866
-0.2963622
-0.3933158
-0.4459344
-0.4272210
-0.3970708
-0.4248522
-0.4944777
-0.5229588
-0.4735237
-0.4132001
-0.4315182
-0.5187314
-0.5606685
-0.4644822
-0.2681258
-0.1087910
-0.0944851
-0.2229559
-0.4142100
-0.5885520
-0.7012236
-0.7330877
-0.6904205
-0.6190789
-0.5841522
-0.6061673
-0.6264242
-0.5644911
-0.4183027
-0.2865306
-0.2728668
-0.3754754
-0.4898924
-0.5208891
-0.4706486
-0.4061008
-0.3597985
-0.2944723
-0.1708473
-0.0229664
0.0623009
0.0400641
-0.0403599
-0.0902379
-0.0773824
-0.0514788
-0.0758787
-0.1518562
-0.2207003
-0.2306329
-0.1847819
-0.1217025
-0.0653238
