-0.0694835
-0.0411482
-0.0178969
0.0195098
0.0906492
0.1830480
0.2569096
0.2853920
0.2809806
0.2741785
0.2723304
0.2533756
0.2033401
0.1457984
0.1187070
0.1244786
0.1207706
0.0713871
-0.0040392
-0.0486963
-0.0379253
-0.0125132
-0.0301269
-0.0935988
-0.1478654
-0.1511416
-0.1292769
-0.1426444
-0.2082551
-0.2776232
-0.2967352
-0.2675383
-0.2331849
-0.2149117
-0.1908391
-0.1422753
-0.0949239
-0.0902167
-0.1248216
-0.1469810
-0.1212518
-0.0747948
-0.0597811
-0.0822751
-0.0963625
-0.0717518
-0.0380618
-0.0395141
-0.0618846
-0.0397287
0.0554748
0.1631330
0.1957607
0.1429472
0.0824704
0.0802667
0.1063477
0.0756189
-0.0383685
-0.1633113
-0.2134119
-0.1908631
-0.1750106
-0.2152002
-0.2648866
-0.2404884
-0.1314798
-0.0258721
-0.0197146
-0.1167997
-0.2309366
-0.2803667
-0.2637069
-0.2400787
-0.2507028
-0.2777133
-0.2800339
-0.2524091
-0.2322679
-0.2475083
-0.2713093
-0.2430639
-0.1371036
-0.0020039
0.0787901
0.0676804
0.0082802
-0.0247001
-0.0065550
0.0158876
-0.0141875
-0.0910915
-0.1477363
-0.1279354
-0.0441397
0.0449737
0.1044683
0.1528796
0.2186881
0.2847595
0.2963602
0.2255052
0.1106502
0.0202494
-0.0167497
-0.0311078
-0.0653285
-0.1213483
-0.1659552
-0.1783311
-0.1738256
-0.1761042
-0.1803221
-0.1595682
-0.1065292
-0.0539995
-0.0443845
-0.0838246
-0.1363869
-0.1641732
-0.1645493
-0.1632018
-0.1774854
-0.1968395
-0.1998934
-0.1814035
-0.1548130
-0.1311291
-0.1035769
-0.0564090
0.0151213
0.0977661
0.1722979
0.2302708
0.2809997
0.3454415
0.4386705
0.5448272
0.6011759
0.5196572
0.2534049
-0.1369385
-0.4895180
-0.6419639
-0.5527106
-0.3315369
-0.1450196
-0.0841887
-0.1173176
-0.1587579
-0.1661353
-0.1633548
-0.1840336
-0.2190539
-0.2314040
-0.2084177
-0.1773352
-0.1651170
-0.1592333
-0.1233663
-0.0480666
0.0300650
0.0669543
0.0602992
0.0492399
0.0659918
0.0989338
0.1100408
0.0822230
0.0383507
0.0118897
0.0081014
0.0026734
-0.0232896
-0.0554438
-0.0579368
-0.0107853
0.0677909
0.1361228
0.1639322
0.1525547
0.1242217
0.0961874
0.0680163
0.0324497
-0.0068384
-0.0333953
-0.0338230
-0.0104017
0.0262896
0.0745824
0.1435239
0.2338588
0.3241690
0.3863350
0.4151590
0.4319194
0.4521107
0.4590973
0.4243214
0.3526163
0.2896300
0.2724062
0.2832665
0.2719761
0.2241971
0.1866648
0.2086680
0.2700515
0.2919949
0.2252525
0.1087893
0.0252657
0.0089630
0.0188667
0.0017324
-0.0436515
-0.0803106
-0.0935534
-0.1094197
-0.1503194
-0.1964567
-0.2081605
-0.1752675
-0.1251668
-0.0846222
-0.0541034
-0.0264160
-0.0109070
-0.0195672
-0.0378803
-0.0350553
-0.0093589
-0.0006948
-0.0387676
-0.0908743
-0.0888495
-0.0131545
0.0731206
0.0920742
0.0405911
-0.0112438
-0.0111072
0.0116270
-0.0100787
-0.0873698
-0.1538513
-0.1446428
-0.0772498
-0.0334958
-0.0637605
-0.1272252
-0.1367015
-0.0560754
0.0558213
0.0981633
0.0215592
-0.1277332
-0.2496245
-0.2758862
-0.2221097
-0.1616901
-0.1496061
-0.1709780
-0.1647481
-0.0954269
0.0058853
0.0767411
0.0942535
0.0990617
0.1436773
0.2259601
0.2865668
0.2724881
0.1905256
0.0910067
0.0098655
-0.0568299
-0.1230915
-0.1798450
-0.2072990
-0.2100228
-0.2157576
-0.2321558
-0.2238953
-0.1541257
-0.0445211
0.0305514
0.0229090
-0.0313671
-0.0541593
-0.0223556
0.0025277
-0.0459747
-0.1497434
-0.2228814
-0.2151226
-0.1687486
-0.1556737
-0.1780122
-0.1635428
-0.0632828
0.0755578
0.1567693
0.1436487
0.0938906
0.0833362
0.1199557
0.1507633
0.1375012
0.0961058
0.0588936
0.0262079
-0.0224448
-0.0812269
-0.1097268
-0.0797122
-0.0134923
0.0377711
0.0460021
0.0227393
-0.0112852
-0.0529991
-0.1056677
-0.1579033
-0.1945151
-0.2244582
-0.2738638
-0.3386160
-0.3602052
-0.2744196
-0.0891646
0.1031323
0.2046146
0.1992118
0.1517190
0.1253620
0.1176295
0.0851620
0.0167953
-0.0414514
-0.0396116
0.0151114
0.0680225
0.0847319
0.0909635
0.1342890
0.2153009
0.2731819
0.2452524
0.1339547
0.0079286
-0.0619500
-0.0631324
-0.0401638
-0.0417227
-0.0753461
-0.1117468
-0.1238463
-0.1136632
-0.1017894
-0.0982404
-0.0905779
-0.0611618
-0.0105463
0.0424838
0.0849997
0.1281386
0.1949726
0.2917077
0.3986415
0.4911843
0.5581710
0.5868415
0.5362085
0.3522325
0.0335725
-0.3196782
-0.5485970
-0.5528063
-0.3736909
-0.1555469
-0.0209079
0.0136691
0.0055888
-0.0046814
-0.0291600
-0.0826142
-0.1312714
-0.1201830
-0.0465262
0.0241216
0.0319692
-0.0009093
0.0060252
0.0894389
0.1869314
0.2043459
0.1289048
0.0486700
0.0510386
0.1233443
0.1758045
0.1532649
0.0945091
0.0723159
0.1017418
0.1360275
0.1444937
0.1576574
0.2162299
0.2977908
0.3289237
0.2744005
0.1863054
0.1441854
0.1605397
0.1726071
0.1285442
0.0547028
0.0207412
0.0549083
0.1198812
0.1702758
0.2059080
0.2523551
0.3069731
0.3327282
0.3085657
0.2623738
0.2367534
0.2332581
0.2133466
0.1571105
0.0992776
0.0898009
0.1286417
0.1626534
0.1525560
0.1245104
0.1376093
0.2050366
0.2668572
0.2512610
0.1550891
0.0514742
0.0167818
0.0590286
0.1226678
0.1545432
0.1515326
0.1429857
0.1427740
0.1351632
0.1068479
0.0767042
0.0808524
0.1299790
0.1913724
0.2182232
0.1931991
0.1389318
0.0885969
0.0540714
0.0256365
-0.0048252
-0.0311009
-0.0449711
-0.0534533
-0.0755799
-0.1200636
-0.1687928
-0.1865328
-0.1521303
-0.0841032
-0.0329080
-0.0392565
-0.0943369
-0.1448763
-0.1443570
-0.0988037
-0.0554649
-0.0459273
-0.0514018
-0.0339538
0.0055745
0.0216387
-0.0142845
-0.0621715
-0.0489604
0.0405375
0.1305255
0.1312097
0.0406269
-0.0521980
-0.0687454
-0.0252680
-0.0016516
-0.0399941
-0.0988870
-0.1115590
-0.0662455
-0.0095140
0.0200856
0.0346730
0.0646634
0.1045726
0.1149029
0.0759601
0.0181512
-0.0119355
-0.0036319
0.0128671
0.0074950
-0.0193583
-0.0483846
-0.0667665
-0.0707649
-0.0530322
-0.0071199
0.0501404
0.0761629
0.0395159
-0.0414524
-0.1108892
-0.1326883
-0.1262752
-0.1362749
-0.1738701
-0.2041834
-0.1946005
-0.1600808
-0.1457358
-0.1682009
-0.1909565
-0.1672114
-0.0995950
-0.0429699
-0.0437786
-0.0858768
-0.1062392
-0.0616606
0.0308988
0.1224024
0.1870835
0.2355050
0.2737017
0.2660756
0.1560537
-0.0714266
-0.3542001
-0.5871820
-0.6954714
-0.6751631
-0.5696977
-0.4205591
-0.2503136
-0.0841482
0.0366871
0.0808008
0.0625207
0.0360318
0.0451149
0.0838559
0.1142751
0.1183468
0.1193287
0.1463692
0.1898642
0.2080299
0.1776599
0.1219627
0.0783494
0.0506475
0.0111019
-0.0525689
-0.1131883
-0.1383243
-0.1343328
-0.1360790
-0.1542051
-0.1546096
-0.1043083
-0.0250412
0.0218607
0.0074857
-0.0278467
-0.0251670
0.0171726
0.0413742
0.0070594
-0.0513073
-0.0606061
0.0067214
0.1044832
0.1708088
0.1975928
0.2307283
0.3095058
0.4202676
0.5112069
0.5415066
0.5100369
0.4451642
0.3788266
0.3285527
0.2905784
0.2439200
0.1714138
0.0880701
0.0427949
0.0753555
0.1661772
0.2408328
0.2367677
0.1635086
0.0869263
0.0527795
0.0366116
-0.0214800
-0.1372020
-0.2514499
-0.2871705
-0.2302244
-0.1419184
-0.0899006
-0.0776551
-0.0513452
0.0282580
0.1328856
0.1911783
0.1617917
0.0765250
0.0098867
0.0088349
0.0547662
0.0922695
0.0882221
0.0573132
0.0333884
0.0272743
0.0207653
-0.0019892
-0.0291965
-0.0352245
-0.0163620
-0.0021868
-0.0238335
-0.0746479
-0.1135387
-0.1126380
-0.0940037
-0.1085938
-0.1797159
-0.2773364
-0.3516432
-0.3818094
-0.3808038
-0.3567301
-0.2881945
-0.1526941
0.0247580
0.1698207
0.2192723
0.1803333
0.1193906
0.0917627
0.0938970
0.0884631
0.0610830
0.0342364
0.0286724
0.0337927
0.0302596
0.0295121
0.0667315
0.1475494
0.2196529
0.2181790
0.1385799
0.0458833
0.0024831
0.0003126
-0.0196202
-0.0884858
-0.1740968
-0.2297079
-0.2553540
-0.2876426
-0.3350900
-0.3510677
-0.2858779
-0.1538124
-0.0297320
0.0223685
0.0044696
-0.0352902
-0.0625143
-0.0823997
-0.1137817
-0.1592778
-0.2077720
-0.2487117
-0.2676688
-0.2379404
-0.1412011
-0.0035017
0.1073849
0.1389637
0.1066827
0.0768817
0.0944678
0.1382798
0.1553354
0.1292375
0.0968795
0.0942221
0.1033903
0.0725449
-0.0135899
-0.1013872
-0.1176722
-0.0455832
0.0579493
0.1187483
0.1118518
0.0715060
0.0440925
0.0396229
0.0300212
-0.0118602
-0.0794890
-0.1404183
-0.1712495
-0.1786881
-0.1854481
-0.2001155
-0.2057810
-0.1801465
-0.1252258
-0.0724419
-0.0533857
-0.0662483
-0.0782026
-0.0650324
-0.0422179
-0.0476385
-0.0941693
-0.1494940
-0.1689460
-0.1426918
-0.1009810
-0.0724875
-0.0485288
0.0012008
0.0813938
0.1554073
0.1855859
0.1788651
0.1754171
0.1926223
0.1996180
0.1594167
0.0836207
0.0247370
0.0132682
0.0215939
0.0030521
-0.0442286
-0.0733981
-0.0524746
-0.0130587
-0.0172975
-0.0814952
-0.1538497
-0.1760004
-0.1500432
-0.1275631
-0.1407268
-0.1674082
-0.1699918
-0.1487270
-0.1380640
-0.1555066
-0.1729570
-0.1463600
-0.0648252
0.0381178
0.1167348
0.1459143
0.1247354
0.0660355
-0.0035558
-0.0426440
-0.0175429
0.0645250
0.1574783
0.2256796
0.2858893
0.3830051
0.5178206
0.6106354
0.5532652
0.3057909
-0.0576135
-0.3994377
-0.6153471
-0.6865777
-0.6545262
-0.5659575
-0.4511811
-0.3381007
-0.2578098
-0.2219207
-0.2045766
-0.1642273
-0.0883577
-0.0096914
0.0280941
0.0183115
-0.0020706
0.0037826
0.0286298
0.0303284
-0.0147529
-0.0780945
-0.1070514
-0.0814058
-0.0309462
0.0047465
0.0239428
0.0615469
0.1422787
0.2439833
0.3142530
0.3224996
0.2885890
0.2554411
0.2385066
0.2123754
0.1489878
0.0589710
-0.0141205
-0.0378492
-0.0200570
0.0084785
0.0332884
0.0688321
0.1295474
0.1963316
0.2248625
0.1926171
0.1286640
0.0845027
0.0764941
0.0701264
0.0266767
-0.0459148
-0.1014186
-0.1103844
-0.0899900
-0.0704008
-0.0438656
0.0303394
0.1629360
0.2950399
0.3461244
0.3033313
0.2409220
0.2360135
0.2786009
0.2875278
0.2136952
0.1026469
0.0409782
0.0558914
0.0910294
0.0825112
0.0361254
0.0111378
0.0368454
0.0712235
0.0534303
-0.0200462
-0.0936492
-0.1236025
-0.1272624
-0.1520367
-0.2118221
-0.2724650
-0.2944926
-0.2703311
-0.2139214
-0.1307356
-0.0171726
0.1108867
0.2075231
0.2309844
0.1871480
0.1264779
0.0931953
0.0862465
0.0761512
0.0493310
0.0208599
0.0064295
-0.0001153
-0.0124256
-0.0260722
-0.0226508
-0.0004241
0.0116006
-0.0186703
-0.0858958
-0.1454014
-0.1593859
-0.1394890
-0.1318674
-0.1599937
-0.1965152
-0.2009220
-0.1740477
-0.1562572
-0.1684260
-0.1716440
-0.1040665
0.0402476
0.1840163
0.2338351
0.1753438
0.0882335
0.0584050
0.0859552
0.0957784
0.0344461
-0.0662570
-0.1319440
-0.1334640
-0.1101107
-0.1083020
-0.1214051
-0.1065064
-0.0508451
0.0016850
-0.0006193
-0.0565730
-0.1184427
-0.1547943
-0.1838391
-0.2337313
-0.2895105
-0.3058469
-0.2718094
-0.2379142
-0.2617571
-0.3344947
-0.3785529
-0.3246634
-0.1851013
-0.0437322
0.0258007
0.0264874
0.0230145
0.0709964
0.1710987
0.2882373
0.3975953
0.4981978
0.5840195
0.6138895
0.5224699
0.2746155
-0.0791516
-0.4036949
-0.5574661
-0.4956471
-0.3067662
-0.1412037
-0.0910044
-0.1295699
-0.1631520
-0.1377232
-0.0913268
-0.0995235
-0.1768058
-0.2476760
-0.2234781
-0.0980253
0.0469818
0.1289347
0.1415687
0.1411255
0.1696031
0.2078210
0.2065300
0.1526566
0.0915399
0.0792032
0.1203180
0.1645572
0.1647866
0.1275920
0.0992448
0.1090198
0.1370308
0.1380537
0.0898408
0.0147516
-0.0439190
-0.0641083
-0.0618472
-0.0666121
-0.0856671
-0.1001843
-0.0950767
-0.0815711
-0.0830230
-0.1027591
-0.1140724
-0.0852248
-0.0135881
0.0673116
0.1187244
0.1363027
0.1536282
0.2008577
0.2648532
0.3005636
0.2819944
0.2315893
0.1943534
0.1904362
0.2021205
0.2065659
0.2111973
0.2455192
0.3153173
0.3762440
0.3687469
0.2812268
0.1648757
0.0785368
0.0306713
-0.0124858
-0.0721390
-0.1314720
-0.1666671
-0.1829622
-0.2033655
-0.2278258
-0.2238877
-0.1691714
-0.0927541
-0.0534953
-0.0715184
-0.0996471
-0.0807199
-0.0230166
0.0068805
-0.0306095
-0.0945648
-0.1114180
-0.0619916
0.0006297
0.0185090
-0.0051621
-0.0175307
0.0160052
0.0708044
0.0935434
0.0621723
0.0032778
-0.0455530
-0.0737541
-0.0946027
-0.1219696
-0.1630072
-0.2197701
-0.2770194
-0.2931333
-0.2281062
-0.0922067
0.0456203
0.1128941
0.0985011
0.0567510
0.0450618
0.0622694
0.0551413
-0.0139222
-0.1158485
-0.1808849
-0.1704290
-0.1101753
-0.0526359
-0.0220009
-0.0022385
0.0324867
0.0863710
0.1359858
0.1485012
0.1091138
0.0351498
-0.0392579
-0.0938954
-0.1339118
-0.1709023
-0.2011370
-0.2085049
-0.1856016
-0.1455786
-0.1098126
-0.0838332
-0.0507810
0.0030920
0.0587703
0.0763034
0.0442974
0.0022214
-0.0042585
0.0175094
0.0136640
-0.0483362
-0.1361702
-0.1869778
-0.1762885
-0.1403956
-0.1285267
-0.1419439
-0.1332629
-0.0700968
0.0146088
0.0535040
0.0220659
-0.0365139
-0.0680121
-0.0662309
-0.0609153
-0.0646563
-0.0572207
-0.0219039
0.0236222
0.0457646
0.0390643
0.0381243
0.0761060
0.1364945
0.1638386
0.1297847
0.0703829
0.0387572
0.0329651
-0.0007731
-0.0915487
-0.1970351
-0.2468290
-0.2173282
-0.1469586
-0.0802224
-0.0106450
0.1088446
0.2932178
0.4701912
0.5176237
0.3702770
0.0861862
-0.1974421
-0.3676842
-0.3986307
-0.3385901
-0.2583379
-0.2026824
-0.1689368
-0.1248565
-0.0508869
0.0377976
0.1112799
0.1554338
0.1760480
0.1819073
0.1719335
0.1358590
0.0680477
-0.0127322
-0.0648907
-0.0640199
-0.0392258
-0.0456882
-0.0943218
-0.1298829
-0.0918461
0.0151966
0.1218205
0.1580828
0.1152487
0.0506013
0.0298347
0.0590901
0.0821869
0.0527639
-0.0077881
-0.0422619
-0.0307512
-0.0046235
0.0039791
-0.0015401
0.0045265
0.0423440
0.1115669
0.1877497
0.2358755
0.2396156
0.2129329
0.1784100
0.1492979
0.1374267
0.1517632
0.1739817
0.1622091
0.1005364
0.0250720
-0.0150088
-0.0012077
0.0579736
0.1412252
0.2100589
0.2266408
0.1976250
0.1691178
0.1610537
0.1417077
0.0846454
0.0126540
-0.0360743
-0.0527489
-0.0543200
-0.0649215
-0.1006154
-0.1359730
-0.1062618
-0.0052907
0.0495626
-0.0456640
-0.1934520
-0.1854410
-0.0088920
0.0943371
-0.0454429
-0.2828092
-0.3601148
