0.0839439
0.0016651
-0.0123933
0.0518914
0.1221145
0.1211828
0.0457625
-0.0358623
-0.0571767
-0.0167606
0.0305282
0.0363126
0.0048563
-0.0220440
-0.0169046
0.0054849
0.0116526
-0.0089599
-0.0362027
-0.0520196
-0.0683523
-0.1113898
-0.1818471
-0.2450589
-0.2668389
-0.2492428
-0.2191043
-0.1868527
-0.1357472
-0.0590540
0.0098630
0.0271391
-0.0033664
-0.0260190
-0.0041103
0.0185446
-0.0463673
-0.2256135
-0.4315711
-0.5337627
-0.4819302
-0.3462612
-0.2361531
-0.1947578
-0.1822134
-0.1481456
-0.0960628
-0.0685417
-0.0848321
-0.1126781
-0.1047292
-0.0516205
0.0090359
0.0328787
0.0113486
-0.0253065
-0.0411834
-0.0275567
-0.0056388
-0.0009893
-0.0160132
-0.0265035
-0.0059120
0.0445436
0.0893014
0.0851326
0.0186329
-0.0819681
-0.1747296
-0.2445574
-0.3121106
-0.3973487
-0.4755180
-0.4794183
-0.3571750
-0.1312815
0.1062176
0.2648461
0.3222949
0.3162727
0.2731969
0.1596868
-0.0791818
-0.4312794
-0.7807273
-0.9766070
-0.9471093
-0.7476928
-0.5005866
-0.2943147
-0.1428800
-0.0273190
0.0482496
0.0565604
-0.0049987
-0.0876380
-0.1270178
-0.1050707
-0.0669064
-0.0711636
-0.1270320
-0.1861897
-0.1969431
-0.1596471
-0.1226897
-0.1259117
-0.1571671
-0.1712849
-0.1475817
-0.1167356
-0.1241228
-0.1731848
-0.2180625
-0.2169427
-0.1838646
-0.1761752
-0.2298172
-0.3160123
-0.3675529
-0.3426507
-0.2555964
-0.1484057
-0.0458665
0.0542729
0.1559880
0.2456665
0.3025562
0.3194947
0.3053501
0.2712123
0.2240227
0.1745669
0.1407437
0.1332781
0.1412559
0.1423682
0.1310679
0.1286030
0.1566279
0.2036616
0.2290200
0.2063121
0.1573352
0.1325978
0.1549701
0.1881984
0.1680110
0.0664412
-0.0756096
-0.1795876
-0.1929316
-0.1257740
-0.0316611
0.0436350
0.0959050
0.1505358
0.2209505
0.2821111
0.2900446
0.2311580
0.1480105
0.1050446
0.1216850
0.1450227
0.1007649
-0.0250016
-0.1627264
-0.2252977
-0.1936785
-0.1291078
-0.1019203
-0.1207439
-0.1397626
-0.1262877
-0.1029655
-0.1169668
-0.1792517
-0.2482909
-0.2733202
-0.2423323
-0.1826353
-0.1232840
-0.0684803
-0.0075742
0.0599524
0.1182539
0.1522643
0.1645504
0.1721363
0.1883080
0.2093546
0.2186449
0.2026508
0.1634372
0.1166818
0.0780127
0.0515387
0.0323134
0.0192340
0.0215870
0.0482617
0.0904709
0.1209152
0.1158787
0.0778411
0.0311655
-0.0069998
-0.0475609
-0.1159445
-0.2178111
-0.3235377
-0.3905855
-0.3991409
-0.3617642
-0.3000946
-0.2208864
-0.1209271
-0.0101971
0.0820009
0.1297011
0.1335966
0.1150217
0.0896897
0.0566485
0.0147111
-0.0216224
-0.0340152
-0.0247001
-0.0152578
-0.0158013
-0.0070964
0.0330945
0.0900263
0.1164766
0.0857355
0.0274261
-0.0059038
-0.0046139
-0.0153790
-0.0807859
-0.1805333
-0.2505948
-0.2567192
-0.2289388
-0.2168551
-0.2290984
-0.2350650
-0.2166715
-0.1906070
-0.1707489
-0.1332552
-0.0468240
0.0669024
0.1333721
0.1020492
0.0078623
-0.0655984
-0.0793011
-0.0711618
-0.0886715
-0.1141231
-0.0845205
0.0179918
0.1251114
0.1492941
0.0786610
-0.0155378
-0.0630041
-0.0620692
-0.0523006
-0.0396172
0.0212507
0.1631311
0.3460794
0.4803902
0.5065162
0.4362461
0.3126714
0.1494132
-0.0689424
-0.3273884
-0.5457304
-0.6279229
-0.5525938
-0.4046656
-0.3061078
-0.3121547
-0.3754407
-0.4065136
-0.3606273
-0.2642165
-0.1688540
-0.0960713
-0.0325802
0.0322486
0.0821833
0.0941677
0.0734912
0.0549242
0.0639442
0.0842507
0.0737278
0.0139689
-0.0638947
-0.1099011
-0.1097576
-0.0995040
-0.1197766
-0.1603784
-0.1622857
-0.0811910
0.0569302
0.1741392
0.2162939
0.2024692
0.1930120
0.2148798
0.2315969
0.1912403
0.0938940
-0.0011223
-0.0355396
-0.0095509
0.0264734
0.0304054
0.0082741
-0.0026571
0.0223230
0.0768295
0.1406789
0.2000085
0.2453194
0.2619537
0.2391849
0.1923898
0.1643221
0.1905241
0.2610837
0.3249846
0.3392895
0.3117520
0.2888478
0.3026070
0.3373089
0.3525442
0.3315266
0.2957646
0.2722816
0.2589319
0.2320953
0.1835476
0.1358970
0.1163642
0.1244591
0.1356576
0.1338330
0.1285922
0.1381746
0.1661329
0.2025866
0.2392448
0.2683292
0.2691771
0.2171941
0.1202808
0.0340401
0.0165960
0.0630451
0.1043456
0.0877490
0.0470078
0.0665845
0.1702441
0.2700084
0.2517342
0.1069444
-0.0471466
-0.0912013
-0.0302799
0.0228810
-0.0164882
-0.1127008
-0.1623152
-0.1178152
-0.0332606
0.0100265
-0.0045543
-0.0274167
-0.0171676
0.0113274
0.0182860
-0.0035704
-0.0226451
-0.0133912
0.0130505
0.0299475
0.0322555
0.0379485
0.0562343
0.0710987
0.0645907
0.0477753
0.0553076
0.1062768
0.1776818
0.2231557
0.2170374
0.1761337
0.1383099
0.1238226
0.1195559
0.0977689
0.0457170
-0.0232190
-0.0829873
-0.1152827
-0.1178354
-0.0985173
-0.0672848
-0.0346058
-0.0121506
-0.0083239
-0.0218659
-0.0437566
-0.0675214
-0.0940039
-0.1216510
-0.1340839
-0.1042404
-0.0151922
0.1236051
0.2797100
0.4109469
0.4718866
0.4187210
0.2323448
-0.0453730
-0.3052104
-0.4278913
-0.3725666
-0.2133467
-0.0784239
-0.0442082
-0.0857816
-0.1248009
-0.1140445
-0.0695980
-0.0320104
-0.0164070
-0.0089508
0.0003876
0.0006088
-0.0207050
-0.0535512
-0.0740893
-0.0749645
-0.0749794
-0.0929509
-0.1195329
-0.1253740
-0.0974591
-0.0580219
-0.0401398
-0.0470234
-0.0439686
0.0036116
0.0858246
0.1485941
0.1445930
0.0853184
0.0378921
0.0631618
0.1536547
0.2361302
0.2417885
0.1761415
0.1151856
0.1278542
0.2048617
0.2719803
0.2752281
0.2426629
0.2503943
0.3298600
0.4240591
0.4457049
0.3714009
0.2638270
0.1991215
0.1866837
0.1725367
0.1145623
0.0355312
-0.0055283
0.0185726
0.0788868
0.1302884
0.1578517
0.1760504
0.1961702
0.2127569
0.2208747
0.2276225
0.2349285
0.2220038
0.1642964
0.0731184
0.0003929
-0.0100766
0.0291160
0.0644254
0.0670595
0.0671714
0.1092777
0.1829909
0.2208686
0.1733557
0.0698948
-0.0123748
-0.0362305
-0.0409330
-0.0849397
-0.1695686
-0.2383542
-0.2468148
-0.2102946
-0.1741817
-0.1551158
-0.1318816
-0.0871908
-0.0322769
0.0179652
0.0704866
0.1308459
0.1647971
0.1164654
-0.0208242
-0.1724189
-0.2456210
-0.2212980
-0.1610235
-0.1208067
-0.0836063
0.0021002
0.1322476
0.2305130
0.2327949
0.1640988
0.1060455
0.0958184
0.0867908
0.0196841
-0.0904115
-0.1639559
-0.1499985
-0.0842016
-0.0420939
-0.0499255
-0.0629679
-0.0318665
0.0299571
0.0600916
0.0218608
-0.0512863
-0.0921199
-0.0717724
-0.0267783
-0.0167213
-0.0634740
-0.1343976
-0.1787905
-0.1745887
-0.1408456
-0.1112035
-0.0999162
-0.0934593
-0.0718723
-0.0346920
-0.0039840
-0.0021142
-0.0282567
-0.0581401
-0.0660775
-0.0444408
-0.0000610
0.0645146
0.1574498
0.2789102
0.3978201
0.4556888
0.4018799
0.2310145
-0.0079433
-0.2336011
-0.3672888
-0.3667649
-0.2501483
-0.0954093
-0.0005467
-0.0181576
-0.1147164
-0.1987654
-0.2010317
-0.1322615
-0.0616401
-0.0413363
-0.0600325
-0.0716017
-0.0566019
-0.0405251
-0.0524052
-0.0824415
-0.0937041
-0.0700898
-0.0367486
-0.0270804
-0.0398316
-0.0410620
-0.0068417
0.0488669
0.0952636
0.1247648
0.1596452
0.2191563
0.2922326
0.3497942
0.3764473
0.3792451
0.3672668
0.3355017
0.2757541
0.1964341
0.1220568
0.0744224
0.0621576
0.0879202
0.1523110
0.2399631
0.3096838
0.3184773
0.2651374
0.1997468
0.1756443
0.1935573
0.2069523
0.1863801
0.1636405
0.1965591
0.2936151
0.3916128
0.4181609
0.3677617
0.3027023
0.2794226
0.2883196
0.2752914
0.2136739
0.1379742
0.1021908
0.1175572
0.1444151
0.1426157
0.1159352
0.0999111
0.1142206
0.1398362
0.1453900
0.1260895
0.1065399
0.1065282
0.1150411
0.1055977
0.0719060
0.0364337
0.0204392
0.0159583
-0.0010324
-0.0321796
-0.0460323
-0.0151636
0.0430266
0.0779955
0.0640988
0.0361930
0.0536354
0.1296588
0.2110650
0.2367714
0.2064708
0.1748452
0.1776952
0.1825955
0.1281072
0.0055462
-0.1171755
-0.1610090
-0.1147560
-0.0375599
0.0118945
0.0318797
0.0578710
0.1025648
0.1368091
0.1320098
0.1024372
0.0897494
0.1118652
0.1444244
0.1561189
0.1470009
0.1395700
0.1409591
0.1336735
0.1082206
0.0868149
0.0962823
0.1226895
0.1160839
0.0519621
-0.0270476
-0.0526174
-0.0138435
0.0212374
-0.0207679
-0.1348245
-0.2431262
-0.2802756
-0.2537102
-0.2130774
-0.1780913
-0.1191808
-0.0090620
0.1283084
0.2353490
0.2788728
0.2736361
0.2482899
0.2067647
0.1368662
0.0479114
-0.0201644
-0.0321718
0.0077685
0.0661567
0.1200761
0.1760982
0.2463102
0.3146643
0.3396059
0.2953473
0.2059978
0.1302309
0.1072161
0.1190866
0.1109533
0.0497162
-0.0388778
-0.0940336
-0.0802684
-0.0210447
0.0294882
0.0445241
0.0473235
0.0744060
0.1246687
0.1557035
0.1305000
0.0573086
-0.0228273
-0.0805107
-0.1193267
-0.1556231
-0.1924464
-0.2233118
-0.2527266
-0.2944364
-0.3434371
-0.3643141
-0.3249885
-0.2409428
-0.1683761
-0.1437154
-0.1418952
-0.1119438
-0.0513419
-0.0230770
-0.0836827
-0.2033398
-0.2779419
-0.2283385
-0.0782293
0.0747782
0.1581379
0.1813507
0.1970438
0.2267874
0.2430569
0.2172967
0.1622702
0.1157731
0.0949860
0.0828459
0.0565230
0.0136901
-0.0334266
-0.0752517
-0.1023217
-0.0917019
-0.0146590
0.1330627
0.3157765
0.4788967
0.5767432
0.5692274
0.4053268
0.0487191
-0.4522007
-0.9331577
-1.1946076
-1.1451801
-0.8691037
-0.5453628
-0.3023078
-0.1525259
-0.0497831
0.0261876
0.0589073
0.0472794
0.0300641
0.0426875
0.0682046
0.0563769
-0.0077350
-0.0747743
-0.0832622
-0.0309200
0.0220277
0.0212950
-0.0227229
-0.0524320
-0.0329197
0.0069694
0.0075276
-0.0527649
-0.1281974
-0.1484966
-0.0876931
0.0134285
0.0927422
0.1286405
0.1518802
0.1988426
0.2631255
0.3024187
0.2920581
0.2600124
0.2578845
0.2995328
0.3419198
0.3349329
0.2820647
0.2375332
0.2417289
0.2726694
0.2721190
0.2149571
0.1396358
0.1054201
0.1282694
0.1693793
0.1856327
0.1789132
0.1866946
0.2298089
0.2835601
0.3055885
0.2828906
0.2406937
0.2072744
0.1817987
0.1425547
0.0798918
0.0110547
-0.0377819
-0.0546654
-0.0405568
0.0081902
0.1005100
0.2259715
0.3386590
0.3823848
0.3393055
0.2479364
0.1662536
0.1178471
0.0780118
0.0110139
-0.0846303
-0.1695579
-0.1983307
-0.1583222
-0.0776117
-0.0007026
0.0419114
0.0468353
0.0304819
0.0123573
0.0006371
-0.0117157
-0.0371833
-0.0781880
-0.1224554
-0.1563764
-0.1812816
-0.2108703
-0.2496554
-0.2774706
-0.2617327
-0.1887099
-0.0812910
0.0180654
0.0832304
0.1201814
0.1452792
0.1544837
0.1256100
0.0541611
-0.0242687
-0.0609137
-0.0441216
-0.0120140
-0.0072839
-0.0247921
-0.0164849
0.0470969
0.1299550
0.1590586
0.1025202
0.0092506
-0.0390459
-0.0130666
0.0354915
0.0319343
-0.0418272
-0.1301561
-0.1623734
-0.1227996
-0.0617581
-0.0410630
-0.0732154
-0.1163970
-0.1259066
-0.1017093
-0.0786693
-0.0746632
-0.0628194
-0.0053206
0.0904604
0.1647541
0.1628490
0.0927283
0.0128930
-0.0364170
-0.0730089
-0.1326799
-0.2031059
-0.2238007
-0.1588528
-0.0490188
0.0288152
0.0477348
0.0556777
0.1106380
0.2094907
0.2940467
0.3134259
0.2551972
0.1144247
-0.1340414
-0.4970355
-0.8985983
-1.1901544
-1.2564610
-1.1121260
-0.8796465
-0.6743161
-0.5258507
-0.4100931
-0.3253417
-0.3056309
-0.3611242
-0.4364968
-0.4526564
-0.3860105
-0.2889317
-0.2272117
-0.2107198
-0.1965869
-0.1516562
-0.0932714
-0.0647599
-0.0852825
-0.1347104
-0.1798265
-0.2014338
-0.1964797
-0.1677196
-0.1199900
-0.0610602
0.0033279
0.0762903
0.1651588
0.2656470
0.3540049
0.4019848
0.4022323
0.3751576
0.3476759
0.3283579
0.3077294
0.2798627
0.2554694
0.2507247
0.2679097
0.2918360
0.3053134
0.3065812
0.3111539
0.3355000
0.3772435
0.4125122
0.4163377
0.3867226
0.3455446
0.3131083
0.2836287
0.2307040
0.1402263
0.0353764
-0.0386781
-0.0603505
-0.0576014
-0.0784806
-0.1337432
-0.1789161
-0.1624330
-0.0872483
-0.0140916
-0.0022808
-0.0558671
-0.1321928
-0.1940632
-0.2398764
-0.2816553
-0.3101199
-0.2997203
-0.2472070
-0.1853130
-0.1445980
-0.1132077
-0.0554265
0.0304375
0.0965430
0.1025119
0.0725757
0.0705570
0.1161170
0.1501320
0.1031876
-0.0102700
-0.0921297
-0.0664206
0.0306250
0.0870996
0.0399243
-0.0583022
-0.1058083
-0.0676371
-0.0063506
-0.0040112
-0.0762128
-0.1697588
-0.2275422
-0.2390124
-0.2326581
-0.2380787
-0.2632518
-0.2966081
-0.3145841
-0.2870869
-0.1938490
-0.0509039
0.0849004
0.1561784
0.1571265
0.1360828
0.1386234
0.1555493
0.1384169
0.0645190
-0.0263388
-0.0671308
-0.0310825
0.0438019
0.0976065
0.1072357
0.0959000
0.0915191
0.0928585
0.0833038
0.0628651
0.0478857
0.0422728
0.0293995
0.0010405
-0.0206081
-0.0068158
0.0353642
0.0632429
0.0509038
0.0305732
0.0619269
0.1542410
0.2351046
0.2162215
0.0896387
-0.0595731
-0.1445203
-0.1662097
-0.1975120
-0.2847405
-0.3851889
-0.4107772
-0.3245231
-0.1825175
-0.0793226
-0.0585790
-0.0827439
-0.0873025
-0.0529118
-0.0161927
-0.0174342
-0.0548160
-0.0959858
-0.1224334
-0.1479681
-0.1928050
-0.2501356
-0.2878507
-0.2838147
-0.2509161
-0.2177529
-0.1868376
-0.1275048
-0.0208338
0.0983181
0.1624253
0.1381438
0.0615154
0.0011206
-0.0078211
0.0113199
0.0108614
-0.0297404
-0.0873026
-0.1234383
-0.1217644
-0.0941859
-0.0585856
-0.0231673
0.0064750
0.0199775
0.0137872
0.0039938
0.0145882
0.0504895
0.0894426
0.1065569
0.1077392
0.1344984
0.2245769
0.3575019
0.4439666
0.3876834
0.1707670
-0.1227770
-0.3704651
-0.4971130
-0.5060784
-0.4460556
-0.3616276
-0.2724710
-0.1862589
-0.1175792
-0.0840128
-0.0826758
-0.0820991
-0.0492761
0.0166910
0.0850654
0.1248088
0.1287069
0.1108028
0.0891965
0.0691670
0.0357032
-0.0331813
-0.1358619
-0.2322266
-0.2704561
-0.2323985
-0.1500576
-0.0782308
-0.0496409
-0.0481649
-0.0236942
0.0552907
0.1583386
0.2146000
0.1872467
0.1160533
0.0753250
0.0976459
0.1491505
0.1732989
0.1495356
0.1117302
0.1125291
0.1670319
0.2370586
0.2806622
0.3053382
0.3481374
0.4103761
0.4482630
0.4360473
0.4041790
0.3962549
0.4120365
0.4111472
0.3568224
0.2457595
0.1125346
0.0101711
-0.0344411
-0.0471479
-0.0634581
-0.0655716
-0.0055068
0.1075257
