-0.0447356
-0.0778264
-0.1706619
-0.2595085
-0.2735506
-0.2151619
-0.1630005
-0.1919986
-0.2985344
-0.4095852
-0.4583234
-0.4401752
-0.3958960
-0.3545144
-0.3069984
-0.2346512
-0.1477408
-0.0815123
-0.0539047
-0.0397095
0.0022662
0.0776151
0.1420816
0.1456583
0.0877413
0.0212411
0.0008502
0.0329242
0.0789585
0.1008793
0.0925679
0.0676995
0.0307568
-0.0270075
-0.1052672
-0.1816928
-0.2292206
-0.2420653
-0.2386622
-0.2421307
-0.2651962
-0.3113642
-0.3758531
-0.4353189
-0.4461749
-0.3727253
-0.2232394
-0.0444344
0.1323649
0.3288980
0.5785424
0.8386825
0.9684230
0.8296532
0.4258095
-0.0708307
-0.4446376
-0.5923968
-0.5590446
-0.4429735
-0.2976879
-0.1314230
0.0325801
0.1403490
0.1605729
0.1253967
0.0932019
0.0791302
0.0462748
-0.0328085
-0.1311925
-0.2007908
-0.2339871
-0.2638227
-0.3016208
-0.3048062
-0.2316889
-0.1170266
-0.0599895
-0.1209321
-0.2451629
-0.3108030
-0.2531764
-0.1268008
-0.0391761
-0.0371365
-0.0716779
-0.0668582
-0.0016186
0.0854209
0.1563563
0.2160930
0.2892201
0.3714530
0.4231090
0.4140352
0.3632816
0.3230203
0.3234504
0.3412786
0.3263686
0.2553636
0.1543042
0.0711986
0.0344222
0.0406769
0.0742737
0.1234866
0.1731049
0.1930917
0.1535138
0.0581277
-0.0470720
-0.1136647
-0.1419979
-0.1823699
-0.2763929
-0.4013281
-0.4838654
-0.4725391
-0.3883368
-0.2964512
-0.2339683
-0.1792448
-0.0965229
0.0031361
0.0632371
0.0467029
-0.0143580
-0.0466678
-0.0121969
0.0534789
0.0825202
0.0464794
-0.0211472
-0.0691768
-0.0808715
-0.0726173
-0.0477349
0.0298360
0.2012953
0.4517926
0.6919169
0.8076658
0.7334082
0.4843874
0.1338306
-0.2287955
-0.5238106
-0.6944817
-0.7239154
-0.6466041
-0.5281940
-0.4169378
-0.3135235
-0.1960150
-0.0719259
0.0098375
0.0087001
-0.0549789
-0.1133808
-0.1199659
-0.0926189
-0.0816696
-0.1063956
-0.1380685
-0.1418025
-0.1147153
-0.0730846
-0.0189283
0.0560996
0.1335825
0.1621362
0.1106342
0.0196434
-0.0261137
0.0125759
0.0815555
0.0909569
0.0160672
-0.0753934
-0.0987903
-0.0390970
0.0492547
0.1166402
0.1690909
0.2392304
0.3262706
0.3878923
0.3928760
0.3629892
0.3482387
0.3661557
0.3808320
0.3469324
0.2647566
0.1816559
0.1408892
0.1391010
0.1392915
0.1193888
0.0969114
0.1015013
0.1305577
0.1441906
0.1090698
0.0405488
-0.0090961
-0.0065207
0.0259680
0.0356552
-0.0029380
-0.0652810
-0.1122253
-0.1348447
-0.1511813
-0.1644380
-0.1474708
-0.0843157
-0.0156999
-0.0160589
-0.1120142
-0.2366136
-0.2848439
-0.2183889
-0.1039836
-0.0423454
-0.0683472
-0.1300807
-0.1574247
-0.1318225
-0.0834462
-0.0389494
0.0044019
0.0522172
0.0834433
0.0668259
0.0035641
-0.0634426
-0.0911077
-0.0800191
-0.0692791
-0.0914535
-0.1415004
-0.1899218
-0.2150814
-0.2138225
-0.1869318
-0.1312717
-0.0556388
0.0049381
0.0098383
-0.0414604
-0.0891157
-0.0501834
0.1148505
0.3659610
0.6052477
0.7304261
0.6803756
0.4593360
0.1434887
-0.1397669
-0.2744186
-0.2354477
-0.1149019
-0.0488241
-0.0976234
-0.1979995
-0.2420148
-0.2003378
-0.1523628
-0.1904664
-0.3114789
-0.4205539
-0.4365152
-0.3706516
-0.2931609
-0.2428331
-0.1967684
-0.1280187
-0.0625461
-0.0538742
-0.1092548
-0.1690645
-0.1720016
-0.1253366
-0.0915934
-0.1097693
-0.1507525
-0.1595857
-0.1259029
-0.0911601
-0.0851505
-0.0756878
0.0000291
0.1555081
0.3225224
0.4100615
0.3932794
0.3356388
0.3213488
0.3719877
0.4331911
0.4375649
0.3718113
0.2814913
0.2198249
0.2020753
0.2089177
0.2210250
0.2367453
0.2559089
0.2606970
0.2269859
0.1553258
0.0796829
0.0367510
0.0282302
0.0193025
-0.0252805
-0.1082279
-0.2026007
-0.2790454
-0.3222780
-0.3249869
-0.2812075
-0.1976274
-0.1065189
-0.0512339
-0.0492867
-0.0750760
-0.0884860
-0.0800340
-0.0792216
-0.1153432
-0.1777892
-0.2229044
-0.2169863
-0.1628692
-0.0824971
0.0143611
0.1298691
0.2476746
0.3201252
0.3032971
0.2068489
0.0981267
0.0472230
0.0668731
0.1075039
0.1076216
0.0453465
-0.0536419
-0.1449612
-0.1950040
-0.1921674
-0.1486767
-0.1003155
-0.0923862
-0.1455707
-0.2290552
-0.2803570
-0.2668592
-0.2266948
-0.2350950
-0.3227797
-0.4343120
-0.4763120
-0.4057946
-0.2643647
-0.1276115
-0.0339647
0.0288129
0.0790875
0.1071977
0.0960759
0.0613781
0.0477832
0.0782500
0.1202113
0.1165325
0.0493769
-0.0357471
-0.0701622
-0.0167871
0.1186009
0.3162771
0.5590384
0.8085383
0.9791655
0.9662799
0.7264097
0.3352644
-0.0457508
-0.2777583
-0.3341348
-0.2954212
-0.2647498
-0.2880877
-0.3437299
-0.3887205
-0.4016162
-0.3843086
-0.3414045
-0.2753961
-0.2024383
-0.1571926
-0.1666813
-0.2177088
-0.2595160
-0.2466296
-0.1796513
-0.1017994
-0.0567508
-0.0530951
-0.0685089
-0.0800152
-0.0812961
-0.0719316
-0.0434601
0.0103326
0.0708567
0.0983794
0.0715090
0.0201113
0.0051464
0.0574224
0.1402986
0.1808556
0.1395041
0.0456064
-0.0345420
-0.0577892
-0.0296336
0.0196570
0.0685047
0.1099568
0.1380297
0.1442662
0.1294287
0.1078122
0.0927530
0.0813150
0.0587167
0.0168083
-0.0354984
-0.0788275
-0.0961533
-0.0803952
-0.0371170
0.0149481
0.0504985
0.0548212
0.0390150
0.0331005
0.0567212
0.0962422
0.1161113
0.0953073
0.0495799
0.0159249
0.0188359
0.0553350
0.1091051
0.1698597
0.2333620
0.2864278
0.3023685
0.2608674
0.1751403
0.0935726
0.0641216
0.0900846
0.1220559
0.0997339
0.0066914
-0.1148373
-0.2032402
-0.2301561
-0.2136505
-0.1842020
-0.1485969
-0.0959514
-0.0344808
-0.0049190
-0.0436835
-0.1357941
-0.2181525
-0.2367685
-0.1958579
-0.1452818
-0.1251409
-0.1326155
-0.1420302
-0.1420586
-0.1393915
-0.1306806
-0.0912837
-0.0058082
0.0977659
0.1633320
0.1635191
0.1312309
0.1232369
0.1554788
0.1860696
0.1652694
0.0926590
0.0166020
-0.0181380
-0.0107960
0.0091429
0.0234977
0.0392359
0.0617363
0.0705226
0.0365177
-0.0378819
-0.1094033
-0.1338965
-0.1137196
-0.0992064
-0.1411317
-0.2422944
-0.3534711
-0.4123791
-0.3871498
-0.2911207
-0.1674562
-0.0631446
-0.0083660
-0.0063193
-0.0360675
-0.0683343
-0.0814745
-0.0591609
0.0260998
0.2099721
0.4929559
0.7934153
0.9658209
0.8996766
0.6184977
0.2736319
0.0235953
-0.0874322
-0.1307739
-0.1821968
-0.2306925
-0.2103853
-0.1076621
-0.0042476
0.0021987
-0.0939764
-0.1989361
-0.2193991
-0.1524447
-0.0687018
-0.0234595
-0.0067785
0.0182450
0.0518208
0.0537516
0.0001023
-0.0771631
-0.1197561
-0.1053856
-0.0688885
-0.0621206
-0.1025702
-0.1636380
-0.2052725
-0.2047506
-0.1612647
-0.0841069
0.0131257
0.1079379
0.1694914
0.1754625
0.1328825
0.0780143
0.0481427
0.0495298
0.0539574
0.0286197
-0.0306716
-0.0964905
-0.1376839
-0.1449850
-0.1256982
-0.0793455
0.0062096
0.1249659
0.2293825
0.2596994
0.2084637
0.1440925
0.1499019
0.2343568
0.3142402
0.2980592
0.1819682
0.0520766
-0.0074913
0.0058992
0.0336688
0.0405397
0.0527547
0.1054556
0.1756835
0.1959100
0.1350987
0.0424341
-0.0061513
0.0043279
0.0117023
-0.0507475
-0.1802257
-0.3099605
-0.3759147
-0.3623644
-0.2874724
-0.1711416
-0.0364070
0.0700430
0.0908815
0.0093064
-0.1220586
-0.2191976
-0.2358269
-0.1905394
-0.1324828
-0.0950377
-0.0840628
-0.0911695
-0.0986178
-0.0765011
-0.0006918
0.1108611
0.1923599
0.1849164
0.1030809
0.0297818
0.0309828
0.0840600
0.1072938
0.0566862
-0.0280963
-0.0814263
-0.0928754
-0.1052236
-0.1371450
-0.1410601
-0.0596730
0.0918823
0.2349155
0.3273698
0.4245193
0.6028363
0.8240062
0.9148192
0.7201920
0.2776694
-0.1837516
-0.4329282
-0.4215316
-0.2824143
-0.1665011
-0.1072481
-0.0455816
0.0462269
0.1065136
0.0599121
-0.0747615
-0.1841421
-0.1749837
-0.0729748
0.0060432
-0.0227290
-0.1336571
-0.2310884
-0.2522293
-0.2163223
-0.1776404
-0.1517438
-0.1061420
-0.0198679
0.0702595
0.1004290
0.0525935
-0.0205726
-0.0506744
-0.0242171
0.0115816
0.0085160
-0.0309589
-0.0656676
-0.0660694
-0.0367457
0.0099688
0.0820589
0.1909423
0.3116753
0.3837827
0.3674192
0.2915118
0.2307437
0.2323375
0.2740699
0.2957757
0.2616546
0.1854911
0.1052217
0.0490968
0.0282489
0.0452952
0.0931209
0.1467689
0.1726873
0.1561134
0.1141133
0.0743997
0.0459610
0.0185500
-0.0151189
-0.0527643
-0.0997088
-0.1724439
-0.2668813
-0.3310961
-0.2963106
-0.1512484
0.0228095
0.1104587
0.0653658
-0.0480021
-0.1193810
-0.0959689
-0.0185888
0.0353065
0.0295425
-0.0097745
-0.0299742
0.0116826
0.1409088
0.3651243
0.6520654
0.9095456
1.0130924
0.8874857
0.5798566
0.2462861
0.0441622
0.0178025
0.0817541
0.1142996
0.0649245
-0.0269370
-0.1025280
-0.1513200
-0.2015342
-0.2596535
-0.2850067
-0.2367629
-0.1348549
-0.0524155
-0.0392835
-0.0660389
-0.0604591
0.0021890
0.0622940
0.0391308
-0.0769862
-0.2083887
-0.2667397
-0.2362451
-0.1741991
-0.1358141
-0.1146151
-0.0675698
0.0092112
0.0529330
-0.0007948
-0.1298756
-0.2222905
-0.1756344
-0.0004185
0.1831923
0.2555703
0.2035837
0.1179068
0.0934573
0.1434232
0.2117095
0.2525638
0.2769606
0.3198349
0.3836239
0.4333876
0.4424058
0.4226277
0.4018668
0.3826971
0.3382844
0.2480993
0.1255765
0.0051703
-0.0879103
-0.1437594
-0.1512600
-0.0995534
-0.0091931
0.0543010
0.0265111
-0.0872641
-0.2049077
-0.2436249
-0.1997214
-0.1433963
-0.1384832
-0.1807860
-0.2174595
-0.2102555
-0.1634161
-0.0966698
-0.0174895
0.0651229
0.1176684
0.1053558
0.0460533
0.0155551
0.0730108
0.1850527
0.2472826
0.1909990
0.0567102
-0.0494919
-0.0657609
-0.0273000
-0.0108695
-0.0446093
-0.0880657
-0.0958506
-0.0793809
-0.0919213
-0.1616215
-0.2580074
-0.3290238
-0.3581786
-0.3745583
-0.4121637
-0.4720819
-0.5276726
-0.5571083
-0.5591463
-0.5357921
-0.4721228
-0.3493420
-0.1799148
-0.0127146
0.1145485
0.2235432
0.3717602
0.5641821
0.6996285
0.6347218
0.3232044
-0.1090008
-0.4430711
-0.5355647
-0.4152084
-0.2222756
-0.0699687
0.0233331
0.0834692
0.1054060
0.0564034
-0.0593496
-0.1747060
-0.2166098
-0.1799055
-0.1299540
-0.1327945
-0.1932246
-0.2632902
-0.2983420
-0.2915351
-0.2587873
-0.2116476
-0.1584476
-0.1199861
-0.1202289
-0.1539613
-0.1774295
-0.1451413
-0.0560598
0.0415685
0.0895538
0.0616362
-0.0249216
-0.1232392
-0.1758960
-0.1339657
0.0177962
0.2390266
0.4436090
0.5516769
0.5453458
0.4726190
0.3945473
0.3338782
0.2767421
0.2106217
0.1438477
0.0893705
0.0471047
0.0127916
-0.0046438
0.0100192
0.0505046
0.0783881
0.0519364
-0.0324823
-0.1343485
-0.2080881
-0.2433040
-0.2615980
-0.2807724
-0.2952141
-0.2924422
-0.2743153
-0.2497114
-0.2109163
-0.1316590
0.0026420
0.1645574
0.2926110
0.3383053
0.3091974
0.2616377
0.2453103
0.2556337
0.2452739
0.1809895
0.0814967
-0.0033643
-0.0434932
-0.0502949
-0.0492876
-0.0427809
-0.0123470
0.0409106
0.0745041
0.0420924
-0.0462388
-0.1207909
-0.1252198
-0.0853111
-0.0863790
-0.1782839
-0.3173321
-0.4139651
-0.4307722
-0.4156405
-0.4311259
-0.4659847
-0.4413743
-0.3135842
-0.1516472
-0.0851651
-0.1679283
-0.3099740
-0.3603453
-0.2547285
-0.0729033
0.0463797
0.0361708
-0.0532098
-0.1230886
-0.1223509
-0.0726979
-0.0181353
0.0253240
0.0643614
0.0940312
0.0918824
0.0463436
-0.0250808
-0.0921655
-0.1375640
-0.1613668
-0.1695020
-0.1660773
-0.1499218
-0.1047188
0.0055435
0.2067337
0.4549834
0.6128546
0.5272398
0.1732813
-0.2788345
-0.5777409
-0.6016403
-0.4542461
-0.3418824
-0.3661921
-0.4543171
-0.4803118
-0.4156399
-0.3373589
-0.3105977
-0.3068687
-0.2551500
-0.1463493
-0.0496526
-0.0229073
-0.0405879
-0.0349342
0.0093488
0.0355642
-0.0076128
-0.0993640
-0.1745446
-0.1988674
-0.1898815
-0.1673066
-0.1136105
-0.0060127
0.1226989
0.1862435
0.1281216
-0.0050636
-0.0963900
-0.0742770
0.0154386
0.0620674
0.0055694
-0.1122952
-0.2046878
-0.2275121
-0.2037900
-0.1750364
-0.1486404
-0.1025067
-0.0343628
0.0123363
-0.0125173
-0.1018007
-0.1813321
-0.1745945
-0.0749659
0.0506452
0.1259154
0.1278900
0.0909062
0.0600539
0.0499691
0.0501195
0.0592686
0.0951622
0.1602006
0.2117948
0.1920511
0.0944998
-0.0140374
-0.0530076
-0.0081879
0.0552912
0.0599104
-0.0097033
-0.1004839
-0.1524741
-0.1558609
-0.1421326
-0.1304691
-0.1043556
-0.0477849
0.0141303
0.0314760
-0.0151488
-0.0901271
-0.1368666
-0.1282659
-0.0824992
-0.0390121
-0.0256748
-0.0436834
-0.0721245
-0.0796166
-0.0374215
0.0609575
0.1808920
0.2573087
0.2456473
0.1672971
0.0901638
0.0572567
0.0465873
0.0097263
-0.0640122
-0.1390695
-0.1834901
-0.2049085
-0.2261658
-0.2402390
-0.2160090
-0.1578618
-0.1355874
-0.2192008
-0.3786062
-0.4825773
-0.4276904
-0.2541723
-0.0995526
-0.0371975
0.0024968
0.1289337
0.3331202
0.4706371
0.4131424
0.1964216
-0.0050208
-0.0501551
0.0412179
0.1406948
0.1664266
0.1537879
0.1751612
0.2311876
0.2514576
0.1872273
0.0704329
-0.0250151
-0.0601835
-0.0561881
-0.0507466
-0.0472256
-0.0185889
0.0414273
0.0900151
0.0751378
-0.0011378
-0.0778017
-0.0988584
-0.0708579
-0.0517472
-0.0916366
-0.1892700
-0.2984149
-0.3689969
-0.3827691
-0.3527213
-0.2951654
-0.2165231
-0.1330966
-0.0852272
-0.1064159
-0.1764079
-0.2233982
-0.1843732
-0.0614331
0.0821146
0.1782416
0.2094714
0.2140661
0.2386688
0.2901785
0.3415646
0.3780880
0.4152278
0.4636864
0.4992429
0.4876515
0.4299583
0.3651484
0.3302460
0.3282788
0.3307906
0.3009899
0.2177676
0.0900197
-0.0450343
-0.1384379
-0.1544071
-0.0976276
-0.0241549
-0.0056232
-0.0599627
-0.1288086
-0.1499434
-0.1429163
-0.1854746
-0.2998520
-0.4013270
-0.3854610
-0.2467633
-0.0824412
0.0194729
0.0723793
0.1558764
0.2944996
0.4007885
0.3697399
0.2221563
0.1092015
0.1544894
0.3278029
0.5061754
0.6262056
0.7239689
0.8335644
0.9019602
0.8320490
0.5945598
0.2793938
0.0301480
-0.0774041
-0.0902339
-0.1050492
-0.1547154
-0.1952424
-0.1947623
-0.1851842
-0.2107012
-0.2683232
-0.3236699
-0.3518010
-0.3392250
-0.2762640
-0.1716042
-0.0530851
0.0575193
0.1472098
0.1928352
0.1812991
0.1493738
0.1534887
0.1945323
0.2235022
0.2212244
0.2101403
0.1897552
0.1410095
0.1002308
0.1316499
0.2040634
0.2009849
0.0948750
