-0.4646258
-0.6029824
-0.5560211
-0.4349076
-0.3157235
-0.1900345
-0.0241149
0.1582685
0.2705385
0.2394314
0.0763436
-0.1276389
-0.2681493
-0.2889940
-0.1994588
-0.0578436
0.0586311
0.0932653
0.0469875
-0.0219276
-0.0530113
-0.0464724
-0.0569497
-0.1109488
-0.1440182
-0.0529139
0.1739745
0.3988299
0.4406754
0.2507065
-0.0334269
-0.2201603
-0.2400160
-0.1756267
-0.1311590
-0.1117441
-0.0554573
0.0414047
0.0860965
0.0057704
-0.1217014
-0.1037789
0.1697790
0.5751172
0.8281112
0.7314694
0.3559751
-0.0228987
-0.1705849
-0.0861050
0.0319050
-0.0023601
-0.1822887
-0.3299471
-0.2867014
-0.0792199
0.1054164
0.1084858
-0.0432883
-0.1756059
-0.1545918
-0.0164254
0.1025676
0.1453526
0.2033686
0.3875634
0.6578575
0.8283683
0.7588005
0.5130281
0.2965360
0.2429046
0.2930185
0.2925224
0.1761947
0.0251066
-0.0448130
-0.0084181
0.0681471
0.1176601
0.1243491
0.0964382
0.0349559
-0.0419209
-0.0691582
0.0235106
0.2257488
0.4278951
0.5129135
0.4613748
0.3462726
0.2272083
0.0781657
-0.1598654
-0.4677776
-0.7214735
-0.7943325
-0.6811810
-0.5066211
-0.4042966
-0.3893176
-0.3508700
-0.1706590
0.1465574
0.4510001
0.5546754
0.3761276
0.0041880
-0.3668666
-0.5725691
-0.5752184
-0.4569358
-0.3342927
-0.2743381
-0.2694672
-0.2675922
-0.2187874
-0.1088125
0.0286913
0.1242119
0.1109623
-0.0251297
-0.2223387
-0.3773205
-0.4191750
-0.3619622
-0.2855695
-0.2587274
-0.2735674
-0.2527322
-0.1248309
0.0977959
0.3093275
0.3828097
0.2680705
0.0328685
-0.1894087
-0.2996618
-0.2916689
-0.2237836
-0.1471819
-0.0724829
-0.0000817
0.0440643
0.0306634
-0.0136531
0.0021327
0.1506880
0.3888081
0.5628048
0.5338113
0.3044859
0.0181427
-0.1667439
-0.1987304
-0.1422333
-0.0891467
-0.0754801
-0.0718290
-0.0288028
0.0787907
0.2354456
0.3887736
0.4679917
0.4205211
0.2524487
0.0360647
-0.1342932
-0.2051568
-0.1886035
-0.1300735
-0.0590089
0.0270520
0.1380619
0.2623544
0.3648765
0.4101535
0.3848813
0.3017343
0.1854433
0.0552069
-0.0812119
-0.2160293
-0.3245745
-0.3667833
-0.3176287
-0.2019564
-0.0900054
-0.0415599
-0.0472851
-0.0340976
0.0598618
0.2167959
0.3556707
0.4186369
0.4282113
0.4463246
0.4835928
0.4723564
0.3456822
0.1352638
-0.0316598
-0.0469647
0.0702526
0.1888577
0.1893785
0.0690886
-0.0699868
-0.1221028
-0.0606834
0.0631398
0.1793256
0.2484963
0.2701648
0.2642819
0.2509145
0.2382251
0.2204641
0.1870287
0.1362650
0.0796590
0.0319824
0.0028335
0.0027031
0.0486632
0.1449792
0.2510042
0.2866067
0.1954149
0.0072457
-0.1802904
-0.2939625
-0.3470880
-0.3961998
-0.4498010
-0.4530077
-0.3716846
-0.2568316
-0.1839976
-0.1346750
0.0083695
0.3062555
0.6245672
0.7078260
0.4270548
-0.0652829
-0.4592500
-0.5665575
-0.4569012
-0.3247093
-0.2666428
-0.2261677
-0.1333752
-0.0325098
-0.0310913
-0.1490639
-0.2746602
-0.2904157
-0.2113116
-0.1609092
-0.2153960
-0.3081658
-0.3085605
-0.1743314
0.0049435
0.1152514
0.1375527
0.1388587
0.1610013
0.1564588
0.0546558
-0.1249698
-0.2595079
-0.2387148
-0.0852501
0.0575558
0.0618729
-0.0669589
-0.2086509
-0.2517368
-0.1889519
-0.0959042
-0.0362597
-0.0062786
0.0286805
0.0654424
0.0565315
-0.0198978
-0.0996424
-0.0681709
0.1264788
0.3980411
0.5727747
0.5298858
0.3003611
0.0318479
-0.1397571
-0.1846008
-0.1605491
-0.1277532
-0.0996867
-0.0688566
-0.0474175
-0.0554005
-0.0735947
-0.0372387
0.1007785
0.3029848
0.4606263
0.4838049
0.3754956
0.2135808
0.0689910
-0.0453141
-0.1467850
-0.2269936
-0.2444440
-0.1750261
-0.0543500
0.0432193
0.0688110
0.0396423
0.0182165
0.0552183
0.1493420
0.2527558
0.3091899
0.2914791
0.2139358
0.1160358
0.0322582
-0.0286770
-0.0789428
-0.1274064
-0.1629854
-0.1657101
-0.1327412
-0.0856267
-0.0466515
-0.0127851
0.0381318
0.1146072
0.1937912
0.2435950
0.2587767
0.2658543
0.2909128
0.3331375
0.3796607
0.4387897
0.5361270
0.6638372
0.7463578
0.6855913
0.4579806
0.1595698
-0.0637023
-0.1393747
-0.1195513
-0.1081555
-0.1459052
-0.1767835
-0.1254385
0.0069332
0.1338844
0.1647171
0.0819300
-0.0611142
-0.2020165
-0.3142215
-0.3982438
-0.4526678
-0.4695490
-0.4506181
-0.4077005
-0.3374875
-0.2069451
0.0161008
0.3076164
0.5694224
0.6821961
0.5895104
0.3373867
0.0371193
-0.2085814
-0.3530794
-0.4039867
-0.3960683
-0.3684453
-0.3515338
-0.3561590
-0.3675806
-0.3563798
-0.3055736
-0.2315008
-0.1749355
-0.1664388
-0.1981889
-0.2307035
-0.2292324
-0.1961451
-0.1696666
-0.1890062
-0.2544178
-0.3169378
-0.3111634
-0.2081335
-0.0436020
0.1053752
0.1770739
0.1670695
0.1231957
0.1026419
0.1269913
0.1662833
0.1610881
0.0689152
-0.0954647
-0.2589941
-0.3385654
-0.3055115
-0.2083340
-0.1257086
-0.0903844
-0.0604788
0.0311264
0.2020480
0.3978574
0.5364743
0.5636677
0.4697463
0.2778437
0.0392354
-0.1660221
-0.2557356
-0.2006044
-0.0565293
0.0700858
0.1003256
0.0335115
-0.0683169
-0.1336929
-0.1222772
-0.0374963
0.0749194
0.1434911
0.1174727
0.0223652
-0.0397493
0.0241106
0.1952461
0.3378473
0.3161096
0.1232225
-0.1116653
-0.2461519
-0.2479041
-0.1955353
-0.1721953
-0.1788394
-0.1577178
-0.0833844
-0.0059854
0.0030399
-0.0643019
-0.1359030
-0.1286323
-0.0284799
0.0976208
0.1631038
0.1335681
0.0477686
-0.0198206
-0.0161213
0.0557594
0.1403897
0.1662722
0.0967869
-0.0335431
-0.1318223
-0.1154193
0.0120219
0.1519390
0.1937041
0.1207979
0.0352195
0.0656878
0.2416803
0.4572660
0.5641195
0.5030743
0.3448202
0.2068917
0.1416829
0.1101056
0.0530448
-0.0301851
-0.0802072
-0.0434210
0.0707996
0.1947214
0.2530944
0.2096971
0.0800719
-0.0840425
-0.2228352
-0.2991407
-0.3182328
-0.3182237
-0.3331868
-0.3649081
-0.3953248
-0.4199680
-0.4495218
-0.4691263
-0.4156456
-0.2285921
0.0625647
0.3200387
0.3963207
0.2660910
0.0555965
-0.0676595
-0.0368436
0.0773599
0.1542192
0.1289079
0.0162616
-0.1385684
-0.3020078
-0.4463022
-0.5327678
-0.5282774
-0.4405482
-0.3227223
-0.2331675
-0.1919361
-0.1791161
-0.1703517
-0.1642473
-0.1724584
-0.1921930
-0.2006036
-0.1790455
-0.1357994
-0.0986455
-0.0863769
-0.0916644
-0.0918295
-0.0732417
-0.0437273
-0.0221198
-0.0169162
-0.0162658
-0.0001135
0.0378939
0.0821527
0.1091161
0.1076728
0.0843011
0.0504222
0.0099045
-0.0370769
-0.0797502
-0.0947452
-0.0672508
-0.0142344
0.0235750
0.0215664
-0.0007343
-0.0022019
0.0277362
0.0507690
0.0232772
-0.0466875
-0.0997231
-0.0874429
-0.0240678
0.0370149
0.0744492
0.1259595
0.2290825
0.3455902
0.3729261
0.2466223
0.0214181
-0.1664856
-0.2197095
-0.1546890
-0.0614168
-0.0075216
0.0072840
0.0167295
0.0359014
0.0547526
0.0685505
0.0932725
0.1460925
0.2215700
0.2928940
0.3286294
0.3037109
0.2087276
0.0679621
-0.0556071
-0.1004156
-0.0693725
-0.0398919
-0.0854228
-0.1823976
-0.2171201
-0.1056116
0.0992305
0.2437916
0.2298413
0.1231503
0.0876424
0.2098905
0.4049580
0.5058047
0.4351576
0.2743959
0.1676459
0.1787449
0.2526386
0.3016063
0.3027202
0.3000864
0.3270653
0.3526130
0.3165247
0.2069361
0.0841029
0.0209838
0.0290169
0.0518289
0.0309904
-0.0286580
-0.0609664
-0.0033063
0.1394375
0.2898298
0.3531333
0.2829484
0.1059370
-0.1045199
-0.2770042
-0.3784643
-0.4212815
-0.4420444
-0.4659903
-0.4809045
-0.4422797
-0.3104024
-0.0932679
0.1395456
0.2887539
0.2862144
0.1421067
-0.0595434
-0.2164023
-0.2716930
-0.2386857
-0.1748676
-0.1348443
-0.1387182
-0.1711198
-0.2014847
-0.2064249
-0.1810224
-0.1381804
-0.1015142
-0.0941322
-0.1236496
-0.1709758
-0.1959556
-0.1627040
-0.0689646
0.0427420
0.1035693
0.0596905
-0.0869419
-0.2694123
-0.3937796
-0.4018579
-0.3089958
-0.1842597
-0.0917189
-0.0460712
-0.0188847
0.0186867
0.0640756
0.0929610
0.0928220
0.0772577
0.0651512
0.0544665
0.0258605
-0.0290750
-0.0911099
-0.1275418
-0.1193767
-0.0737466
-0.0149586
0.0325934
0.0566397
0.0610741
0.0627729
0.0807297
0.1195209
0.1586124
0.1630248
0.1143766
0.0347900
-0.0254916
-0.0299497
0.0145066
0.0698969
0.1052806
0.1193163
0.1285826
0.1415341
0.1488949
0.1382096
0.1120431
0.0865151
0.0722898
0.0636630
0.0512846
0.0405849
0.0472657
0.0722938
0.0908421
0.0759189
0.0325550
0.0002991
0.0155254
0.0722879
0.1259722
0.1383935
0.1151667
0.0929684
0.0928615
0.0971926
0.0776392
0.0367190
0.0089559
0.0210392
0.0616432
0.0966873
0.1089643
0.1145838
0.1396878
0.1876729
0.2356756
0.2624335
0.2720334
0.2846617
0.3080851
0.3276668
0.3270637
0.3114074
0.3029288
0.3148534
0.3349311
0.3370000
0.3078074
0.2613495
0.2263056
0.2193746
0.2314761
0.2387333
0.2225155
0.1772162
0.1060481
0.0196419
-0.0613800
-0.1139961
-0.1316735
-0.1324757
-0.1405346
-0.1587358
-0.1667624
-0.1509792
-0.1308314
-0.1439911
-0.2008690
-0.2635004
-0.2813277
-0.2440673
-0.1835352
-0.1212519
-0.0367597
0.0904529
0.2166587
0.2439455
0.1150761
-0.1107367
-0.2974364
-0.3538747
-0.3073528
-0.2528580
-0.2446675
-0.2571391
-0.2476362
-0.2265738
-0.2403652
-0.2968147
-0.3407692
-0.3167785
-0.2363239
-0.1625126
-0.1357433
-0.1369865
-0.1287670
-0.1112760
-0.1178799
-0.1607256
-0.2049529
-0.2101658
-0.1842181
-0.1738003
-0.2004022
-0.2270130
-0.2026382
-0.1271688
-0.0514428
-0.0145033
-0.0019471
0.0230671
0.0621992
0.0758301
0.0366227
-0.0267237
-0.0533709
-0.0160362
0.0495550
0.0861263
0.0761156
0.0504064
0.0410966
0.0432103
0.0311108
0.0007699
-0.0202052
-0.0057420
0.0360227
0.0698449
0.0703804
0.0464660
0.0268334
0.0255825
0.0279008
0.0112207
-0.0260285
-0.0630183
-0.0805148
-0.0779574
-0.0657635
-0.0486706
-0.0227607
0.0130751
0.0480760
0.0653743
0.0580962
0.0384078
0.0260652
0.0251639
0.0160787
-0.0233406
-0.0881456
-0.1427743
-0.1508430
-0.1086849
-0.0482337
-0.0056676
0.0122862
0.0275717
0.0549631
0.0745983
0.0524682
-0.0107716
-0.0660538
-0.0637329
-0.0110272
0.0311492
0.0126801
-0.0511122
-0.0941271
-0.0651994
0.0263128
0.1285999
0.2006477
0.2393548
0.2605721
0.2725676
0.2786766
0.2926529
0.3289640
0.3742445
0.3858709
0.3332838
0.2371071
0.1565548
0.1349980
0.1611383
0.1842209
0.1633978
0.0996201
0.0234519
-0.0385469
-0.0798633
-0.1047549
-0.1179524
-0.1272606
-0.1442678
-0.1721923
-0.1985109
-0.2100722
-0.2137543
-0.2317717
-0.2737769
-0.3210807
-0.3435571
-0.3274438
-0.2787503
-0.2000761
-0.0778350
0.0901931
0.2524220
0.3099199
0.1930554
-0.0603295
-0.3175706
-0.4563908
-0.4594714
-0.4049397
-0.3732914
-0.3746322
-0.3641680
-0.3117599
-0.2399988
-0.1931811
-0.1841823
-0.1876011
-0.1824726
-0.1818541
-0.2082914
-0.2528957
-0.2794354
-0.2699264
-0.2485080
-0.2497158
-0.2721718
-0.2777335
-0.2383388
-0.1735314
-0.1316215
-0.1343498
-0.1513711
-0.1384918
-0.0950390
-0.0681778
-0.0966167
-0.1628147
-0.2108768
-0.2046603
-0.1569548
-0.1045709
-0.0685406
-0.0448032
-0.0250019
-0.0123944
-0.0118995
-0.0132486
0.0012446
0.0287487
0.0397459
0.0132530
-0.0286719
-0.0396726
-0.0049384
0.0377997
0.0432046
0.0145032
0.0011262
0.0413948
0.1190571
0.1821658
0.1979917
0.1785216
0.1514193
0.1208360
0.0726550
0.0135336
-0.0190101
0.0008337
0.0472815
0.0647959
0.0296002
-0.0240297
-0.0418856
-0.0039684
0.0646043
0.1280897
0.1734951
0.2070019
0.2269949
0.2159224
0.1658676
0.1021333
0.0653724
0.0683093
0.0825401
0.0746085
0.0467926
0.0339902
0.0637561
0.1255478
0.1779777
0.1826130
0.1324557
0.0526485
-0.0220842
-0.0684202
-0.0777093
-0.0512187
-0.0012342
0.0497673
0.0851467
0.1128675
0.1608264
0.2488680
0.3669855
0.4812074
0.5590849
0.5914772
0.5929013
0.5801707
0.5510883
0.4899470
0.3963700
0.2999178
0.2366546
0.2134239
0.2025149
0.1712968
0.1122321
0.0443488
-0.0094929
-0.0433008
-0.0656878
-0.0803142
-0.0777988
-0.0547091
-0.0338621
-0.0500450
-0.1118922
-0.1898861
-0.2492493
-0.2863300
-0.3231394
-0.3683124
-0.3905822
-0.3348352
-0.1692778
0.0761738
0.3163494
0.4606776
0.4642614
0.3406343
0.1401371
-0.0758507
-0.2519994
-0.3539589
-0.3783915
-0.3469457
-0.2888284
-0.2286193
-0.1832516
-0.1603405
-0.1572422
-0.1652091
-0.1750327
-0.1793565
-0.1748796
-0.1646916
-0.1535267
-0.1397244
-0.1196161
-0.1013523
-0.1022415
-0.1243834
-0.1422870
-0.1264280
-0.0766966
-0.0242229
0.0000831
-0.0055404
-0.0164292
-0.0115954
0.0004329
-0.0087118
-0.0477370
-0.0837504
-0.0719703
-0.0058302
0.0738691
0.1203244
0.1212746
0.0983366
0.0784628
0.0720977
0.0733099
0.0750923
0.0815504
0.1000107
0.1207531
0.1171171
0.0771220
0.0276299
0.0122744
0.0453860
0.0980907
0.1309817
0.1329952
0.1264994
0.1384786
0.1690438
0.1908986
0.1832608
0.1601002
0.1514850
0.1585184
0.1464250
0.0912554
0.0176580
-0.0243039
-0.0124303
0.0290562
0.0596536
0.0618479
0.0516015
0.0554943
0.0798023
0.1054890
0.1148858
0.1127802
0.1106133
0.1005093
0.0653564
0.0127833
-0.0223258
-0.0163287
0.0158540
0.0394769
0.0382871
0.0291265
0.0417206
0.0847918
0.1324723
0.1510492
0.1399657
0.1322693
0.1481155
0.1661010
0.1560213
0.1248525
0.1091834
0.1302926
0.1777082
0.2343023
0.2975284
0.3701389
0.4407415
0.4827248
0.4767483
0.4349808
0.3926173
0.3633487
0.3141949
0.2083270
0.0688393
-0.0304902
-0.0454372
-0.0066939
0.0242844
0.0193008
-0.0106476
-0.0493948
-0.0914273
-0.1312576
-0.1557950
-0.1543222
-0.1371235
-0.1399256
-0.1926588
-0.2734308
-0.3119536
-0.2583310
-0.1340998
0.0037301
0.1267787
0.2309962
0.2865196
0.2400950
0.0787145
-0.1350473
-0.3035860
-0.3661161
-0.3401505
-0.3027398
-0.3176157
-0.3699444
-0.3891705
-0.3418720
-0.2716106
-0.2329310
-0.2228966
-0.2049534
-0.1692728
-0.1367497
-0.1231594
-0.1247808
-0.1246836
-0.1026281
-0.0619486
-0.0476815
-0.0984408
-0.1763806
-0.1959539
-0.1346044
-0.0617256
-0.0419011
-0.0636910
-0.0805067
-0.0660646
-0.0153459
0.0506647
0.0739102
0.0208148
-0.0450030
-0.0365887
0.0130480
-0.0055442
-0.0832647
-0.0855809
0.0144713
0.0525266
-0.0858376
