0.1201506
0.1347982
0.1495220
0.1714342
0.1964508
0.2142166
0.2223911
0.2307716
0.2487077
0.2714971
0.2838363
0.2770543
0.2590072
0.2445249
0.2389321
0.2354985
0.2287315
0.2241088
0.2297566
0.2408963
0.2398184
0.2151187
0.1772814
0.1490348
0.1393322
0.1319266
0.1038743
0.0531852
0.0026128
-0.0255094
-0.0338131
-0.0452013
-0.0755929
-0.1170143
-0.1496177
-0.1655424
-0.1752159
-0.1912909
-0.2135268
-0.2336159
-0.2501730
-0.2707949
-0.2980958
-0.3216156
-0.3312742
-0.3368085
-0.3639613
-0.4245681
-0.4935054
-0.5235582
-0.4873624
-0.4026841
-0.3141853
-0.2526267
-0.2150856
-0.1824298
-0.1481448
-0.1252077
-0.1287563
-0.1599365
-0.2087488
-0.2665835
-0.3296052
-0.3912037
-0.4383898
-0.4602461
-0.4578986
-0.4424196
-0.4237409
-0.4058055
-0.3930577
-0.3953181
-0.4188960
-0.4526003
-0.4697840
-0.4514144
-0.4075768
-0.3713215
-0.3677867
-0.3907232
-0.4122015
-0.4145012
-0.4080484
-0.4157013
-0.4430415
-0.4703358
-0.4754365
-0.4596527
-0.4453800
-0.4488688
-0.4616979
-0.4633173
-0.4483796
-0.4344086
-0.4402267
-0.4622732
-0.4783907
-0.4739088
-0.4570451
-0.4450416
-0.4402781
-0.4280968
-0.3992175
-0.3669184
-0.3550904
-0.3704576
-0.3931154
-0.3975405
-0.3792987
-0.3567323
-0.3479279
-0.3516427
-0.3528309
-0.3420769
-0.3238562
-0.3064916
-0.2906676
-0.2723378
-0.2538852
-0.2455714
-0.2532486
-0.2683505
-0.2748148
-0.2660694
-0.2515762
-0.2446929
-0.2465831
-0.2456592
-0.2327251
-0.2128834
-0.1999897
-0.2012939
-0.2111183
-0.2197125
-0.2242899
-0.2283052
-0.2319962
-0.2285504
-0.2113012
-0.1815045
-0.1457135
-0.1069745
-0.0632567
-0.0161870
0.0227042
0.0396051
0.0328615
0.0161695
0.0049629
0.0014470
-0.0039985
-0.0172797
-0.0301223
-0.0269072
-0.0000231
0.0436589
0.0901840
0.1292533
0.1577038
0.1767691
0.1901349
0.2041083
0.2251971
0.2541826
0.2833647
0.3023876
0.3078109
0.3058896
0.3053975
0.3090284
0.3131568
0.3150436
0.3174484
0.3242739
0.3326339
0.3323094
0.3158914
0.2900328
0.2745361
0.2870307
0.3266544
0.3736586
0.4072170
0.4243714
0.4400747
0.4673580
0.4989036
0.5116544
0.4917251
0.4533511
0.4299513
0.4446142
0.4896772
0.5354824
0.5576467
0.5545430
0.5401311
0.5241197
0.5014021
0.4583237
0.3849662
0.2808626
0.1536715
0.0180149
-0.1038532
-0.1860831
-0.2115483
-0.1841741
-0.1282005
-0.0721935
-0.0312243
-0.0028338
0.0219640
0.0462085
0.0656286
0.0766298
0.0817320
0.0858775
0.0897920
0.0901355
0.0863171
0.0841388
0.0903525
0.1048125
0.1207828
0.1330893
0.1428930
0.1526122
0.1590008
0.1559574
0.1448415
0.1374584
0.1445102
0.1621766
0.1748154
0.1728939
0.1650393
0.1686783
0.1898512
0.2164883
0.2326602
0.2354175
0.2340426
0.2351768
0.2346158
0.2256809
0.2112281
0.2024120
0.2060406
0.2173472
0.2268358
0.2311699
0.2342611
0.2392169
0.2434691
0.2429996
0.2379184
0.2306308
0.2199807
0.2014783
0.1748239
0.1483049
0.1324938
0.1297928
0.1325491
0.1321347
0.1280302
0.1265452
0.1318678
0.1408521
0.1472426
0.1490914
0.1498324
0.1520274
0.1520820
0.1431146
0.1233946
0.1008066
0.0874283
0.0886685
0.0978251
0.1025208
0.0976623
0.0917178
0.0984872
0.1216592
0.1486095
0.1612272
0.1528345
0.1328768
0.1148342
0.1020819
0.0878887
0.0676562
0.0466992
0.0338719
0.0303715
0.0287838
0.0227549
0.0132703
0.0034370
-0.0089434
-0.0284866
-0.0527458
-0.0716400
-0.0795785
-0.0841941
-0.0973053
-0.1176765
-0.1287931
-0.1169701
-0.0877108
-0.0588547
-0.0389299
-0.0189606
0.0118492
0.0486738
0.0768332
0.0935529
0.1145438
0.1528554
0.1958291
0.2123555
0.1858577
0.1347415
0.0953448
0.0866226
0.0959904
0.0986367
0.0840123
0.0597678
0.0345940
0.0051839
-0.0382404
-0.0993477
-0.1734692
-0.2550445
-0.3405054
-0.4219908
-0.4840272
-0.5132738
-0.5124802
-0.5007489
-0.4970486
-0.5043663
-0.5116004
-0.5094203
-0.5006734
-0.4940809
-0.4909284
-0.4824333
-0.4616526
-0.4358740
-0.4248387
-0.4463123
-0.5034609
-0.5843677
-0.6705049
-0.7447276
-0.7948115
-0.8153276
-0.8096378
-0.7887407
-0.7641627
-0.7393111
-0.7081480
-0.6638844
-0.6090099
-0.5551398
-0.5119935
-0.4776092
-0.4411177
-0.3951825
-0.3441956
-0.2995376
-0.2681100
-0.2471555
-0.2297445
-0.2126304
-0.1969053
-0.1826096
-0.1666216
-0.1478917
-0.1325509
-0.1298476
-0.1416050
-0.1577662
-0.1645216
-0.1561836
-0.1370972
-0.1123913
-0.0806235
-0.0388130
0.0064985
0.0383353
0.0436361
0.0280021
0.0121220
0.0108603
0.0174383
0.0115048
-0.0169983
-0.0553101
-0.0812112
-0.0864739
-0.0828861
-0.0848558
-0.0913084
-0.0898342
-0.0770962
-0.0677992
-0.0786553
-0.1068164
-0.1312837
-0.1372641
-0.1331524
-0.1380186
-0.1550774
-0.1651529
-0.1489089
-0.1098999
-0.0697330
-0.0424290
-0.0208418
0.0089786
0.0461442
0.0749916
0.0860176
0.0889732
0.1001947
0.1208659
0.1351784
0.1311654
0.1171232
0.1121284
0.1225262
0.1340853
0.1295451
0.1096110
0.0917999
0.0894594
0.0974513
0.1018265
0.1003374
0.1069453
0.1337303
0.1728315
0.2025241
0.2123371
0.2174653
0.2434691
0.2969364
0.3555951
0.3904044
0.3956677
0.3932806
0.4061113
0.4306696
0.4400873
0.4137519
0.3598621
0.3062844
0.2716729
0.2497514
0.2222155
0.1827047
0.1442879
0.1245850
0.1280135
0.1448192
0.1646816
0.1867571
0.2156184
0.2513151
0.2873639
0.3177603
0.3417856
0.3598020
0.3670921
0.3564376
0.3283495
0.2962956
0.2784156
0.2826952
0.3007995
0.3167367
0.3206566
0.3137941
0.3021474
0.2891118
0.2757105
0.2648811
0.2606851
0.2617895
0.2588291
0.2421494
0.2128357
0.1835923
0.1665806
0.1611248
0.1556922
0.1424416
0.1274261
0.1242221
0.1387092
0.1636314
0.1892615
0.2158782
0.2509083
0.2926706
0.3204334
0.3052834
0.2339927
0.1238269
0.0146506
-0.0547785
-0.0677882
-0.0350307
0.0157795
0.0569175
0.0747099
0.0733192
0.0662207
0.0620261
0.0573369
0.0435142
0.0193929
-0.0052986
-0.0202444
-0.0260027
-0.0321383
-0.0438695
-0.0536484
-0.0486076
-0.0256827
0.0032886
0.0225227
0.0266844
0.0228636
0.0196577
0.0175099
0.0110781
-0.0011804
-0.0129664
-0.0162973
-0.0099247
-0.0000382
0.0071913
0.0123604
0.0210227
0.0353850
0.0495395
0.0549464
0.0508570
0.0471721
0.0546725
0.0725936
0.0882823
0.0907461
0.0832032
0.0796060
0.0884940
0.1033165
0.1113666
0.1104969
0.1121837
0.1262217
0.1463259
0.1556446
0.1456333
0.1240732
0.1023056
0.0795485
0.0461393
0.0017255
-0.0368806
-0.0510201
-0.0406672
-0.0236942
-0.0140957
-0.0068565
0.0112378
0.0398607
0.0622043
0.0652100
0.0556251
0.0498513
0.0512769
0.0462654
0.0248478
-0.0017783
-0.0114613
0.0030023
0.0252082
0.0342534
0.0266285
0.0143156
0.0055595
-0.0033944
-0.0158532
-0.0231219
-0.0141481
0.0057508
0.0156179
0.0024645
-0.0215743
-0.0317159
-0.0176676
0.0081985
0.0295024
0.0446357
0.0618254
0.0810470
0.0909198
0.0858009
0.0778566
0.0843312
0.1049199
0.1199685
0.1139749
0.0951572
0.0862622
0.0985881
0.1216285
0.1392143
0.1496210
0.1647668
0.1921215
0.2235832
0.2440519
0.2470355
0.2381873
0.2252763
0.2096138
0.1890722
0.1658449
0.1466039
0.1346077
0.1249342
0.1098041
0.0876938
0.0653512
0.0506973
0.0448703
0.0417259
0.0345321
0.0224488
0.0103920
0.0030680
-0.0002544
-0.0049958
-0.0158546
-0.0324491
-0.0497552
-0.0620077
-0.0662962
-0.0635387
-0.0570122
-0.0498259
-0.0426661
-0.0328417
-0.0156810
0.0110681
0.0415332
0.0597903
0.0465256
-0.0077139
-0.0926524
-0.1813548
-0.2453420
-0.2702152
-0.2601374
-0.2297938
-0.1928434
-0.1567373
-0.1253589
-0.1028111
-0.0925215
-0.0935408
-0.1000687
-0.1057431
-0.1079318
-0.1077760
-0.1073212
-0.1075016
-0.1079483
-0.1071960
-0.1030761
-0.0943452
-0.0827398
-0.0726362
-0.0675691
-0.0672702
-0.0692953
-0.0737166
-0.0844626
-0.1043093
-0.1293124
-0.1506353
-0.1626588
-0.1675489
-0.1709286
-0.1753255
-0.1802733
-0.1870888
-0.1991627
-0.2165628
-0.2346303
-0.2518223
-0.2766843
-0.3205926
-0.3805734
-0.4336723
-0.4554324
-0.4461805
-0.4350046
-0.4533367
-0.5047155
-0.5627308
-0.5975466
-0.6005055
-0.5822839
-0.5526289
-0.5081540
-0.4403062
-0.3508678
-0.2571126
-0.1839325
-0.1532875
-0.1781987
-0.2585637
-0.3754001
-0.4890654
-0.5507110
-0.5258102
-0.4144619
-0.2524347
-0.0915969
0.0264559
0.0871318
0.1020116
0.0936144
0.0770731
0.0520621
0.0108558
-0.0457956
-0.1017306
-0.1360851
-0.1417295
-0.1318031
-0.1260945
-0.1309450
-0.1346612
-0.1239024
-0.1023346
-0.0894452
-0.1002861
-0.1293757
-0.1568434
-0.1687367
-0.1682221
-0.1671434
-0.1704777
-0.1719675
-0.1635436
-0.1451393
-0.1236200
-0.1045484
-0.0883393
-0.0740963
-0.0629542
-0.0546982
-0.0435661
-0.0226425
0.0058276
0.0279277
0.0298491
0.0124501
-0.0082318
-0.0158873
-0.0078494
0.0068227
0.0209391
0.0371118
0.0612716
0.0920517
0.1209255
0.1422200
0.1579489
0.1701847
0.1727683
0.1566646
0.1240907
0.0920928
0.0779286
0.0821283
0.0892928
0.0853701
0.0705418
0.0538559
0.0396263
0.0247227
0.0084304
-0.0027029
-0.0054118
-0.0110766
-0.0371676
-0.0837056
-0.1242804
-0.1282961
-0.0928021
-0.0470213
-0.0225314
-0.0222156
-0.0225321
-0.0040901
0.0273503
0.0537639
0.0728705
0.1034929
0.1596183
0.2253053
0.2631379
0.2482349
0.1891983
0.1144891
0.0443294
-0.0179268
-0.0696858
-0.0956095
-0.0792910
-0.0274605
0.0262964
0.0492719
0.0405615
0.0292992
0.0404462
0.0663461
0.0760958
0.0512714
0.0070972
-0.0237233
-0.0245525
-0.0080011
0.0035092
0.0046339
0.0099133
0.0314641
0.0606631
0.0765866
0.0698865
0.0521032
0.0401229
0.0370016
0.0329707
0.0225698
0.0134743
0.0157002
0.0273433
0.0375580
0.0431517
0.0550112
0.0830348
0.1182802
0.1377790
0.1290783
0.1044413
0.0862880
0.0819633
0.0789354
0.0642770
0.0422044
0.0294056
0.0379499
0.0676002
0.1109980
0.1573312
0.1890195
0.1850661
0.1400033
0.0800448
0.0487012
0.0661592
0.1051624
0.1164238
0.0808861
0.0308807
0.0153941
0.0490081
0.1011696
0.1327668
0.1336682
0.1211869
0.1109694
0.1012081
0.0858323
0.0713591
0.0702470
0.0801603
0.0811110
0.0588606
0.0252894
0.0073593
0.0164049
0.0356416
0.0411316
0.0298287
0.0209033
0.0305519
0.0517967
0.0625533
0.0508112
0.0272898
0.0128114
0.0170396
0.0324347
0.0467888
0.0567516
0.0674622
0.0823659
0.0973999
0.1054835
0.1043132
0.0979988
0.0911794
0.0830433
0.0694940
0.0526707
0.0459789
0.0637583
0.1019293
0.1319356
0.1220697
0.0704509
0.0148185
0.0026281
0.0467926
0.1126550
0.1528802
0.1553014
0.1520998
0.1803447
0.2388704
0.2898137
0.3000908
0.2729071
0.2358285
0.2062584
0.1787580
0.1455821
0.1178216
0.1157148
0.1395784
0.1612385
0.1521875
0.1174392
0.0932394
0.1082335
0.1513435
0.1820645
0.1705312
0.1240810
0.0762251
0.0544554
0.0593257
0.0695921
0.0633510
0.0363720
0.0056767
-0.0028017
0.0253520
0.0790639
0.1282428
0.1499033
0.1513228
0.1633014
0.2041922
0.2506556
0.2506323
0.1708133
0.0318225
-0.1042911
-0.1806751
-0.1819871
-0.1332704
-0.0731188
-0.0295514
-0.0121526
-0.0144582
-0.0193739
-0.0097263
0.0159922
0.0362930
0.0222683
-0.0329233
-0.1013671
-0.1422869
-0.1382532
-0.1077891
-0.0823021
-0.0741579
-0.0696037
-0.0501548
-0.0156437
0.0159652
0.0285693
0.0232111
0.0128089
0.0060597
0.0009816
-0.0068093
-0.0151028
-0.0175172
-0.0122546
-0.0044451
0.0003961
0.0024170
0.0054331
0.0103855
0.0134273
0.0118060
0.0103054
0.0187082
0.0407008
0.0660746
0.0763616
0.0599381
0.0226439
-0.0152362
-0.0325865
-0.0214088
0.0084744
0.0375641
0.0518980
0.0525116
0.0506489
0.0543928
0.0609602
0.0615477
0.0514904
0.0340303
0.0146597
-0.0061101
-0.0322626
-0.0641269
-0.0926484
-0.1046404
-0.0947861
-0.0713286
-0.0490316
-0.0368815
-0.0325477
-0.0277454
-0.0187398
-0.0121366
-0.0191124
-0.0412159
-0.0621367
-0.0583724
-0.0225644
0.0243590
0.0483716
0.0327624
-0.0058262
-0.0319561
-0.0227217
0.0135601
0.0470410
0.0525248
0.0272350
-0.0119267
-0.0430487
-0.0520543
-0.0391290
-0.0190405
-0.0124797
-0.0289887
-0.0547076
-0.0605068
-0.0274864
0.0330905
0.0849834
0.0932755
0.0491051
-0.0268023
-0.1020542
-0.1549058
-0.1834333
-0.1988405
-0.2136770
-0.2349018
-0.2623448
-0.2891480
-0.3040128
-0.2966487
-0.2646927
-0.2175973
-0.1734651
-0.1483681
-0.1446735
-0.1500905
-0.1516948
-0.1513722
-0.1633297
-0.1939218
-0.2276915
-0.2394180
-0.2218427
-0.1980100
-0.2011431
-0.2398997
-0.2856124
-0.2984480
-0.2683638
-0.2280111
-0.2225813
-0.2676495
-0.3379371
-0.3949048
-0.4214243
-0.4301607
-0.4434365
-0.4691182
-0.4959777
-0.5098819
-0.5117791
-0.5184375
-0.5463503
-0.5966118
-0.6549116
-0.7032883
-0.7307784
-0.7350723
-0.7158836
-0.6665802
-0.5745825
-0.4370921
-0.2815930
-0.1659137
-0.1445256
-0.2223083
-0.3386969
-0.4059078
-0.3766423
-0.2827712
-0.2049280
-0.1963576
-0.2334868
-0.2428549
-0.1757135
-0.0528400
0.0617263
0.1221554
0.1317283
0.1207964
0.1084106
0.0933320
0.0769213
0.0794403
0.1213004
0.1897609
0.2373939
0.2237817
0.1571052
0.0885282
0.0658474
0.0963334
0.1521765
0.2033157
0.2401730
0.2690101
0.2940386
0.3097139
0.3093216
0.2947913
0.2734941
0.2485203
0.2187775
0.1883602
0.1678178
0.1620165
0.1622467
0.1564649
0.1453044
0.1420658
0.1555167
0.1761344
0.1831143
0.1666820
0.1417783
0.1347870
0.1542184
0.1791193
0.1819390
0.1595947
0.1339248
0.1217060
0.1137335
0.0895104
0.0484953
0.0194422
0.0350786
0.0973680
0.1702530
0.2105212
0.2062331
0.1811142
0.1622289
0.1526211
0.1404066
0.1246195
0.1191961
0.1331433
0.1584399
0.1815724
0.2002120
0.2221646
0.2486140
0.2642776
0.2515768
0.2170368
0.1948118
0.2121635
0.2542107
0.2781095
0.2656868
0.2466382
0.2595262
0.3009222
0.3270188
0.3023184
0.2361605
0.1702516
0.1355839
0.1242352
0.1049432
0.0655042
0.0301258
0.0264815
0.0465756
0.0584264
0.0503846
0.0401510
0.0401202
0.0407857
0.0351743
0.0322226
0.0325309
0.0168199
-0.0212840
