0.0962938
0.1692760
0.2350046
0.2112876
0.1251780
0.0868291
0.1372614
0.2055993
0.2097782
0.1297645
-0.0120215
-0.1745360
-0.2983510
-0.3400769
-0.3202299
-0.3015093
-0.3174960
-0.3516485
-0.3767185
-0.3785544
-0.3480724
-0.2875233
-0.2248201
-0.1911273
-0.1824008
-0.1648213
-0.1161135
-0.0451317
0.0204438
0.0486153
0.0181423
-0.0591460
-0.1393708
-0.1880162
-0.2122510
-0.2377217
-0.2657519
-0.2722760
-0.2417068
-0.1859066
-0.1335383
-0.1088451
-0.1119247
-0.1117436
-0.0697402
0.0184592
0.1104602
0.1521111
0.1213716
0.0413297
-0.0369989
-0.0678051
-0.0469255
-0.0194329
-0.0318781
-0.0702762
-0.0653444
0.0264046
0.1586039
0.2278234
0.1710731
0.0267130
-0.1005163
-0.1354260
-0.0967998
-0.0665419
-0.0977828
-0.1653655
-0.2108288
-0.2166647
-0.2157648
-0.2365658
-0.2646624
-0.2659312
-0.2336760
-0.2017445
-0.2089497
-0.2478353
-0.2501188
-0.1380789
0.0932420
0.3460264
0.4852930
0.4455396
0.2797584
0.1096695
0.0256634
0.0225004
0.0225346
-0.0384269
-0.1475091
-0.2364674
-0.2569607
-0.2190805
-0.1576059
-0.0842250
0.0090828
0.1084986
0.1625631
0.1214043
-0.0069131
-0.1456996
-0.2073858
-0.1712673
-0.1007343
-0.0757543
-0.1114059
-0.1515189
-0.1383319
-0.0742352
-0.0119789
0.0035802
-0.0253756
-0.0639899
-0.0883808
-0.1092610
-0.1524244
-0.2226791
-0.2951620
-0.3388635
-0.3348419
-0.2696544
-0.1332984
0.0536665
0.2170053
0.2610346
0.1455139
-0.0675238
-0.2525715
-0.3167783
-0.2662607
-0.1816729
-0.1305528
-0.1072896
-0.0580680
0.0488659
0.1912072
0.3213824
0.4025133
0.4105676
0.3294540
0.1764999
0.0328476
0.0167415
0.1934361
0.5020121
0.7859549
0.9155500
0.8854120
0.7863226
0.6887683
0.5797591
0.4258867
0.2691835
0.2151012
0.3145778
0.4897063
0.6067040
0.6155048
0.5876517
0.6058331
0.6415759
0.5770999
0.3523918
0.0578408
-0.1487326
-0.2045409
-0.1841849
-0.1741254
-0.1482895
-0.0111491
0.2466682
0.4865485
0.5466063
0.4133726
0.2387563
0.1802148
0.2453057
0.3110398
0.2821572
0.1964577
0.1607846
0.2088804
0.2572796
0.2049306
0.0507924
-0.1037830
-0.1592700
-0.1102890
-0.0383700
-0.0271459
-0.0890764
-0.1671230
-0.1972976
-0.1652532
-0.1070200
-0.0654365
-0.0526587
-0.0510666
-0.0405662
-0.0187374
0.0040481
0.0214532
0.0336775
0.0318337
-0.0055145
-0.0808017
-0.1441708
-0.1198156
0.0105387
0.1601248
0.2040776
0.1089638
-0.0195197
-0.0408490
0.0649976
0.1631574
0.1000782
-0.1292916
-0.3656925
-0.4414344
-0.3388417
-0.1841080
-0.0998383
-0.0907872
-0.0770869
-0.0089182
0.0806624
0.1299398
0.1242343
0.0997661
0.0850165
0.0646214
0.0126617
-0.0531538
-0.0744963
-0.0166261
0.0843228
0.1515775
0.1412836
0.0759097
0.0082248
-0.0328410
-0.0548264
-0.0726251
-0.0830795
-0.0733541
-0.0465860
-0.0277611
-0.0391542
-0.0745707
-0.1049564
-0.1089430
-0.0912854
-0.0707956
-0.0593664
-0.0589957
-0.0724649
-0.1050969
-0.1532058
-0.1978172
-0.2168683
-0.2048355
-0.1773069
-0.1533989
-0.1348540
-0.1067771
-0.0595600
-0.0033872
0.0445446
0.0824425
0.1250324
0.1838823
0.2563356
0.3350343
0.4151443
0.4806121
0.4899872
0.3966897
0.1994049
-0.0296608
-0.1837411
-0.2062253
-0.1424020
-0.1019754
-0.1641830
-0.3154957
-0.4712924
-0.5457501
-0.5007111
-0.3490312
-0.1383548
0.0618365
0.1776356
0.1633291
0.0326248
-0.1431510
-0.2786006
-0.3283287
-0.3061408
-0.2551755
-0.2027122
-0.1458031
-0.0755511
-0.0039951
0.0406993
0.0441508
0.0249097
0.0199317
0.0504356
0.1037215
0.1502326
0.1759582
0.1918778
0.2113091
0.2293063
0.2348082
0.2356864
0.2524650
0.2819793
0.2867661
0.2423609
0.1903838
0.2147555
0.3425810
0.4801804
0.4820544
0.3018031
0.0561970
-0.0893995
-0.0963117
-0.0797786
-0.1443152
-0.2234037
-0.1335689
0.1981494
0.5951866
0.7598720
0.5492333
0.1093289
-0.2671560
-0.4004046
-0.3361626
-0.2321116
-0.1803266
-0.1569877
-0.1094158
-0.0403706
0.0063128
0.0114530
0.0006265
0.0027166
0.0124994
0.0043938
-0.0287803
-0.0650694
-0.0812053
-0.0811974
-0.0912695
-0.1294225
-0.1851223
-0.2284213
-0.2346113
-0.1998927
-0.1387753
-0.0698127
-0.0010516
0.0727781
0.1547303
0.2243016
0.2384940
0.1659242
0.0237504
-0.1254597
-0.2201848
-0.2447503
-0.2287786
-0.2073463
-0.1885267
-0.1612736
-0.1260946
-0.1037412
-0.1072616
-0.1143387
-0.0825314
0.0025426
0.1016103
0.1523006
0.1252846
0.0471646
-0.0303772
-0.0789029
-0.1092122
-0.1431188
-0.1756026
-0.1709031
-0.0997493
0.0201693
0.1253954
0.1546984
0.1021588
0.0257020
-0.0003402
0.0504675
0.1330107
0.1708684
0.1231386
0.0139651
-0.0987067
-0.1742502
-0.2067074
-0.2047780
-0.1741302
-0.1238820
-0.0746329
-0.0433381
-0.0227999
0.0068846
0.0396186
0.0328772
-0.0398545
-0.1247375
-0.1045333
0.0884408
0.3736335
0.5608308
0.5090204
0.2496997
-0.0498399
-0.2372534
-0.2823965
-0.2516179
-0.2111835
-0.1772046
-0.1441454
-0.1232693
-0.1299845
-0.1473345
-0.1329114
-0.0731570
-0.0130709
-0.0118188
-0.0716642
-0.1288098
-0.1211674
-0.0535066
0.0145472
0.0376154
0.0269562
0.0227671
0.0398271
0.0557639
0.0505946
0.0393478
0.0508379
0.0798235
0.0805868
0.0215188
-0.0593371
-0.0684325
0.0630343
0.3091990
0.5573375
0.6850156
0.6375698
0.4464929
0.1891361
-0.0630269
-0.2668297
-0.4009681
-0.4565266
-0.4379381
-0.3649141
-0.2652322
-0.1640708
-0.0800908
-0.0268390
-0.0109889
-0.0271106
-0.0582069
-0.0868474
-0.1078993
-0.1284860
-0.1534558
-0.1730298
-0.1694928
-0.1366526
-0.0872300
-0.0374306
0.0107796
0.0646445
0.1195086
0.1529423
0.1467075
0.1106528
0.0762717
0.0637290
0.0601046
0.0356600
-0.0194842
-0.0810612
-0.1158165
-0.1161517
-0.1038079
-0.1012583
-0.1077957
-0.1069549
-0.0905659
-0.0677289
-0.0513560
-0.0433306
-0.0368138
-0.0299989
-0.0317808
-0.0504601
-0.0777876
-0.0887488
-0.0620412
-0.0018688
0.0636521
0.1087158
0.1337263
0.1597858
0.1977748
0.2264783
0.2098088
0.1429205
0.0793429
0.1005197
0.2454166
0.4650208
0.6491189
0.7043061
0.6149222
0.4395923
0.2568096
0.1110560
-0.0009182
-0.1036495
-0.2071203
-0.2939116
-0.3374066
-0.3303767
-0.2950303
-0.2647318
-0.2555704
-0.2559354
-0.2441331
-0.2148872
-0.1857729
-0.1773209
-0.1915143
-0.2144605
-0.2371395
-0.2647184
-0.3019597
-0.3366335
-0.3472643
-0.3295928
-0.3098051
-0.3253924
-0.3908117
-0.4827332
-0.5594277
-0.5935884
-0.5862191
-0.5530257
-0.5049568
-0.4453090
-0.3795863
-0.3181200
-0.2660008
-0.2167695
-0.1626824
-0.1094800
-0.0727566
-0.0548777
-0.0312321
0.0285134
0.1204418
0.1979808
0.2200421
0.2111666
0.2577250
0.4248047
0.6739095
0.8767052
0.9231367
0.8168682
0.6598341
0.5455880
0.4770763
0.3915570
0.2535672
0.1060074
0.0267894
0.0499145
0.1420954
0.2491746
0.3442705
0.4217440
0.4603560
0.4176290
0.2707032
0.0537888
-0.1578051
-0.3052346
-0.3862388
-0.4396668
-0.4968734
-0.5526229
-0.5791605
-0.5593946
-0.5030265
-0.4366661
-0.3850615
-0.3596680
-0.3569515
-0.3632460
-0.3639970
-0.3527028
-0.3326392
-0.3107926
-0.2920858
-0.2801096
-0.2798948
-0.2943390
-0.3160648
-0.3277276
-0.3177480
-0.2972912
-0.2947606
-0.3258514
-0.3699981
-0.3843077
-0.3451450
-0.2725690
-0.2098964
-0.1816174
-0.1758584
-0.1662940
-0.1433405
-0.1187271
-0.1031081
-0.0878831
-0.0541502
0.0030353
0.0653307
0.1081228
0.1239530
0.1266560
0.1345902
0.1535909
0.1762031
0.1935055
0.2044475
0.2137662
0.2228240
0.2249132
0.2117788
0.1852164
0.1598970
0.1518910
0.1641435
0.1847806
0.1996118
0.2041153
0.2022342
0.1961614
0.1819062
0.1570660
0.1301339
0.1165949
0.1233276
0.1401992
0.1514798
0.1542510
0.1597935
0.1752345
0.1900445
0.1871711
0.1657053
0.1444401
0.1385293
0.1371736
0.1130658
0.0575271
0.0012446
-0.0081033
0.0477823
0.1365613
0.2032335
0.2184814
0.1982972
0.1796427
0.1828176
0.1988447
0.2085129
0.2082861
0.2163616
0.2539167
0.3186486
0.3739181
0.3656093
0.2587495
0.0694846
-0.1335932
-0.2666076
-0.2839607
-0.2074410
-0.1050177
-0.0363176
-0.0129808
-0.0070661
0.0073900
0.0252937
0.0215628
-0.0147346
-0.0631375
-0.0900011
-0.0804845
-0.0484370
-0.0155759
0.0123179
0.0431374
0.0762099
0.0926039
0.0736849
0.0255263
-0.0227827
-0.0474103
-0.0525795
-0.0624326
-0.0932631
-0.1393010
-0.1866499
-0.2348860
-0.2978872
-0.3836923
-0.4804108
-0.5662134
-0.6295835
-0.6743487
-0.7063368
-0.7224409
-0.7167911
-0.6935672
-0.6666366
-0.6440193
-0.6161397
-0.5641231
-0.4806861
-0.3797268
-0.2824621
-0.1957322
-0.1085206
-0.0113008
0.0856253
0.1585785
0.1956009
0.2101926
0.2256168
0.2467639
0.2534906
0.2257856
0.1720418
0.1246349
0.1052819
0.1021408
0.0888386
0.0622005
0.0483927
0.0663193
0.0953910
0.0942327
0.0526261
0.0115889
0.0205966
0.0788817
0.1322549
0.1329632
0.0934094
0.0706045
0.1014755
0.1665727
0.2206298
0.2452707
0.2582460
0.2763359
0.2882510
0.2734579
0.2363313
0.2042081
0.1888843
0.1636589
0.0913372
-0.0267628
-0.1407596
-0.1962075
-0.1827725
-0.1340195
-0.0843696
-0.0372313
0.0222366
0.0937658
0.1530173
0.1759863
0.1639738
0.1395903
0.1219688
0.1119439
0.1015103
0.0917108
0.0962508
0.1283456
0.1870658
0.2557666
0.3100798
0.3282657
0.3024497
0.2484759
0.2035224
0.2037259
0.2553922
0.3280298
0.3805418
0.3970588
0.3964457
0.4067240
0.4333607
0.4558737
0.4539575
0.4306327
0.4051341
0.3859290
0.3585226
0.3038448
0.2246728
0.1472760
0.0953519
0.0664099
0.0378150
-0.0047154
-0.0489984
-0.0694708
-0.0565197
-0.0282486
-0.0109238
-0.0106797
-0.0090743
0.0132691
0.0533549
0.0893913
0.1051558
0.1057029
0.1074610
0.1169322
0.1244215
0.1191836
0.1054887
0.0985520
0.1057387
0.1181195
0.1240414
0.1265879
0.1404229
0.1705557
0.2009675
0.2102133
0.1963733
0.1796068
0.1769404
0.1795106
0.1621143
0.1158167
0.0632942
0.0347751
0.0314843
0.0225346
-0.0175148
-0.0744280
-0.1062332
-0.0895354
-0.0468148
-0.0237228
-0.0435690
-0.0897818
-0.1308968
-0.1540915
-0.1700035
-0.1909185
-0.2129329
-0.2185542
-0.1873830
-0.1014571
0.0470654
0.2367842
0.4048115
0.4719193
0.4002313
0.2320105
0.0643638
-0.0227797
-0.0190188
0.0281773
0.0667959
0.0781447
0.0720476
0.0620701
0.0539349
0.0504146
0.0540712
0.0616536
0.0635366
0.0547103
0.0424409
0.0364715
0.0330130
0.0161883
-0.0212277
-0.0635669
-0.0848818
-0.0756105
-0.0522144
-0.0386477
-0.0414773
-0.0464234
-0.0378264
-0.0172310
-0.0015009
-0.0055098
-0.0288153
-0.0571560
-0.0737721
-0.0701373
-0.0498166
-0.0238163
0.0000494
0.0256777
0.0661312
0.1308652
0.2152356
0.3029765
0.3776863
0.4303718
0.4581813
0.4623331
0.4517219
0.4447447
0.4580497
0.4880845
0.5081608
0.4919170
0.4412581
0.3854037
0.3492412
0.3280210
0.2995206
0.2574293
0.2213756
0.2090541
0.2070675
0.1816461
0.1196387
0.0485987
0.0079148
0.0039529
0.0038325
-0.0243932
-0.0744677
-0.1119438
-0.1159372
-0.0994986
-0.0867471
-0.0811925
-0.0670866
-0.0380172
-0.0104743
-0.0027676
-0.0087405
-0.0040001
0.0218146
0.0505695
0.0612970
0.0633155
0.0887138
0.1458765
0.1906203
0.1586117
0.0314164
-0.1360279
-0.2600418
-0.2998629
-0.2835950
-0.2682196
-0.2826556
-0.3120143
-0.3284006
-0.3252488
-0.3192858
-0.3274348
-0.3498199
-0.3736656
-0.3866506
-0.3847328
-0.3728507
-0.3625856
-0.3657321
-0.3837422
-0.4029634
-0.4056034
-0.3884113
-0.3671593
-0.3583896
-0.3582820
-0.3452310
-0.3052608
-0.2500934
-0.2049469
-0.1804964
-0.1640875
-0.1411716
-0.1184626
-0.1168733
-0.1411962
-0.1655742
-0.1569119
-0.1120501
-0.0657851
-0.0589711
-0.1008123
-0.1647687
-0.2187639
-0.2536706
-0.2804565
-0.3052966
-0.3163189
-0.2984422
-0.2570841
-0.2204057
-0.2148427
-0.2394188
-0.2660821
-0.2657363
-0.2335360
-0.1892304
-0.1548653
-0.1344305
-0.1152693
-0.0860427
-0.0493325
-0.0164685
0.0055734
0.0180852
0.0232446
0.0191175
0.0058986
-0.0060087
-0.0009187
0.0262432
0.0623375
0.0881437
0.0963536
0.0929077
0.0817771
0.0575797
0.0199781
-0.0106474
-0.0057526
0.0373833
0.0833509
0.0927405
0.0689044
0.0594207
0.1038213
0.1868515
0.2553760
0.2810311
0.2914052
0.3280841
0.3820160
0.3909387
0.3116821
0.1855535
0.1144867
0.1648240
0.2996506
0.4116557
0.4207697
0.3363790
0.2294438
0.1565287
0.1177623
0.0803279
0.0260544
-0.0324524
-0.0743106
-0.0939547
-0.0973099
-0.0836033
-0.0433167
0.0229099
0.0911179
0.1285792
0.1230887
0.0932763
0.0664650
0.0483451
0.0188538
-0.0411667
-0.1227159
-0.1907202
-0.2123270
-0.1816067
-0.1185304
-0.0486351
0.0141988
0.0689704
0.1183724
0.1615919
0.1946558
0.2153387
0.2272868
0.2398259
0.2624445
0.2967702
0.3331614
0.3575514
0.3639512
0.3590870
0.3519830
0.3395587
0.3070370
0.2456077
0.1670625
0.0960728
0.0473214
0.0140690
-0.0191942
-0.0577326
-0.0958643
-0.1328956
-0.1798704
-0.2438582
-0.3105283
-0.3533639
-0.3636989
-0.3631198
-0.3764409
-0.3944310
-0.3755866
-0.2934372
-0.1779831
-0.0993342
-0.1044813
-0.1726746
-0.2366279
-0.2457880
-0.2049877
-0.1534969
-0.1159073
-0.0811240
-0.0258473
0.0530105
0.1353903
0.2001254
0.2372190
0.2355916
0.1716272
0.0271635
-0.1760766
-0.3710057
-0.4890469
-0.5150657
-0.4946776
-0.4840554
-0.4961196
-0.4993050
-0.4628762
-0.3920697
-0.3170339
-0.2601548
-0.2273712
-0.2276070
-0.2816442
-0.3977770
-0.5436588
-0.6579646
-0.6983147
-0.6737236
-0.6250125
-0.5776096
-0.5214341
-0.4362354
-0.3264474
-0.2237951
-0.1589341
-0.1371540
-0.1407758
-0.1477561
-0.1454629
-0.1338779
-0.1239114
-0.1312044
-0.1623364
-0.2019724
-0.2184373
-0.1898948
-0.1268027
-0.0645163
-0.0313948
-0.0263755
-0.0292329
-0.0285216
-0.0332696
-0.0569679
-0.0965669
-0.1329778
-0.1513154
-0.1559218
-0.1637535
-0.1856831
-0.2164773
-0.2412666
-0.2486233
-0.2372903
-0.2132136
-0.1821430
-0.1445642
-0.0973140
-0.0417611
0.0084774
0.0308435
0.0100822
-0.0468268
-0.1147052
-0.1713037
-0.2118116
-0.2392921
-0.2449383
-0.2083400
-0.1229505
-0.0144727
0.0779586
0.1419550
0.2050025
0.2998080
0.4192530
0.5135066
0.5326475
