-0.0304103
-0.0284083
-0.0254200
-0.0334184
-0.0446064
-0.0439799
-0.0324282
-0.0241308
-0.0250675
-0.0274890
-0.0257119
-0.0260446
-0.0377525
-0.0609173
-0.0859935
-0.1018087
-0.1036508
-0.0966818
-0.0908448
-0.0899671
-0.0881437
-0.0797741
-0.0691989
-0.0648292
-0.0664180
-0.0652128
-0.0568487
-0.0477588
-0.0462211
-0.0511449
-0.0541390
-0.0529048
-0.0587644
-0.0843300
-0.1186927
-0.1183982
-0.0347750
0.1404571
0.3567893
0.5360525
0.6243694
0.6180268
0.5489772
0.4549563
0.3626738
0.2879895
0.2390366
0.2132509
0.1948502
0.1637474
0.1128142
0.0553192
0.0116612
-0.0108022
-0.0216937
-0.0328192
-0.0450149
-0.0516011
-0.0502470
-0.0467791
-0.0480834
-0.0546933
-0.0614529
-0.0639454
-0.0627419
-0.0612708
-0.0609765
-0.0603116
-0.0582220
-0.0561950
-0.0557355
-0.0559018
-0.0552156
-0.0543977
-0.0548178
-0.0551906
-0.0524932
-0.0462522
-0.0397943
-0.0366130
-0.0368518
-0.0380230
-0.0382837
-0.0381239
-0.0388696
-0.0401839
-0.0400229
-0.0375017
-0.0346514
-0.0337613
-0.0336020
-0.0306285
-0.0244084
-0.0195483
-0.0206080
-0.0263058
-0.0304446
-0.0283339
-0.0212608
-0.0146483
-0.0125186
-0.0141447
-0.0160792
-0.0167994
-0.0180072
-0.0208394
-0.0224779
-0.0186636
-0.0093599
0.0000619
0.0040250
0.0021422
-0.0010638
-0.0010245
0.0028322
0.0073882
0.0094885
0.0089912
0.0082045
0.0088555
0.0104374
0.0113763
0.0105970
0.0076443
0.0027041
-0.0025416
-0.0052735
-0.0042136
-0.0014875
-0.0005302
-0.0022202
-0.0041662
-0.0040340
-0.0026769
-0.0031604
-0.0066688
-0.0101075
-0.0088069
-0.0019341
0.0058008
0.0088970
0.0069567
0.0045434
0.0054520
0.0087913
0.0112075
0.0114915
0.0117424
0.0144787
0.0196425
0.0246020
0.0266055
0.0249264
0.0207978
0.0159721
0.0120538
0.0107695
0.0132252
0.0180446
0.0214525
0.0206960
0.0170019
0.0138346
0.0123768
0.0102592
0.0053862
-0.0001690
-0.0016301
0.0027957
0.0087113
0.0093431
0.0027992
-0.0057068
-0.0099004
-0.0096971
-0.0105040
-0.0154721
-0.0209564
-0.0211683
-0.0157841
-0.0106478
-0.0109810
-0.0158321
-0.0202551
-0.0218283
-0.0231494
-0.0274360
-0.0332564
-0.0356354
-0.0324297
-0.0275389
-0.0263684
-0.0293566
-0.0320599
-0.0313805
-0.0294137
-0.0300555
-0.0333123
-0.0349405
-0.0318462
-0.0263726
-0.0239921
-0.0269585
-0.0316151
-0.0329110
-0.0306954
-0.0297192
-0.0331209
-0.0377905
-0.0377767
-0.0315222
-0.0239206
-0.0209185
-0.0234234
-0.0274796
-0.0297617
-0.0313349
-0.0351510
-0.0406737
-0.0429599
-0.0382309
-0.0293604
-0.0239252
-0.0264031
-0.0335801
-0.0384374
-0.0376675
-0.0342627
-0.0330411
-0.0348923
-0.0360761
-0.0326601
-0.0246285
-0.0151744
-0.0067155
0.0010434
0.0088734
0.0153479
0.0178534
0.0158643
0.0117256
0.0077706
0.0037007
-0.0023587
-0.0107320
-0.0192771
-0.0260569
-0.0321639
-0.0404564
-0.0508503
-0.0581130
-0.0564262
-0.0465709
-0.0367054
-0.0342509
-0.0376085
-0.0378290
-0.0290309
-0.0157645
-0.0087040
-0.0133734
-0.0244931
-0.0319586
-0.0313203
-0.0274189
-0.0290486
-0.0426545
-0.0706395
-0.1095868
-0.1429848
-0.1359442
-0.0471938
0.1404518
0.3942492
0.6381383
0.7938728
0.8264046
0.7578997
0.6426420
0.5283092
0.4354995
0.3640405
0.3089854
0.2671356
0.2329231
0.1960173
0.1477955
0.0900656
0.0352229
-0.0037724
-0.0241537
-0.0344555
-0.0452784
-0.0593218
-0.0706433
-0.0730557
-0.0679394
-0.0630936
-0.0646223
-0.0712106
-0.0767074
-0.0774489
-0.0759171
-0.0769361
-0.0812388
-0.0842372
-0.0816034
-0.0749015
-0.0702560
-0.0715471
-0.0763136
-0.0790770
-0.0778295
-0.0760615
-0.0782984
-0.0844471
-0.0892672
-0.0875848
-0.0797384
-0.0714723
-0.0684057
-0.0710051
-0.0751929
-0.0773092
-0.0776208
-0.0788241
-0.0818168
-0.0838116
-0.0811128
-0.0736974
-0.0663618
-0.0644503
-0.0683197
-0.0728352
-0.0728937
-0.0688302
-0.0654322
-0.0657943
-0.0673747
-0.0649793
-0.0571826
-0.0485124
-0.0444443
-0.0447488
-0.0432406
-0.0348524
-0.0219298
-0.0118869
-0.0085162
-0.0071715
0.0003222
0.0166462
0.0360229
0.0500736
0.0553430
0.0544308
0.0508951
0.0451436
0.0362358
0.0262563
0.0203537
0.0214208
0.0260049
0.0270848
0.0208526
0.0097788
-0.0009423
-0.0087717
-0.0151806
-0.0226490
-0.0314574
-0.0394707
-0.0444463
-0.0463579
-0.0477883
-0.0520388
-0.0601368
-0.0691414
-0.0740446
-0.0726153
-0.0683764
-0.0672062
-0.0704635
-0.0740828
-0.0774079
-0.0906895
-0.1259138
-0.1737116
-0.1917805
-0.1268050
0.0414268
0.2735501
0.4903761
0.6242248
0.6572181
0.6170980
0.5435779
0.4614458
0.3794673
0.3025208
0.2360775
0.1806364
0.1295595
0.0768040
0.0249231
-0.0175056
-0.0455823
-0.0624972
-0.0741640
-0.0824153
-0.0856445
-0.0846731
-0.0845962
-0.0894533
-0.0968587
-0.1001634
-0.0958983
-0.0874303
-0.0807298
-0.0778709
-0.0758651
-0.0712500
-0.0644039
-0.0589861
-0.0578798
-0.0602900
-0.0627585
-0.0627776
-0.0613249
-0.0618656
-0.0668960
-0.0754755
-0.0839649
-0.0888514
-0.0888202
-0.0846685
-0.0781608
-0.0715910
-0.0681176
-0.0711296
-0.0816949
-0.0962106
-0.1077669
-0.1114577
-0.1089238
-0.1070987
-0.1117800
-0.1220909
-0.1310618
-0.1316217
-0.1225059
-0.1090581
-0.0985365
-0.0941867
-0.0932456
-0.0903803
-0.0830595
-0.0737308
-0.0669740
-0.0647125
-0.0643533
-0.0617369
-0.0558257
-0.0500678
-0.0488075
-0.0526495
-0.0579267
-0.0605884
-0.0597856
-0.0574370
-0.0553909
-0.0541786
-0.0541416
-0.0560477
-0.0595187
-0.0617434
-0.0597086
-0.0545596
-0.0524142
-0.0586911
-0.0710800
-0.0798259
-0.0768573
-0.0645892
-0.0542591
-0.0549185
-0.0648290
-0.0742922
-0.0761131
-0.0719914
-0.0686769
-0.0694556
-0.0709613
-0.0682314
-0.0612985
-0.0554960
-0.0555643
-0.0606758
-0.0657026
-0.0666208
-0.0639863
-0.0614675
-0.0617153
-0.0637688
-0.0641082
-0.0601297
-0.0527927
-0.0458840
-0.0425214
-0.0424424
-0.0429507
-0.0423904
-0.0420764
-0.0443202
-0.0488361
-0.0520141
-0.0503876
-0.0444574
-0.0382512
-0.0351128
-0.0349779
-0.0362335
-0.0387837
-0.0433155
-0.0477993
-0.0473779
-0.0397962
-0.0299994
-0.0266403
-0.0327962
-0.0415934
-0.0430272
-0.0350540
-0.0260315
-0.0251921
-0.0322313
-0.0383865
-0.0373164
-0.0320751
-0.0299039
-0.0323849
-0.0340655
-0.0309080
-0.0266861
-0.0282739
-0.0358074
-0.0410433
-0.0370387
-0.0273866
-0.0228899
-0.0288738
-0.0384155
-0.0401141
-0.0313718
-0.0213116
-0.0199744
-0.0268181
-0.0319229
-0.0279485
-0.0186624
-0.0145539
-0.0209747
-0.0320885
-0.0368760
-0.0303717
-0.0183912
-0.0115096
-0.0150588
-0.0249692
-0.0324410
-0.0318594
-0.0244914
-0.0157563
-0.0100352
-0.0082865
-0.0097423
-0.0142865
-0.0219475
-0.0304031
-0.0348137
-0.0317197
-0.0229925
-0.0146821
-0.0113992
-0.0125525
-0.0147212
-0.0167929
-0.0208879
-0.0275772
-0.0319685
-0.0272773
-0.0132251
0.0009185
0.0041134
-0.0051717
-0.0169170
-0.0198206
-0.0129004
-0.0057271
-0.0073673
-0.0164899
-0.0231700
-0.0197084
-0.0084612
0.0011278
0.0021372
-0.0040203
-0.0106965
-0.0133196
-0.0128794
-0.0130316
-0.0151936
-0.0170492
-0.0154034
-0.0099060
-0.0037828
-0.0009291
-0.0023161
-0.0053670
-0.0069280
-0.0065839
-0.0066484
-0.0089319
-0.0121433
-0.0130856
-0.0103675
-0.0062859
-0.0044715
-0.0058133
-0.0074339
-0.0061319
-0.0023965
-0.0002148
-0.0027605
-0.0088461
-0.0139895
-0.0146504
-0.0110885
-0.0064428
-0.0036863
-0.0035547
-0.0047766
-0.0056389
-0.0052816
-0.0039907
-0.0027581
-0.0025955
-0.0038813
-0.0060232
-0.0077749
-0.0080808
-0.0067282
-0.0042990
-0.0017086
0.0001774
0.0008580
0.0005171
-0.0000965
-0.0004765
-0.0009882
-0.0022407
-0.0037193
-0.0036046
-0.0006049
0.0040193
0.0068872
0.0055738
0.0013061
-0.0018450
-0.0007695
0.0038471
0.0086562
0.0111812
0.0115593
0.0109031
0.0091147
0.0053945
0.0006853
-0.0016843
0.0011477
0.0080631
0.0140169
0.0142755
0.0087737
0.0020794
-0.0010510
0.0000806
0.0022914
0.0024700
0.0008396
0.0003123
0.0030928
0.0082395
0.0124456
0.0129661
0.0097659
0.0050427
0.0009856
-0.0017562
-0.0035167
-0.0040679
-0.0021501
0.0033995
0.0123412
0.0229709
0.0330594
0.0404945
0.0431577
0.0391079
0.0281204
0.0135108
0.0014684
-0.0031356
-0.0011953
0.0009220
-0.0028007
-0.0121835
-0.0213338
-0.0252421
-0.0252313
-0.0268239
-0.0320911
-0.0354479
-0.0287804
-0.0111962
0.0076221
0.0153280
0.0083177
-0.0056429
-0.0162068
-0.0203718
-0.0225003
-0.0258064
-0.0270313
-0.0213790
-0.0109159
-0.0044792
-0.0081796
-0.0190449
-0.0314506
-0.0481381
-0.0777808
-0.1155789
-0.1280294
-0.0664774
0.0935492
0.3211709
0.5395606
0.6723576
0.6892856
0.6154777
0.5036195
0.3982521
0.3195480
0.2685356
0.2376908
0.2156557
0.1892245
0.1491141
0.0968860
0.0444682
0.0045754
-0.0189680
-0.0316066
-0.0402558
-0.0468886
-0.0497797
-0.0488141
-0.0472500
-0.0482103
-0.0513560
-0.0543093
-0.0563770
-0.0589969
-0.0623083
-0.0631732
-0.0583741
-0.0494702
-0.0426999
-0.0429596
-0.0484910
-0.0527479
-0.0516420
-0.0478036
-0.0468630
-0.0503054
-0.0535851
-0.0516696
-0.0450483
-0.0389070
-0.0368917
-0.0374591
-0.0370446
-0.0353450
-0.0354994
-0.0389190
-0.0418532
-0.0389124
-0.0298083
-0.0208546
-0.0186567
-0.0230229
-0.0274352
-0.0265017
-0.0215292
-0.0179080
-0.0180553
-0.0187348
-0.0157215
-0.0096198
-0.0054361
-0.0064295
-0.0099136
-0.0103237
-0.0059215
-0.0009391
-0.0004538
-0.0041402
-0.0063972
-0.0025980
0.0059896
0.0140488
0.0179675
0.0184842
0.0178581
0.0162585
0.0125104
0.0078663
0.0067472
0.0120421
0.0203011
0.0237070
0.0179586
0.0073018
0.0003326
0.0008978
0.0045188
0.0044112
-0.0002389
-0.0036794
-0.0011660
0.0048047
0.0073890
0.0038357
-0.0010808
-0.0010049
0.0040533
0.0077215
0.0052801
-0.0002208
-0.0012680
0.0054097
0.0150814
0.0202386
0.0182298
0.0126910
0.0083442
0.0063844
0.0056292
0.0063614
0.0104892
0.0174754
0.0223056
0.0198589
0.0113104
0.0042205
0.0048581
0.0111056
0.0145292
0.0098044
0.0008427
-0.0035050
0.0007045
0.0083210
0.0109951
0.0058934
-0.0026121
-0.0090501
-0.0124745
-0.0152489
-0.0180795
-0.0187059
-0.0158039
-0.0121664
-0.0122299
-0.0168570
-0.0222516
-0.0246412
-0.0248244
-0.0267777
-0.0321848
-0.0379966
-0.0401126
-0.0383117
-0.0361202
-0.0361199
-0.0370708
-0.0364500
-0.0346049
-0.0346850
-0.0383652
-0.0431095
-0.0447694
-0.0423701
-0.0391003
-0.0383848
-0.0400908
-0.0414915
-0.0413349
-0.0414880
-0.0440678
-0.0480002
-0.0496558
-0.0469093
-0.0416822
-0.0380358
-0.0382222
-0.0410996
-0.0440793
-0.0457625
-0.0463073
-0.0458185
-0.0433752
-0.0380630
-0.0305086
-0.0226803
-0.0160080
-0.0102038
-0.0044744
0.0001859
0.0006364
-0.0056799
-0.0174213
-0.0293380
-0.0364957
-0.0389052
-0.0414409
-0.0484535
-0.0585937
-0.0659234
-0.0667051
-0.0643169
-0.0659910
-0.0741374
-0.0819837
-0.0794921
-0.0641560
-0.0448981
-0.0339903
-0.0351981
-0.0411748
-0.0430517
-0.0410377
-0.0433480
-0.0545383
-0.0675154
-0.0698451
-0.0578371
-0.0416494
-0.0347316
-0.0402320
-0.0514958
-0.0658768
-0.0916815
-0.1333808
-0.1681164
-0.1445115
-0.0169773
0.2101166
0.4710739
0.6758228
0.7654936
0.7407342
0.6453647
0.5289052
0.4226464
0.3398850
0.2845187
0.2523255
0.2284344
0.1935403
0.1388208
0.0743139
0.0198081
-0.0132235
-0.0298203
-0.0425926
-0.0574172
-0.0696913
-0.0731025
-0.0687522
-0.0641336
-0.0647434
-0.0691153
-0.0724390
-0.0732045
-0.0746100
-0.0797102
-0.0867424
-0.0902804
-0.0868062
-0.0784607
-0.0710390
-0.0685677
-0.0701869
-0.0722610
-0.0729200
-0.0737909
-0.0771367
-0.0820596
-0.0845736
-0.0817616
-0.0752022
-0.0694618
-0.0672411
-0.0669033
-0.0653616
-0.0626601
-0.0622230
-0.0660476
-0.0708464
-0.0706188
-0.0633325
-0.0537810
-0.0486681
-0.0492611
-0.0502419
-0.0462733
-0.0385377
-0.0333093
-0.0340671
-0.0366174
-0.0334480
-0.0225710
-0.0103816
-0.0046815
-0.0055109
-0.0043368
0.0071092
0.0278842
0.0484344
0.0598593
0.0617607
0.0607484
0.0622279
0.0650274
0.0643424
0.0586453
0.0520268
0.0493358
0.0501360
0.0487580
0.0404812
0.0268710
0.0144742
0.0085610
0.0085750
0.0093405
0.0058212
-0.0034115
-0.0161306
-0.0284978
-0.0374489
-0.0426780
-0.0470476
-0.0538761
-0.0624261
-0.0667561
-0.0612417
-0.0480001
-0.0370286
-0.0373031
-0.0490676
-0.0675361
-0.0930868
-0.1314726
-0.1781286
-0.2041791
-0.1676802
-0.0482723
0.1271971
0.2978831
0.4124055
0.4614978
0.4702545
0.4635369
0.4436835
0.4002854
0.3334040
0.2598742
0.1972726
0.1477547
0.1012867
0.0520213
0.0066164
-0.0243236
-0.0392772
-0.0473172
-0.0577624
-0.0711545
-0.0809828
-0.0822082
-0.0765432
-0.0702858
-0.0686967
-0.0725299
-0.0785506
-0.0825670
-0.0826906
-0.0806861
-0.0800882
-0.0822917
-0.0844810
-0.0822404
-0.0746737
-0.0663330
-0.0632164
-0.0668323
-0.0728490
-0.0757500
-0.0741570
-0.0710781
-0.0694670
-0.0685915
-0.0651126
-0.0571268
-0.0465310
-0.0375228
-0.0332038
-0.0335541
-0.0360369
-0.0376492
-0.0365844
-0.0326048
-0.0264029
-0.0188540
-0.0108986
-0.0039114
0.0004387
0.0014423
0.0006353
0.0011105
0.0046418
0.0094635
0.0117941
0.0102323
0.0081576
0.0106815
0.0188511
0.0276572
0.0306690
0.0265106
0.0198923
0.0160105
0.0149009
0.0123759
0.0061987
-0.0002641
-0.0016058
0.0030165
0.0082582
0.0080956
0.0022201
-0.0038703
-0.0049333
-0.0013298
0.0018497
0.0002848
-0.0055217
-0.0112816
-0.0131752
-0.0109675
-0.0076928
-0.0068906
-0.0098122
-0.0145341
-0.0176312
-0.0173286
-0.0154471
-0.0158402
-0.0202443
-0.0257560
-0.0272461
-0.0228014
-0.0163068
-0.0137853
-0.0170750
-0.0219164
-0.0229016
-0.0198050
-0.0178813
-0.0215458
-0.0287771
-0.0330879
-0.0311222
-0.0270120
-0.0280193
-0.0361720
-0.0456981
-0.0497004
-0.0487098
-0.0511068
-0.0643781
-0.0866725
-0.1080070
-0.1198042
-0.1224656
-0.1234136
-0.1287541
-0.1379038
-0.1459157
-0.1493488
-0.1487416
-0.1459673
-0.1406436
-0.1299029
-0.1115535
-0.0874489
-0.0640730
-0.0493316
-0.0469824
-0.0528899
-0.0580514
-0.0583337
-0.0619328
-0.0829314
-0.1209967
-0.1451955
-0.1035772
0.0405250
0.2727258
0.5253027
0.7145869
0.7893841
0.7533485
0.6495950
0.5277904
0.4215353
0.3452220
0.2997846
0.2760961
0.2571611
0.2257005
0.1754340
0.1156012
0.0627579
0.0272243
0.0072562
-0.0049516
-0.0139769
