-0.0651423
-0.0578039
-0.0592867
-0.0628322
-0.0623357
-0.0577013
-0.0522340
-0.0474313
-0.0419743
-0.0351835
-0.0295498
-0.0285579
-0.0321932
-0.0356781
-0.0335023
-0.0247562
-0.0140506
-0.0069850
-0.0050752
-0.0055497
-0.0057721
-0.0066909
-0.0109930
-0.0182312
-0.0233158
-0.0211308
-0.0125051
-0.0042352
-0.0020031
-0.0035077
-0.0001257
0.0132339
0.0300528
0.0356896
0.0210700
-0.0061532
-0.0251322
-0.0188624
0.0101598
0.0406565
0.0499753
0.0327326
0.0039595
-0.0152548
-0.0154645
-0.0039897
0.0050460
0.0041748
-0.0030278
-0.0081599
-0.0063381
0.0011347
0.0096127
0.0143649
0.0117138
0.0001041
-0.0172717
-0.0312169
-0.0309500
-0.0130221
0.0131863
0.0305305
0.0274178
0.0079691
-0.0110176
-0.0144722
-0.0017987
0.0139720
0.0194263
0.0130389
0.0046355
0.0039563
0.0112842
0.0194557
0.0229646
0.0224799
0.0203391
0.0148613
0.0027498
-0.0127552
-0.0199505
-0.0089524
0.0155600
0.0347547
0.0316776
0.0073660
-0.0199459
-0.0318118
-0.0251180
-0.0113765
-0.0031963
-0.0036571
-0.0079863
-0.0117799
-0.0145691
-0.0163800
-0.0148520
-0.0085369
-0.0018529
-0.0032874
-0.0166808
-0.0352940
-0.0466626
-0.0441620
-0.0330829
-0.0247329
-0.0251485
-0.0305123
-0.0333514
-0.0315544
-0.0298231
-0.0326326
-0.0377612
-0.0384035
-0.0313347
-0.0212328
-0.0158085
-0.0174105
-0.0211030
-0.0215410
-0.0202453
-0.0239934
-0.0356143
-0.0482716
-0.0511607
-0.0412098
-0.0274159
-0.0220592
-0.0280807
-0.0367392
-0.0381534
-0.0326233
-0.0297819
-0.0366294
-0.0482036
-0.0516304
-0.0392432
-0.0164975
0.0035098
0.0123584
0.0121926
0.0101410
0.0091421
0.0058929
-0.0029023
-0.0147540
-0.0236188
-0.0273150
-0.0306308
-0.0398507
-0.0552277
-0.0707963
-0.0817652
-0.0898174
-0.0991163
-0.1082456
-0.1095331
-0.0980129
-0.0788465
-0.0626422
-0.0536327
-0.0462662
-0.0358715
-0.0295651
-0.0405243
-0.0694302
-0.0965133
-0.0984394
-0.0735647
-0.0451979
-0.0370291
-0.0502085
-0.0711280
-0.0983212
-0.1464121
-0.2097250
-0.2254145
-0.0942852
0.2373735
0.7059841
1.1467404
1.3964892
1.3973049
1.2143832
0.9658563
0.7393780
0.5639447
0.4357375
0.3479861
0.2929526
0.2514903
0.1989477
0.1261054
0.0477359
-0.0145158
-0.0547813
-0.0841604
-0.1118615
-0.1328377
-0.1375925
-0.1290063
-0.1220733
-0.1264503
-0.1354128
-0.1362482
-0.1282144
-0.1238824
-0.1317298
-0.1430620
-0.1413835
-0.1233107
-0.1045073
-0.1023241
-0.1159719
-0.1282649
-0.1263451
-0.1159055
-0.1123801
-0.1211093
-0.1309185
-0.1279136
-0.1118889
-0.0960753
-0.0919519
-0.0977708
-0.1031026
-0.1019851
-0.0984767
-0.0994458
-0.1050335
-0.1085793
-0.1050396
-0.0969097
-0.0909008
-0.0903019
-0.0923572
-0.0929126
-0.0917810
-0.0922000
-0.0955734
-0.0985300
-0.0963510
-0.0887963
-0.0810789
-0.0783836
-0.0802479
-0.0815767
-0.0791766
-0.0758911
-0.0770600
-0.0832135
-0.0878198
-0.0834617
-0.0699465
-0.0550074
-0.0463357
-0.0438089
-0.0408798
-0.0333930
-0.0250872
-0.0228875
-0.0275519
-0.0312953
-0.0260287
-0.0130675
-0.0027815
-0.0039029
-0.0143073
-0.0238072
-0.0257743
-0.0240516
-0.0271757
-0.0371701
-0.0467216
-0.0481623
-0.0430096
-0.0401044
-0.0446191
-0.0517115
-0.0529121
-0.0472994
-0.0431358
-0.0473508
-0.0558946
-0.0576436
-0.0477704
-0.0340917
-0.0280952
-0.0314242
-0.0344948
-0.0289273
-0.0183712
-0.0143747
-0.0222972
-0.0341652
-0.0368317
-0.0258315
-0.0093806
0.0009439
0.0014314
-0.0025996
-0.0049707
-0.0054733
-0.0081772
-0.0147584
-0.0212641
-0.0217505
-0.0145798
-0.0048105
-0.0001654
-0.0041569
-0.0129238
-0.0192750
-0.0202988
-0.0204690
-0.0261757
-0.0371256
-0.0447095
-0.0406388
-0.0271542
-0.0167182
-0.0199043
-0.0341478
-0.0464128
-0.0474899
-0.0417869
-0.0411934
-0.0502053
-0.0599352
-0.0582136
-0.0440580
-0.0296978
-0.0277216
-0.0378208
-0.0478481
-0.0476723
-0.0401186
-0.0369282
-0.0447070
-0.0569298
-0.0609262
-0.0518785
-0.0382514
-0.0327850
-0.0390124
-0.0479680
-0.0485499
-0.0400775
-0.0330494
-0.0370688
-0.0494084
-0.0573308
-0.0518717
-0.0376938
-0.0280053
-0.0304296
-0.0396613
-0.0446492
-0.0415629
-0.0376881
-0.0421446
-0.0543832
-0.0637273
-0.0604901
-0.0462604
-0.0323236
-0.0284339
-0.0338366
-0.0388690
-0.0343890
-0.0197081
-0.0024135
0.0089459
0.0125160
0.0141564
0.0205115
0.0304912
0.0342696
0.0224411
-0.0030302
-0.0283975
-0.0408506
-0.0418806
-0.0457498
-0.0630120
-0.0871450
-0.1005495
-0.0939722
-0.0768038
-0.0661079
-0.0677632
-0.0720089
-0.0670993
-0.0529576
-0.0390756
-0.0323802
-0.0319508
-0.0348909
-0.0412933
-0.0501159
-0.0548242
-0.0498838
-0.0407843
-0.0401288
-0.0514367
-0.0657108
-0.0826239
-0.1266043
-0.2181876
-0.3141356
-0.2895739
-0.0151100
0.5187536
1.1502624
1.6364636
1.8164804
1.7041090
1.4369910
1.1505308
0.9022443
0.6941530
0.5299096
0.4265366
0.3797121
0.3457521
0.2758055
0.1642513
0.0521243
-0.0187284
-0.0469001
-0.0636528
-0.0918547
-0.1226854
-0.1334993
-0.1196857
-0.1014119
-0.1007654
-0.1189716
-0.1384669
-0.1434075
-0.1342648
-0.1236052
-0.1217174
-0.1280012
-0.1342643
-0.1338259
-0.1272126
-0.1205758
-0.1195738
-0.1242877
-0.1292569
-0.1286301
-0.1220594
-0.1155864
-0.1158318
-0.1227892
-0.1289918
-0.1266773
-0.1157555
-0.1041141
-0.0998865
-0.1037238
-0.1088395
-0.1085141
-0.1033524
-0.1008585
-0.1074195
-0.1205753
-0.1297886
-0.1257881
-0.1097017
-0.0928388
-0.0868983
-0.0937779
-0.1047275
-0.1095744
-0.1067192
-0.1036594
-0.1075942
-0.1164304
-0.1203039
-0.1122189
-0.0962700
-0.0844770
-0.0853414
-0.0955960
-0.1030851
-0.0977824
-0.0805127
-0.0615485
-0.0509042
-0.0496350
-0.0499178
-0.0431522
-0.0281939
-0.0123030
-0.0042546
-0.0061359
-0.0117130
-0.0132078
-0.0097000
-0.0079850
-0.0144507
-0.0267822
-0.0351169
-0.0319383
-0.0201342
-0.0105140
-0.0114344
-0.0213718
-0.0317034
-0.0359806
-0.0356016
-0.0365703
-0.0419736
-0.0486475
-0.0508453
-0.0462310
-0.0382614
-0.0333873
-0.0357810
-0.0436873
-0.0505025
-0.0504600
-0.0443243
-0.0391209
-0.0410342
-0.0481423
-0.0510723
-0.0420925
-0.0239433
-0.0089116
-0.0080601
-0.0209060
-0.0359754
-0.0416935
-0.0365795
-0.0289968
-0.0278043
-0.0337772
-0.0396258
-0.0376387
-0.0273851
-0.0164424
-0.0135269
-0.0204875
-0.0310262
-0.0374996
-0.0386660
-0.0400530
-0.0466094
-0.0558773
-0.0595598
-0.0523021
-0.0383716
-0.0286004
-0.0301992
-0.0400113
-0.0483203
-0.0489055
-0.0445720
-0.0429525
-0.0479196
-0.0556524
-0.0586484
-0.0531086
-0.0425944
-0.0347574
-0.0343380
-0.0391416
-0.0429423
-0.0423587
-0.0404934
-0.0432750
-0.0520474
-0.0603102
-0.0589322
-0.0455497
-0.0285425
-0.0203871
-0.0261760
-0.0390454
-0.0474334
-0.0463738
-0.0409537
-0.0391902
-0.0429882
-0.0468553
-0.0447812
-0.0370792
-0.0298753
-0.0284336
-0.0320743
-0.0360461
-0.0374899
-0.0383379
-0.0422829
-0.0498795
-0.0571632
-0.0587280
-0.0521202
-0.0400743
-0.0290092
-0.0245074
-0.0268239
-0.0302969
-0.0279086
-0.0174822
-0.0037196
0.0064205
0.0108430
0.0142625
0.0219195
0.0315276
0.0335142
0.0209120
-0.0019807
-0.0231260
-0.0353178
-0.0431531
-0.0558584
-0.0744731
-0.0891114
-0.0901581
-0.0801790
-0.0717780
-0.0732825
-0.0792730
-0.0774608
-0.0633461
-0.0447821
-0.0321311
-0.0279610
-0.0288016
-0.0334801
-0.0440845
-0.0583765
-0.0670397
-0.0630812
-0.0517452
-0.0458182
-0.0514022
-0.0655393
-0.0916892
-0.1473221
-0.2367462
-0.3072288
-0.2471879
0.0409658
0.5423958
1.1023255
1.5126911
1.6471943
1.5293905
1.2835609
1.0285057
0.8144926
0.6405030
0.5025210
0.4085596
0.3551204
0.3114987
0.2420493
0.1418430
0.0415586
-0.0249318
-0.0529724
-0.0654483
-0.0842666
-0.1095709
-0.1265097
-0.1262060
-0.1154946
-0.1077112
-0.1087962
-0.1143940
-0.1178337
-0.1176065
-0.1172316
-0.1204148
-0.1272800
-0.1338115
-0.1341847
-0.1253144
-0.1108596
-0.0999634
-0.0997787
-0.1083009
-0.1156465
-0.1137499
-0.1048984
-0.0997219
-0.1059671
-0.1196056
-0.1280804
-0.1227262
-0.1073133
-0.0938791
-0.0908199
-0.0958475
-0.1001191
-0.0980582
-0.0927029
-0.0918176
-0.0989850
-0.1086405
-0.1105696
-0.1001102
-0.0837455
-0.0736739
-0.0763669
-0.0868097
-0.0943557
-0.0939232
-0.0906021
-0.0926986
-0.1009166
-0.1062496
-0.0998348
-0.0838468
-0.0702559
-0.0680414
-0.0733809
-0.0742569
-0.0642378
-0.0497576
-0.0427973
-0.0471755
-0.0535649
-0.0488599
-0.0300190
-0.0075934
0.0046821
0.0028358
-0.0052857
-0.0096252
-0.0078641
-0.0058673
-0.0098911
-0.0194250
-0.0274052
-0.0269835
-0.0182857
-0.0088312
-0.0070865
-0.0150276
-0.0265537
-0.0331697
-0.0317849
-0.0275363
-0.0286661
-0.0377278
-0.0478486
-0.0489069
-0.0381381
-0.0238000
-0.0173333
-0.0222045
-0.0313050
-0.0351167
-0.0313847
-0.0262829
-0.0266483
-0.0320749
-0.0353636
-0.0306633
-0.0202146
-0.0122173
-0.0123758
-0.0185457
-0.0238715
-0.0243224
-0.0224604
-0.0238709
-0.0302104
-0.0362758
-0.0348863
-0.0251963
-0.0151747
-0.0142096
-0.0230996
-0.0328699
-0.0345538
-0.0293891
-0.0277145
-0.0370209
-0.0519917
-0.0583147
-0.0476032
-0.0275946
-0.0153722
-0.0198721
-0.0329182
-0.0390269
-0.0327420
-0.0237999
-0.0249284
-0.0368440
-0.0473160
-0.0447266
-0.0306589
-0.0178292
-0.0163631
-0.0241505
-0.0314877
-0.0332124
-0.0335216
-0.0387567
-0.0481157
-0.0535904
-0.0486665
-0.0357470
-0.0245695
-0.0234077
-0.0315610
-0.0402352
-0.0410590
-0.0341160
-0.0277492
-0.0305016
-0.0430116
-0.0571457
-0.0627047
-0.0556630
-0.0409827
-0.0279133
-0.0225786
-0.0249805
-0.0321263
-0.0419073
-0.0527493
-0.0610792
-0.0620534
-0.0540743
-0.0416937
-0.0326687
-0.0314447
-0.0354866
-0.0384091
-0.0370324
-0.0348409
-0.0375029
-0.0450712
-0.0500839
-0.0444832
-0.0279913
-0.0087582
0.0043551
0.0097069
0.0129467
0.0193222
0.0265573
0.0266686
0.0154725
-0.0012347
-0.0132006
-0.0172550
-0.0207388
-0.0319413
-0.0490007
-0.0613623
-0.0627571
-0.0599121
-0.0651321
-0.0801680
-0.0910225
-0.0820703
-0.0541682
-0.0246720
-0.0088021
-0.0056374
-0.0057827
-0.0082318
-0.0214306
-0.0465280
-0.0679007
-0.0680832
-0.0498960
-0.0351873
-0.0391683
-0.0547084
-0.0709638
-0.1010241
-0.1694439
-0.2562994
-0.2631050
-0.0651373
0.3745799
0.9369641
1.4042343
1.6039193
1.5157909
1.2568916
0.9758614
0.7587437
0.6134100
0.5132820
0.4378587
0.3775372
0.3208638
0.2535884
0.1711767
0.0851093
0.0132493
-0.0346676
-0.0618896
-0.0782086
-0.0907832
-0.1000412
-0.1025947
-0.0976989
-0.0908154
-0.0900288
-0.0984019
-0.1105546
-0.1178106
-0.1167914
-0.1121255
-0.1102835
-0.1118511
-0.1117805
-0.1073036
-0.1025793
-0.1028388
-0.1059320
-0.1045479
-0.0977155
-0.0949379
-0.1043014
-0.1187779
-0.1207020
-0.1023048
-0.0777861
-0.0699305
-0.0847421
-0.1040720
-0.1065668
-0.0927852
-0.0834367
-0.0920860
-0.1067628
-0.1049941
-0.0837951
-0.0655446
-0.0709134
-0.0926513
-0.1035837
-0.0892348
-0.0648891
-0.0564735
-0.0691551
-0.0821180
-0.0752920
-0.0543357
-0.0428317
-0.0521792
-0.0675281
-0.0669332
-0.0486930
-0.0329026
-0.0368424
-0.0550648
-0.0665303
-0.0580217
-0.0366667
-0.0200294
-0.0175239
-0.0235476
-0.0269053
-0.0231964
-0.0166669
-0.0127631
-0.0123709
-0.0130615
-0.0127187
-0.0105493
-0.0066135
-0.0024636
-0.0016991
-0.0080989
-0.0221423
-0.0390499
-0.0506744
-0.0509757
-0.0413067
-0.0299748
-0.0250419
-0.0273642
-0.0316928
-0.0340869
-0.0360203
-0.0403432
-0.0452386
-0.0449214
-0.0370210
-0.0274093
-0.0249794
-0.0308437
-0.0352906
-0.0286191
-0.0141317
-0.0060274
-0.0127740
-0.0264525
-0.0323721
-0.0271224
-0.0219877
-0.0276117
-0.0397510
-0.0441548
-0.0343911
-0.0202919
-0.0160745
-0.0225226
-0.0260418
-0.0168865
-0.0035009
-0.0031983
-0.0196580
-0.0361109
-0.0342199
-0.0162503
-0.0036500
-0.0133585
-0.0388055
-0.0565962
-0.0511832
-0.0305864
-0.0165917
-0.0212420
-0.0361657
-0.0452078
-0.0432798
-0.0391316
-0.0416443
-0.0486077
-0.0507397
-0.0437947
-0.0337006
-0.0298587
-0.0352501
-0.0444249
-0.0508278
-0.0540519
-0.0581062
-0.0637559
-0.0659746
-0.0601114
-0.0480584
-0.0363380
-0.0296472
-0.0283433
-0.0312082
-0.0380131
-0.0485360
-0.0601578
-0.0676775
-0.0664613
-0.0564233
-0.0426315
-0.0314929
-0.0268461
-0.0298978
-0.0404528
-0.0552151
-0.0660438
-0.0645974
-0.0512683
-0.0375087
-0.0361678
-0.0485176
-0.0616963
-0.0606026
-0.0437775
-0.0269023
-0.0276020
-0.0452863
-0.0589409
-0.0485731
-0.0180114
0.0075368
0.0079609
-0.0102051
-0.0211254
-0.0083122
0.0162931
0.0242884
0.0021149
-0.0328657
-0.0511912
-0.0446930
-0.0354794
-0.0497696
-0.0878951
-0.1250843
-0.1394087
-0.1326850
-0.1224087
-0.1183043
-0.1125347
-0.0932834
-0.0626875
-0.0361470
-0.0250770
-0.0268090
-0.0338209
-0.0456442
-0.0637944
-0.0788971
-0.0750325
-0.0510935
-0.0287655
-0.0302486
-0.0517195
-0.0699048
-0.0772959
-0.0976269
-0.1486186
-0.1859198
-0.1030996
0.1842313
0.6393238
1.0960220
1.3665688
1.3726420
1.1828236
0.9352831
0.7306113
0.5880630
0.4794592
0.3836496
0.3050743
0.2526933
0.2169490
0.1743964
0.1111926
0.0359942
-0.0300670
-0.0718441
-0.0890379
-0.0924995
-0.0946777
-0.1006767
-0.1058731
-0.1031789
-0.0929929
-0.0838962
-0.0834455
-0.0913735
-0.1026324
-0.1134564
-0.1217498
-0.1236837
-0.1140093
-0.0920998
-0.0675669
-0.0568392
-0.0693384
-0.0956126
-0.1135276
-0.1099899
-0.0940268
-0.0848995
-0.0901384
-0.1001832
-0.1028355
-0.0966979
-0.0889475
-0.0844888
-0.0811410
-0.0753098
-0.0698833
-0.0729939
-0.0866591
-0.0994829
-0.0966093
-0.0776593
-0.0589399
-0.0549772
-0.0625297
-0.0667368
-0.0597531
-0.0488976
-0.0472344
-0.0586041
-0.0720296
-0.0713399
-0.0521504
-0.0283074
-0.0182744
-0.0258758
-0.0383314
-0.0424998
-0.0381194
-0.0345803
-0.0390663
-0.0490318
-0.0537637
-0.0439577
-0.0224949
-0.0038035
0.0011528
-0.0031908
-0.0045005
0.0009253
0.0052120
0.0011547
-0.0084618
-0.0140901
-0.0086465
0.0055718
0.0171436
0.0155315
0.0029294
-0.0079972
-0.0101625
-0.0097748
-0.0148497
-0.0232395
-0.0273475
-0.0245912
-0.0177560
-0.0103525
-0.0061801
-0.0078769
-0.0121250
-0.0124554
-0.0095523
-0.0110757
-0.0185527
-0.0234328
-0.0195005
-0.0102111
-0.0010252
0.0059451
0.0080575
0.0038701
-0.0005187
0.0009555
0.0017801
-0.0064720
-0.0137535
-0.0034765
0.0158381
0.0178136
0.0008953
-0.0071002
0.0031374
0.0036901
-0.0226146
