-0.0461568
-0.0397684
-0.0619371
-0.0892098
-0.0943852
-0.0752335
-0.0550043
-0.0589758
-0.0958274
-0.1610586
-0.2485442
-0.3427879
-0.3917772
-0.3030221
-0.0005445
0.4898584
1.0172286
1.3901544
1.5038363
1.3950364
1.1852231
0.9808770
0.8222316
0.7017456
0.6045320
0.5231894
0.4476644
0.3617113
0.2597005
0.1610738
0.0960718
0.0732731
0.0679248
0.0480337
0.0083447
-0.0280319
-0.0408872
-0.0388308
-0.0498870
-0.0885129
-0.1368812
-0.1620856
-0.1512547
-0.1256452
-0.1167274
-0.1304372
-0.1408566
-0.1214190
-0.0781519
-0.0472078
-0.0594972
-0.1103486
-0.1643518
-0.1879464
-0.1763492
-0.1509919
-0.1351598
-0.1351375
-0.1430064
-0.1511906
-0.1592619
-0.1683340
-0.1746495
-0.1716092
-0.1565454
-0.1339436
-0.1129168
-0.1022584
-0.1061350
-0.1217144
-0.1397872
-0.1491725
-0.1437954
-0.1282729
-0.1162815
-0.1200349
-0.1383139
-0.1549806
-0.1513371
-0.1214454
-0.0762590
-0.0340195
-0.0069987
0.0044062
0.0077804
0.0106552
0.0156959
0.0220148
0.0291457
0.0382033
0.0492485
0.0590694
0.0627933
0.0577862
0.0459700
0.0327247
0.0233710
0.0196899
0.0190689
0.0170392
0.0108730
0.0011468
-0.0091618
-0.0165125
-0.0190023
-0.0185727
-0.0206574
-0.0292707
-0.0414056
-0.0481490
-0.0436584
-0.0330582
-0.0295909
-0.0426238
-0.0688680
-0.0963939
-0.1167535
-0.1308469
-0.1416294
-0.1437872
-0.1257927
-0.0847112
-0.0366508
-0.0085367
-0.0172908
-0.0559996
-0.0990061
-0.1203605
-0.1109692
-0.0832745
-0.0611825
-0.0617074
-0.0810128
-0.0967464
-0.0873405
-0.0534209
-0.0213567
-0.0229968
-0.0683005
-0.1359693
-0.1905755
-0.2095986
-0.1967158
-0.1737657
-0.1624857
-0.1703980
-0.1873926
-0.1933066
-0.1730760
-0.1299588
-0.0845630
-0.0578837
-0.0538325
-0.0597864
-0.0646519
-0.0731851
-0.0988089
-0.1428415
-0.1853689
-0.1998910
-0.1758378
-0.1249329
-0.0682554
-0.0221382
0.0041193
0.0058168
-0.0132953
-0.0361914
-0.0406042
-0.0179607
0.0173435
0.0413667
0.0426862
0.0277814
0.0052999
-0.0282635
-0.0813264
-0.1478780
-0.2037009
-0.2272547
-0.2217225
-0.2109378
-0.2132919
-0.2244533
-0.2277394
-0.2164936
-0.2000316
-0.1880913
-0.1764305
-0.1531856
-0.1174071
-0.0847406
-0.0714631
-0.0762358
-0.0827504
-0.0801691
-0.0751379
-0.0796782
-0.0908953
-0.0901490
-0.0648506
-0.0261308
0.0009694
0.0046378
-0.0013959
0.0046536
0.0260796
0.0435189
0.0374411
0.0100548
-0.0183638
-0.0324600
-0.0375518
-0.0545341
-0.1041350
-0.1933889
-0.3032429
-0.3761881
-0.3217924
-0.0614370
0.4025946
0.9519095
1.4001300
1.6033437
1.5463230
1.3320626
1.0897602
0.8886980
0.7277439
0.5862906
0.4665817
0.3847696
0.3361813
0.2869048
0.2049950
0.0942804
-0.0083231
-0.0680992
-0.0821212
-0.0757071
-0.0758281
-0.0912101
-0.1139160
-0.1321918
-0.1387617
-0.1318565
-0.1155308
-0.1006820
-0.1010893
-0.1231868
-0.1585817
-0.1890260
-0.2013799
-0.1986405
-0.1959880
-0.2056349
-0.2253970
-0.2416485
-0.2426514
-0.2288435
-0.2113387
-0.2018191
-0.2035252
-0.2098885
-0.2101976
-0.1972095
-0.1716819
-0.1418816
-0.1195324
-0.1148129
-0.1317276
-0.1644998
-0.1973666
-0.2109734
-0.1941907
-0.1532913
-0.1096318
-0.0860308
-0.0927426
-0.1240992
-0.1655192
-0.2012164
-0.2173018
-0.2058074
-0.1741298
-0.1496998
-0.1642751
-0.2229777
-0.2894800
-0.3118836
-0.2709324
-0.2009520
-0.1574836
-0.1633220
-0.1900836
-0.1932087
-0.1590050
-0.1123244
-0.0824676
-0.0718486
-0.0618270
-0.0411381
-0.0184311
-0.0073646
-0.0091935
-0.0156508
-0.0230348
-0.0342964
-0.0471444
-0.0488768
-0.0292501
0.0045561
0.0321408
0.0397502
0.0317704
0.0214687
0.0154602
0.0112991
0.0060631
-0.0008156
-0.0135449
-0.0390296
-0.0723161
-0.0887170
-0.0641713
-0.0088000
0.0295897
0.0087986
-0.0591516
-0.1125445
-0.1013722
-0.0419136
-0.0027849
-0.0352708
-0.1227948
-0.2015065
-0.2241838
-0.1968703
-0.1571419
-0.1301968
-0.1134714
-0.0951714
-0.0727110
-0.0503119
-0.0315507
-0.0258862
-0.0556459
-0.1352079
-0.2288498
-0.2374091
-0.0520985
0.3545568
0.8817639
1.3485905
1.6026140
1.6017866
1.4136111
1.1513166
0.9081844
0.7297458
0.6190659
0.5520988
0.4926011
0.4090715
0.2915573
0.1568885
0.0358197
-0.0484753
-0.0933810
-0.1133181
-0.1263006
-0.1422661
-0.1597196
-0.1704961
-0.1685914
-0.1568380
-0.1457481
-0.1448460
-0.1543955
-0.1656111
-0.1686747
-0.1601829
-0.1437722
-0.1256010
-0.1099979
-0.0977605
-0.0867530
-0.0748768
-0.0647547
-0.0653212
-0.0849077
-0.1194752
-0.1497394
-0.1556760
-0.1366658
-0.1141995
-0.1106002
-0.1258875
-0.1396498
-0.1360673
-0.1220129
-0.1166280
-0.1263228
-0.1369688
-0.1326070
-0.1162988
-0.1066954
-0.1152319
-0.1329147
-0.1423983
-0.1388109
-0.1331079
-0.1353991
-0.1407413
-0.1349428
-0.1118836
-0.0809337
-0.0571515
-0.0471939
-0.0457557
-0.0430326
-0.0333460
-0.0182012
-0.0045413
-0.0007552
-0.0114508
-0.0335012
-0.0579294
-0.0777156
-0.0933005
-0.1078324
-0.1168707
-0.1073293
-0.0716620
-0.0228869
0.0099466
0.0062049
-0.0261377
-0.0572803
-0.0637712
-0.0491376
-0.0364766
-0.0429208
-0.0638644
-0.0816083
-0.0856776
-0.0816950
-0.0815916
-0.0891694
-0.0973957
-0.0978189
-0.0893493
-0.0775539
-0.0683536
-0.0647263
-0.0680325
-0.0785708
-0.0926923
-0.1014701
-0.0964721
-0.0790838
-0.0625582
-0.0617221
-0.0793116
-0.1034261
-0.1193768
-0.1233588
-0.1234761
-0.1280355
-0.1348820
-0.1333725
-0.1160201
-0.0868589
-0.0582889
-0.0406511
-0.0350409
-0.0348217
-0.0324434
-0.0249626
-0.0150228
-0.0081829
-0.0088069
-0.0167151
-0.0268865
-0.0330684
-0.0326640
-0.0283289
-0.0246148
-0.0232262
-0.0220106
-0.0186813
-0.0149908
-0.0164175
-0.0271314
-0.0451433
-0.0627119
-0.0720068
-0.0709435
-0.0641975
-0.0592139
-0.0613203
-0.0718327
-0.0893927
-0.1118061
-0.1360384
-0.1568453
-0.1666604
-0.1585059
-0.1305821
-0.0888907
-0.0450542
-0.0099772
0.0123516
0.0257294
0.0358577
0.0429116
0.0407393
0.0247782
0.0002152
-0.0202559
-0.0282087
-0.0273241
-0.0272647
-0.0309786
-0.0321156
-0.0263157
-0.0205146
-0.0254825
-0.0399957
-0.0494380
-0.0442196
-0.0346139
-0.0397733
-0.0637498
-0.0934749
-0.1256738
-0.1826959
-0.2793819
-0.3665043
-0.3260583
-0.0544242
0.4303823
0.9676202
1.3559021
1.4923344
1.4237162
1.2743195
1.1344658
1.0165026
0.8971820
0.7752701
0.6765171
0.6141631
0.5641594
0.4873102
0.3701113
0.2371087
0.1249801
0.0507920
0.0064256
-0.0231189
-0.0435808
-0.0534194
-0.0550276
-0.0578137
-0.0695194
-0.0877308
-0.1026462
-0.1083183
-0.1098109
-0.1181565
-0.1380088
-0.1608968
-0.1719568
-0.1645246
-0.1482294
-0.1416455
-0.1556224
-0.1831069
-0.2053711
-0.2087441
-0.1960284
-0.1823085
-0.1798780
-0.1867984
-0.1893636
-0.1754044
-0.1457840
-0.1139016
-0.0942731
-0.0907456
-0.0946374
-0.0939297
-0.0847665
-0.0746628
-0.0747711
-0.0889760
-0.1103212
-0.1276776
-0.1355952
-0.1379814
-0.1429993
-0.1547635
-0.1694410
-0.1787175
-0.1772632
-0.1677298
-0.1587195
-0.1567609
-0.1589494
-0.1537946
-0.1315408
-0.0956011
-0.0630618
-0.0508074
-0.0588425
-0.0682254
-0.0584771
-0.0288183
-0.0011384
0.0004556
-0.0255835
-0.0540218
-0.0542439
-0.0170143
0.0384401
0.0821018
0.0973472
0.0899544
0.0774429
0.0722366
0.0738835
0.0736681
0.0641822
0.0454399
0.0243758
0.0093617
0.0038007
0.0035693
0.0009221
-0.0079994
-0.0193242
-0.0259130
-0.0259953
-0.0262193
-0.0344843
-0.0495163
-0.0591496
-0.0508367
-0.0245380
0.0052495
0.0208809
0.0156507
-0.0022272
-0.0182887
-0.0241995
-0.0228741
-0.0230657
-0.0295165
-0.0378648
-0.0387277
-0.0272337
-0.0092517
0.0022122
-0.0015027
-0.0156320
-0.0254357
-0.0211270
-0.0100371
-0.0114702
-0.0365676
-0.0736730
-0.0971616
-0.0930610
-0.0741074
-0.0661975
-0.0802549
-0.1014680
-0.1080962
-0.0964664
-0.0818472
-0.0773113
-0.0828861
-0.1020228
-0.1576904
-0.2687463
-0.3964101
-0.4260391
-0.2327550
0.2083248
0.7707696
1.2460053
1.4801779
1.4601564
1.2842997
1.0663160
0.8695781
0.7126056
0.6030553
0.5443509
0.5160981
0.4725165
0.3774323
0.2399903
0.1073086
0.0197956
-0.0218230
-0.0449759
-0.0693283
-0.0904123
-0.0966266
-0.0917097
-0.0928912
-0.1098530
-0.1336832
-0.1493830
-0.1540727
-0.1571899
-0.1640391
-0.1657990
-0.1499206
-0.1178696
-0.0872196
-0.0743189
-0.0777769
-0.0822329
-0.0775510
-0.0704312
-0.0750692
-0.0947715
-0.1167423
-0.1258611
-0.1206995
-0.1133168
-0.1143497
-0.1216165
-0.1245460
-0.1172359
-0.1042084
-0.0939711
-0.0903960
-0.0919779
-0.0966691
-0.1035094
-0.1097517
-0.1108653
-0.1065218
-0.1044209
-0.1136461
-0.1331416
-0.1501093
-0.1526138
-0.1421399
-0.1301621
-0.1223107
-0.1102118
-0.0823598
-0.0412579
-0.0051128
0.0093032
0.0030056
-0.0082131
-0.0114178
-0.0078195
-0.0065833
-0.0115843
-0.0177032
-0.0189116
-0.0160209
-0.0148515
-0.0189852
-0.0268230
-0.0352064
-0.0434284
-0.0527712
-0.0636743
-0.0747760
-0.0838836
-0.0882781
-0.0846091
-0.0711463
-0.0517305
-0.0360214
-0.0331038
-0.0438545
-0.0605467
-0.0744432
-0.0826557
-0.0866906
-0.0858171
-0.0750363
-0.0513795
-0.0210841
0.0020319
0.0069797
-0.0053313
-0.0233402
-0.0347721
-0.0356087
-0.0307732
-0.0278543
-0.0307744
-0.0385539
-0.0485511
-0.0595646
-0.0711741
-0.0805381
-0.0817341
-0.0707134
-0.0518325
-0.0376791
-0.0394323
-0.0560934
-0.0745190
-0.0817910
-0.0774235
-0.0721194
-0.0747761
-0.0831367
-0.0889024
-0.0900972
-0.0941866
-0.1070609
-0.1214998
-0.1207906
-0.0955078
-0.0553131
-0.0223592
-0.0126352
-0.0236601
-0.0392143
-0.0448184
-0.0393866
-0.0343129
-0.0424614
-0.0663211
-0.0944059
-0.1094624
-0.1032478
-0.0854796
-0.0770499
-0.0914885
-0.1218635
-0.1469028
-0.1507675
-0.1362347
-0.1185557
-0.1087279
-0.1052117
-0.1009948
-0.0945747
-0.0911338
-0.0944401
-0.1011953
-0.1046339
-0.1019106
-0.0963819
-0.0933600
-0.0947607
-0.0971336
-0.0936671
-0.0793570
-0.0570194
-0.0381222
-0.0336148
-0.0412541
-0.0453159
-0.0340873
-0.0164167
-0.0132609
-0.0298179
-0.0455075
-0.0442891
-0.0522798
-0.1228010
-0.2613085
-0.3668437
-0.2766459
0.0984760
0.6701186
1.2115033
1.5165866
1.5359518
1.3729476
1.1659154
0.9839995
0.8233000
0.6699510
0.5382933
0.4473605
0.3833361
0.3058525
0.1922409
0.0644198
-0.0334184
-0.0786062
-0.0866769
-0.0887456
-0.1008238
-0.1174251
-0.1284570
-0.1345871
-0.1448814
-0.1637020
-0.1835730
-0.1912578
-0.1803473
-0.1585973
-0.1432929
-0.1474871
-0.1679451
-0.1860602
-0.1830233
-0.1566958
-0.1239159
-0.1050702
-0.1059243
-0.1149745
-0.1180624
-0.1135833
-0.1120663
-0.1222428
-0.1404598
-0.1550450
-0.1594199
-0.1584766
-0.1616365
-0.1714496
-0.1808027
-0.1812424
-0.1726477
-0.1638757
-0.1643380
-0.1755769
-0.1907708
-0.2015227
-0.2048366
-0.2043615
-0.2060305
-0.2128294
-0.2230672
-0.2326193
-0.2381717
-0.2384196
-0.2329616
-0.2211259
-0.2025666
-0.1788694
-0.1538049
-0.1312443
-0.1124988
-0.0956379
-0.0772623
-0.0549048
-0.0284511
-0.0007509
0.0222390
0.0331219
0.0276937
0.0097912
-0.0094370
-0.0197664
-0.0209102
-0.0224182
-0.0330555
-0.0504074
-0.0626854
-0.0616514
-0.0523673
-0.0481496
-0.0557787
-0.0676179
-0.0698049
-0.0574257
-0.0397887
-0.0304230
-0.0333895
-0.0405553
-0.0414733
-0.0343131
-0.0269226
-0.0285575
-0.0414258
-0.0593164
-0.0729376
-0.0767081
-0.0722401
-0.0666929
-0.0670585
-0.0741002
-0.0809819
-0.0789034
-0.0656614
-0.0489257
-0.0399616
-0.0430987
-0.0515920
-0.0548943
-0.0505642
-0.0482794
-0.0605775
-0.0886462
-0.1178006
-0.1287693
-0.1150572
-0.0895020
-0.0729499
-0.0756443
-0.0893673
-0.0975049
-0.0921113
-0.0805811
-0.0760958
-0.0828656
-0.0916217
-0.0892022
-0.0716932
-0.0481790
-0.0325353
-0.0319401
-0.0423058
-0.0532689
-0.0571852
-0.0544332
-0.0514477
-0.0540427
-0.0620588
-0.0697633
-0.0712008
-0.0655137
-0.0578992
-0.0561862
-0.0662210
-0.0888101
-0.1191447
-0.1490696
-0.1719327
-0.1868773
-0.1974458
-0.2040279
-0.1986520
-0.1715411
-0.1253271
-0.0790400
-0.0517156
-0.0422227
-0.0342335
-0.0280890
-0.0595874
-0.1658460
-0.3169428
-0.3891967
-0.2347102
0.1940344
0.7778641
1.2962076
1.5749638
1.5889992
1.4395145
1.2482019
1.0759192
0.9243403
0.7843840
0.6622817
0.5638358
0.4748106
0.3717871
0.2500425
0.1309815
0.0393764
-0.0208108
-0.0639541
-0.1008870
-0.1274253
-0.1362555
-0.1337958
-0.1380956
-0.1590150
-0.1848448
-0.1925080
-0.1712455
-0.1345176
-0.1078959
-0.1059497
-0.1211200
-0.1336246
-0.1302436
-0.1133347
-0.0940694
-0.0802449
-0.0719984
-0.0673091
-0.0677361
-0.0761839
-0.0898441
-0.0986080
-0.0933277
-0.0760800
-0.0605766
-0.0605604
-0.0771966
-0.0984016
-0.1110575
-0.1137495
-0.1172734
-0.1330386
-0.1617897
-0.1938553
-0.2192945
-0.2362165
-0.2489731
-0.2601416
-0.2667254
-0.2646290
-0.2547203
-0.2421981
-0.2301659
-0.2160910
-0.1959940
-0.1708357
-0.1463808
-0.1261785
-0.1063903
-0.0792483
-0.0414967
0.0015215
0.0399222
0.0663466
0.0794330
0.0828270
0.0828176
0.0858229
0.0948363
0.1064099
0.1124394
0.1072860
0.0935985
0.0798152
0.0713635
0.0654162
0.0550931
0.0376053
0.0164545
-0.0040365
-0.0237765
-0.0448151
-0.0656546
-0.0806699
-0.0864635
-0.0872541
-0.0917093
-0.1037957
-0.1176574
-0.1224014
-0.1121104
-0.0912904
-0.0709686
-0.0595718
-0.0567325
-0.0547048
-0.0453613
-0.0266461
-0.0036186
0.0158577
0.0265523
0.0282431
0.0244146
0.0196610
0.0177474
0.0201978
0.0251748
0.0281829
0.0257857
0.0196210
0.0154913
0.0165708
0.0176001
0.0081939
-0.0160362
-0.0462258
-0.0664261
-0.0683863
-0.0595653
-0.0555057
-0.0647406
-0.0822763
-0.0972796
-0.1046755
-0.1077911
-0.1116369
-0.1171682
-0.1229384
-0.1290354
-0.1356356
-0.1380172
-0.1271144
-0.0982277
-0.0583890
-0.0222388
0.0004593
0.0119877
0.0209482
0.0313106
0.0391237
0.0393304
0.0333378
0.0289510
0.0338794
0.0486265
0.0617570
0.0500822
-0.0094966
-0.1137631
-0.2088967
-0.1990566
-0.0010262
0.3871983
0.8631911
1.2721201
1.4980160
1.5217614
1.4056665
1.2320767
1.0558891
0.9004934
0.7761054
0.6865349
0.6204473
0.5502931
0.4516101
0.3252922
0.1975854
0.0970776
0.0329342
-0.0057816
-0.0347699
-0.0619329
-0.0865844
-0.1042722
-0.1099673
-0.1007345
-0.0802275
-0.0600442
-0.0519637
-0.0563764
-0.0608372
-0.0533756
-0.0367656
-0.0265010
-0.0337563
