-0.0169238
-0.0238296
-0.0232838
-0.0170282
-0.0129611
-0.0181193
-0.0321366
-0.0470954
-0.0535352
-0.0474229
-0.0328094
-0.0185163
-0.0115415
-0.0123461
-0.0158654
-0.0171122
-0.0156598
-0.0143411
-0.0140756
-0.0115869
-0.0034478
0.0082957
0.0164293
0.0153843
0.0068122
-0.0026672
-0.0085363
-0.0115404
-0.0138384
-0.0144313
-0.0106203
-0.0033061
0.0019208
0.0003666
-0.0064974
-0.0131335
-0.0166051
-0.0187704
-0.0213094
-0.0213530
-0.0151108
-0.0052973
-0.0011787
-0.0086229
-0.0215268
-0.0264491
-0.0168212
-0.0006227
0.0077186
0.0019830
-0.0112439
-0.0220450
-0.0280758
-0.0339505
-0.0415702
-0.0450638
-0.0374225
-0.0206217
-0.0062645
-0.0048985
-0.0152999
-0.0251025
-0.0221388
-0.0054691
0.0137406
0.0215238
0.0121886
-0.0078071
-0.0257257
-0.0328859
-0.0308468
-0.0285396
-0.0334195
-0.0450354
-0.0568861
-0.0640941
-0.0685302
-0.0758668
-0.0878884
-0.0987217
-0.0994303
-0.0861899
-0.0634841
-0.0397661
-0.0215777
-0.0126776
-0.0166440
-0.0357172
-0.0643270
-0.0865027
-0.0861465
-0.0636887
-0.0397098
-0.0362276
-0.0532755
-0.0696719
-0.0721794
-0.0800366
-0.1283273
-0.2166405
-0.2753852
-0.1961945
0.0862561
0.5276454
0.9822452
1.2840353
1.3412391
1.1797634
0.9137531
0.6710004
0.5235865
0.4636004
0.4319262
0.3733924
0.2755969
0.1654175
0.0750717
0.0140848
-0.0291522
-0.0666938
-0.0984243
-0.1183180
-0.1256349
-0.1253492
-0.1208869
-0.1125260
-0.1032826
-0.1005548
-0.1080662
-0.1193374
-0.1242634
-0.1215044
-0.1190076
-0.1209387
-0.1202522
-0.1098561
-0.0972657
-0.0980247
-0.1108177
-0.1076712
-0.0607325
0.0191045
0.0791053
0.0690655
-0.0104376
-0.1076879
-0.1674981
-0.1756456
-0.1570055
-0.1387898
-0.1247651
-0.1045154
-0.0773698
-0.0584216
-0.0620270
-0.0856602
-0.1121613
-0.1244431
-0.1161039
-0.0919232
-0.0639594
-0.0473385
-0.0535907
-0.0821292
-0.1179366
-0.1412643
-0.1424160
-0.1276105
-0.1107907
-0.1006774
-0.0954586
-0.0877638
-0.0731037
-0.0544960
-0.0406720
-0.0390301
-0.0476853
-0.0539901
-0.0442999
-0.0187520
0.0043271
0.0028852
-0.0271388
-0.0656046
-0.0862560
-0.0817049
-0.0693519
-0.0723777
-0.0962510
-0.1242344
-0.1337501
-0.1153901
-0.0782374
-0.0414927
-0.0225204
-0.0285918
-0.0539290
-0.0828610
-0.0993719
-0.0978408
-0.0855354
-0.0736297
-0.0660999
-0.0591237
-0.0510963
-0.0493598
-0.0629110
-0.0885499
-0.1084649
-0.1052820
-0.0794875
-0.0498266
-0.0357502
-0.0405575
-0.0521046
-0.0581088
-0.0584093
-0.0620791
-0.0745011
-0.0890793
-0.0919334
-0.0746083
-0.0430081
-0.0149006
-0.0078757
-0.0267708
-0.0599510
-0.0873192
-0.0937340
-0.0771739
-0.0463104
-0.0122979
0.0164937
0.0344123
0.0382720
0.0303881
0.0203241
0.0191259
0.0289968
0.0397514
0.0380730
0.0209099
-0.0016893
-0.0174471
-0.0236290
-0.0264200
-0.0304394
-0.0328574
-0.0292740
-0.0220855
-0.0187678
-0.0218533
-0.0247560
-0.0206122
-0.0134644
-0.0161377
-0.0349850
-0.0593592
-0.0703729
-0.0613164
-0.0469207
-0.0496775
-0.0772476
-0.1155838
-0.1445653
-0.1570951
-0.1596217
-0.1562211
-0.1406618
-0.1120336
-0.0964404
-0.1393666
-0.2589149
-0.3988308
-0.4377169
-0.2673672
0.1160677
0.5884789
0.9696005
1.1352539
1.0816507
0.8998106
0.6959877
0.5290809
0.4039932
0.3033702
0.2159599
0.1406428
0.0768413
0.0199269
-0.0345653
-0.0866217
-0.1327300
-0.1686165
-0.1897213
-0.1916693
-0.1743538
-0.1466335
-0.1239938
-0.1175502
-0.1240644
-0.1288619
-0.1211438
-0.1063935
-0.1012604
-0.1144763
-0.1340506
-0.1363572
-0.1097826
-0.0688014
-0.0428826
-0.0503867
-0.0832024
-0.1164395
-0.1315111
-0.1286608
-0.1189171
-0.1084267
-0.0938520
-0.0715373
-0.0465615
-0.0300610
-0.0289968
-0.0409920
-0.0588843
-0.0774801
-0.0943833
-0.1067121
-0.1113183
-0.1097431
-0.1100424
-0.1197856
-0.1366619
-0.1488523
-0.1469727
-0.1347189
-0.1255539
-0.1289432
-0.1420128
-0.1555627
-0.1658228
-0.1770278
-0.1922605
-0.2052330
-0.2046672
-0.1870025
-0.1621605
-0.1447879
-0.1404318
-0.1418333
-0.1386089
-0.1289198
-0.1209693
-0.1242187
-0.1403205
-0.1622494
-0.1810210
-0.1926594
-0.1990535
-0.2030495
-0.2040889
-0.1998287
-0.1916120
-0.1856887
-0.1862618
-0.1877498
-0.1778866
-0.1518242
-0.1216709
-0.1071568
-0.1146275
-0.1285491
-0.1275956
-0.1073615
-0.0824043
-0.0671492
-0.0638147
-0.0741100
-0.1119362
-0.1840933
-0.2497848
-0.2150725
0.0038244
0.3940285
0.8265229
1.1385182
1.2481658
1.1955593
1.0799490
0.9672863
0.8594487
0.7360655
0.6021805
0.4856787
0.4001234
0.3275907
0.2422414
0.1419214
0.0497244
-0.0115730
-0.0392256
-0.0457885
-0.0435515
-0.0389941
-0.0377924
-0.0461881
-0.0643121
-0.0827011
-0.0900037
-0.0833352
-0.0684129
-0.0509658
-0.0324397
-0.0148862
-0.0049044
-0.0076097
-0.0178401
-0.0228663
-0.0162500
-0.0051812
0.0003732
0.0034517
0.0170109
0.0409868
0.0490268
0.0099791
-0.0726013
-0.1496544
-0.1663146
-0.1160819
-0.0505370
-0.0300842
-0.0660446
-0.1150688
-0.1293118
-0.1052409
-0.0792237
-0.0810643
-0.1025959
-0.1152284
-0.1096282
-0.1068024
-0.1286091
-0.1661285
-0.1850521
-0.1611871
-0.1046671
-0.0477050
-0.0135022
-0.0011860
0.0024308
0.0047590
0.0047550
0.0029395
0.0059815
0.0191882
0.0389502
0.0564528
0.0669703
0.0716763
0.0712032
0.0628229
0.0468521
0.0320809
0.0291042
0.0377885
0.0464131
0.0466284
0.0456463
0.0569669
0.0782223
0.0855439
0.0574707
0.0038793
-0.0358107
-0.0278060
0.0239650
0.0822829
0.1097847
0.0942289
0.0454339
-0.0208070
-0.0879247
-0.1339397
-0.1371850
-0.0966216
-0.0422589
-0.0139350
-0.0244206
-0.0479086
-0.0499173
-0.0257118
-0.0026304
-0.0044814
-0.0218398
-0.0241671
0.0017420
0.0339258
0.0391257
0.0096405
-0.0290563
-0.0460096
-0.0343024
-0.0118367
0.0009666
-0.0016722
-0.0130659
-0.0245564
-0.0301215
-0.0262547
-0.0143666
-0.0024486
0.0023687
0.0051659
0.0208670
0.0536739
0.0810567
0.0682574
0.0056764
-0.0716116
-0.1105008
-0.0901489
-0.0426257
-0.0200748
-0.0432216
-0.0857411
-0.1071456
-0.0939985
-0.0659987
-0.0479733
-0.0447590
-0.0445899
-0.0392790
-0.0335690
-0.0354794
-0.0441138
-0.0505726
-0.0476996
-0.0347151
-0.0139659
0.0107748
0.0306026
0.0317119
0.0067795
-0.0326507
-0.0604052
-0.0573911
-0.0295116
-0.0018448
0.0054328
-0.0060944
-0.0198606
-0.0241672
-0.0217093
-0.0207331
-0.0225611
-0.0218534
-0.0166016
-0.0120183
-0.0130468
-0.0175871
-0.0210209
-0.0245280
-0.0322829
-0.0388273
-0.0260715
0.0184975
0.0793276
0.1158131
0.0960193
0.0290807
-0.0399735
-0.0704318
-0.0598095
-0.0375009
-0.0295523
-0.0354601
-0.0387162
-0.0318946
-0.0243776
-0.0271533
-0.0375863
-0.0433459
-0.0380112
-0.0273309
-0.0199106
-0.0168802
-0.0140484
-0.0108368
-0.0110675
-0.0141766
-0.0113431
0.0045911
0.0268006
0.0375487
0.0264712
0.0038019
-0.0080363
0.0030352
0.0260115
0.0375616
0.0246927
-0.0043813
-0.0309209
-0.0442452
-0.0481520
-0.0512177
-0.0551138
-0.0544812
-0.0459452
-0.0332351
-0.0220547
-0.0126449
-0.0015130
0.0086106
0.0050258
-0.0222212
-0.0618417
-0.0810890
-0.0527798
0.0135053
0.0712687
0.0756379
0.0257959
-0.0339585
-0.0609342
-0.0626083
-0.0914363
-0.1809926
-0.2834265
-0.2786870
-0.0628753
0.3560402
0.8422428
1.2153321
1.3652721
1.3071428
1.1417043
0.9689532
0.8308100
0.7171990
0.6073784
0.4974151
0.3954115
0.3048314
0.2210845
0.1418651
0.0735113
0.0238200
-0.0089178
-0.0359515
-0.0663980
-0.0975836
-0.1187945
-0.1239694
-0.1185965
-0.1134761
-0.1136775
-0.1158221
-0.1156740
-0.1154693
-0.1215019
-0.1348136
-0.1463926
-0.1436818
-0.1228733
-0.0946522
-0.0770185
-0.0814556
-0.1047367
-0.1322511
-0.1480773
-0.1435197
-0.1202380
-0.0885739
-0.0623814
-0.0520113
-0.0590494
-0.0765582
-0.0946229
-0.1065731
-0.1111562
-0.1102137
-0.1056009
-0.0989607
-0.0937056
-0.0951528
-0.1068273
-0.1263157
-0.1455867
-0.1560281
-0.1536042
-0.1403093
-0.1222746
-0.1068309
-0.0997000
-0.1025569
-0.1118602
-0.1203731
-0.1215383
-0.1141575
-0.1031196
-0.0943970
-0.0885741
-0.0801114
-0.0639627
-0.0423045
-0.0233526
-0.0134578
-0.0115195
-0.0115034
-0.0091093
-0.0046512
-0.0000541
0.0046176
0.0100566
0.0143578
0.0137611
0.0080899
0.0034250
0.0066836
0.0178723
0.0301073
0.0373334
0.0389262
0.0354173
0.0237525
0.0021472
-0.0206598
-0.0274839
-0.0096497
0.0193836
0.0333489
0.0193646
-0.0081127
-0.0234708
-0.0184040
-0.0086452
-0.0114339
-0.0231857
-0.0258735
-0.0123054
0.0041085
0.0075017
0.0000005
-0.0032428
0.0036352
0.0095213
0.0043585
-0.0029151
0.0060560
0.0321710
0.0513484
0.0402278
0.0047701
-0.0250543
-0.0291326
-0.0179588
-0.0159003
-0.0302148
-0.0446725
-0.0426532
-0.0280478
-0.0188830
-0.0248505
-0.0375946
-0.0432179
-0.0392151
-0.0363779
-0.0468043
-0.0731736
-0.1080707
-0.1397406
-0.1586481
-0.1632737
-0.1622621
-0.1678007
-0.1832916
-0.1992473
-0.2047220
-0.2006029
-0.1961880
-0.1942957
-0.1903780
-0.1926140
-0.2319592
-0.3304547
-0.4482275
-0.4745803
-0.2992084
0.0867481
0.5575792
0.9300131
1.0858448
1.0332759
0.8667078
0.6821694
0.5287356
0.4161195
0.3390391
0.2839790
0.2267987
0.1446078
0.0378484
-0.0653110
-0.1333805
-0.1599188
-0.1643724
-0.1667260
-0.1681017
-0.1591774
-0.1413875
-0.1307885
-0.1394734
-0.1597579
-0.1723411
-0.1684316
-0.1586728
-0.1589242
-0.1710588
-0.1815941
-0.1784960
-0.1650822
-0.1547195
-0.1540570
-0.1560692
-0.1509497
-0.1402507
-0.1362089
-0.1471750
-0.1667167
-0.1787977
-0.1729582
-0.1536220
-0.1351551
-0.1287734
-0.1341234
-0.1422565
-0.1450860
-0.1412492
-0.1340480
-0.1260678
-0.1170678
-0.1064752
-0.0967684
-0.0936855
-0.1021168
-0.1204349
-0.1386942
-0.1442309
-0.1314159
-0.1071829
-0.0868681
-0.0832768
-0.0974470
-0.1180921
-0.1302070
-0.1262143
-0.1104229
-0.0930710
-0.0801025
-0.0689333
-0.0538864
-0.0349279
-0.0203128
-0.0199209
-0.0352415
-0.0562511
-0.0700322
-0.0737805
-0.0780160
-0.0947410
-0.1227408
-0.1474714
-0.1572014
-0.1572822
-0.1646886
-0.1872098
-0.2113574
-0.2156497
-0.1963486
-0.1746353
-0.1731998
-0.1879872
-0.1904712
-0.1605483
-0.1114214
-0.0760063
-0.0711090
-0.0818984
-0.0823009
-0.0631665
-0.0356328
-0.0139906
-0.0074729
-0.0287963
-0.0919843
-0.1808593
-0.2207649
-0.1081856
0.2021767
0.6317419
1.0124383
1.2035564
1.1850884
1.0447042
0.8851810
0.7512157
0.6351270
0.5274247
0.4408548
0.3868862
0.3483785
0.2916249
0.2043850
0.1113146
0.0474402
0.0220652
0.0137999
-0.0025713
-0.0309882
-0.0554680
-0.0602062
-0.0450052
-0.0237805
-0.0118813
-0.0146428
-0.0248994
-0.0296219
-0.0205888
-0.0016794
0.0134384
0.0130319
-0.0010861
-0.0142318
-0.0129764
0.0013478
0.0144349
0.0138198
0.0002131
-0.0155475
-0.0241223
-0.0249877
-0.0242106
-0.0274408
-0.0350871
-0.0426403
-0.0447606
-0.0399529
-0.0330394
-0.0335641
-0.0494036
-0.0783118
-0.1051090
-0.1111688
-0.0912910
-0.0618165
-0.0490467
-0.0665672
-0.1025110
-0.1287626
-0.1235346
-0.0873962
-0.0400683
-0.0030474
0.0150706
0.0187934
0.0159757
0.0115322
0.0097507
0.0172786
0.0390162
0.0709676
0.1000762
0.1133091
0.1074532
0.0902096
0.0723448
0.0596045
0.0523244
0.0508099
0.0573130
0.0709562
0.0835011
0.0843774
0.0705867
0.0491851
0.0292138
0.0135033
-0.0000600
-0.0112822
-0.0151072
-0.0074547
0.0079399
0.0206063
0.0217553
0.0105510
-0.0080537
-0.0287264
-0.0459315
-0.0511640
-0.0374444
-0.0106992
0.0078674
-0.0014982
-0.0357127
-0.0678386
-0.0707696
-0.0418870
-0.0035695
0.0191188
0.0190006
0.0062150
-0.0076261
-0.0196859
-0.0312589
-0.0396314
-0.0396665
-0.0313055
-0.0203899
-0.0120976
-0.0079657
-0.0096615
-0.0196060
-0.0338402
-0.0388315
-0.0233338
0.0047399
0.0191396
-0.0006494
-0.0458112
-0.0834398
-0.0885941
-0.0686606
-0.0517595
-0.0528375
-0.0585548
-0.0486393
-0.0252294
-0.0122017
-0.0253814
-0.0508493
-0.0575498
-0.0293278
0.0189519
0.0563933
0.0638934
0.0464873
0.0221385
0.0038818
-0.0055700
-0.0068843
0.0009840
0.0172828
0.0351848
0.0450570
0.0423302
0.0315309
0.0231288
0.0260095
0.0405228
0.0571990
0.0632495
0.0519099
0.0260403
-0.0063895
-0.0385788
-0.0666609
-0.0878519
-0.0997585
-0.1026267
-0.1014031
-0.1031447
-0.1100639
-0.1159633
-0.1133425
-0.1051702
-0.1047734
-0.1189672
-0.1335182
-0.1228847
-0.0782983
-0.0227881
0.0074241
-0.0013579
-0.0254811
-0.0285587
-0.0018194
0.0239375
0.0112857
-0.0397409
-0.0860286
-0.0826861
-0.0272787
0.0392129
0.0722724
0.0609523
0.0279784
0.0006800
-0.0128148
-0.0202740
-0.0261956
-0.0240949
-0.0092851
0.0078859
0.0098314
-0.0070671
-0.0255141
-0.0250913
-0.0039535
0.0207160
0.0324763
0.0317692
0.0304781
0.0327201
0.0265225
-0.0007536
-0.0403826
-0.0635198
-0.0502104
-0.0145084
0.0054967
-0.0160085
-0.0688598
-0.1190392
-0.1403183
-0.1321807
-0.1103206
-0.0860284
-0.0593309
-0.0306879
-0.0112758
-0.0138802
-0.0348066
-0.0534887
-0.0546121
-0.0457172
-0.0469168
-0.0649169
-0.0830954
-0.0788273
-0.0471152
-0.0044644
0.0283795
0.0418314
0.0326916
-0.0089440
-0.0917243
-0.1903881
-0.2279264
-0.1116315
0.1944356
0.6258790
1.0471235
1.3298808
1.4184157
1.3405256
1.1716982
0.9883477
0.8390672
0.7383136
0.6722239
0.6106964
0.5261474
0.4115712
0.2828581
0.1635668
0.0699894
0.0094625
-0.0170571
-0.0192311
-0.0193842
-0.0388635
-0.0783555
-0.1163699
-0.1308952
-0.1213238
-0.1070653
-0.1051585
-0.1120483
-0.1104111
-0.0931671
-0.0745243
-0.0727245
-0.0870079
-0.1003658
-0.1035942
-0.1062237
-0.1202594
-0.1415055
-0.1537283
-0.1478682
-0.1316735
-0.1207951
-0.1229886
-0.1314730
-0.1338538
-0.1274140
-0.1228558
-0.1309849
-0.1491469
-0.1645748
-0.1682116
-0.1611263
-0.1505759
-0.1448946
-0.1495351
-0.1624987
-0.1751074
-0.1812713
-0.1834739
-0.1862438
-0.1884530
-0.1876408
-0.1879094
-0.1967125
-0.2150939
-0.2351125
-0.2450920
-0.2359077
-0.2073581
-0.1716879
-0.1459565
-0.1376508
-0.1412265
-0.1475572
-0.1484835
-0.1333750
-0.0954222
-0.0465420
-0.0139517
-0.0141092
-0.0372937
-0.0614238
-0.0720355
-0.0667132
-0.0518852
-0.0391313
-0.0342118
-0.0287845
-0.0148645
-0.0041711
-0.0141512
-0.0367930
-0.0462517
-0.0393178
-0.0388462
-0.0497430
-0.0449760
-0.0118066
