-0.0003962
-0.0222286
-0.0332285
-0.0340375
-0.0326618
-0.0360918
-0.0441072
-0.0497902
-0.0459843
-0.0327884
-0.0197620
-0.0195063
-0.0366734
-0.0625257
-0.0818896
-0.0871505
-0.0852658
-0.0899528
-0.1070044
-0.1282246
-0.1398145
-0.1359026
-0.1247876
-0.1250991
-0.1564035
-0.2260933
-0.3128447
-0.3571501
-0.2789314
-0.0275374
0.3665676
0.7875743
1.0953947
1.2102141
1.1521376
1.0069480
0.8560971
0.7341082
0.6374377
0.5547476
0.4794437
0.4018448
0.3074385
0.1932762
0.0813806
0.0048778
-0.0239024
-0.0277756
-0.0429031
-0.0834704
-0.1309402
-0.1575767
-0.1563604
-0.1457511
-0.1484405
-0.1700877
-0.1987384
-0.2200820
-0.2294872
-0.2309209
-0.2290390
-0.2247866
-0.2169465
-0.2053072
-0.1919389
-0.1805156
-0.1744218
-0.1740574
-0.1751194
-0.1705804
-0.1562332
-0.1351474
-0.1161528
-0.1070136
-0.1084457
-0.1143206
-0.1172850
-0.1143372
-0.1079457
-0.1028257
-0.1017275
-0.1036025
-0.1053550
-0.1054865
-0.1059294
-0.1096134
-0.1159777
-0.1199723
-0.1168692
-0.1078661
-0.0992422
-0.0950674
-0.0920710
-0.0836756
-0.0689546
-0.0551728
-0.0496863
-0.0505828
-0.0481901
-0.0366667
-0.0217565
-0.0146035
-0.0185829
-0.0252677
-0.0248668
-0.0187274
-0.0186764
-0.0334888
-0.0577576
-0.0755559
-0.0749147
-0.0583857
-0.0403502
-0.0351645
-0.0470655
-0.0686982
-0.0874562
-0.0947243
-0.0925101
-0.0927194
-0.1079180
-0.1396193
-0.1747542
-0.1952940
-0.1931068
-0.1758555
-0.1584850
-0.1496290
-0.1465669
-0.1418916
-0.1326337
-0.1220662
-0.1145074
-0.1108603
-0.1093828
-0.1085048
-0.1070973
-0.1030994
-0.0946342
-0.0835823
-0.0763894
-0.0790378
-0.0906584
-0.1032286
-0.1086871
-0.1064713
-0.1035744
-0.1068319
-0.1151700
-0.1197267
-0.1119954
-0.0922775
-0.0704706
-0.0585821
-0.0618856
-0.0762691
-0.0931574
-0.1067819
-0.1174611
-0.1291871
-0.1451002
-0.1651967
-0.1869117
-0.2061432
-0.2175052
-0.2155411
-0.1981708
-0.1698020
-0.1399319
-0.1169955
-0.1026102
-0.0917308
-0.0786729
-0.0631771
-0.0505732
-0.0458561
-0.0475634
-0.0478832
-0.0396694
-0.0241896
-0.0118848
-0.0141367
-0.0326146
-0.0564413
-0.0712755
-0.0724997
-0.0690556
-0.0732222
-0.0871581
-0.1013482
-0.1065185
-0.1046045
-0.1059382
-0.1172075
-0.1355386
-0.1545100
-0.1716737
-0.1869664
-0.1970270
-0.1979803
-0.1953664
-0.2042481
-0.2322582
-0.2654370
-0.2813908
-0.2802389
-0.2910736
-0.3313703
-0.3573402
-0.2711160
0.0006756
0.4246909
0.8605663
1.1526925
1.2335041
1.1493319
0.9995858
0.8584753
0.7466737
0.6551509
0.5755210
0.5052444
0.4380205
0.3634846
0.2783572
0.1918139
0.1166474
0.0577322
0.0115852
-0.0251455
-0.0511019
-0.0647716
-0.0702061
-0.0752283
-0.0845179
-0.0966959
-0.1084945
-0.1197171
-0.1327239
-0.1482867
-0.1639753
-0.1767768
-0.1858600
-0.1919915
-0.1948957
-0.1919866
-0.1798597
-0.1573617
-0.1281544
-0.1006891
-0.0843056
-0.0829156
-0.0912117
-0.0981682
-0.0964620
-0.0892833
-0.0866566
-0.0938136
-0.1038812
-0.1036762
-0.0868926
-0.0603665
-0.0373654
-0.0267083
-0.0292994
-0.0422193
-0.0615375
-0.0803436
-0.0888473
-0.0821076
-0.0683515
-0.0651084
-0.0827801
-0.1124092
-0.1331902
-0.1335664
-0.1226932
-0.1188446
-0.1277709
-0.1355539
-0.1235413
-0.0883345
-0.0458123
-0.0167635
-0.0099417
-0.0179295
-0.0265869
-0.0271195
-0.0205919
-0.0137055
-0.0118695
-0.0157391
-0.0225984
-0.0295620
-0.0350289
-0.0378331
-0.0367052
-0.0321072
-0.0282189
-0.0305246
-0.0391880
-0.0457840
-0.0400519
-0.0221181
-0.0072004
-0.0162141
-0.0603409
-0.1326633
-0.2104575
-0.2617532
-0.2519714
-0.1543518
0.0339582
0.2806571
0.5276182
0.7214450
0.8428134
0.9083929
0.9438037
0.9548085
0.9247086
0.8373212
0.6989509
0.5371782
0.3811133
0.2455209
0.1325045
0.0429618
-0.0187238
-0.0514665
-0.0644347
-0.0725497
-0.0840353
-0.0946145
-0.0955855
-0.0862801
-0.0762975
-0.0754860
-0.0839311
-0.0931794
-0.0961420
-0.0937681
-0.0918827
-0.0937598
-0.0980102
-0.1031607
-0.1112183
-0.1245814
-0.1407079
-0.1527251
-0.1561076
-0.1529382
-0.1483334
-0.1440919
-0.1379304
-0.1285261
-0.1184984
-0.1104851
-0.1015143
-0.0843970
-0.0564078
-0.0251910
-0.0033609
0.0036258
0.0027803
0.0057348
0.0166944
0.0296292
0.0365679
0.0361944
0.0333704
0.0321636
0.0318876
0.0302880
0.0285226
0.0307449
0.0384308
0.0466674
0.0476110
0.0376265
0.0201337
0.0015107
-0.0145464
-0.0282256
-0.0408507
-0.0528113
-0.0639308
-0.0737323
-0.0799707
-0.0781855
-0.0656353
-0.0471996
-0.0353520
-0.0401221
-0.0569797
-0.0669976
-0.0531558
-0.0179116
0.0173196
0.0319242
0.0248875
0.0132158
0.0130049
0.0242784
0.0345410
0.0343554
0.0264985
0.0202467
0.0202052
0.0233266
0.0252071
0.0251579
0.0235871
0.0175388
0.0028388
-0.0189987
-0.0390129
-0.0484631
-0.0482550
-0.0493506
-0.0626945
-0.0882622
-0.1140268
-0.1260104
-0.1199255
-0.1038358
-0.0904682
-0.0873344
-0.0931837
-0.1018616
-0.1082968
-0.1113882
-0.1126811
-0.1132134
-0.1115971
-0.1047503
-0.0904867
-0.0700855
-0.0490548
-0.0347844
-0.0314653
-0.0360769
-0.0405095
-0.0394806
-0.0360940
-0.0377394
-0.0462603
-0.0542510
-0.0523292
-0.0385973
-0.0196779
-0.0051914
-0.0059022
-0.0360731
-0.1059568
-0.1969781
-0.2411536
-0.1417145
0.1590009
0.6144663
1.0786415
1.3917838
1.4802525
1.3864343
1.2115893
1.0341867
0.8766207
0.7316026
0.5998449
0.4943743
0.4176131
0.3498492
0.2675657
0.1692653
0.0772636
0.0142576
-0.0175920
-0.0338830
-0.0494392
-0.0665688
-0.0796353
-0.0857674
-0.0883706
-0.0923061
-0.0993045
-0.1088854
-0.1208653
-0.1338470
-0.1419657
-0.1375066
-0.1200229
-0.1013149
-0.0970468
-0.1114286
-0.1321526
-0.1430593
-0.1415915
-0.1413526
-0.1561229
-0.1828519
-0.2030535
-0.2016479
-0.1824453
-0.1633317
-0.1575236
-0.1622877
-0.1659810
-0.1626154
-0.1569069
-0.1566203
-0.1632900
-0.1712201
-0.1735754
-0.1680244
-0.1574338
-0.1469798
-0.1410761
-0.1416582
-0.1475491
-0.1550197
-0.1601992
-0.1621875
-0.1635884
-0.1670129
-0.1708996
-0.1694738
-0.1573848
-0.1348207
-0.1088118
-0.0896419
-0.0843802
-0.0917623
-0.1029942
-0.1089870
-0.1079355
-0.1056842
-0.1084628
-0.1159276
-0.1221404
-0.1231638
-0.1222683
-0.1259969
-0.1347778
-0.1391937
-0.1278657
-0.0994352
-0.0651858
-0.0389390
-0.0254159
-0.0193054
-0.0140688
-0.0090289
-0.0074562
-0.0100727
-0.0130090
-0.0126607
-0.0110773
-0.0147908
-0.0277649
-0.0460496
-0.0597208
-0.0599313
-0.0450713
-0.0227245
-0.0069071
-0.0102410
-0.0336069
-0.0620599
-0.0748453
-0.0637757
-0.0419939
-0.0325073
-0.0481745
-0.0854606
-0.1373075
-0.2041233
-0.2806219
-0.3281485
-0.2717848
-0.0464343
0.3379092
0.7756347
1.1212027
1.2802586
1.2597567
1.1404475
1.0066788
0.8978656
0.8110555
0.7310512
0.6492204
0.5600260
0.4543756
0.3266627
0.1877362
0.0645054
-0.0175770
-0.0525248
-0.0558972
-0.0518155
-0.0579636
-0.0786519
-0.1069609
-0.1319172
-0.1459794
-0.1490263
-0.1473154
-0.1489516
-0.1590038
-0.1767996
-0.1964615
-0.2102606
-0.2129901
-0.2049170
-0.1913722
-0.1786209
-0.1684698
-0.1566044
-0.1376381
-0.1125090
-0.0894112
-0.0758889
-0.0708811
-0.0664936
-0.0575815
-0.0477014
-0.0446840
-0.0514861
-0.0629098
-0.0714609
-0.0752707
-0.0790672
-0.0874679
-0.0989102
-0.1075292
-0.1102154
-0.1097397
-0.1103904
-0.1122420
-0.1112913
-0.1049807
-0.0965722
-0.0935131
-0.1008753
-0.1154979
-0.1266513
-0.1241165
-0.1074827
-0.0880443
-0.0805279
-0.0908489
-0.1098877
-0.1190615
-0.1044814
-0.0686979
-0.0292988
-0.0044730
0.0015341
-0.0006006
0.0020869
0.0120411
0.0206219
0.0188792
0.0076233
-0.0036749
-0.0075422
-0.0067008
-0.0103851
-0.0230630
-0.0389033
-0.0481886
-0.0473855
-0.0412641
-0.0364150
-0.0352790
-0.0367982
-0.0405785
-0.0487265
-0.0648021
-0.0933077
-0.1395031
-0.2037500
-0.2684000
-0.2890316
-0.2084123
0.0053396
0.3237527
0.6606205
0.9172429
1.0369124
1.0278935
0.9434407
0.8414704
0.7549087
0.6866206
0.6219994
0.5449599
0.4485279
0.3382101
0.2285106
0.1341833
0.0618462
0.0090303
-0.0292471
-0.0548145
-0.0680074
-0.0726343
-0.0761117
-0.0841485
-0.0968566
-0.1105328
-0.1219081
-0.1297712
-0.1333754
-0.1310894
-0.1219062
-0.1082264
-0.0957924
-0.0895206
-0.0896209
-0.0930063
-0.0983825
-0.1081431
-0.1241308
-0.1424390
-0.1539858
-0.1511982
-0.1347914
-0.1142931
-0.1011299
-0.0998657
-0.1057703
-0.1110400
-0.1124908
-0.1120883
-0.1110798
-0.1065566
-0.0952557
-0.0793546
-0.0663690
-0.0625545
-0.0668503
-0.0719377
-0.0713518
-0.0648779
-0.0564524
-0.0480607
-0.0381877
-0.0266383
-0.0178303
-0.0163955
-0.0203148
-0.0214267
-0.0140462
-0.0019414
0.0045215
-0.0017548
-0.0180866
-0.0355461
-0.0483623
-0.0584512
-0.0702306
-0.0831526
-0.0922562
-0.0956399
-0.0975251
-0.1016311
-0.1039497
-0.0962191
-0.0775754
-0.0599295
-0.0582324
-0.0742646
-0.0920744
-0.0924059
-0.0721567
-0.0473444
-0.0357786
-0.0393074
-0.0455323
-0.0445887
-0.0393625
-0.0386473
-0.0451193
-0.0538677
-0.0606467
-0.0665849
-0.0733227
-0.0773643
-0.0738088
-0.0655419
-0.0643280
-0.0805317
-0.1155764
-0.1683938
-0.2433217
-0.3372861
-0.4117614
-0.3887103
-0.1976672
0.1556226
0.5661495
0.8865349
1.0225159
0.9858655
0.8630204
0.7365628
0.6343784
0.5422979
0.4475606
0.3581598
0.2844371
0.2175151
0.1371063
0.0389932
-0.0535368
-0.1102681
-0.1244721
-0.1195034
-0.1244943
-0.1460301
-0.1662824
-0.1674502
-0.1528879
-0.1414108
-0.1443356
-0.1537278
-0.1539689
-0.1405391
-0.1240571
-0.1170784
-0.1203107
-0.1233655
-0.1175707
-0.1052818
-0.0957079
-0.0941852
-0.0989364
-0.1078562
-0.1240360
-0.1516705
-0.1882869
-0.2241163
-0.2495570
-0.2621630
-0.2666592
-0.2695654
-0.2741717
-0.2796978
-0.2838753
-0.2852078
-0.2828940
-0.2766078
-0.2682408
-0.2627700
-0.2643555
-0.2704580
-0.2716125
-0.2589658
-0.2324323
-0.2011700
-0.1756517
-0.1584147
-0.1423041
-0.1190191
-0.0901442
-0.0679090
-0.0626797
-0.0703561
-0.0749912
-0.0650640
-0.0458663
-0.0345395
-0.0428823
-0.0654009
-0.0844919
-0.0875110
-0.0784270
-0.0724088
-0.0801003
-0.0988743
-0.1185737
-0.1323517
-0.1404260
-0.1459497
-0.1502607
-0.1518457
-0.1481501
-0.1384641
-0.1262233
-0.1182281
-0.1198781
-0.1296516
-0.1379754
-0.1329326
-0.1097853
-0.0764505
-0.0481955
-0.0347772
-0.0329735
-0.0327658
-0.0292636
-0.0259647
-0.0273408
-0.0321516
-0.0352237
-0.0328890
-0.0247873
-0.0127374
-0.0011216
0.0023085
-0.0094649
-0.0342199
-0.0576494
-0.0646392
-0.0565546
-0.0535807
-0.0746577
-0.1176022
-0.1671279
-0.2216376
-0.2959747
-0.3813751
-0.4064785
-0.2625775
0.1063740
0.6287316
1.1269630
1.4300206
1.4814546
1.3528365
1.1642010
0.9952024
0.8605984
0.7452056
0.6407959
0.5494092
0.4686545
0.3881956
0.3002615
0.2071535
0.1176990
0.0404529
-0.0185889
-0.0558576
-0.0724866
-0.0770589
-0.0822604
-0.0949992
-0.1100545
-0.1167583
-0.1130981
-0.1104494
-0.1222402
-0.1496686
-0.1805032
-0.2003061
-0.2030723
-0.1935598
-0.1834036
-0.1844780
-0.2012226
-0.2260000
-0.2426837
-0.2379148
-0.2120669
-0.1808115
-0.1644854
-0.1724328
-0.1956665
-0.2152260
-0.2183365
-0.2068724
-0.1923608
-0.1855243
-0.1895368
-0.1988457
-0.2027159
-0.1932540
-0.1733675
-0.1560426
-0.1528703
-0.1617892
-0.1665442
-0.1500429
-0.1109360
-0.0681045
-0.0462558
-0.0536926
-0.0740911
-0.0821361
-0.0676418
-0.0436702
-0.0321362
-0.0430973
-0.0669504
-0.0841124
-0.0817768
-0.0629440
-0.0407108
-0.0251174
-0.0167881
-0.0120248
-0.0098045
-0.0115188
-0.0167329
-0.0228277
-0.0282337
-0.0332867
-0.0375365
-0.0380461
-0.0317968
-0.0203600
-0.0117457
-0.0151678
-0.0313488
-0.0490348
-0.0548175
-0.0474312
-0.0398071
-0.0457901
-0.0665740
-0.0908960
-0.1066200
-0.1111171
-0.1118182
-0.1178953
-0.1312284
-0.1455278
-0.1542488
-0.1577736
-0.1616662
-0.1695992
-0.1797531
-0.1862840
-0.1819455
-0.1615054
-0.1270720
-0.0905396
-0.0673445
-0.0653586
-0.0794865
-0.0964543
-0.1045110
-0.1003445
-0.0891114
-0.0784346
-0.0717771
-0.0667710
-0.0582370
-0.0418684
-0.0178444
0.0055104
0.0140478
0.0000253
-0.0285041
-0.0588241
-0.0961455
-0.1620439
-0.2539664
-0.3057344
-0.2080050
0.1056824
0.5778786
1.0360898
1.3015387
1.3105921
1.1428513
0.9371797
0.7823294
0.6799468
0.5901394
0.4902823
0.3885085
0.2993800
0.2240063
0.1545754
0.0883537
0.0304431
-0.0155047
-0.0530125
-0.0858051
-0.1089995
-0.1144152
-0.1055953
-0.1003335
-0.1126949
-0.1355695
-0.1466781
-0.1321787
-0.1017091
-0.0800259
-0.0846951
-0.1106517
-0.1354634
-0.1408687
-0.1297142
-0.1206924
-0.1275514
-0.1465951
-0.1638843
-0.1698660
-0.1655403
-0.1587063
-0.1573255
-0.1644218
-0.1765971
-0.1872073
-0.1909775
-0.1856973
-0.1723119
-0.1562525
-0.1464519
-0.1486358
-0.1597697
-0.1719972
-0.1809644
-0.1872108
-0.1912155
-0.1917840
-0.1893342
-0.1868712
-0.1864791
-0.1863280
-0.1812147
-0.1659296
-0.1402488
-0.1114376
-0.0888872
-0.0750106
-0.0648113
-0.0555037
-0.0513205
-0.0554528
-0.0620036
-0.0615467
-0.0533695
-0.0482701
-0.0587155
-0.0865680
-0.1191011
-0.1377666
-0.1343115
-0.1186137
-0.1075055
-0.1060917
-0.1037032
-0.0876463
-0.0565962
-0.0211206
0.0039055
0.0079103
-0.0078191
-0.0290469
-0.0391859
-0.0331077
-0.0191583
-0.0089396
-0.0078496
-0.0132561
-0.0176462
-0.0151668
-0.0089907
-0.0102877
-0.0259339
-0.0492446
-0.0665931
-0.0710965
-0.0668908
-0.0633442
-0.0685569
-0.0848115
-0.1062578
-0.1238409
-0.1353038
-0.1468739
-0.1632613
-0.1811056
-0.1946330
-0.2018909
-0.2023485
-0.1944592
-0.1796472
-0.1638431
-0.1516153
-0.1426390
-0.1354415
-0.1297503
-0.1241827
-0.1170154
-0.1098876
-0.1054250
-0.1016438
-0.0945867
-0.0852889
-0.0778313
-0.0727726
-0.0696299
-0.0723388
-0.0830398
-0.0934249
-0.0927641
-0.0831598
-0.0769923
-0.0800037
-0.0856439
-0.0852621
-0.0764518
-0.0632622
-0.0553621
-0.0654384
-0.1019906
-0.1642656
-0.2386330
-0.2854357
-0.2309668
-0.0026002
0.4011428
0.8799820
1.2877899
1.5234510
1.5732561
1.4879241
1.3349904
1.1619412
0.9867530
0.8186333
0.6794556
0.5873361
0.5222989
0.4365524
0.3089723
0.1682894
0.0553774
-0.0145047
-0.0477147
-0.0603231
-0.0783081
-0.1184538
-0.1601404
-0.1690726
-0.1544399
-0.1592882
-0.1866911
-0.1938855
-0.1798686
-0.2042025
-0.2636198
-0.2141717
0.0928152
