-0.0772370
-0.0606980
-0.0391113
-0.0212520
-0.0153177
-0.0207542
-0.0281343
-0.0272468
-0.0154903
0.0010521
0.0138158
0.0185982
0.0171448
0.0135541
0.0099624
0.0052107
-0.0033503
-0.0170229
-0.0339118
-0.0491257
-0.0572762
-0.0562987
-0.0499980
-0.0465102
-0.0527206
-0.0688875
-0.0886863
-0.1052055
-0.1171631
-0.1289033
-0.1442531
-0.1610578
-0.1723275
-0.1724524
-0.1617336
-0.1452523
-0.1286212
-0.1153297
-0.1067161
-0.1022593
-0.0993731
-0.0947311
-0.0875855
-0.0812136
-0.0790658
-0.0790807
-0.0739904
-0.0593487
-0.0405466
-0.0293318
-0.0322723
-0.0440376
-0.0534859
-0.0554535
-0.0544063
-0.0563283
-0.0597820
-0.0577313
-0.0476766
-0.0368034
-0.0351465
-0.0451124
-0.0601586
-0.0733372
-0.0840020
-0.0947390
-0.1048045
-0.1108078
-0.1134367
-0.1180434
-0.1248861
-0.1231807
-0.1041741
-0.0830166
-0.0966306
-0.1619014
-0.2281137
-0.1834417
0.0659030
0.5029390
0.9832185
1.3229774
1.4225750
1.3204072
1.1383908
0.9794362
0.8701022
0.7827784
0.6918261
0.5997057
0.5184776
0.4436904
0.3563160
0.2472529
0.1322021
0.0395407
-0.0142976
-0.0364678
-0.0480405
-0.0660574
-0.0940423
-0.1253601
-0.1519816
-0.1702914
-0.1817452
-0.1905393
-0.2003285
-0.2111481
-0.2184101
-0.2157614
-0.2006453
-0.1781254
-0.1589838
-0.1525795
-0.1596630
-0.1711867
-0.1748197
-0.1642288
-0.1431608
-0.1208049
-0.1032504
-0.0894767
-0.0752356
-0.0598879
-0.0484898
-0.0467334
-0.0540891
-0.0628729
-0.0651986
-0.0611916
-0.0595088
-0.0686200
-0.0872827
-0.1042778
-0.1084465
-0.0996216
-0.0898457
-0.0934094
-0.1147119
-0.1447153
-0.1684542
-0.1762010
-0.1690829
-0.1564356
-0.1487075
-0.1506036
-0.1572926
-0.1560281
-0.1343340
-0.0906559
-0.0384246
0.0020909
0.0185218
0.0146064
0.0043555
-0.0014637
-0.0028185
-0.0055738
-0.0118084
-0.0169971
-0.0160250
-0.0091894
-0.0010111
0.0048886
0.0074234
0.0055961
-0.0022349
-0.0152466
-0.0284672
-0.0369275
-0.0415071
-0.0484673
-0.0619467
-0.0781923
-0.0891205
-0.0914364
-0.0902756
-0.0930335
-0.1012891
-0.1103396
-0.1151609
-0.1140040
-0.1064481
-0.0917555
-0.0716283
-0.0523577
-0.0403114
-0.0346763
-0.0275624
-0.0133628
0.0033856
0.0120226
0.0077320
-0.0028650
-0.0094271
-0.0094401
-0.0096248
-0.0165597
-0.0293159
-0.0427099
-0.0546416
-0.0664480
-0.0769012
-0.0805849
-0.0749914
-0.0670899
-0.0689783
-0.0858609
-0.1102564
-0.1298528
-0.1402146
-0.1474662
-0.1581650
-0.1694408
-0.1720185
-0.1619025
-0.1451529
-0.1300866
-0.1193878
-0.1150277
-0.1284171
-0.1741151
-0.2414374
-0.2711450
-0.1740185
0.1063134
0.5337115
0.9812534
1.3037903
1.4256745
1.3730100
1.2316509
1.0774661
0.9394595
0.8129438
0.6912887
0.5788117
0.4796436
0.3858206
0.2833640
0.1693388
0.0587322
-0.0274948
-0.0800527
-0.1065353
-0.1213660
-0.1333276
-0.1427897
-0.1479808
-0.1507918
-0.1557011
-0.1646830
-0.1754148
-0.1850636
-0.1939335
-0.2031132
-0.2091677
-0.2047110
-0.1867514
-0.1631281
-0.1475410
-0.1470025
-0.1553327
-0.1599205
-0.1541697
-0.1423942
-0.1332482
-0.1304280
-0.1308670
-0.1303886
-0.1282446
-0.1255163
-0.1217842
-0.1159592
-0.1094315
-0.1054949
-0.1050563
-0.1051443
-0.1030986
-0.1008385
-0.1029357
-0.1103908
-0.1178214
-0.1178377
-0.1079462
-0.0924344
-0.0774673
-0.0652831
-0.0538392
-0.0410459
-0.0273148
-0.0137214
-0.0000084
0.0135279
0.0230888
0.0229948
0.0116507
-0.0048350
-0.0163831
-0.0171790
-0.0105070
-0.0053706
-0.0082606
-0.0182930
-0.0299151
-0.0388701
-0.0445789
-0.0482432
-0.0513387
-0.0562047
-0.0652482
-0.0773576
-0.0863992
-0.0861273
-0.0774894
-0.0695611
-0.0716932
-0.0847901
-0.1012437
-0.1132818
-0.1196162
-0.1228308
-0.1225884
-0.1157657
-0.1044165
-0.0991827
-0.1094808
-0.1299974
-0.1412284
-0.1269634
-0.0911391
-0.0557026
-0.0411208
-0.0491303
-0.0642133
-0.0706117
-0.0665867
-0.0623565
-0.0664486
-0.0764338
-0.0827579
-0.0792356
-0.0685223
-0.0586247
-0.0556175
-0.0593802
-0.0651068
-0.0685597
-0.0701772
-0.0740772
-0.0829470
-0.0943096
-0.1024360
-0.1041782
-0.1025153
-0.1033701
-0.1083451
-0.1119906
-0.1088605
-0.1032194
-0.1074189
-0.1270054
-0.1502835
-0.1591143
-0.1509633
-0.1432150
-0.1503223
-0.1626231
-0.1600219
-0.1487603
-0.1679796
-0.2372597
-0.2933662
-0.2027129
0.1296987
0.6478392
1.1510490
1.4336836
1.4343520
1.2573881
1.0589649
0.9204754
0.8242758
0.7245417
0.6138482
0.5169905
0.4418926
0.3614020
0.2482165
0.1139735
0.0014685
-0.0596607
-0.0806175
-0.0961799
-0.1277932
-0.1683159
-0.1979437
-0.2072438
-0.2036167
-0.2008753
-0.2069914
-0.2205718
-0.2344766
-0.2402364
-0.2311920
-0.2060641
-0.1718438
-0.1412574
-0.1240760
-0.1196772
-0.1186606
-0.1118575
-0.0975415
-0.0808310
-0.0678115
-0.0608389
-0.0586034
-0.0593463
-0.0628880
-0.0692014
-0.0761409
-0.0803253
-0.0804326
-0.0780910
-0.0749317
-0.0702918
-0.0630318
-0.0545865
-0.0486202
-0.0475740
-0.0501801
-0.0523301
-0.0503494
-0.0442494
-0.0384208
-0.0384275
-0.0457238
-0.0547546
-0.0556081
-0.0410195
-0.0127388
0.0183077
0.0396284
0.0468274
0.0460307
0.0464166
0.0510694
0.0557350
0.0549414
0.0471887
0.0346755
0.0204933
0.0070434
-0.0042374
-0.0128648
-0.0189245
-0.0226587
-0.0250693
-0.0289163
-0.0377346
-0.0522715
-0.0677237
-0.0763310
-0.0752318
-0.0720822
-0.0798172
-0.1027612
-0.1291879
-0.1417151
-0.1359773
-0.1255008
-0.1259842
-0.1377115
-0.1470978
-0.1441737
-0.1337540
-0.1275497
-0.1287062
-0.1286591
-0.1196624
-0.1061006
-0.0990383
-0.1003124
-0.0972935
-0.0768321
-0.0419618
-0.0104886
0.0030278
0.0005646
-0.0047767
-0.0041739
-0.0004584
-0.0014368
-0.0091484
-0.0175786
-0.0202385
-0.0176776
-0.0159378
-0.0187657
-0.0241133
-0.0287995
-0.0336953
-0.0419455
-0.0535775
-0.0648211
-0.0730258
-0.0800874
-0.0896498
-0.1015273
-0.1101929
-0.1096763
-0.0999871
-0.0877587
-0.0798122
-0.0769494
-0.0753745
-0.0733968
-0.0743372
-0.0820733
-0.0951439
-0.1061935
-0.1069444
-0.0942944
-0.0731742
-0.0536395
-0.0434908
-0.0426700
-0.0452198
-0.0465035
-0.0472868
-0.0507034
-0.0570419
-0.0630396
-0.0659754
-0.0671142
-0.0700991
-0.0758970
-0.0803760
-0.0780740
-0.0684633
-0.0584483
-0.0602228
-0.0871481
-0.1455504
-0.2191859
-0.2567652
-0.1851516
0.0449679
0.4108915
0.8124583
1.1233593
1.2629918
1.2340973
1.1024516
0.9438348
0.8039137
0.6937686
0.6070681
0.5334657
0.4610644
0.3783623
0.2814938
0.1792262
0.0882159
0.0223232
-0.0149885
-0.0311799
-0.0396789
-0.0524848
-0.0739631
-0.0995759
-0.1204227
-0.1303343
-0.1306974
-0.1296259
-0.1355964
-0.1504099
-0.1680273
-0.1803091
-0.1833393
-0.1786158
-0.1705257
-0.1641900
-0.1637921
-0.1698796
-0.1777346
-0.1799189
-0.1714604
-0.1529966
-0.1297068
-0.1075468
-0.0895303
-0.0746998
-0.0607775
-0.0477499
-0.0382231
-0.0345686
-0.0368094
-0.0428989
-0.0494042
-0.0522076
-0.0491760
-0.0433475
-0.0416030
-0.0482247
-0.0599620
-0.0682769
-0.0664814
-0.0549055
-0.0399837
-0.0287043
-0.0235825
-0.0226270
-0.0233622
-0.0254121
-0.0291126
-0.0339688
-0.0400104
-0.0485495
-0.0588676
-0.0652051
-0.0603859
-0.0434551
-0.0221125
-0.0065443
-0.0011175
-0.0019818
-0.0021308
0.0012955
0.0044852
0.0016305
-0.0084308
-0.0209922
-0.0300797
-0.0325677
-0.0284296
-0.0201100
-0.0128633
-0.0129222
-0.0223905
-0.0362620
-0.0462855
-0.0483776
-0.0460855
-0.0468616
-0.0547034
-0.0660364
-0.0733462
-0.0734548
-0.0712096
-0.0738329
-0.0827885
-0.0929844
-0.0988496
-0.0985623
-0.0927348
-0.0823016
-0.0692651
-0.0576192
-0.0511673
-0.0497722
-0.0482902
-0.0404918
-0.0256411
-0.0112509
-0.0072821
-0.0163168
-0.0307056
-0.0405861
-0.0435998
-0.0456699
-0.0534977
-0.0675642
-0.0814247
-0.0867394
-0.0803159
-0.0679632
-0.0609099
-0.0667336
-0.0829476
-0.0991845
-0.1057289
-0.1013596
-0.0946217
-0.0967632
-0.1110603
-0.1287233
-0.1370319
-0.1316878
-0.1196500
-0.1104513
-0.1076685
-0.1094212
-0.1136256
-0.1193912
-0.1239378
-0.1216363
-0.1091778
-0.0921724
-0.0837392
-0.0924777
-0.1112067
-0.1213986
-0.1115488
-0.0892184
-0.0724863
-0.0714360
-0.0810613
-0.0906307
-0.0953487
-0.0978044
-0.1015624
-0.1063983
-0.1092059
-0.1069919
-0.0975297
-0.0786228
-0.0504321
-0.0200872
-0.0003410
0.0008262
-0.0125385
-0.0333247
-0.0667319
-0.1255952
-0.1994893
-0.2299020
-0.1304177
0.1500853
0.5711720
1.0054403
1.3096334
1.4096295
1.3330711
1.1699047
1.0030980
0.8680012
0.7594543
0.6606356
0.5616792
0.4606029
0.3579787
0.2553744
0.1574610
0.0720508
0.0051225
-0.0444304
-0.0828208
-0.1130992
-0.1311825
-0.1323308
-0.1201768
-0.1066830
-0.1028617
-0.1103441
-0.1215053
-0.1271837
-0.1252095
-0.1222884
-0.1271735
-0.1420834
-0.1616223
-0.1791102
-0.1917294
-0.2001913
-0.2068768
-0.2149415
-0.2255794
-0.2340505
-0.2311686
-0.2120430
-0.1831858
-0.1590469
-0.1503649
-0.1550878
-0.1601710
-0.1531775
-0.1334925
-0.1120361
-0.0995723
-0.0964585
-0.0942853
-0.0849965
-0.0665620
-0.0427054
-0.0211238
-0.0108488
-0.0167479
-0.0348845
-0.0549979
-0.0685460
-0.0740486
-0.0754405
-0.0766359
-0.0775595
-0.0747782
-0.0663340
-0.0558655
-0.0506054
-0.0549519
-0.0671579
-0.0819191
-0.0941030
-0.1004660
-0.1013131
-0.1015372
-0.1067470
-0.1163786
-0.1229869
-0.1204753
-0.1114940
-0.1047032
-0.1051621
-0.1082910
-0.1031489
-0.0822743
-0.0498208
-0.0200170
-0.0062420
-0.0110351
-0.0262264
-0.0406004
-0.0465631
-0.0430787
-0.0364550
-0.0372292
-0.0519513
-0.0766998
-0.1003054
-0.1142263
-0.1186437
-0.1204721
-0.1273039
-0.1417717
-0.1588772
-0.1688472
-0.1648213
-0.1488651
-0.1305844
-0.1199882
-0.1203751
-0.1257339
-0.1252655
-0.1134216
-0.0961890
-0.0847780
-0.0824775
-0.0809375
-0.0707495
-0.0526213
-0.0360772
-0.0293698
-0.0325970
-0.0390033
-0.0411284
-0.0367246
-0.0304900
-0.0304418
-0.0421791
-0.0651634
-0.0917326
-0.1092961
-0.1082565
-0.0925248
-0.0803799
-0.0895842
-0.1203849
-0.1555300
-0.1769873
-0.1806404
-0.1757463
-0.1737036
-0.1783475
-0.1850111
-0.1871917
-0.1832652
-0.1760306
-0.1670344
-0.1546861
-0.1385885
-0.1222088
-0.1094479
-0.1014236
-0.0984448
-0.1018843
-0.1110055
-0.1200017
-0.1216703
-0.1142080
-0.1031739
-0.0969341
-0.1001189
-0.1103746
-0.1214699
-0.1302671
-0.1392894
-0.1510850
-0.1628848
-0.1703440
-0.1739043
-0.1758856
-0.1726776
-0.1573704
-0.1322326
-0.1116592
-0.1071326
-0.1133852
-0.1182577
-0.1280802
-0.1720392
-0.2629046
-0.3444556
-0.2930512
-0.0041122
0.4991119
1.0453457
1.4228082
1.5253250
1.4064920
1.2052209
1.0282549
0.8971091
0.7830717
0.6672450
0.5582917
0.4652903
0.3753382
0.2686397
0.1475637
0.0373793
-0.0423120
-0.0964427
-0.1415190
-0.1830870
-0.2136186
-0.2283132
-0.2344840
-0.2436144
-0.2578869
-0.2672069
-0.2597815
-0.2349124
-0.2042241
-0.1806906
-0.1692159
-0.1683590
-0.1759545
-0.1886432
-0.1997189
-0.2039118
-0.2034673
-0.2041270
-0.2051551
-0.1983843
-0.1785564
-0.1513880
-0.1298117
-0.1234333
-0.1318254
-0.1471001
-0.1626774
-0.1786203
-0.1970753
-0.2148748
-0.2257489
-0.2296834
-0.2336539
-0.2405652
-0.2431978
-0.2334515
-0.2137269
-0.1944760
-0.1823836
-0.1745797
-0.1635572
-0.1452937
-0.1228325
-0.1029221
-0.0890331
-0.0783890
-0.0665790
-0.0527800
-0.0382958
-0.0233511
-0.0098917
-0.0048825
-0.0143313
-0.0340241
-0.0516280
-0.0590746
-0.0591570
-0.0596046
-0.0643752
-0.0715182
-0.0767958
-0.0784620
-0.0793847
-0.0838126
-0.0918637
-0.0997688
-0.1060752
-0.1134000
-0.1222543
-0.1281096
-0.1281019
-0.1262861
-0.1276763
-0.1300972
-0.1265894
-0.1145198
-0.0991289
-0.0890376
-0.0896484
-0.0985755
-0.1057543
-0.1008745
-0.0847573
-0.0752052
-0.1005826
-0.1797830
-0.2927404
-0.3614018
-0.2746115
0.0361102
0.5234308
1.0286272
1.3754844
1.4792026
1.3820234
1.1969781
1.0184484
0.8742259
0.7449396
0.6129583
0.4844907
0.3715313
0.2706272
0.1700426
0.0702890
-0.0141964
-0.0726795
-0.1091463
-0.1353441
-0.1589659
-0.1801224
-0.1957841
-0.2058604
-0.2148478
-0.2265043
-0.2381744
-0.2445595
-0.2470336
-0.2536447
-0.2683727
-0.2857799
-0.2985181
-0.3055117
-0.3110907
-0.3207538
-0.3385947
-0.3625234
-0.3795431
-0.3718599
-0.3325463
-0.2736196
-0.2174011
-0.1811708
-0.1678598
-0.1665155
-0.1619094
-0.1478861
-0.1315138
-0.1223045
-0.1207461
-0.1211559
-0.1209983
-0.1206952
-0.1175724
-0.1078273
-0.0936559
-0.0821700
-0.0772943
-0.0768516
-0.0766337
-0.0741997
-0.0706241
-0.0709081
-0.0794801
-0.0930585
-0.1021934
-0.1023738
-0.0991002
-0.0999836
-0.1073843
-0.1207790
-0.1391351
-0.1568893
-0.1639190
-0.1548028
-0.1348765
-0.1146796
-0.1019118
-0.0990830
-0.1031571
-0.1060650
-0.1010283
-0.0899905
-0.0809315
-0.0785513
-0.0821410
-0.0902678
-0.1011581
-0.1106312
-0.1167799
-0.1247644
-0.1395885
-0.1559427
-0.1629508
-0.1582115
-0.1507817
-0.1513851
-0.1645238
-0.1870585
-0.2088361
-0.2181501
-0.2126754
-0.2022844
-0.1965263
-0.1933588
-0.1846671
-0.1681024
-0.1486369
-0.1325931
-0.1240075
-0.1236610
-0.1313245
-0.1534933
-0.2025296
-0.2702250
-0.2984693
-0.1977167
0.0821452
0.4942374
0.9116287
1.2049523
1.3148541
1.2690409
1.1422253
0.9981378
0.8624224
0.7389235
0.6316685
0.5386233
0.4383811
0.3076003
0.1541590
0.0174976
-0.0681004
-0.1015674
-0.1075056
-0.1119394
-0.1262685
-0.1451264
-0.1564184
-0.1561707
-0.1517300
-0.1500398
-0.1513314
-0.1571395
-0.1718745
-0.1892875
-0.1906538
-0.1676601
-0.1370670
-0.1216994
-0.1250537
-0.1336885
-0.1359886
-0.1298049
-0.1194011
-0.1121811
-0.1116725
-0.1101977
-0.0972384
-0.0763266
-0.0621148
-0.0601156
-0.0631552
-0.0685444
-0.0829333
-0.1077752
-0.1347117
-0.1570600
-0.1721961
-0.1737159
-0.1570078
-0.1315637
-0.1121061
-0.0992969
-0.0840921
-0.0666203
-0.0539725
-0.0440629
-0.0289231
-0.0097241
0.0064734
0.0182925
0.0248839
0.0198577
0.0047523
-0.0048010
-0.0018983
-0.0020464
-0.0178316
-0.0373570
-0.0454166
-0.0474963
-0.0543327
-0.0617960
-0.0644812
-0.0698450
-0.0817363
-0.0896871
-0.0884612
-0.0862857
-0.0842487
-0.0753660
-0.0712760
-0.0940448
-0.1316799
-0.1418315
-0.1118180
-0.0735868
-0.0489311
-0.0268872
-0.0068602
-0.0128037
-0.0494364
-0.0901005
-0.1091440
-0.0694872
0.1088658
0.4753262
0.9333998
1.2966193
1.4812107
1.5424523
1.5033770
1.2900360
0.9051331
