-0.0518710
-0.0425681
-0.0462391
-0.0467818
-0.0395519
-0.0362831
-0.0416573
-0.0461861
-0.0432006
-0.0369737
-0.0328944
-0.0321524
-0.0362391
-0.0456028
-0.0542949
-0.0560954
-0.0551098
-0.0605517
-0.0715494
-0.0762902
-0.0666756
-0.0467333
-0.0267847
-0.0152766
-0.0150650
-0.0216025
-0.0256065
-0.0225230
-0.0180854
-0.0204233
-0.0290823
-0.0363150
-0.0367723
-0.0313548
-0.0236934
-0.0173049
-0.0146366
-0.0151202
-0.0152419
-0.0129012
-0.0099913
-0.0091404
-0.0106550
-0.0142779
-0.0205316
-0.0281276
-0.0333862
-0.0349271
-0.0364788
-0.0427785
-0.0545014
-0.0683606
-0.0797905
-0.0844667
-0.0798674
-0.0670770
-0.0499519
-0.0325977
-0.0192003
-0.0145632
-0.0205177
-0.0315272
-0.0379524
-0.0355389
-0.0296179
-0.0288893
-0.0364258
-0.0469471
-0.0516333
-0.0460346
-0.0346387
-0.0268848
-0.0272886
-0.0307316
-0.0291563
-0.0213997
-0.0141789
-0.0143332
-0.0220190
-0.0306820
-0.0322917
-0.0240761
-0.0120169
-0.0065002
-0.0125036
-0.0247261
-0.0336892
-0.0354526
-0.0336095
-0.0325702
-0.0311298
-0.0238451
-0.0088581
0.0066171
0.0112423
0.0019464
-0.0107521
-0.0134769
-0.0051240
0.0033184
0.0043716
0.0033995
0.0079398
0.0116297
-0.0024465
-0.0365769
-0.0573130
-0.0053517
0.1658223
0.4547572
0.8110001
1.1654233
1.4605763
1.6586897
1.7366662
1.6884288
1.5339555
1.3161552
1.0792933
0.8475293
0.6244765
0.4116090
0.2232786
0.0813026
-0.0043303
-0.0461705
-0.0686708
-0.0881760
-0.1055928
-0.1166894
-0.1235974
-0.1331645
-0.1475620
-0.1615262
-0.1693470
-0.1717469
-0.1743500
-0.1803272
-0.1861747
-0.1857461
-0.1781368
-0.1698121
-0.1676071
-0.1708144
-0.1722899
-0.1669570
-0.1568769
-0.1475574
-0.1414966
-0.1367820
-0.1310327
-0.1252946
-0.1236671
-0.1290883
-0.1397271
-0.1504086
-0.1579486
-0.1638427
-0.1706986
-0.1773496
-0.1795325
-0.1753204
-0.1683085
-0.1648132
-0.1683097
-0.1765847
-0.1841593
-0.1879201
-0.1904658
-0.1970491
-0.2088861
-0.2205701
-0.2249590
-0.2201355
-0.2111652
-0.2055859
-0.2071933
-0.2130424
-0.2160022
-0.2113143
-0.2014129
-0.1935572
-0.1919985
-0.1929052
-0.1875122
-0.1701581
-0.1434276
-0.1160956
-0.0960982
-0.0849117
-0.0784830
-0.0732611
-0.0699996
-0.0707738
-0.0737362
-0.0732959
-0.0659958
-0.0548088
-0.0468177
-0.0470493
-0.0546258
-0.0642464
-0.0710098
-0.0738897
-0.0747126
-0.0744698
-0.0718671
-0.0656961
-0.0571952
-0.0489827
-0.0424095
-0.0370077
-0.0321044
-0.0279677
-0.0253377
-0.0242857
-0.0235451
-0.0211025
-0.0161024
-0.0102565
-0.0064763
-0.0056053
-0.0051100
-0.0016166
0.0053309
0.0120845
0.0134134
0.0069194
-0.0041475
-0.0129225
-0.0151480
-0.0136145
-0.0153662
-0.0241345
-0.0364493
-0.0457761
-0.0497935
-0.0526285
-0.0596108
-0.0702369
-0.0774524
-0.0751458
-0.0660998
-0.0604720
-0.0650727
-0.0755043
-0.0810242
-0.0769209
-0.0698361
-0.0696980
-0.0776364
-0.0839148
-0.0786625
-0.0636341
-0.0512854
-0.0511917
-0.0589231
-0.0608776
-0.0502968
-0.0359997
-0.0335201
-0.0486428
-0.0713894
-0.0860193
-0.0855589
-0.0761892
-0.0686158
-0.0667284
-0.0654159
-0.0585894
-0.0472351
-0.0382140
-0.0360616
-0.0379444
-0.0372122
-0.0307865
-0.0221960
-0.0175928
-0.0192719
-0.0234014
-0.0244496
-0.0216625
-0.0200368
-0.0240870
-0.0316030
-0.0352573
-0.0306540
-0.0216033
-0.0165916
-0.0202995
-0.0291819
-0.0356098
-0.0360380
-0.0343292
-0.0365963
-0.0436432
-0.0499884
-0.0503933
-0.0457061
-0.0413037
-0.0408935
-0.0432707
-0.0448405
-0.0439238
-0.0419685
-0.0410695
-0.0411000
-0.0397265
-0.0350943
-0.0278443
-0.0201801
-0.0136633
-0.0086950
-0.0056166
-0.0050891
-0.0072893
-0.0116625
-0.0176233
-0.0245610
-0.0307706
-0.0333568
-0.0304328
-0.0238096
-0.0190406
-0.0217233
-0.0325081
-0.0453650
-0.0517230
-0.0475207
-0.0364947
-0.0263865
-0.0220927
-0.0225242
-0.0233000
-0.0215750
-0.0182790
-0.0163149
-0.0170471
-0.0188810
-0.0195598
-0.0194294
-0.0213018
-0.0265551
-0.0321368
-0.0324857
-0.0247540
-0.0120810
-0.0017134
0.0004843
-0.0054560
-0.0139490
-0.0188335
-0.0184383
-0.0161311
-0.0164263
-0.0208461
-0.0270055
-0.0308686
-0.0299699
-0.0252702
-0.0201868
-0.0173999
-0.0164199
-0.0144940
-0.0098095
-0.0034259
0.0019447
0.0047400
0.0060699
0.0084999
0.0131139
0.0177835
0.0189547
0.0155283
0.0103434
0.0069857
0.0053071
0.0010635
-0.0093870
-0.0241071
-0.0357813
-0.0376551
-0.0299959
-0.0206788
-0.0187636
-0.0269276
-0.0396191
-0.0475516
-0.0436348
-0.0268747
-0.0045444
0.0083780
-0.0031043
-0.0387276
-0.0705180
-0.0480612
0.0754550
0.3130767
0.6336438
0.9793130
1.2946143
1.5426099
1.7012720
1.7555863
1.7012890
1.5555029
1.3559121
1.1420488
0.9346391
0.7332685
0.5333083
0.3428747
0.1820559
0.0667547
-0.0046332
-0.0482981
-0.0806916
-0.1082414
-0.1292626
-0.1421274
-0.1494535
-0.1555773
-0.1623695
-0.1684150
-0.1717025
-0.1725773
-0.1739405
-0.1783645
-0.1848898
-0.1889751
-0.1860998
-0.1757446
-0.1621127
-0.1511137
-0.1462525
-0.1466282
-0.1484548
-0.1486702
-0.1473524
-0.1468174
-0.1486590
-0.1518402
-0.1534029
-0.1508405
-0.1443037
-0.1371432
-0.1339468
-0.1369310
-0.1436999
-0.1489837
-0.1492732
-0.1461252
-0.1449606
-0.1502844
-0.1614944
-0.1731819
-0.1800123
-0.1816848
-0.1828372
-0.1878430
-0.1961556
-0.2032481
-0.2057586
-0.2049038
-0.2045918
-0.2066260
-0.2083168
-0.2051104
-0.1954990
-0.1829209
-0.1725504
-0.1666098
-0.1633404
-0.1600879
-0.1561801
-0.1524279
-0.1488526
-0.1439373
-0.1359397
-0.1241971
-0.1090766
-0.0913890
-0.0725354
-0.0550677
-0.0420538
-0.0348404
-0.0315264
-0.0287147
-0.0252295
-0.0231379
-0.0241956
-0.0261294
-0.0242159
-0.0170363
-0.0094533
-0.0086185
-0.0168635
-0.0289715
-0.0367050
-0.0360487
-0.0301485
-0.0255267
-0.0258029
-0.0290084
-0.0302252
-0.0260662
-0.0168545
-0.0055244
0.0050021
0.0136956
0.0210868
0.0270422
0.0292037
0.0246358
0.0135990
0.0010373
-0.0067863
-0.0075962
-0.0049554
-0.0047784
-0.0100477
-0.0188163
-0.0269854
-0.0325396
-0.0368654
-0.0424263
-0.0499966
-0.0582548
-0.0650709
-0.0684975
-0.0674276
-0.0628344
-0.0584376
-0.0585382
-0.0638536
-0.0697934
-0.0701118
-0.0629869
-0.0531160
-0.0469667
-0.0457286
-0.0437336
-0.0347274
-0.0195028
-0.0062630
-0.0029368
-0.0096514
-0.0191055
-0.0237161
-0.0218427
-0.0176712
-0.0162299
-0.0188121
-0.0224146
-0.0227809
-0.0180620
-0.0104239
-0.0049413
-0.0067047
-0.0175790
-0.0344089
-0.0504773
-0.0600692
-0.0627190
-0.0630506
-0.0660245
-0.0720779
-0.0768194
-0.0754123
-0.0673109
-0.0568407
-0.0492426
-0.0463345
-0.0461822
-0.0464818
-0.0470163
-0.0481316
-0.0478300
-0.0422316
-0.0297589
-0.0142166
-0.0026790
0.0002151
-0.0039875
-0.0093535
-0.0109726
-0.0086832
-0.0059455
-0.0058269
-0.0084834
-0.0119261
-0.0141354
-0.0142227
-0.0125329
-0.0104928
-0.0100787
-0.0126126
-0.0178190
-0.0243549
-0.0313349
-0.0388899
-0.0467219
-0.0522276
-0.0511050
-0.0412071
-0.0262060
-0.0142641
-0.0114937
-0.0163219
-0.0210161
-0.0192109
-0.0116575
-0.0044970
-0.0025209
-0.0047108
-0.0061184
-0.0033221
0.0023929
0.0068742
0.0073677
0.0047214
0.0019367
0.0012550
0.0025637
0.0038755
0.0030634
-0.0002712
-0.0041382
-0.0057629
-0.0045081
-0.0031128
-0.0054057
-0.0124719
-0.0211923
-0.0266902
-0.0263299
-0.0216726
-0.0169718
-0.0158526
-0.0189969
-0.0242605
-0.0284515
-0.0292498
-0.0264676
-0.0222560
-0.0196672
-0.0199452
-0.0209409
-0.0189844
-0.0130314
-0.0067386
-0.0057146
-0.0122514
-0.0227511
-0.0305830
-0.0317875
-0.0281788
-0.0249193
-0.0251916
-0.0274648
-0.0278594
-0.0246317
-0.0199737
-0.0176824
-0.0194453
-0.0233065
-0.0254951
-0.0238784
-0.0199370
-0.0173362
-0.0183254
-0.0215346
-0.0234434
-0.0219540
-0.0183796
-0.0160175
-0.0169738
-0.0203188
-0.0230087
-0.0223729
-0.0179187
-0.0113675
-0.0054854
-0.0025940
-0.0031717
-0.0052994
-0.0061017
-0.0046039
-0.0028098
-0.0028124
-0.0028926
0.0017202
0.0126758
0.0238318
0.0251826
0.0131176
-0.0039632
-0.0124476
-0.0070579
0.0036027
0.0070136
0.0020087
0.0010018
0.0141014
0.0320718
0.0302453
-0.0050805
-0.0519695
-0.0564656
0.0345784
0.2385850
0.5288889
0.8553115
1.1700762
1.4366015
1.6229962
1.6998984
1.6533658
1.5004242
1.2867416
1.0629517
0.8586406
0.6757343
0.5038608
0.3402964
0.1960593
0.0859481
0.0153823
-0.0233603
-0.0446826
-0.0610444
-0.0787144
-0.0980461
-0.1156310
-0.1271883
-0.1309570
-0.1298490
-0.1299612
-0.1357603
-0.1460191
-0.1548058
-0.1572501
-0.1546344
-0.1534512
-0.1591275
-0.1708198
-0.1824891
-0.1887028
-0.1889892
-0.1868447
-0.1853025
-0.1839194
-0.1798544
-0.1714003
-0.1601720
-0.1498777
-0.1432284
-0.1402580
-0.1394119
-0.1396510
-0.1411392
-0.1441985
-0.1481928
-0.1516931
-0.1535402
-0.1534971
-0.1519666
-0.1496171
-0.1477784
-0.1488798
-0.1553264
-0.1670660
-0.1806361
-0.1915889
-0.1980596
-0.2013566
-0.2030361
-0.2025055
-0.1984187
-0.1917979
-0.1861852
-0.1839655
-0.1833934
-0.1805323
-0.1742167
-0.1679323
-0.1659535
-0.1682253
-0.1701487
-0.1673072
-0.1593057
-0.1488440
-0.1385305
-0.1296875
-0.1230460
-0.1183465
-0.1129178
-0.1027684
-0.0869957
-0.0705014
-0.0601810
-0.0575270
-0.0563915
-0.0497393
-0.0382263
-0.0301027
-0.0317666
-0.0399613
-0.0451959
-0.0424586
-0.0363697
-0.0348380
-0.0392632
-0.0430413
-0.0396621
-0.0304377
-0.0230292
-0.0229961
-0.0281525
-0.0315866
-0.0293600
-0.0244336
-0.0232799
-0.0293907
-0.0401718
-0.0495316
-0.0532433
-0.0524076
-0.0522319
-0.0570514
-0.0659097
-0.0732002
-0.0743199
-0.0706357
-0.0679968
-0.0699118
-0.0729726
-0.0701199
-0.0585397
-0.0434561
-0.0335389
-0.0330309
-0.0389991
-0.0456757
-0.0499544
-0.0523463
-0.0545209
-0.0579532
-0.0641783
-0.0733458
-0.0811773
-0.0798120
-0.0651989
-0.0440779
-0.0306401
-0.0336328
-0.0473697
-0.0577807
-0.0576592
-0.0536234
-0.0565350
-0.0672242
-0.0753416
-0.0725977
-0.0631624
-0.0577659
-0.0596614
-0.0616416
-0.0584592
-0.0573124
-0.0696222
-0.0908786
-0.0923065
-0.0362198
0.0998217
0.3135959
0.5874015
0.8974830
1.2094816
1.4705105
1.6200091
1.6215949
1.4893008
1.2803711
1.0577955
0.8551407
0.6719178
0.4961420
0.3270187
0.1774273
0.0605982
-0.0207417
-0.0729732
-0.1041304
-0.1205301
-0.1285188
-0.1349117
-0.1432613
-0.1508816
-0.1519649
-0.1445768
-0.1338739
-0.1276432
-0.1288598
-0.1334227
-0.1355404
-0.1346391
-0.1358061
-0.1430903
-0.1534373
-0.1587813
-0.1546248
-0.1456477
-0.1416567
-0.1477532
-0.1591678
-0.1663076
-0.1645265
-0.1582012
-0.1552872
-0.1589745
-0.1654829
-0.1692924
-0.1689612
-0.1674132
-0.1678842
-0.1710007
-0.1755407
-0.1805457
-0.1858376
-0.1910661
-0.1952577
-0.1974951
-0.1975413
-0.1956029
-0.1920002
-0.1875687
-0.1840135
-0.1829080
-0.1839294
-0.1846860
-0.1830342
-0.1794986
-0.1768037
-0.1768751
-0.1787743
-0.1798700
-0.1786759
-0.1760399
-0.1736043
-0.1716557
-0.1689418
-0.1645192
-0.1592714
-0.1551315
-0.1527672
-0.1503602
-0.1449619
-0.1350812
-0.1219013
-0.1080984
-0.0957001
-0.0851721
-0.0763823
-0.0699835
-0.0673073
-0.0686552
-0.0720123
-0.0740316
-0.0725599
-0.0680904
-0.0627563
-0.0582627
-0.0549721
-0.0525259
-0.0506519
-0.0492719
-0.0484140
-0.0484618
-0.0500565
-0.0528308
-0.0540134
-0.0493854
-0.0371926
-0.0215794
-0.0110080
-0.0117034
-0.0220851
-0.0341393
-0.0407743
-0.0418097
-0.0426706
-0.0475704
-0.0545258
-0.0572453
-0.0516430
-0.0401913
-0.0298968
-0.0262732
-0.0293720
-0.0352343
-0.0403804
-0.0443288
-0.0479948
-0.0506086
-0.0492932
-0.0422240
-0.0319031
-0.0243944
-0.0244834
-0.0314104
-0.0396888
-0.0442800
-0.0447767
-0.0445147
-0.0461564
-0.0488163
-0.0495766
-0.0472557
-0.0441556
-0.0440489
-0.0486446
-0.0560036
-0.0621417
-0.0641325
-0.0621502
-0.0591262
-0.0584001
-0.0609369
-0.0641878
-0.0638697
-0.0575262
-0.0466334
-0.0350898
-0.0257850
-0.0191564
-0.0150738
-0.0149330
-0.0203362
-0.0294046
-0.0358725
-0.0338014
-0.0238399
-0.0137655
-0.0114780
-0.0172627
-0.0237625
-0.0239915
-0.0188124
-0.0158444
-0.0211509
-0.0326404
-0.0418614
-0.0419963
-0.0340501
-0.0257409
-0.0247874
-0.0328734
-0.0451031
-0.0546609
-0.0583456
-0.0584079
-0.0593481
-0.0626328
-0.0644042
-0.0588553
-0.0443403
-0.0259009
-0.0111393
-0.0035706
-0.0005972
0.0019878
0.0046452
0.0043085
-0.0004230
-0.0057634
-0.0052295
0.0048328
0.0225142
0.0417015
0.0541857
0.0512271
0.0280885
-0.0068589
-0.0256124
0.0127198
0.1414126
0.3661242
0.6612667
0.9834501
1.2876979
1.5343689
1.6898321
1.7316395
1.6593396
1.4986770
1.2892260
1.0630650
0.8337864
0.6052864
0.3885236
0.2061777
0.0792770
0.0099859
-0.0213709
-0.0420522
-0.0689039
-0.1016198
-0.1300567
-0.1464495
-0.1518923
-0.1537303
-0.1582709
-0.1656589
-0.1707531
-0.1686399
-0.1597311
-0.1498724
-0.1454261
-0.1480718
-0.1543037
-0.1597006
-0.1631851
-0.1669958
-0.1731504
-0.1807642
-0.1869398
-0.1896838
-0.1895346
-0.1886513
-0.1888566
-0.1905279
-0.1927185
-0.1938316
-0.1924438
-0.1882820
-0.1829262
-0.1793557
-0.1802034
-0.1859767
-0.1947556
-0.2035142
-0.2098122
-0.2126624
-0.2124241
-0.2101887
-0.2070563
-0.2036212
-0.2000398
-0.1966408
-0.1942940
-0.1937841
-0.1946739
-0.1951845
-0.1937997
-0.1911526
-0.1898947
-0.1922039
-0.1973903
-0.2022632
-0.2039685
-0.2023123
-0.1993110
-0.1968024
-0.1946471
-0.1908469
-0.1829641
-0.1697595
-0.1524129
-0.1345691
-0.1204142
-0.1115568
-0.1056126
-0.0986938
-0.0898523
-0.0824447
-0.0800995
-0.0814076
-0.0798800
-0.0701874
-0.0541219
-0.0394121
-0.0324255
-0.0326569
-0.0346002
-0.0341260
-0.0320300
-0.0315911
-0.0339500
-0.0366862
-0.0364638
-0.0322583
-0.0260343
-0.0209885
-0.0193281
-0.0209900
-0.0237163
-0.0245430
-0.0220378
-0.0174656
-0.0134161
-0.0110415
-0.0090844
-0.0061451
-0.0035976
-0.0052784
-0.0136811
-0.0267449
-0.0389941
-0.0460000
-0.0475975
-0.0469969
-0.0474554
-0.0500977
-0.0542266
-0.0585951
-0.0620961
-0.0641492
-0.0654385
-0.0681311
-0.0742404
-0.0830506
-0.0907019
-0.0934418
-0.0916634
-0.0900171
-0.0926748
-0.0984450
-0.1012026
-0.0955847
-0.0821752
-0.0669921
-0.0562294
-0.0517975
-0.0514473
-0.0520131
-0.0518901
-0.0511449
-0.0506282
-0.0513996
-0.0539719
-0.0569268
-0.0564669
-0.0488342
-0.0344485
-0.0194879
-0.0120567
-0.0155457
-0.0254241
-0.0329956
