-0.0172010
-0.0230935
-0.0209372
-0.0105845
-0.0024056
-0.0063721
-0.0229261
-0.0437890
-0.0595789
-0.0658376
-0.0635208
-0.0563870
-0.0486416
-0.0432619
-0.0405262
-0.0381470
-0.0342658
-0.0306896
-0.0316294
-0.0378989
-0.0434567
-0.0401413
-0.0263483
-0.0087948
0.0058409
0.0185832
0.0332696
0.0441165
0.0351896
0.0010517
-0.0298542
0.0005887
0.1421646
0.3959379
0.7104691
1.0183282
1.2759625
1.4700707
1.5938479
1.6291626
1.5584959
1.3906954
1.1665137
0.9340840
0.7197825
0.5239256
0.3409751
0.1776802
0.0495686
-0.0358419
-0.0870545
-0.1199764
-0.1453395
-0.1660561
-0.1828332
-0.1970094
-0.2072771
-0.2081334
-0.1959218
-0.1763970
-0.1630922
-0.1658093
-0.1811297
-0.1958642
-0.2001352
-0.1959312
-0.1924203
-0.1945197
-0.1981414
-0.1965838
-0.1892066
-0.1817083
-0.1782627
-0.1758156
-0.1681809
-0.1554327
-0.1467224
-0.1513798
-0.1673261
-0.1808077
-0.1796632
-0.1661530
-0.1544130
-0.1546677
-0.1621110
-0.1636539
-0.1550494
-0.1480993
-0.1582888
-0.1859556
-0.2127672
-0.2188147
-0.2021216
-0.1792182
-0.1668092
-0.1654348
-0.1621835
-0.1468745
-0.1223231
-0.0990751
-0.0838965
-0.0761043
-0.0731551
-0.0748778
-0.0797414
-0.0800707
-0.0666954
-0.0405796
-0.0163022
-0.0090536
-0.0175855
-0.0238731
-0.0125868
0.0107243
0.0244972
0.0150772
-0.0070529
-0.0180205
-0.0072132
0.0100861
0.0089436
-0.0179510
-0.0525778
-0.0715131
-0.0699610
-0.0628194
-0.0636039
-0.0675064
-0.0584759
-0.0311924
-0.0016771
0.0062507
-0.0159589
-0.0538283
-0.0846762
-0.0977994
-0.0991003
-0.0988677
-0.0996743
-0.0973952
-0.0901427
-0.0815667
-0.0750672
-0.0684138
-0.0570389
-0.0418335
-0.0306576
-0.0306428
-0.0405240
-0.0525984
-0.0613818
-0.0671761
-0.0704100
-0.0668101
-0.0532899
-0.0380549
-0.0384914
-0.0636170
-0.0995895
-0.1180516
-0.1026898
-0.0667271
-0.0411587
-0.0448336
-0.0682035
-0.0878211
-0.0938799
-0.0985503
-0.1163799
-0.1417635
-0.1517459
-0.1315986
-0.0932569
-0.0648954
-0.0628624
-0.0765642
-0.0818750
-0.0673073
-0.0444058
-0.0328267
-0.0389098
-0.0518212
-0.0587331
-0.0583109
-0.0565236
-0.0528569
-0.0374004
-0.0047857
0.0320943
0.0483142
0.0301417
-0.0098393
-0.0444091
-0.0583079
-0.0592142
-0.0613293
-0.0646585
-0.0584194
-0.0433439
-0.0391261
-0.0610819
-0.0938686
-0.1005345
-0.0628997
-0.0058853
0.0269082
0.0192935
-0.0061647
-0.0245091
-0.0417550
-0.0769388
-0.1162367
-0.1091690
-0.0277350
0.0796775
0.1173105
0.0370765
-0.1037595
-0.1925827
-0.1697456
-0.0799658
-0.0165659
-0.0260741
-0.0753543
-0.1033623
-0.0870187
-0.0506302
-0.0254072
-0.0176154
-0.0162690
-0.0153942
-0.0167884
-0.0170499
-0.0065867
0.0132233
0.0204819
-0.0078019
-0.0625169
-0.0931107
-0.0386074
0.1269845
0.3773025
0.6585401
0.9287421
1.1726588
1.3832085
1.5370212
1.5959345
1.5359613
1.3731994
1.1568511
0.9339894
0.7225534
0.5202972
0.3344751
0.1908530
0.1071222
0.0649005
0.0220297
-0.0421743
-0.1020801
-0.1160690
-0.0807660
-0.0442554
-0.0576980
-0.1185315
-0.1724784
-0.1745123
-0.1387965
-0.1201763
-0.1509427
-0.2072689
-0.2400864
-0.2284585
-0.1941125
-0.1696558
-0.1660804
-0.1747846
-0.1892429
-0.2106028
-0.2322070
-0.2328127
-0.1973122
-0.1418652
-0.1067420
-0.1177301
-0.1586093
-0.1873040
-0.1777936
-0.1419228
-0.1118743
-0.1081599
-0.1271107
-0.1531859
-0.1751854
-0.1892683
-0.1928357
-0.1830759
-0.1633873
-0.1469789
-0.1486726
-0.1708264
-0.1980191
-0.2070426
-0.1841946
-0.1363103
-0.0875646
-0.0636841
-0.0739777
-0.1053367
-0.1345111
-0.1479931
-0.1501224
-0.1522979
-0.1569858
-0.1550718
-0.1387019
-0.1138359
-0.0972502
-0.1001715
-0.1159727
-0.1258354
-0.1170568
-0.0946951
-0.0747460
-0.0673396
-0.0679156
-0.0638386
-0.0479511
-0.0258289
-0.0109333
-0.0124240
-0.0266139
-0.0404421
-0.0441294
-0.0401489
-0.0389333
-0.0462469
-0.0563569
-0.0584232
-0.0488752
-0.0359459
-0.0308296
-0.0350146
-0.0390369
-0.0355072
-0.0309263
-0.0399942
-0.0672763
-0.0985515
-0.1138901
-0.1081601
-0.0955016
-0.0933450
-0.1047346
-0.1180105
-0.1218243
-0.1165291
-0.1095239
-0.1034556
-0.0949116
-0.0851384
-0.0850535
-0.1030894
-0.1299089
-0.1425851
-0.1274389
-0.0954053
-0.0709625
-0.0669601
-0.0740192
-0.0753204
-0.0678597
-0.0646436
-0.0760324
-0.0941613
-0.1005965
-0.0880171
-0.0686914
-0.0593787
-0.0620448
-0.0638375
-0.0545645
-0.0392693
-0.0316074
-0.0372461
-0.0469586
-0.0469621
-0.0344871
-0.0207305
-0.0177601
-0.0248980
-0.0308538
-0.0284291
-0.0229798
-0.0237366
-0.0277367
-0.0138792
0.0473575
0.1780857
0.3829504
0.6476064
0.9405145
1.2152091
1.4184789
1.5095353
1.4810230
1.3620780
1.1964328
1.0146182
0.8259280
0.6327623
0.4459859
0.2837101
0.1586784
0.0710675
0.0130799
-0.0235352
-0.0465493
-0.0660604
-0.0912220
-0.1208225
-0.1412512
-0.1404208
-0.1243601
-0.1145800
-0.1259762
-0.1509401
-0.1693237
-0.1720037
-0.1695136
-0.1766528
-0.1929809
-0.2024557
-0.1917677
-0.1654795
-0.1409470
-0.1302929
-0.1311585
-0.1351929
-0.1403438
-0.1504332
-0.1652363
-0.1771247
-0.1790504
-0.1720624
-0.1626617
-0.1551434
-0.1492094
-0.1439144
-0.1407118
-0.1412810
-0.1439804
-0.1450028
-0.1435778
-0.1434500
-0.1465147
-0.1466546
-0.1348615
-0.1121023
-0.0927692
-0.0911128
-0.1057036
-0.1212041
-0.1255190
-0.1218591
-0.1226820
-0.1343904
-0.1509089
-0.1620303
-0.1647380
-0.1632392
-0.1590925
-0.1469574
-0.1240490
-0.1003973
-0.0924545
-0.1041778
-0.1189073
-0.1143262
-0.0849735
-0.0478422
-0.0260184
-0.0282136
-0.0440206
-0.0570651
-0.0605078
-0.0589705
-0.0576311
-0.0539291
-0.0423624
-0.0250231
-0.0133682
-0.0182689
-0.0389748
-0.0618441
-0.0702174
-0.0580523
-0.0361976
-0.0241657
-0.0329131
-0.0548094
-0.0711772
-0.0695776
-0.0536678
-0.0378937
-0.0344338
-0.0447086
-0.0611636
-0.0753307
-0.0835353
-0.0859614
-0.0833080
-0.0767605
-0.0694975
-0.0643724
-0.0598296
-0.0517028
-0.0405964
-0.0345405
-0.0414538
-0.0596483
-0.0776575
-0.0838359
-0.0760919
-0.0628312
-0.0545924
-0.0542958
-0.0556532
-0.0511676
-0.0406911
-0.0312909
-0.0295398
-0.0348635
-0.0398616
-0.0369494
-0.0261498
-0.0163143
-0.0154908
-0.0188981
-0.0113512
0.0130471
0.0363031
0.0306155
-0.0072135
-0.0378923
-0.0025959
0.1317915
0.3491969
0.6046719
0.8630916
1.1114701
1.3344871
1.4919308
1.5369243
1.4597704
1.3030772
1.1245666
0.9479345
0.7571924
0.5373997
0.3109193
0.1267279
0.0164365
-0.0326022
-0.0589520
-0.0875705
-0.1140206
-0.1244972
-0.1204317
-0.1167726
-0.1217610
-0.1283399
-0.1266799
-0.1180781
-0.1124619
-0.1157841
-0.1244214
-0.1315518
-0.1356167
-0.1405624
-0.1488080
-0.1568967
-0.1600986
-0.1597692
-0.1626133
-0.1721353
-0.1841514
-0.1925728
-0.1970526
-0.2023476
-0.2113154
-0.2206107
-0.2231079
-0.2142615
-0.1975084
-0.1837022
-0.1826919
-0.1935997
-0.2047323
-0.2048247
-0.1940024
-0.1829068
-0.1814497
-0.1887554
-0.1939444
-0.1872346
-0.1705025
-0.1553950
-0.1500435
-0.1500056
-0.1448487
-0.1314564
-0.1164561
-0.1058178
-0.0969210
-0.0835569
-0.0664769
-0.0555141
-0.0597717
-0.0761982
-0.0900644
-0.0893545
-0.0783293
-0.0733166
-0.0837797
-0.1011973
-0.1096020
-0.1041734
-0.0948495
-0.0922979
-0.0952300
-0.0942544
-0.0862337
-0.0805239
-0.0877553
-0.1032653
-0.1071752
-0.0857943
-0.0507526
-0.0301421
-0.0386049
-0.0608058
-0.0678327
-0.0473892
-0.0147219
0.0047467
0.0004070
-0.0158429
-0.0241039
-0.0162270
-0.0006909
0.0095656
0.0097521
0.0026559
-0.0095461
-0.0276941
-0.0510165
-0.0747965
-0.0938243
-0.1060117
-0.1123566
-0.1152456
-0.1170067
-0.1188057
-0.1209343
-0.1245600
-0.1317549
-0.1424524
-0.1524533
-0.1557627
-0.1484098
-0.1302168
-0.1052663
-0.0814984
-0.0669651
-0.0639190
-0.0673270
-0.0701086
-0.0686510
-0.0630427
-0.0544942
-0.0441971
-0.0334076
-0.0233993
-0.0156327
-0.0114137
-0.0100980
-0.0087321
-0.0056950
-0.0034922
-0.0047297
-0.0062152
-0.0016889
0.0083187
0.0134755
0.0041724
-0.0156906
-0.0296927
-0.0255396
-0.0111486
-0.0097937
-0.0320608
-0.0505595
-0.0092394
0.1341510
0.3731000
0.6598682
0.9431123
1.1926774
1.3909757
1.5131717
1.5288394
1.4277887
1.2400503
1.0219805
0.8169465
0.6306285
0.4475412
0.2675316
0.1170370
0.0224119
-0.0199097
-0.0402515
-0.0655639
-0.0976763
-0.1205519
-0.1236778
-0.1148406
-0.1106345
-0.1182576
-0.1309421
-0.1412644
-0.1527835
-0.1732072
-0.1992892
-0.2162897
-0.2143119
-0.2002616
-0.1903668
-0.1929071
-0.2011142
-0.2032554
-0.1980647
-0.1974396
-0.2113775
-0.2321005
-0.2392743
-0.2235595
-0.1996700
-0.1906091
-0.2014344
-0.2143718
-0.2098564
-0.1877593
-0.1660540
-0.1609783
-0.1709994
-0.1808471
-0.1799544
-0.1735952
-0.1735576
-0.1809254
-0.1838694
-0.1730374
-0.1541457
-0.1429124
-0.1499776
-0.1714602
-0.1911496
-0.1915607
-0.1675621
-0.1322331
-0.1069449
-0.1026431
-0.1108712
-0.1137473
-0.1022843
-0.0851105
-0.0795512
-0.0928908
-0.1120612
-0.1148143
-0.0931871
-0.0630546
-0.0476488
-0.0545439
-0.0724116
-0.0869219
-0.0933844
-0.0941127
-0.0901226
-0.0799917
-0.0657727
-0.0562516
-0.0604670
-0.0761328
-0.0875587
-0.0806104
-0.0600257
-0.0461831
-0.0521814
-0.0687743
-0.0756180
-0.0640797
-0.0447643
-0.0340405
-0.0368860
-0.0437245
-0.0429526
-0.0354005
-0.0343213
-0.0496760
-0.0751156
-0.0942090
-0.0979645
-0.0918109
-0.0862003
-0.0855853
-0.0875577
-0.0883511
-0.0867870
-0.0846226
-0.0841745
-0.0851648
-0.0850193
-0.0833593
-0.0838896
-0.0895899
-0.0983796
-0.1064035
-0.1133488
-0.1209319
-0.1275104
-0.1277890
-0.1180342
-0.1001929
-0.0814604
-0.0696296
-0.0660763
-0.0629233
-0.0511125
-0.0327980
-0.0213860
-0.0263086
-0.0410046
-0.0493693
-0.0424603
-0.0266512
-0.0166010
-0.0213826
-0.0362695
-0.0478592
-0.0484042
-0.0437265
-0.0446110
-0.0526481
-0.0590911
-0.0565599
-0.0466470
-0.0357598
-0.0283630
-0.0256100
-0.0268849
-0.0308765
-0.0367314
-0.0443170
-0.0522868
-0.0574577
-0.0580570
-0.0558615
-0.0533177
-0.0510445
-0.0501494
-0.0533537
-0.0603200
-0.0649835
-0.0618639
-0.0533379
-0.0469904
-0.0467084
-0.0488730
-0.0464004
-0.0352526
-0.0185671
-0.0049150
-0.0001216
-0.0008672
0.0001610
0.0031094
0.0001927
-0.0125449
-0.0277561
-0.0339396
-0.0270662
-0.0133248
-0.0029263
-0.0022025
-0.0092583
-0.0165755
-0.0193505
-0.0201239
-0.0231370
-0.0270094
-0.0274008
-0.0247565
-0.0238318
-0.0260918
-0.0277190
-0.0257655
-0.0226222
-0.0236202
-0.0317921
-0.0439984
-0.0511847
-0.0455628
-0.0299082
-0.0164304
-0.0133945
-0.0159238
-0.0130803
-0.0009155
0.0146215
0.0246102
0.0237434
0.0129036
-0.0013037
-0.0110366
-0.0131730
-0.0097944
-0.0036518
0.0031070
0.0064892
0.0028350
-0.0051620
-0.0097891
-0.0077850
-0.0045073
-0.0070184
-0.0163453
-0.0274658
-0.0339201
-0.0324983
-0.0266727
-0.0248684
-0.0319728
-0.0435496
-0.0515640
-0.0534807
-0.0514408
-0.0452198
-0.0322391
-0.0141789
0.0014286
0.0070823
0.0010705
-0.0108032
-0.0173999
-0.0095853
0.0114502
0.0356974
0.0553545
0.0691252
0.0734412
0.0582791
0.0218054
-0.0112600
0.0069862
0.1202781
0.3385177
0.6282905
0.9309400
1.1951853
1.3966144
1.5278755
1.5778322
1.5312303
1.3894222
1.1814339
0.9491162
0.7247127
0.5229092
0.3467521
0.1959384
0.0719869
-0.0213064
-0.0820316
-0.1133114
-0.1212466
-0.1132907
-0.1009358
-0.0977734
-0.1080796
-0.1209511
-0.1229923
-0.1149560
-0.1096893
-0.1154843
-0.1276704
-0.1360623
-0.1361012
-0.1330139
-0.1372860
-0.1539045
-0.1744957
-0.1840019
-0.1772002
-0.1641638
-0.1574598
-0.1593039
-0.1635945
-0.1645776
-0.1604214
-0.1539164
-0.1527429
-0.1634596
-0.1818173
-0.1938065
-0.1895314
-0.1728411
-0.1562043
-0.1496839
-0.1543415
-0.1613293
-0.1579261
-0.1399286
-0.1176851
-0.1050202
-0.1038355
-0.1048857
-0.1007301
-0.0907934
-0.0761125
-0.0575673
-0.0392700
-0.0269399
-0.0221376
-0.0218222
-0.0220835
-0.0192391
-0.0110370
-0.0010210
0.0023962
-0.0041287
-0.0135792
-0.0169483
-0.0124715
-0.0035749
0.0062087
0.0122882
0.0094774
-0.0013651
-0.0118734
-0.0151065
-0.0114980
-0.0042683
0.0044866
0.0109053
0.0099025
0.0021005
-0.0055784
-0.0088183
-0.0103325
-0.0143163
-0.0216980
-0.0308608
-0.0377894
-0.0371047
-0.0291468
-0.0232674
-0.0264452
-0.0317467
-0.0274510
-0.0156712
-0.0118976
-0.0256494
-0.0491955
-0.0658076
-0.0641556
-0.0465904
-0.0281486
-0.0242644
-0.0349768
-0.0454625
-0.0455816
-0.0417652
-0.0444944
-0.0523042
-0.0557925
-0.0511743
-0.0427561
-0.0370698
-0.0397251
-0.0521118
-0.0665377
-0.0708161
-0.0618326
-0.0489286
-0.0419120
-0.0428532
-0.0505222
-0.0633335
-0.0755254
-0.0796187
-0.0755212
-0.0697723
-0.0652151
-0.0596573
-0.0542219
-0.0536006
-0.0581078
-0.0640452
-0.0705538
-0.0775003
-0.0795442
-0.0723583
-0.0620704
-0.0583623
-0.0606222
-0.0604849
-0.0553380
-0.0502310
-0.0490323
-0.0511398
-0.0533864
-0.0496673
-0.0348104
-0.0141045
-0.0008270
0.0010147
0.0012552
0.0051796
0.0035823
-0.0096882
-0.0227738
-0.0207776
-0.0076833
-0.0019542
-0.0131740
-0.0270877
-0.0083391
0.0822754
0.2625140
0.5157485
0.8064591
1.1016383
1.3654587
1.5448508
1.5898497
1.4969115
1.3156853
1.1059678
0.8981232
0.6948171
0.4944880
0.3064087
0.1506049
0.0439829
-0.0184755
-0.0622522
-0.1049934
-0.1390476
-0.1520709
-0.1518285
-0.1550825
-0.1630758
-0.1654445
-0.1602274
-0.1541643
-0.1503451
-0.1489861
-0.1529399
-0.1617412
-0.1694284
-0.1765573
-0.1918623
-0.2140222
-0.2268528
-0.2216261
-0.2090706
-0.2012049
-0.1970267
-0.1927236
-0.1888566
-0.1818376
-0.1665302
-0.1515227
-0.1520193
-0.1641567
-0.1674227
-0.1555455
-0.1434735
-0.1414660
-0.1437339
-0.1439150
-0.1411958
-0.1325763
-0.1194789
-0.1169117
-0.1340965
-0.1536061
-0.1533013
-0.1396174
-0.1344834
-0.1404217
-0.1444322
-0.1442459
-0.1446532
-0.1409326
-0.1307797
-0.1272586
-0.1362892
-0.1399399
-0.1249909
-0.1060451
-0.0981855
-0.0931229
-0.0850445
-0.0896911
-0.1133678
-0.1343947
-0.1382238
-0.1373585
-0.1370380
-0.1211825
-0.0921364
-0.0799124
-0.0917320
-0.0989155
-0.0906933
-0.0890097
-0.0959185
-0.0858481
-0.0635374
-0.0639328
-0.0828772
-0.0804056
-0.0608459
-0.0666796
-0.0876647
-0.0727458
-0.0367295
-0.0420866
-0.0695188
-0.0419356
0.0114095
-0.0191998
-0.0994651
-0.0477250
0.1602683
