0.1320157
0.1216892
-0.0861803
-0.1913446
-0.1439215
-0.1204643
-0.1804932
-0.2153349
-0.1868476
-0.1789352
-0.2187087
-0.2381199
-0.2186438
-0.2180471
-0.2486553
-0.2606137
-0.2471067
-0.2523764
-0.2786884
-0.2857630
-0.2748641
-0.2835587
-0.3083922
-0.3139325
-0.3041263
-0.3112083
-0.3309569
-0.3356134
-0.3314527
-0.3429349
-0.3613406
-0.3640374
-0.3612343
-0.3739812
-0.3910552
-0.3926373
-0.3900530
-0.4014379
-0.4158653
-0.4180464
-0.4196776
-0.4336426
-0.4467880
-0.4473039
-0.4489375
-0.4626008
-0.4746016
-0.4751836
-0.4776769
-0.4902335
-0.4997007
-0.4998452
-0.5045553
-0.5193362
-0.5302521
-0.5321564
-0.5378958
-0.5511717
-0.5597387
-0.5614001
-0.5680087
-0.5803043
-0.5868490
-0.5888749
-0.5985834
-0.6138089
-0.6213772
-0.6229819
-0.6315948
-0.6461746
-0.6548178
-0.6577486
-0.6639884
-0.6721206
-0.6759648
-0.6806884
-0.6930862
-0.7061247
-0.7118482
-0.7175187
-0.7312123
-0.7451300
-0.7505070
-0.7545740
-0.7660161
-0.7783443
-0.7835360
-0.7876561
-0.7983493
-0.8106506
-0.8177291
-0.8225355
-0.8291931
-0.8360243
-0.8432968
-0.8536260
-0.8618878
-0.8614644
-0.8609489
-0.8742353
-0.8935997
-0.8966642
-0.8835502
-0.8816893
-0.9046707
-0.9280267
-0.9201883
-0.8868468
-0.8729907
-0.9176048
-0.9987233
-1.0218818
-0.8855353
-0.5814160
-0.2224719
0.0483785
0.1746710
0.2047084
0.2144392
0.2380986
0.2657918
0.2783348
0.2732759
0.2663064
0.2723210
0.2864028
0.2910750
0.2827704
0.2772126
0.2844192
0.2945851
0.2964392
0.2939557
0.2952037
0.2983761
0.2988270
0.2985184
0.2999641
0.3006401
0.2995321
0.2998786
0.3017079
0.3013483
0.3000447
0.3025543
0.3068640
0.3066461
0.3034110
0.3042778
0.3086778
0.3095275
0.3064146
0.3055751
0.3081663
0.3099229
0.3105117
0.3126379
0.3145833
0.3134826
0.3123762
0.3148516
0.3173999
0.3158496
0.3137172
0.3156134
0.3186418
0.3186087
0.3180548
0.3202463
0.3221847
0.3209129
0.3196380
0.3210932
0.3222192
0.3210431
0.3210267
0.3237738
0.3255720
0.3251442
0.3262341
0.3292628
0.3295237
0.3264853
0.3255890
0.3283615
0.3299357
0.3283073
0.3270882
0.3278204
0.3282173
0.3284340
0.3306322
0.3328193
0.3314515
0.3287772
0.3293044
0.3311844
0.3295615
0.3258196
0.3250579
0.3272158
0.3286606
0.3293067
0.3307108
0.3309302
0.3283162
0.3261602
0.3271204
0.3278655
0.3252208
0.3222204
0.3224319
0.3240484
0.3247592
0.3262784
0.3292623
0.3302177
0.3279137
0.3264449
0.3282548
0.3307764
0.3329423
0.3378851
0.3464480
0.3550242
0.3619083
0.3688045
0.3748065
0.3762791
0.3736774
0.3712250
0.3693933
0.3648406
0.3576067
0.3512131
0.3462342
0.3406647
0.3354314
0.3327748
0.3309427
0.3270977
0.3232103
0.3226540
0.3237456
0.3229491
0.3213410
0.3218135
0.3232325
0.3230561
0.3221699
0.3220910
0.3214584
0.3197888
0.3199727
0.3227785
0.3240649
0.3215646
0.3190787
0.3201222
0.3228431
0.3245935
0.3259210
0.3270541
0.3261135
0.3233952
0.3219118
0.3218628
0.3202262
0.3169695
0.3156789
0.3172065
0.3186257
0.3187401
0.3186893
0.3175524
0.3137165
0.3099590
0.3106350
0.3143603
0.3156497
0.3131033
0.3103630
0.3101114
0.3121983
0.3158712
0.3190894
0.3181593
0.3127054
0.3080346
0.3082248
0.3104739
0.3105059
0.3092498
0.3095506
0.3106026
0.3104094
0.3098888
0.3103610
0.3106904
0.3102659
0.3108427
0.3127791
0.3138445
0.3138887
0.3157856
0.3197648
0.3219272
0.3203256
0.3177150
0.3169044
0.3180056
0.3207334
0.3244032
0.3257029
0.3218718
0.3158424
0.3128903
0.3131109
0.3129176
0.3122833
0.3132217
0.3119990
0.3019115
0.2871351
0.2870611
0.3178897
0.3636252
0.3647208
0.2480649
-0.0082892
-0.3270501
-0.5602972
-0.5903257
-0.4174784
-0.1532566
0.0705183
0.1900398
0.2264529
0.2368484
0.2560218
0.2790498
0.2878512
0.2819440
0.2771939
0.2818969
0.2874145
0.2840187
0.2751450
0.2707373
0.2737075
0.2787143
0.2802392
0.2775852
0.2741893
0.2740985
0.2773600
0.2790858
0.2756734
0.2703782
0.2688251
0.2708711
0.2717970
0.2700673
0.2687149
0.2698917
0.2725496
0.2744929
0.2729200
0.2649130
0.2516077
0.2399384
0.2360805
0.2387637
0.2422000
0.2431056
0.2417289
0.2390637
0.2366287
0.2363240
0.2374565
0.2365831
0.2326106
0.2287950
0.2275983
0.2272311
0.2253887
0.2226818
0.2203936
0.2184732
0.2173498
0.2180751
0.2194790
0.2189329
0.2167420
0.2159109
0.2170974
0.2178411
0.2170559
0.2161827
0.2157665
0.2148669
0.2137243
0.2132040
0.2121532
0.2091333
0.2059135
0.2053173
0.2064075
0.2054268
0.2007247
0.1940961
0.1892512
0.1919020
0.2086060
0.2414536
0.2852966
0.3326756
0.3789070
0.4199465
0.4491286
0.4603840
0.4530908
0.4312996
0.4002835
0.3653762
0.3308419
0.2974884
0.2638327
0.2308739
0.2027087
0.1816170
0.1661350
0.1547935
0.1478375
0.1443072
0.1414130
0.1380360
0.1355166
0.1343471
0.1333294
0.1321212
0.1312512
0.1298027
0.1265247
0.1228366
0.1212853
0.1215131
0.1209468
0.1186641
0.1155797
0.1120755
0.1084946
0.1064523
0.1065795
0.1065712
0.1043461
0.1013310
0.0999614
0.1000641
0.1003183
0.1009255
0.1021647
0.1026033
0.1012634
0.0994414
0.0984180
0.0976959
0.0970487
0.0975870
0.0993102
0.1003692
0.0999822
0.0992860
0.0985413
0.0967005
0.0944023
0.0939161
0.0952917
0.0958873
0.0944547
0.0926145
0.0918296
0.0918386
0.0922178
0.0927359
0.0924664
0.0912669
0.0913436
0.0944381
0.0984673
0.0999800
0.0988756
0.0977346
0.0976759
0.0977652
0.0972998
0.0960574
0.0936647
0.0909725
0.0902313
0.0917240
0.0924045
0.0901571
0.0871468
0.0866533
0.0887618
0.0912741
0.0927082
0.0925540
0.0907372
0.0883910
0.0870742
0.0862686
0.0840632
0.0808618
0.0794540
0.0807616
0.0826058
0.0833581
0.0837139
0.0841949
0.0839379
0.0826832
0.0813656
0.0803997
0.0796810
0.0799238
0.0814497
0.0823159
0.0804342
0.0768672
0.0743161
0.0731856
0.0718203
0.0696504
0.0674511
0.0654448
0.0634935
0.0620114
0.0606547
0.0577002
0.0527664
0.0483066
0.0462909
0.0452731
0.0427845
0.0388131
0.0351439
0.0331517
0.0336967
0.0370230
0.0413492
0.0437442
0.0436079
0.0431199
0.0435031
0.0434854
0.0423071
0.0414871
0.0424789
0.0448004
0.0471614
0.0484405
0.0475864
0.0449105
0.0431556
0.0445943
0.0474155
0.0478410
0.0455301
0.0439509
0.0453891
0.0481319
0.0487308
0.0455258
0.0409988
0.0426089
0.0598215
0.0974860
0.1522002
0.2158184
0.2802153
0.3370860
0.3766606
0.3912486
0.3802437
0.3499051
0.3087578
0.2636704
0.2180392
0.1719755
0.1256370
0.0831491
0.0510909
0.0321634
0.0225927
0.0166581
0.0114906
0.0068116
0.0028581
0.0000182
-0.0014823
-0.0025315
-0.0042533
-0.0061269
-0.0068891
-0.0070267
-0.0081653
-0.0104117
-0.0126977
-0.0151871
-0.0186732
-0.0220595
-0.0232690
-0.0225480
-0.0223731
-0.0240665
-0.0265209
-0.0281640
-0.0286279
-0.0287951
-0.0301128
-0.0328969
-0.0348333
-0.0331787
-0.0291380
-0.0271237
-0.0282808
-0.0282993
-0.0243214
-0.0206829
-0.0235914
-0.0317386
-0.0368779
-0.0347210
-0.0320165
-0.0392651
-0.0553169
-0.0623667
-0.0434008
-0.0094414
-0.0049233
-0.0755656
-0.2252696
-0.4067724
-0.5574063
-0.6444097
-0.6786456
-0.6920095
-0.7066962
-0.7237691
-0.7344386
-0.7364409
-0.7372107
-0.7435939
-0.7538888
-0.7623178
-0.7675924
-0.7731659
-0.7810703
-0.7896866
-0.7970958
-0.8032601
-0.8087793
-0.8139519
-0.8192907
-0.8253773
-0.8322102
-0.8395049
-0.8469908
-0.8539745
-0.8599368
-0.8659747
-0.8738050
-0.8828023
-0.8902342
-0.8952196
-0.9000776
-0.9067340
-0.9142112
-0.9210114
-0.9277375
-0.9356784
-0.9443868
-0.9522009
-0.9583339
-0.9636516
-0.9698952
-0.9780235
-0.9867269
-0.9935723
-0.9986351
-1.0051668
-1.0147086
-1.0237813
-1.0287370
-1.0321279
-1.0396943
-1.0512923
-1.0597940
-1.0609456
-1.0605110
-1.0677595
-1.0827990
-1.0945849
-1.0943463
-1.0888822
-1.0942907
-1.1133814
-1.1260850
-1.1130966
-1.0887801
-1.0956833
-1.1526833
-1.2114336
-1.1793074
-0.9975825
-0.6998528
-0.3916989
-0.1705714
-0.0610676
-0.0198726
0.0069956
0.0381833
0.0613992
0.0667905
0.0632939
0.0649264
0.0734349
0.0803697
0.0808323
0.0789590
0.0810737
0.0880825
0.0959932
0.1019732
0.1077846
0.1165084
0.1270694
0.1344327
0.1358260
0.1342382
0.1339927
0.1349916
0.1338291
0.1291562
0.1232193
0.1186775
0.1161560
0.1147433
0.1132764
0.1112782
0.1095672
0.1094239
0.1106339
0.1114467
0.1110282
0.1105375
0.1110866
0.1121637
0.1128662
0.1132032
0.1134087
0.1133952
0.1135332
0.1145405
0.1160662
0.1168012
0.1164137
0.1160030
0.1164025
0.1174158
0.1187637
0.1202866
0.1212478
0.1209997
0.1203199
0.1206190
0.1219315
0.1230557
0.1234294
0.1235633
0.1240115
0.1251183
0.1271704
0.1295757
0.1307012
0.1298770
0.1287558
0.1293238
0.1313246
0.1329098
0.1330594
0.1322240
0.1314011
0.1315947
0.1333202
0.1357484
0.1372133
0.1372217
0.1369635
0.1374231
0.1382878
0.1391241
0.1400754
0.1408116
0.1403447
0.1386482
0.1371758
0.1371498
0.1383989
0.1401559
0.1418408
0.1429465
0.1433814
0.1439675
0.1454440
0.1471825
0.1481337
0.1486700
0.1500355
0.1522589
0.1540632
0.1546413
0.1542587
0.1533932
0.1524279
0.1517894
0.1513634
0.1503388
0.1485894
0.1474467
0.1480565
0.1497084
0.1507343
0.1502976
0.1485497
0.1460439
0.1438228
0.1430163
0.1434830
0.1438262
0.1434289
0.1433398
0.1444252
0.1457877
0.1458254
0.1440077
0.1410876
0.1383580
0.1368800
0.1365122
0.1357400
0.1335890
0.1315225
0.1320100
0.1352238
0.1385893
0.1397467
0.1387345
0.1372305
0.1367895
0.1377507
0.1388062
0.1378480
0.1342655
0.1300783
0.1278012
0.1276313
0.1277198
0.1266583
0.1246381
0.1226699
0.1216499
0.1217688
0.1221289
0.1215398
0.1202104
0.1197477
0.1209142
0.1224751
0.1229495
0.1223598
0.1214702
0.1204468
0.1192415
0.1184193
0.1186787
0.1200391
0.1219277
0.1235326
0.1240554
0.1234703
0.1229769
0.1236760
0.1249035
0.1250412
0.1238677
0.1227926
0.1227400
0.1231043
0.1230052
0.1225372
0.1226125
0.1242464
0.1277138
0.1316869
0.1338757
0.1336641
0.1334965
0.1361457
0.1406997
0.1426679
0.1387954
0.1318047
0.1305294
0.1447486
0.1779780
0.2241233
0.2719514
0.3136200
0.3482849
0.3774779
0.3990648
0.4074139
0.3986907
0.3745867
0.3410552
0.3041653
0.2669878
0.2299988
0.1942963
0.1636678
0.1424071
0.1312386
0.1265112
0.1234907
0.1196529
0.1152029
0.1118861
0.1114195
0.1137684
0.1165988
0.1173632
0.1160964
0.1153057
0.1169873
0.1204552
0.1231159
0.1228665
0.1199834
0.1171523
0.1171884
0.1202050
0.1236229
0.1254620
0.1266792
0.1293989
0.1337376
0.1375782
0.1390529
0.1382692
0.1368329
0.1363617
0.1372486
0.1384579
0.1387735
0.1382960
0.1381764
0.1389961
0.1403304
0.1418587
0.1436894
0.1453820
0.1460027
0.1457842
0.1466642
0.1502954
0.1559676
0.1610095
0.1630831
0.1621444
0.1605395
0.1609421
0.1636924
0.1665531
0.1676813
0.1682026
0.1708369
0.1764066
0.1828220
0.1873595
0.1889988
0.1886743
0.1881547
0.1886930
0.1901039
0.1911315
0.1910406
0.1905636
0.1909839
0.1927353
0.1951838
0.1972293
0.1978871
0.1970649
0.1961421
0.1969269
0.1994997
0.2018573
0.2023065
0.2015779
0.2019409
0.2046294
0.2086002
0.2116013
0.2123484
0.2119334
0.2128929
0.2163440
0.2203618
0.2220748
0.2212059
0.2205138
0.2226137
0.2272206
0.2317082
0.2336782
0.2328479
0.2310432
0.2305241
0.2319337
0.2338468
0.2344797
0.2335203
0.2320809
0.2314897
0.2325769
0.2353967
0.2388323
0.2409624
0.2407034
0.2389586
0.2376116
0.2376094
0.2384486
0.2392245
0.2397413
0.2407778
0.2434421
0.2479389
0.2529405
0.2567240
0.2590211
0.2611151
0.2639993
0.2671830
0.2695808
0.2709102
0.2718408
0.2732072
0.2752816
0.2774475
0.2785861
0.2782853
0.2776541
0.2783800
0.2809028
0.2839604
0.2859463
0.2863700
0.2860977
0.2864800
0.2879868
0.2893747
0.2886804
0.2856487
0.2828023
0.2833393
0.2879889
0.2943617
0.2992249
0.3010657
0.3007995
0.3006051
0.3020623
0.3050498
0.3083192
0.3109773
0.3130742
0.3149320
0.3166656
0.3185573
0.3211734
0.3246795
0.3285110
0.3320542
0.3352401
0.3381960
0.3407580
0.3426837
0.3441021
0.3455041
0.3473713
0.3497514
0.3519975
0.3531331
0.3528617
0.3520533
0.3518460
0.3524958
0.3535842
0.3550465
0.3572382
0.3599768
0.3622170
0.3630039
0.3625297
0.3621400
0.3633318
0.3665320
0.3706581
0.3740573
0.3760289
0.3772217
0.3785416
0.3801785
0.3818735
0.3835102
0.3849829
0.3859795
0.3865073
0.3873775
0.3895223
0.3927677
0.3957127
0.3971226
0.3974096
0.3984747
0.4017395
0.4063927
0.4102459
0.4126442
0.4155724
0.4206457
0.4254722
0.4251451
0.4189405
0.4151544
0.4277511
0.4667880
0.5310068
0.6087759
0.6855617
0.7506439
0.7980509
0.8236966
0.8243704
0.8004516
0.7582299
0.7075698
0.6564379
0.6077613
0.5613906
0.5183858
0.4827877
0.4589990
0.4475254
0.4437693
0.4416901
0.4387915
0.4369907
0.4385221
0.4420757
0.4440818
0.4433579
0.4427983
0.4455269
0.4504059
0.4531861
0.4523613
0.4518180
0.4556793
0.4616171
0.4627595
0.4574713
0.4536565
0.4590317
0.4684100
0.4672657
0.4519809
0.4418538
0.4612465
0.5049194
0.5261902
0.4696983
0.3224534
0.1320966
-0.0286165
-0.1175171
-0.1461267
-0.1539036
-0.1670589
-0.1838628
-0.1922533
-0.1911122
-0.1907737
-0.1983032
-0.2094153
-0.2158740
-0.2164238
-0.2171262
-0.2225185
-0.2301308
-0.2346562
-0.2350328
-0.2351756
-0.2385290
-0.2442020
-0.2490340
-0.2518353
-0.2542555
-0.2580804
-0.2630513
-0.2676002
-0.2708412
-0.2732215
-0.2755968
-0.2783583
-0.2815384
-0.2852265
-0.2894777
-0.2940180
-0.2984691
-0.3028821
-0.3076763
-0.3128892
-0.3177990
-0.3216308
-0.3245510
-0.3276375
-0.3317616
-0.3366900
-0.3414627
-0.3455853
-0.3496294
-0.3545128
-0.3602577
-0.3656811
-0.3694832
