-0.6400622
-0.6465488
-0.6519385
-0.6575155
-0.6643732
-0.6717910
-0.6780176
-0.6826264
-0.6873000
-0.6937218
-0.7012237
-0.7075672
-0.7121664
-0.7173202
-0.7252023
-0.7343433
-0.7409340
-0.7440931
-0.7479467
-0.7565683
-0.7678408
-0.7753285
-0.7770435
-0.7792398
-0.7884189
-0.8012895
-0.8076573
-0.8047009
-0.8032848
-0.8147113
-0.8335473
-0.8418615
-0.8335642
-0.8264553
-0.8403147
-0.8659915
-0.8712841
-0.8459362
-0.8282841
-0.8646609
-0.9361860
-0.9466797
-0.8111253
-0.5625274
-0.3510882
-0.3135991
-0.4377039
-0.5652155
-0.5376437
-0.3376999
-0.0885777
0.0740079
0.1168135
0.1047197
0.1087299
0.1387497
0.1610410
0.1562593
0.1419744
0.1433521
0.1600431
0.1713030
0.1661653
0.1563941
0.1580834
0.1697514
0.1761044
0.1701913
0.1628440
0.1670842
0.1795030
0.1844896
0.1759394
0.1666096
0.1710693
0.1845728
0.1881073
0.1753593
0.1645901
0.1750634
0.1972190
0.2007220
0.1761267
0.1541301
0.1680909
0.2034671
0.2076506
0.1607573
0.1174172
0.1495251
0.2449283
0.2918514
0.1900904
-0.0299187
-0.2272324
-0.2987473
-0.2851285
-0.3071477
-0.4099774
-0.5075504
-0.4960489
-0.3950207
-0.3397055
-0.4320257
-0.6294700
-0.7996523
-0.8651448
-0.8630965
-0.8619579
-0.8548045
-0.7655510
-0.5535242
-0.2811507
-0.0627816
0.0406686
0.0612263
0.0672392
0.0900283
0.1133630
0.1168797
0.1075368
0.1059691
0.1174793
0.1286257
0.1285812
0.1229120
0.1233892
0.1314046
0.1378041
0.1366680
0.1326631
0.1333153
0.1387516
0.1427054
0.1415560
0.1383813
0.1378447
0.1401857
0.1420291
0.1416106
0.1409415
0.1426036
0.1460470
0.1483439
0.1481173
0.1472375
0.1481209
0.1505007
0.1520373
0.1516232
0.1507233
0.1512585
0.1532353
0.1550403
0.1554902
0.1549798
0.1547465
0.1553848
0.1562471
0.1563641
0.1558210
0.1557974
0.1570785
0.1590112
0.1603378
0.1606962
0.1608104
0.1614360
0.1625775
0.1636223
0.1639467
0.1635519
0.1632898
0.1641615
0.1661579
0.1681126
0.1689391
0.1687080
0.1683148
0.1684521
0.1691359
0.1699327
0.1704540
0.1708371
0.1717222
0.1734167
0.1752069
0.1760464
0.1759004
0.1758007
0.1764942
0.1776413
0.1785310
0.1790779
0.1798463
0.1813397
0.1833773
0.1850850
0.1857113
0.1856279
0.1860956
0.1876437
0.1891698
0.1892886
0.1882376
0.1877002
0.1888204
0.1909878
0.1926207
0.1927956
0.1921109
0.1920783
0.1934803
0.1953500
0.1960628
0.1954982
0.1953894
0.1971797
0.2001943
0.2024539
0.2028609
0.2021298
0.2018658
0.2030195
0.2049758
0.2060358
0.2051332
0.2030955
0.2018158
0.2022635
0.2038087
0.2053080
0.2060917
0.2059056
0.2047401
0.2030394
0.2015974
0.2010181
0.2014430
0.2025904
0.2037174
0.2039237
0.2030649
0.2020790
0.2018346
0.2019547
0.2013758
0.1997879
0.1979132
0.1965843
0.1960862
0.1962119
0.1965326
0.1967876
0.1972253
0.1981845
0.1991941
0.1991233
0.1975655
0.1955045
0.1942676
0.1943422
0.1954253
0.1969233
0.1980694
0.1982629
0.1977772
0.1976440
0.1984627
0.1996831
0.2002567
0.1997131
0.1986656
0.1985846
0.2006532
0.2041282
0.2062324
0.2047367
0.2006263
0.1972663
0.1968103
0.1981910
0.1987446
0.1971198
0.1943696
0.1925507
0.1923598
0.1921990
0.1900317
0.1861724
0.1832823
0.1831513
0.1845451
0.1850962
0.1843639
0.1837569
0.1839567
0.1839148
0.1828127
0.1823195
0.1862504
0.1975604
0.2154118
0.2355855
0.2543233
0.2712115
0.2872822
0.3010026
0.3082591
0.3068416
0.2991277
0.2889914
0.2769351
0.2596552
0.2345246
0.2039329
0.1748344
0.1536328
0.1412381
0.1334492
0.1262481
0.1197271
0.1162089
0.1159092
0.1162980
0.1154196
0.1140761
0.1142154
0.1161076
0.1176830
0.1165584
0.1128463
0.1099034
0.1113992
0.1170888
0.1223062
0.1224614
0.1175554
0.1117106
0.1088990
0.1097154
0.1116304
0.1116226
0.1088855
0.1053695
0.1033885
0.1028132
0.1014275
0.0979635
0.0935659
0.0899442
0.0872189
0.0841634
0.0797759
0.0741337
0.0682022
0.0629414
0.0581709
0.0526398
0.0459734
0.0400545
0.0372521
0.0374386
0.0380007
0.0369653
0.0351968
0.0353263
0.0390116
0.0450877
0.0500579
0.0510815
0.0491759
0.0487431
0.0529627
0.0601051
0.0651760
0.0647412
0.0595913
0.0534977
0.0502375
0.0511891
0.0548019
0.0583892
0.0605094
0.0611231
0.0598642
0.0558581
0.0498186
0.0447997
0.0436087
0.0459569
0.0487373
0.0486810
0.0447118
0.0386173
0.0336739
0.0318444
0.0321502
0.0323283
0.0317006
0.0314319
0.0323549
0.0338363
0.0347167
0.0342696
0.0323636
0.0297180
0.0277949
0.0274055
0.0276007
0.0268188
0.0247937
0.0224885
0.0206263
0.0191908
0.0178849
0.0161794
0.0133583
0.0093298
0.0050331
0.0015639
-0.0005586
-0.0010822
-0.0000621
0.0013952
0.0016907
0.0006893
-0.0000263
0.0005179
0.0013279
0.0011856
0.0006582
0.0014792
0.0046307
0.0095767
0.0147082
0.0181929
0.0190606
0.0177438
0.0152834
0.0124778
0.0103558
0.0103266
0.0123642
0.0139685
0.0130390
0.0114776
0.0136444
0.0206217
0.0276161
0.0280933
0.0201727
0.0088157
0.0018059
0.0028819
0.0082705
0.0106402
0.0068436
0.0007065
-0.0021993
-0.0008003
0.0015786
0.0019119
0.0002505
-0.0014404
-0.0016397
-0.0006023
-0.0000851
-0.0014665
-0.0039666
-0.0055000
-0.0053361
-0.0047573
-0.0049699
-0.0057583
-0.0064960
-0.0070632
-0.0073323
-0.0070262
-0.0065083
-0.0066411
-0.0076653
-0.0091893
-0.0111065
-0.0132914
-0.0146424
-0.0139112
-0.0115065
-0.0092669
-0.0085407
-0.0095028
-0.0119180
-0.0153181
-0.0187384
-0.0213899
-0.0232943
-0.0245519
-0.0248409
-0.0245507
-0.0253030
-0.0280302
-0.0313412
-0.0330014
-0.0323939
-0.0306448
-0.0291225
-0.0285615
-0.0287576
-0.0285916
-0.0275199
-0.0274164
-0.0310589
-0.0374146
-0.0394526
-0.0279249
0.0025586
0.0503865
0.1078496
0.1646999
0.2125886
0.2474307
0.2678096
0.2724038
0.2606854
0.2353288
0.2013895
0.1627040
0.1208270
0.0777104
0.0376295
0.0056662
-0.0151734
-0.0257539
-0.0306681
-0.0354821
-0.0425119
-0.0493704
-0.0523813
-0.0506879
-0.0463906
-0.0421420
-0.0399302
-0.0408255
-0.0441094
-0.0473599
-0.0487629
-0.0487847
-0.0488503
-0.0495246
-0.0508822
-0.0533583
-0.0570372
-0.0609503
-0.0638816
-0.0651901
-0.0647671
-0.0634260
-0.0632230
-0.0655535
-0.0686855
-0.0691007
-0.0657930
-0.0615419
-0.0594692
-0.0599246
-0.0611691
-0.0616358
-0.0610998
-0.0607499
-0.0621808
-0.0654216
-0.0685117
-0.0701255
-0.0715973
-0.0746687
-0.0781673
-0.0790138
-0.0761865
-0.0719991
-0.0696628
-0.0706638
-0.0737703
-0.0754758
-0.0724645
-0.0650466
-0.0573778
-0.0532281
-0.0524548
-0.0523433
-0.0509216
-0.0479491
-0.0442139
-0.0411343
-0.0398729
-0.0399124
-0.0396518
-0.0388626
-0.0389435
-0.0402046
-0.0407243
-0.0387684
-0.0349375
-0.0313175
-0.0297054
-0.0307566
-0.0334355
-0.0353999
-0.0354769
-0.0354532
-0.0376928
-0.0414949
-0.0438986
-0.0437424
-0.0426963
-0.0423328
-0.0422601
-0.0414317
-0.0398398
-0.0387628
-0.0400227
-0.0441949
-0.0487640
-0.0495478
-0.0453671
-0.0399238
-0.0375630
-0.0385559
-0.0400336
-0.0400136
-0.0387222
-0.0372087
-0.0364014
-0.0367382
-0.0376131
-0.0380591
-0.0384591
-0.0401290
-0.0428196
-0.0445540
-0.0445929
-0.0445992
-0.0460605
-0.0483203
-0.0498707
-0.0500441
-0.0490446
-0.0478108
-0.0478190
-0.0493611
-0.0503955
-0.0491510
-0.0474174
-0.0487711
-0.0535164
-0.0576636
-0.0572342
-0.0519911
-0.0451064
-0.0406049
-0.0405572
-0.0432280
-0.0445763
-0.0427644
-0.0400633
-0.0391751
-0.0395158
-0.0389473
-0.0374089
-0.0365445
-0.0369174
-0.0376523
-0.0380504
-0.0381145
-0.0383131
-0.0396486
-0.0426680
-0.0458654
-0.0468740
-0.0458343
-0.0454752
-0.0471412
-0.0489660
-0.0488431
-0.0470505
-0.0450492
-0.0436434
-0.0430639
-0.0430951
-0.0426908
-0.0411278
-0.0394949
-0.0392006
-0.0393902
-0.0380541
-0.0353524
-0.0334990
-0.0335275
-0.0343038
-0.0344962
-0.0336733
-0.0319872
-0.0304912
-0.0309034
-0.0333507
-0.0354989
-0.0356180
-0.0350031
-0.0354280
-0.0358672
-0.0341204
-0.0305450
-0.0280595
-0.0291554
-0.0340719
-0.0406248
-0.0449198
-0.0440860
-0.0394645
-0.0353819
-0.0340091
-0.0334685
-0.0315452
-0.0286125
-0.0259281
-0.0236645
-0.0218877
-0.0212929
-0.0218552
-0.0225167
-0.0227739
-0.0229156
-0.0227907
-0.0223399
-0.0229159
-0.0256835
-0.0291449
-0.0308041
-0.0309011
-0.0319438
-0.0348923
-0.0381926
-0.0401497
-0.0400917
-0.0378857
-0.0344322
-0.0318539
-0.0313078
-0.0315765
-0.0313104
-0.0310224
-0.0312157
-0.0305739
-0.0280155
-0.0246015
-0.0214626
-0.0179594
-0.0140504
-0.0124154
-0.0155221
-0.0211949
-0.0221738
-0.0092402
0.0245160
0.0789846
0.1449952
0.2090756
0.2613302
0.2975180
0.3150235
0.3114516
0.2883143
0.2523413
0.2109519
0.1679637
0.1241014
0.0796559
0.0364891
-0.0008051
-0.0264860
-0.0388158
-0.0429014
-0.0459695
-0.0506020
-0.0547466
-0.0567113
-0.0570513
-0.0566371
-0.0558757
-0.0552360
-0.0543956
-0.0520001
-0.0481469
-0.0454596
-0.0457485
-0.0474326
-0.0481463
-0.0478609
-0.0475963
-0.0472494
-0.0465912
-0.0463373
-0.0466272
-0.0465076
-0.0460560
-0.0465943
-0.0478421
-0.0475929
-0.0452232
-0.0428270
-0.0420251
-0.0422957
-0.0429370
-0.0437947
-0.0436830
-0.0410927
-0.0368849
-0.0335443
-0.0317149
-0.0301531
-0.0287260
-0.0285324
-0.0294572
-0.0303971
-0.0313103
-0.0324697
-0.0327552
-0.0313608
-0.0298545
-0.0297558
-0.0295238
-0.0267774
-0.0220932
-0.0180215
-0.0158403
-0.0154671
-0.0166091
-0.0178090
-0.0165484
-0.0125149
-0.0086420
-0.0070724
-0.0064936
-0.0050840
-0.0033647
-0.0024871
-0.0024076
-0.0031377
-0.0049587
-0.0063024
-0.0045708
-0.0002344
0.0029136
0.0025806
0.0002708
-0.0016455
-0.0022139
-0.0012379
0.0004727
0.0003790
-0.0029551
-0.0066832
-0.0067184
-0.0034640
-0.0011697
-0.0022273
-0.0053413
-0.0084446
-0.0101808
-0.0095196
-0.0069800
-0.0050731
-0.0048704
-0.0039023
-0.0002057
0.0036893
0.0039381
0.0009997
0.0000471
0.0081150
0.0324049
0.0773798
0.1397422
0.2081319
0.2700980
0.3178147
0.3469900
0.3549818
0.3425767
0.3142158
0.2741046
0.2246174
0.1695233
0.1153761
0.0683407
0.0321707
0.0090711
-0.0013169
-0.0039252
-0.0052494
-0.0078384
-0.0107458
-0.0142329
-0.0195633
-0.0248656
-0.0261848
-0.0231153
-0.0197280
-0.0198232
-0.0239370
-0.0299217
-0.0337855
-0.0319705
-0.0259768
-0.0225140
-0.0257760
-0.0319146
-0.0343156
-0.0316164
-0.0272409
-0.0239205
-0.0221790
-0.0217132
-0.0212733
-0.0196258
-0.0187306
-0.0226440
-0.0310632
-0.0375479
-0.0366044
-0.0295452
-0.0217822
-0.0175787
-0.0182611
-0.0215687
-0.0220134
-0.0163055
-0.0092173
-0.0095047
-0.0190507
-0.0301789
-0.0342145
-0.0288553
-0.0176134
-0.0067385
-0.0024961
-0.0066450
-0.0140752
-0.0181505
-0.0174323
-0.0140803
-0.0083180
0.0007238
0.0106910
0.0175753
0.0206180
0.0221336
0.0241876
0.0281164
0.0341198
0.0382327
0.0338309
0.0203904
0.0072328
0.0041949
0.0111758
0.0201595
0.0246890
0.0246692
0.0247820
0.0300143
0.0396008
0.0450689
0.0392628
0.0277634
0.0249081
0.0365775
0.0529813
0.0609650
0.0581096
0.0520671
0.0503699
0.0533129
0.0542530
0.0465641
0.0324859
0.0228064
0.0241214
0.0302260
0.0321169
0.0326221
0.0422185
0.0610228
0.0734148
0.0633998
0.0319762
-0.0013133
-0.0131919
0.0034166
0.0316329
0.0472063
0.0455508
0.0456786
0.0624406
0.0826904
0.0788913
0.0442486
0.0059432
0.0008240
0.0390473
0.0912619
0.1135761
0.0899469
0.0488913
0.0322328
0.0492128
0.0710306
0.0705284
0.0542533
0.0490273
0.0663392
0.0895655
0.0941325
0.0745553
0.0503174
0.0448132
0.0590085
0.0713288
0.0669553
0.0589396
0.0702643
0.0998250
0.1191536
0.1042651
0.0621113
0.0238160
0.0172901
0.0458304
0.0872020
0.1125441
0.1095237
0.0882084
0.0673966
0.0625462
0.0861171
0.1452039
0.2293579
0.3098106
0.3623513
0.3879477
0.4035309
0.4163369
0.4149485
0.3845138
0.3262411
0.2615900
0.2159808
0.1944622
0.1760088
0.1390964
0.0903766
0.0576461
0.0550682
0.0673960
0.0710190
0.0596391
0.0449097
0.0403890
0.0496460
0.0649324
0.0748211
0.0757661
0.0744427
0.0756284
0.0739019
0.0645638
0.0562989
0.0619634
0.0797312
0.0936641
0.0923579
0.0800029
0.0705330
0.0754346
0.0930564
0.1056684
0.0939178
0.0601343
0.0303987
0.0272204
0.0468178
0.0686618
0.0788791
0.0772255
0.0690585
0.0594164
0.0516403
0.0472525
0.0496915
0.0658649
0.0941344
0.1108152
0.0816396
-0.0073951
-0.1363038
-0.2672815
-0.3664574
-0.4153308
-0.4191929
-0.4088978
-0.4197075
-0.4577416
-0.4890683
-0.4625920
-0.3438166
-0.1381923
0.1047326
0.3154241
0.4492491
0.5125046
0.5415146
0.5629810
0.5814400
0.5938612
0.6005009
0.6040542
0.6087939
0.6184060
0.6293665
0.6334048
0.6315571
0.6353875
0.6478754
0.6557521
0.6500845
0.6422531
0.6476643
0.6623693
0.6675215
0.6536939
0.6351138
0.6406177
0.6839482
0.7312450
0.7061844
0.5524555
0.2977220
0.0387924
-0.1425470
-0.2369476
-0.2842338
-0.3173224
-0.3402296
-0.3467229
-0.3447363
-0.3563247
-0.3868592
-0.3954125
-0.3190953
-0.1484394
0.0335741
0.1133608
0.0481720
-0.1057362
-0.2554295
-0.3440005
-0.3727538
-0.3781870
-0.3923839
-0.4157976
-0.4279193
-0.4230384
-0.4198576
-0.4310819
-0.4446126
-0.4466105
-0.4434911
-0.4468453
-0.4541303
-0.4584568
-0.4619027
-0.4670911
-0.4704136
-0.4724710
-0.4796020
-0.4893056
-0.4917542
-0.4891405
-0.4935208
-0.5037148
-0.5068244
-0.5036086
-0.5078085
-0.5194171
-0.5241743
-0.5205143
-0.5216972
-0.5308097
-0.5376605
-0.5390475
-0.5399438
-0.5396770
-0.5377648
-0.5427993
-0.5541905
-0.5527746
-0.5355666
-0.5368215
-0.5781401
-0.6145033
-0.5684888
-0.4113548
-0.1853471
0.0394709
0.2090137
0.3093590
0.3721031
0.4338727
0.4760230
0.4415821
0.3306711
0.2297365
0.2102360
0.2366496
0.2089196
0.0673301
-0.1588159
-0.3625826
-0.4107964
-0.2491488
0.0197410
0.2229623
0.3014769
0.3444827
0.4301417
0.5170356
0.5214191
0.4241526
0.2756733
0.1651477
0.1822709
0.3113955
0.3728933
0.2022224
-0.1102473
-0.3141219
-0.3427018
-0.3646890
-0.4495934
-0.4202406
-0.1643410
