-0.0229913
-0.0035857
0.0138517
0.0302037
0.0429630
0.0475100
0.0455012
0.0449157
0.0457215
0.0316103
-0.0077537
-0.0368079
0.0316171
0.2738945
0.6650088
1.0511472
1.2345532
1.1121226
0.7475615
0.3136855
-0.0372521
-0.2570483
-0.3800704
-0.4460511
-0.4571665
-0.4014124
-0.2953604
-0.1877361
-0.1213530
-0.1003319
-0.0978936
-0.0905588
-0.0789154
-0.0773132
-0.0914123
-0.1107482
-0.1207880
-0.1171243
-0.1067414
-0.0988080
-0.0970723
-0.0998018
-0.1033233
-0.1039830
-0.0987811
-0.0871907
-0.0729723
-0.0621491
-0.0572056
-0.0535280
-0.0433943
-0.0245936
-0.0043360
0.0069318
0.0061375
0.0011769
0.0029449
0.0139663
0.0261041
0.0302079
0.0271840
0.0278981
0.0414865
0.0647949
0.0848633
0.0920837
0.0897599
0.0897708
0.0994679
0.1143758
0.1242787
0.1252229
0.1239531
0.1304054
0.1470106
0.1662022
0.1780318
0.1794990
0.1765259
0.1775006
0.1850601
0.1936149
0.1945937
0.1846523
0.1693378
0.1583229
0.1561068
0.1572637
0.1517467
0.1354316
0.1146329
0.0990755
0.0907148
0.0812167
0.0615512
0.0331269
0.0076754
-0.0042585
-0.0035039
-0.0002277
-0.0027469
-0.0099024
-0.0145492
-0.0128782
-0.0087584
-0.0091227
-0.0164173
-0.0262102
-0.0315889
-0.0292924
-0.0220492
-0.0159498
-0.0156821
-0.0213822
-0.0292528
-0.0353217
-0.0390734
-0.0433419
-0.0501906
-0.0570836
-0.0582542
-0.0508691
-0.0395762
-0.0336551
-0.0386870
-0.0511413
-0.0617424
-0.0641953
-0.0601528
-0.0556289
-0.0534259
-0.0500551
-0.0401817
-0.0233668
-0.0057519
0.0050516
0.0066518
0.0035957
0.0026315
0.0062706
0.0109591
0.0116025
0.0077296
0.0045490
0.0072030
0.0141209
0.0173351
0.0106416
-0.0027696
-0.0123989
-0.0113466
-0.0045975
-0.0047730
-0.0187875
-0.0395354
-0.0521704
-0.0489785
-0.0373579
-0.0325921
-0.0430391
-0.0627778
-0.0782908
-0.0813878
-0.0755024
-0.0706382
-0.0735744
-0.0829106
-0.0920708
-0.0957616
-0.0937755
-0.0899616
-0.0884492
-0.0904597
-0.0937488
-0.0947031
-0.0913505
-0.0847770
-0.0776240
-0.0711225
-0.0638930
-0.0540380
-0.0422136
-0.0319160
-0.0263697
-0.0255727
-0.0268848
-0.0281277
-0.0292691
-0.0310821
-0.0331987
-0.0341490
-0.0327539
-0.0289229
-0.0239838
-0.0214494
-0.0263539
-0.0405303
-0.0571512
-0.0633531
-0.0530675
-0.0370172
-0.0343393
-0.0511055
-0.0723632
-0.0826955
-0.0906224
-0.1153370
-0.1360478
-0.0655397
0.1922701
0.6284752
1.0722916
1.2774874
1.1027810
0.6286846
0.0980347
-0.2687276
-0.4166215
-0.4416111
-0.4606524
-0.5059008
-0.5304934
-0.4877358
-0.3859749
-0.2731532
-0.1882312
-0.1374097
-0.1078124
-0.0886318
-0.0753829
-0.0637362
-0.0495936
-0.0352138
-0.0284888
-0.0327961
-0.0406456
-0.0410581
-0.0323078
-0.0238397
-0.0246366
-0.0322766
-0.0357952
-0.0285228
-0.0156795
-0.0085054
-0.0122799
-0.0215092
-0.0266271
-0.0241628
-0.0197074
-0.0213838
-0.0311010
-0.0422620
-0.0456526
-0.0375702
-0.0229143
-0.0111217
-0.0088861
-0.0153576
-0.0227843
-0.0217079
-0.0074196
0.0163693
0.0397285
0.0540462
0.0593188
0.0641738
0.0775099
0.0994319
0.1209282
0.1329553
0.1353584
0.1362625
0.1431959
0.1558784
0.1677680
0.1735145
0.1741757
0.1758911
0.1844065
0.2002659
0.2176824
0.2277749
0.2247395
0.2106959
0.1940950
0.1816190
0.1712712
0.1549792
0.1289496
0.0999671
0.0792477
0.0699943
0.0630389
0.0460520
0.0161710
-0.0175878
-0.0436062
-0.0577253
-0.0645387
-0.0712767
-0.0818766
-0.0952691
-0.1065158
-0.1093235
-0.1002781
-0.0830365
-0.0675018
-0.0621740
-0.0661793
-0.0700307
-0.0654262
-0.0538069
-0.0443010
-0.0435737
-0.0488448
-0.0510273
-0.0436848
-0.0284591
-0.0128225
-0.0037575
-0.0031446
-0.0074946
-0.0111627
-0.0106725
-0.0072958
-0.0056451
-0.0089365
-0.0151935
-0.0185552
-0.0148624
-0.0059972
0.0013397
0.0009935
-0.0081976
-0.0221488
-0.0347674
-0.0420411
-0.0445713
-0.0468686
-0.0532911
-0.0635755
-0.0726223
-0.0757828
-0.0744611
-0.0752005
-0.0822526
-0.0918010
-0.0950902
-0.0876575
-0.0744802
-0.0653104
-0.0654440
-0.0715519
-0.0757266
-0.0724689
-0.0623131
-0.0507243
-0.0443416
-0.0465312
-0.0543460
-0.0600828
-0.0582110
-0.0519452
-0.0512391
-0.0619635
-0.0773748
-0.0828788
-0.0707756
-0.0491458
-0.0345218
-0.0362176
-0.0493084
-0.0623197
-0.0688856
-0.0706170
-0.0714810
-0.0733382
-0.0768328
-0.0824426
-0.0881011
-0.0885487
-0.0812541
-0.0723706
-0.0717792
-0.0799521
-0.0842921
-0.0741531
-0.0577867
-0.0565515
-0.0792447
-0.1096343
-0.1276635
-0.1372506
-0.1544211
-0.1570408
-0.0615663
0.2163083
0.6534431
1.0771545
1.2605119
1.0901922
0.6559390
0.1767612
-0.1654896
-0.3328642
-0.3995540
-0.4431706
-0.4772889
-0.4728950
-0.4158614
-0.3280723
-0.2419059
-0.1724006
-0.1191319
-0.0831221
-0.0691536
-0.0726019
-0.0753454
-0.0620179
-0.0373476
-0.0212245
-0.0259815
-0.0428125
-0.0526397
-0.0472281
-0.0359814
-0.0328686
-0.0406052
-0.0493074
-0.0483149
-0.0366835
-0.0226906
-0.0156509
-0.0189626
-0.0290275
-0.0388353
-0.0430892
-0.0418993
-0.0401938
-0.0422237
-0.0455892
-0.0415759
-0.0230575
0.0076343
0.0396566
0.0628286
0.0752255
0.0817321
0.0869713
0.0916289
0.0950836
0.0985174
0.1032708
0.1075294
0.1078825
0.1051656
0.1062290
0.1170102
0.1341655
0.1465248
0.1465962
0.1392044
0.1364654
0.1443538
0.1565208
0.1625454
0.1605977
0.1594967
0.1680539
0.1844103
0.1973369
0.1972209
0.1842360
0.1660056
0.1492533
0.1347488
0.1188748
0.0979638
0.0712335
0.0417610
0.0157966
-0.0006707
-0.0073908
-0.0120952
-0.0245692
-0.0461324
-0.0657916
-0.0696815
-0.0557601
-0.0376888
-0.0319471
-0.0409248
-0.0504021
-0.0446433
-0.0230036
-0.0006007
0.0066341
-0.0038624
-0.0213250
-0.0331529
-0.0349346
-0.0310476
-0.0286930
-0.0321679
-0.0404227
-0.0475362
-0.0461111
-0.0331865
-0.0144884
-0.0013615
-0.0010442
-0.0095185
-0.0153413
-0.0112257
-0.0009708
0.0055961
0.0033732
-0.0035479
-0.0072815
-0.0039026
0.0045037
0.0131849
0.0179783
0.0162982
0.0080643
-0.0030120
-0.0112404
-0.0147530
-0.0190063
-0.0313834
-0.0507656
-0.0646801
-0.0600327
-0.0371101
-0.0108349
0.0030088
0.0016052
-0.0055591
-0.0090702
-0.0083620
-0.0084285
-0.0116701
-0.0160909
-0.0201384
-0.0252005
-0.0317668
-0.0360181
-0.0336230
-0.0264393
-0.0221619
-0.0259562
-0.0345992
-0.0409660
-0.0429205
-0.0448562
-0.0504035
-0.0567265
-0.0579406
-0.0522766
-0.0432948
-0.0349970
-0.0290105
-0.0267710
-0.0301966
-0.0371314
-0.0393266
-0.0306884
-0.0175576
-0.0144842
-0.0266361
-0.0428044
-0.0535419
-0.0706512
-0.1097049
-0.1406986
-0.0692301
0.1994651
0.6501827
1.1118769
1.3478856
1.2235217
0.8054545
0.3037534
-0.0860866
-0.2986843
-0.3873281
-0.4291777
-0.4529629
-0.4433732
-0.3876207
-0.3014391
-0.2150768
-0.1481648
-0.1032065
-0.0758554
-0.0626201
-0.0587713
-0.0561370
-0.0484005
-0.0376469
-0.0322120
-0.0370658
-0.0478104
-0.0550196
-0.0535923
-0.0469710
-0.0426659
-0.0445210
-0.0492546
-0.0497619
-0.0415635
-0.0267170
-0.0122069
-0.0045207
-0.0049774
-0.0093138
-0.0113285
-0.0074071
0.0013237
0.0102977
0.0150269
0.0144491
0.0118980
0.0128714
0.0210258
0.0355763
0.0524465
0.0680209
0.0816041
0.0942411
0.1059813
0.1153898
0.1217675
0.1267129
0.1327089
0.1406738
0.1495906
0.1579830
0.1645728
0.1677275
0.1662598
0.1621746
0.1613202
0.1685443
0.1813232
0.1904465
0.1896455
0.1841398
0.1865959
0.2027155
0.2223114
0.2273676
0.2094976
0.1778617
0.1491050
0.1309192
0.1168785
0.0963231
0.0667611
0.0357802
0.0127041
0.0003552
-0.0056507
-0.0119683
-0.0228637
-0.0385437
-0.0556841
-0.0695513
-0.0775481
-0.0817871
-0.0871424
-0.0953721
-0.1015151
-0.0977715
-0.0819083
-0.0612676
-0.0474122
-0.0462947
-0.0535831
-0.0594103
-0.0574904
-0.0499047
-0.0437698
-0.0437508
-0.0475496
-0.0480869
-0.0400133
-0.0247052
-0.0094108
-0.0012975
-0.0016943
-0.0057136
-0.0073411
-0.0048559
-0.0015595
-0.0019164
-0.0073934
-0.0154342
-0.0214368
-0.0217782
-0.0163489
-0.0092998
-0.0066619
-0.0114707
-0.0205017
-0.0269083
-0.0274093
-0.0265355
-0.0321585
-0.0462063
-0.0612225
-0.0678060
-0.0651625
-0.0624722
-0.0690237
-0.0841801
-0.0982655
-0.1026330
-0.0973743
-0.0893923
-0.0850320
-0.0858666
-0.0901291
-0.0953909
-0.0989114
-0.0974380
-0.0893969
-0.0778348
-0.0694891
-0.0692535
-0.0754406
-0.0812474
-0.0811625
-0.0757417
-0.0702852
-0.0693810
-0.0728010
-0.0761575
-0.0751819
-0.0696013
-0.0631679
-0.0598670
-0.0600484
-0.0606011
-0.0591697
-0.0576803
-0.0606648
-0.0696187
-0.0797127
-0.0833124
-0.0773237
-0.0667085
-0.0603429
-0.0635390
-0.0746069
-0.0877258
-0.0979218
-0.1035087
-0.1056206
-0.1068704
-0.1097485
-0.1144073
-0.1173513
-0.1136316
-0.1019168
-0.0874294
-0.0785406
-0.0793490
-0.0856656
-0.0889780
-0.0846521
-0.0760452
-0.0705759
-0.0721724
-0.0777063
-0.0802828
-0.0755219
-0.0649901
-0.0543463
-0.0484022
-0.0474334
-0.0476927
-0.0453954
-0.0403706
-0.0360187
-0.0358879
-0.0402717
-0.0456615
-0.0470101
-0.0409894
-0.0286044
-0.0158429
-0.0110001
-0.0189319
-0.0361851
-0.0525377
-0.0595817
-0.0587337
-0.0594778
-0.0684079
-0.0810208
-0.0864462
-0.0802889
-0.0703226
-0.0679048
-0.0753386
-0.0840839
-0.0849163
-0.0770260
-0.0663246
-0.0578227
-0.0525760
-0.0504862
-0.0518088
-0.0553806
-0.0601558
-0.0709371
-0.0948285
-0.1186742
-0.0870221
0.0800484
0.4187847
0.8541801
1.2082106
1.3024885
1.0814728
0.6509443
0.1974260
-0.1391723
-0.3320089
-0.4328308
-0.4921318
-0.5165184
-0.4891032
-0.4105995
-0.3103042
-0.2221317
-0.1597991
-0.1172939
-0.0864553
-0.0673857
-0.0627524
-0.0684433
-0.0744194
-0.0740814
-0.0700046
-0.0697060
-0.0771109
-0.0886669
-0.0963154
-0.0930422
-0.0768912
-0.0523394
-0.0286567
-0.0148260
-0.0133197
-0.0181314
-0.0201812
-0.0158639
-0.0101255
-0.0102565
-0.0165579
-0.0203285
-0.0124688
0.0059002
0.0228757
0.0272376
0.0203765
0.0155112
0.0242083
0.0442059
0.0616959
0.0659746
0.0610437
0.0617449
0.0783054
0.1053993
0.1269420
0.1313099
0.1214316
0.1105938
0.1096760
0.1187109
0.1293971
0.1341742
0.1327965
0.1313371
0.1356880
0.1458091
0.1558009
0.1596863
0.1576008
0.1563289
0.1630591
0.1779550
0.1931288
0.1998434
0.1970640
0.1920976
0.1918843
0.1939771
0.1874586
0.1637060
0.1260639
0.0881596
0.0621651
0.0485125
0.0370233
0.0179893
-0.0079751
-0.0308567
-0.0413922
-0.0398783
-0.0352916
-0.0366568
-0.0456435
-0.0566864
-0.0630725
-0.0628546
-0.0600118
-0.0606495
-0.0673995
-0.0763014
-0.0791766
-0.0706987
-0.0546238
-0.0424359
-0.0435528
-0.0555538
-0.0653280
-0.0619286
-0.0483676
-0.0389149
-0.0438366
-0.0580476
-0.0661994
-0.0583534
-0.0390892
-0.0212694
-0.0128515
-0.0112161
-0.0092417
-0.0043077
-0.0001415
-0.0011636
-0.0069695
-0.0126081
-0.0130688
-0.0070675
0.0023532
0.0098025
0.0107399
0.0043829
-0.0057162
-0.0143527
-0.0185523
-0.0192215
-0.0194208
-0.0212839
-0.0242211
-0.0254934
-0.0226910
-0.0165154
-0.0113967
-0.0123919
-0.0203723
-0.0304983
-0.0367401
-0.0384463
-0.0412666
-0.0501615
-0.0620808
-0.0679031
-0.0628413
-0.0533595
-0.0515576
-0.0627769
-0.0804505
-0.0933002
-0.0955971
-0.0895490
-0.0801998
-0.0711912
-0.0650837
-0.0638998
-0.0665252
-0.0670370
-0.0592328
-0.0441832
-0.0312540
-0.0293566
-0.0375660
-0.0462650
-0.0477547
-0.0439601
-0.0428484
-0.0487814
-0.0578891
-0.0621438
-0.0565478
-0.0430662
-0.0295835
-0.0248998
-0.0318879
-0.0436530
-0.0482428
-0.0403167
-0.0283127
-0.0269908
-0.0410252
-0.0582506
-0.0623580
-0.0513140
-0.0389356
-0.0373303
-0.0430020
-0.0447960
-0.0415304
-0.0431512
-0.0539480
-0.0658164
-0.0768800
-0.1069718
-0.1708072
-0.2229656
-0.1471289
0.1610744
0.6709931
1.1788903
1.4223729
1.2677071
0.8066064
0.2762298
-0.1196711
-0.3280496
-0.4189970
-0.4739883
-0.5110524
-0.5011930
-0.4286657
-0.3195579
-0.2178661
-0.1482224
-0.1065006
-0.0782562
-0.0568721
-0.0441944
-0.0414678
-0.0450441
-0.0493092
-0.0501131
-0.0453024
-0.0347083
-0.0209728
-0.0090527
-0.0031756
-0.0037783
-0.0075312
-0.0102398
-0.0097508
-0.0067313
-0.0035386
-0.0024802
-0.0042714
-0.0072096
-0.0080371
-0.0047789
0.0006844
0.0036194
0.0009449
-0.0053600
-0.0098204
-0.0081577
0.0000015
0.0123479
0.0264541
0.0410202
0.0559129
0.0718890
0.0896280
0.1079722
0.1233132
0.1321519
0.1352831
0.1386473
0.1480397
0.1620766
0.1719610
0.1704732
0.1612208
0.1567584
0.1661551
0.1855470
0.2024959
0.2090476
0.2086805
0.2102849
0.2174279
0.2253444
0.2276800
0.2235302
0.2163044
0.2071905
0.1928683
0.1708063
0.1445707
0.1210878
0.1027062
0.0843241
0.0595828
0.0286361
-0.0017426
-0.0254325
-0.0428583
-0.0589304
-0.0758376
-0.0892288
-0.0923053
-0.0832426
-0.0676357
-0.0537035
-0.0461897
-0.0450719
-0.0481926
-0.0529649
-0.0559487
-0.0535257
-0.0451228
-0.0354069
-0.0313070
-0.0352709
-0.0415518
-0.0406726
-0.0288520
-0.0126843
-0.0032690
-0.0054501
-0.0136344
-0.0182881
-0.0154627
-0.0095157
-0.0076620
-0.0129490
-0.0219661
-0.0280407
-0.0263984
-0.0173741
-0.0060793
0.0005768
-0.0022403
-0.0141383
-0.0291349
-0.0397559
-0.0434282
-0.0448936
-0.0509841
-0.0626948
-0.0734134
-0.0753891
-0.0671956
-0.0544849
-0.0443530
-0.0399618
-0.0402578
-0.0431360
-0.0471032
-0.0499940
-0.0486333
-0.0423187
-0.0359236
-0.0361853
-0.0433326
-0.0486987
-0.0434621
-0.0293590
-0.0183377
-0.0207507
-0.0350204
-0.0497343
-0.0552252
-0.0520651
-0.0482359
-0.0494535
-0.0541005
-0.0576069
-0.0590581
-0.0609191
-0.0634333
-0.0631265
-0.0584262
-0.0542221
-0.0576698
-0.0692250
-0.0800907
-0.0806627
-0.0716291
-0.0646892
-0.0701015
-0.0841792
-0.0923982
-0.0860550
-0.0722352
-0.0637419
-0.0617048
-0.0541591
-0.0329292
-0.0063366
0.0092460
0.0072372
-0.0064324
-0.0280729
-0.0617323
-0.0952585
-0.0706156
0.0993623
0.4528674
0.9027152
1.2517655
1.3148223
1.0515556
0.5923713
0.1360998
-0.1851067
-0.3602861
-0.4490349
-0.4979969
-0.5079207
-0.4640383
-0.3754460
-0.2753036
-0.1918431
-0.1320247
-0.0919576
-0.0700831
-0.0642804
-0.0649437
-0.0610705
-0.0522532
-0.0481649
-0.0549340
-0.0658519
-0.0680218
-0.0573870
-0.0446018
-0.0432745
-0.0530925
-0.0604076
-0.0586856
-0.0606732
