0.0303582
0.0002488
-0.0219970
-0.0359943
-0.0450115
-0.0494357
-0.0469157
-0.0392119
-0.0346262
-0.0399177
-0.0511144
-0.0567111
-0.0515431
-0.0442459
-0.0474356
-0.0616195
-0.0732102
-0.0702658
-0.0570699
-0.0494514
-0.0565055
-0.0710621
-0.0797413
-0.0789119
-0.0767761
-0.0808950
-0.0888035
-0.0933150
-0.0933755
-0.0946439
-0.0996847
-0.1029554
-0.0989176
-0.0921808
-0.0941782
-0.1086470
-0.1244861
-0.1266697
-0.1130155
-0.0963343
-0.0890889
-0.0891664
-0.0837064
-0.0656007
-0.0424732
-0.0282835
-0.0287769
-0.0375696
-0.0450313
-0.0476064
-0.0478490
-0.0485599
-0.0499064
-0.0514375
-0.0536195
-0.0559841
-0.0558174
-0.0511788
-0.0448053
-0.0424491
-0.0462977
-0.0519918
-0.0542680
-0.0545788
-0.0600893
-0.0740320
-0.0893765
-0.0947219
-0.0862064
-0.0713466
-0.0604811
-0.0565312
-0.0550552
-0.0529004
-0.0531141
-0.0597519
-0.0704507
-0.0779127
-0.0792478
-0.0807921
-0.0910501
-0.1095761
-0.1252860
-0.1267301
-0.1131386
-0.0947104
-0.0826160
-0.0792191
-0.0775546
-0.0696249
-0.0551910
-0.0426148
-0.0406177
-0.0487620
-0.0568286
-0.0549485
-0.0440988
-0.0344314
-0.0323866
-0.0325251
-0.0259886
-0.0156629
-0.0163526
-0.0366541
-0.0666710
-0.0912544
-0.1102404
-0.1272888
-0.1076126
0.0367188
0.3814608
0.8818148
1.3361480
1.4954327
1.2487370
0.7186732
0.1696565
-0.1914322
-0.3413922
-0.3941186
-0.4547196
-0.5282203
-0.5534662
-0.4951193
-0.3851970
-0.2842332
-0.2230059
-0.1901089
-0.1642969
-0.1426911
-0.1348441
-0.1406357
-0.1448921
-0.1336516
-0.1088746
-0.0839824
-0.0684045
-0.0604583
-0.0542356
-0.0489238
-0.0488301
-0.0558590
-0.0652605
-0.0704645
-0.0711064
-0.0739185
-0.0842832
-0.0978045
-0.1024913
-0.0905884
-0.0675852
-0.0481232
-0.0424583
-0.0473314
-0.0503806
-0.0429559
-0.0278261
-0.0144880
-0.0083373
-0.0057457
0.0007714
0.0145838
0.0330874
0.0522658
0.0709005
0.0899633
0.1095444
0.1280092
0.1442759
0.1598310
0.1773464
0.1969659
0.2146749
0.2254498
0.2284150
0.2283709
0.2317520
0.2411613
0.2538601
0.2650054
0.2718518
0.2750528
0.2764300
0.2756219
0.2688332
0.2511577
0.2208241
0.1817938
0.1422870
0.1100413
0.0877173
0.0719169
0.0565214
0.0373402
0.0140865
-0.0109481
-0.0345411
-0.0528172
-0.0623688
-0.0637206
-0.0632199
-0.0684481
-0.0799470
-0.0889238
-0.0856381
-0.0705265
-0.0553953
-0.0522928
-0.0617064
-0.0729069
-0.0756317
-0.0696947
-0.0625563
-0.0597328
-0.0602633
-0.0608391
-0.0606428
-0.0601637
-0.0576843
-0.0506103
-0.0407767
-0.0358116
-0.0428710
-0.0607564
-0.0791297
-0.0863154
-0.0785124
-0.0620722
-0.0473129
-0.0399433
-0.0375062
-0.0330789
-0.0223147
-0.0076705
0.0038030
0.0071890
0.0042564
0.0005416
-0.0019720
-0.0071984
-0.0184411
-0.0313691
-0.0370725
-0.0329401
-0.0274277
-0.0310140
-0.0431544
-0.0514296
-0.0452286
-0.0285156
-0.0163813
-0.0188359
-0.0305090
-0.0378668
-0.0345649
-0.0266735
-0.0233625
-0.0264434
-0.0311546
-0.0343287
-0.0376096
-0.0424843
-0.0458192
-0.0430360
-0.0347416
-0.0275615
-0.0274561
-0.0337139
-0.0411860
-0.0476914
-0.0565000
-0.0701343
-0.0837062
-0.0875352
-0.0771354
-0.0588685
-0.0442718
-0.0390668
-0.0385273
-0.0337468
-0.0219871
-0.0100761
-0.0067775
-0.0120716
-0.0159528
-0.0095219
0.0039393
0.0118224
0.0062490
-0.0087932
-0.0275959
-0.0552572
-0.0971000
-0.1251262
-0.0613151
0.1798838
0.6032668
1.0772923
1.3848768
1.3631468
1.0211093
0.5308710
0.0989582
-0.1688733
-0.2994513
-0.3755384
-0.4416984
-0.4798521
-0.4565143
-0.3743251
-0.2732997
-0.1927474
-0.1432918
-0.1145700
-0.0985299
-0.0970444
-0.1102995
-0.1275045
-0.1344751
-0.1280164
-0.1178311
-0.1129723
-0.1099437
-0.0978736
-0.0744159
-0.0516172
-0.0432025
-0.0486762
-0.0541914
-0.0490600
-0.0373968
-0.0312687
-0.0350104
-0.0403907
-0.0377365
-0.0281334
-0.0210693
-0.0208179
-0.0196213
-0.0071900
0.0154403
0.0359148
0.0447707
0.0457840
0.0500144
0.0624187
0.0780356
0.0905261
0.1001722
0.1113533
0.1247224
0.1358751
0.1426419
0.1507188
0.1686801
0.1972991
0.2265951
0.2451101
0.2506030
0.2500257
0.2507425
0.2547066
0.2604751
0.2666379
0.2709815
0.2690408
0.2577527
0.2413207
0.2303301
0.2317818
0.2399021
0.2394801
0.2202341
0.1867599
0.1523584
0.1242961
0.0987771
0.0707767
0.0437383
0.0248973
0.0130612
-0.0024972
-0.0279895
-0.0535630
-0.0612127
-0.0454507
-0.0225175
-0.0152939
-0.0295163
-0.0485200
-0.0528207
-0.0414719
-0.0306624
-0.0334058
-0.0460751
-0.0560748
-0.0576988
-0.0559992
-0.0570024
-0.0594925
-0.0584037
-0.0532517
-0.0495479
-0.0517671
-0.0576943
-0.0614339
-0.0604490
-0.0573057
-0.0552930
-0.0555027
-0.0586423
-0.0657493
-0.0741199
-0.0752316
-0.0616925
-0.0369931
-0.0147372
-0.0058640
-0.0082136
-0.0108335
-0.0076250
-0.0038199
-0.0079542
-0.0199207
-0.0302970
-0.0315761
-0.0264567
-0.0224412
-0.0206856
-0.0147876
-0.0010078
0.0146002
0.0220451
0.0183614
0.0099636
0.0049045
0.0053780
0.0079183
0.0082859
0.0043451
-0.0044253
-0.0170952
-0.0296566
-0.0355397
-0.0312019
-0.0215381
-0.0166070
-0.0210400
-0.0288305
-0.0311554
-0.0277499
-0.0269639
-0.0346545
-0.0469162
-0.0559192
-0.0604615
-0.0671336
-0.0806471
-0.0957449
-0.1012008
-0.0916164
-0.0731533
-0.0567851
-0.0478494
-0.0440220
-0.0414844
-0.0390839
-0.0363215
-0.0317718
-0.0263395
-0.0252472
-0.0325715
-0.0440330
-0.0489210
-0.0411510
-0.0268408
-0.0186838
-0.0227449
-0.0325339
-0.0370589
-0.0331809
-0.0277163
-0.0279431
-0.0336496
-0.0401976
-0.0459396
-0.0523896
-0.0582455
-0.0582523
-0.0498968
-0.0382571
-0.0315698
-0.0331236
-0.0395534
-0.0463260
-0.0522571
-0.0578952
-0.0620873
-0.0634122
-0.0648114
-0.0726173
-0.0877693
-0.1005166
-0.0993685
-0.0862311
-0.0775226
-0.0864138
-0.1066146
-0.1182660
-0.1093824
-0.0873290
-0.0681420
-0.0585572
-0.0523635
-0.0430336
-0.0344359
-0.0352621
-0.0449611
-0.0510000
-0.0429078
-0.0258605
-0.0160291
-0.0229119
-0.0397759
-0.0520215
-0.0518827
-0.0436267
-0.0369605
-0.0377181
-0.0438881
-0.0483705
-0.0451961
-0.0343631
-0.0216621
-0.0137783
-0.0128778
-0.0154481
-0.0167209
-0.0165304
-0.0197162
-0.0293709
-0.0410778
-0.0473069
-0.0480104
-0.0526838
-0.0685681
-0.0890787
-0.0985837
-0.0896304
-0.0726486
-0.0666083
-0.0807226
-0.1064050
-0.1266885
-0.1319049
-0.1253649
-0.1155573
-0.1065167
-0.0973616
-0.0879128
-0.0801006
-0.0737574
-0.0651844
-0.0523365
-0.0396109
-0.0349373
-0.0417783
-0.0547122
-0.0633191
-0.0611444
-0.0517002
-0.0452604
-0.0485998
-0.0578769
-0.0624797
-0.0557918
-0.0414182
-0.0291092
-0.0255446
-0.0291354
-0.0329884
-0.0322625
-0.0281385
-0.0246645
-0.0235721
-0.0245061
-0.0292361
-0.0410352
-0.0576458
-0.0684427
-0.0634097
-0.0451924
-0.0290323
-0.0289751
-0.0449274
-0.0641177
-0.0747211
-0.0769786
-0.0806154
-0.0925394
-0.1091545
-0.1211272
-0.1230419
-0.1160143
-0.1027958
-0.0846377
-0.0639190
-0.0465495
-0.0388051
-0.0416164
-0.0487331
-0.0511410
-0.0447374
-0.0349212
-0.0324050
-0.0421270
-0.0564127
-0.0614926
-0.0516583
-0.0352879
-0.0255929
-0.0264966
-0.0296161
-0.0255721
-0.0160296
-0.0112249
-0.0152423
-0.0185908
-0.0103934
0.0044607
0.0081779
-0.0080351
-0.0332477
-0.0548421
-0.0795952
-0.1188852
-0.1436639
-0.0668254
0.2007728
0.6513100
1.1324727
1.4181802
1.3577327
0.9812080
0.4708657
0.0282390
-0.2461688
-0.3720150
-0.4204724
-0.4387029
-0.4287366
-0.3765926
-0.2865636
-0.1865989
-0.1080273
-0.0654818
-0.0542691
-0.0605119
-0.0707431
-0.0758353
-0.0721820
-0.0618203
-0.0505245
-0.0444596
-0.0469548
-0.0557714
-0.0627262
-0.0592375
-0.0455002
-0.0328940
-0.0337294
-0.0479043
-0.0619443
-0.0625988
-0.0505695
-0.0395629
-0.0414193
-0.0529958
-0.0593763
-0.0505219
-0.0325337
-0.0202994
-0.0208259
-0.0274311
-0.0296705
-0.0241912
-0.0141069
-0.0020161
0.0119222
0.0259644
0.0350745
0.0357714
0.0321695
0.0349360
0.0520065
0.0801192
0.1075430
0.1262577
0.1396758
0.1569721
0.1818810
0.2094558
0.2322664
0.2467295
0.2540157
0.2580673
0.2635366
0.2733049
0.2862305
0.2975690
0.3023764
0.2992919
0.2918369
0.2856607
0.2828991
0.2788253
0.2655386
0.2396805
0.2056460
0.1713354
0.1421901
0.1187919
0.0975202
0.0731234
0.0436273
0.0141697
-0.0064356
-0.0149718
-0.0182494
-0.0264071
-0.0424340
-0.0598115
-0.0704814
-0.0740045
-0.0777173
-0.0872518
-0.0980245
-0.0987365
-0.0840798
-0.0613472
-0.0427100
-0.0335115
-0.0306794
-0.0297677
-0.0288415
-0.0262709
-0.0200938
-0.0118412
-0.0078166
-0.0130512
-0.0239988
-0.0296249
-0.0219312
-0.0056303
0.0048213
-0.0000060
-0.0138220
-0.0215172
-0.0162509
-0.0060720
-0.0030393
-0.0098089
-0.0190413
-0.0226181
-0.0181679
-0.0085598
0.0011368
0.0059661
0.0031882
-0.0058711
-0.0159490
-0.0211130
-0.0199370
-0.0180762
-0.0235214
-0.0372487
-0.0500981
-0.0515401
-0.0407544
-0.0266390
-0.0177114
-0.0148125
-0.0134010
-0.0099891
-0.0055419
-0.0043717
-0.0102012
-0.0220500
-0.0337856
-0.0386187
-0.0342446
-0.0239297
-0.0140632
-0.0107714
-0.0161927
-0.0261115
-0.0329335
-0.0331303
-0.0309983
-0.0336030
-0.0425420
-0.0515662
-0.0520203
-0.0410179
-0.0255200
-0.0174784
-0.0223996
-0.0330588
-0.0376474
-0.0341294
-0.0324108
-0.0407886
-0.0543561
-0.0604785
-0.0538332
-0.0419213
-0.0350971
-0.0344860
-0.0332430
-0.0293669
-0.0320256
-0.0504338
-0.0799783
-0.1085694
-0.1364611
-0.1727596
-0.1957549
-0.1250151
0.1341917
0.5879337
1.0905075
1.4066786
1.3700160
1.0054403
0.5050348
0.0788345
-0.1832087
-0.3227861
-0.4156186
-0.4822016
-0.4903196
-0.4194947
-0.3003817
-0.1904528
-0.1244918
-0.0956148
-0.0781083
-0.0589948
-0.0449797
-0.0450291
-0.0548889
-0.0615311
-0.0578592
-0.0478215
-0.0389689
-0.0352777
-0.0370178
-0.0424003
-0.0476397
-0.0490643
-0.0474239
-0.0481791
-0.0558464
-0.0686460
-0.0790151
-0.0793403
-0.0689936
-0.0572273
-0.0567207
-0.0707188
-0.0871522
-0.0888113
-0.0702738
-0.0434395
-0.0260014
-0.0245709
-0.0280566
-0.0174562
0.0157865
0.0601885
0.0945753
0.1084116
0.1098280
0.1140860
0.1285735
0.1504525
0.1737862
0.1944829
0.2107494
0.2235049
0.2367312
0.2546903
0.2773886
0.2990518
0.3120282
0.3139153
0.3113387
0.3139214
0.3221857
0.3242892
0.3089907
0.2802465
0.2538208
0.2391278
0.2287345
0.2070712
0.1666544
0.1148759
0.0670557
0.0332768
0.0101153
-0.0150982
-0.0506968
-0.0913110
-0.1221732
-0.1315528
-0.1193656
-0.0971189
-0.0810364
-0.0814585
-0.0950182
-0.1080617
-0.1098736
-0.1019405
-0.0940280
-0.0936956
-0.1003796
-0.1065087
-0.1029866
-0.0869613
-0.0664557
-0.0546611
-0.0572366
-0.0668582
-0.0717302
-0.0676933
-0.0607419
-0.0592963
-0.0653150
-0.0725618
-0.0736988
-0.0690232
-0.0658088
-0.0678472
-0.0698279
-0.0660887
-0.0611296
-0.0646899
-0.0773861
-0.0882591
-0.0885068
-0.0826373
-0.0827339
-0.0938566
-0.1079644
-0.1126939
-0.1052967
-0.0960365
-0.0958314
-0.1021265
-0.1015266
-0.0867696
-0.0657728
-0.0516923
-0.0490498
-0.0530006
-0.0575551
-0.0594260
-0.0563972
-0.0473812
-0.0347556
-0.0243085
-0.0218910
-0.0291082
-0.0405509
-0.0464960
-0.0419957
-0.0332500
-0.0311641
-0.0381275
-0.0449304
-0.0416316
-0.0281188
-0.0130361
-0.0055916
-0.0104012
-0.0289232
-0.0627507
-0.1087072
-0.1410288
-0.0981687
0.0932337
0.4534791
0.8960321
1.2489105
1.3531523
1.1648968
0.7790316
0.3578482
0.0253721
-0.1888975
-0.3226311
-0.4130466
-0.4615320
-0.4543282
-0.3974327
-0.3196748
-0.2482314
-0.1919513
-0.1477040
-0.1141706
-0.0953119
-0.0930731
-0.1007539
-0.1065854
-0.1048086
-0.1004067
-0.1001739
-0.1025984
-0.1019057
-0.0991911
-0.1013388
-0.1085216
-0.1107498
-0.1000691
-0.0809927
-0.0655899
-0.0612755
-0.0652827
-0.0686950
-0.0647325
-0.0546263
-0.0454636
-0.0417662
-0.0413367
-0.0401841
-0.0370645
-0.0304356
-0.0163916
0.0048354
0.0241409
0.0318450
0.0294687
0.0284504
0.0379779
0.0574001
0.0793082
0.0973147
0.1119222
0.1299225
0.1559703
0.1849718
0.2070374
0.2200426
0.2314315
0.2463288
0.2605114
0.2682179
0.2710233
0.2745102
0.2796892
0.2815515
0.2748153
0.2598703
0.2439173
0.2343812
0.2284640
0.2125913
0.1776450
0.1322035
0.0940938
0.0702709
0.0517573
0.0276649
-0.0026905
-0.0320453
-0.0535872
-0.0656775
-0.0718085
-0.0767724
-0.0819576
-0.0863142
-0.0919403
-0.1029064
-0.1161698
-0.1209486
-0.1127126
-0.1020609
-0.1030190
-0.1161572
-0.1290995
-0.1310042
-0.1217892
-0.1093490
-0.1014930
-0.0993188
-0.0971922
-0.0910827
-0.0853965
-0.0868781
-0.0938717
-0.0990572
-0.1016311
-0.1073515
-0.1155398
-0.1159331
-0.1023742
-0.0824700
-0.0695602
-0.0694717
-0.0771039
-0.0822510
-0.0783502
-0.0689007
-0.0641636
-0.0685390
-0.0747491
-0.0745931
-0.0700944
-0.0676911
-0.0668571
-0.0628207
-0.0567357
-0.0546237
-0.0582536
-0.0639013
-0.0683269
-0.0709171
-0.0725342
-0.0760455
-0.0842233
-0.0943232
-0.1000567
-0.1012285
-0.1042348
-0.1102390
-0.1115191
-0.1038393
-0.0939604
-0.0896856
-0.0899401
-0.0898052
-0.0888497
-0.0897622
-0.0935176
-0.0984133
-0.0998893
-0.0923446
-0.0771681
-0.0662772
-0.0692814
-0.0797883
-0.0839673
-0.0797788
-0.0768429
-0.0797685
-0.0836273
-0.0849705
-0.0858008
-0.0863028
-0.0831790
-0.0755203
-0.0655497
-0.0555263
-0.0494426
-0.0527620
-0.0638833
-0.0718478
-0.0694628
-0.0624590
-0.0597693
-0.0626108
-0.0686060
-0.0766266
-0.0811852
-0.0731126
-0.0532090
-0.0348489
-0.0274172
-0.0297213
-0.0443167
-0.0781525
-0.1118384
-0.0790678
0.1001621
0.4496369
0.8876010
1.2433939
1.3473987
1.1450980
0.7399806
0.3131272
-0.0087768
-0.2106880
-0.3403484
-0.4347558
-0.4938899
-0.4976785
-0.4356477
-0.3295524
-0.2272785
-0.1639993
-0.1337236
-0.1096808
-0.0821201
-0.0605537
-0.0507760
-0.0498491
-0.0556438
-0.0638245
-0.0643605
-0.0562550
-0.0540927
-0.0659749
-0.0798192
-0.0849799
-0.0887355
-0.0969973
-0.1004907
-0.0960219
-0.0978543
-0.1108277
-0.1164018
-0.1022205
-0.0806509
-0.0632710
-0.0445556
-0.0242034
-0.0149793
-0.0158931
-0.0101167
0.0015126
0.0021273
-0.0007789
0.0183554
0.0514262
0.0632375
0.0553465
0.0648965
0.0945592
0.1103715
0.1143523
0.1412038
0.1761423
0.1696979
0.1477340
0.1927246
0.2810767
0.2667818
0.0957417
