0.0749173
0.0751721
0.0780277
0.0794149
0.0761342
0.0711389
0.0696686
0.0711495
0.0686000
0.0578973
0.0453604
0.0425559
0.0529166
0.0661605
0.0683858
0.0571223
0.0441324
0.0425442
0.0526991
0.0621856
0.0593240
0.0449610
0.0305104
0.0257438
0.0299264
0.0345915
0.0332240
0.0269652
0.0213269
0.0188542
0.0160370
0.0073517
-0.0081266
-0.0241934
-0.0314300
-0.0241240
-0.0045667
0.0183512
0.0348467
0.0400132
0.0358165
0.0283708
0.0228637
0.0200596
0.0169601
0.0107808
0.0026343
-0.0024328
0.0006876
0.0124331
0.0269984
0.0358264
0.0340761
0.0248160
0.0166109
0.0159018
0.0214581
0.0270618
0.0296403
0.0328768
0.0411501
0.0515863
0.0561367
0.0523847
0.0469928
0.0429426
0.0277249
-0.0108846
-0.0460428
0.0026722
0.2175643
0.5905952
0.9795251
1.1779436
1.0595261
0.6740597
0.2071582
-0.1592506
-0.3595994
-0.4416519
-0.4771263
-0.4881764
-0.4528066
-0.3592188
-0.2369927
-0.1349032
-0.0792008
-0.0598055
-0.0520907
-0.0435453
-0.0379676
-0.0408402
-0.0481232
-0.0504981
-0.0446035
-0.0365972
-0.0345737
-0.0391706
-0.0425187
-0.0360412
-0.0188020
0.0015995
0.0157138
0.0195113
0.0156709
0.0091674
0.0029465
-0.0021737
-0.0051742
-0.0043431
0.0006927
0.0076922
0.0133620
0.0157709
0.0148672
0.0115947
0.0078977
0.0073612
0.0136965
0.0267162
0.0402676
0.0463790
0.0430452
0.0375144
0.0404770
0.0561938
0.0783146
0.0953435
0.1001196
0.0946903
0.0873963
0.0858424
0.0915090
0.0994615
0.1031046
0.1006774
0.0981640
0.1049820
0.1249308
0.1505994
0.1677998
0.1672521
0.1526393
0.1366589
0.1285043
0.1251811
0.1152982
0.0911647
0.0568148
0.0243379
0.0029368
-0.0082481
-0.0172636
-0.0303870
-0.0463694
-0.0589763
-0.0641840
-0.0641193
-0.0640696
-0.0666030
-0.0694443
-0.0687990
-0.0636328
-0.0562066
-0.0493375
-0.0444150
-0.0420110
-0.0427775
-0.0463478
-0.0500145
-0.0505743
-0.0484107
-0.0482010
-0.0534565
-0.0605370
-0.0605508
-0.0489141
-0.0319373
-0.0216825
-0.0238417
-0.0322653
-0.0364386
-0.0331270
-0.0289060
-0.0316167
-0.0416906
-0.0531456
-0.0613471
-0.0670066
-0.0724666
-0.0771686
-0.0793730
-0.0810868
-0.0876076
-0.1004674
-0.1128315
-0.1148512
-0.1040904
-0.0888549
-0.0800207
-0.0806154
-0.0850422
-0.0880100
-0.0914937
-0.1009929
-0.1163115
-0.1293192
-0.1323073
-0.1268394
-0.1221154
-0.1248918
-0.1330816
-0.1396734
-0.1405469
-0.1364367
-0.1289625
-0.1187659
-0.1087519
-0.1053235
-0.1118756
-0.1217131
-0.1226719
-0.1115870
-0.1003755
-0.1024392
-0.1142186
-0.1171748
-0.1010955
-0.0793909
-0.0742661
-0.0900266
-0.1119557
-0.1335260
-0.1682637
-0.2141303
-0.2074095
-0.0424079
0.3265792
0.7919250
1.1231277
1.1251974
0.7905636
0.3011022
-0.1209630
-0.3699673
-0.4843607
-0.5493771
-0.5965980
-0.5972122
-0.5272858
-0.4131010
-0.3085211
-0.2434381
-0.2069613
-0.1761019
-0.1467724
-0.1315227
-0.1358200
-0.1475642
-0.1508902
-0.1432598
-0.1347335
-0.1336397
-0.1379018
-0.1402572
-0.1374757
-0.1318125
-0.1257799
-0.1194696
-0.1135830
-0.1118632
-0.1176331
-0.1284129
-0.1364029
-0.1354484
-0.1267420
-0.1168821
-0.1107569
-0.1069593
-0.0998369
-0.0853391
-0.0650828
-0.0457101
-0.0345869
-0.0349110
-0.0432589
-0.0514071
-0.0518443
-0.0431883
-0.0306447
-0.0204819
-0.0137375
-0.0058414
0.0074458
0.0246565
0.0399083
0.0489437
0.0527409
0.0551827
0.0585204
0.0621476
0.0652983
0.0695336
0.0777371
0.0908193
0.1057272
0.1165403
0.1174588
0.1056839
0.0829501
0.0547268
0.0266256
0.0001672
-0.0275967
-0.0589238
-0.0897916
-0.1111616
-0.1172158
-0.1118302
-0.1055331
-0.1058385
-0.1114785
-0.1163031
-0.1173181
-0.1171979
-0.1192508
-0.1222362
-0.1218053
-0.1160987
-0.1077894
-0.1003937
-0.0946902
-0.0901358
-0.0880543
-0.0904229
-0.0949817
-0.0941913
-0.0818812
-0.0612646
-0.0445649
-0.0429208
-0.0560952
-0.0723518
-0.0787023
-0.0716524
-0.0588941
-0.0516431
-0.0553374
-0.0663379
-0.0763144
-0.0801329
-0.0806723
-0.0860275
-0.1007591
-0.1192955
-0.1291345
-0.1221870
-0.1032934
-0.0867389
-0.0837660
-0.0934851
-0.1057724
-0.1121125
-0.1128501
-0.1144782
-0.1215927
-0.1324698
-0.1414194
-0.1436667
-0.1380363
-0.1271323
-0.1164769
-0.1121374
-0.1164569
-0.1251921
-0.1303971
-0.1277824
-0.1210715
-0.1178536
-0.1207148
-0.1234783
-0.1174906
-0.1017615
-0.0857681
-0.0811123
-0.0903494
-0.1046391
-0.1125227
-0.1105694
-0.1054150
-0.1061925
-0.1156812
-0.1285688
-0.1373835
-0.1394028
-0.1379479
-0.1380016
-0.1416887
-0.1478408
-0.1541479
-0.1582105
-0.1575153
-0.1511992
-0.1429551
-0.1398578
-0.1452036
-0.1526216
-0.1507045
-0.1358771
-0.1185980
-0.1127089
-0.1186436
-0.1228250
-0.1176702
-0.1159583
-0.1314686
-0.1383256
-0.0611440
0.1695572
0.5327681
0.8883532
1.0521142
0.9244930
0.5633520
0.1365720
-0.2010166
-0.3979350
-0.4968059
-0.5570121
-0.5941284
-0.5850677
-0.5139117
-0.4012825
-0.2912729
-0.2178062
-0.1857883
-0.1787228
-0.1778680
-0.1741978
-0.1680898
-0.1631079
-0.1606457
-0.1578744
-0.1495215
-0.1330260
-0.1132175
-0.1006136
-0.1026206
-0.1156667
-0.1272851
-0.1271025
-0.1157320
-0.1026919
-0.0962246
-0.0958573
-0.0946321
-0.0874527
-0.0763108
-0.0674253
-0.0641539
-0.0634493
-0.0592112
-0.0487124
-0.0357569
-0.0276880
-0.0286757
-0.0349153
-0.0365739
-0.0260929
-0.0058397
0.0129956
0.0204793
0.0173760
0.0140107
0.0194374
0.0322449
0.0426549
0.0433847
0.0373353
0.0338637
0.0381886
0.0459555
0.0486735
0.0433305
0.0356890
0.0349669
0.0466008
0.0694655
0.0975468
0.1229257
0.1388011
0.1425378
0.1369366
0.1273490
0.1161474
0.1004092
0.0766437
0.0481123
0.0252111
0.0158823
0.0157545
0.0108318
-0.0076518
-0.0319855
-0.0441169
-0.0339887
-0.0106558
0.0059404
0.0040075
-0.0098958
-0.0192380
-0.0147448
-0.0024486
0.0046420
0.0009773
-0.0065607
-0.0072688
0.0015495
0.0120703
0.0145735
0.0077386
-0.0000122
0.0003449
0.0079519
0.0115185
0.0004734
-0.0229750
-0.0437551
-0.0468627
-0.0308083
-0.0085298
0.0045429
0.0033058
-0.0049770
-0.0097029
-0.0070267
-0.0016101
-0.0001811
-0.0047286
-0.0115455
-0.0152686
-0.0131976
-0.0068518
-0.0005732
0.0017359
-0.0003349
-0.0035851
-0.0046371
-0.0035349
-0.0032743
-0.0054390
-0.0069863
-0.0025930
0.0090698
0.0219586
0.0271820
0.0221009
0.0142470
0.0142867
0.0242333
0.0338046
0.0301812
0.0118067
-0.0084604
-0.0151612
-0.0057800
0.0058404
0.0024327
-0.0199762
-0.0485669
-0.0667990
-0.0697713
-0.0657851
-0.0641857
-0.0646766
-0.0600142
-0.0473343
-0.0335799
-0.0284364
-0.0335097
-0.0408276
-0.0421643
-0.0375174
-0.0328744
-0.0317622
-0.0325393
-0.0336647
-0.0367455
-0.0412733
-0.0400737
-0.0263764
-0.0058601
0.0048692
-0.0036417
-0.0217043
-0.0344339
-0.0453564
-0.0701002
-0.0923204
-0.0339068
0.1996229
0.6136030
1.0606180
1.3079759
1.2024433
0.7893816
0.2743464
-0.1362093
-0.3668042
-0.4696508
-0.5204792
-0.5363948
-0.4897673
-0.3761615
-0.2443693
-0.1561367
-0.1292916
-0.1302851
-0.1181468
-0.0854846
-0.0551153
-0.0464159
-0.0543773
-0.0605731
-0.0560670
-0.0479026
-0.0458476
-0.0494801
-0.0510254
-0.0471970
-0.0432850
-0.0453138
-0.0520675
-0.0572062
-0.0571663
-0.0538506
-0.0497942
-0.0438086
-0.0333481
-0.0199206
-0.0095687
-0.0069273
-0.0099520
-0.0121126
-0.0096913
-0.0051999
-0.0026978
-0.0012625
0.0047233
0.0187105
0.0370782
0.0518133
0.0571670
0.0531632
0.0438239
0.0336862
0.0262162
0.0239309
0.0279793
0.0368732
0.0468288
0.0551300
0.0634261
0.0763271
0.0958262
0.1179019
0.1356212
0.1452101
0.1483996
0.1496467
0.1526088
0.1591978
0.1698543
0.1826513
0.1922352
0.1917772
0.1782226
0.1561164
0.1348427
0.1206234
0.1113700
0.1003483
0.0846642
0.0688594
0.0598589
0.0595215
0.0629089
0.0633156
0.0584327
0.0519562
0.0495763
0.0530803
0.0581061
0.0581325
0.0512151
0.0426069
0.0400062
0.0456351
0.0530518
0.0525139
0.0402825
0.0225969
0.0098433
0.0069120
0.0101378
0.0134088
0.0152490
0.0187014
0.0259507
0.0356066
0.0452453
0.0542324
0.0626488
0.0687250
0.0695029
0.0645950
0.0579304
0.0542363
0.0538741
0.0527033
0.0478607
0.0422829
0.0416782
0.0474524
0.0547434
0.0580420
0.0569863
0.0552749
0.0549313
0.0534619
0.0469338
0.0348501
0.0213972
0.0121636
0.0099594
0.0134840
0.0190216
0.0226329
0.0214484
0.0148507
0.0053865
-0.0028461
-0.0084330
-0.0147670
-0.0259245
-0.0397231
-0.0464597
-0.0367615
-0.0117750
0.0150482
0.0282479
0.0242817
0.0151200
0.0162412
0.0303885
0.0448524
0.0460374
0.0349169
0.0254543
0.0284607
0.0407449
0.0516174
0.0557873
0.0541438
0.0437745
0.0199442
0.0011730
0.0493683
0.2410129
0.5896515
0.9877128
1.2434242
1.2064416
0.8806286
0.4210536
0.0165552
-0.2356073
-0.3581807
-0.4220907
-0.4625168
-0.4626975
-0.4004942
-0.2910152
-0.1794941
-0.1026238
-0.0652239
-0.0502716
-0.0412003
-0.0316846
-0.0215677
-0.0116849
-0.0031370
0.0032477
0.0091567
0.0181178
0.0300113
0.0378265
0.0339980
0.0213067
0.0140466
0.0244565
0.0485336
0.0688754
0.0726499
0.0641374
0.0579808
0.0625858
0.0731770
0.0801472
0.0804293
0.0790924
0.0821798
0.0910853
0.1038892
0.1189443
0.1344842
0.1461049
0.1488514
0.1437932
0.1399266
0.1460246
0.1607241
0.1734703
0.1762129
0.1722456
0.1720531
0.1814870
0.1956509
0.2043502
0.2022756
0.1933084
0.1859460
0.1862229
0.1952842
0.2114864
0.2320649
0.2529490
0.2700215
0.2824585
0.2933500
0.3049607
0.3139205
0.3131680
0.2993287
0.2772103
0.2561916
0.2421265
0.2328542
0.2215071
0.2039626
0.1828274
0.1644367
0.1529814
0.1480366
0.1465574
0.1456677
0.1438575
0.1412693
0.1394780
0.1400614
0.1428635
0.1461217
0.1483011
0.1491313
0.1489908
0.1483605
0.1481971
0.1497672
0.1530268
0.1552131
0.1520629
0.1417351
0.1280975
0.1190239
0.1195931
0.1268427
0.1330423
0.1348369
0.1371555
0.1462527
0.1601459
0.1686527
0.1636409
0.1478513
0.1324577
0.1261077
0.1270044
0.1259351
0.1164750
0.1012486
0.0881934
0.0823485
0.0826502
0.0853864
0.0880436
0.0894426
0.0886605
0.0856938
0.0823687
0.0811025
0.0826302
0.0854863
0.0877583
0.0890599
0.0905050
0.0924721
0.0926864
0.0876529
0.0766917
0.0637560
0.0541869
0.0498188
0.0477721
0.0436453
0.0356297
0.0265671
0.0228006
0.0297598
0.0467565
0.0659673
0.0777833
0.0779932
0.0700855
0.0611935
0.0561172
0.0544771
0.0526195
0.0480027
0.0418227
0.0374672
0.0369287
0.0391701
0.0412268
0.0398635
0.0330513
0.0219938
0.0119269
0.0086814
0.0128724
0.0182428
0.0170270
0.0072545
-0.0051087
-0.0108943
-0.0051157
0.0089408
0.0222143
0.0268518
0.0214937
0.0106455
0.0000692
-0.0070154
-0.0107702
-0.0133003
-0.0160502
-0.0179783
-0.0170819
-0.0143128
-0.0144243
-0.0210133
-0.0311653
-0.0368903
-0.0324960
-0.0199537
-0.0069342
-0.0000728
-0.0000803
-0.0027327
-0.0038254
-0.0024964
-0.0000633
0.0023679
0.0035341
0.0008783
-0.0070457
-0.0169131
-0.0225539
-0.0221046
-0.0209095
-0.0249003
-0.0322111
-0.0342022
-0.0256545
-0.0122632
-0.0059486
-0.0122576
-0.0239583
-0.0289270
-0.0237348
-0.0167410
-0.0172452
-0.0249001
-0.0321070
-0.0338731
-0.0311975
-0.0262909
-0.0200857
-0.0159438
-0.0205231
-0.0357264
-0.0513875
-0.0524083
-0.0364520
-0.0202406
-0.0216026
-0.0362106
-0.0419402
-0.0315268
-0.0284908
-0.0492386
-0.0450683
0.0924469
0.4317833
0.8915210
1.2467635
1.2790579
0.9478366
0.4244148
-0.0454347
-0.3215167
-0.4307818
-0.4777768
-0.5191016
-0.5294201
-0.4673052
-0.3444111
-0.2206221
-0.1454953
-0.1195810
-0.1107968
-0.0949113
-0.0731537
-0.0576457
-0.0519420
-0.0499854
-0.0474603
-0.0460569
-0.0468916
-0.0467992
-0.0444741
-0.0455575
-0.0563125
-0.0735704
-0.0854984
-0.0831612
-0.0690130
-0.0536070
-0.0457721
-0.0463186
-0.0495491
-0.0496825
-0.0461737
-0.0436298
-0.0471051
-0.0572316
-0.0686545
-0.0726903
-0.0636902
-0.0454370
-0.0302630
-0.0283133
-0.0368100
-0.0423638
-0.0349373
-0.0177149
-0.0023901
0.0035219
0.0036454
0.0083314
0.0241888
0.0472932
0.0664659
0.0738050
0.0717509
0.0692898
0.0722538
0.0787026
0.0830960
0.0833275
0.0835308
0.0904338
0.1062306
0.1247367
0.1361322
0.1363296
0.1299968
0.1235140
0.1173940
0.1076070
0.0923406
0.0746345
0.0589206
0.0469922
0.0372208
0.0264804
0.0130001
-0.0019478
-0.0152299
-0.0245505
-0.0296014
-0.0316993
-0.0338738
-0.0399487
-0.0504131
-0.0592922
-0.0584008
-0.0459759
-0.0292361
-0.0176839
-0.0152852
-0.0190577
-0.0231049
-0.0235307
-0.0211241
-0.0198039
-0.0215896
-0.0235492
-0.0208455
-0.0121267
-0.0009043
0.0071902
0.0074717
-0.0013078
-0.0152230
-0.0273562
-0.0340758
-0.0383218
-0.0450413
-0.0547212
-0.0632761
-0.0670734
-0.0662336
-0.0639234
-0.0637822
-0.0670949
-0.0715993
-0.0741381
-0.0746816
-0.0759747
-0.0791979
-0.0823883
-0.0833513
-0.0815092
-0.0768262
-0.0701995
-0.0654041
-0.0669079
-0.0741360
-0.0807638
-0.0815724
-0.0782648
-0.0771917
-0.0822428
-0.0902798
-0.0932099
-0.0860190
-0.0738830
-0.0686612
-0.0756416
-0.0863331
-0.0882659
-0.0801480
-0.0729334
-0.0764710
-0.0889264
-0.0996315
-0.0999919
-0.0918474
-0.0865687
-0.0946533
-0.1147774
-0.1347425
-0.1440910
-0.1431376
-0.1388036
-0.1357179
-0.1336988
-0.1302019
-0.1223296
-0.1093411
-0.0956125
-0.0883537
-0.0902350
-0.0965548
-0.1008073
-0.1004236
-0.0967746
-0.0930973
-0.0927508
-0.0957581
-0.0970863
-0.0924542
-0.0853652
-0.0833983
-0.0876278
-0.0910518
-0.0881937
-0.0816734
-0.0784830
-0.0830250
-0.0933649
-0.1015780
-0.0998661
-0.0895169
-0.0806048
-0.0793328
-0.0805524
-0.0777163
-0.0741086
-0.0765321
-0.0829002
-0.0855926
-0.0845298
-0.0872119
-0.0953754
-0.0998523
-0.0929795
-0.0830978
-0.0886934
-0.1055279
-0.0740298
0.1000633
0.4548878
0.8871453
1.1821554
1.1636829
0.8301036
0.3485681
-0.0770990
-0.3388368
-0.4570391
-0.5130534
-0.5565832
-0.5718760
-0.5237126
-0.4177630
-0.3000131
-0.2081530
-0.1485883
-0.1171051
-0.1116188
-0.1192839
-0.1196326
-0.1102710
-0.1054295
-0.1038964
-0.0892897
-0.0708199
-0.0863082
-0.1449568
