-0.0463655
-0.0465808
-0.0480533
-0.0484995
-0.0425484
-0.0301535
-0.0155668
-0.0039889
-0.0001437
-0.0047523
-0.0115827
-0.0126773
-0.0072300
-0.0013930
0.0007141
0.0014598
0.0046836
0.0104538
0.0163424
0.0209032
0.0240415
0.0254209
0.0238959
0.0185888
0.0107771
0.0042797
0.0019281
0.0011759
-0.0038477
-0.0141789
-0.0229356
-0.0234122
-0.0179904
-0.0151286
-0.0184487
-0.0228281
-0.0219042
-0.0161717
-0.0116792
-0.0122386
-0.0152374
-0.0156660
-0.0128122
-0.0108491
-0.0123937
-0.0140604
-0.0110907
-0.0051402
-0.0037099
-0.0111264
-0.0231821
-0.0323082
-0.0356928
-0.0362240
-0.0370889
-0.0380891
-0.0371558
-0.0335139
-0.0284731
-0.0238624
-0.0207429
-0.0199604
-0.0229812
-0.0304832
-0.0398081
-0.0458033
-0.0460091
-0.0441268
-0.0463812
-0.0544613
-0.0634568
-0.0668782
-0.0628303
-0.0557001
-0.0531125
-0.0607651
-0.0778971
-0.0964915
-0.1061954
-0.1023927
-0.0906903
-0.0827334
-0.0857011
-0.0948604
-0.0975490
-0.0861053
-0.0664114
-0.0519897
-0.0501073
-0.0560656
-0.0610579
-0.0617352
-0.0596100
-0.0545481
-0.0445693
-0.0326142
-0.0280203
-0.0368577
-0.0532735
-0.0664543
-0.0761112
-0.0905950
-0.0978599
-0.0407710
0.1573795
0.5169420
0.9414830
1.2460614
1.2717549
0.9968433
0.5495635
0.1134830
-0.1908411
-0.3535674
-0.4319490
-0.4747649
-0.4867710
-0.4508227
-0.3678524
-0.2688790
-0.1921750
-0.1542410
-0.1427430
-0.1334784
-0.1122180
-0.0826502
-0.0575995
-0.0454160
-0.0445427
-0.0482081
-0.0511484
-0.0515631
-0.0496033
-0.0466945
-0.0456351
-0.0485414
-0.0534327
-0.0543712
-0.0471506
-0.0351484
-0.0277491
-0.0311087
-0.0406404
-0.0445366
-0.0358348
-0.0199591
-0.0089418
-0.0086305
-0.0129260
-0.0105153
0.0039644
0.0253857
0.0431135
0.0499800
0.0479140
0.0462595
0.0540504
0.0722211
0.0925902
0.1052057
0.1077817
0.1081427
0.1167998
0.1368473
0.1617119
0.1830123
0.1992816
0.2154800
0.2348852
0.2543414
0.2685442
0.2766119
0.2819300
0.2865212
0.2886382
0.2865875
0.2820617
0.2769548
0.2679125
0.2478563
0.2151246
0.1790711
0.1526796
0.1385463
0.1251254
0.0997709
0.0644499
0.0351653
0.0248068
0.0288870
0.0301545
0.0162754
-0.0088849
-0.0309749
-0.0397960
-0.0375736
-0.0347988
-0.0402659
-0.0548562
-0.0722485
-0.0837612
-0.0839927
-0.0749786
-0.0658705
-0.0663760
-0.0782423
-0.0933373
-0.1012990
-0.0989883
-0.0917183
-0.0860237
-0.0831377
-0.0798868
-0.0739350
-0.0662332
-0.0589247
-0.0530444
-0.0490750
-0.0479775
-0.0495603
-0.0503704
-0.0459892
-0.0368210
-0.0295702
-0.0301944
-0.0357248
-0.0360494
-0.0253206
-0.0098697
-0.0026299
-0.0099135
-0.0252568
-0.0364703
-0.0372576
-0.0311631
-0.0256413
-0.0245775
-0.0269952
-0.0308468
-0.0355483
-0.0406955
-0.0444251
-0.0447809
-0.0424952
-0.0414322
-0.0459036
-0.0573295
-0.0727480
-0.0861004
-0.0918575
-0.0887946
-0.0805050
-0.0715680
-0.0632696
-0.0540651
-0.0443928
-0.0392352
-0.0436888
-0.0558481
-0.0664593
-0.0679890
-0.0635821
-0.0642556
-0.0757290
-0.0900194
-0.0930921
-0.0808928
-0.0649191
-0.0601118
-0.0688246
-0.0792637
-0.0795487
-0.0706150
-0.0636215
-0.0662393
-0.0744182
-0.0783423
-0.0740311
-0.0664794
-0.0620725
-0.0613192
-0.0609117
-0.0605990
-0.0641023
-0.0724841
-0.0799289
-0.0795106
-0.0727899
-0.0702406
-0.0797894
-0.0964094
-0.1064863
-0.1033275
-0.0950987
-0.0941910
-0.1004583
-0.1002932
-0.0842622
-0.0609126
-0.0473828
-0.0475647
-0.0468210
-0.0319451
-0.0105409
-0.0024916
-0.0137783
-0.0301068
-0.0422356
-0.0645959
-0.1059294
-0.1150208
0.0194112
0.3748289
0.8793171
1.3036887
1.4051912
1.1119117
0.5799136
0.0684594
-0.2501067
-0.3773749
-0.4187935
-0.4541341
-0.4794812
-0.4522856
-0.3630772
-0.2519362
-0.1669576
-0.1229720
-0.1024520
-0.0850264
-0.0672217
-0.0569820
-0.0587054
-0.0681150
-0.0782539
-0.0856987
-0.0907365
-0.0946370
-0.0984353
-0.1029131
-0.1077714
-0.1107310
-0.1085106
-0.0991035
-0.0830740
-0.0634131
-0.0450556
-0.0335792
-0.0316994
-0.0356296
-0.0365764
-0.0285730
-0.0153939
-0.0077843
-0.0120799
-0.0219961
-0.0234244
-0.0081618
0.0179193
0.0411933
0.0541689
0.0618848
0.0746409
0.0961714
0.1204073
0.1392006
0.1513491
0.1632243
0.1814401
0.2060751
0.2311348
0.2507355
0.2639864
0.2739059
0.2826952
0.2894040
0.2924283
0.2929428
0.2942105
0.2971970
0.2981120
0.2917200
0.2773785
0.2609054
0.2493905
0.2437699
0.2368011
0.2187287
0.1853439
0.1414209
0.0975163
0.0634809
0.0430809
0.0323854
0.0228369
0.0076214
-0.0131648
-0.0333054
-0.0467605
-0.0531307
-0.0568769
-0.0621351
-0.0695478
-0.0777953
-0.0859835
-0.0929148
-0.0953850
-0.0903905
-0.0802248
-0.0729165
-0.0744087
-0.0804023
-0.0791163
-0.0641332
-0.0429490
-0.0303050
-0.0331855
-0.0444916
-0.0519211
-0.0508014
-0.0464049
-0.0452034
-0.0471265
-0.0474282
-0.0437276
-0.0384346
-0.0344925
-0.0314574
-0.0274390
-0.0235792
-0.0241814
-0.0317367
-0.0431340
-0.0520659
-0.0552444
-0.0557215
-0.0597458
-0.0701283
-0.0825675
-0.0888246
-0.0841600
-0.0718557
-0.0601311
-0.0547023
-0.0550081
-0.0575659
-0.0611694
-0.0668638
-0.0734772
-0.0764423
-0.0734219
-0.0695935
-0.0734621
-0.0858274
-0.0956699
-0.0906790
-0.0718425
-0.0542236
-0.0513728
-0.0610142
-0.0688121
-0.0652992
-0.0555255
-0.0508640
-0.0545282
-0.0588613
-0.0564435
-0.0498173
-0.0475184
-0.0522030
-0.0565696
-0.0524995
-0.0419349
-0.0356864
-0.0411424
-0.0534091
-0.0605616
-0.0573283
-0.0517367
-0.0568914
-0.0764416
-0.0994328
-0.1102836
-0.1032937
-0.0864511
-0.0716971
-0.0638125
-0.0599405
-0.0573867
-0.0576359
-0.0617713
-0.0657705
-0.0643745
-0.0588942
-0.0568816
-0.0620124
-0.0672044
-0.0615556
-0.0437055
-0.0250913
-0.0197271
-0.0342174
-0.0673920
-0.1096035
-0.1300790
-0.0669600
0.1474394
0.5223750
0.9570529
1.2673345
1.2947439
1.0173622
0.5663484
0.1308371
-0.1668528
-0.3229991
-0.4037439
-0.4598963
-0.4881933
-0.4607272
-0.3749822
-0.2678096
-0.1848431
-0.1436643
-0.1284607
-0.1156164
-0.0989135
-0.0894398
-0.0960706
-0.1117897
-0.1204624
-0.1137762
-0.0981686
-0.0856270
-0.0811250
-0.0808817
-0.0804466
-0.0801829
-0.0814793
-0.0807936
-0.0717836
-0.0542869
-0.0381584
-0.0348180
-0.0446937
-0.0553019
-0.0533258
-0.0377996
-0.0199082
-0.0100299
-0.0067646
0.0002518
0.0178872
0.0419429
0.0625341
0.0752993
0.0851718
0.0990447
0.1170618
0.1331926
0.1435177
0.1510343
0.1609981
0.1736919
0.1848714
0.1934003
0.2050979
0.2260596
0.2529498
0.2733614
0.2778171
0.2700174
0.2628352
0.2642768
0.2696976
0.2687589
0.2577766
0.2426042
0.2301224
0.2203802
0.2089348
0.1946055
0.1811086
0.1702000
0.1562366
0.1309467
0.0938229
0.0551574
0.0266852
0.0099131
-0.0042505
-0.0239023
-0.0460303
-0.0595920
-0.0581045
-0.0473413
-0.0398729
-0.0431973
-0.0544579
-0.0660072
-0.0737886
-0.0790796
-0.0837579
-0.0868828
-0.0868592
-0.0848252
-0.0834475
-0.0826124
-0.0786842
-0.0693819
-0.0582534
-0.0525221
-0.0562262
-0.0663653
-0.0760004
-0.0803198
-0.0794458
-0.0766887
-0.0756046
-0.0783221
-0.0845122
-0.0906211
-0.0913611
-0.0842592
-0.0731998
-0.0657294
-0.0654093
-0.0674998
-0.0637829
-0.0519323
-0.0390336
-0.0351516
-0.0438477
-0.0593121
-0.0719117
-0.0755208
-0.0701855
-0.0601385
-0.0509274
-0.0472362
-0.0504468
-0.0568416
-0.0598027
-0.0561374
-0.0502684
-0.0501545
-0.0580831
-0.0669778
-0.0675385
-0.0584089
-0.0472722
-0.0417758
-0.0419101
-0.0431485
-0.0449370
-0.0517498
-0.0646265
-0.0757744
-0.0762759
-0.0686146
-0.0663799
-0.0783835
-0.0959571
-0.1009492
-0.0866974
-0.0667287
-0.0600258
-0.0706151
-0.0859169
-0.0940203
-0.0965324
-0.1014150
-0.1079862
-0.1061371
-0.0908159
-0.0708654
-0.0597039
-0.0619608
-0.0751963
-0.0996322
-0.1304302
-0.1309877
-0.0265158
0.2462515
0.6591810
1.0631830
1.2620439
1.1455914
0.7700941
0.3133756
-0.0546770
-0.2726098
-0.3834539
-0.4540348
-0.5064117
-0.5177796
-0.4675848
-0.3717219
-0.2719601
-0.2006446
-0.1601620
-0.1330734
-0.1058768
-0.0809030
-0.0685630
-0.0726793
-0.0851018
-0.0932592
-0.0912123
-0.0833376
-0.0786407
-0.0824533
-0.0929060
-0.1035549
-0.1083270
-0.1050521
-0.0966586
-0.0899822
-0.0915336
-0.1014776
-0.1110380
-0.1080867
-0.0879021
-0.0587318
-0.0351813
-0.0249922
-0.0225123
-0.0153804
0.0031284
0.0289417
0.0530514
0.0702777
0.0816691
0.0905044
0.0987889
0.1079210
0.1201409
0.1369202
0.1564307
0.1749113
0.1914801
0.2100785
0.2347745
0.2632036
0.2864585
0.2969476
0.2962457
0.2941030
0.2990272
0.3100208
0.3179666
0.3150179
0.3021655
0.2874399
0.2770936
0.2690484
0.2551098
0.2293633
0.1941514
0.1578455
0.1270330
0.1010797
0.0740481
0.0412948
0.0040522
-0.0314805
-0.0583442
-0.0724598
-0.0743214
-0.0691417
-0.0649248
-0.0677903
-0.0770643
-0.0853836
-0.0856927
-0.0791860
-0.0752384
-0.0818495
-0.0961647
-0.1060409
-0.1021541
-0.0881219
-0.0776303
-0.0813324
-0.0969098
-0.1117811
-0.1148157
-0.1054136
-0.0923714
-0.0850418
-0.0853002
-0.0868281
-0.0815890
-0.0677019
-0.0518950
-0.0440571
-0.0483248
-0.0589700
-0.0655770
-0.0629586
-0.0558859
-0.0535948
-0.0598039
-0.0688549
-0.0718464
-0.0658452
-0.0565352
-0.0524014
-0.0573214
-0.0687706
-0.0817671
-0.0930457
-0.1014366
-0.1058554
-0.1046751
-0.0973949
-0.0859620
-0.0736666
-0.0630799
-0.0557637
-0.0535077
-0.0580008
-0.0678913
-0.0771103
-0.0788940
-0.0733562
-0.0698525
-0.0785687
-0.0980088
-0.1127245
-0.1070139
-0.0821245
-0.0576666
-0.0533336
-0.0693398
-0.0869802
-0.0889831
-0.0771022
-0.0678918
-0.0728980
-0.0865643
-0.0943198
-0.0890738
-0.0765451
-0.0661038
-0.0612447
-0.0604752
-0.0629067
-0.0679039
-0.0706765
-0.0647157
-0.0515706
-0.0436857
-0.0521419
-0.0735328
-0.0953988
-0.1134496
-0.1300150
-0.1232579
-0.0260056
0.2351201
0.6505444
1.0748028
1.2894536
1.1552775
0.7251782
0.2092239
-0.1818451
-0.3746089
-0.4380692
-0.4757315
-0.5243430
-0.5484788
-0.5087672
-0.4151638
-0.3141986
-0.2402589
-0.1912701
-0.1479075
-0.1037064
-0.0701088
-0.0577517
-0.0618621
-0.0681520
-0.0682167
-0.0651120
-0.0654124
-0.0700008
-0.0739341
-0.0727741
-0.0664702
-0.0575409
-0.0478460
-0.0381517
-0.0294651
-0.0230680
-0.0192477
-0.0171992
-0.0165568
-0.0179529
-0.0210128
-0.0222466
-0.0165339
-0.0018807
0.0175236
0.0341488
0.0439982
0.0507802
0.0626746
0.0843572
0.1121322
0.1373334
0.1548837
0.1683714
0.1861863
0.2123848
0.2417527
0.2645463
0.2762127
0.2818028
0.2903505
0.3054944
0.3226591
0.3353586
0.3427053
0.3493867
0.3588701
0.3685381
0.3723839
0.3673253
0.3553215
0.3395549
0.3204179
0.2963384
0.2673530
0.2358787
0.2037871
0.1705622
0.1356487
0.1014487
0.0717662
0.0469689
0.0227858
-0.0043587
-0.0318388
-0.0531870
-0.0666541
-0.0791029
-0.0986134
-0.1232411
-0.1399026
-0.1367734
-0.1163498
-0.0942096
-0.0841591
-0.0858884
-0.0882275
-0.0832045
-0.0744788
-0.0714027
-0.0769397
-0.0838589
-0.0829223
-0.0728918
-0.0611045
-0.0549779
-0.0546865
-0.0546124
-0.0505816
-0.0441616
-0.0399514
-0.0399795
-0.0415538
-0.0401159
-0.0335390
-0.0240298
-0.0167918
-0.0167508
-0.0250155
-0.0371143
-0.0452950
-0.0448128
-0.0393860
-0.0393005
-0.0516328
-0.0714027
-0.0841088
-0.0793778
-0.0625528
-0.0512646
-0.0591925
-0.0832853
-0.1074277
-0.1180499
-0.1150385
-0.1077969
-0.1031098
-0.0991199
-0.0906850
-0.0778027
-0.0666782
-0.0631391
-0.0669351
-0.0729812
-0.0767579
-0.0773941
-0.0764339
-0.0754344
-0.0750558
-0.0749385
-0.0733133
-0.0676585
-0.0575287
-0.0469145
-0.0420310
-0.0453134
-0.0522591
-0.0558937
-0.0545680
-0.0536750
-0.0584506
-0.0662196
-0.0680551
-0.0588255
-0.0441139
-0.0356175
-0.0398493
-0.0524562
-0.0637237
-0.0684779
-0.0699080
-0.0746673
-0.0857328
-0.1001264
-0.1121397
-0.1176457
-0.1159416
-0.1091599
-0.1008363
-0.0943482
-0.0913047
-0.0906237
-0.0893770
-0.0852468
-0.0786767
-0.0725490
-0.0692399
-0.0676905
-0.0638665
-0.0550204
-0.0436704
-0.0363095
-0.0370082
-0.0425192
-0.0451144
-0.0409626
-0.0345839
-0.0334700
-0.0385634
-0.0421831
-0.0368800
-0.0253530
-0.0192833
-0.0274334
-0.0460486
-0.0622466
-0.0665072
-0.0608793
-0.0553528
-0.0577549
-0.0675599
-0.0777959
-0.0812712
-0.0757486
-0.0655523
-0.0590492
-0.0626246
-0.0748989
-0.0872768
-0.0924210
-0.0927518
-0.0983086
-0.1141051
-0.1308561
-0.1317095
-0.1098045
-0.0773722
-0.0550939
-0.0526170
-0.0612339
-0.0654920
-0.0592992
-0.0491367
-0.0439619
-0.0458883
-0.0510552
-0.0555490
-0.0571673
-0.0533910
-0.0426636
-0.0292145
-0.0225599
-0.0279007
-0.0381959
-0.0407010
-0.0329144
-0.0274493
-0.0364169
-0.0532790
-0.0574173
-0.0394452
-0.0160336
-0.0128050
-0.0350044
-0.0644885
-0.0873509
-0.1099080
-0.1290293
-0.0880448
0.1091702
0.5045371
0.9931637
1.3442747
1.3514462
0.9916422
0.4463706
-0.0377919
-0.3217952
-0.4308096
-0.4694184
-0.5022566
-0.5156638
-0.4711905
-0.3694717
-0.2544378
-0.1685552
-0.1190807
-0.0879003
-0.0616749
-0.0433646
-0.0385430
-0.0415563
-0.0405918
-0.0324359
-0.0260700
-0.0307781
-0.0443746
-0.0555452
-0.0560470
-0.0478267
-0.0384573
-0.0327055
-0.0304331
-0.0307508
-0.0344122
-0.0407728
-0.0449725
-0.0416607
-0.0321600
-0.0253403
-0.0288124
-0.0395238
-0.0453539
-0.0372039
-0.0184084
-0.0008978
0.0072125
0.0084672
0.0107688
0.0179320
0.0276030
0.0373132
0.0492823
0.0677053
0.0930708
0.1215374
0.1496319
0.1771395
0.2042698
0.2279251
0.2434917
0.2506831
0.2556189
0.2654608
0.2812705
0.2971979
0.3067476
0.3090747
0.3090063
0.3116890
0.3176318
0.3222084
0.3191149
0.3047599
0.2807710
0.2529938
0.2272493
0.2048274
0.1819238
0.1541989
0.1221797
0.0915417
0.0674829
0.0492342
0.0310474
0.0087989
-0.0151685
-0.0344519
-0.0455770
-0.0519064
-0.0604444
-0.0751617
-0.0935241
-0.1088294
-0.1152546
-0.1112455
-0.0998348
-0.0869751
-0.0787536
-0.0778541
-0.0811453
-0.0815584
-0.0745505
-0.0637420
-0.0587901
-0.0655101
-0.0777380
-0.0809775
-0.0663135
-0.0408246
-0.0224718
-0.0233436
-0.0383125
-0.0510741
-0.0509075
-0.0421211
-0.0369507
-0.0412213
-0.0489189
-0.0500991
-0.0414574
-0.0280601
-0.0169084
-0.0115723
-0.0125637
-0.0192205
-0.0287518
-0.0354227
-0.0347771
