0.0910915
0.1163253
0.1378713
0.1520397
0.1640606
0.1809562
0.2026205
0.2217062
0.2318499
0.2339326
0.2336270
0.2349834
0.2386590
0.2450452
0.2547541
0.2637304
0.2609549
0.2362664
0.1920121
0.1436308
0.1055112
0.0774082
0.0479862
0.0115416
-0.0230825
-0.0431937
-0.0494758
-0.0575966
-0.0810008
-0.1152276
-0.1425802
-0.1512689
-0.1462871
-0.1407551
-0.1405287
-0.1408869
-0.1364541
-0.1290339
-0.1235087
-0.1195158
-0.1116220
-0.0976454
-0.0827880
-0.0728491
-0.0651638
-0.0501465
-0.0231597
0.0075523
0.0276269
0.0313502
0.0277447
0.0311383
0.0468989
0.0674333
0.0811487
0.0836735
0.0804630
0.0802811
0.0873391
0.0990064
0.1094845
0.1150023
0.1163503
0.1176967
0.1229577
0.1318357
0.1383245
0.1341090
0.1155957
0.0884892
0.0643559
0.0511514
0.0465082
0.0404212
0.0247493
0.0004167
-0.0242690
-0.0420901
-0.0537042
-0.0662521
-0.0857215
-0.1110585
-0.1352915
-0.1512514
-0.1560267
-0.1516123
-0.1432061
-0.1366870
-0.1355644
-0.1386126
-0.1407564
-0.1379392
-0.1323566
-0.1322767
-0.1444879
-0.1653103
-0.1801342
-0.1747941
-0.1492233
-0.1191134
-0.1023003
-0.1025453
-0.1066267
-0.0975019
-0.0705856
-0.0374145
-0.0134552
-0.0026719
0.0050316
0.0211448
0.0455269
0.0682862
0.0833912
0.0958516
0.1127558
0.1305520
0.1373494
0.1288199
0.1146755
0.1019227
0.0761713
0.0175422
-0.0497007
-0.0313268
0.1814444
0.5991301
1.0707711
1.3561590
1.2933165
0.9168591
0.4194338
-0.0034768
-0.2785005
-0.4467184
-0.5627232
-0.6236723
-0.5954187
-0.4832174
-0.3512957
-0.2682534
-0.2462852
-0.2436366
-0.2205268
-0.1805858
-0.1561939
-0.1645665
-0.1886584
-0.1996237
-0.1882798
-0.1689294
-0.1569555
-0.1511520
-0.1398286
-0.1176995
-0.0907646
-0.0665170
-0.0455178
-0.0243260
-0.0024838
0.0171445
0.0337970
0.0511464
0.0728947
0.0972642
0.1173670
0.1272936
0.1272243
0.1224924
0.1188290
0.1193814
0.1247447
0.1329224
0.1387232
0.1359794
0.1226465
0.1028603
0.0822965
0.0619875
0.0382952
0.0090812
-0.0213329
-0.0442026
-0.0536601
-0.0523891
-0.0501324
-0.0559171
-0.0708527
-0.0878147
-0.0976225
-0.0959237
-0.0857440
-0.0744554
-0.0671480
-0.0614485
-0.0497227
-0.0284204
-0.0049355
0.0072828
0.0016099
-0.0148115
-0.0277281
-0.0286484
-0.0206941
-0.0127529
-0.0093695
-0.0070908
-0.0001102
0.0123211
0.0255475
0.0356503
0.0435852
0.0528295
0.0652561
0.0807319
0.0989096
0.1190566
0.1385239
0.1533242
0.1609666
0.1625248
0.1621293
0.1643843
0.1711442
0.1798291
0.1852145
0.1836279
0.1756670
0.1649778
0.1544489
0.1430767
0.1262986
0.1004810
0.0679815
0.0365374
0.0120453
-0.0069505
-0.0253382
-0.0428707
-0.0531127
-0.0525089
-0.0481588
-0.0535098
-0.0754841
-0.1067741
-0.1319791
-0.1419139
-0.1415537
-0.1433850
-0.1537706
-0.1675148
-0.1754726
-0.1748152
-0.1706521
-0.1697515
-0.1745016
-0.1814857
-0.1839139
-0.1764480
-0.1598547
-0.1407467
-0.1250276
-0.1114744
-0.0932494
-0.0663780
-0.0356992
-0.0108661
0.0042232
0.0167625
0.0373254
0.0661565
0.0900587
0.0959337
0.0862447
0.0777026
0.0843947
0.1046370
0.1243852
0.1304981
0.1198133
0.0985573
0.0759061
0.0574759
0.0428852
0.0286814
0.0133437
-0.0013932
-0.0145118
-0.0294793
-0.0510905
-0.0768378
-0.0940755
-0.0917309
-0.0769035
-0.0731823
-0.0950198
-0.1284067
-0.1504436
-0.1692567
-0.2226951
-0.3132264
-0.3488360
-0.1858360
0.2305341
0.7598411
1.1257463
1.1168375
0.7514247
0.2502193
-0.1525623
-0.3736159
-0.4769866
-0.5448401
-0.5819228
-0.5428996
-0.4189998
-0.2681123
-0.1606060
-0.1155904
-0.1003300
-0.0811199
-0.0581811
-0.0489120
-0.0521805
-0.0447277
-0.0126005
0.0270842
0.0445523
0.0329061
0.0165404
0.0235931
0.0560965
0.0899579
0.1006053
0.0849081
0.0590930
0.0395141
0.0287602
0.0198543
0.0090329
-0.0006708
-0.0076433
-0.0172895
-0.0354703
-0.0587352
-0.0753306
-0.0768051
-0.0671711
-0.0598113
-0.0650539
-0.0802296
-0.0922236
-0.0907469
-0.0787278
-0.0685807
-0.0691819
-0.0784498
-0.0878760
-0.0912981
-0.0885740
-0.0830581
-0.0769990
-0.0688331
-0.0549322
-0.0347852
-0.0137523
0.0009608
0.0070666
0.0090543
0.0139424
0.0261432
0.0453055
0.0672663
0.0871908
0.1027516
0.1141292
0.1213355
0.1237721
0.1231763
0.1240931
0.1288245
0.1333786
0.1311944
0.1209603
0.1094527
0.1065834
0.1175070
0.1379272
0.1561623
0.1612139
0.1506809
0.1316540
0.1146936
0.1069180
0.1080342
0.1097076
0.1000846
0.0737603
0.0389917
0.0121063
0.0025553
0.0044566
0.0034811
-0.0094608
-0.0319731
-0.0556600
-0.0757602
-0.0944500
-0.1146227
-0.1323723
-0.1393390
-0.1336149
-0.1246034
-0.1237023
-0.1321417
-0.1414857
-0.1448829
-0.1439576
-0.1444951
-0.1487762
-0.1536995
-0.1544680
-0.1477552
-0.1310488
-0.1014751
-0.0595774
-0.0158447
0.0115800
0.0130452
0.0016461
0.0044834
0.0354977
0.0803053
0.1116479
0.1175129
0.1101204
0.1084820
0.1169825
0.1235595
0.1168952
0.1011296
0.0907748
0.0927739
0.0986293
0.0961771
0.0844616
0.0721753
0.0639741
0.0545213
0.0367822
0.0116192
-0.0130273
-0.0304684
-0.0415911
-0.0540257
-0.0752814
-0.1057566
-0.1386401
-0.1669745
-0.1893969
-0.2080715
-0.2230463
-0.2309006
-0.2284079
-0.2163553
-0.2002996
-0.1877509
-0.1831506
-0.1851598
-0.1897378
-0.1944270
-0.1967813
-0.1906275
-0.1704355
-0.1412282
-0.1180903
-0.1110852
-0.1142766
-0.1152324
-0.1126872
-0.1142062
-0.1083314
-0.0438981
0.1436847
0.4632275
0.8178792
1.0408309
1.0077623
0.7319436
0.3523572
0.0259621
-0.1749695
-0.2757875
-0.3332396
-0.3690388
-0.3634748
-0.2986630
-0.1945331
-0.0984917
-0.0449954
-0.0315843
-0.0330049
-0.0306637
-0.0247830
-0.0242994
-0.0328326
-0.0449146
-0.0519561
-0.0506306
-0.0463182
-0.0480010
-0.0595138
-0.0768337
-0.0932388
-0.1043754
-0.1086904
-0.1074709
-0.1064365
-0.1134398
-0.1307408
-0.1503823
-0.1597093
-0.1522747
-0.1335169
-0.1159111
-0.1075476
-0.1049201
-0.0987600
-0.0874023
-0.0798530
-0.0818069
-0.0827936
-0.0647561
-0.0240441
0.0208747
0.0465204
0.0470586
0.0386603
0.0428307
0.0660908
0.0952701
0.1124204
0.1137107
0.1121581
0.1225878
0.1475139
0.1784699
0.2066806
0.2294227
0.2489437
0.2686638
0.2892185
0.3061025
0.3122990
0.3043753
0.2847416
0.2581180
0.2287402
0.2012746
0.1801282
0.1650777
0.1496672
0.1262259
0.0921369
0.0513682
0.0114817
-0.0211972
-0.0455090
-0.0646234
-0.0805322
-0.0916773
-0.0983298
-0.1069804
-0.1241126
-0.1464397
-0.1624382
-0.1646790
-0.1575186
-0.1517472
-0.1536358
-0.1594194
-0.1591030
-0.1460428
-0.1236739
-0.1017930
-0.0859877
-0.0731046
-0.0574932
-0.0378046
-0.0157234
0.0081166
0.0336455
0.0591720
0.0824860
0.1026578
0.1194088
0.1330873
0.1465033
0.1636421
0.1842713
0.2019237
0.2092531
0.2043702
0.1914553
0.1767623
0.1641093
0.1526114
0.1391766
0.1243361
0.1131864
0.1077062
0.1010578
0.0844445
0.0580887
0.0301099
0.0052369
-0.0195429
-0.0472540
-0.0743800
-0.0952708
-0.1105639
-0.1277195
-0.1519500
-0.1773391
-0.1900467
-0.1838200
-0.1705248
-0.1687467
-0.1804916
-0.1862788
-0.1682419
-0.1331771
-0.1064207
-0.1048445
-0.1210119
-0.1333023
-0.1274366
-0.1072737
-0.0870001
-0.0751397
-0.0680898
-0.0591701
-0.0491645
-0.0429325
-0.0385329
-0.0275293
-0.0071689
0.0144172
0.0283341
0.0358801
0.0459377
0.0635110
0.0833724
0.0949933
0.0937252
0.0868866
0.0862721
0.0936388
0.0978429
0.0893889
0.0729096
0.0596042
0.0514001
0.0408859
0.0257945
0.0135654
0.0065606
-0.0099488
-0.0514259
-0.0965710
-0.0714556
0.1061394
0.4401839
0.8076976
1.0164806
0.9393689
0.6085914
0.1844951
-0.1667689
-0.3739100
-0.4653260
-0.5013825
-0.5118601
-0.4898592
-0.4276624
-0.3427972
-0.2662996
-0.2154639
-0.1868057
-0.1706482
-0.1614821
-0.1541146
-0.1407274
-0.1176212
-0.0903517
-0.0681029
-0.0546508
-0.0458332
-0.0337143
-0.0131908
0.0130166
0.0360175
0.0492950
0.0548446
0.0596113
0.0682259
0.0811257
0.0965893
0.1115735
0.1230969
0.1313686
0.1388362
0.1443682
0.1426414
0.1321034
0.1190092
0.1096345
0.1022024
0.0906886
0.0737199
0.0554965
0.0393913
0.0237712
0.0039474
-0.0221901
-0.0493695
-0.0672280
-0.0707798
-0.0673695
-0.0688543
-0.0779770
-0.0876146
-0.0924578
-0.0948536
-0.0983581
-0.1016655
-0.1011276
-0.0950973
-0.0839874
-0.0689686
-0.0518035
-0.0345639
-0.0200175
-0.0126943
-0.0158247
-0.0247608
-0.0280904
-0.0199916
-0.0080009
-0.0034600
-0.0070233
-0.0087024
-0.0001664
0.0177770
0.0384799
0.0560661
0.0693374
0.0815358
0.0956996
0.1102379
0.1216271
0.1305847
0.1405318
0.1498866
0.1523846
0.1470055
0.1414865
0.1427473
0.1482392
0.1493774
0.1399210
0.1194861
0.0928150
0.0672415
0.0477035
0.0332442
0.0203481
0.0079927
-0.0041079
-0.0195186
-0.0415243
-0.0666559
-0.0872777
-0.1003605
-0.1094466
-0.1188857
-0.1300877
-0.1419785
-0.1511484
-0.1530102
-0.1463428
-0.1353346
-0.1251505
-0.1183714
-0.1170415
-0.1225218
-0.1299117
-0.1287860
-0.1153279
-0.0997634
-0.0959105
-0.1052059
-0.1149907
-0.1111504
-0.0904921
-0.0628807
-0.0421156
-0.0318660
-0.0206977
0.0052653
0.0457040
0.0869244
0.1175151
0.1362554
0.1455745
0.1464976
0.1427893
0.1425471
0.1505619
0.1617905
0.1649017
0.1518443
0.1256460
0.1004954
0.0898881
0.0903624
0.0814140
0.0479237
-0.0003859
-0.0384018
-0.0524909
-0.0521867
-0.0570981
-0.0778881
-0.1090569
-0.1357455
-0.1478050
-0.1491863
-0.1521069
-0.1623402
-0.1750035
-0.1846075
-0.1912084
-0.1940669
-0.1880688
-0.1724266
-0.1566473
-0.1510418
-0.1544226
-0.1562598
-0.1495329
-0.1385849
-0.1346299
-0.1432090
-0.1559782
-0.1600041
-0.1577744
-0.1658282
-0.1770976
-0.1288578
0.0655815
0.4303367
0.8685045
1.1998178
1.2731511
1.0647176
0.6854470
0.2962283
0.0052661
-0.1685864
-0.2539658
-0.2719272
-0.2275347
-0.1357463
-0.0318210
0.0479722
0.0879466
0.0954074
0.0881275
0.0792867
0.0696689
0.0532978
0.0300192
0.0080979
-0.0064868
-0.0171853
-0.0308636
-0.0502458
-0.0744885
-0.1013217
-0.1262793
-0.1452532
-0.1593055
-0.1716377
-0.1802241
-0.1809590
-0.1779907
-0.1815785
-0.1933701
-0.2020513
-0.1971273
-0.1810907
-0.1650327
-0.1560838
-0.1502885
-0.1355078
-0.1034728
-0.0620023
-0.0305884
-0.0186621
-0.0135242
0.0035037
0.0346114
0.0675661
0.0951498
0.1220146
0.1536375
0.1874581
0.2162275
0.2354729
0.2472914
0.2580290
0.2700223
0.2767942
0.2729915
0.2682431
0.2799774
0.3087008
0.3311918
0.3253300
0.2943921
0.2605797
0.2403604
0.2310168
0.2158996
0.1785549
0.1163793
0.0441468
-0.0182231
-0.0615190
-0.0889374
-0.1072756
-0.1237663
-0.1467585
-0.1783895
-0.2076918
-0.2207814
-0.2175115
-0.2097124
-0.2045633
-0.1988462
-0.1887249
-0.1761368
-0.1646652
-0.1552816
-0.1462671
-0.1338523
-0.1155085
-0.0951276
-0.0795409
-0.0671914
-0.0485078
-0.0221731
-0.0013773
0.0037685
0.0020375
0.0108120
0.0356215
0.0668560
0.0919551
0.1054443
0.1115408
0.1206643
0.1387624
0.1585049
0.1669331
0.1619060
0.1532750
0.1482339
0.1449329
0.1405617
0.1352294
0.1266769
0.1112458
0.0918570
0.0762534
0.0661280
0.0554709
0.0392559
0.0166909
-0.0116645
-0.0416970
-0.0634382
-0.0699858
-0.0671448
-0.0673713
-0.0772648
-0.0965846
-0.1232842
-0.1518486
-0.1730185
-0.1836723
-0.1915849
-0.2031808
-0.2129574
-0.2123660
-0.2027656
-0.1925443
-0.1872242
-0.1876467
-0.1910986
-0.1898651
-0.1765630
-0.1550739
-0.1382480
-0.1318155
-0.1292426
-0.1241244
-0.1169844
-0.1076855
-0.0928441
-0.0744765
-0.0608315
-0.0547907
-0.0493817
-0.0361692
-0.0109990
0.0262822
0.0682738
0.0992110
0.1091747
0.1075873
0.1124256
0.1283078
0.1444087
0.1498475
0.1414684
0.1218220
0.1000794
0.0893259
0.0916601
0.0908070
0.0702553
0.0347829
0.0051224
-0.0048705
0.0003265
0.0036945
-0.0110033
-0.0442008
-0.0778135
-0.0994908
-0.1280171
-0.1898076
-0.2566751
-0.2284492
-0.0086624
0.3899719
0.8155861
1.0578597
0.9819451
0.6182587
0.1372745
-0.2742248
-0.5276664
-0.6411566
-0.6645742
-0.6237054
-0.5289940
-0.4026304
-0.2783068
-0.1836615
-0.1289276
-0.1051604
-0.0923743
-0.0763091
-0.0560488
-0.0328338
-0.0031301
0.0282923
0.0430236
0.0330184
0.0197392
0.0320874
0.0713121
0.1117915
0.1307663
0.1260054
0.1112857
0.1047204
0.1143305
0.1274210
0.1226778
0.0974209
0.0708830
0.0567824
0.0483781
0.0358361
0.0206611
0.0051573
-0.0157399
-0.0432741
-0.0692481
-0.0881846
-0.1029209
-0.1150299
-0.1224391
-0.1268661
-0.1297571
-0.1232772
-0.1017243
-0.0785474
-0.0733111
-0.0839142
-0.0900365
-0.0818241
-0.0674997
-0.0553991
-0.0454183
-0.0354196
-0.0219977
-0.0002535
0.0253191
0.0398761
0.0411181
0.0498254
0.0819270
0.1234094
0.1495229
0.1563244
0.1576345
0.1635281
0.1762919
0.1947994
0.2102577
0.2107154
0.1992393
0.1924926
0.1945751
0.1910326
0.1750615
0.1580751
0.1471652
0.1346739
0.1180316
0.1080346
0.1098350
0.1155309
0.1198914
0.1235218
0.1194628
0.0982506
0.0661497
0.0375940
0.0133677
-0.0119618
-0.0289685
-0.0258521
-0.0146538
-0.0179428
-0.0357084
-0.0508124
-0.0594720
-0.0715684
-0.0891188
-0.1067461
-0.1229632
-0.1318740
-0.1195507
-0.0883543
-0.0659103
-0.0696845
-0.0831538
-0.0859849
-0.0837911
-0.0884300
-0.0947958
-0.0973327
-0.1034076
-0.1114691
-0.1028700
-0.0726925
-0.0419015
-0.0251946
-0.0147498
-0.0048789
-0.0008676
0.0034422
0.0217706
0.0440433
0.0460642
0.0334761
0.0367588
0.0610367
0.0815620
0.0887061
0.0959966
0.1059877
0.1093595
0.1119714
0.1220106
0.1213916
0.0922687
0.0568449
0.0472548
0.0544394
0.0502120
0.0361288
0.0259022
0.0082696
-0.0259009
-0.0514587
-0.0505694
-0.0511007
-0.0783284
-0.1086941
-0.1157244
-0.1160184
-0.1263149
-0.1265624
-0.1082843
-0.1031460
-0.1237113
-0.1383238
-0.1391336
-0.1608942
-0.1990542
-0.1955446
-0.1426303
-0.1083021
-0.1223218
-0.1357177
-0.1247590
-0.1253475
-0.1361893
-0.1100461
-0.0659179
-0.0744274
-0.1128347
-0.0882574
-0.0170191
-0.0012933
-0.0213147
0.0307296
0.1019091
0.0396509
-0.0591828
0.1025158
0.5040344
0.6924264
0.3993516
