-0.1142565
-0.0877157
-0.0556007
-0.0478988
-0.0629289
-0.0768428
-0.0777577
-0.0732493
-0.0715968
-0.0733718
-0.0789173
-0.0888597
-0.0970643
-0.0949516
-0.0834964
-0.0718878
-0.0646757
-0.0585805
-0.0513564
-0.0454507
-0.0422453
-0.0394336
-0.0353849
-0.0317612
-0.0313624
-0.0356767
-0.0427077
-0.0451341
-0.0348062
-0.0132427
0.0061492
0.0115498
0.0059566
0.0023450
0.0080146
0.0186500
0.0263565
0.0285424
0.0284908
0.0303608
0.0347443
0.0387530
0.0409650
0.0453162
0.0570300
0.0745501
0.0895268
0.0965591
0.0996948
0.1070048
0.1209158
0.1357779
0.1434931
0.1406413
0.1317228
0.1257699
0.1277138
0.1326849
0.1307121
0.1169700
0.0952472
0.0719247
0.0499714
0.0295107
0.0108809
-0.0052166
-0.0193413
-0.0331654
-0.0471696
-0.0585401
-0.0622435
-0.0562167
-0.0459757
-0.0414235
-0.0470357
-0.0569743
-0.0620380
-0.0598352
-0.0556930
-0.0550101
-0.0579425
-0.0615244
-0.0641503
-0.0665586
-0.0692712
-0.0702898
-0.0664805
-0.0582047
-0.0515907
-0.0533957
-0.0624828
-0.0685276
-0.0615179
-0.0425937
-0.0245933
-0.0212863
-0.0348477
-0.0526670
-0.0575093
-0.0434397
-0.0224092
-0.0134925
-0.0248499
-0.0469514
-0.0629438
-0.0638490
-0.0539835
-0.0445248
-0.0435798
-0.0510399
-0.0606255
-0.0658494
-0.0644033
-0.0582285
-0.0512112
-0.0471912
-0.0482980
-0.0534403
-0.0588990
-0.0615154
-0.0610254
-0.0590188
-0.0569913
-0.0563554
-0.0587105
-0.0639963
-0.0688740
-0.0689611
-0.0634239
-0.0568038
-0.0558414
-0.0639192
-0.0775616
-0.0881717
-0.0885236
-0.0788138
-0.0663354
-0.0588304
-0.0580567
-0.0593626
-0.0568877
-0.0495135
-0.0424494
-0.0424193
-0.0503124
-0.0594701
-0.0629685
-0.0618495
-0.0633628
-0.0705915
-0.0770315
-0.0741952
-0.0631405
-0.0546814
-0.0570198
-0.0667146
-0.0761585
-0.0875370
-0.1077607
-0.1183622
-0.0550924
0.1584733
0.5301906
0.9447766
1.2080491
1.1757563
0.8620960
0.4287285
0.0612901
-0.1563813
-0.2640004
-0.3418135
-0.4191998
-0.4626024
-0.4352252
-0.3490029
-0.2538914
-0.1883707
-0.1521438
-0.1243659
-0.0955653
-0.0742813
-0.0680082
-0.0686398
-0.0613518
-0.0433885
-0.0277440
-0.0276475
-0.0417310
-0.0568477
-0.0626337
-0.0599535
-0.0564811
-0.0579658
-0.0643919
-0.0714486
-0.0738218
-0.0687027
-0.0580886
-0.0472732
-0.0399065
-0.0348287
-0.0287195
-0.0213801
-0.0165295
-0.0163872
-0.0169948
-0.0116178
0.0006797
0.0126408
0.0175185
0.0185309
0.0257258
0.0430014
0.0622662
0.0730965
0.0754282
0.0786590
0.0888812
0.1014312
0.1080667
0.1085856
0.1115768
0.1238184
0.1424553
0.1597851
0.1735070
0.1883135
0.2070771
0.2245380
0.2327630
0.2308698
0.2256234
0.2225618
0.2199861
0.2129022
0.2000183
0.1843131
0.1680649
0.1503710
0.1301845
0.1096721
0.0927792
0.0810181
0.0722211
0.0634609
0.0534583
0.0414115
0.0257635
0.0069319
-0.0096381
-0.0171398
-0.0159054
-0.0154526
-0.0248738
-0.0420551
-0.0555288
-0.0574452
-0.0520049
-0.0494723
-0.0539437
-0.0601596
-0.0623814
-0.0628298
-0.0682283
-0.0791941
-0.0872891
-0.0845695
-0.0733160
-0.0628362
-0.0575432
-0.0523340
-0.0413390
-0.0280989
-0.0233327
-0.0324565
-0.0478474
-0.0552561
-0.0476340
-0.0317211
-0.0209374
-0.0225579
-0.0322027
-0.0397742
-0.0390799
-0.0315485
-0.0226315
-0.0166293
-0.0148291
-0.0167531
-0.0215350
-0.0276026
-0.0317350
-0.0302164
-0.0227201
-0.0149661
-0.0152795
-0.0264952
-0.0415147
-0.0484923
-0.0414151
-0.0257542
-0.0139106
-0.0151013
-0.0286367
-0.0454338
-0.0555182
-0.0554123
-0.0503646
-0.0500359
-0.0601087
-0.0756280
-0.0828423
-0.0708230
-0.0434228
-0.0179842
-0.0093716
-0.0157951
-0.0231218
-0.0226730
-0.0201466
-0.0244921
-0.0324173
-0.0309014
-0.0159737
-0.0024032
-0.0090082
-0.0370227
-0.0699358
-0.0936574
-0.1038983
-0.0825624
0.0242193
0.2762869
0.6627747
1.0554305
1.2634300
1.1651028
0.8036846
0.3561382
0.0013705
-0.1936947
-0.2782674
-0.3315125
-0.3830234
-0.4086376
-0.3816425
-0.3109580
-0.2305353
-0.1653789
-0.1174132
-0.0802416
-0.0563658
-0.0541328
-0.0718021
-0.0923366
-0.0975734
-0.0856171
-0.0710370
-0.0678027
-0.0746971
-0.0788551
-0.0712785
-0.0556425
-0.0421053
-0.0360354
-0.0351334
-0.0356735
-0.0375736
-0.0417688
-0.0450300
-0.0410222
-0.0275627
-0.0107230
0.0005014
0.0032302
0.0026998
0.0054143
0.0124842
0.0206363
0.0276993
0.0347570
0.0435023
0.0539798
0.0658728
0.0804952
0.0998374
0.1236359
0.1482975
0.1690938
0.1832479
0.1912274
0.1960995
0.2020468
0.2120825
0.2251846
0.2357485
0.2383097
0.2343983
0.2330685
0.2419217
0.2575077
0.2669086
0.2600427
0.2393656
0.2167185
0.2019175
0.1955851
0.1915268
0.1829727
0.1658159
0.1390148
0.1057079
0.0740385
0.0531288
0.0451142
0.0420414
0.0334991
0.0177899
0.0033221
-0.0019943
-0.0004492
-0.0014594
-0.0100356
-0.0212497
-0.0267461
-0.0243674
-0.0193809
-0.0171387
-0.0169963
-0.0144940
-0.0082123
-0.0025582
-0.0032774
-0.0111230
-0.0207708
-0.0259498
-0.0254899
-0.0245481
-0.0297360
-0.0421206
-0.0546315
-0.0575111
-0.0476889
-0.0325772
-0.0236297
-0.0263646
-0.0375977
-0.0514139
-0.0647971
-0.0760928
-0.0810496
-0.0751988
-0.0613501
-0.0509180
-0.0533788
-0.0643544
-0.0680885
-0.0544325
-0.0315095
-0.0180859
-0.0233761
-0.0376656
-0.0443705
-0.0385871
-0.0306392
-0.0324493
-0.0442679
-0.0561688
-0.0597881
-0.0555370
-0.0489368
-0.0433043
-0.0380560
-0.0326400
-0.0291378
-0.0299680
-0.0344801
-0.0392795
-0.0417033
-0.0422122
-0.0435729
-0.0482336
-0.0560268
-0.0636073
-0.0666003
-0.0636723
-0.0587766
-0.0582824
-0.0652462
-0.0771312
-0.0894339
-0.1002737
-0.1101666
-0.1183595
-0.1221016
-0.1205399
-0.1169933
-0.1145124
-0.1099703
-0.0966158
-0.0744684
-0.0548117
-0.0500574
-0.0606797
-0.0779776
-0.0994480
-0.1295129
-0.1518612
-0.1043277
0.0944154
0.4642227
0.8990020
1.1991891
1.1998580
0.8931015
0.4343050
0.0243299
-0.2267441
-0.3397639
-0.3966019
-0.4470084
-0.4801560
-0.4656717
-0.4010870
-0.3152015
-0.2374643
-0.1763092
-0.1265009
-0.0869310
-0.0638990
-0.0599832
-0.0672573
-0.0741697
-0.0758883
-0.0754646
-0.0773410
-0.0833399
-0.0942618
-0.1109896
-0.1313982
-0.1479522
-0.1516416
-0.1395958
-0.1182065
-0.0982294
-0.0868275
-0.0837531
-0.0836452
-0.0809658
-0.0736410
-0.0639353
-0.0564544
-0.0538971
-0.0534247
-0.0479291
-0.0325836
-0.0104152
0.0098245
0.0218733
0.0273078
0.0324732
0.0413716
0.0526975
0.0629887
0.0707242
0.0768623
0.0830933
0.0913140
0.1042350
0.1239670
0.1483054
0.1695275
0.1796441
0.1783182
0.1745360
0.1785722
0.1917393
0.2047865
0.2069696
0.1965128
0.1818331
0.1725607
0.1696870
0.1647886
0.1489124
0.1219353
0.0930290
0.0723072
0.0624197
0.0576880
0.0499101
0.0344132
0.0121145
-0.0117373
-0.0300842
-0.0373711
-0.0332474
-0.0240906
-0.0195144
-0.0252146
-0.0383160
-0.0502981
-0.0551413
-0.0545088
-0.0548953
-0.0604952
-0.0695981
-0.0773159
-0.0803942
-0.0790731
-0.0755960
-0.0721761
-0.0701536
-0.0698950
-0.0707880
-0.0716140
-0.0715317
-0.0709293
-0.0711742
-0.0734334
-0.0778139
-0.0834899
-0.0890827
-0.0926686
-0.0923396
-0.0881638
-0.0836931
-0.0839483
-0.0905134
-0.0990478
-0.1030162
-0.1001631
-0.0942957
-0.0901240
-0.0873397
-0.0811645
-0.0686548
-0.0529223
-0.0401634
-0.0335627
-0.0317748
-0.0329267
-0.0373385
-0.0446474
-0.0504054
-0.0493071
-0.0425503
-0.0388259
-0.0450146
-0.0567478
-0.0614444
-0.0521444
-0.0365382
-0.0299938
-0.0397097
-0.0575689
-0.0693477
-0.0695308
-0.0655853
-0.0684065
-0.0806377
-0.0950034
-0.1025958
-0.1014049
-0.0972148
-0.0974438
-0.1043877
-0.1138706
-0.1201291
-0.1218187
-0.1226165
-0.1257298
-0.1293237
-0.1293662
-0.1263659
-0.1255983
-0.1281318
-0.1244317
-0.1028548
-0.0665220
-0.0366466
-0.0330540
-0.0528931
-0.0762055
-0.0940444
-0.1188993
-0.1515926
-0.1383447
0.0159313
0.3616202
0.8186170
1.1888914
1.2817215
1.0516247
0.6268747
0.2057894
-0.0818366
-0.2308374
-0.3085024
-0.3680640
-0.4118888
-0.4177480
-0.3787878
-0.3128812
-0.2442663
-0.1871944
-0.1462496
-0.1229150
-0.1159740
-0.1188463
-0.1230568
-0.1260252
-0.1322220
-0.1447213
-0.1582839
-0.1642286
-0.1612229
-0.1569457
-0.1571617
-0.1563044
-0.1431033
-0.1156506
-0.0871605
-0.0740009
-0.0789259
-0.0885150
-0.0873962
-0.0729962
-0.0553354
-0.0444036
-0.0406161
-0.0375735
-0.0308623
-0.0214281
-0.0113456
0.0003709
0.0159791
0.0342427
0.0495304
0.0565672
0.0559153
0.0544405
0.0599670
0.0747126
0.0933340
0.1076666
0.1143261
0.1181666
0.1276933
0.1461402
0.1670123
0.1793628
0.1781910
0.1693252
0.1634933
0.1658794
0.1721417
0.1741736
0.1682746
0.1572787
0.1464004
0.1389029
0.1354167
0.1350790
0.1356705
0.1333852
0.1243984
0.1076005
0.0853727
0.0613220
0.0377845
0.0158920
-0.0030251
-0.0178216
-0.0294117
-0.0403811
-0.0513070
-0.0584780
-0.0573823
-0.0488216
-0.0398549
-0.0374164
-0.0417276
-0.0471924
-0.0492574
-0.0487082
-0.0489499
-0.0510523
-0.0533576
-0.0551570
-0.0580418
-0.0624439
-0.0648114
-0.0608891
-0.0519155
-0.0453840
-0.0482882
-0.0603758
-0.0749047
-0.0850992
-0.0886686
-0.0871185
-0.0833962
-0.0810669
-0.0832320
-0.0892269
-0.0926562
-0.0859170
-0.0688255
-0.0513664
-0.0450872
-0.0512444
-0.0594135
-0.0589073
-0.0499641
-0.0419113
-0.0415567
-0.0464938
-0.0505096
-0.0524080
-0.0561715
-0.0629941
-0.0668894
-0.0607343
-0.0456270
-0.0316459
-0.0283878
-0.0358694
-0.0456056
-0.0497223
-0.0477074
-0.0446969
-0.0451020
-0.0489196
-0.0531573
-0.0552716
-0.0551737
-0.0551049
-0.0581731
-0.0662536
-0.0782059
-0.0898332
-0.0960774
-0.0939710
-0.0841666
-0.0703851
-0.0578766
-0.0517846
-0.0549722
-0.0653094
-0.0749462
-0.0746749
-0.0618939
-0.0448101
-0.0365951
-0.0430064
-0.0556671
-0.0594162
-0.0476386
-0.0297834
-0.0227517
-0.0356828
-0.0650829
-0.1033616
-0.1441952
-0.1698632
-0.1330551
0.0330385
0.3618574
0.7939664
1.1744510
1.3328573
1.1941334
0.8296236
0.4030260
0.0581553
-0.1567511
-0.2758972
-0.3475245
-0.3850443
-0.3752140
-0.3156596
-0.2321490
-0.1603963
-0.1188255
-0.1018352
-0.0943223
-0.0871188
-0.0797830
-0.0751687
-0.0754858
-0.0814599
-0.0909765
-0.0979090
-0.0955014
-0.0832539
-0.0692734
-0.0634478
-0.0679409
-0.0755885
-0.0777510
-0.0724904
-0.0647989
-0.0605391
-0.0615942
-0.0658385
-0.0694008
-0.0683204
-0.0600387
-0.0455340
-0.0299624
-0.0193914
-0.0156949
-0.0149947
-0.0116407
-0.0032723
0.0085293
0.0216726
0.0360201
0.0522820
0.0701566
0.0889353
0.1091924
0.1320197
0.1560091
0.1762581
0.1878510
0.1906749
0.1903677
0.1942321
0.2060311
0.2240577
0.2431740
0.2583874
0.2675136
0.2718887
0.2748726
0.2786481
0.2814638
0.2781475
0.2641698
0.2396940
0.2096321
0.1798007
0.1530889
0.1288018
0.1046714
0.0791685
0.0528639
0.0287781
0.0112400
0.0028197
0.0011319
-0.0007740
-0.0090779
-0.0231956
-0.0357894
-0.0400611
-0.0372339
-0.0356985
-0.0418753
-0.0523933
-0.0564739
-0.0466169
-0.0266907
-0.0091538
-0.0042277
-0.0115178
-0.0215128
-0.0246905
-0.0195221
-0.0128337
-0.0133593
-0.0246056
-0.0425202
-0.0588544
-0.0669119
-0.0653446
-0.0577880
-0.0494694
-0.0438525
-0.0415255
-0.0411656
-0.0411330
-0.0407700
-0.0410910
-0.0442273
-0.0512223
-0.0596611
-0.0640613
-0.0599907
-0.0486036
-0.0367067
-0.0313993
-0.0341226
-0.0400292
-0.0432175
-0.0422681
-0.0404973
-0.0413420
-0.0443869
-0.0461677
-0.0441831
-0.0393000
-0.0341916
-0.0301754
-0.0263547
-0.0218864
-0.0182362
-0.0180870
-0.0216829
-0.0251585
-0.0238267
-0.0174805
-0.0114630
-0.0114128
-0.0170284
-0.0219753
-0.0205176
-0.0139696
-0.0102526
-0.0171263
-0.0356246
-0.0590759
-0.0776439
-0.0846420
-0.0806848
-0.0729746
-0.0692885
-0.0705898
-0.0695150
-0.0580968
-0.0379746
-0.0216837
-0.0226671
-0.0447481
-0.0810010
-0.1169784
-0.1263748
-0.0632304
0.1257478
0.4564324
0.8597267
1.1863003
1.2848522
1.1034482
0.7282834
0.3218988
0.0126676
-0.1708522
-0.2754027
-0.3493012
-0.3966094
-0.3932918
-0.3318969
-0.2406203
-0.1607636
-0.1131760
-0.0896574
-0.0722881
-0.0546138
-0.0431550
-0.0437427
-0.0522132
-0.0593063
-0.0613250
-0.0632914
-0.0723371
-0.0901608
-0.1122334
-0.1322790
-0.1457072
-0.1495567
-0.1420763
-0.1246302
-0.1036332
-0.0883079
-0.0844459
-0.0896949
-0.0953534
-0.0934477
-0.0827490
-0.0686110
-0.0574013
-0.0509367
-0.0456756
-0.0366504
-0.0219197
-0.0035235
0.0150770
0.0317631
0.0462395
0.0591136
0.0716953
0.0863286
0.1051254
0.1270901
0.1472980
0.1609913
0.1694297
0.1803690
0.2007321
0.2283985
0.2526268
0.2638286
0.2626911
0.2589190
0.2612414
0.2695260
0.2764804
0.2754859
0.2657511
0.2509697
0.2351251
0.2201290
0.2056805
0.1894148
0.1675043
0.1373495
0.1011240
0.0657670
0.0376791
0.0170646
-0.0013113
-0.0211788
-0.0397348
-0.0508716
-0.0528266
-0.0505730
-0.0498200
-0.0504906
-0.0484762
-0.0433795
-0.0412035
-0.0469891
-0.0564739
-0.0590946
-0.0508309
-0.0411164
-0.0430598
-0.0567091
-0.0658748
-0.0546607
-0.0260271
-0.0006306
0.0037852
-0.0102749
-0.0247840
-0.0263708
-0.0188318
-0.0157382
-0.0242431
-0.0388667
-0.0494502
-0.0511646
-0.0457814
-0.0368871
-0.0277000
-0.0225332
-0.0255519
-0.0352744
-0.0426491
-0.0387722
-0.0254277
-0.0151528
-0.0184909
-0.0321781
-0.0423138
-0.0392836
-0.0273159
-0.0183291
-0.0185200
-0.0235764
-0.0263134
-0.0254841
-0.0251865
-0.0277777
-0.0307881
-0.0311612
-0.0296516
-0.0288834
-0.0283476
-0.0241467
-0.0144440
-0.0032675
0.0028372
0.0014210
-0.0041098
-0.0093664
-0.0139527
-0.0204612
-0.0294552
-0.0373916
-0.0402994
-0.0385257
-0.0365098
-0.0377868
-0.0413647
-0.0439208
-0.0449046
-0.0476311
-0.0543162
-0.0613966
-0.0624900
-0.0569189
-0.0527231
-0.0577066
-0.0675819
-0.0673975
-0.0483929
-0.0214278
-0.0083035
-0.0187317
-0.0418335
-0.0649268
-0.0931664
-0.1335908
-0.1510675
-0.0549659
0.2380722
0.7027662
1.1678382
1.4057308
1.2914453
0.8936906
0.4159019
0.0431821
-0.1674884
-0.2719448
-0.3424022
-0.3969765
-0.4102581
-0.3667317
-0.2875221
-0.2093977
-0.1523201
-0.1138143
-0.0871699
-0.0740981
-0.0780909
-0.0933744
-0.1074880
-0.1140470
-0.1180691
-0.1269688
-0.1392073
-0.1446832
-0.1355397
-0.1141416
