0.5890218
1.0681391
1.3477725
1.2361853
0.8431701
0.4347638
0.1645007
0.0033586
-0.1264351
-0.2424901
-0.3179575
-0.3312458
-0.2815431
-0.1923813
-0.1083476
-0.0629926
-0.0492147
-0.0401987
-0.0304373
-0.0333350
-0.0491082
-0.0623181
-0.0663144
-0.0666398
-0.0635783
-0.0516054
-0.0335942
-0.0187613
-0.0092312
-0.0018243
0.0017723
-0.0010720
-0.0054190
-0.0053174
-0.0031355
-0.0030184
-0.0020286
0.0033601
0.0095513
0.0133837
0.0200745
0.0351769
0.0548386
0.0708927
0.0798268
0.0821876
0.0803284
0.0805266
0.0886306
0.0989924
0.0965154
0.0756845
0.0510654
0.0436598
0.0607404
0.0907575
0.1132627
0.1140972
0.0973876
0.0825730
0.0834616
0.0920692
0.0910829
0.0798527
0.0763844
0.0912887
0.1097971
0.1060223
0.0718126
0.0277250
0.0045298
0.0119039
0.0255922
0.0114945
-0.0347929
-0.0798202
-0.0895029
-0.0677291
-0.0492632
-0.0585223
-0.0853026
-0.1010914
-0.0912233
-0.0678339
-0.0545269
-0.0612924
-0.0759046
-0.0804505
-0.0726185
-0.0652919
-0.0674534
-0.0744008
-0.0785369
-0.0810636
-0.0878126
-0.0990599
-0.1088074
-0.1113122
-0.1050537
-0.0929932
-0.0816334
-0.0775846
-0.0825278
-0.0918096
-0.0977414
-0.0937123
-0.0780042
-0.0570091
-0.0424631
-0.0411469
-0.0484926
-0.0558216
-0.0615037
-0.0701329
-0.0824599
-0.0919213
-0.0915871
-0.0809188
-0.0658936
-0.0553991
-0.0562590
-0.0677324
-0.0804224
-0.0831608
-0.0721479
-0.0538360
-0.0402950
-0.0408520
-0.0542324
-0.0678841
-0.0692384
-0.0599113
-0.0553433
-0.0678078
-0.0923167
-0.1114938
-0.1124584
-0.0977632
-0.0818879
-0.0775213
-0.0827646
-0.0820791
-0.0637595
-0.0366271
-0.0238238
-0.0369109
-0.0602000
-0.0659608
-0.0446753
-0.0155411
-0.0041783
-0.0133823
-0.0244557
-0.0307524
-0.0560523
-0.1154984
-0.1518862
-0.0394369
0.3064386
0.8054046
1.2176470
1.3081795
1.0317157
0.5643847
0.1522280
-0.0783862
-0.1764126
-0.2594262
-0.3751168
-0.4712388
-0.4790993
-0.3975058
-0.2882716
-0.2088675
-0.1678961
-0.1417066
-0.1154325
-0.0974551
-0.0998445
-0.1165540
-0.1269365
-0.1183628
-0.0989180
-0.0843832
-0.0763636
-0.0597286
-0.0232065
0.0214872
0.0447538
0.0246775
-0.0310929
-0.0882296
-0.1129411
-0.0996055
-0.0713863
-0.0528514
-0.0452638
-0.0321655
-0.0054623
0.0220513
0.0320756
0.0229120
0.0111959
0.0129281
0.0273680
0.0419163
0.0501312
0.0590060
0.0756036
0.0916905
0.0901507
0.0677275
0.0434567
0.0386560
0.0521866
0.0618422
0.0499789
0.0232351
0.0059891
0.0176066
0.0576105
0.1098187
0.1555579
0.1807076
0.1750297
0.1347619
0.0714897
0.0131141
-0.0139029
-0.0066502
0.0131888
0.0216523
0.0129078
-0.0025661
-0.0142124
-0.0210641
-0.0276993
-0.0366560
-0.0472598
-0.0585864
-0.0687798
-0.0714833
-0.0593940
-0.0369807
-0.0253149
-0.0427417
-0.0767892
-0.0860823
-0.0433624
0.0240732
0.0498794
-0.0055179
-0.1066021
-0.1687244
-0.1380843
-0.0457743
0.0205693
0.0001168
-0.0863132
-0.1618833
-0.1679189
-0.1107987
-0.0441149
-0.0163146
-0.0358745
-0.0746517
-0.0949361
-0.0778049
-0.0370165
-0.0087792
-0.0199093
-0.0579200
-0.0749973
-0.0324134
0.0522311
0.1080525
0.0742691
-0.0336737
-0.1284522
-0.1309490
-0.0472738
0.0378228
0.0437190
-0.0331247
-0.1252554
-0.1633312
-0.1351102
-0.0835218
-0.0576724
-0.0693377
-0.0916926
-0.0926620
-0.0668025
-0.0376351
-0.0322034
-0.0534306
-0.0769750
-0.0775517
-0.0596124
-0.0570037
-0.0955887
-0.1578952
-0.1937054
-0.1689811
-0.0975375
-0.0199620
0.0402208
0.0876061
0.1250918
0.1308526
0.0793560
-0.0182200
-0.1092754
-0.1434252
-0.1162105
-0.0650408
-0.0299075
-0.0289269
-0.0637372
-0.1194951
-0.1414927
-0.0337838
0.2718167
0.7180256
1.1092627
1.2352545
1.0344785
0.6389691
0.2532507
-0.0102740
-0.1786350
-0.3228380
-0.4474026
-0.4907184
-0.4180425
-0.2816408
-0.1751763
-0.1435278
-0.1551703
-0.1574225
-0.1370653
-0.1184332
-0.1187998
-0.1272465
-0.1285140
-0.1287806
-0.1430913
-0.1641343
-0.1620681
-0.1215571
-0.0658877
-0.0311690
-0.0223063
-0.0109608
0.0197495
0.0445265
0.0240083
-0.0417800
-0.1045527
-0.1185872
-0.0905918
-0.0677676
-0.0787611
-0.0993152
-0.0829900
-0.0175775
0.0608651
0.1089328
0.1182548
0.1117628
0.1087287
0.1068996
0.0974438
0.0834798
0.0760047
0.0781329
0.0829045
0.0857570
0.0902244
0.0975799
0.0980781
0.0814102
0.0543179
0.0373897
0.0395497
0.0444996
0.0333755
0.0173401
0.0319511
0.0907784
0.1540673
0.1586121
0.0824525
-0.0278229
-0.0996491
-0.1010723
-0.0611416
-0.0290585
-0.0238741
-0.0285985
-0.0243241
-0.0158477
-0.0203131
-0.0410568
-0.0629685
-0.0717121
-0.0687307
-0.0650895
-0.0669000
-0.0714557
-0.0744244
-0.0752588
-0.0753312
-0.0752284
-0.0764794
-0.0831689
-0.0969581
-0.1094251
-0.1038690
-0.0702110
-0.0189158
0.0234185
0.0351960
0.0170062
-0.0113595
-0.0289141
-0.0289328
-0.0208081
-0.0201541
-0.0359060
-0.0635530
-0.0894629
-0.1027900
-0.1042615
-0.1036845
-0.1092016
-0.1194906
-0.1266218
-0.1258815
-0.1212527
-0.1199951
-0.1228282
-0.1222899
-0.1116938
-0.0928513
-0.0723584
-0.0523898
-0.0295814
-0.0034885
0.0180085
0.0249104
0.0155537
-0.0017481
-0.0175948
-0.0296550
-0.0403496
-0.0481518
-0.0454586
-0.0278637
-0.0037083
0.0097919
0.0014663
-0.0243138
-0.0530379
-0.0719342
-0.0756423
-0.0651863
-0.0476540
-0.0367946
-0.0469662
-0.0799507
-0.1179263
-0.1352714
-0.1222460
-0.0962150
-0.0849487
-0.0970751
-0.1124901
-0.1051820
-0.0729400
-0.0394014
-0.0269616
-0.0335750
-0.0397308
-0.0342930
-0.0270017
-0.0341800
-0.0562839
-0.0734186
-0.0631927
-0.0224482
0.0258936
0.0440930
0.0025511
-0.0918766
-0.1748504
-0.1370104
0.1122086
0.5585189
1.0486262
1.3610076
1.3456185
1.0233232
0.5611218
0.1468706
-0.1272387
-0.2825529
-0.3825301
-0.4572462
-0.4913423
-0.4647070
-0.3870575
-0.2921356
-0.2100107
-0.1521957
-0.1175417
-0.1018544
-0.0993239
-0.1014898
-0.1016551
-0.1004128
-0.1028895
-0.1091140
-0.1101915
-0.0973443
-0.0736467
-0.0525992
-0.0436678
-0.0427089
-0.0396732
-0.0329865
-0.0308080
-0.0372838
-0.0428151
-0.0329434
-0.0063740
0.0201418
0.0278034
0.0156491
0.0015294
0.0021791
0.0148581
0.0220439
0.0136887
0.0002541
0.0006596
0.0195761
0.0410984
0.0460216
0.0324381
0.0163644
0.0126930
0.0191526
0.0217991
0.0146363
0.0085969
0.0181039
0.0420198
0.0636826
0.0703899
0.0671989
0.0673553
0.0728031
0.0717134
0.0572304
0.0419200
0.0455124
0.0682269
0.0847309
0.0717135
0.0380548
0.0172371
0.0257758
0.0377471
0.0118218
-0.0561862
-0.1180707
-0.1182615
-0.0517344
0.0291485
0.0656864
0.0452815
0.0016101
-0.0294992
-0.0442143
-0.0607426
-0.0871872
-0.1108158
-0.1179072
-0.1127920
-0.1103604
-0.1150904
-0.1165350
-0.1060370
-0.0900266
-0.0814015
-0.0813695
-0.0771493
-0.0594258
-0.0365397
-0.0257547
-0.0318342
-0.0407041
-0.0371627
-0.0240819
-0.0180860
-0.0272911
-0.0400229
-0.0388811
-0.0219685
-0.0049442
-0.0025750
-0.0132424
-0.0241698
-0.0285040
-0.0319059
-0.0415771
-0.0539129
-0.0580678
-0.0506465
-0.0413408
-0.0416324
-0.0517572
-0.0630489
-0.0712435
-0.0815622
-0.0984711
-0.1147398
-0.1162390
-0.0984647
-0.0745775
-0.0636281
-0.0713261
-0.0853766
-0.0905291
-0.0850450
-0.0793718
-0.0805994
-0.0835205
-0.0790464
-0.0676822
-0.0600389
-0.0639623
-0.0748339
-0.0810033
-0.0773928
-0.0707377
-0.0705926
-0.0776070
-0.0833531
-0.0808714
-0.0716565
-0.0608683
-0.0495389
-0.0360904
-0.0242136
-0.0227786
-0.0342714
-0.0471224
-0.0459990
-0.0308119
-0.0200101
-0.0300604
-0.0538816
-0.0664559
-0.0540028
-0.0315092
-0.0254873
-0.0436087
-0.0712626
-0.0974209
-0.1266296
-0.1485836
-0.1023289
0.0986999
0.4760194
0.9157299
1.2104564
1.2010059
0.8961681
0.4595122
0.0783594
-0.1606122
-0.2860466
-0.3629746
-0.4186123
-0.4384815
-0.4087541
-0.3421416
-0.2647715
-0.1933655
-0.1327977
-0.0878126
-0.0651784
-0.0629562
-0.0666326
-0.0629747
-0.0551027
-0.0570215
-0.0725590
-0.0863325
-0.0804112
-0.0567438
-0.0369008
-0.0388560
-0.0585725
-0.0768304
-0.0806515
-0.0735999
-0.0660409
-0.0608698
-0.0523471
-0.0364242
-0.0169729
-0.0003812
0.0122406
0.0240511
0.0356201
0.0437273
0.0477683
0.0530777
0.0644315
0.0780986
0.0845321
0.0798104
0.0713528
0.0697809
0.0763455
0.0816182
0.0777086
0.0692636
0.0691929
0.0835898
0.1040672
0.1168783
0.1174077
0.1125361
0.1096154
0.1076045
0.1015376
0.0928067
0.0899606
0.0977488
0.1086061
0.1089596
0.0940718
0.0730492
0.0568584
0.0441535
0.0238930
-0.0074915
-0.0368220
-0.0467553
-0.0361597
-0.0228610
-0.0243619
-0.0394028
-0.0522519
-0.0535754
-0.0515354
-0.0594174
-0.0759616
-0.0843457
-0.0724577
-0.0493926
-0.0366342
-0.0437870
-0.0583424
-0.0615333
-0.0500934
-0.0375186
-0.0350032
-0.0371801
-0.0304620
-0.0127141
0.0012096
-0.0042426
-0.0268423
-0.0484948
-0.0550471
-0.0498549
-0.0457628
-0.0474275
-0.0466254
-0.0349693
-0.0163583
-0.0033714
-0.0030169
-0.0097608
-0.0133580
-0.0106714
-0.0071727
-0.0078754
-0.0104057
-0.0088362
-0.0021406
0.0045367
0.0071185
0.0078814
0.0113472
0.0164642
0.0159299
0.0042635
-0.0148027
-0.0302871
-0.0333129
-0.0241890
-0.0107282
-0.0008338
0.0024835
-0.0001673
-0.0081078
-0.0209152
-0.0359302
-0.0480044
-0.0535220
-0.0544611
-0.0572445
-0.0666371
-0.0805282
-0.0911206
-0.0919759
-0.0841332
-0.0747000
-0.0689656
-0.0646281
-0.0549856
-0.0378658
-0.0201125
-0.0120280
-0.0172795
-0.0290487
-0.0367925
-0.0365407
-0.0334982
-0.0341468
-0.0374034
-0.0359455
-0.0263730
-0.0151780
-0.0120448
-0.0180787
-0.0237346
-0.0196110
-0.0071076
0.0041803
0.0088753
0.0119960
0.0207602
0.0328156
0.0367580
0.0241483
-0.0035806
-0.0409971
-0.0822796
-0.1068836
-0.0623605
0.1182628
0.4548309
0.8631450
1.1717194
1.2234051
0.9866274
0.5783997
0.1759265
-0.1048175
-0.2597444
-0.3478827
-0.4091332
-0.4323672
-0.3908778
-0.2911611
-0.1786407
-0.0999881
-0.0673431
-0.0599636
-0.0543297
-0.0468495
-0.0483532
-0.0631478
-0.0792277
-0.0794132
-0.0589377
-0.0300846
-0.0104132
-0.0077871
-0.0163301
-0.0249370
-0.0281697
-0.0288946
-0.0317470
-0.0360612
-0.0364859
-0.0299647
-0.0201875
-0.0138288
-0.0128684
-0.0121089
-0.0050727
0.0083698
0.0217274
0.0298077
0.0355737
0.0469384
0.0662974
0.0854913
0.0936475
0.0897937
0.0852222
0.0918593
0.1093390
0.1252888
0.1283036
0.1190111
0.1076271
0.1022966
0.1023523
0.1032078
0.1046845
0.1109916
0.1225704
0.1316326
0.1289644
0.1147990
0.1003598
0.0969979
0.1041604
0.1090445
0.0984134
0.0705560
0.0357404
0.0057061
-0.0163270
-0.0353000
-0.0555818
-0.0744826
-0.0849777
-0.0837335
-0.0750428
-0.0666270
-0.0625953
-0.0616069
-0.0616029
-0.0642153
-0.0722353
-0.0828261
-0.0861972
-0.0741494
-0.0503279
-0.0298389
-0.0266244
-0.0407810
-0.0587629
-0.0661416
-0.0600018
-0.0492641
-0.0440843
-0.0460566
-0.0487036
-0.0461081
-0.0394884
-0.0351019
-0.0368640
-0.0421370
-0.0448083
-0.0418821
-0.0365753
-0.0348153
-0.0388629
-0.0447996
-0.0465200
-0.0416769
-0.0329377
-0.0237550
-0.0145592
-0.0042694
0.0054232
0.0096112
0.0053314
-0.0037168
-0.0096258
-0.0084443
-0.0049110
-0.0074030
-0.0180393
-0.0294694
-0.0327528
-0.0274866
-0.0221946
-0.0243945
-0.0320245
-0.0361522
-0.0315056
-0.0225174
-0.0182955
-0.0228203
-0.0315813
-0.0376793
-0.0394443
-0.0408639
-0.0456167
-0.0528240
-0.0591199
-0.0631941
-0.0669246
-0.0727925
-0.0815706
-0.0922192
-0.1024794
-0.1093231
-0.1105613
-0.1072789
-0.1034520
-0.1010350
-0.0957644
-0.0808540
-0.0565891
-0.0336560
-0.0229205
-0.0222479
-0.0184822
-0.0050555
0.0072396
0.0033490
-0.0147081
-0.0301937
-0.0395810
-0.0650353
-0.1180089
-0.1451023
-0.0329261
0.2974041
0.7809743
1.2049986
1.3439807
1.1267988
0.6841680
0.2349240
-0.0775169
-0.2512516
-0.3588171
-0.4424883
-0.4820734
-0.4464669
-0.3503359
-0.2493241
-0.1884976
-0.1678153
-0.1578547
-0.1382424
-0.1134712
-0.0965855
-0.0888434
-0.0802225
-0.0648134
-0.0486787
-0.0414586
-0.0442137
-0.0484740
-0.0462196
-0.0382279
-0.0318279
-0.0317328
-0.0344596
-0.0319953
-0.0205386
-0.0054272
0.0027116
-0.0025982
-0.0171177
-0.0287027
-0.0277412
-0.0156119
-0.0023491
0.0046297
0.0085854
0.0187434
0.0377145
0.0561286
0.0621747
0.0558944
0.0508429
0.0592934
0.0770699
0.0864723
0.0758254
0.0540701
0.0429623
0.0546244
0.0793681
0.0971907
0.0993882
0.0959942
0.1021208
0.1203005
0.1386422
0.1447148
0.1374707
0.1242828
0.1094529
0.0899456
0.0630206
0.0341874
0.0135577
0.0043418
-0.0016457
-0.0147297
-0.0350118
-0.0522022
-0.0584957
-0.0590650
-0.0667189
-0.0860392
-0.1059010
-0.1107188
-0.0987577
-0.0861208
-0.0903073
-0.1109263
-0.1294884
-0.1291981
-0.1130864
-0.1006188
-0.1069144
-0.1274437
-0.1439175
-0.1433036
-0.1288033
-0.1127176
-0.1019127
-0.0929464
-0.0803854
-0.0661462
-0.0580327
-0.0597659
-0.0649944
-0.0628329
-0.0492280
-0.0319214
-0.0234719
-0.0292174
-0.0423862
-0.0513538
-0.0514449
-0.0487466
-0.0518686
-0.0609468
-0.0666959
-0.0611951
-0.0481942
-0.0403294
-0.0454480
-0.0576363
-0.0639897
-0.0597736
-0.0540825
-0.0589411
-0.0746505
-0.0889300
-0.0909636
-0.0837413
-0.0803905
-0.0891455
-0.1042247
-0.1121016
-0.1051289
-0.0878016
-0.0708666
-0.0614586
-0.0591181
-0.0590679
-0.0572548
-0.0527235
-0.0472313
-0.0435948
-0.0436191
-0.0467590
-0.0509443
-0.0547820
-0.0580316
-0.0594555
-0.0559361
-0.0462856
-0.0358616
-0.0339810
-0.0438406
-0.0563724
-0.0580563
-0.0459690
-0.0317285
-0.0276292
-0.0313974
-0.0298660
-0.0180417
-0.0085378
-0.0180150
-0.0487159
-0.0901067
-0.1345449
-0.1749216
-0.1759867
-0.0615564
0.2360579
0.6868938
1.1265496
1.3385436
1.2072241
0.8069712
0.3413540
-0.0122232
-0.2094913
-0.3138090
-0.3905741
-0.4402749
-0.4251808
-0.3365770
-0.2182025
-0.1266778
-0.0827532
-0.0668593
-0.0535134
-0.0386849
-0.0333364
-0.0407588
-0.0493105
-0.0465733
-0.0339055
-0.0235440
-0.0238566
-0.0310030
-0.0350104
-0.0312694
-0.0244943
-0.0224031
-0.0270936
-0.0329389
-0.0324602
-0.0241838
-0.0148816
-0.0135307
-0.0220188
-0.0316639
-0.0301812
-0.0133954
0.0101542
0.0275123
0.0347020
0.0408769
0.0580268
0.0869410
