0.8948379
0.4863765
0.0654816
-0.2163829
-0.3531671
-0.4312029
-0.5056154
-0.5444943
-0.4886411
-0.3427644
-0.1887426
-0.1096501
-0.1136076
-0.1386298
-0.1244449
-0.0688336
-0.0147632
0.0043162
-0.0046437
-0.0141636
-0.0132469
-0.0157380
-0.0357345
-0.0652078
-0.0814464
-0.0727502
-0.0499710
-0.0315807
-0.0228684
-0.0150011
-0.0029345
0.0029277
-0.0117404
-0.0434839
-0.0671318
-0.0585546
-0.0212602
0.0136334
0.0174406
-0.0059191
-0.0221658
-0.0009943
0.0524518
0.1026308
0.1207764
0.1144377
0.1164252
0.1445531
0.1778859
0.1790412
0.1399198
0.0981224
0.1009077
0.1531655
0.2077003
0.2118724
0.1620278
0.1074500
0.1005131
0.1468834
0.2055141
0.2316683
0.2141330
0.1734715
0.1344753
0.1065590
0.0854133
0.0632454
0.0348938
0.0014778
-0.0260259
-0.0319999
-0.0150364
-0.0022754
-0.0329782
-0.1159972
-0.2051880
-0.2296702
-0.1580727
-0.0318077
0.0702501
0.1002215
0.0727516
0.0339520
0.0113182
0.0004000
-0.0091359
-0.0124710
-0.0018076
0.0114163
0.0023831
-0.0354694
-0.0746258
-0.0787589
-0.0424164
0.0017487
0.0171478
-0.0006363
-0.0250045
-0.0304858
-0.0165448
-0.0000762
0.0069340
0.0057437
0.0008720
-0.0082734
-0.0214362
-0.0291145
-0.0194018
0.0039521
0.0159557
-0.0094300
-0.0704313
-0.1312891
-0.1495561
-0.1131672
-0.0519599
-0.0120689
-0.0168081
-0.0497160
-0.0736053
-0.0656911
-0.0354183
-0.0102506
-0.0063921
-0.0149441
-0.0163831
-0.0059050
-0.0008668
-0.0214329
-0.0654412
-0.1057917
-0.1148036
-0.0907554
-0.0592090
-0.0483285
-0.0637944
-0.0871236
-0.0955481
-0.0815458
-0.0552910
-0.0332015
-0.0264566
-0.0370729
-0.0592189
-0.0823797
-0.0964980
-0.0975928
-0.0885163
-0.0738591
-0.0576274
-0.0500803
-0.0721887
-0.1374202
-0.2149334
-0.2161894
-0.0451589
0.3088602
0.7202055
0.9861768
0.9657856
0.6808508
0.2882044
-0.0478105
-0.2622761
-0.3885300
-0.4767498
-0.5309832
-0.5219691
-0.4407182
-0.3220131
-0.2158410
-0.1475137
-0.1107048
-0.0906015
-0.0821824
-0.0854847
-0.0937611
-0.0954170
-0.0862769
-0.0729907
-0.0620072
-0.0498298
-0.0288018
-0.0009577
0.0194746
0.0202924
0.0058320
-0.0061767
-0.0026407
0.0121992
0.0230415
0.0205263
0.0097434
0.0026412
0.0054945
0.0160259
0.0305200
0.0485811
0.0682049
0.0794407
0.0697003
0.0394770
0.0106480
0.0130421
0.0580945
0.1256080
0.1792415
0.1973238
0.1892162
0.1821414
0.1934549
0.2165205
0.2318092
0.2282473
0.2119706
0.1965262
0.1889440
0.1873537
0.1891903
0.1961620
0.2083969
0.2166578
0.2063906
0.1730042
0.1311241
0.1036928
0.0992203
0.1018866
0.0879394
0.0525859
0.0174466
0.0083452
0.0266265
0.0460476
0.0397424
0.0081895
-0.0220904
-0.0267849
-0.0076332
0.0126134
0.0155905
0.0039833
-0.0063604
-0.0060835
-0.0005088
0.0003194
-0.0046490
-0.0060731
0.0049303
0.0269562
0.0495602
0.0628468
0.0652541
0.0630496
0.0634327
0.0679156
0.0713311
0.0669578
0.0534881
0.0378492
0.0307110
0.0374519
0.0518945
0.0589373
0.0454477
0.0115811
-0.0268337
-0.0480880
-0.0401421
-0.0099059
0.0218404
0.0364510
0.0311797
0.0189959
0.0151354
0.0231083
0.0327786
0.0310575
0.0140107
-0.0108300
-0.0325960
-0.0465257
-0.0557558
-0.0650347
-0.0737694
-0.0757168
-0.0654375
-0.0446787
-0.0219973
-0.0060071
0.0007205
0.0010982
-0.0020238
-0.0091671
-0.0212989
-0.0348782
-0.0421379
-0.0377339
-0.0249292
-0.0143027
-0.0156194
-0.0300834
-0.0492820
-0.0612369
-0.0590445
-0.0460055
-0.0328111
-0.0278718
-0.0292335
-0.0276240
-0.0193481
-0.0142307
-0.0259937
-0.0531851
-0.0744011
-0.0681902
-0.0369717
-0.0050087
0.0096656
0.0149557
0.0296275
0.0524406
0.0584917
0.0314269
-0.0112566
-0.0387890
-0.0496625
-0.0721810
-0.1066581
-0.0792879
0.1121848
0.4809450
0.8835324
1.0964560
0.9858453
0.6126706
0.1734104
-0.1604115
-0.3480746
-0.4483235
-0.5150558
-0.5414831
-0.4952401
-0.3798902
-0.2446672
-0.1404755
-0.0819437
-0.0548146
-0.0462659
-0.0550643
-0.0758186
-0.0888889
-0.0758332
-0.0410714
-0.0094483
-0.0004176
-0.0098303
-0.0200958
-0.0234882
-0.0285601
-0.0434543
-0.0600356
-0.0608171
-0.0406043
-0.0155686
-0.0077263
-0.0225903
-0.0453440
-0.0583430
-0.0586272
-0.0566000
-0.0604891
-0.0662131
-0.0629249
-0.0452680
-0.0178253
0.0109969
0.0363080
0.0573194
0.0731239
0.0805414
0.0767274
0.0634815
0.0493669
0.0479436
0.0717157
0.1230673
0.1877678
0.2390880
0.2540819
0.2309090
0.1911647
0.1629924
0.1593042
0.1707745
0.1786407
0.1730505
0.1590204
0.1466558
0.1383953
0.1270929
0.1055995
0.0763331
0.0502807
0.0364836
0.0327990
0.0272913
0.0090676
-0.0218397
-0.0549751
-0.0794662
-0.0931661
-0.1018335
-0.1103195
-0.1165255
-0.1151487
-0.1060215
-0.0959365
-0.0910059
-0.0891190
-0.0828384
-0.0699874
-0.0582161
-0.0559406
-0.0593824
-0.0525992
-0.0235553
0.0205590
0.0569929
0.0677339
0.0549810
0.0357086
0.0230926
0.0164675
0.0092454
0.0017982
0.0016091
0.0110298
0.0199614
0.0147550
-0.0065238
-0.0312007
-0.0452550
-0.0468963
-0.0451925
-0.0477259
-0.0538241
-0.0603154
-0.0691430
-0.0845749
-0.1037281
-0.1151683
-0.1105181
-0.0956988
-0.0863388
-0.0903940
-0.0976802
-0.0895441
-0.0591454
-0.0204657
0.0035803
0.0012874
-0.0195115
-0.0411881
-0.0522853
-0.0542324
-0.0550409
-0.0589211
-0.0624338
-0.0594285
-0.0483996
-0.0346647
-0.0256322
-0.0241692
-0.0266165
-0.0272075
-0.0241720
-0.0211131
-0.0224361
-0.0284720
-0.0364606
-0.0461457
-0.0617604
-0.0854151
-0.1085617
-0.1142038
-0.0925159
-0.0551572
-0.0300238
-0.0370489
-0.0683903
-0.0952276
-0.0956285
-0.0739451
-0.0518097
-0.0443303
-0.0509109
-0.0666526
-0.0883240
-0.0956129
-0.0317507
0.1709908
0.5186609
0.9021902
1.1365685
1.0835866
0.7568112
0.3111031
-0.0748173
-0.3145882
-0.4325000
-0.4916858
-0.5210740
-0.5080905
-0.4405798
-0.3365222
-0.2322768
-0.1542446
-0.1084767
-0.0899185
-0.0901570
-0.0957930
-0.0904303
-0.0677239
-0.0409476
-0.0321761
-0.0489041
-0.0747003
-0.0859878
-0.0761979
-0.0603235
-0.0568039
-0.0689149
-0.0847658
-0.0914677
-0.0856267
-0.0717562
-0.0555810
-0.0410505
-0.0307702
-0.0252023
-0.0210364
-0.0131043
0.0003192
0.0150358
0.0250571
0.0289246
0.0311905
0.0383721
0.0547021
0.0809859
0.1146362
0.1491552
0.1755937
0.1880351
0.1887779
0.1864365
0.1875973
0.1912455
0.1925110
0.1905082
0.1896428
0.1926253
0.1950399
0.1895865
0.1747767
0.1561506
0.1379492
0.1167083
0.0864193
0.0490471
0.0155120
-0.0063675
-0.0226929
-0.0480321
-0.0875753
-0.1269362
-0.1428986
-0.1256408
-0.0897823
-0.0625777
-0.0605022
-0.0762905
-0.0874688
-0.0772240
-0.0485971
-0.0206533
-0.0115586
-0.0239586
-0.0448307
-0.0585254
-0.0599188
-0.0554557
-0.0528927
-0.0523358
-0.0485032
-0.0398766
-0.0318193
-0.0290376
-0.0278147
-0.0201302
-0.0061704
0.0014899
-0.0095218
-0.0353440
-0.0570479
-0.0602933
-0.0510892
-0.0480543
-0.0596258
-0.0736889
-0.0724155
-0.0542392
-0.0363164
-0.0350383
-0.0485256
-0.0611016
-0.0620467
-0.0550549
-0.0491800
-0.0459575
-0.0399170
-0.0298504
-0.0237873
-0.0300769
-0.0461221
-0.0594288
-0.0598499
-0.0487413
-0.0360232
-0.0307125
-0.0354879
-0.0478912
-0.0630828
-0.0750013
-0.0782722
-0.0722894
-0.0631486
-0.0587759
-0.0605578
-0.0609470
-0.0512474
-0.0319251
-0.0138237
-0.0083207
-0.0168399
-0.0306971
-0.0404329
-0.0435846
-0.0430319
-0.0402934
-0.0341082
-0.0265058
-0.0264689
-0.0420332
-0.0669512
-0.0791908
-0.0584058
-0.0070292
0.0474084
0.0714341
0.0460458
-0.0279324
-0.1310492
-0.2169553
-0.2056046
-0.0131149
0.3739392
0.8372863
1.1593834
1.1582960
0.8243019
0.3323653
-0.0898598
-0.3220126
-0.3991121
-0.4240618
-0.4510757
-0.4551377
-0.3944206
-0.2768637
-0.1576567
-0.0844938
-0.0601522
-0.0571576
-0.0545705
-0.0518203
-0.0542458
-0.0593794
-0.0619967
-0.0645777
-0.0739128
-0.0880497
-0.0940379
-0.0829436
-0.0642982
-0.0605393
-0.0854177
-0.1294507
-0.1676637
-0.1805886
-0.1670721
-0.1388590
-0.1066433
-0.0733273
-0.0388656
-0.0075297
0.0126277
0.0178839
0.0150065
0.0175057
0.0342969
0.0614234
0.0853643
0.0955497
0.0944516
0.0953437
0.1093982
0.1343637
0.1562398
0.1632078
0.1586126
0.1593512
0.1794317
0.2138306
0.2395274
0.2352169
0.2025162
0.1681559
0.1631687
0.1963957
0.2454685
0.2731526
0.2548895
0.1947709
0.1188203
0.0541844
0.0124881
-0.0114162
-0.0286495
-0.0452091
-0.0592965
-0.0666953
-0.0673335
-0.0666779
-0.0711988
-0.0824767
-0.0954002
-0.1021297
-0.0984987
-0.0873477
-0.0757697
-0.0686391
-0.0645428
-0.0582887
-0.0475883
-0.0367903
-0.0332401
-0.0396426
-0.0502781
-0.0550770
-0.0476953
-0.0302736
-0.0114184
-0.0000781
-0.0002203
-0.0091199
-0.0195320
-0.0248289
-0.0244755
-0.0249718
-0.0331680
-0.0466872
-0.0523922
-0.0380205
-0.0069803
0.0207261
0.0256755
0.0078242
-0.0135259
-0.0192909
-0.0085775
0.0040301
0.0069204
0.0031192
0.0024356
0.0059738
0.0037385
-0.0114173
-0.0315532
-0.0395010
-0.0271013
-0.0051405
0.0060196
-0.0052019
-0.0325769
-0.0588122
-0.0690694
-0.0595230
-0.0374600
-0.0161675
-0.0077855
-0.0161405
-0.0335947
-0.0462598
-0.0452985
-0.0342704
-0.0247746
-0.0248569
-0.0325257
-0.0400609
-0.0421410
-0.0384234
-0.0307637
-0.0219521
-0.0172932
-0.0226324
-0.0368016
-0.0481488
-0.0443605
-0.0274366
-0.0139187
-0.0155307
-0.0227136
-0.0151097
0.0103892
0.0307999
0.0236576
-0.0032520
-0.0221168
-0.0268337
-0.0461674
-0.0937298
-0.1066651
0.0352349
0.3943949
0.8694416
1.2239992
1.2516235
0.9338169
0.4449607
0.0062068
-0.2680438
-0.3996080
-0.4594906
-0.4788610
-0.4432568
-0.3464508
-0.2233271
-0.1252817
-0.0759063
-0.0598956
-0.0504078
-0.0372226
-0.0270102
-0.0252845
-0.0267541
-0.0230189
-0.0135419
-0.0053711
-0.0036362
-0.0051092
-0.0014669
0.0123212
0.0330828
0.0517941
0.0600523
0.0547850
0.0381883
0.0149589
-0.0092552
-0.0275674
-0.0330961
-0.0235936
-0.0051958
0.0111264
0.0196257
0.0261068
0.0416433
0.0686685
0.0953528
0.1068644
0.1024939
0.0989063
0.1142528
0.1497282
0.1884808
0.2124501
0.2184621
0.2174676
0.2204789
0.2280954
0.2337260
0.2339923
0.2330486
0.2366393
0.2440842
0.2477411
0.2401163
0.2207589
0.1965625
0.1763564
0.1651304
0.1618494
0.1609773
0.1555796
0.1401580
0.1127446
0.0763175
0.0386666
0.0092359
-0.0064902
-0.0109271
-0.0121992
-0.0167040
-0.0235429
-0.0271899
-0.0260393
-0.0268633
-0.0386302
-0.0614713
-0.0837058
-0.0916985
-0.0822143
-0.0635317
-0.0451496
-0.0296406
-0.0160844
-0.0080365
-0.0126579
-0.0304287
-0.0492850
-0.0528070
-0.0345154
-0.0032517
0.0229859
0.0245451
-0.0152218
-0.0985168
-0.1916465
-0.2171108
-0.0907911
0.2037250
0.5659818
0.8171745
0.8149683
0.5537337
0.1627746
-0.1934605
-0.4215867
-0.5255652
-0.5532012
-0.5350538
-0.4749392
-0.3812116
-0.2857924
-0.2244924
-0.2052539
-0.2046660
-0.1966218
-0.1791654
-0.1704753
-0.1822178
-0.2026851
-0.2080494
-0.1874497
-0.1537119
-0.1292023
-0.1235410
-0.1267851
-0.1229438
-0.1069489
-0.0870210
-0.0725938
-0.0635841
-0.0530917
-0.0388169
-0.0285011
-0.0322301
-0.0500584
-0.0692013
-0.0747103
-0.0629230
-0.0441477
-0.0323562
-0.0324084
-0.0368317
-0.0344498
-0.0223100
-0.0096769
-0.0099793
-0.0275698
-0.0516264
-0.0637526
-0.0531689
-0.0258020
0.0009877
0.0128906
0.0089578
-0.0009214
-0.0074661
-0.0105260
-0.0169542
-0.0314411
-0.0505623
-0.0658293
-0.0716730
-0.0698118
-0.0662262
-0.0648051
-0.0644101
-0.0617503
-0.0562451
-0.0514047
-0.0515305
-0.0576843
-0.0670339
-0.0753212
-0.0792991
-0.0776890
-0.0716719
-0.0650343
-0.0622843
-0.0649036
-0.0696184
-0.0717578
-0.0706476
-0.0703058
-0.0736096
-0.0767263
-0.0717527
-0.0560145
-0.0371347
-0.0264400
-0.0271536
-0.0312400
-0.0291643
-0.0211254
-0.0162858
-0.0211184
-0.0310375
-0.0350595
-0.0276156
-0.0140764
-0.0050224
-0.0071952
-0.0210289
-0.0448925
-0.0779465
-0.1170397
-0.1529258
-0.1735917
-0.1737227
-0.1604604
-0.1483213
-0.1475273
-0.1567663
-0.1665480
-0.1690510
-0.1651535
-0.1629082
-0.1695505
-0.1843197
-0.1982486
-0.2011707
-0.1903249
-0.1733412
-0.1623433
-0.1632880
-0.1700842
-0.1702583
-0.1578959
-0.1406269
-0.1321660
-0.1376104
-0.1478622
-0.1501272
-0.1431374
-0.1396893
-0.1527919
-0.1799730
-0.2028043
-0.2028880
-0.1787548
-0.1478108
-0.1324268
-0.1430560
-0.1717452
-0.1996252
-0.2118109
-0.2081862
-0.2007564
-0.1989833
-0.1979455
-0.1846080
-0.1574295
-0.1333515
-0.1244781
-0.1046014
-0.0107724
0.2020580
0.4963931
0.7481339
0.8253047
0.6879558
0.4176634
0.1482806
-0.0355932
-0.1391573
-0.2116001
-0.2753059
-0.3055883
-0.2715066
-0.1821700
-0.0852919
-0.0237934
-0.0013139
0.0083397
0.0249504
0.0427504
0.0464636
0.0372684
0.0345810
0.0523516
0.0803287
0.0935381
0.0784226
0.0449493
0.0121961
-0.0133086
-0.0402913
-0.0751750
-0.1080563
-0.1205034
-0.1053921
-0.0745402
-0.0464306
-0.0306283
-0.0261798
-0.0305191
-0.0430816
-0.0590813
-0.0654039
-0.0485820
-0.0077015
0.0432161
0.0867728
0.1145153
0.1274274
0.1284622
0.1203811
0.1112654
0.1150352
0.1390241
0.1711728
0.1863408
0.1706571
0.1386632
0.1222615
0.1407914
0.1829815
0.2191389
0.2298010
0.2208811
0.2118778
0.2131542
0.2175910
0.2126793
0.1959839
0.1764258
0.1628837
0.1550661
0.1457216
0.1292709
0.1068685
0.0841624
0.0658691
0.0528581
0.0432360
0.0347037
0.0258066
0.0168567
0.0114515
0.0159902
0.0343419
0.0611614
0.0820722
0.0833580
0.0630625
0.0328089
0.0087076
0.0001103
0.0058658
0.0192633
0.0344551
0.0477056
0.0551561
0.0536804
0.0453779
0.0380176
0.0374056
0.0400776
0.0371567
0.0264348
0.0177950
0.0241306
0.0474482
0.0757785
0.0942399
0.0981405
0.0944882
0.0916782
0.0902109
0.0849564
0.0745174
0.0646887
0.0618432
0.0654237
0.0683686
0.0632091
0.0468121
0.0219093
-0.0031036
-0.0172327
-0.0137850
0.0036430
0.0228241
0.0322178
0.0299644
0.0241080
0.0233963
0.0278499
0.0301021
0.0266249
0.0239164
0.0293486
0.0381416
0.0366255
0.0209764
0.0070674
0.0153813
0.0460152
0.0728995
0.0668378
0.0262873
-0.0161790
-0.0230251
0.0097642
0.0477213
