-0.0607555
-0.0733211
-0.0775310
-0.0832334
-0.0865044
-0.0756905
-0.0546417
-0.0386673
-0.0296954
-0.0142081
0.0136736
0.0431771
0.0633340
0.0755094
0.0863117
0.0980036
0.1094787
0.1202528
0.1313573
0.1458899
0.1672464
0.1927179
0.2123149
0.2198675
0.2221895
0.2306736
0.2461772
0.2589081
0.2619762
0.2590922
0.2592601
0.2681824
0.2839952
0.2978009
0.2994749
0.2860206
0.2633858
0.2388860
0.2146934
0.1901778
0.1660286
0.1422732
0.1155192
0.0826966
0.0465340
0.0144999
-0.0073043
-0.0185710
-0.0250867
-0.0352272
-0.0534338
-0.0758338
-0.0942096
-0.1047231
-0.1105124
-0.1158818
-0.1212264
-0.1242640
-0.1230748
-0.1168381
-0.1062426
-0.0944523
-0.0858431
-0.0828281
-0.0847347
-0.0891670
-0.0929589
-0.0930618
-0.0892546
-0.0856993
-0.0873299
-0.0943178
-0.1013416
-0.1019311
-0.0928888
-0.0764924
-0.0604493
-0.0536667
-0.0584225
-0.0667528
-0.0675160
-0.0581005
-0.0475618
-0.0468796
-0.0564808
-0.0648736
-0.0611847
-0.0484017
-0.0403806
-0.0436374
-0.0471354
-0.0370476
-0.0190077
-0.0145429
-0.0318096
-0.0519074
-0.0567111
-0.0626979
-0.1021183
-0.1545840
-0.1125019
0.1461986
0.6189858
1.1140283
1.3567311
1.1969826
0.7291252
0.2092692
-0.1487015
-0.3063890
-0.3607028
-0.4068007
-0.4543091
-0.4580983
-0.3962946
-0.2998697
-0.2158849
-0.1629873
-0.1302710
-0.1068041
-0.0961064
-0.1015926
-0.1123196
-0.1132682
-0.1047674
-0.1016555
-0.1122006
-0.1251736
-0.1222284
-0.1000056
-0.0752201
-0.0673106
-0.0788076
-0.0945097
-0.0983277
-0.0879060
-0.0726259
-0.0614087
-0.0560477
-0.0543138
-0.0540447
-0.0524609
-0.0452855
-0.0302625
-0.0111283
0.0041833
0.0102981
0.0094973
0.0102961
0.0205772
0.0411470
0.0657693
0.0879094
0.1072720
0.1292912
0.1586674
0.1940418
0.2285221
0.2548060
0.2706258
0.2804453
0.2916818
0.3083215
0.3279607
0.3449225
0.3553879
0.3592639
0.3585274
0.3550755
0.3495183
0.3406973
0.3262331
0.3040903
0.2738041
0.2366786
0.1957736
0.1555402
0.1196938
0.0882848
0.0576936
0.0246985
-0.0094505
-0.0393614
-0.0598087
-0.0700091
-0.0745150
-0.0801270
-0.0910791
-0.1062959
-0.1207999
-0.1295338
-0.1305711
-0.1266307
-0.1245625
-0.1314888
-0.1485099
-0.1677157
-0.1773543
-0.1714771
-0.1546499
-0.1373429
-0.1271116
-0.1237546
-0.1217150
-0.1163759
-0.1080961
-0.1005594
-0.0960285
-0.0932310
-0.0898070
-0.0853488
-0.0811206
-0.0778245
-0.0751457
-0.0734612
-0.0746797
-0.0802625
-0.0881882
-0.0928011
-0.0895418
-0.0808940
-0.0761187
-0.0824544
-0.0962974
-0.1054448
-0.1015488
-0.0892004
-0.0812795
-0.0858195
-0.0985350
-0.1079425
-0.1066349
-0.0973401
-0.0891559
-0.0892238
-0.0980097
-0.1107455
-0.1213711
-0.1255651
-0.1230070
-0.1186536
-0.1201031
-0.1306992
-0.1447155
-0.1511698
-0.1436733
-0.1263804
-0.1101314
-0.1031065
-0.1050219
-0.1093109
-0.1097830
-0.1048002
-0.0960174
-0.0854448
-0.0755573
-0.0709070
-0.0757069
-0.0877405
-0.0970784
-0.0948518
-0.0841635
-0.0793196
-0.0911818
-0.1136033
-0.1274808
-0.1202194
-0.0993787
-0.0839370
-0.0828185
-0.0868702
-0.0839331
-0.0761135
-0.0754654
-0.0855628
-0.0983239
-0.1127043
-0.1427244
-0.1868340
-0.1862026
-0.0376832
0.3160702
0.7907846
1.1677886
1.2309997
0.9287689
0.4151197
-0.0695401
-0.3693493
-0.4876825
-0.5226229
-0.5512890
-0.5761877
-0.5603544
-0.4880020
-0.3831976
-0.2826235
-0.2060819
-0.1545624
-0.1241523
-0.1113228
-0.1081103
-0.1034987
-0.0944654
-0.0902676
-0.0998037
-0.1165379
-0.1220263
-0.1061044
-0.0795365
-0.0631722
-0.0660866
-0.0780169
-0.0834147
-0.0787541
-0.0728793
-0.0728744
-0.0752437
-0.0726568
-0.0647865
-0.0577289
-0.0540254
-0.0485140
-0.0361304
-0.0205370
-0.0112315
-0.0122526
-0.0165598
-0.0131446
0.0013406
0.0196465
0.0325748
0.0391165
0.0471839
0.0652811
0.0947666
0.1296624
0.1618768
0.1859368
0.2007416
0.2092301
0.2165561
0.2268869
0.2405203
0.2538992
0.2630400
0.2676906
0.2722959
0.2820032
0.2966399
0.3087742
0.3089618
0.2936345
0.2675456
0.2384447
0.2101977
0.1815413
0.1504565
0.1179903
0.0871145
0.0589161
0.0317551
0.0049261
-0.0182878
-0.0335140
-0.0416351
-0.0500421
-0.0654955
-0.0863736
-0.1041153
-0.1128334
-0.1159146
-0.1218957
-0.1344988
-0.1481275
-0.1534687
-0.1465551
-0.1315814
-0.1157097
-0.1030748
-0.0944010
-0.0900453
-0.0902765
-0.0926091
-0.0921884
-0.0871241
-0.0819263
-0.0827841
-0.0892111
-0.0928377
-0.0862345
-0.0719788
-0.0609297
-0.0610538
-0.0693875
-0.0761094
-0.0753934
-0.0702239
-0.0667596
-0.0667960
-0.0675309
-0.0667182
-0.0648272
-0.0621981
-0.0573679
-0.0502510
-0.0452794
-0.0484333
-0.0604011
-0.0742769
-0.0816635
-0.0812054
-0.0802632
-0.0875951
-0.1044367
-0.1227281
-0.1315443
-0.1252611
-0.1070922
-0.0867690
-0.0746285
-0.0751651
-0.0838414
-0.0904732
-0.0877445
-0.0775969
-0.0690515
-0.0693272
-0.0770584
-0.0841012
-0.0835020
-0.0753341
-0.0651598
-0.0580502
-0.0551478
-0.0553640
-0.0580872
-0.0627271
-0.0669575
-0.0680396
-0.0664360
-0.0661630
-0.0700208
-0.0752965
-0.0758766
-0.0688980
-0.0583134
-0.0513828
-0.0522334
-0.0592571
-0.0678309
-0.0741252
-0.0766190
-0.0764934
-0.0782744
-0.0878953
-0.1059332
-0.1220351
-0.1204536
-0.0956260
-0.0616343
-0.0419100
-0.0472536
-0.0656324
-0.0754713
-0.0677540
-0.0528337
-0.0465079
-0.0533679
-0.0655605
-0.0740538
-0.0757776
-0.0702178
-0.0559632
-0.0355778
-0.0199957
-0.0202722
-0.0341825
-0.0487373
-0.0605313
-0.0846827
-0.1274682
-0.1449495
-0.0450606
0.2409780
0.6700954
1.0729770
1.2496361
1.1063633
0.7188594
0.2696573
-0.0808532
-0.2809346
-0.3753453
-0.4301332
-0.4714310
-0.4817672
-0.4375049
-0.3426742
-0.2310232
-0.1418097
-0.0941288
-0.0797979
-0.0766640
-0.0686160
-0.0556390
-0.0475660
-0.0500718
-0.0577557
-0.0604233
-0.0539565
-0.0430566
-0.0340659
-0.0279134
-0.0214430
-0.0137217
-0.0082099
-0.0082079
-0.0119483
-0.0138016
-0.0103076
-0.0040014
-0.0005321
-0.0020507
-0.0040308
0.0007929
0.0150770
0.0334425
0.0466048
0.0494763
0.0456754
0.0438647
0.0491624
0.0584339
0.0648815
0.0669731
0.0709427
0.0833001
0.1024465
0.1203523
0.1327843
0.1452816
0.1668765
0.1988078
0.2319616
0.2562081
0.2703483
0.2810572
0.2933164
0.3052489
0.3135088
0.3204887
0.3319418
0.3472940
0.3563097
0.3485633
0.3252509
0.2987243
0.2796266
0.2663624
0.2485997
0.2199485
0.1850817
0.1541825
0.1323936
0.1162710
0.0994414
0.0791696
0.0568462
0.0345521
0.0135694
-0.0045983
-0.0186818
-0.0301879
-0.0434357
-0.0607291
-0.0777680
-0.0861998
-0.0823956
-0.0731316
-0.0707855
-0.0818653
-0.1006508
-0.1147551
-0.1166544
-0.1092683
-0.1010756
-0.0975807
-0.0980385
-0.0986243
-0.0965874
-0.0913313
-0.0834878
-0.0745472
-0.0670237
-0.0634112
-0.0639600
-0.0658044
-0.0652661
-0.0614228
-0.0568859
-0.0545252
-0.0537349
-0.0506103
-0.0419217
-0.0286123
-0.0154491
-0.0074774
-0.0063246
-0.0089807
-0.0100786
-0.0065476
-0.0010933
-0.0006686
-0.0100422
-0.0260173
-0.0386859
-0.0399373
-0.0316055
-0.0247048
-0.0295717
-0.0464544
-0.0661336
-0.0794977
-0.0854280
-0.0890700
-0.0939947
-0.0979511
-0.0962713
-0.0876794
-0.0755879
-0.0644698
-0.0564958
-0.0519400
-0.0512202
-0.0546743
-0.0603772
-0.0642227
-0.0639018
-0.0622396
-0.0645918
-0.0720616
-0.0784322
-0.0753467
-0.0608972
-0.0426247
-0.0316478
-0.0334445
-0.0436206
-0.0520532
-0.0515143
-0.0434363
-0.0360978
-0.0368494
-0.0451748
-0.0530505
-0.0527217
-0.0445861
-0.0369783
-0.0377576
-0.0468364
-0.0577930
-0.0655912
-0.0702731
-0.0733085
-0.0743358
-0.0743880
-0.0791815
-0.0930489
-0.1087374
-0.1098754
-0.0895911
-0.0637296
-0.0572025
-0.0754827
-0.0985309
-0.1100685
-0.1233357
-0.1561528
-0.1708324
-0.0591984
0.2739285
0.7869223
1.2686816
1.4618382
1.2519675
0.7541346
0.2179111
-0.1582636
-0.3376656
-0.4044788
-0.4440164
-0.4705064
-0.4517736
-0.3741112
-0.2678447
-0.1773575
-0.1218193
-0.0899452
-0.0646375
-0.0435362
-0.0356344
-0.0448824
-0.0625039
-0.0751994
-0.0781006
-0.0782478
-0.0858167
-0.1026007
-0.1191394
-0.1231197
-0.1108711
-0.0907183
-0.0747637
-0.0674705
-0.0631349
-0.0548382
-0.0442659
-0.0403720
-0.0480262
-0.0602057
-0.0635173
-0.0511063
-0.0284693
-0.0064447
0.0095365
0.0218704
0.0341557
0.0456094
0.0536943
0.0602246
0.0713523
0.0904952
0.1136719
0.1343064
0.1519473
0.1733603
0.2037180
0.2385020
0.2665647
0.2815077
0.2884283
0.2982629
0.3160134
0.3357705
0.3475505
0.3480086
0.3434828
0.3427042
0.3473245
0.3497970
0.3401191
0.3147192
0.2796795
0.2459552
0.2208995
0.2032020
0.1852526
0.1603477
0.1280183
0.0932399
0.0616122
0.0357657
0.0154449
-0.0007029
-0.0142662
-0.0270305
-0.0401512
-0.0528219
-0.0627483
-0.0690009
-0.0739248
-0.0806581
-0.0882475
-0.0907854
-0.0833152
-0.0686223
-0.0564962
-0.0550491
-0.0630656
-0.0716032
-0.0729309
-0.0673144
-0.0613334
-0.0607570
-0.0657542
-0.0721657
-0.0757460
-0.0746367
-0.0692537
-0.0618537
-0.0564487
-0.0572127
-0.0651017
-0.0761758
-0.0846957
-0.0885282
-0.0907028
-0.0947704
-0.0990691
-0.0969912
-0.0838288
-0.0629649
-0.0443519
-0.0365383
-0.0403849
-0.0500956
-0.0588818
-0.0628924
-0.0613922
-0.0560759
-0.0510029
-0.0507392
-0.0557811
-0.0600290
-0.0555313
-0.0415134
-0.0275130
-0.0251172
-0.0358942
-0.0490518
-0.0524191
-0.0450445
-0.0373740
-0.0391617
-0.0492015
-0.0579773
-0.0586853
-0.0533036
-0.0481736
-0.0465111
-0.0470819
-0.0486000
-0.0522554
-0.0589707
-0.0664072
-0.0712173
-0.0740363
-0.0797208
-0.0910410
-0.1032873
-0.1072895
-0.0982896
-0.0807933
-0.0643853
-0.0559137
-0.0561478
-0.0620537
-0.0697664
-0.0754582
-0.0762707
-0.0728722
-0.0704186
-0.0743638
-0.0839939
-0.0913093
-0.0881710
-0.0749435
-0.0611709
-0.0571072
-0.0646329
-0.0762200
-0.0820527
-0.0782375
-0.0694125
-0.0642817
-0.0677230
-0.0758853
-0.0793385
-0.0725689
-0.0605914
-0.0546582
-0.0606779
-0.0732856
-0.0825106
-0.0845675
-0.0834629
-0.0831393
-0.0829629
-0.0830897
-0.0890720
-0.1042774
-0.1195230
-0.1206706
-0.1114595
-0.1164983
-0.1410922
-0.1238231
0.0464561
0.4298328
0.9335665
1.3259894
1.3866738
1.0732490
0.5530338
0.0696232
-0.2310026
-0.3630909
-0.4222148
-0.4690486
-0.4908310
-0.4520401
-0.3549493
-0.2431272
-0.1594028
-0.1146059
-0.0951212
-0.0871228
-0.0857516
-0.0874733
-0.0856499
-0.0776420
-0.0704242
-0.0730759
-0.0845909
-0.0937955
-0.0925036
-0.0851737
-0.0827123
-0.0885239
-0.0944178
-0.0910199
-0.0794719
-0.0704812
-0.0723858
-0.0819777
-0.0874301
-0.0792106
-0.0579690
-0.0332884
-0.0159687
-0.0103462
-0.0114020
-0.0081605
0.0082866
0.0373063
0.0683108
0.0891720
0.0967253
0.0994039
0.1092028
0.1308238
0.1583187
0.1814321
0.1945989
0.2006132
0.2073940
0.2219283
0.2457579
0.2739085
0.2976564
0.3103511
0.3127672
0.3127539
0.3179239
0.3278569
0.3344708
0.3309491
0.3193816
0.3080553
0.3013418
0.2940092
0.2764856
0.2447341
0.2037330
0.1619721
0.1244978
0.0917658
0.0630753
0.0386683
0.0187117
0.0026914
-0.0089000
-0.0139223
-0.0118889
-0.0076303
-0.0091697
-0.0203664
-0.0365286
-0.0487774
-0.0526558
-0.0514359
-0.0511745
-0.0541103
-0.0576857
-0.0587015
-0.0565991
-0.0528038
-0.0488149
-0.0460895
-0.0465291
-0.0510330
-0.0574054
-0.0614424
-0.0612518
-0.0596563
-0.0609749
-0.0655801
-0.0689267
-0.0664748
-0.0588297
-0.0514093
-0.0494336
-0.0536620
-0.0604387
-0.0650066
-0.0651245
-0.0629498
-0.0639948
-0.0726733
-0.0866805
-0.0957294
-0.0884394
-0.0631249
-0.0319157
-0.0122134
-0.0122531
-0.0246129
-0.0340609
-0.0317679
-0.0221614
-0.0169495
-0.0233518
-0.0377516
-0.0495230
-0.0504897
-0.0415541
-0.0313570
-0.0286468
-0.0350390
-0.0443573
-0.0489114
-0.0466401
-0.0422619
-0.0417933
-0.0466577
-0.0533796
-0.0579514
-0.0590650
-0.0573622
-0.0537525
-0.0500225
-0.0497193
-0.0555266
-0.0649641
-0.0710922
-0.0701061
-0.0677190
-0.0749152
-0.0953631
-0.1183170
-0.1267547
-0.1136491
-0.0891639
-0.0709030
-0.0677305
-0.0738756
-0.0776704
-0.0737226
-0.0659928
-0.0611693
-0.0615038
-0.0640916
-0.0650318
-0.0628466
-0.0585759
-0.0541550
-0.0511876
-0.0504156
-0.0514977
-0.0533387
-0.0551143
-0.0570680
-0.0600483
-0.0642159
-0.0683702
-0.0705081
-0.0689236
-0.0631957
-0.0550000
-0.0481468
-0.0466308
-0.0511423
-0.0573887
-0.0592215
-0.0546108
-0.0482769
-0.0473330
-0.0538747
-0.0624610
-0.0656323
-0.0619282
-0.0579799
-0.0622944
-0.0766597
-0.0932105
-0.0998435
-0.0896378
-0.0669308
-0.0450585
-0.0366483
-0.0434914
-0.0547375
-0.0561144
-0.0426301
-0.0228279
-0.0103525
-0.0114300
-0.0208216
-0.0291626
-0.0324724
-0.0338486
-0.0376393
-0.0444040
-0.0517173
-0.0575239
-0.0609103
-0.0608354
-0.0567882
-0.0512125
-0.0489616
-0.0523676
-0.0577483
-0.0590211
-0.0550651
-0.0515816
-0.0544431
-0.0623796
-0.0678865
-0.0650541
-0.0551308
-0.0447063
-0.0404295
-0.0457325
-0.0594584
-0.0745472
-0.0797871
-0.0682059
-0.0461082
-0.0302033
-0.0317127
-0.0453673
-0.0592280
-0.0728472
-0.0922424
-0.0954550
-0.0110590
0.2409994
0.6593491
1.1071071
1.3696702
1.2990279
0.9248278
0.4310015
0.0185499
-0.2225916
-0.3298574
-0.3843022
-0.4246584
-0.4347973
-0.3912590
-0.3038952
-0.2096628
-0.1392898
-0.0984439
-0.0767807
-0.0648726
-0.0587449
-0.0545340
-0.0473161
-0.0369893
-0.0306558
-0.0350698
-0.0474571
-0.0570263
-0.0566897
-0.0513641
-0.0525668
-0.0649427
-0.0798052
-0.0829574
-0.0684392
-0.0440095
-0.0236030
-0.0153239
-0.0166107
-0.0194550
-0.0187018
-0.0152878
-0.0129228
-0.0129906
-0.0127176
-0.0075102
0.0052881
0.0243857
0.0454621
0.0639978
0.0779434
0.0885568
0.0990823
0.1123476
0.1289611
0.1473028
0.1652983
0.1826553
0.2016107
0.2250508
0.2531620
0.2817961
0.3049237
0.3196271
0.3287767
0.3381406
0.3504447
0.3626113
0.3692893
0.3688388
0.3650642
0.3626844
0.3615174
0.3557626
0.3392520
0.3114060
0.2782084
0.2475395
0.2231836
0.2024576
0.1790733
0.1488091
0.1135974
0.0807556
0.0576680
0.0459811
0.0401861
0.0320321
0.0171262
-0.0019834
-0.0188285
-0.0292414
-0.0350713
-0.0420403
-0.0536941
-0.0670416
-0.0742860
-0.0697726
-0.0561831
-0.0438257
-0.0426251
-0.0535061
-0.0673455
