-0.0671202
-0.0637566
-0.0584778
-0.0541990
-0.0495401
-0.0429614
-0.0344958
-0.0255586
-0.0188668
-0.0171676
-0.0205807
-0.0259353
-0.0296460
-0.0307393
-0.0305771
-0.0301912
-0.0284913
-0.0231941
-0.0137998
-0.0038299
0.0007427
-0.0035672
-0.0143842
-0.0256398
-0.0329711
-0.0366413
-0.0398844
-0.0454185
-0.0532678
-0.0608795
-0.0652466
-0.0656214
-0.0641079
-0.0628472
-0.0607454
-0.0542611
-0.0423839
-0.0303359
-0.0267512
-0.0357236
-0.0514903
-0.0623176
-0.0610243
-0.0515320
-0.0440571
-0.0441136
-0.0477613
-0.0479542
-0.0435591
-0.0401606
-0.0424560
-0.0479316
-0.0492458
-0.0423682
-0.0313051
-0.0243008
-0.0256765
-0.0319856
-0.0362343
-0.0351521
-0.0317780
-0.0315209
-0.0367439
-0.0451498
-0.0522085
-0.0543866
-0.0508587
-0.0437239
-0.0372564
-0.0358517
-0.0407133
-0.0477245
-0.0501358
-0.0457520
-0.0416288
-0.0489354
-0.0706925
-0.0953596
-0.1053818
-0.0934547
-0.0693586
-0.0498730
-0.0429712
-0.0432142
-0.0415970
-0.0367776
-0.0347541
-0.0392245
-0.0457532
-0.0467082
-0.0399712
-0.0308194
-0.0261129
-0.0285222
-0.0357451
-0.0426660
-0.0439722
-0.0379714
-0.0301135
-0.0300867
-0.0411637
-0.0529507
-0.0499754
-0.0301688
-0.0105897
-0.0095217
-0.0253975
-0.0417590
-0.0536418
-0.0742165
-0.0980645
-0.0613724
0.1315776
0.5090350
0.9513114
1.2333071
1.1817641
0.8125974
0.3177864
-0.0866659
-0.3083629
-0.3955675
-0.4373770
-0.4674369
-0.4599420
-0.3921651
-0.2861266
-0.1880257
-0.1237900
-0.0862147
-0.0589684
-0.0391752
-0.0329091
-0.0382602
-0.0430066
-0.0389416
-0.0315544
-0.0318155
-0.0414095
-0.0504198
-0.0494962
-0.0407259
-0.0344847
-0.0372349
-0.0449422
-0.0486435
-0.0446413
-0.0379849
-0.0363377
-0.0413453
-0.0464484
-0.0432761
-0.0302582
-0.0147684
-0.0063847
-0.0078698
-0.0128999
-0.0125560
-0.0036643
0.0091551
0.0187247
0.0217338
0.0204976
0.0200072
0.0242439
0.0343411
0.0480569
0.0600009
0.0640239
0.0581179
0.0478961
0.0437040
0.0524263
0.0718041
0.0933512
0.1106325
0.1238521
0.1365577
0.1496481
0.1602155
0.1657856
0.1675846
0.1683040
0.1676079
0.1618492
0.1488300
0.1314928
0.1155646
0.1039202
0.0944701
0.0836359
0.0706436
0.0577354
0.0471090
0.0388764
0.0318346
0.0249638
0.0176292
0.0092739
0.0001307
-0.0078783
-0.0122333
-0.0125898
-0.0118023
-0.0131339
-0.0165898
-0.0191732
-0.0191750
-0.0190741
-0.0229535
-0.0313189
-0.0397678
-0.0433105
-0.0412194
-0.0368110
-0.0328149
-0.0280362
-0.0190618
-0.0047467
0.0115944
0.0243578
0.0297331
0.0281814
0.0239784
0.0224816
0.0264310
0.0334254
0.0372789
0.0334946
0.0242245
0.0168547
0.0164305
0.0197455
0.0183277
0.0079372
-0.0057703
-0.0121892
-0.0064079
0.0058849
0.0143823
0.0142509
0.0095608
0.0073120
0.0095754
0.0122385
0.0106254
0.0050343
0.0003952
0.0010158
0.0060109
0.0097316
0.0066424
-0.0038150
-0.0168305
-0.0268558
-0.0330282
-0.0398641
-0.0518316
-0.0667881
-0.0754933
-0.0691553
-0.0484866
-0.0249328
-0.0117735
-0.0131946
-0.0219159
-0.0272520
-0.0249326
-0.0190912
-0.0159219
-0.0169122
-0.0184883
-0.0170098
-0.0128414
-0.0095826
-0.0102677
-0.0147372
-0.0200988
-0.0231744
-0.0229663
-0.0215350
-0.0221519
-0.0254124
-0.0271162
-0.0217200
-0.0091803
0.0029840
0.0069597
0.0040347
0.0038311
0.0122913
0.0228030
0.0230512
0.0098422
-0.0087261
-0.0284381
-0.0580658
-0.0990670
-0.1114809
-0.0153339
0.2467744
0.6303417
0.9770897
1.1057894
0.9409339
0.5673366
0.1614477
-0.1366635
-0.2979897
-0.3750231
-0.4191940
-0.4337267
-0.3954714
-0.3030602
-0.1922379
-0.1071354
-0.0652165
-0.0523389
-0.0456990
-0.0356272
-0.0268230
-0.0256364
-0.0310201
-0.0365579
-0.0373065
-0.0331653
-0.0273595
-0.0234281
-0.0230875
-0.0252156
-0.0263728
-0.0234196
-0.0165887
-0.0096288
-0.0060865
-0.0054365
-0.0036075
0.0022921
0.0101934
0.0145958
0.0120643
0.0050634
0.0001574
0.0023008
0.0107564
0.0203986
0.0267596
0.0296829
0.0322944
0.0370948
0.0438855
0.0518172
0.0626716
0.0804494
0.1064121
0.1348843
0.1558134
0.1630879
0.1602045
0.1565108
0.1575138
0.1600764
0.1582281
0.1528164
0.1530299
0.1668590
0.1908299
0.2111271
0.2157892
0.2051182
0.1894087
0.1773249
0.1681407
0.1555346
0.1370150
0.1175336
0.1038264
0.0968525
0.0908729
0.0794000
0.0610956
0.0400316
0.0213164
0.0070436
-0.0041715
-0.0147302
-0.0253356
-0.0342010
-0.0388353
-0.0391839
-0.0392078
-0.0443797
-0.0563183
-0.0697858
-0.0761701
-0.0709572
-0.0576481
-0.0437857
-0.0334206
-0.0244126
-0.0132614
-0.0011764
0.0063769
0.0063618
0.0027658
0.0027548
0.0082081
0.0127872
0.0090213
-0.0018867
-0.0090001
-0.0018390
0.0182633
0.0378599
0.0432073
0.0325502
0.0166259
0.0074266
0.0072830
0.0091818
0.0064822
0.0002674
-0.0035550
-0.0027374
-0.0018689
-0.0065109
-0.0159262
-0.0236810
-0.0255205
-0.0248202
-0.0287790
-0.0398164
-0.0524990
-0.0596488
-0.0602968
-0.0601605
-0.0643689
-0.0710914
-0.0732462
-0.0661067
-0.0524824
-0.0403455
-0.0357391
-0.0380080
-0.0415047
-0.0416247
-0.0392135
-0.0391429
-0.0445292
-0.0525949
-0.0569227
-0.0542295
-0.0482642
-0.0457491
-0.0482359
-0.0494752
-0.0424705
-0.0287552
-0.0185709
-0.0206019
-0.0326279
-0.0440086
-0.0470779
-0.0441181
-0.0424875
-0.0449888
-0.0473568
-0.0446528
-0.0374394
-0.0305984
-0.0280065
-0.0300678
-0.0349054
-0.0395292
-0.0414837
-0.0442402
-0.0608294
-0.1017050
-0.1462804
-0.1274434
0.0350154
0.3588339
0.7458150
1.0169940
1.0281946
0.7737475
0.3856831
0.0295160
-0.2071345
-0.3387140
-0.4176627
-0.4636828
-0.4565871
-0.3824467
-0.2683106
-0.1659300
-0.1085502
-0.0905880
-0.0865644
-0.0810135
-0.0765416
-0.0792322
-0.0854911
-0.0859289
-0.0775172
-0.0669866
-0.0623975
-0.0645893
-0.0680766
-0.0681977
-0.0653812
-0.0632808
-0.0648716
-0.0705159
-0.0777659
-0.0817750
-0.0774190
-0.0636350
-0.0462774
-0.0348003
-0.0342118
-0.0404148
-0.0446694
-0.0426813
-0.0380071
-0.0360327
-0.0361637
-0.0318698
-0.0183360
0.0017543
0.0209753
0.0345190
0.0433985
0.0508959
0.0579470
0.0632415
0.0668265
0.0716051
0.0804054
0.0922162
0.1022765
0.1063090
0.1048298
0.1034114
0.1082758
0.1204871
0.1337891
0.1391193
0.1331017
0.1226246
0.1194446
0.1283536
0.1405881
0.1404667
0.1197338
0.0852643
0.0522828
0.0304047
0.0167443
0.0017972
-0.0197248
-0.0443978
-0.0645613
-0.0751685
-0.0764272
-0.0721162
-0.0671687
-0.0661111
-0.0714471
-0.0821571
-0.0942603
-0.1037105
-0.1085829
-0.1079701
-0.0996413
-0.0810585
-0.0542740
-0.0288703
-0.0171310
-0.0238469
-0.0407447
-0.0526773
-0.0508970
-0.0404581
-0.0339642
-0.0378830
-0.0456236
-0.0446273
-0.0299880
-0.0102404
0.0007517
-0.0027463
-0.0135430
-0.0200084
-0.0184037
-0.0158893
-0.0214584
-0.0351449
-0.0474797
-0.0497480
-0.0437068
-0.0399742
-0.0466839
-0.0607119
-0.0710847
-0.0708987
-0.0647438
-0.0635727
-0.0727218
-0.0860826
-0.0923798
-0.0863814
-0.0732501
-0.0624326
-0.0585230
-0.0584556
-0.0565346
-0.0508979
-0.0450355
-0.0440437
-0.0499298
-0.0597780
-0.0675159
-0.0678742
-0.0602319
-0.0496052
-0.0431997
-0.0445709
-0.0505883
-0.0546209
-0.0531632
-0.0491037
-0.0481243
-0.0521453
-0.0569656
-0.0566195
-0.0497140
-0.0411012
-0.0373647
-0.0408970
-0.0483331
-0.0544163
-0.0571597
-0.0593336
-0.0650838
-0.0751270
-0.0852902
-0.0899697
-0.0872168
-0.0803924
-0.0747807
-0.0728566
-0.0731994
-0.0737123
-0.0748086
-0.0785211
-0.0847230
-0.0894573
-0.0880643
-0.0800369
-0.0701358
-0.0641792
-0.0637495
-0.0652879
-0.0643267
-0.0601787
-0.0561383
-0.0552833
-0.0566887
-0.0562068
-0.0507909
-0.0414950
-0.0320675
-0.0252926
-0.0215638
-0.0207352
-0.0236917
-0.0307807
-0.0395164
-0.0460069
-0.0493262
-0.0525135
-0.0573377
-0.0595335
-0.0530274
-0.0400104
-0.0327583
-0.0405700
-0.0556841
-0.0583680
-0.0396723
-0.0147606
-0.0067263
-0.0183310
-0.0297142
-0.0293777
-0.0360569
-0.0693954
-0.0924817
-0.0045355
0.2747750
0.6948959
1.0598817
1.1548270
0.9135644
0.4720034
0.0551440
-0.1943725
-0.2901172
-0.3310440
-0.3814226
-0.4242764
-0.4120596
-0.3360905
-0.2371380
-0.1608627
-0.1191613
-0.0957724
-0.0761816
-0.0615951
-0.0574795
-0.0600218
-0.0595088
-0.0527744
-0.0462773
-0.0468679
-0.0536822
-0.0606904
-0.0642424
-0.0652370
-0.0651292
-0.0632324
-0.0588727
-0.0536847
-0.0494635
-0.0446348
-0.0355213
-0.0219945
-0.0099606
-0.0060105
-0.0095738
-0.0120933
-0.0050912
0.0114569
0.0295422
0.0414557
0.0466333
0.0501880
0.0560884
0.0632556
0.0683494
0.0710032
0.0750619
0.0845887
0.0993114
0.1143485
0.1241754
0.1266751
0.1237280
0.1186588
0.1136722
0.1097130
0.1081499
0.1115171
0.1215604
0.1362387
0.1494860
0.1553580
0.1531767
0.1480587
0.1453527
0.1443482
0.1383088
0.1215603
0.0964680
0.0726756
0.0589476
0.0557416
0.0556958
0.0508835
0.0392807
0.0248384
0.0126037
0.0044628
-0.0010451
-0.0060062
-0.0107404
-0.0137021
-0.0133841
-0.0104626
-0.0081134
-0.0096264
-0.0150802
-0.0206607
-0.0222609
-0.0200967
-0.0187501
-0.0214520
-0.0247058
-0.0205294
-0.0054949
0.0131712
0.0225870
0.0165121
0.0020452
-0.0070740
-0.0038692
0.0059508
0.0114405
0.0083817
0.0024863
0.0011345
0.0039769
0.0033990
-0.0060015
-0.0201190
-0.0286823
-0.0255681
-0.0148111
-0.0060210
-0.0043944
-0.0059359
-0.0025983
0.0084134
0.0210316
0.0261275
0.0206210
0.0103858
0.0039659
0.0038723
0.0048529
0.0009223
-0.0068803
-0.0110905
-0.0064882
0.0029594
0.0072471
0.0006648
-0.0119854
-0.0202786
-0.0189032
-0.0127227
-0.0111762
-0.0184654
-0.0296535
-0.0358358
-0.0325678
-0.0236883
-0.0178158
-0.0210561
-0.0320083
-0.0431970
-0.0479938
-0.0469632
-0.0470734
-0.0537874
-0.0643262
-0.0703496
-0.0676768
-0.0612049
-0.0580808
-0.0574148
-0.0508307
-0.0347474
-0.0183045
-0.0141397
-0.0215877
-0.0244845
-0.0091898
0.0181771
0.0371201
0.0339210
0.0112327
-0.0235456
-0.0672537
-0.1038352
-0.0797321
0.0802469
0.4032712
0.8031352
1.0992202
1.1296111
0.8699666
0.4512380
0.0589809
-0.1942770
-0.3151892
-0.3726519
-0.4117539
-0.4227738
-0.3780632
-0.2813490
-0.1748839
-0.1041712
-0.0823712
-0.0883151
-0.0932887
-0.0866735
-0.0786684
-0.0834777
-0.1022474
-0.1210742
-0.1237996
-0.1066160
-0.0810657
-0.0630943
-0.0587584
-0.0602695
-0.0558181
-0.0426724
-0.0297817
-0.0274462
-0.0356029
-0.0435090
-0.0407424
-0.0271045
-0.0110975
-0.0000929
0.0059556
0.0111212
0.0165375
0.0194531
0.0190199
0.0202168
0.0296476
0.0477807
0.0674211
0.0808746
0.0875518
0.0931862
0.1020805
0.1119774
0.1173538
0.1164596
0.1134083
0.1133334
0.1169192
0.1204760
0.1205392
0.1172929
0.1137967
0.1131735
0.1169105
0.1245950
0.1339016
0.1411207
0.1432200
0.1401284
0.1341889
0.1265449
0.1147974
0.0957577
0.0707046
0.0462477
0.0284246
0.0164012
0.0037818
-0.0132168
-0.0303549
-0.0397917
-0.0396295
-0.0371129
-0.0411021
-0.0522743
-0.0625415
-0.0644672
-0.0597150
-0.0567663
-0.0607517
-0.0673100
-0.0675303
-0.0582709
-0.0462235
-0.0413189
-0.0468263
-0.0567456
-0.0628115
-0.0631446
-0.0633057
-0.0690593
-0.0789933
-0.0849781
-0.0798709
-0.0642824
-0.0456029
-0.0309842
-0.0221055
-0.0166895
-0.0135434
-0.0141358
-0.0188195
-0.0233612
-0.0217454
-0.0132872
-0.0055322
-0.0079856
-0.0222179
-0.0391061
-0.0470635
-0.0431668
-0.0355527
-0.0346215
-0.0424922
-0.0517075
-0.0539015
-0.0485810
-0.0427734
-0.0427736
-0.0476111
-0.0511750
-0.0498596
-0.0466725
-0.0472795
-0.0528663
-0.0582596
-0.0576531
-0.0515858
-0.0472656
-0.0515200
-0.0636289
-0.0754966
-0.0790514
-0.0734876
-0.0653341
-0.0616634
-0.0634802
-0.0657973
-0.0638046
-0.0582111
-0.0539957
-0.0543716
-0.0573617
-0.0592005
-0.0600808
-0.0642297
-0.0732986
-0.0815001
-0.0800752
-0.0670288
-0.0502207
-0.0393366
-0.0364826
-0.0369715
-0.0378302
-0.0410887
-0.0480381
-0.0565609
-0.0698196
-0.1015066
-0.1556631
-0.1907909
-0.1163278
0.1441890
0.5607317
0.9680466
1.1549462
1.0139802
0.6223236
0.1788597
-0.1448325
-0.3060926
-0.3689996
-0.4058272
-0.4295207
-0.4101173
-0.3333940
-0.2286449
-0.1427876
-0.0994359
-0.0876432
-0.0834173
-0.0739484
-0.0617541
-0.0535216
-0.0510280
-0.0516959
-0.0532708
-0.0558193
-0.0604860
-0.0676411
-0.0757455
-0.0813471
-0.0810318
-0.0746707
-0.0665412
-0.0618148
-0.0613516
-0.0609518
-0.0566348
-0.0498323
-0.0456940
-0.0459886
-0.0454106
-0.0367359
-0.0195664
-0.0023556
0.0053675
0.0023840
-0.0033998
-0.0032227
0.0046474
0.0157337
0.0267056
0.0397937
0.0589800
0.0829597
0.1038950
0.1141048
0.1133456
0.1085065
0.1062740
0.1072530
0.1078950
0.1070946
0.1088877
0.1177257
0.1321416
0.1448740
0.1498088
0.1476805
0.1437076
0.1400322
0.1323481
0.1152469
0.0900931
0.0656393
0.0498902
0.0422753
0.0351812
0.0229707
0.0077608
-0.0047127
-0.0135643
-0.0244953
-0.0420614
-0.0619591
-0.0737068
-0.0718391
-0.0628419
-0.0591198
-0.0661610
-0.0772322
-0.0814025
-0.0753523
-0.0654651
-0.0587476
-0.0544766
-0.0468988
-0.0349405
-0.0257544
-0.0266812
-0.0353529
-0.0409718
-0.0363946
-0.0267555
-0.0236542
-0.0312126
-0.0406524
-0.0403153
-0.0295006
-0.0195543
-0.0206287
-0.0296539
-0.0338111
-0.0256133
-0.0121144
-0.0075973
-0.0180185
-0.0345432
-0.0429112
-0.0379427
-0.0277662
-0.0244100
-0.0318318
-0.0437869
-0.0522679
-0.0562969
-0.0618552
-0.0741106
-0.0909531
-0.1044448
-0.1079169
-0.1010741
-0.0886754
-0.0756367
-0.0643798
-0.0562064
-0.0529707
-0.0554075
-0.0600137
-0.0599596
-0.0514526
-0.0392940
-0.0340096
-0.0415417
-0.0561349
-0.0654118
-0.0634401
-0.0573415
-0.0590055
-0.0706108
-0.0810164
-0.0782302
-0.0638225
-0.0518863
-0.0533034
-0.0641418
-0.0720226
-0.0717089
-0.0697005
-0.0726767
-0.0766612
-0.0727323
-0.0614242
-0.0544931
-0.0603210
-0.0746253
-0.0924921
-0.1232992
-0.1756443
-0.2164420
-0.1578984
0.0834988
0.4900380
0.9058436
1.1209613
1.0208120
0.6699317
0.2533391
-0.0670431
-0.2488176
-0.3454995
-0.4128159
-0.4502865
-0.4250507
-0.3310469
-0.2103061
-0.1184953
-0.0794733
-0.0763314
-0.0794256
-0.0754326
-0.0703620
-0.0727661
-0.0807215
-0.0848935
-0.0799705
-0.0702676
-0.0644855
-0.0664161
