-0.0922585
-0.1174700
-0.1241817
-0.1282321
-0.1358545
-0.1392921
-0.1329604
-0.1210934
-0.1097065
-0.1004712
-0.0926847
-0.0842968
-0.0719024
-0.0560126
-0.0447675
-0.0460239
-0.0567085
-0.0651684
-0.0625501
-0.0477765
-0.0252503
-0.0042850
0.0025165
-0.0103080
-0.0309090
-0.0372017
-0.0176943
0.0169437
0.0441626
0.0499715
0.0397863
0.0312401
0.0366008
0.0518405
0.0636210
0.0657645
0.0649345
0.0695481
0.0783549
0.0835991
0.0820093
0.0779677
0.0766809
0.0777198
0.0759204
0.0675288
0.0555169
0.0485894
0.0533672
0.0676357
0.0835790
0.0975799
0.1131174
0.1322699
0.1479578
0.1490101
0.1330785
0.1114556
0.0984739
0.0958716
0.0900260
0.0677559
0.0343724
0.0110459
0.0110500
0.0224716
0.0203379
-0.0048593
-0.0365503
-0.0515631
-0.0454703
-0.0349162
-0.0372516
-0.0525688
-0.0667299
-0.0684385
-0.0594118
-0.0481691
-0.0388475
-0.0303330
-0.0240383
-0.0257925
-0.0374380
-0.0510583
-0.0562620
-0.0520025
-0.0472872
-0.0496970
-0.0558612
-0.0547952
-0.0400052
-0.0174374
-0.0009567
0.0007504
-0.0069281
-0.0094234
0.0022588
0.0212334
0.0292935
0.0129017
-0.0230983
-0.0565017
-0.0643991
-0.0422480
-0.0078430
0.0141695
0.0120819
-0.0074904
-0.0303205
-0.0469346
-0.0553975
-0.0572424
-0.0544772
-0.0494951
-0.0447636
-0.0414210
-0.0392242
-0.0387224
-0.0425515
-0.0527517
-0.0665452
-0.0771656
-0.0812059
-0.0837890
-0.0927528
-0.1070458
-0.1145649
-0.1042091
-0.0782022
-0.0498991
-0.0309396
-0.0238289
-0.0261336
-0.0364044
-0.0522654
-0.0654712
-0.0652721
-0.0499127
-0.0319286
-0.0271890
-0.0379396
-0.0502275
-0.0498201
-0.0374013
-0.0251352
-0.0214603
-0.0246001
-0.0296924
-0.0348866
-0.0375880
-0.0315000
-0.0147923
0.0014307
0.0019493
-0.0131654
-0.0272400
-0.0327307
-0.0489664
-0.0923718
-0.1192727
-0.0190637
0.2970328
0.7772602
1.2103985
1.3577345
1.1321702
0.6598823
0.1695938
-0.1794873
-0.3740351
-0.4834666
-0.5528696
-0.5671359
-0.5007212
-0.3734374
-0.2443347
-0.1597334
-0.1203573
-0.0984913
-0.0750216
-0.0531224
-0.0431499
-0.0457580
-0.0524286
-0.0559964
-0.0551500
-0.0505340
-0.0420400
-0.0318443
-0.0262640
-0.0298651
-0.0377006
-0.0377146
-0.0238048
-0.0045077
0.0049885
-0.0003140
-0.0094030
-0.0078612
0.0056468
0.0180180
0.0166576
0.0034204
-0.0078330
-0.0063045
0.0057342
0.0185008
0.0272118
0.0355886
0.0475920
0.0602766
0.0678227
0.0703539
0.0744828
0.0845001
0.0964389
0.1034610
0.1054535
0.1093586
0.1185935
0.1253534
0.1181209
0.0978099
0.0824167
0.0911036
0.1234543
0.1576034
0.1704763
0.1585702
0.1381744
0.1275333
0.1312096
0.1404463
0.1443749
0.1383480
0.1237330
0.1044770
0.0859932
0.0743677
0.0719065
0.0724325
0.0644440
0.0421740
0.0128708
-0.0094176
-0.0176871
-0.0179319
-0.0207911
-0.0290980
-0.0355483
-0.0322699
-0.0205195
-0.0092880
-0.0048617
-0.0039224
0.0015954
0.0138619
0.0256818
0.0283828
0.0216645
0.0141272
0.0143617
0.0226270
0.0313880
0.0331728
0.0275476
0.0211540
0.0218709
0.0326780
0.0493522
0.0622902
0.0613403
0.0425699
0.0135065
-0.0092064
-0.0115043
0.0056549
0.0258766
0.0314921
0.0194819
0.0032457
-0.0019172
0.0049406
0.0092124
-0.0037291
-0.0320974
-0.0578129
-0.0636580
-0.0498413
-0.0328059
-0.0278909
-0.0342116
-0.0372323
-0.0256972
-0.0047535
0.0086900
0.0034844
-0.0140789
-0.0268836
-0.0243936
-0.0119886
-0.0033607
-0.0060311
-0.0158341
-0.0240595
-0.0270779
-0.0280107
-0.0307561
-0.0346447
-0.0355040
-0.0308730
-0.0230952
-0.0174026
-0.0176559
-0.0237778
-0.0321536
-0.0379657
-0.0381957
-0.0337304
-0.0285767
-0.0262699
-0.0270610
-0.0291251
-0.0319855
-0.0372870
-0.0456858
-0.0541452
-0.0577343
-0.0543523
-0.0469550
-0.0404723
-0.0366078
-0.0323535
-0.0241657
-0.0131796
-0.0050592
-0.0038734
-0.0067360
-0.0061133
0.0014282
0.0093155
0.0058823
-0.0129318
-0.0362956
-0.0466015
-0.0365053
-0.0163174
-0.0026944
-0.0025598
-0.0128416
-0.0338355
-0.0698652
-0.1034714
-0.0718423
0.1078824
0.4614349
0.8933917
1.2130651
1.2522520
0.9832650
0.5343012
0.0902486
-0.2297492
-0.4160147
-0.5177134
-0.5691804
-0.5663226
-0.4974941
-0.3779992
-0.2482747
-0.1450882
-0.0813114
-0.0509863
-0.0447498
-0.0550753
-0.0712204
-0.0789828
-0.0711585
-0.0562111
-0.0513731
-0.0646193
-0.0846195
-0.0905417
-0.0724649
-0.0416848
-0.0205102
-0.0220609
-0.0401835
-0.0582401
-0.0657913
-0.0654516
-0.0648357
-0.0651558
-0.0600018
-0.0446327
-0.0240004
-0.0097681
-0.0091754
-0.0175978
-0.0228567
-0.0170756
-0.0040275
0.0052885
0.0038617
-0.0048735
-0.0112247
-0.0088873
-0.0000677
0.0083813
0.0129681
0.0171334
0.0269586
0.0439961
0.0629221
0.0760616
0.0796721
0.0761662
0.0715798
0.0714694
0.0778574
0.0881812
0.0970147
0.1004598
0.1001616
0.1025079
0.1124305
0.1273770
0.1381843
0.1370726
0.1250800
0.1110373
0.1028237
0.0998810
0.0943567
0.0788769
0.0528726
0.0225188
-0.0039519
-0.0212966
-0.0300288
-0.0356878
-0.0443858
-0.0573030
-0.0693724
-0.0745401
-0.0727662
-0.0708410
-0.0753811
-0.0856501
-0.0946300
-0.0970114
-0.0941024
-0.0896432
-0.0828231
-0.0690379
-0.0483332
-0.0298183
-0.0243265
-0.0331128
-0.0465953
-0.0549082
-0.0570877
-0.0578977
-0.0578228
-0.0508066
-0.0337527
-0.0151582
-0.0095950
-0.0221689
-0.0410131
-0.0479008
-0.0360173
-0.0155316
-0.0020105
-0.0018117
-0.0097156
-0.0180962
-0.0247666
-0.0314698
-0.0379126
-0.0405733
-0.0376720
-0.0331307
-0.0337565
-0.0426495
-0.0565658
-0.0700085
-0.0808017
-0.0907619
-0.1014978
-0.1108843
-0.1142649
-0.1088518
-0.0967335
-0.0836909
-0.0749980
-0.0719237
-0.0719090
-0.0719845
-0.0719082
-0.0738266
-0.0788768
-0.0844845
-0.0857879
-0.0805890
-0.0729466
-0.0705607
-0.0770036
-0.0865741
-0.0887383
-0.0792862
-0.0665719
-0.0648109
-0.0800575
-0.1031491
-0.1172390
-0.1125392
-0.0939457
-0.0752875
-0.0673140
-0.0708095
-0.0788235
-0.0833439
-0.0807092
-0.0737587
-0.0700888
-0.0758093
-0.0883611
-0.0967959
-0.0928277
-0.0820639
-0.0801825
-0.0948583
-0.1141602
-0.1181036
-0.1020765
-0.0832662
-0.0800687
-0.0892072
-0.0902426
-0.0722315
-0.0471733
-0.0325332
-0.0293167
-0.0296010
-0.0411246
-0.0802348
-0.1214379
-0.0668710
0.1932814
0.6556847
1.1406107
1.3868351
1.2461227
0.8016958
0.2955245
-0.0656670
-0.2423580
-0.3259638
-0.4037028
-0.4755070
-0.4889402
-0.4225278
-0.3147792
-0.2204717
-0.1602929
-0.1207034
-0.0894166
-0.0743688
-0.0868533
-0.1185331
-0.1447962
-0.1488459
-0.1359187
-0.1230676
-0.1200965
-0.1231443
-0.1230797
-0.1151849
-0.1009750
-0.0849973
-0.0721541
-0.0658922
-0.0659492
-0.0678750
-0.0669025
-0.0631680
-0.0618234
-0.0667237
-0.0745697
-0.0767653
-0.0674454
-0.0488554
-0.0286760
-0.0134117
-0.0052672
-0.0036380
-0.0063297
-0.0084993
-0.0036418
0.0105530
0.0273818
0.0358855
0.0330940
0.0296820
0.0392444
0.0608474
0.0761386
0.0681448
0.0421000
0.0223440
0.0257093
0.0416471
0.0443198
0.0243055
0.0022421
0.0066926
0.0413847
0.0804526
0.0971782
0.0921049
0.0883067
0.1016563
0.1225221
0.1288280
0.1117416
0.0827679
0.0571874
0.0374789
0.0162152
-0.0094442
-0.0325780
-0.0459393
-0.0512778
-0.0559445
-0.0626314
-0.0665753
-0.0631780
-0.0550296
-0.0492924
-0.0497467
-0.0537266
-0.0561749
-0.0540800
-0.0468034
-0.0355137
-0.0248187
-0.0223891
-0.0318786
-0.0451016
-0.0459645
-0.0272008
-0.0025190
0.0033418
-0.0196182
-0.0526853
-0.0646637
-0.0436077
-0.0098327
0.0051619
-0.0084607
-0.0299330
-0.0316511
-0.0083923
0.0193071
0.0282623
0.0147606
-0.0064684
-0.0202871
-0.0237107
-0.0221694
-0.0196022
-0.0164725
-0.0153053
-0.0221399
-0.0392924
-0.0592111
-0.0700281
-0.0682998
-0.0633589
-0.0665486
-0.0773855
-0.0836066
-0.0759583
-0.0605613
-0.0537004
-0.0640317
-0.0820167
-0.0886651
-0.0743983
-0.0482944
-0.0292858
-0.0299008
-0.0484448
-0.0737569
-0.0940745
-0.1018151
-0.0946337
-0.0765875
-0.0585044
-0.0531883
-0.0659880
-0.0887687
-0.1047163
-0.1014156
-0.0808673
-0.0574860
-0.0462642
-0.0516433
-0.0657099
-0.0757165
-0.0740918
-0.0633376
-0.0524775
-0.0482674
-0.0492290
-0.0486774
-0.0437598
-0.0399492
-0.0447129
-0.0573231
-0.0678491
-0.0677329
-0.0591149
-0.0507961
-0.0463312
-0.0410951
-0.0328522
-0.0295757
-0.0396947
-0.0559026
-0.0583696
-0.0399510
-0.0212216
-0.0286168
-0.0578152
-0.0737612
-0.0579296
-0.0437211
-0.0777852
-0.1334871
-0.0839589
0.1983988
0.6904303
1.1747968
1.3783054
1.1818999
0.7085983
0.2105971
-0.1288809
-0.2950228
-0.3775574
-0.4439034
-0.4853306
-0.4643248
-0.3803901
-0.2755489
-0.1894285
-0.1288590
-0.0829514
-0.0515036
-0.0453243
-0.0631783
-0.0829455
-0.0824569
-0.0633997
-0.0473421
-0.0494890
-0.0630565
-0.0711800
-0.0680891
-0.0627223
-0.0635900
-0.0673405
-0.0654891
-0.0579016
-0.0533683
-0.0565369
-0.0597304
-0.0518485
-0.0335912
-0.0191703
-0.0211176
-0.0355555
-0.0448778
-0.0348754
-0.0081520
0.0187879
0.0300422
0.0222004
0.0050477
-0.0064156
-0.0013339
0.0211566
0.0513439
0.0742903
0.0795240
0.0689169
0.0553598
0.0517774
0.0599549
0.0702029
0.0724566
0.0672822
0.0649799
0.0736853
0.0896232
0.1006865
0.0998294
0.0934147
0.0947497
0.1094342
0.1284767
0.1367351
0.1275702
0.1083241
0.0917845
0.0836958
0.0792704
0.0706001
0.0553250
0.0374513
0.0215061
0.0081658
-0.0043445
-0.0168005
-0.0285917
-0.0397296
-0.0509523
-0.0613574
-0.0678603
-0.0686866
-0.0665594
-0.0661916
-0.0680228
-0.0663546
-0.0556255
-0.0379133
-0.0219435
-0.0140012
-0.0118954
-0.0097414
-0.0070482
-0.0092278
-0.0179021
-0.0243135
-0.0171220
0.0025555
0.0177575
0.0112516
-0.0153372
-0.0406356
-0.0435875
-0.0238940
-0.0015721
0.0030026
-0.0127687
-0.0344457
-0.0459452
-0.0423004
-0.0297228
-0.0177936
-0.0131718
-0.0175013
-0.0270506
-0.0341476
-0.0328126
-0.0258764
-0.0249034
-0.0391588
-0.0634510
-0.0797679
-0.0741156
-0.0515027
-0.0318449
-0.0304545
-0.0445395
-0.0597540
-0.0670911
-0.0696452
-0.0735470
-0.0776182
-0.0759445
-0.0684686
-0.0632998
-0.0661664
-0.0712116
-0.0670707
-0.0520072
-0.0383567
-0.0388274
-0.0507655
-0.0586152
-0.0527322
-0.0417293
-0.0426332
-0.0601536
-0.0798399
-0.0832435
-0.0672246
-0.0457868
-0.0344571
-0.0365574
-0.0450992
-0.0534193
-0.0595243
-0.0617806
-0.0568711
-0.0455658
-0.0367817
-0.0397182
-0.0510943
-0.0553975
-0.0420058
-0.0198593
-0.0098186
-0.0213013
-0.0408407
-0.0473640
-0.0364398
-0.0244041
-0.0281731
-0.0462526
-0.0632185
-0.0691212
-0.0678775
-0.0664705
-0.0634768
-0.0539483
-0.0416171
-0.0374463
-0.0439709
-0.0482834
-0.0370293
-0.0150393
-0.0008140
-0.0030213
-0.0111850
-0.0159840
-0.0285407
-0.0594449
-0.0712837
0.0290550
0.3182344
0.7569304
1.1693131
1.3465895
1.1957316
0.8011843
0.3474882
-0.0181356
-0.2587570
-0.4114414
-0.5069597
-0.5359077
-0.4811754
-0.3616628
-0.2319252
-0.1416745
-0.1020911
-0.0904801
-0.0803974
-0.0638182
-0.0493509
-0.0471037
-0.0579116
-0.0733164
-0.0817036
-0.0749676
-0.0533010
-0.0262592
-0.0079146
-0.0073590
-0.0212211
-0.0353576
-0.0358387
-0.0206522
-0.0016694
0.0059683
-0.0014441
-0.0109840
-0.0039327
0.0257722
0.0629792
0.0826896
0.0722321
0.0432008
0.0210913
0.0225405
0.0423048
0.0616006
0.0676115
0.0640528
0.0640336
0.0752135
0.0931496
0.1076098
0.1129096
0.1115742
0.1098584
0.1116388
0.1164010
0.1213182
0.1241359
0.1244962
0.1233874
0.1216018
0.1187799
0.1144911
0.1106252
0.1116903
0.1207099
0.1341052
0.1426741
0.1405217
0.1332674
0.1343596
0.1504221
0.1711127
0.1769645
0.1589762
0.1285074
0.1053784
0.0970984
0.0930402
0.0797303
0.0578934
0.0401225
0.0328710
0.0269024
0.0098396
-0.0146142
-0.0267045
-0.0128042
0.0161291
0.0334895
0.0248832
0.0031917
-0.0064716
0.0057085
0.0254544
0.0325458
0.0232257
0.0117172
0.0120339
0.0230851
0.0327881
0.0328297
0.0253761
0.0164160
0.0075461
-0.0027706
-0.0123452
-0.0143806
-0.0050422
0.0105582
0.0227504
0.0274828
0.0297971
0.0360993
0.0447281
0.0467797
0.0367156
0.0200440
0.0083944
0.0072456
0.0105245
0.0084493
-0.0004294
-0.0068744
-0.0009990
0.0164919
0.0338734
0.0386084
0.0273817
0.0071116
-0.0117764
-0.0224736
-0.0245677
-0.0227502
-0.0231444
-0.0285830
-0.0356833
-0.0374344
-0.0305219
-0.0201207
-0.0158405
-0.0224251
-0.0358849
-0.0495403
-0.0617510
-0.0748940
-0.0874345
-0.0913982
-0.0808372
-0.0608653
-0.0438794
-0.0358369
-0.0301136
-0.0183718
-0.0054286
-0.0076624
-0.0338389
-0.0702609
-0.0893412
-0.0743050
-0.0343587
0.0043707
0.0210175
0.0135510
-0.0049289
-0.0184611
-0.0176044
-0.0029158
0.0157924
0.0248491
0.0164937
-0.0038369
-0.0212362
-0.0242992
-0.0143373
-0.0014846
0.0063039
0.0082113
0.0063697
0.0015651
-0.0050787
-0.0100722
-0.0114339
-0.0127393
-0.0182273
-0.0247755
-0.0270251
-0.0339324
-0.0674725
-0.1241203
-0.1330107
0.0224511
0.4026002
0.9111561
1.3118609
1.3817950
1.0796295
0.5745509
0.1074341
-0.1848637
-0.3255563
-0.4083417
-0.4778129
-0.5016779
-0.4388464
-0.3072430
-0.1751054
-0.0970274
-0.0720659
-0.0630823
-0.0439083
-0.0195312
-0.0064895
-0.0063876
-0.0044066
0.0109311
0.0335989
0.0467795
0.0402800
0.0195152
-0.0006392
-0.0084985
-0.0033379
0.0056677
0.0064741
-0.0073723
-0.0311578
-0.0504719
-0.0509463
-0.0305142
-0.0034083
0.0101320
0.0013552
-0.0183478
-0.0272141
-0.0132116
0.0148112
0.0361127
0.0382376
0.0281702
0.0238236
0.0354620
0.0562171
0.0704483
0.0701909
0.0626616
0.0620854
0.0751971
0.0952498
0.1097477
0.1130569
0.1107646
0.1119605
0.1185305
0.1235005
0.1202130
0.1116825
0.1088765
0.1192015
0.1381570
0.1539715
0.1600121
0.1604364
0.1625435
0.1654581
0.1595243
0.1378817
0.1065031
0.0800662
0.0674605
0.0630320
0.0533481
0.0319076
0.0058415
-0.0119180
-0.0158592
-0.0126971
-0.0138643
-0.0242819
-0.0384541
-0.0467003
-0.0447642
-0.0376843
-0.0345956
-0.0395487
-0.0473409
-0.0489534
-0.0415425
-0.0322145
-0.0303701
-0.0362119
-0.0390351
-0.0291364
-0.0107046
0.0003830
-0.0064272
-0.0233863
-0.0317815
-0.0226259
-0.0067666
-0.0017755
-0.0107367
-0.0186178
-0.0110749
