-0.0761187
-0.0917997
-0.0628398
-0.0623071
-0.0975654
-0.1197616
-0.1139721
-0.1069087
-0.1010661
-0.0702787
-0.0196151
0.0083575
-0.0053807
-0.0325476
-0.0421848
-0.0353863
-0.0301471
-0.0374852
-0.0546353
-0.0630571
-0.0392823
0.0123320
0.0472819
0.0242504
-0.0460642
-0.1142680
-0.1437559
-0.1292926
-0.0793603
-0.0103139
0.0449132
0.0502747
-0.0012443
-0.0787023
-0.1394079
-0.1612136
-0.1533668
-0.1364968
-0.1017671
0.0085429
0.2546791
0.6146263
0.9560742
1.1134861
1.0033269
0.6750139
0.2682906
-0.0764426
-0.2926810
-0.4033101
-0.4696950
-0.5218755
-0.5389709
-0.4930290
-0.3970314
-0.3009455
-0.2452934
-0.2235211
-0.1898537
-0.1082507
0.0009286
0.0688420
0.0435707
-0.0542507
-0.1503001
-0.1878096
-0.1701134
-0.1380473
-0.1228436
-0.1254909
-0.1287719
-0.1188591
-0.0973167
-0.0773398
-0.0707421
-0.0802370
-0.1023150
-0.1304714
-0.1536257
-0.1597131
-0.1465548
-0.1238397
-0.1006329
-0.0778310
-0.0568111
-0.0458313
-0.0492022
-0.0565148
-0.0523442
-0.0343474
-0.0146003
-0.0043714
-0.0033895
-0.0040236
-0.0014815
0.0027682
0.0076216
0.0191244
0.0436351
0.0716198
0.0782442
0.0521401
0.0198883
0.0269017
0.0886669
0.1688641
0.2105240
0.1850934
0.1111425
0.0334220
-0.0118975
-0.0178554
-0.0025909
0.0107052
0.0106984
0.0002807
-0.0106339
-0.0130251
-0.0056274
0.0019399
-0.0031728
-0.0228994
-0.0457169
-0.0606698
-0.0678836
-0.0711314
-0.0677459
-0.0549258
-0.0419605
-0.0444727
-0.0625935
-0.0712171
-0.0397566
0.0345048
0.1132829
0.1425849
0.0977416
0.0060031
-0.0757360
-0.1042525
-0.0729582
-0.0040960
0.0679563
0.1082470
0.0950810
0.0366092
-0.0290278
-0.0603508
-0.0452764
-0.0088244
0.0115165
-0.0002363
-0.0263912
-0.0362729
-0.0184418
0.0097891
0.0242557
0.0192854
0.0077446
0.0019819
0.0028126
0.0058835
0.0104285
0.0177617
0.0246946
0.0235458
0.0111960
-0.0029220
-0.0031749
0.0127031
0.0234369
0.0034023
-0.0445195
-0.0831523
-0.0754792
-0.0223213
0.0391438
0.0711717
0.0635953
0.0291818
-0.0170362
-0.0646224
-0.0976707
-0.0928644
-0.0410601
0.0306758
0.0729371
0.0583813
0.0047758
-0.0532018
-0.1012815
-0.1318777
-0.0953325
0.0980824
0.4869605
0.9619812
1.2890660
1.2687938
0.8978995
0.3765817
-0.0514144
-0.2755699
-0.3530870
-0.3959959
-0.4493617
-0.4785802
-0.4441494
-0.3576028
-0.2639371
-0.1928855
-0.1428997
-0.1045340
-0.0814143
-0.0812342
-0.0952579
-0.1005312
-0.0865612
-0.0713433
-0.0812546
-0.1163464
-0.1446931
-0.1348162
-0.0886775
-0.0389560
-0.0170849
-0.0273665
-0.0497060
-0.0625456
-0.0612749
-0.0557835
-0.0534105
-0.0488241
-0.0328755
-0.0077641
0.0124656
0.0174351
0.0125976
0.0137192
0.0305811
0.0574338
0.0792904
0.0871533
0.0861251
0.0872737
0.0930256
0.0950007
0.0872001
0.0757167
0.0707850
0.0728234
0.0729937
0.0675935
0.0656707
0.0782052
0.1013675
0.1147254
0.0991181
0.0566113
0.0105347
-0.0158558
-0.0190161
-0.0119392
-0.0054556
0.0008268
0.0093442
0.0144720
0.0073627
-0.0115299
-0.0296394
-0.0330136
-0.0187418
0.0028940
0.0176058
0.0187183
0.0107790
0.0029788
0.0004203
0.0016900
0.0024323
-0.0004177
-0.0062525
-0.0109044
-0.0108041
-0.0085163
-0.0113607
-0.0215926
-0.0307132
-0.0286067
-0.0178590
-0.0133891
-0.0247859
-0.0417356
-0.0413561
-0.0116837
0.0333513
0.0641574
0.0607579
0.0268288
-0.0187044
-0.0548010
-0.0557057
0.0170731
0.1981239
0.4747454
0.7600451
0.9254905
0.8804151
0.6349326
0.2924170
-0.0212147
-0.2314473
-0.3362402
-0.3714024
-0.3657204
-0.3279064
-0.2635591
-0.1899648
-0.1296358
-0.0941156
-0.0784794
-0.0708610
-0.0650650
-0.0637288
-0.0706328
-0.0820475
-0.0878874
-0.0817290
-0.0674017
-0.0542218
-0.0475466
-0.0456704
-0.0438171
-0.0381836
-0.0272407
-0.0128637
-0.0012086
0.0002619
-0.0105151
-0.0259581
-0.0329903
-0.0240456
-0.0050870
0.0092423
0.0106507
0.0059298
0.0077081
0.0179477
0.0258188
0.0231683
0.0168614
0.0214917
0.0423080
0.0702170
0.0938024
0.1118332
0.1307976
0.1522223
0.1679979
0.1715400
0.1702723
0.1800498
0.2050559
0.2290869
0.2326928
0.2166101
0.2012707
0.2015925
0.2077037
0.1951257
0.1526223
0.0960372
0.0531231
0.0364488
0.0338387
0.0258804
0.0095996
0.0007768
0.0129024
0.0381974
0.0527270
0.0394799
0.0049145
-0.0263653
-0.0323987
-0.0114524
0.0178745
0.0330563
0.0254500
0.0041677
-0.0147235
-0.0210250
-0.0145839
-0.0013153
0.0128364
0.0258307
0.0394498
0.0550946
0.0694027
0.0754458
0.0696959
0.0576566
0.0513687
0.0596727
0.0793435
0.0959955
0.0960926
0.0797570
0.0606683
0.0521726
0.0549761
0.0599112
0.0603064
0.0576564
0.0552512
0.0506669
0.0381888
0.0182891
0.0015812
0.0001461
0.0138675
0.0275937
0.0252151
0.0068222
-0.0112917
-0.0154991
-0.0112793
-0.0175089
-0.0441849
-0.0782550
-0.0938603
-0.0775803
-0.0429877
-0.0184668
-0.0196646
-0.0354253
-0.0423289
-0.0308489
-0.0133419
-0.0067960
-0.0129892
-0.0189605
-0.0142119
-0.0025019
0.0043512
0.0008949
-0.0070972
-0.0115388
-0.0116698
-0.0119258
-0.0128118
-0.0095561
-0.0010592
0.0052249
0.0019342
-0.0074190
-0.0120676
-0.0086152
-0.0066098
-0.0160762
-0.0321662
-0.0372483
-0.0203317
0.0074655
0.0198690
-0.0006262
-0.0458394
-0.0883956
-0.1035310
-0.0851662
-0.0457191
-0.0054954
0.0191070
0.0239059
0.0173757
0.0100799
0.0017094
-0.0158013
-0.0341139
-0.0080048
0.1273890
0.3996006
0.7469888
1.0276092
1.0983256
0.9084801
0.5326113
0.1168636
-0.2131529
-0.4103724
-0.4986567
-0.5257971
-0.5232730
-0.4968624
-0.4414352
-0.3593699
-0.2666645
-0.1844541
-0.1259125
-0.0909300
-0.0722396
-0.0653546
-0.0714218
-0.0900096
-0.1108904
-0.1172814
-0.1009173
-0.0728969
-0.0551474
-0.0591309
-0.0753161
-0.0853588
-0.0818405
-0.0721586
-0.0637749
-0.0511255
-0.0222780
0.0208839
0.0537235
0.0469268
-0.0023955
-0.0597602
-0.0795649
-0.0467307
0.0078024
0.0353995
0.0154643
-0.0259244
-0.0424395
-0.0126040
0.0410277
0.0766300
0.0745336
0.0517107
0.0371879
0.0399837
0.0458575
0.0412025
0.0308230
0.0290327
0.0398450
0.0537171
0.0631231
0.0731730
0.0914749
0.1122256
0.1203558
0.1143366
0.1156509
0.1445134
0.1870001
0.1984077
0.1481486
0.0578533
-0.0136429
-0.0252455
0.0104499
0.0466925
0.0520279
0.0351432
0.0239751
0.0301317
0.0403232
0.0386477
0.0272010
0.0204674
0.0254227
0.0347839
0.0390651
0.0381785
0.0380884
0.0407102
0.0425706
0.0427774
0.0471176
0.0607485
0.0780916
0.0841435
0.0689631
0.0404207
0.0195034
0.0207163
0.0376203
0.0494140
0.0423988
0.0243774
0.0169847
0.0329513
0.0609891
0.0750705
0.0606325
0.0302690
0.0098511
0.0088436
0.0094090
-0.0108775
-0.0483775
-0.0723941
-0.0575997
-0.0133447
0.0245881
0.0308906
0.0137596
-0.0016907
-0.0072452
-0.0194550
-0.0519843
-0.0894423
-0.0990577
-0.0681949
-0.0216569
0.0032271
-0.0052409
-0.0250128
-0.0284887
-0.0124801
0.0024645
-0.0017370
-0.0210595
-0.0365436
-0.0361810
-0.0254511
-0.0178299
-0.0201400
-0.0290542
-0.0379268
-0.0425482
-0.0409929
-0.0326395
-0.0206843
-0.0147420
-0.0271683
-0.0625588
-0.1087407
-0.1402609
-0.1363004
-0.0996992
-0.0582285
-0.0430501
-0.0612587
-0.0875391
-0.0853228
-0.0424890
0.0091577
0.0139665
-0.0546058
-0.1484276
-0.1537763
0.0336364
0.4146274
0.8513148
1.1350042
1.1193706
0.8180321
0.3861435
0.0025710
-0.2447860
-0.3785994
-0.4612907
-0.5197451
-0.5367364
-0.4968366
-0.4201151
-0.3450641
-0.2888632
-0.2371035
-0.1735433
-0.1093408
-0.0736892
-0.0780909
-0.0999334
-0.1063277
-0.0893310
-0.0711808
-0.0756658
-0.1007077
-0.1224330
-0.1228862
-0.1083931
-0.0992572
-0.1048084
-0.1128852
-0.1048228
-0.0780746
-0.0513425
-0.0476178
-0.0735223
-0.1142263
-0.1455468
-0.1503479
-0.1270524
-0.0875276
-0.0487442
-0.0237384
-0.0155222
-0.0162662
-0.0131313
0.0015267
0.0234230
0.0405637
0.0453093
0.0410704
0.0358407
0.0315710
0.0242845
0.0148507
0.0137428
0.0290179
0.0502788
0.0520975
0.0203552
-0.0256528
-0.0452216
-0.0165992
0.0367242
0.0671225
0.0526896
0.0207231
0.0158389
0.0467731
0.0728064
0.0476546
-0.0267525
-0.0971589
-0.1116753
-0.0713236
-0.0250461
-0.0167429
-0.0455667
-0.0806171
-0.1039162
-0.1246817
-0.1509421
-0.1637966
-0.1359693
-0.0735185
-0.0218816
-0.0196124
-0.0543938
-0.0802345
-0.0773143
-0.0731465
-0.0862988
-0.0609814
0.1055525
0.4427438
0.8204526
1.0135459
0.8787333
0.4756453
0.0134444
-0.3187636
-0.4709452
-0.5059622
-0.4919900
-0.4424411
-0.3484889
-0.2337941
-0.1502724
-0.1234361
-0.1233169
-0.1014573
-0.0495451
-0.0091654
-0.0219689
-0.0787248
-0.1249469
-0.1167988
-0.0673784
-0.0350099
-0.0654909
-0.1462817
-0.2176391
-0.2288471
-0.1842327
-0.1353816
-0.1293237
-0.1642413
-0.1947757
-0.1792364
-0.1205871
-0.0616281
-0.0423978
-0.0645184
-0.0957449
-0.1040969
-0.0838084
-0.0507691
-0.0200918
0.0067934
0.0347893
0.0614692
0.0761911
0.0734903
0.0633934
0.0635646
0.0801366
0.1000608
0.1067079
0.1026925
0.1121629
0.1555977
0.2221777
0.2714199
0.2667395
0.2088323
0.1351179
0.0864960
0.0758637
0.0870675
0.0973576
0.0948758
0.0776974
0.0468236
0.0071278
-0.0289190
-0.0475194
-0.0468611
-0.0401901
-0.0417936
-0.0515107
-0.0567329
-0.0490489
-0.0341707
-0.0233653
-0.0194010
-0.0162072
-0.0110288
-0.0101708
-0.0195521
-0.0339231
-0.0406839
-0.0335089
-0.0180575
-0.0043104
0.0024125
0.0017802
-0.0049596
-0.0142492
-0.0192984
-0.0168961
-0.0151422
-0.0240223
-0.0281094
0.0274795
0.2051027
0.5092213
0.8480058
1.0715597
1.0670913
0.8335745
0.4746779
0.1222389
-0.1416036
-0.3067517
-0.4018170
-0.4487556
-0.4462467
-0.3869598
-0.2827473
-0.1698295
-0.0888923
-0.0590003
-0.0685951
-0.0899198
-0.1018528
-0.1004690
-0.0916789
-0.0796049
-0.0659135
-0.0575030
-0.0663115
-0.0954622
-0.1281328
-0.1381564
-0.1164288
-0.0842192
-0.0744835
-0.0973643
-0.1265119
-0.1233886
-0.0766183
-0.0161669
0.0126656
-0.0105037
-0.0655400
-0.1125931
-0.1255650
-0.1075611
-0.0805180
-0.0646120
-0.0653802
-0.0738796
-0.0752436
-0.0595727
-0.0299397
-0.0018007
0.0087994
0.0010294
-0.0060720
0.0114883
0.0593569
0.1162224
0.1504455
0.1466152
0.1164985
0.0859460
0.0733309
0.0796169
0.0941710
0.1053654
0.1058489
0.0926327
0.0670471
0.0355031
0.0076924
-0.0085043
-0.0109550
-0.0024923
0.0119845
0.0260908
0.0316444
0.0227067
0.0028551
-0.0138704
-0.0139640
0.0016784
0.0169014
0.0159408
0.0001451
-0.0126886
-0.0067666
0.0148425
0.0332147
0.0329579
0.0164636
-0.0017407
-0.0117649
-0.0156682
-0.0185090
-0.0174076
-0.0043595
0.0206686
0.0444468
0.0521512
0.0436080
0.0344218
0.0390834
0.0545860
0.0633352
0.0523343
0.0274437
0.0079258
0.0084093
0.0267461
0.0469549
0.0513574
0.0315526
-0.0071183
-0.0484837
-0.0747490
-0.0771554
-0.0597316
-0.0323067
-0.0005919
0.0340143
0.0639831
0.0703444
0.0366004
-0.0280677
-0.0849522
-0.0947283
-0.0544772
-0.0025645
0.0176781
-0.0012193
-0.0284505
-0.0313536
-0.0089004
0.0128387
0.0128784
-0.0044803
-0.0215054
-0.0303826
-0.0371198
-0.0452083
-0.0465740
-0.0354066
-0.0250110
-0.0388288
-0.0798566
-0.1159030
-0.1055834
-0.0424800
0.0310053
0.0595042
0.0262233
-0.0321137
-0.0617489
-0.0420274
0.0004152
0.0235400
0.0109978
-0.0199104
-0.0466706
-0.0691040
-0.0998097
-0.1241792
-0.0780272
0.1158423
0.4681293
0.8719664
1.1428558
1.1346648
0.8408168
0.3949190
-0.0273437
-0.3180261
-0.4719346
-0.5394776
-0.5616319
-0.5472042
-0.4929273
-0.4059885
-0.3039661
-0.2040936
-0.1211324
-0.0704348
-0.0612692
-0.0835805
-0.1091510
-0.1143404
-0.1018983
-0.0956409
-0.1126441
-0.1445466
-0.1679569
-0.1688542
-0.1517108
-0.1268082
-0.0970766
-0.0624428
-0.0320240
-0.0219627
-0.0371431
-0.0603025
-0.0662341
-0.0474272
-0.0212029
-0.0093443
-0.0139468
-0.0172941
-0.0044480
0.0190813
0.0345458
0.0315581
0.0182577
0.0108764
0.0183901
0.0393391
0.0679058
0.0955705
0.1077483
0.0892229
0.0418780
-0.0053777
-0.0149743
0.0239943
0.0812003
0.1118160
0.0991677
0.0679645
0.0553688
0.0743226
0.1083363
0.1358754
0.1494438
0.1496321
0.1322267
0.0931786
0.0447895
0.0147558
0.0211839
0.0521376
0.0768133
0.0765860
0.0594972
0.0440632
0.0369561
0.0327604
0.0304523
0.0385700
0.0599104
0.0786814
0.0722041
0.0363206
-0.0060754
-0.0244156
-0.0068811
0.0316315
0.0629656
0.0653815
0.0361332
-0.0079675
-0.0430140
-0.0570289
-0.0563447
-0.0441576
0.0106474
0.1679373
0.4539958
0.7934037
1.0196482
0.9849004
0.6809630
0.2540056
-0.1072345
-0.3051188
-0.3684747
-0.3779314
-0.3768582
-0.3554632
-0.2984359
-0.2218797
-0.1582195
-0.1202372
-0.0942847
-0.0661678
-0.0409218
-0.0320863
-0.0396989
-0.0484769
-0.0468543
-0.0395324
-0.0376531
-0.0422065
-0.0439687
-0.0389693
-0.0370583
-0.0508589
-0.0787749
-0.1037031
-0.1094455
-0.0956583
-0.0754617
-0.0612249
-0.0557784
-0.0557805
-0.0579523
-0.0588303
-0.0518859
-0.0312492
-0.0003014
0.0274078
0.0403071
0.0416815
0.0468476
0.0657444
0.0904443
0.1026130
0.0929898
0.0713440
0.0572161
0.0634507
0.0895172
0.1265837
0.1633968
0.1872539
0.1864326
0.1590325
0.1197084
0.0918945
0.0885737
0.1008272
0.1074093
0.0954247
0.0700612
0.0452273
0.0289793
0.0204245
0.0170448
0.0183485
0.0205351
0.0133969
-0.0102932
-0.0416089
-0.0576113
-0.0421406
-0.0041996
0.0281655
0.0337780
0.0161036
-0.0056374
-0.0191384
-0.0276857
-0.0370430
-0.0416145
-0.0307950
-0.0070279
0.0116001
0.0116440
0.0013894
-0.0005487
0.0094193
0.0211083
0.0474146
0.1483956
0.3896898
0.7549368
1.1042213
1.2463594
1.0797476
0.6744867
0.2164389
-0.1322152
-0.3254642
-0.4099100
-0.4389034
-0.4247775
-0.3620251
-0.2674087
-0.1788001
-0.1211120
-0.0899256
-0.0719612
-0.0687158
-0.0892445
-0.1256987
-0.1509742
-0.1460196
-0.1209882
-0.1008442
-0.0939197
-0.0854242
-0.0642262
-0.0453817
-0.0551102
-0.0950984
-0.1333208
-0.1375740
-0.1132418
-0.0980868
-0.1174630
-0.1523760
-0.1595116
-0.1209682
-0.0651952
-0.0340548
-0.0353459
-0.0382336
-0.0171095
