-0.3060782
-0.2630616
-0.2063513
-0.1613811
-0.1384447
-0.1288080
-0.1195046
-0.1073739
-0.0982956
-0.0970351
-0.1013496
-0.1051704
-0.1046648
-0.1003570
-0.0950402
-0.0911433
-0.0898037
-0.0913781
-0.0963377
-0.1054675
-0.1185891
-0.1327186
-0.1424706
-0.1440263
-0.1392363
-0.1344983
-0.1342613
-0.1361165
-0.1337739
-0.1250554
-0.1153816
-0.1121929
-0.1167383
-0.1228354
-0.1235214
-0.1172544
-0.1070609
-0.0955375
-0.0829021
-0.0694839
-0.0572943
-0.0473039
-0.0364358
-0.0198694
0.0029144
0.0260482
0.0428904
0.0534141
0.0645948
0.0830344
0.1081669
0.1334539
0.1535575
0.1691759
0.1849630
0.2041634
0.2262926
0.2493043
0.2722666
0.2951100
0.3167540
0.3351335
0.3495688
0.3620653
0.3750453
0.3878609
0.3967681
0.3992379
0.3978660
0.3989299
0.4066293
0.4191371
0.4304953
0.4356599
0.4329709
0.4224738
0.4039890
0.3781961
0.3484806
0.3192130
0.2912219
0.2605545
0.2237433
0.1841764
0.1511746
0.1312300
0.1206540
0.1082726
0.0858859
0.0556988
0.0275406
0.0096476
0.0024690
0.0001872
-0.0035140
-0.0113238
-0.0218341
-0.0310244
-0.0342282
-0.0286193
-0.0156110
-0.0010259
0.0081411
0.0082813
0.0012301
-0.0079356
-0.0153435
-0.0211830
-0.0286966
-0.0404060
-0.0551000
-0.0685381
-0.0774450
-0.0829859
-0.0899749
-0.1021114
-0.1178156
-0.1310927
-0.1368998
-0.1357626
-0.1330845
-0.1340763
-0.1394634
-0.1456997
-0.1485549
-0.1462833
-0.1401969
-0.1333170
-0.1286292
-0.1276432
-0.1295457
-0.1315443
-0.1307016
-0.1262754
-0.1206628
-0.1178251
-0.1200924
-0.1257810
-0.1296968
-0.1265627
-0.1151637
-0.1000830
-0.0891122
-0.0874643
-0.0930635
-0.0974907
-0.0930020
-0.0801150
-0.0684829
-0.0691634
-0.0846294
-0.1057571
-0.1190388
-0.1177958
-0.1073954
-0.1001537
-0.1050883
-0.1216572
-0.1417586
-0.1564438
-0.1610758
-0.1563162
-0.1466053
-0.1380826
-0.1359374
-0.1412068
-0.1491997
-0.1521210
-0.1450408
-0.1303607
-0.1162918
-0.1101628
-0.1125181
-0.1174486
-0.1186201
-0.1150561
-0.1112973
-0.1122401
-0.1179003
-0.1230107
-0.1215845
-0.1120789
-0.0985895
-0.0874206
-0.0824474
-0.0830817
-0.0856598
-0.0863560
-0.0836025
-0.0790836
-0.0767240
-0.0795147
-0.0860073
-0.0900878
-0.0857126
-0.0731088
-0.0601451
-0.0565177
-0.0658145
-0.0832036
-0.1008038
-0.1147415
-0.1266184
-0.1389104
-0.1504307
-0.1568552
-0.1548432
-0.1448484
-0.1304903
-0.1163511
-0.1063187
-0.1024931
-0.1042389
-0.1082915
-0.1107979
-0.1100834
-0.1076788
-0.1066854
-0.1090361
-0.1138147
-0.1175555
-0.1163624
-0.1090395
-0.0990560
-0.0923764
-0.0914248
-0.0913212
-0.0847171
-0.0717754
-0.0626273
-0.0660734
-0.0766464
-0.0782670
-0.0633969
-0.0439490
-0.0375140
-0.0456759
-0.0555032
-0.0636857
-0.0827624
-0.1028743
-0.0489515
0.1913967
0.6570275
1.2168054
1.6083680
1.6147630
1.2327526
0.6747690
0.2001222
-0.0668484
-0.1741807
-0.2326157
-0.2933903
-0.3295819
-0.3064228
-0.2392461
-0.1776494
-0.1512493
-0.1473539
-0.1385672
-0.1175410
-0.0985582
-0.0939223
-0.0998738
-0.1055636
-0.1069595
-0.1069372
-0.1063236
-0.1020033
-0.0943591
-0.0907483
-0.0973724
-0.1097410
-0.1157970
-0.1094772
-0.0980137
-0.0934521
-0.0985845
-0.1042298
-0.1004093
-0.0874240
-0.0744104
-0.0687948
-0.0696245
-0.0709085
-0.0687269
-0.0634053
-0.0562756
-0.0472582
-0.0365865
-0.0269566
-0.0215192
-0.0194891
-0.0155468
-0.0050828
0.0102466
0.0233673
0.0287361
0.0282136
0.0297777
0.0405197
0.0610177
0.0862391
0.1110669
0.1341110
0.1563959
0.1780139
0.1977613
0.2158444
0.2348984
0.2568270
0.2794355
0.2982363
0.3123662
0.3274234
0.3507556
0.3837339
0.4197850
0.4506738
0.4739750
0.4934709
0.5128660
0.5308587
0.5429871
0.5468899
0.5442277
0.5378635
0.5288050
0.5163814
0.5000247
0.4793869
0.4528201
0.4171701
0.3703802
0.3146617
0.2566486
0.2036892
0.1593501
0.1221903
0.0888191
0.0582108
0.0331433
0.0173488
0.0109872
0.0088594
0.0036200
-0.0084300
-0.0242921
-0.0369696
-0.0412908
-0.0373775
-0.0292972
-0.0213716
-0.0157663
-0.0122249
-0.0086616
-0.0020691
0.0095745
0.0247261
0.0375215
0.0411180
0.0335678
0.0207481
0.0121952
0.0126194
0.0174094
0.0173199
0.0079499
-0.0057986
-0.0147775
-0.0144939
-0.0086247
-0.0044434
-0.0060758
-0.0126149
-0.0214995
-0.0317676
-0.0435025
-0.0557319
-0.0667847
-0.0766760
-0.0875006
-0.1005725
-0.1139717
-0.1238543
-0.1279562
-0.1273567
-0.1254157
-0.1257925
-0.1307209
-0.1392081
-0.1462325
-0.1456264
-0.1362358
-0.1252926
-0.1231743
-0.1327695
-0.1448585
-0.1463482
-0.1336443
-0.1161936
-0.1059044
-0.1047920
-0.1049036
-0.0991042
-0.0887369
-0.0800625
-0.0763531
-0.0762776
-0.0785321
-0.0839827
-0.0918123
-0.0965732
-0.0927663
-0.0824497
-0.0753260
-0.0794087
-0.0928395
-0.1065765
-0.1140601
-0.1158001
-0.1148164
-0.1112461
-0.1039052
-0.0950846
-0.0898265
-0.0895979
-0.0895515
-0.0845353
-0.0768957
-0.0756334
-0.0867934
-0.1059773
-0.1216202
-0.1252228
-0.1175576
-0.1058675
-0.0972839
-0.0953965
-0.1004050
-0.1093985
-0.1165522
-0.1160700
-0.1072572
-0.0963114
-0.0915485
-0.0961504
-0.1056492
-0.1122960
-0.1115366
-0.1047140
-0.0968109
-0.0924932
-0.0937406
-0.0995916
-0.1069567
-0.1120046
-0.1119747
-0.1064031
-0.0967191
-0.0849615
-0.0733217
-0.0643837
-0.0602542
-0.0605849
-0.0622708
-0.0622861
-0.0607502
-0.0603265
-0.0625156
-0.0654128
-0.0656265
-0.0619156
-0.0563726
-0.0523815
-0.0521948
-0.0562945
-0.0635514
-0.0707840
-0.0732267
-0.0680713
-0.0586666
-0.0533406
-0.0576522
-0.0679713
-0.0748153
-0.0732156
-0.0681284
-0.0684125
-0.0768546
-0.0882110
-0.0965809
-0.1017658
-0.1066956
-0.1107547
-0.1094509
-0.1014762
-0.0926804
-0.0896491
-0.0904362
-0.0858670
-0.0716415
-0.0559111
-0.0512163
-0.0598394
-0.0711481
-0.0747409
-0.0728522
-0.0762848
-0.0894169
-0.1039892
-0.1097432
-0.1075092
-0.1068365
-0.1112125
-0.1116738
-0.0990921
-0.0792906
-0.0692310
-0.0770289
-0.0914355
-0.0954425
-0.0869065
-0.0793140
-0.0823529
-0.0893951
-0.0891639
-0.0841589
-0.0874211
-0.1001578
-0.1038832
-0.0843910
-0.0576825
-0.0568066
-0.0887468
-0.1189028
-0.1128454
-0.0846013
-0.0758506
-0.0728548
0.0339145
0.3641613
0.8956785
1.4096693
1.6238423
1.4116325
0.9035101
0.3745835
0.0303374
-0.1113743
-0.1602577
-0.2122182
-0.2750102
-0.3055697
-0.2833950
-0.2334773
-0.1923157
-0.1720188
-0.1611143
-0.1482553
-0.1351223
-0.1288855
-0.1309631
-0.1365537
-0.1411700
-0.1436609
-0.1439377
-0.1409964
-0.1339753
-0.1239017
-0.1140258
-0.1087626
-0.1110656
-0.1187024
-0.1233171
-0.1161244
-0.0967001
-0.0751156
-0.0631548
-0.0630419
-0.0660273
-0.0622265
-0.0502547
-0.0363451
-0.0259736
-0.0193265
-0.0149899
-0.0143657
-0.0192822
-0.0266716
-0.0297332
-0.0258006
-0.0204280
-0.0212792
-0.0291214
-0.0372165
-0.0391971
-0.0349261
-0.0278999
-0.0195920
-0.0090846
0.0026978
0.0122010
0.0187981
0.0290284
0.0515383
0.0868401
0.1246031
0.1532457
0.1712586
0.1872466
0.2096751
0.2391750
0.2710944
0.3023854
0.3333711
0.3641336
0.3927403
0.4183964
0.4441862
0.4740144
0.5068779
0.5364513
0.5574731
0.5708589
0.5805654
0.5865601
0.5840921
0.5706694
0.5506243
0.5298379
0.5071578
0.4746572
0.4276258
0.3719586
0.3192254
0.2750008
0.2344413
0.1900894
0.1418740
0.0970628
0.0610579
0.0313935
0.0022660
-0.0274226
-0.0535488
-0.0734802
-0.0895599
-0.1042271
-0.1142475
-0.1132142
-0.0999964
-0.0821961
-0.0695410
-0.0647133
-0.0623065
-0.0565891
-0.0482208
-0.0421187
-0.0403306
-0.0396956
-0.0367274
-0.0321943
-0.0291459
-0.0280529
-0.0264911
-0.0234933
-0.0217226
-0.0240359
-0.0292139
-0.0327988
-0.0319895
-0.0283053
-0.0250120
-0.0232871
-0.0223502
-0.0226815
-0.0266229
-0.0345123
-0.0420284
-0.0440806
-0.0414248
-0.0410345
-0.0485923
-0.0619860
-0.0738427
-0.0798750
-0.0829842
-0.0889054
-0.0993706
-0.1108083
-0.1191521
-0.1242135
-0.1285851
-0.1334983
-0.1375836
-0.1397266
-0.1411971
-0.1436441
-0.1460219
-0.1452461
-0.1399836
-0.1327176
-0.1278699
-0.1285948
-0.1352434
-0.1455479
-0.1553964
-0.1602928
-0.1578872
-0.1501722
-0.1427110
-0.1402358
-0.1420499
-0.1422253
-0.1353102
-0.1218720
-0.1077924
-0.0984026
-0.0944134
-0.0934656
-0.0937294
-0.0945472
-0.0945496
-0.0913574
-0.0841383
-0.0757490
-0.0712484
-0.0737891
-0.0820013
-0.0914397
-0.0983106
-0.1016607
-0.1028407
-0.1043827
-0.1095531
-0.1208843
-0.1370221
-0.1515224
-0.1570332
-0.1517970
-0.1413686
-0.1334179
-0.1313497
-0.1330706
-0.1346042
-0.1334315
-0.1287054
-0.1204843
-0.1106913
-0.1041527
-0.1057560
-0.1145558
-0.1220372
-0.1192065
-0.1061780
-0.0928131
-0.0887449
-0.0942406
-0.1020930
-0.1066120
-0.1079151
-0.1078221
-0.1053184
-0.0987543
-0.0909184
-0.0879779
-0.0916601
-0.0948314
-0.0882496
-0.0719323
-0.0568939
-0.0539121
-0.0625526
-0.0735513
-0.0803479
-0.0845376
-0.0898163
-0.0949033
-0.0957567
-0.0929461
-0.0925863
-0.0986710
-0.1070663
-0.1097211
-0.1042738
-0.0970301
-0.0958137
-0.1021152
-0.1118978
-0.1218715
-0.1312973
-0.1381080
-0.1382432
-0.1318852
-0.1271934
-0.1327034
-0.1456153
-0.1518801
-0.1407831
-0.1177178
-0.0994576
-0.0967694
-0.1043059
-0.1086968
-0.1039531
-0.0957130
-0.0912589
-0.0900154
-0.0864346
-0.0791705
-0.0728411
-0.0707807
-0.0699942
-0.0651280
-0.0552392
-0.0446780
-0.0384243
-0.0379363
-0.0402560
-0.0394295
-0.0302974
-0.0141406
-0.0005648
0.0001451
-0.0115879
-0.0253024
-0.0371476
-0.0592436
-0.0946004
-0.0924723
0.0541135
0.4272821
0.9712754
1.4666019
1.6536866
1.4215524
0.8945021
0.3339930
-0.0539860
-0.2337180
-0.2953005
-0.3282431
-0.3488241
-0.3303438
-0.2688287
-0.1992070
-0.1563335
-0.1411061
-0.1314845
-0.1150997
-0.0997949
-0.0959339
-0.1003939
-0.1024381
-0.0986666
-0.0948732
-0.0942876
-0.0907661
-0.0770636
-0.0564650
-0.0411442
-0.0385486
-0.0430723
-0.0432156
-0.0348109
-0.0247589
-0.0228169
-0.0321461
-0.0475399
-0.0603327
-0.0642840
-0.0588164
-0.0487337
-0.0409572
-0.0402966
-0.0469658
-0.0571199
-0.0656063
-0.0691643
-0.0682456
-0.0662601
-0.0667005
-0.0701232
-0.0729201
-0.0689025
-0.0535940
-0.0287936
-0.0027759
0.0158666
0.0256665
0.0332257
0.0466217
0.0684491
0.0949956
0.1206285
0.1422773
0.1609855
0.1807336
0.2058222
0.2382454
0.2764160
0.3157824
0.3509495
0.3784847
0.3989228
0.4162025
0.4346553
0.4561948
0.4797643
0.5022791
0.5198109
0.5294683
0.5317653
0.5307877
0.5306919
0.5317581
0.5302966
0.5221500
0.5058438
0.4829052
0.4560115
0.4267171
0.3943230
0.3569367
0.3140429
0.2681520
0.2238869
0.1853567
0.1538364
0.1273027
0.1024384
0.0778110
0.0549796
0.0359973
0.0205820
0.0070273
-0.0046816
-0.0127247
-0.0168088
-0.0196452
-0.0235033
-0.0261225
-0.0218661
-0.0078209
0.0114284
0.0258421
0.0278125
0.0187806
0.0079043
0.0038329
0.0077395
0.0137932
0.0150226
0.0085024
-0.0031127
-0.0132517
-0.0155734
-0.0089621
0.0005781
0.0037795
-0.0050978
-0.0243368
-0.0465773
-0.0645263
-0.0762274
-0.0857112
-0.0980783
-0.1135747
-0.1271461
-0.1341194
-0.1353194
-0.1357797
-0.1391369
-0.1445161
-0.1491836
-0.1534374
-0.1613914
-0.1754829
-0.1904776
-0.1955535
-0.1846333
-0.1637249
-0.1455578
-0.1368717
-0.1330593
-0.1256433
-0.1126895
-0.1002994
-0.0950519
-0.0968409
-0.0994415
-0.0972533
-0.0907762
-0.0854634
-0.0859090
-0.0917730
-0.0986703
-0.1015722
-0.0975709
-0.0875647
-0.0764287
-0.0701025
-0.0710329
-0.0769258
-0.0843080
-0.0918988
-0.0997686
-0.1072845
-0.1141383
-0.1224134
-0.1347700
-0.1496017
-0.1597366
-0.1582805
-0.1467210
-0.1361845
-0.1383376
-0.1537256
-0.1702285
-0.1746166
-0.1651018
-0.1513044
-0.1430959
-0.1419319
-0.1427297
-0.1410077
-0.1364613
-0.1311511
-0.1263758
-0.1218757
-0.1176297
-0.1155446
-0.1180144
-0.1242330
-0.1293173
-0.1287888
-0.1236658
-0.1197298
-0.1213965
-0.1267988
-0.1290618
-0.1227501
-0.1099267
-0.0996763
-0.1000045
-0.1096140
-0.1191758
-0.1214564
-0.1185198
-0.1177648
-0.1225405
-0.1287369
-0.1301366
-0.1253784
-0.1191936
-0.1174140
-0.1211960
-0.1263312
-0.1279857
-0.1250460
-0.1194340
-0.1131356
-0.1079456
-0.1065971
-0.1105626
-0.1162133
-0.1161871
-0.1065999
-0.0919940
-0.0819092
-0.0825142
-0.0913946
-0.0999256
-0.1010555
-0.0955751
-0.0906838
-0.0922577
-0.0994052
-0.1067269
-0.1098534
-0.1073802
-0.0995884
-0.0885638
-0.0795933
-0.0794949
-0.0910915
-0.1088536
-0.1212853
-0.1202626
-0.1097752
-0.1035159
-0.1104107
-0.1233152
-0.1265163
-0.1150697
-0.1012465
-0.0984366
-0.1034489
-0.1013701
-0.0865997
-0.0709729
-0.0671071
-0.0703387
-0.0673575
-0.0619275
-0.0743669
-0.0956853
-0.0453718
0.1922959
0.6521986
1.1985146
1.5742112
1.5758406
1.2059811
0.6655368
0.1967188
-0.0789954
-0.1958586
-0.2518880
-0.3014386
-0.3308741
-0.3116949
-0.2512157
-0.1871739
-0.1486203
-0.1354938
-0.1324287
-0.1301872
-0.1299585
-0.1339268
-0.1389831
-0.1404941
-0.1389293
-0.1396024
-0.1451937
-0.1509222
-0.1498075
-0.1416457
-0.1332876
-0.1298212
-0.1289308
-0.1251599
-0.1169485
-0.1078975
-0.1029824
-0.1046264
-0.1109231
-0.1168869
-0.1184458
-0.1151766
-0.1084581
-0.0988079
-0.0874961
-0.0790275
-0.0780259
-0.0835605
-0.0895994
-0.0914028
-0.0891419
-0.0852203
-0.0803268
-0.0726299
-0.0598778
-0.0426322
-0.0256131
-0.0138916
-0.0069548
0.0009592
0.0136156
0.0290697
0.0446004
0.0612368
0.0804530
0.1000812
0.1177517
0.1364008
0.1622400
0.1971780
0.2350510
0.2653928
0.2814993
0.2870256
0.2944756
0.3142087
0.3445370
0.3749380
0.3978798
0.4138039
0.4260685
0.4368986
0.4487036
0.4634763
0.4785744
0.4867751
0.4822983
0.4649118
0.4387183
0.4095039
0.3816007
0.3537688
0.3199435
0.2778677
0.2347699
0.2001597
0.1750924
0.1527022
0.1268407
0.0960678
0.0622994
0.0302675
0.0053928
-0.0123541
-0.0295891
-0.0507232
-0.0715896
-0.0852306
-0.0897256
-0.0872765
-0.0810253
-0.0760857
-0.0775964
-0.0842352
-0.0898351
-0.0938032
-0.1020324
-0.1150851
-0.1252438
-0.1290548
-0.1327340
-0.1406272
-0.1479963
-0.1494199
-0.1450002
-0.1359524
-0.1248533
-0.1208702
-0.1307850
-0.1441242
-0.1437585
-0.1320924
-0.1271370
-0.1317779
-0.1318747
-0.1283199
-0.1394014
-0.1592587
-0.1476023
-0.0846240
