-0.0470559
-0.0298073
-0.0359378
-0.0385891
-0.0338332
-0.0383944
-0.0536373
-0.0634055
-0.0635130
-0.0665543
-0.0778524
-0.0888119
-0.0950501
-0.1024792
-0.1137424
-0.1238696
-0.1308800
-0.1385288
-0.1483862
-0.1594251
-0.1737562
-0.1926674
-0.2093530
-0.2160850
-0.2172803
-0.2260593
-0.2482087
-0.2762010
-0.2971063
-0.3005020
-0.2819473
-0.2455382
-0.2012342
-0.1554467
-0.1080343
-0.0621361
-0.0298259
-0.0200041
-0.0246407
-0.0254371
-0.0138309
0.0009443
0.0040136
-0.0080471
-0.0232134
-0.0269383
-0.0168138
0.0047215
0.0605565
0.2118320
0.5134188
0.9367439
1.3421904
1.5494815
1.4570301
1.1096379
0.6611370
0.2694562
0.0102024
-0.1328002
-0.2130114
-0.2648821
-0.2919460
-0.2900889
-0.2677501
-0.2448615
-0.2404940
-0.2615122
-0.2967518
-0.3224636
-0.3209490
-0.2970706
-0.2725290
-0.2615517
-0.2551791
-0.2323493
-0.1858621
-0.1352502
-0.1113439
-0.1254973
-0.1547033
-0.1613757
-0.1300488
-0.0821615
-0.0532490
-0.0583477
-0.0810121
-0.0921610
-0.0763443
-0.0423400
-0.0124525
-0.0017445
-0.0058033
-0.0079056
0.0031324
0.0239287
0.0435134
0.0546891
0.0574425
0.0554114
0.0524943
0.0517495
0.0549166
0.0617656
0.0692197
0.0712455
0.0622460
0.0433686
0.0244442
0.0166530
0.0229187
0.0368641
0.0501336
0.0588089
0.0643640
0.0719093
0.0873430
0.1127222
0.1428170
0.1677176
0.1805039
0.1832691
0.1864134
0.2014130
0.2317827
0.2697948
0.3033885
0.3270966
0.3448944
0.3624956
0.3799287
0.3929189
0.3983575
0.3957021
0.3850253
0.3668638
0.3434344
0.3173312
0.2885218
0.2544972
0.2150165
0.1765511
0.1498737
0.1403392
0.1401625
0.1336451
0.1127129
0.0853627
0.0659819
0.0592463
0.0571329
0.0498414
0.0339586
0.0097405
-0.0223361
-0.0569693
-0.0798207
-0.0763394
-0.0485234
-0.0189136
-0.0115163
-0.0272334
-0.0428685
-0.0384183
-0.0218464
-0.0198575
-0.0442478
-0.0757243
-0.0859236
-0.0694884
-0.0462235
-0.0334165
-0.0259168
-0.0086373
0.0171179
0.0294106
0.0108097
-0.0276287
-0.0545982
-0.0516168
-0.0322905
-0.0246554
-0.0381148
-0.0544284
-0.0513458
-0.0285280
-0.0064791
-0.0038212
-0.0206779
-0.0435352
-0.0612549
-0.0733071
-0.0843899
-0.0957418
-0.1045979
-0.1103720
-0.1170073
-0.1276526
-0.1398384
-0.1483498
-0.1511001
-0.1495572
-0.1447257
-0.1361826
-0.1254691
-0.1177126
-0.1183074
-0.1286775
-0.1455403
-0.1630282
-0.1746573
-0.1744314
-0.1589108
-0.1309699
-0.1017117
-0.0852168
-0.0872115
-0.0983198
-0.1012941
-0.0867579
-0.0613027
-0.0402122
-0.0339752
-0.0418727
-0.0554475
-0.0656170
-0.0679638
-0.0647362
-0.0631737
-0.0702298
-0.0863770
-0.1037023
-0.1119063
-0.1088738
-0.1052341
-0.1149650
-0.1392007
-0.1619306
-0.1656528
-0.1507285
-0.1354042
-0.1361012
-0.1516120
-0.1682473
-0.1737375
-0.1551818
-0.0805981
0.1032374
0.4288739
0.8454652
1.2029967
1.3265632
1.1375836
0.7184532
0.2571408
-0.0830461
-0.2566780
-0.3229586
-0.3590423
-0.3904158
-0.3934627
-0.3462663
-0.2643179
-0.1883350
-0.1472261
-0.1385597
-0.1406113
-0.1358027
-0.1218900
-0.1071203
-0.0998736
-0.1019513
-0.1083282
-0.1123429
-0.1121374
-0.1123039
-0.1184719
-0.1300017
-0.1388045
-0.1367092
-0.1248104
-0.1147198
-0.1185294
-0.1365089
-0.1557986
-0.1625083
-0.1548273
-0.1437641
-0.1419186
-0.1522604
-0.1665199
-0.1726469
-0.1642415
-0.1450389
-0.1257516
-0.1161454
-0.1185796
-0.1272817
-0.1325977
-0.1266924
-0.1076800
-0.0802753
-0.0524769
-0.0303976
-0.0147721
-0.0008360
0.0188928
0.0494957
0.0879513
0.1220974
0.1386518
0.1356501
0.1269588
0.1320360
0.1590269
0.1971392
0.2259867
0.2333931
0.2249994
0.2171340
0.2211362
0.2351912
0.2500124
0.2592513
0.2630088
0.2640746
0.2645482
0.2659364
0.2688437
0.2703889
0.2637603
0.2434918
0.2121288
0.1798857
0.1553661
0.1362823
0.1115093
0.0743581
0.0327686
0.0032122
-0.0066038
-0.0066447
-0.0139124
-0.0335433
-0.0525421
-0.0530457
-0.0312253
-0.0027210
0.0104953
-0.0010308
-0.0271890
-0.0483461
-0.0516005
-0.0386102
-0.0209164
-0.0100635
-0.0109170
-0.0207428
-0.0324588
-0.0395857
-0.0400339
-0.0364050
-0.0331959
-0.0335716
-0.0377538
-0.0433989
-0.0476705
-0.0499088
-0.0525545
-0.0588532
-0.0691370
-0.0792994
-0.0832657
-0.0780702
-0.0679230
-0.0631766
-0.0730324
-0.0970991
-0.1242802
-0.1415716
-0.1448268
-0.1407514
-0.1384049
-0.1393545
-0.1366401
-0.1232818
-0.1011250
-0.0805363
-0.0713768
-0.0750350
-0.0851108
-0.0937174
-0.0955272
-0.0880358
-0.0726366
-0.0569636
-0.0523798
-0.0645049
-0.0856524
-0.0995907
-0.0961915
-0.0810996
-0.0694438
-0.0697453
-0.0754956
-0.0737787
-0.0610870
-0.0482620
-0.0493317
-0.0674206
-0.0927923
-0.1128935
-0.1221197
-0.1229031
-0.1209259
-0.1212179
-0.1272213
-0.1404665
-0.1593831
-0.1789469
-0.1932802
-0.1999902
-0.2019780
-0.2043472
-0.2095095
-0.2155625
-0.2186325
-0.2155500
-0.2048223
-0.1873319
-0.1670227
-0.1490367
-0.1353461
-0.1231349
-0.1093245
-0.0959499
-0.0882319
-0.0868350
-0.0858386
-0.0816057
-0.0789476
-0.0761732
-0.0363891
0.1156071
0.4406537
0.9056822
1.3560337
1.5900865
1.4918564
1.1117134
0.6250751
0.2084949
-0.0592234
-0.2007459
-0.2735615
-0.3104822
-0.3136077
-0.2828611
-0.2341606
-0.1903222
-0.1637966
-0.1529068
-0.1509274
-0.1541214
-0.1620493
-0.1742227
-0.1879870
-0.1985335
-0.2009933
-0.1943376
-0.1839032
-0.1783114
-0.1817799
-0.1891762
-0.1898280
-0.1772053
-0.1549648
-0.1334421
-0.1207384
-0.1175134
-0.1190274
-0.1196876
-0.1150096
-0.1021072
-0.0818978
-0.0610925
-0.0490049
-0.0497024
-0.0570422
-0.0586112
-0.0457758
-0.0209105
0.0045839
0.0196596
0.0221326
0.0189948
0.0190023
0.0252381
0.0344194
0.0420240
0.0468692
0.0509774
0.0563928
0.0631781
0.0703981
0.0780969
0.0873316
0.0981698
0.1086966
0.1170373
0.1240761
0.1331140
0.1466966
0.1645518
0.1846446
0.2051444
0.2249364
0.2433177
0.2602409
0.2764702
0.2926479
0.3083028
0.3224120
0.3348277
0.3461972
0.3557777
0.3597951
0.3534076
0.3354925
0.3112345
0.2885655
0.2711273
0.2550945
0.2334525
0.2032364
0.1686135
0.1377886
0.1173212
0.1081325
0.1053289
0.1019326
0.0941339
0.0835447
0.0739629
0.0661647
0.0570708
0.0445049
0.0313527
0.0229965
0.0203700
0.0175911
0.0085883
-0.0044633
-0.0121193
-0.0086144
-0.0000356
0.0010586
-0.0110361
-0.0294435
-0.0424418
-0.0443517
-0.0376619
-0.0274276
-0.0173995
-0.0112156
-0.0128102
-0.0221537
-0.0318832
-0.0321431
-0.0206607
-0.0063367
-0.0008034
-0.0071422
-0.0188069
-0.0287144
-0.0357664
-0.0412155
-0.0425530
-0.0356864
-0.0227832
-0.0134158
-0.0153506
-0.0262317
-0.0371658
-0.0437601
-0.0504033
-0.0625557
-0.0775782
-0.0865077
-0.0847736
-0.0780723
-0.0759515
-0.0815516
-0.0901873
-0.0969955
-0.1024209
-0.1090337
-0.1158875
-0.1191007
-0.1175177
-0.1151673
-0.1170508
-0.1236231
-0.1303979
-0.1324844
-0.1287597
-0.1220244
-0.1161797
-0.1133497
-0.1124718
-0.1097725
-0.1016546
-0.0889297
-0.0780909
-0.0762102
-0.0833262
-0.0912655
-0.0916056
-0.0839826
-0.0749072
-0.0693660
-0.0665557
-0.0644206
-0.0648090
-0.0705167
-0.0781868
-0.0786922
-0.0672562
-0.0510328
-0.0427987
-0.0468049
-0.0543389
-0.0552854
-0.0511740
-0.0527857
-0.0657332
-0.0833820
-0.0960367
-0.1029339
-0.1104043
-0.1196531
-0.1224773
-0.1121163
-0.0948475
-0.0857520
-0.0925259
-0.1069903
-0.1142077
-0.1071900
-0.0901285
-0.0701074
-0.0513561
-0.0381767
-0.0369789
-0.0497057
-0.0670871
-0.0729771
-0.0529888
0.0094161
0.1458103
0.3951167
0.7589999
1.1544279
1.4249241
1.4286313
1.1407789
0.6789622
0.2236744
-0.0972467
-0.2636639
-0.3277985
-0.3437612
-0.3326215
-0.2974655
-0.2491535
-0.2075250
-0.1839181
-0.1727530
-0.1626668
-0.1514587
-0.1470950
-0.1562654
-0.1755156
-0.1938181
-0.2015370
-0.1963043
-0.1824639
-0.1667463
-0.1535213
-0.1421926
-0.1289882
-0.1123569
-0.0963537
-0.0872034
-0.0863573
-0.0886774
-0.0884335
-0.0856062
-0.0844281
-0.0863313
-0.0868646
-0.0808431
-0.0690815
-0.0579157
-0.0520702
-0.0499146
-0.0466524
-0.0404919
-0.0336869
-0.0282809
-0.0235109
-0.0180735
-0.0124453
-0.0068826
0.0013651
0.0157461
0.0348509
0.0517726
0.0610738
0.0654308
0.0730677
0.0881811
0.1057519
0.1172575
0.1204887
0.1217517
0.1285559
0.1426447
0.1615856
0.1849167
0.2150961
0.2517614
0.2879397
0.3146356
0.3290579
0.3368094
0.3456292
0.3578892
0.3695554
0.3754535
0.3743713
0.3691512
0.3630457
0.3567411
0.3482964
0.3349598
0.3151868
0.2899610
0.2624807
0.2357205
0.2098446
0.1827705
0.1538096
0.1257504
0.1020801
0.0826758
0.0640771
0.0446034
0.0275344
0.0173676
0.0132723
0.0084076
-0.0030416
-0.0194358
-0.0342261
-0.0445387
-0.0545451
-0.0688354
-0.0845956
-0.0935962
-0.0919343
-0.0845499
-0.0781599
-0.0719545
-0.0589002
-0.0366769
-0.0141784
-0.0043409
-0.0108742
-0.0241725
-0.0308981
-0.0261095
-0.0152680
-0.0065123
-0.0037745
-0.0068558
-0.0141331
-0.0223404
-0.0256726
-0.0194684
-0.0063843
0.0034022
0.0008011
-0.0132640
-0.0288092
-0.0367687
-0.0369002
-0.0356733
-0.0383061
-0.0448791
-0.0534441
-0.0636485
-0.0753392
-0.0855604
-0.0904882
-0.0911356
-0.0945582
-0.1070864
-0.1269334
-0.1452758
-0.1547177
-0.1552728
-0.1517720
-0.1473159
-0.1411288
-0.1321327
-0.1219709
-0.1130282
-0.1049010
-0.0952341
-0.0842912
-0.0765810
-0.0764191
-0.0827766
-0.0900865
-0.0938948
-0.0942407
-0.0933793
-0.0919971
-0.0890200
-0.0842716
-0.0794823
-0.0762131
-0.0739566
-0.0712485
-0.0681223
-0.0663418
-0.0672127
-0.0702811
-0.0745651
-0.0797699
-0.0850750
-0.0877655
-0.0854713
-0.0804170
-0.0793675
-0.0871840
-0.1007528
-0.1112012
-0.1128843
-0.1091566
-0.1083819
-0.1148995
-0.1249851
-0.1313028
-0.1296809
-0.1209868
-0.1083014
-0.0947233
-0.0836990
-0.0784177
-0.0785453
-0.0787274
-0.0731550
-0.0623286
-0.0533911
-0.0523487
-0.0570791
-0.0598504
-0.0564418
-0.0506172
-0.0485871
-0.0508463
-0.0519736
-0.0483821
-0.0433988
-0.0426120
-0.0457287
-0.0463615
-0.0407204
-0.0338201
-0.0344265
-0.0445378
-0.0565694
-0.0618914
-0.0603517
-0.0596410
-0.0661225
-0.0785478
-0.0912259
-0.1009949
-0.1087198
-0.1148179
-0.1168112
-0.1133187
-0.1085519
-0.1093695
-0.1169081
-0.1232528
-0.1184392
-0.1004833
-0.0773163
-0.0591009
-0.0499786
-0.0472646
-0.0463414
-0.0441060
-0.0385134
-0.0283088
-0.0156081
-0.0071623
-0.0093342
-0.0202701
-0.0291566
-0.0260313
-0.0125827
-0.0015195
-0.0044102
-0.0209693
-0.0407799
-0.0541514
-0.0595117
-0.0606161
-0.0594869
-0.0548266
-0.0470674
-0.0419421
-0.0463280
-0.0604348
-0.0758720
-0.0828319
-0.0792559
-0.0725631
-0.0723871
-0.0817070
-0.0947652
-0.1031463
-0.1036611
-0.1004581
-0.0999121
-0.1040787
-0.1093876
-0.1110393
-0.1074769
-0.1002128
-0.0905254
-0.0781320
-0.0636736
-0.0512247
-0.0464058
-0.0510379
-0.0600457
-0.0645024
-0.0583635
-0.0429935
-0.0262969
-0.0178610
-0.0231730
-0.0395869
-0.0568908
-0.0640741
-0.0584593
-0.0484698
-0.0455216
-0.0523918
-0.0609520
-0.0621949
-0.0565813
-0.0521074
-0.0532744
-0.0560954
-0.0556496
-0.0545229
-0.0587655
-0.0669165
-0.0699108
-0.0635853
-0.0510824
-0.0199324
0.0809176
0.3181556
0.7009362
1.1226175
1.3942045
1.3670080
1.0456917
0.5874701
0.1853868
-0.0591394
-0.1681619
-0.2180996
-0.2558560
-0.2776605
-0.2660180
-0.2246603
-0.1745357
-0.1301365
-0.0923497
-0.0617624
-0.0469892
-0.0540764
-0.0735374
-0.0864503
-0.0845206
-0.0786190
-0.0841305
-0.1011324
-0.1140106
-0.1105222
-0.0964723
-0.0886584
-0.0957388
-0.1100144
-0.1181435
-0.1162459
-0.1119891
-0.1137581
-0.1216029
-0.1297730
-0.1350666
-0.1392624
-0.1435195
-0.1437494
-0.1341199
-0.1144744
-0.0920365
-0.0749849
-0.0653574
-0.0588592
-0.0505454
-0.0394236
-0.0280095
-0.0192360
-0.0146471
-0.0142601
-0.0161060
-0.0154553
-0.0062084
0.0148467
0.0444897
0.0744884
0.0974379
0.1116985
0.1211227
0.1306650
0.1424866
0.1556526
0.1686863
0.1820436
0.1981081
0.2185973
0.2418093
0.2629229
0.2780083
0.2881750
0.2990849
0.3154234
0.3357961
0.3538499
0.3647751
0.3699553
0.3743952
0.3801233
0.3837022
0.3808022
0.3717892
0.3610669
0.3511403
0.3392500
0.3209459
0.2959088
0.2685991
0.2431717
0.2192673
0.1937106
0.1654730
0.1376400
0.1145882
0.0984603
0.0886229
0.0828193
0.0771232
0.0657556
0.0442916
0.0152736
-0.0106786
-0.0226296
-0.0199201
-0.0139164
-0.0172640
-0.0309397
-0.0429494
-0.0405098
-0.0230543
-0.0027412
0.0071750
0.0034408
-0.0069797
-0.0152421
-0.0174754
-0.0147189
-0.0094081
-0.0038098
-0.0005526
-0.0018464
-0.0068341
-0.0106667
-0.0077902
0.0031707
0.0178356
0.0292780
0.0327932
0.0283285
0.0196705
0.0117988
0.0077781
0.0064254
0.0027787
-0.0075975
-0.0235029
-0.0378495
-0.0439398
-0.0423188
-0.0403843
-0.0445797
-0.0537448
-0.0612049
-0.0630787
-0.0630442
-0.0680791
-0.0802370
-0.0938145
-0.1007533
-0.0980684
-0.0898170
-0.0828184
-0.0813362
-0.0851986
-0.0912417
-0.0956177
-0.0956831
-0.0914756
-0.0862559
-0.0850287
-0.0912408
-0.1038278
-0.1170060
-0.1232575
-0.1176663
-0.1009299
-0.0792209
-0.0608402
-0.0514783
-0.0510492
-0.0544459
-0.0558676
-0.0533035
-0.0492953
-0.0473529
-0.0476099
-0.0462163
-0.0393868
-0.0283335
-0.0200462
-0.0223771
-0.0371679
-0.0575437
-0.0724595
-0.0752308
-0.0686993
-0.0622293
-0.0632092
-0.0710739
-0.0793640
-0.0831229
-0.0835077
-0.0848641
-0.0881386
-0.0887124
-0.0815993
-0.0683040
-0.0574423
-0.0578903
-0.0710580
-0.0894854
-0.1026297
-0.1045856
-0.0977531
-0.0901936
-0.0889534
-0.0944556
-0.1006204
-0.1009168
-0.0947134
-0.0872353
-0.0830601
-0.0809736
-0.0769220
-0.0714032
-0.0707450
-0.0788435
-0.0894584
-0.0906921
-0.0783958
-0.0622980
-0.0560937
-0.0628111
-0.0733189
-0.0790613
-0.0816727
-0.0871445
-0.0942318
-0.0950962
-0.0881963
-0.0840300
-0.0924990
-0.1073297
-0.1105594
-0.0946083
-0.0737610
-0.0680599
-0.0788361
-0.0877316
-0.0807376
-0.0653469
-0.0588867
-0.0663959
-0.0793007
-0.0910404
-0.0942814
-0.0507094
0.1191613
0.4775892
0.9742139
1.4181621
1.5823246
1.3712109
0.9003653
0.4070705
0.0733135
-0.0783221
-0.1394194
-0.1946046
-0.2526604
-0.2761844
-0.2473145
-0.1898836
-0.1387819
-0.1068746
-0.0861075
