-0.1196780
-0.1084016
-0.1064348
-0.1179512
-0.1370647
-0.1508645
-0.1502640
-0.1380643
-0.1253119
-0.1202952
-0.1227319
-0.1266546
-0.1209387
-0.0796214
0.0437118
0.2924313
0.6554133
1.0318343
1.2628540
1.2270376
0.9284626
0.4990881
0.1084595
-0.1430220
-0.2605775
-0.3060680
-0.3257536
-0.3235959
-0.2885572
-0.2292274
-0.1744185
-0.1460409
-0.1406863
-0.1395866
-0.1310830
-0.1190274
-0.1119116
-0.1103686
-0.1084779
-0.1043428
-0.1043694
-0.1153892
-0.1348030
-0.1512753
-0.1555504
-0.1491057
-0.1412873
-0.1389514
-0.1405325
-0.1403044
-0.1364218
-0.1326193
-0.1320816
-0.1320668
-0.1269452
-0.1164376
-0.1084018
-0.1111831
-0.1232029
-0.1319795
-0.1250447
-0.1019853
-0.0752859
-0.0594401
-0.0594202
-0.0687140
-0.0764738
-0.0756205
-0.0657808
-0.0514080
-0.0382242
-0.0296306
-0.0239061
-0.0143784
0.0057127
0.0364007
0.0687162
0.0905131
0.0960540
0.0907524
0.0869504
0.0949307
0.1167110
0.1463210
0.1747345
0.1955950
0.2087987
0.2201519
0.2367471
0.2606964
0.2864455
0.3049727
0.3117563
0.3107673
0.3099266
0.3122536
0.3120337
0.3005178
0.2755346
0.2449088
0.2198714
0.2050472
0.1949985
0.1803658
0.1570353
0.1293982
0.1054016
0.0891729
0.0783080
0.0671156
0.0513495
0.0302224
0.0059049
-0.0171001
-0.0325824
-0.0352981
-0.0255030
-0.0111104
-0.0036627
-0.0102775
-0.0287017
-0.0502123
-0.0673546
-0.0788739
-0.0877210
-0.0954310
-0.0992158
-0.0942848
-0.0785459
-0.0555493
-0.0338283
-0.0229227
-0.0275867
-0.0435401
-0.0591891
-0.0640944
-0.0577149
-0.0493936
-0.0483446
-0.0536978
-0.0558043
-0.0476723
-0.0332530
-0.0227024
-0.0206323
-0.0221122
-0.0210274
-0.0190011
-0.0223101
-0.0309193
-0.0357267
-0.0300431
-0.0212641
-0.0256791
-0.0496098
-0.0789337
-0.0915264
-0.0805261
-0.0624630
-0.0606546
-0.0819971
-0.1119477
-0.1311787
-0.1340266
-0.1298993
-0.1300998
-0.1372272
-0.1470007
-0.1556991
-0.1620156
-0.1630510
-0.1535980
-0.1327042
-0.1092317
-0.0963919
-0.0983299
-0.1039426
-0.0974831
-0.0764467
-0.0568667
-0.0581509
-0.0817383
-0.1055936
-0.1013550
-0.0591838
0.0013329
0.0432129
0.0376844
-0.0152513
-0.0859217
-0.1352888
-0.1427831
-0.1200500
-0.0977017
-0.0955873
-0.1050245
-0.1017218
-0.0755583
-0.0429554
-0.0263814
-0.0252651
-0.0154185
0.0190703
0.0588144
0.0623824
0.0093935
-0.0733854
-0.1332520
-0.1395270
-0.1099057
-0.0908994
-0.1144579
-0.1724298
-0.2285472
-0.2518087
-0.2394896
-0.2115681
-0.1857474
-0.1602618
-0.1235179
-0.0785245
-0.0460769
-0.0284747
0.0313882
0.2323460
0.6233485
1.1129995
1.4849038
1.5362200
1.2292571
0.7182708
0.2280802
-0.0989869
-0.2550457
-0.3020238
-0.2879284
-0.2302693
-0.1520135
-0.0970195
-0.0972301
-0.1386963
-0.1768937
-0.1859498
-0.1823944
-0.1972326
-0.2338363
-0.2627900
-0.2564623
-0.2193486
-0.1797310
-0.1565286
-0.1423362
-0.1207890
-0.0942827
-0.0860558
-0.1113724
-0.1512335
-0.1644060
-0.1324054
-0.0888204
-0.0909512
-0.1523470
-0.2086267
-0.1677488
-0.0075269
0.1800345
0.2561426
0.1586123
-0.0393955
-0.1951754
-0.2214809
-0.1495179
-0.0786706
-0.0763659
-0.1288161
-0.1758909
-0.1766445
-0.1371142
-0.0876369
-0.0489575
-0.0229691
-0.0054681
0.0035332
0.0035909
0.0014254
0.0090161
0.0333915
0.0702677
0.1087283
0.1412551
0.1681842
0.1931655
0.2167270
0.2361897
0.2511320
0.2658617
0.2840161
0.3014961
0.3082963
0.3000481
0.2865436
0.2848474
0.3017419
0.3250541
0.3357566
0.3285542
0.3168069
0.3149618
0.3191136
0.3098920
0.2754008
0.2268764
0.1874038
0.1662654
0.1494405
0.1179891
0.0726046
0.0349719
0.0241854
0.0358275
0.0471421
0.0404902
0.0177974
-0.0071921
-0.0251294
-0.0360749
-0.0421988
-0.0426361
-0.0379473
-0.0348564
-0.0405266
-0.0517721
-0.0549050
-0.0399827
-0.0134810
0.0070414
0.0111182
0.0048726
0.0010851
0.0034663
0.0050605
0.0011477
-0.0020441
0.0049868
0.0214407
0.0355152
0.0382159
0.0336707
0.0322091
0.0354542
0.0337695
0.0199898
0.0007912
-0.0107595
-0.0125078
-0.0166399
-0.0327743
-0.0521369
-0.0552721
-0.0363063
-0.0137564
-0.0120591
-0.0337658
-0.0556104
-0.0545115
-0.0337731
-0.0189028
-0.0282831
-0.0532031
-0.0693639
-0.0642040
-0.0477359
-0.0373292
-0.0381662
-0.0425004
-0.0442870
-0.0473409
-0.0569570
-0.0686148
-0.0709473
-0.0599690
-0.0456025
-0.0413873
-0.0503903
-0.0646788
-0.0766858
-0.0850848
-0.0874675
-0.0734446
-0.0337043
0.0218913
0.0612696
0.0528471
-0.0057755
-0.0832470
-0.1400904
-0.1589255
-0.1506315
-0.1355857
-0.1242695
-0.1161592
-0.1106183
-0.1114533
-0.1201859
-0.1304600
-0.1336066
-0.1285987
-0.1228197
-0.1222946
-0.1240715
-0.1204225
-0.1088975
-0.0949581
-0.0843650
-0.0764330
-0.0677398
-0.0607687
-0.0640522
-0.0813693
-0.1033241
-0.1135521
-0.1041247
-0.0828777
-0.0645687
-0.0564910
-0.0546157
-0.0528782
-0.0529367
-0.0625105
-0.0849558
-0.1128897
-0.1329891
-0.1359724
-0.1215151
-0.0957640
-0.0670811
-0.0440903
-0.0340849
-0.0393724
-0.0540426
-0.0656432
-0.0621689
-0.0399387
-0.0069269
0.0222943
0.0408148
0.0667700
0.1482550
0.3396310
0.6528105
1.0176726
1.2951306
1.3516172
1.1466434
0.7622091
0.3466002
0.0193726
-0.1844152
-0.2957100
-0.3542227
-0.3734527
-0.3509125
-0.2948197
-0.2296560
-0.1775411
-0.1426862
-0.1175751
-0.0990329
-0.0915639
-0.0958286
-0.1015152
-0.0969917
-0.0837129
-0.0754910
-0.0820802
-0.0970853
-0.1049572
-0.0979909
-0.0826136
-0.0690975
-0.0600548
-0.0527965
-0.0497469
-0.0586605
-0.0789189
-0.0929477
-0.0799576
-0.0411537
-0.0064722
-0.0100565
-0.0572613
-0.1177265
-0.1522728
-0.1462887
-0.1173398
-0.0930313
-0.0842651
-0.0795713
-0.0620097
-0.0288513
0.0049672
0.0213585
0.0174017
0.0101486
0.0212130
0.0528616
0.0800376
0.0732679
0.0360624
0.0164904
0.0694478
0.1972157
0.3293105
0.3739158
0.3018345
0.1824544
0.1298024
0.2032265
0.3543599
0.4690661
0.4628151
0.3421567
0.1856490
0.0755208
0.0461645
0.0830830
0.1531571
0.2293519
0.2953509
0.3412570
0.3628366
0.3629505
0.3487687
0.3264976
0.3002641
0.2746496
0.2537104
0.2358269
0.2136720
0.1836212
0.1531581
0.1329801
0.1207158
0.0993546
0.0588403
0.0171819
0.0101197
0.0523157
0.1115770
0.1311531
0.0837932
0.0016844
-0.0523403
-0.0446364
-0.0002356
0.0261324
0.0037188
-0.0511820
-0.0999312
-0.1208072
-0.1216181
-0.1200467
-0.1202764
-0.1116133
-0.0852858
-0.0465807
-0.0097304
0.0150763
0.0270710
0.0302235
0.0278556
0.0224812
0.0171019
0.0132533
0.0083052
-0.0025435
-0.0200698
-0.0373553
-0.0434892
-0.0320768
-0.0075270
0.0158431
0.0218860
0.0039447
-0.0274071
-0.0482413
-0.0390971
-0.0050481
0.0229566
0.0135877
-0.0336513
-0.0851992
-0.1057146
-0.0929400
-0.0763464
-0.0810288
-0.0989904
-0.1013934
-0.0765218
-0.0475618
-0.0487797
-0.0883150
-0.1406009
-0.1748881
-0.1846178
-0.1854549
-0.1899337
-0.1921239
-0.1783925
-0.1472682
-0.1138894
-0.0959952
-0.0984394
-0.1109133
-0.1181846
-0.1125163
-0.0991154
-0.0911933
-0.0974228
-0.1108965
-0.1108872
-0.0801953
-0.0248377
0.0241953
0.0329840
-0.0080062
-0.0769985
-0.1396823
-0.1737289
-0.1774182
-0.1614209
-0.1383878
-0.1193566
-0.1125866
-0.1193731
-0.1311559
-0.1351174
-0.1251208
-0.1059373
-0.0859124
-0.0686203
-0.0554600
-0.0537068
-0.0726719
-0.1064233
-0.1275806
-0.1117128
-0.0702927
-0.0439221
-0.0446459
-0.0066330
0.1801168
0.5577173
1.0137462
1.3243327
1.3119512
0.9814005
0.5090214
0.1007050
-0.1442954
-0.2510272
-0.2872002
-0.2890258
-0.2600134
-0.2094311
-0.1640567
-0.1421766
-0.1347114
-0.1227178
-0.1053721
-0.0985056
-0.1077271
-0.1173001
-0.1129903
-0.1064651
-0.1230480
-0.1647019
-0.1981319
-0.1893615
-0.1457574
-0.1131600
-0.1283725
-0.1805604
-0.2243951
-0.2280555
-0.2021460
-0.1812803
-0.1840610
-0.1968263
-0.1943189
-0.1686960
-0.1345957
-0.1103957
-0.1015938
-0.1032813
-0.1120881
-0.1287173
-0.1487549
-0.1576978
-0.1420232
-0.1063645
-0.0746824
-0.0685187
-0.0833072
-0.0906219
-0.0674794
-0.0218916
0.0143069
0.0182983
-0.0009489
-0.0135735
0.0006987
0.0357273
0.0702120
0.0900645
0.0973427
0.1017243
0.1101978
0.1263260
0.1531086
0.1898847
0.2273317
0.2518614
0.2581302
0.2545221
0.2538327
0.2609168
0.2724575
0.2861240
0.3033912
0.3212751
0.3271413
0.3090153
0.2715199
0.2352965
0.2157610
0.2049019
0.1799818
0.1310703
0.0745609
0.0357059
0.0212004
0.0145090
-0.0024166
-0.0289358
-0.0499913
-0.0562361
-0.0544435
-0.0581032
-0.0724656
-0.0916302
-0.1077517
-0.1187018
-0.1261686
-0.1302613
-0.1294947
-0.1249410
-0.1208039
-0.1198234
-0.1200292
-0.1169753
-0.1077655
-0.0924589
-0.0739991
-0.0587208
-0.0547038
-0.0652838
-0.0827920
-0.0915152
-0.0802974
-0.0530181
-0.0253477
-0.0105615
-0.0095960
-0.0154725
-0.0248404
-0.0411375
-0.0658017
-0.0906748
-0.1034828
-0.1004599
-0.0902248
-0.0842494
-0.0858942
-0.0903174
-0.0931765
-0.0964640
-0.1052870
-0.1206689
-0.1369007
-0.1456958
-0.1423212
-0.1285493
-0.1117487
-0.1017660
-0.1060975
-0.1244917
-0.1475888
-0.1632083
-0.1656321
-0.1581179
-0.1463660
-0.1321699
-0.1155650
-0.1010436
-0.0969075
-0.1062492
-0.1206811
-0.1263833
-0.1174245
-0.1016187
-0.0918953
-0.0928451
-0.0976980
-0.0981974
-0.0944566
-0.0933277
-0.0992086
-0.1095196
-0.1187888
-0.1241759
-0.1260952
-0.1257590
-0.1240532
-0.1221020
-0.1214692
-0.1234543
-0.1278959
-0.1315334
-0.1275703
-0.1097832
-0.0800125
-0.0488674
-0.0198138
0.0343310
0.1719376
0.4380469
0.7993289
1.1238969
1.2484245
1.0928307
0.7239844
0.3073521
-0.0110098
-0.1880531
-0.2715711
-0.3256739
-0.3733727
-0.3980211
-0.3802688
-0.3246394
-0.2570555
-0.2063162
-0.1869464
-0.1906540
-0.1909718
-0.1643110
-0.1149320
-0.0760816
-0.0765752
-0.1041879
-0.1114033
-0.0660953
0.0055700
0.0350002
-0.0256695
-0.1570262
-0.2887317
-0.3590738
-0.3577818
-0.3172995
-0.2730102
-0.2364540
-0.2005408
-0.1603027
-0.1249054
-0.1125948
-0.1346803
-0.1798428
-0.2128599
-0.1971570
-0.1288628
-0.0484412
-0.0088283
-0.0254216
-0.0613825
-0.0689032
-0.0427702
-0.0232445
-0.0418258
-0.0743331
-0.0629463
0.0126332
0.0998761
0.1230465
0.0661068
-0.0066481
-0.0177357
0.0444023
0.1211726
0.1520474
0.1330625
0.1046339
0.0955576
0.0955208
0.0830432
0.0638281
0.0668065
0.1056551
0.1594864
0.1984867
0.2191881
0.2427856
0.2812515
0.3184441
0.3309831
0.3195152
0.3080638
0.3123210
0.3186187
0.3013069
0.2566058
0.2096334
0.1853091
0.1794188
0.1648928
0.1231158
0.0610368
-0.0016641
-0.0509676
-0.0773069
-0.0653731
-0.0027777
0.0931694
0.1662753
0.1551455
0.0457349
-0.1101453
-0.2330261
-0.2749417
-0.2437936
-0.1780871
-0.1091201
-0.0499824
-0.0082721
0.0076997
-0.0007427
-0.0170228
-0.0244426
-0.0252591
-0.0360636
-0.0611628
-0.0771670
-0.0527165
0.0146597
0.0869398
0.1167414
0.0910073
0.0419154
0.0149085
0.0279263
0.0601593
0.0746482
0.0491730
-0.0093623
-0.0727368
-0.1119462
-0.1159866
-0.0967318
-0.0771401
-0.0728121
-0.0821955
-0.0923460
-0.0929527
-0.0849440
-0.0768297
-0.0747323
-0.0775597
-0.0811223
-0.0838570
-0.0866136
-0.0888362
-0.0882058
-0.0841742
-0.0795838
-0.0781240
-0.0812472
-0.0872270
-0.0916433
-0.0894314
-0.0793516
-0.0673143
-0.0625023
-0.0674491
-0.0727121
-0.0645261
-0.0397118
-0.0118298
0.0004764
-0.0074410
-0.0210875
-0.0234426
-0.0150100
-0.0125907
-0.0276288
-0.0516799
-0.0676579
-0.0708989
-0.0705551
-0.0694155
-0.0528803
-0.0095842
0.0381797
0.0421216
-0.0127801
-0.0523498
0.0613491
0.4139847
0.9273711
1.3705520
1.5088872
1.2720149
0.7960782
0.3097197
-0.0276888
-0.1991319
-0.2773789
-0.3264990
-0.3565406
-0.3507977
-0.3075666
-0.2447651
-0.1783854
-0.1154414
-0.0683477
-0.0594714
-0.0989295
-0.1621609
-0.2021200
-0.1901615
-0.1421307
-0.1000766
-0.0898009
-0.1010875
-0.1091471
-0.1068737
-0.1079763
-0.1215281
-0.1351971
-0.1300160
-0.1061795
-0.0857778
-0.0892129
-0.1137468
-0.1372093
-0.1400091
-0.1213646
-0.0959108
-0.0782748
-0.0726015
-0.0745520
-0.0787788
-0.0825419
-0.0851701
-0.0877309
-0.0923106
-0.0981524
-0.0985642
-0.0853276
-0.0579884
-0.0269435
-0.0053518
0.0023044
0.0038043
0.0115408
0.0300932
0.0504577
0.0583798
0.0507660
0.0430088
0.0572075
0.1021596
0.1656260
0.2255596
0.2672048
0.2897053
0.2994461
0.3009881
0.2965645
0.2924347
0.2996698
0.3235342
0.3537322
0.3714397
0.3684165
0.3555504
0.3500470
0.3569147
0.3653087
0.3601225
0.3338108
0.2891131
0.2353321
0.1831659
0.1394730
0.1032649
0.0669913
0.0255659
-0.0131051
-0.0297783
-0.0132565
0.0199293
0.0329721
0.0045349
-0.0441351
-0.0657780
-0.0345377
0.0255124
0.0604063
0.0331310
-0.0478744
-0.1400537
-0.2011502
-0.2148247
-0.1911202
-0.1507331
-0.1113115
-0.0825070
-0.0647344
-0.0501389
-0.0302799
-0.0067048
0.0093004
0.0107801
0.0059238
0.0103769
0.0295081
0.0516875
0.0594413
0.0452525
0.0159794
-0.0166484
-0.0475605
-0.0782798
-0.1060653
-0.1187531
-0.1062111
-0.0756919
-0.0495624
-0.0453959
-0.0610395
-0.0800521
-0.0885611
-0.0854855
-0.0792504
-0.0772233
-0.0786149
-0.0777294
-0.0735694
-0.0731108
-0.0826940
-0.0985028
-0.1090834
-0.1067029
-0.0941887
-0.0818136
-0.0789682
-0.0863820
-0.0940641
-0.0894088
-0.0704562
-0.0494258
-0.0405119
-0.0456849
-0.0542669
-0.0541862
-0.0419789
-0.0249647
-0.0163868
-0.0256510
-0.0495862
-0.0737564
-0.0844701
-0.0803553
-0.0734113
-0.0792173
-0.1022402
-0.1271886
-0.1298734
-0.1046739
-0.0780313
-0.0822518
-0.1125970
-0.1219547
-0.0690218
0.0299296
0.1053648
0.0956926
0.0060306
-0.0947614
-0.1387795
-0.1219049
-0.0992917
-0.1197673
-0.1745152
-0.2155430
-0.2136840
-0.1850689
-0.1642250
-0.1652403
-0.1733402
-0.1669136
-0.1422076
-0.1163643
-0.1066276
-0.1093884
-0.1058551
-0.0877786
-0.0674906
-0.0587920
-0.0582817
-0.0529941
-0.0389024
-0.0240739
-0.0186146
-0.0273375
-0.0478307
-0.0711519
-0.0856438
-0.0750518
-0.0035465
0.1869530
0.5327829
0.9825558
1.3856476
1.5663387
1.4262043
0.9997940
0.4380076
-0.0684410
-0.3898724
-0.5152344
-0.5161172
-0.4623241
-0.3863566
-0.3103541
-0.2578991
-0.2250212
-0.1777839
-0.1004271
