0.0195315
0.0103613
0.0181812
0.0131774
-0.0070299
-0.0218747
-0.0258140
-0.0323007
-0.0450762
-0.0519806
-0.0476111
-0.0411383
-0.0396754
-0.0401724
-0.0392962
-0.0381969
-0.0369209
-0.0348651
-0.0356475
-0.0417204
-0.0467414
-0.0434806
-0.0366944
-0.0377421
-0.0479772
-0.0569227
-0.0561802
-0.0474040
-0.0373481
-0.0313930
-0.0308200
-0.0315179
-0.0273905
-0.0190026
-0.0154484
-0.0234077
-0.0381004
-0.0494622
-0.0536438
-0.0543127
-0.0563350
-0.0621708
-0.0708655
-0.0767791
-0.0729218
-0.0596247
-0.0472521
-0.0467401
-0.0587836
-0.0738072
-0.0806725
-0.0753609
-0.0644556
-0.0601990
-0.0681906
-0.0798533
-0.0815157
-0.0711780
-0.0610653
-0.0622088
-0.0714777
-0.0766269
-0.0710130
-0.0604961
-0.0566741
-0.0642113
-0.0747534
-0.0748050
-0.0607589
-0.0436429
-0.0366510
-0.0407444
-0.0460724
-0.0451577
-0.0399738
-0.0368724
-0.0390500
-0.0448508
-0.0508736
-0.0558922
-0.0624296
-0.0736580
-0.0880537
-0.0989394
-0.1007478
-0.0943327
-0.0852230
-0.0785577
-0.0764819
-0.0778194
-0.0786445
-0.0752876
-0.0683919
-0.0623583
-0.0597562
-0.0582201
-0.0539761
-0.0466331
-0.0393502
-0.0355214
-0.0357363
-0.0366670
-0.0330690
-0.0228063
-0.0101047
-0.0021742
-0.0025004
-0.0085954
-0.0154075
-0.0190556
-0.0183836
-0.0157261
-0.0158316
-0.0210947
-0.0273379
-0.0267836
-0.0166041
-0.0035857
0.0007674
-0.0097191
-0.0301577
-0.0490901
-0.0594930
-0.0643148
-0.0690908
-0.0710642
-0.0615360
-0.0406294
-0.0231969
-0.0239731
-0.0401277
-0.0561215
-0.0648981
-0.0717885
-0.0654280
0.0116518
0.2410466
0.6491235
1.1369262
1.5028310
1.5653114
1.2908484
0.8150245
0.3404282
0.0053690
-0.1702051
-0.2415882
-0.2645513
-0.2597466
-0.2281609
-0.1787811
-0.1324129
-0.1040745
-0.0913286
-0.0830061
-0.0750487
-0.0738906
-0.0860601
-0.1080824
-0.1269432
-0.1294876
-0.1130468
-0.0890927
-0.0750260
-0.0789921
-0.0923015
-0.0989369
-0.0930104
-0.0848611
-0.0886483
-0.1050452
-0.1183812
-0.1123137
-0.0878015
-0.0633060
-0.0558621
-0.0639077
-0.0715742
-0.0685826
-0.0612164
-0.0620298
-0.0725459
-0.0801567
-0.0717248
-0.0474731
-0.0203817
-0.0029742
0.0039266
0.0090863
0.0191538
0.0318346
0.0417154
0.0499973
0.0644486
0.0891161
0.1168625
0.1344005
0.1349531
0.1255801
0.1216453
0.1331596
0.1559623
0.1768836
0.1878256
0.1935681
0.2051550
0.2274728
0.2552317
0.2799640
0.2980379
0.3108334
0.3188991
0.3185804
0.3060696
0.2844776
0.2643489
0.2543753
0.2516509
0.2436617
0.2210915
0.1870872
0.1527972
0.1254429
0.1028673
0.0793900
0.0546487
0.0346545
0.0237893
0.0175100
0.0059944
-0.0136465
-0.0313466
-0.0341125
-0.0225308
-0.0139539
-0.0262956
-0.0587930
-0.0907222
-0.1005861
-0.0868391
-0.0689429
-0.0671773
-0.0819936
-0.0948371
-0.0890835
-0.0673592
-0.0465374
-0.0380044
-0.0363823
-0.0278095
-0.0063910
0.0193983
0.0356548
0.0366241
0.0290126
0.0238821
0.0257583
0.0301578
0.0303426
0.0246041
0.0170919
0.0133240
0.0154223
0.0203550
0.0220966
0.0165066
0.0048217
-0.0081477
-0.0191710
-0.0286021
-0.0369261
-0.0413926
-0.0385473
-0.0303806
-0.0259173
-0.0340824
-0.0537852
-0.0724643
-0.0772835
-0.0687917
-0.0614415
-0.0685097
-0.0874838
-0.1026505
-0.1020386
-0.0896496
-0.0801977
-0.0833563
-0.0945610
-0.1007931
-0.0940265
-0.0784645
-0.0654120
-0.0625029
-0.0683593
-0.0761463
-0.0802889
-0.0800005
-0.0785275
-0.0798696
-0.0847744
-0.0890727
-0.0874364
-0.0800781
-0.0743775
-0.0775938
-0.0878256
-0.0941062
-0.0870270
-0.0692113
-0.0541635
-0.0537847
-0.0670198
-0.0814492
-0.0858604
-0.0799017
-0.0710577
-0.0644204
-0.0580545
-0.0481240
-0.0360199
-0.0289467
-0.0338607
-0.0510008
-0.0726223
-0.0879666
-0.0906810
-0.0827147
-0.0715186
-0.0633575
-0.0587183
-0.0532348
-0.0426380
-0.0273300
-0.0126214
-0.0042300
-0.0033655
-0.0066983
-0.0112084
-0.0179699
-0.0300938
-0.0471431
-0.0627026
-0.0687454
-0.0634404
-0.0544707
-0.0525705
-0.0598241
-0.0655069
-0.0567924
-0.0343788
-0.0143263
-0.0117915
-0.0250179
-0.0392122
-0.0445886
-0.0415468
-0.0195224
0.0657077
0.2750597
0.6241538
1.0292757
1.3272217
1.3736182
1.1439076
0.7488700
0.3518167
0.0621654
-0.1077115
-0.2039735
-0.2661347
-0.2986001
-0.2905896
-0.2467973
-0.1918859
-0.1501166
-0.1281185
-0.1179933
-0.1111168
-0.1048778
-0.0992931
-0.0935044
-0.0878302
-0.0860025
-0.0915100
-0.1014484
-0.1068441
-0.1016289
-0.0908167
-0.0868318
-0.0958509
-0.1094361
-0.1127467
-0.1012927
-0.0866711
-0.0837251
-0.0935672
-0.1022249
-0.0968113
-0.0810146
-0.0721394
-0.0822108
-0.1035384
-0.1149315
-0.1025090
-0.0731772
-0.0471969
-0.0389450
-0.0459989
-0.0553161
-0.0570465
-0.0514311
-0.0442387
-0.0379509
-0.0283677
-0.0094497
0.0193170
0.0509126
0.0761192
0.0907449
0.0981023
0.1053634
0.1177478
0.1354569
0.1554321
0.1757781
0.1979089
0.2235070
0.2496113
0.2685601
0.2746249
0.2708298
0.2678313
0.2743771
0.2879124
0.2951328
0.2837600
0.2553720
0.2259673
0.2116822
0.2128009
0.2126040
0.1929970
0.1513394
0.1017876
0.0608153
0.0325665
0.0088193
-0.0178496
-0.0433762
-0.0565813
-0.0536408
-0.0453808
-0.0478856
-0.0661796
-0.0888927
-0.0996201
-0.0927693
-0.0777938
-0.0685738
-0.0697399
-0.0738591
-0.0712785
-0.0609646
-0.0503693
-0.0454872
-0.0435166
-0.0366399
-0.0217692
-0.0045167
0.0068579
0.0102654
0.0116900
0.0185577
0.0319104
0.0453038
0.0506637
0.0442890
0.0275482
0.0038533
-0.0232829
-0.0500262
-0.0725153
-0.0885622
-0.0983120
-0.1024632
-0.1003173
-0.0904440
-0.0735216
-0.0542923
-0.0401970
-0.0370710
-0.0450793
-0.0585887
-0.0706187
-0.0780326
-0.0825057
-0.0864282
-0.0883101
-0.0832157
-0.0686174
-0.0493998
-0.0351482
-0.0311050
-0.0329692
-0.0326842
-0.0285200
-0.0258676
-0.0270212
-0.0246662
-0.0107750
0.0090024
0.0167225
0.0027500
-0.0181449
-0.0189576
0.0078832
0.0357923
0.0283421
-0.0200136
-0.0724597
-0.0836770
-0.0444999
0.0097736
0.0343305
0.0143996
-0.0292042
-0.0670052
-0.0874376
-0.0987620
-0.1125822
-0.1309740
-0.1481925
-0.1593426
-0.1641482
-0.1641008
-0.1596972
-0.1516774
-0.1430986
-0.1382611
-0.1394123
-0.1447863
-0.1494383
-0.1480403
-0.1385446
-0.1250182
-0.1167381
-0.1222612
-0.1420048
-0.1657976
-0.1788533
-0.1727056
-0.1524805
-0.1333252
-0.1274805
-0.1330848
-0.1359944
-0.1236484
-0.0969633
-0.0678770
-0.0462326
-0.0318633
-0.0207157
-0.0154051
-0.0241588
-0.0478264
-0.0730930
-0.0839947
-0.0766477
-0.0511510
0.0162836
0.1799307
0.4782067
0.8646091
1.1924166
1.2940569
1.1020833
0.7051939
0.2845934
-0.0140695
-0.1619421
-0.2230415
-0.2685304
-0.3177708
-0.3480288
-0.3397613
-0.3017744
-0.2590421
-0.2288139
-0.2125262
-0.2040976
-0.1986006
-0.1931465
-0.1853596
-0.1751636
-0.1667391
-0.1651146
-0.1697271
-0.1733665
-0.1692192
-0.1580851
-0.1469510
-0.1408886
-0.1384810
-0.1357334
-0.1320710
-0.1298854
-0.1286644
-0.1229694
-0.1091532
-0.0935457
-0.0902559
-0.1074301
-0.1359568
-0.1551964
-0.1522812
-0.1344554
-0.1198060
-0.1161709
-0.1124310
-0.0925337
-0.0561735
-0.0222358
-0.0109019
-0.0243083
-0.0463436
-0.0598360
-0.0607496
-0.0551666
-0.0465748
-0.0310471
-0.0052086
0.0254724
0.0501374
0.0637850
0.0724541
0.0864589
0.1100781
0.1391102
0.1675003
0.1941205
0.2219958
0.2520122
0.2794864
0.2978867
0.3051026
0.3048767
0.3021270
0.2977549
0.2882282
0.2694432
0.2404668
0.2041029
0.1648832
0.1269370
0.0931011
0.0646342
0.0407760
0.0191814
-0.0014877
-0.0187621
-0.0277545
-0.0273505
-0.0247179
-0.0310953
-0.0509827
-0.0757526
-0.0896984
-0.0836364
-0.0626858
-0.0407711
-0.0284079
-0.0265977
-0.0312293
-0.0399739
-0.0526463
-0.0666035
-0.0757571
-0.0757417
-0.0682247
-0.0583828
-0.0491444
-0.0394901
-0.0272346
-0.0107542
0.0117695
0.0404779
0.0678557
0.0776036
0.0572220
0.0163326
-0.0116035
0.0049865
0.0628927
0.1192636
0.1254826
0.0695809
-0.0139729
-0.0754055
-0.0897540
-0.0695234
-0.0449054
-0.0363402
-0.0436773
-0.0541476
-0.0554015
-0.0426284
-0.0195450
0.0028731
0.0098651
-0.0087179
-0.0457652
-0.0668769
-0.0132857
0.1745744
0.5163852
0.9555319
1.3589489
1.5700055
1.4915862
1.1446239
0.6580069
0.1957725
-0.1265872
-0.2829524
-0.3194755
-0.3054799
-0.2899603
-0.2851160
-0.2763672
-0.2457611
-0.1923331
-0.1358290
-0.1012030
-0.0976604
-0.1127018
-0.1271294
-0.1339017
-0.1395285
-0.1486029
-0.1535700
-0.1446240
-0.1267957
-0.1192440
-0.1333373
-0.1553785
-0.1580978
-0.1309332
-0.0937758
-0.0760547
-0.0845401
-0.0980599
-0.0952811
-0.0812889
-0.0803447
-0.1042070
-0.1353962
-0.1458276
-0.1278165
-0.1004866
-0.0858063
-0.0846555
-0.0803273
-0.0611926
-0.0324226
-0.0047549
0.0203822
0.0478984
0.0747906
0.0888087
0.0857980
0.0824024
0.1028494
0.1516257
0.2047762
0.2323873
0.2278195
0.2115646
0.2080090
0.2232744
0.2463246
0.2653818
0.2773476
0.2836905
0.2853117
0.2846484
0.2868703
0.2923306
0.2899648
0.2664326
0.2250272
0.1892785
0.1801246
0.1897669
0.1850143
0.1408169
0.0678669
0.0029510
-0.0269859
-0.0272320
-0.0227347
-0.0299870
-0.0459584
-0.0604663
-0.0703875
-0.0784344
-0.0838918
-0.0818148
-0.0714138
-0.0595269
-0.0524522
-0.0470601
-0.0344436
-0.0130489
0.0048616
0.0025190
-0.0252414
-0.0653936
-0.0955399
-0.0993927
-0.0765614
-0.0415447
-0.0146864
-0.0107862
-0.0311365
-0.0634514
-0.0899716
-0.0984957
-0.0894157
-0.0753105
-0.0736727
-0.0953061
-0.1337985
-0.1652263
-0.1639307
-0.1256517
-0.0762338
-0.0520044
-0.0660274
-0.0939957
-0.0977363
-0.0645836
-0.0209909
-0.0049934
-0.0275052
-0.0643966
-0.0851841
-0.0831051
-0.0739011
-0.0709182
-0.0706992
-0.0649831
-0.0586965
-0.0668231
-0.0931256
-0.1198718
-0.1250450
-0.1077877
-0.0901857
-0.0914099
-0.1045852
-0.1045330
-0.0778484
-0.0402499
-0.0213843
-0.0349252
-0.0670228
-0.0931289
-0.1015556
-0.0985805
-0.0949537
-0.0942118
-0.0952954
-0.0996370
-0.1080220
-0.1115113
-0.0949181
-0.0564552
-0.0202184
-0.0187384
-0.0581667
-0.1064313
-0.1239903
-0.1059197
-0.0856784
-0.0940299
-0.1223805
-0.1360515
-0.1183454
-0.0818549
-0.0240575
0.1133121
0.4063904
0.8467868
1.2839165
1.4994739
1.3682541
0.9584355
0.4744366
0.0987443
-0.1184347
-0.2356600
-0.3170458
-0.3675728
-0.3583562
-0.2879955
-0.2006936
-0.1471651
-0.1407101
-0.1559581
-0.1629934
-0.1554443
-0.1482259
-0.1567219
-0.1819006
-0.2112499
-0.2288028
-0.2251164
-0.2031315
-0.1776333
-0.1664464
-0.1771708
-0.2002651
-0.2163816
-0.2123373
-0.1905822
-0.1637204
-0.1415488
-0.1248085
-0.1103083
-0.0986171
-0.0940338
-0.0975437
-0.1027987
-0.1014534
-0.0921935
-0.0823766
-0.0794705
-0.0818315
-0.0796966
-0.0655361
-0.0421059
-0.0195211
-0.0054747
0.0001934
0.0018035
0.0014571
-0.0014372
-0.0049645
-0.0021519
0.0137942
0.0417845
0.0721917
0.0949153
0.1076520
0.1160078
0.1267457
0.1421433
0.1599319
0.1761810
0.1873444
0.1917163
0.1916875
0.1944056
0.2071183
0.2295305
0.2519102
0.2635719
0.2637142
0.2612307
0.2619407
0.2583601
0.2365630
0.1942816
0.1482819
0.1193296
0.1098626
0.1004376
0.0709453
0.0238575
-0.0166089
-0.0288518
-0.0151843
0.0021076
0.0033824
-0.0128109
-0.0356569
-0.0578774
-0.0808382
-0.1050490
-0.1216241
-0.1183609
-0.0945354
-0.0662798
-0.0543207
-0.0658624
-0.0892962
-0.1067977
-0.1112975
-0.1107406
-0.1166740
-0.1300815
-0.1389540
-0.1294684
-0.0996134
-0.0625939
-0.0370809
-0.0327748
-0.0433600
-0.0524020
-0.0468244
-0.0266044
-0.0032799
0.0101857
0.0089609
-0.0018410
-0.0127364
-0.0170549
-0.0145661
-0.0104507
-0.0113884
-0.0209280
-0.0363352
-0.0495645
-0.0533372
-0.0484286
-0.0448504
-0.0537329
-0.0764026
-0.1018837
-0.1166863
-0.1177057
-0.1146921
-0.1190348
-0.1303997
-0.1359926
-0.1243880
-0.0998356
-0.0811391
-0.0846995
-0.1083909
-0.1330653
-0.1406926
-0.1308832
-0.1192564
-0.1201537
-0.1322930
-0.1419146
-0.1384751
-0.1247111
-0.1105887
-0.0999809
-0.0870193
-0.0664625
-0.0445469
-0.0355470
-0.0464357
-0.0670710
-0.0781444
-0.0694954
-0.0497827
-0.0377957
-0.0450336
-0.0672061
-0.0913704
-0.1089499
-0.1208127
-0.1314019
-0.1408827
-0.1446170
-0.1396477
-0.1300485
-0.1248193
-0.1302804
-0.1445618
-0.1594882
-0.1677534
-0.1683213
-0.1652906
-0.1623859
-0.1594424
-0.1543799
-0.1475972
-0.1429354
-0.1435995
-0.1478436
-0.1500807
-0.1468314
-0.1407416
-0.1375551
-0.1390346
-0.1397976
-0.1317663
-0.1115759
-0.0836546
-0.0569451
-0.0392207
-0.0333664
-0.0367203
-0.0428069
-0.0450112
-0.0407489
-0.0329190
-0.0271687
-0.0284832
-0.0410486
-0.0674643
-0.0980662
-0.0927178
0.0210475
0.3085292
0.7589975
1.2451300
1.5665473
1.5667475
1.2382281
0.7276498
0.2349922
-0.1086223
-0.2893495
-0.3662642
-0.3963805
-0.3994158
-0.3743153
-0.3273008
-0.2759503
-0.2341111
-0.2034975
-0.1810390
-0.1675700
-0.1652015
-0.1700404
-0.1737727
-0.1733376
-0.1745879
-0.1831898
-0.1940242
-0.1939147
-0.1759639
-0.1484591
-0.1271579
-0.1195663
-0.1190056
-0.1142046
-0.1023495
-0.0909765
-0.0880914
-0.0927923
-0.0965001
-0.0923000
-0.0818411
-0.0731687
-0.0726388
-0.0791347
-0.0854800
-0.0849239
-0.0765197
-0.0648545
-0.0548442
-0.0467541
-0.0364129
-0.0204801
-0.0011337
0.0153317
0.0250009
0.0308219
0.0397327
0.0554296
0.0750730
0.0937197
0.1108930
0.1308290
0.1555881
0.1795495
0.1931988
0.1933616
0.1884427
0.1915393
0.2075847
0.2280983
0.2397413
0.2382637
0.2334159
0.2395865
0.2615652
0.2895761
0.3080179
0.3086736
0.2955289
0.2777918
0.2597372
0.2381784
0.2092166
0.1757534
0.1467797
0.1287333
0.1181522
0.1040085
0.0782503
0.0442884
0.0146193
-0.0005823
-0.0028310
-0.0033537
-0.0117750
-0.0268870
-0.0386478
-0.0388930
-0.0294113
-0.0193157
-0.0152873
-0.0155830
-0.0138598
-0.0076515
-0.0014585
-0.0011277
-0.0064766
-0.0110452
-0.0093955
-0.0034097
0.0000520
-0.0021031
-0.0040418
0.0039138
0.0245617
0.0490332
0.0640991
0.0649223
0.0600266
0.0626712
0.0771476
0.0944094
0.1017910
0.0962201
0.0862891
0.0810356
0.0786792
0.0689993
0.0471753
0.0227443
0.0119185
0.0205213
0.0364878
0.0411122
0.0275097
0.0065906
-0.0054265
-0.0038763
0.0011307
-0.0027126
