-0.0449608
-0.0547304
-0.0680886
-0.0857695
-0.1019800
-0.1107498
-0.1130419
-0.1150153
-0.1201259
-0.1257820
-0.1283474
-0.1290423
-0.1332039
-0.1449145
-0.1637490
-0.1851878
-0.2013614
-0.2021585
-0.1807678
-0.1422642
-0.1049461
-0.0876556
-0.0928649
-0.1042761
-0.1037224
-0.0894512
-0.0751787
-0.0721082
-0.0765520
-0.0776260
-0.0731102
-0.0716036
-0.0786090
-0.0867290
-0.0848088
-0.0743232
-0.0698392
-0.0809150
-0.0986568
-0.1056423
-0.0971918
-0.0858328
-0.0827127
-0.0817638
-0.0700599
-0.0510830
-0.0459854
-0.0655185
-0.0893883
-0.0874098
-0.0608155
-0.0428823
-0.0391141
0.0270498
0.2750521
0.7385105
1.2685296
1.5920990
1.5065402
1.0438963
0.4500663
-0.0057724
-0.2173826
-0.2651644
-0.2860351
-0.3374113
-0.3792813
-0.3581205
-0.2802843
-0.2008035
-0.1604524
-0.1522481
-0.1474776
-0.1372735
-0.1371116
-0.1565450
-0.1793853
-0.1806182
-0.1568179
-0.1308779
-0.1256970
-0.1393755
-0.1504305
-0.1441195
-0.1275845
-0.1182399
-0.1226094
-0.1313031
-0.1330413
-0.1277974
-0.1236536
-0.1244661
-0.1255574
-0.1214270
-0.1130749
-0.1049103
-0.0971603
-0.0860168
-0.0718575
-0.0630523
-0.0678826
-0.0838600
-0.0989206
-0.1041343
-0.1019256
-0.0991160
-0.0943621
-0.0776613
-0.0437309
-0.0018886
0.0313850
0.0487626
0.0572648
0.0669151
0.0787233
0.0874515
0.0934841
0.1053666
0.1280382
0.1531615
0.1670435
0.1680608
0.1708286
0.1899022
0.2223863
0.2511772
0.2647308
0.2686807
0.2758459
0.2888271
0.2974038
0.2923076
0.2761134
0.2577936
0.2402010
0.2181091
0.1882989
0.1560195
0.1278400
0.1009830
0.0652455
0.0167916
-0.0337013
-0.0698982
-0.0858816
-0.0909156
-0.0983530
-0.1122335
-0.1256992
-0.1303075
-0.1243358
-0.1124842
-0.1004570
-0.0915946
-0.0872137
-0.0872352
-0.0894049
-0.0895172
-0.0845105
-0.0759023
-0.0693899
-0.0701662
-0.0780572
-0.0869287
-0.0890719
-0.0811499
-0.0669093
-0.0542830
-0.0492866
-0.0521361
-0.0587672
-0.0653073
-0.0704386
-0.0740585
-0.0755528
-0.0748067
-0.0742781
-0.0780053
-0.0873241
-0.0983312
-0.1050463
-0.1052255
-0.1020468
-0.1001328
-0.1017663
-0.1080035
-0.1210180
-0.1413152
-0.1620031
-0.1700705
-0.1579852
-0.1340371
-0.1172117
-0.1189968
-0.1315204
-0.1363331
-0.1247731
-0.1068821
-0.0990731
-0.1057503
-0.1163049
-0.1191322
-0.1140277
-0.1087649
-0.1072509
-0.1061511
-0.1030283
-0.1024713
-0.1102730
-0.1234891
-0.1309364
-0.1250415
-0.1105662
-0.0993127
-0.0975897
-0.1016570
-0.1050814
-0.1067709
-0.1095416
-0.1135123
-0.1153500
-0.1143225
-0.1148022
-0.1196216
-0.1230537
-0.1149606
-0.0934025
-0.0704619
-0.0626615
-0.0755682
-0.0992921
-0.1189845
-0.1278902
-0.1295645
-0.1298913
-0.1301974
-0.1282625
-0.1228945
-0.1151102
-0.1059742
-0.0958566
-0.0861328
-0.0795880
-0.0778806
-0.0795010
-0.0813284
-0.0816856
-0.0808643
-0.0792396
-0.0767129
-0.0746324
-0.0764856
-0.0844666
-0.0953929
-0.1022104
-0.1009777
-0.0952471
-0.0917939
-0.0925498
-0.0929927
-0.0890445
-0.0832850
-0.0823366
-0.0890527
-0.0994578
-0.1072671
-0.1090903
-0.1044314
-0.0934410
-0.0781624
-0.0655608
-0.0648714
-0.0784202
-0.0963873
-0.1046170
-0.0987925
-0.0881754
-0.0835962
-0.0845400
-0.0817358
-0.0710941
-0.0598027
-0.0569992
-0.0630772
-0.0713391
-0.0731634
-0.0486131
0.0505996
0.2902773
0.6958610
1.1871094
1.5797888
1.6835097
1.4309197
0.9292039
0.3864142
-0.0239868
-0.2484282
-0.3345931
-0.3526067
-0.3382988
-0.2957959
-0.2303924
-0.1641631
-0.1210696
-0.1061535
-0.1046973
-0.1000727
-0.0891242
-0.0804882
-0.0812501
-0.0877252
-0.0892868
-0.0801394
-0.0664857
-0.0614878
-0.0727675
-0.0949811
-0.1147609
-0.1222496
-0.1173240
-0.1061072
-0.0943147
-0.0849191
-0.0795594
-0.0785590
-0.0789587
-0.0753163
-0.0650777
-0.0528340
-0.0471389
-0.0522927
-0.0644224
-0.0761791
-0.0834651
-0.0858765
-0.0825330
-0.0717769
-0.0561496
-0.0437061
-0.0401357
-0.0402558
-0.0315041
-0.0078376
0.0221363
0.0435759
0.0513086
0.0548080
0.0669440
0.0903944
0.1172018
0.1399518
0.1596806
0.1820850
0.2094411
0.2392355
0.2690306
0.2986482
0.3268944
0.3496987
0.3643328
0.3741239
0.3860203
0.4031088
0.4215745
0.4357762
0.4441621
0.4480296
0.4457910
0.4324408
0.4067121
0.3762275
0.3515088
0.3342062
0.3142114
0.2804916
0.2333452
0.1839194
0.1426211
0.1106365
0.0828539
0.0558238
0.0303183
0.0075782
-0.0131893
-0.0319830
-0.0448686
-0.0468262
-0.0383284
-0.0270054
-0.0211029
-0.0219955
-0.0245232
-0.0241678
-0.0220987
-0.0228384
-0.0285153
-0.0363676
-0.0410650
-0.0387029
-0.0294535
-0.0177857
-0.0101218
-0.0108999
-0.0197536
-0.0323875
-0.0444440
-0.0544038
-0.0625795
-0.0680704
-0.0683950
-0.0629873
-0.0556847
-0.0515244
-0.0509154
-0.0492116
-0.0434504
-0.0378562
-0.0401056
-0.0520606
-0.0663860
-0.0737033
-0.0722695
-0.0693446
-0.0731769
-0.0847531
-0.0977390
-0.1053858
-0.1061868
-0.1030672
-0.0989512
-0.0945271
-0.0896067
-0.0849490
-0.0822932
-0.0833896
-0.0891064
-0.0985361
-0.1086661
-0.1159644
-0.1191799
-0.1202579
-0.1219396
-0.1247551
-0.1269079
-0.1267963
-0.1247686
-0.1221929
-0.1197439
-0.1176925
-0.1175497
-0.1214717
-0.1285517
-0.1329079
-0.1283123
-0.1155935
-0.1031318
-0.0979283
-0.0975423
-0.0936774
-0.0835651
-0.0744105
-0.0745742
-0.0826922
-0.0892233
-0.0886727
-0.0859765
-0.0878043
-0.0906873
-0.0840430
-0.0660740
-0.0499986
-0.0484077
-0.0549099
-0.0501259
-0.0257969
0.0109696
0.0701874
0.2077260
0.4927399
0.9192900
1.3489174
1.5676259
1.4347126
0.9969314
0.4587147
0.0316913
-0.2006677
-0.2922675
-0.3367090
-0.3753522
-0.3908727
-0.3623012
-0.3037041
-0.2493456
-0.2173390
-0.1992950
-0.1812305
-0.1629782
-0.1531351
-0.1523075
-0.1499971
-0.1382683
-0.1224941
-0.1154648
-0.1235915
-0.1415855
-0.1586195
-0.1662835
-0.1615336
-0.1467203
-0.1294864
-0.1202066
-0.1250384
-0.1395933
-0.1510810
-0.1491412
-0.1352294
-0.1204253
-0.1136508
-0.1130192
-0.1093349
-0.0969387
-0.0798445
-0.0678607
-0.0679958
-0.0788350
-0.0907711
-0.0910279
-0.0713018
-0.0342992
0.0059892
0.0326394
0.0381577
0.0311711
0.0305039
0.0498301
0.0856295
0.1200666
0.1371407
0.1371452
0.1356363
0.1483667
0.1770394
0.2088964
0.2292196
0.2340710
0.2316386
0.2324994
0.2398891
0.2496161
0.2575387
0.2644863
0.2733768
0.2836689
0.2906423
0.2898141
0.2806673
0.2657423
0.2469286
0.2233858
0.1931644
0.1565216
0.1172139
0.0803882
0.0494465
0.0249290
0.0056126
-0.0100414
-0.0230507
-0.0335314
-0.0411323
-0.0464928
-0.0521204
-0.0608563
-0.0729366
-0.0848396
-0.0915164
-0.0903584
-0.0836944
-0.0773577
-0.0755754
-0.0762677
-0.0720337
-0.0572317
-0.0346018
-0.0144067
-0.0065490
-0.0131400
-0.0280109
-0.0426795
-0.0527359
-0.0592170
-0.0650902
-0.0717282
-0.0790265
-0.0873246
-0.0971656
-0.1071623
-0.1140552
-0.1161257
-0.1157818
-0.1175780
-0.1236277
-0.1315463
-0.1372102
-0.1395711
-0.1424835
-0.1509311
-0.1647099
-0.1763984
-0.1770147
-0.1644216
-0.1459014
-0.1322653
-0.1294796
-0.1354420
-0.1436606
-0.1492848
-0.1519273
-0.1538342
-0.1567018
-0.1607479
-0.1654984
-0.1693463
-0.1683146
-0.1580089
-0.1391810
-0.1205373
-0.1132728
-0.1211843
-0.1364236
-0.1458604
-0.1423937
-0.1306910
-0.1221106
-0.1237969
-0.1326245
-0.1396902
-0.1398572
-0.1358239
-0.1333580
-0.1346388
-0.1374819
-0.1398760
-0.1431127
-0.1495815
-0.1583770
-0.1647569
-0.1650728
-0.1617226
-0.1613580
-0.1671314
-0.1739144
-0.1730362
-0.1617965
-0.1468825
-0.1376974
-0.1369204
-0.1384436
-0.1350260
-0.1277325
-0.1261127
-0.1367175
-0.1518360
-0.1538800
-0.1343042
-0.1055952
-0.0890106
-0.0905326
-0.0960742
-0.0939221
-0.0909465
-0.0872521
-0.0295083
0.1856698
0.6198153
1.1801555
1.6166440
1.6774980
1.3071063
0.7006692
0.1534959
-0.1578743
-0.2639616
-0.3025985
-0.3596287
-0.4118217
-0.3989980
-0.3157479
-0.2191489
-0.1640960
-0.1544060
-0.1585590
-0.1540342
-0.1427616
-0.1321687
-0.1197349
-0.1014475
-0.0843422
-0.0803846
-0.0902895
-0.1014105
-0.1032131
-0.0994445
-0.1015260
-0.1129824
-0.1251685
-0.1282366
-0.1217803
-0.1123023
-0.1036113
-0.0943841
-0.0846088
-0.0793774
-0.0835656
-0.0950337
-0.1058251
-0.1095124
-0.1059496
-0.0998724
-0.0966908
-0.0988790
-0.1038966
-0.1048281
-0.0949618
-0.0739124
-0.0495173
-0.0322865
-0.0265368
-0.0268398
-0.0238587
-0.0134530
0.0011165
0.0155801
0.0304827
0.0489957
0.0712739
0.0944921
0.1182671
0.1465569
0.1823547
0.2222467
0.2584055
0.2858783
0.3066103
0.3259025
0.3457543
0.3626944
0.3722376
0.3744380
0.3741962
0.3768009
0.3843055
0.3952907
0.4055215
0.4082828
0.3969328
0.3698543
0.3325405
0.2932355
0.2564870
0.2215797
0.1863708
0.1509343
0.1171770
0.0863112
0.0581613
0.0330728
0.0131236
-0.0002264
-0.0095695
-0.0203622
-0.0347329
-0.0480110
-0.0538924
-0.0526332
-0.0514822
-0.0562350
-0.0643873
-0.0680904
-0.0628222
-0.0515846
-0.0406506
-0.0325277
-0.0242272
-0.0123945
0.0012745
0.0111990
0.0140885
0.0121051
0.0094786
0.0079158
0.0065010
0.0043432
0.0013157
-0.0028223
-0.0076232
-0.0101425
-0.0061611
0.0051366
0.0181412
0.0240871
0.0186914
0.0065977
-0.0029431
-0.0054059
-0.0048603
-0.0077220
-0.0146922
-0.0216129
-0.0270976
-0.0348066
-0.0464179
-0.0559707
-0.0554670
-0.0459627
-0.0396465
-0.0486067
-0.0722703
-0.0978731
-0.1136212
-0.1194138
-0.1232425
-0.1295865
-0.1359124
-0.1407655
-0.1492456
-0.1653170
-0.1812860
-0.1818552
-0.1612131
-0.1324422
-0.1161747
-0.1204225
-0.1340970
-0.1405407
-0.1345984
-0.1240982
-0.1164392
-0.1089139
-0.0949486
-0.0760971
-0.0617804
-0.0566335
-0.0535456
-0.0428163
-0.0254057
-0.0127972
-0.0139260
-0.0255343
-0.0366555
-0.0406067
-0.0405198
-0.0435316
-0.0519597
-0.0619510
-0.0695738
-0.0750036
-0.0796825
-0.0824591
-0.0817735
-0.0805237
-0.0850968
-0.0983983
-0.1155325
-0.1273877
-0.1280326
-0.1189814
-0.1075265
-0.1008835
-0.1005652
-0.1018184
-0.0988749
-0.0905440
-0.0802488
-0.0716269
-0.0660553
-0.0644505
-0.0671899
-0.0645167
-0.0214272
0.1224323
0.4175991
0.8453105
1.2844719
1.5544643
1.5223574
1.1952954
0.7189559
0.2803735
-0.0052273
-0.1367147
-0.1809854
-0.1967670
-0.1985987
-0.1773361
-0.1358111
-0.0954877
-0.0744981
-0.0707015
-0.0699876
-0.0657647
-0.0651450
-0.0772699
-0.1000065
-0.1203577
-0.1271394
-0.1215098
-0.1143621
-0.1147620
-0.1230425
-0.1345762
-0.1462847
-0.1567987
-0.1628045
-0.1598648
-0.1479728
-0.1338201
-0.1254715
-0.1247102
-0.1253306
-0.1195438
-0.1060993
-0.0911348
-0.0803452
-0.0719665
-0.0598074
-0.0420182
-0.0228710
-0.0051419
0.0148039
0.0407766
0.0679010
0.0848085
0.0861900
0.0807560
0.0838847
0.1017565
0.1244532
0.1366620
0.1345492
0.1292335
0.1331803
0.1471728
0.1635580
0.1785221
0.1950291
0.2140231
0.2294741
0.2362224
0.2395147
0.2513296
0.2760015
0.3026484
0.3152893
0.3106353
0.3027384
0.3075726
0.3250008
0.3398688
0.3401591
0.3285792
0.3142185
0.2983740
0.2746319
0.2413767
0.2078376
0.1848652
0.1722513
0.1584472
0.1333903
0.1000599
0.0718776
0.0591263
0.0599061
0.0645778
0.0655318
0.0598573
0.0458621
0.0233190
-0.0020074
-0.0195231
-0.0234208
-0.0196120
-0.0204585
-0.0328204
-0.0525138
-0.0701790
-0.0813135
-0.0897029
-0.1010796
-0.1149407
-0.1247588
-0.1260497
-0.1212851
-0.1156630
-0.1109812
-0.1060948
-0.1011122
-0.0978467
-0.0970145
-0.0977785
-0.0997480
-0.1031763
-0.1073440
-0.1108746
-0.1141201
-0.1196754
-0.1291936
-0.1395252
-0.1431131
-0.1344880
-0.1174748
-0.1034557
-0.0993645
-0.0989519
-0.0903113
-0.0718969
-0.0559276
-0.0537380
-0.0619182
-0.0669183
-0.0615913
-0.0529933
-0.0528553
-0.0629973
-0.0732950
-0.0748617
-0.0723429
-0.0788578
-0.0986402
-0.1199454
-0.1286000
-0.1247622
-0.1210467
-0.1258991
-0.1349602
-0.1399008
-0.1405219
-0.1441259
-0.1544302
-0.1649456
-0.1654706
-0.1543553
-0.1413894
-0.1365951
-0.1385057
-0.1375136
-0.1297644
-0.1220988
-0.1217045
-0.1263755
-0.1290469
-0.1282821
-0.1287555
-0.1318745
-0.1306812
-0.1166714
-0.0907341
-0.0651682
-0.0530456
-0.0554906
-0.0615450
-0.0615020
-0.0573385
-0.0573527
-0.0637938
-0.0710617
-0.0751204
-0.0788630
-0.0865108
-0.0968229
-0.1045954
-0.1072239
-0.1078707
-0.1122122
-0.1222116
-0.1332807
-0.1388130
-0.1374680
-0.1333453
-0.1285244
-0.1203390
-0.1097767
-0.1073387
-0.1193642
-0.1215633
-0.0499960
0.1660895
0.5398309
0.9788941
1.3081036
1.3685740
1.1261048
0.6972712
0.2668516
-0.0329729
-0.1828076
-0.2416749
-0.2690481
-0.2783841
-0.2515778
-0.1820577
-0.0946936
-0.0258922
0.0062571
0.0076202
-0.0082693
-0.0320818
-0.0563677
-0.0729287
-0.0784986
-0.0789590
-0.0832898
-0.0939626
-0.1049619
-0.1088778
-0.1055571
-0.1035863
-0.1118919
-0.1297623
-0.1478027
-0.1592095
-0.1657878
-0.1708563
-0.1716455
-0.1639138
-0.1510476
-0.1427453
-0.1446157
-0.1521382
-0.1548256
-0.1452437
-0.1256842
-0.1072520
-0.1003397
-0.1047607
-0.1108520
-0.1098366
-0.0999666
-0.0834477
-0.0628369
-0.0416520
-0.0233439
-0.0070208
0.0127088
0.0401186
0.0748246
0.1132556
0.1499874
0.1785527
0.1961936
0.2086500
0.2259867
0.2522913
0.2816662
0.3039120
0.3122668
0.3080866
0.3014161
0.3044248
0.3199740
0.3383121
0.3482081
0.3484982
0.3452785
0.3416037
0.3346834
0.3201703
0.2947758
0.2577562
0.2143191
0.1748291
0.1463599
0.1267419
0.1090696
0.0888946
0.0652475
0.0389838
0.0126793
-0.0113170
-0.0338026
-0.0557453
-0.0730270
-0.0803002
-0.0796481
-0.0778060
-0.0745090
-0.0623447
-0.0401349
-0.0181988
-0.0070481
-0.0068943
-0.0104685
-0.0110547
-0.0070173
-0.0034439
-0.0090963
-0.0271013
-0.0501170
-0.0684921
-0.0788656
-0.0799898
-0.0676949
-0.0432898
-0.0211117
-0.0167395
-0.0300991
-0.0478114
-0.0581154
-0.0568777
-0.0457873
-0.0335266
-0.0327228
-0.0468102
-0.0645907
-0.0738686
-0.0737850
-0.0690552
-0.0622136
-0.0579857
-0.0645081
-0.0826131
-0.1029517
-0.1181334
-0.1268114
-0.1244763
-0.1068551
-0.0857169
-0.0817610
-0.0955827
-0.1047479
-0.0957141
-0.0789998
-0.0678688
-0.0639077
-0.0682318
-0.0828053
-0.0965207
-0.0962681
-0.0939691
-0.1115510
-0.1383847
-0.1428807
-0.1289962
-0.1315399
-0.1442381
-0.1108466
-0.0154581
