0.3059868
0.2575663
0.2094000
0.1638734
0.1180871
0.0693797
0.0212618
-0.0176217
-0.0412290
-0.0525836
-0.0617952
-0.0770374
-0.0972270
-0.1136309
-0.1188155
-0.1141237
-0.1084048
-0.1094364
-0.1166985
-0.1227239
-0.1215453
-0.1154505
-0.1128368
-0.1190896
-0.1299300
-0.1346136
-0.1263681
-0.1096378
-0.0964166
-0.0948797
-0.1016044
-0.1053367
-0.0985546
-0.0849514
-0.0750876
-0.0748767
-0.0792600
-0.0779034
-0.0666644
-0.0521577
-0.0443140
-0.0452278
-0.0468871
-0.0405657
-0.0275781
-0.0194146
-0.0268962
-0.0498785
-0.0780155
-0.1007892
-0.1155773
-0.1261178
-0.1351649
-0.1408444
-0.1404170
-0.1357200
-0.1327982
-0.1356314
-0.1412495
-0.1422924
-0.1347572
-0.1226899
-0.1145682
-0.1149052
-0.1198201
-0.1214130
-0.1166625
-0.1115720
-0.1157185
-0.1320987
-0.1524856
-0.1635631
-0.1583449
-0.1417828
-0.1252841
-0.1162232
-0.1132167
-0.1108986
-0.1073856
-0.1055466
-0.1074365
-0.1096336
-0.1058375
-0.0940006
-0.0795795
-0.0709008
-0.0716520
-0.0784714
-0.0855332
-0.0904926
-0.0955925
-0.1036680
-0.1138890
-0.1215243
-0.1217614
-0.1142372
-0.1045192
-0.1008705
-0.1081387
-0.1235817
-0.1388466
-0.1471242
-0.1488855
-0.1501150
-0.1546456
-0.1592811
-0.1579238
-0.1502985
-0.1443256
-0.1478110
-0.1583073
-0.1637066
-0.1544804
-0.1344559
-0.1176454
-0.1140218
-0.1196431
-0.1216428
-0.1120945
-0.0955692
-0.0831865
-0.0809932
-0.0853921
-0.0889379
-0.0884377
-0.0866525
-0.0875519
-0.0916262
-0.0958325
-0.0969077
-0.0942283
-0.0901268
-0.0879607
-0.0893265
-0.0923893
-0.0932201
-0.0898199
-0.0850942
-0.0847197
-0.0908792
-0.0985446
-0.0997209
-0.0923332
-0.0838311
-0.0842393
-0.0954140
-0.1085727
-0.1133951
-0.1087184
-0.1027749
-0.1028291
-0.1062098
-0.1030986
-0.0880390
-0.0672819
-0.0537521
-0.0550655
-0.0672984
-0.0803854
-0.0883499
-0.0932752
-0.0999523
-0.1085291
-0.1136686
-0.1104622
-0.0997526
-0.0869617
-0.0765684
-0.0692423
-0.0645930
-0.0647382
-0.0726038
-0.0863209
-0.0977321
-0.0990971
-0.0913152
-0.0833647
-0.0824820
-0.0865193
-0.0881085
-0.0854422
-0.0852116
-0.0928737
-0.1029540
-0.1038629
-0.0928629
-0.0813249
-0.0812355
-0.0895008
-0.0919915
-0.0836091
-0.0768925
-0.0849442
-0.1005589
-0.1024154
-0.0836108
-0.0636790
-0.0637988
-0.0771900
-0.0792908
-0.0675148
-0.0678098
-0.0786469
-0.0172395
0.2368941
0.7064144
1.2244306
1.5145807
1.4020823
0.9619267
0.4554977
0.1153736
-0.0144579
-0.0474739
-0.0994432
-0.1833304
-0.2401591
-0.2330697
-0.1860056
-0.1420615
-0.1139920
-0.0878205
-0.0586215
-0.0413088
-0.0453185
-0.0554680
-0.0491680
-0.0264404
-0.0109260
-0.0199422
-0.0429796
-0.0559118
-0.0511967
-0.0451447
-0.0547960
-0.0757162
-0.0885585
-0.0841245
-0.0743832
-0.0768496
-0.0934397
-0.1097454
-0.1136013
-0.1088032
-0.1080742
-0.1158018
-0.1224539
-0.1168125
-0.1002492
-0.0856165
-0.0824369
-0.0860641
-0.0829721
-0.0653450
-0.0384680
-0.0138734
0.0028763
0.0164873
0.0351376
0.0612446
0.0895363
0.1130785
0.1296970
0.1423761
0.1549131
0.1687420
0.1837752
0.2005057
0.2197600
0.2405838
0.2597264
0.2742733
0.2848850
0.2959132
0.3118267
0.3333823
0.3573201
0.3794960
0.3977261
0.4116184
0.4209084
0.4255360
0.4275132
0.4310902
0.4391782
0.4491645
0.4534632
0.4457407
0.4269904
0.4045618
0.3843945
0.3648424
0.3395599
0.3065356
0.2723220
0.2454646
0.2262550
0.2053167
0.1737425
0.1336409
0.0966706
0.0716014
0.0548117
0.0347928
0.0059176
-0.0240614
-0.0414023
-0.0404901
-0.0293352
-0.0213860
-0.0235131
-0.0324562
-0.0410259
-0.0452656
-0.0454131
-0.0424298
-0.0363227
-0.0281640
-0.0215573
-0.0197944
-0.0214373
-0.0205981
-0.0131652
-0.0023428
0.0034920
-0.0009124
-0.0120952
-0.0210881
-0.0218649
-0.0161117
-0.0099286
-0.0069664
-0.0058383
-0.0040491
-0.0027685
-0.0058985
-0.0142315
-0.0221647
-0.0220038
-0.0119820
0.0006672
0.0053507
-0.0027514
-0.0187955
-0.0331635
-0.0402096
-0.0424342
-0.0464450
-0.0553585
-0.0655935
-0.0709650
-0.0692499
-0.0642651
-0.0616884
-0.0634261
-0.0665364
-0.0676318
-0.0675668
-0.0706600
-0.0788947
-0.0879047
-0.0902243
-0.0829675
-0.0714791
-0.0646232
-0.0666502
-0.0742309
-0.0812659
-0.0855025
-0.0895175
-0.0957148
-0.1022580
-0.1054647
-0.1055325
-0.1075101
-0.1151958
-0.1252895
-0.1298764
-0.1253611
-0.1174577
-0.1156287
-0.1224046
-0.1294137
-0.1252152
-0.1072914
-0.0856627
-0.0741165
-0.0779663
-0.0904792
-0.1003852
-0.1015762
-0.0955614
-0.0865605
-0.0766232
-0.0660793
-0.0569673
-0.0534152
-0.0573204
-0.0646257
-0.0681233
-0.0650766
-0.0607984
-0.0626473
-0.0703972
-0.0747216
-0.0670735
-0.0504957
-0.0384421
-0.0415611
-0.0564205
-0.0689924
-0.0696608
-0.0632049
-0.0623927
-0.0725494
-0.0851807
-0.0882253
-0.0808308
-0.0752228
-0.0835157
-0.1046953
-0.1262185
-0.1375617
-0.1399917
-0.1423110
-0.1490413
-0.1556659
-0.1558683
-0.1504433
-0.1459581
-0.1453539
-0.1438752
-0.1365520
-0.1270015
-0.1241202
-0.1291457
-0.1302826
-0.1146903
-0.0850952
-0.0594902
-0.0518884
-0.0576180
-0.0630353
-0.0658873
-0.0717426
-0.0594381
0.0412630
0.3103263
0.7493846
1.2275216
1.5339134
1.5147000
1.1828296
0.7044943
0.2757618
-0.0009178
-0.1427226
-0.2178997
-0.2671847
-0.2863327
-0.2631447
-0.2110034
-0.1618276
-0.1357002
-0.1268134
-0.1189583
-0.1078379
-0.1036283
-0.1141926
-0.1320292
-0.1410950
-0.1344465
-0.1213572
-0.1163936
-0.1242412
-0.1372741
-0.1462887
-0.1500874
-0.1534148
-0.1581000
-0.1596472
-0.1531516
-0.1400892
-0.1269840
-0.1181989
-0.1126905
-0.1082184
-0.1054544
-0.1049581
-0.1017310
-0.0875886
-0.0613148
-0.0338302
-0.0190319
-0.0184438
-0.0177711
-0.0018768
0.0267274
0.0472136
0.0409494
0.0126023
-0.0114088
-0.0069449
0.0258401
0.0649105
0.0893515
0.0980362
0.1055646
0.1225443
0.1433487
0.1546153
0.1537492
0.1552540
0.1765960
0.2190094
0.2649316
0.2951191
0.3065647
0.3123676
0.3256332
0.3464173
0.3652360
0.3768564
0.3871576
0.4053052
0.4313474
0.4545368
0.4643390
0.4606678
0.4514006
0.4414029
0.4273804
0.4044736
0.3751549
0.3482944
0.3289816
0.3116113
0.2853899
0.2467498
0.2043533
0.1701882
0.1463664
0.1228345
0.0890219
0.0464334
0.0081614
-0.0139644
-0.0208111
-0.0247392
-0.0381258
-0.0634056
-0.0932106
-0.1183786
-0.1347600
-0.1432110
-0.1457944
-0.1443717
-0.1423275
-0.1445009
-0.1529255
-0.1631276
-0.1669964
-0.1608233
-0.1499290
-0.1437021
-0.1452676
-0.1470901
-0.1385495
-0.1181716
-0.0968132
-0.0876250
-0.0938397
-0.1076591
-0.1197350
-0.1266774
-0.1287885
-0.1242940
-0.1103692
-0.0902749
-0.0753846
-0.0758715
-0.0891229
-0.1007140
-0.0993661
-0.0895307
-0.0861003
-0.0966134
-0.1120700
-0.1174509
-0.1090819
-0.0981438
-0.0972120
-0.1068824
-0.1177687
-0.1234698
-0.1275945
-0.1368376
-0.1500658
-0.1580078
-0.1542276
-0.1434513
-0.1365916
-0.1385998
-0.1438917
-0.1440150
-0.1373507
-0.1296796
-0.1266696
-0.1281802
-0.1301741
-0.1302553
-0.1295888
-0.1296988
-0.1294079
-0.1266713
-0.1230600
-0.1242546
-0.1343965
-0.1502238
-0.1620898
-0.1615525
-0.1483380
-0.1305753
-0.1186892
-0.1182444
-0.1270889
-0.1383687
-0.1462105
-0.1489601
-0.1479214
-0.1443666
-0.1386101
-0.1314899
-0.1255119
-0.1236312
-0.1266035
-0.1317112
-0.1346931
-0.1334244
-0.1294340
-0.1252767
-0.1208454
-0.1134264
-0.1016587
-0.0884185
-0.0789651
-0.0765045
-0.0800705
-0.0865483
-0.0941062
-0.1030864
-0.1133765
-0.1215811
-0.1223411
-0.1136763
-0.1006329
-0.0922147
-0.0939276
-0.1035907
-0.1146535
-0.1231609
-0.1309051
-0.1416957
-0.1551452
-0.1652561
-0.1660038
-0.1579501
-0.1482303
-0.1439092
-0.1464223
-0.1525732
-0.1589074
-0.1634390
-0.1644650
-0.1606606
-0.1532252
-0.1460069
-0.1417467
-0.1389690
-0.1345386
-0.1292906
-0.1284696
-0.1344846
-0.1409880
-0.1381383
-0.1246454
-0.1111735
-0.1098707
-0.1240894
-0.1507923
-0.1841862
-0.2007366
-0.1367838
0.0963416
0.5376477
1.0945725
1.5476482
1.6749584
1.4100551
0.8948321
0.3742374
0.0252677
-0.1318227
-0.1830691
-0.2091581
-0.2275905
-0.2204723
-0.1860793
-0.1487872
-0.1296836
-0.1256332
-0.1216091
-0.1136981
-0.1113175
-0.1199732
-0.1313685
-0.1341469
-0.1288890
-0.1263455
-0.1321039
-0.1389814
-0.1367985
-0.1259023
-0.1172370
-0.1199236
-0.1317883
-0.1427086
-0.1453070
-0.1409359
-0.1358179
-0.1329625
-0.1289950
-0.1187832
-0.1020061
-0.0841182
-0.0709133
-0.0628879
-0.0552878
-0.0435277
-0.0284244
-0.0158376
-0.0106148
-0.0108960
-0.0093351
-0.0004860
0.0138850
0.0276237
0.0373981
0.0455921
0.0560896
0.0686833
0.0787366
0.0823240
0.0812490
0.0825870
0.0929704
0.1132887
0.1390184
0.1650881
0.1894658
0.2122929
0.2332640
0.2511853
0.2658721
0.2797610
0.2973931
0.3228195
0.3564090
0.3935534
0.4269577
0.4509935
0.4644191
0.4696381
0.4700480
0.4678853
0.4636677
0.4571432
0.4486347
0.4388950
0.4270135
0.4089480
0.3794745
0.3364654
0.2833712
0.2274741
0.1754197
0.1296461
0.0886776
0.0512310
0.0199446
-0.0002935
-0.0087058
-0.0122875
-0.0212596
-0.0403982
-0.0656636
-0.0896421
-0.1094603
-0.1284643
-0.1501461
-0.1715300
-0.1842029
-0.1826721
-0.1706389
-0.1574274
-0.1484672
-0.1410569
-0.1299290
-0.1151886
-0.1031878
-0.0999520
-0.1047612
-0.1103331
-0.1090941
-0.0995456
-0.0869067
-0.0777685
-0.0744206
-0.0743632
-0.0743594
-0.0738139
-0.0742897
-0.0766971
-0.0794261
-0.0792369
-0.0743805
-0.0671060
-0.0623040
-0.0627662
-0.0661534
-0.0675916
-0.0652493
-0.0626725
-0.0654502
-0.0756549
-0.0891748
-0.0983133
-0.0977449
-0.0887171
-0.0774259
-0.0692118
-0.0647078
-0.0614430
-0.0580124
-0.0559657
-0.0581782
-0.0658884
-0.0769375
-0.0867513
-0.0918445
-0.0929680
-0.0944813
-0.1002205
-0.1099660
-0.1196735
-0.1247247
-0.1234078
-0.1182862
-0.1144201
-0.1156991
-0.1226907
-0.1338752
-0.1477758
-0.1627098
-0.1753187
-0.1815587
-0.1801231
-0.1741891
-0.1691344
-0.1684508
-0.1714028
-0.1738056
-0.1709637
-0.1607258
-0.1448417
-0.1282354
-0.1167852
-0.1138951
-0.1170644
-0.1182815
-0.1105908
-0.0954595
-0.0817019
-0.0757064
-0.0746958
-0.0718997
-0.0666709
-0.0654165
-0.0716183
-0.0788093
-0.0775089
-0.0682860
-0.0629391
-0.0700221
-0.0834580
-0.0916831
-0.0949531
-0.0989876
-0.0803669
0.0318106
0.3111250
0.7457977
1.1939718
1.4484903
1.3756686
1.0126250
0.5374873
0.1403849
-0.0922943
-0.1927310
-0.2385816
-0.2759124
-0.3014703
-0.2955735
-0.2560537
-0.2027679
-0.1606268
-0.1428737
-0.1458018
-0.1544439
-0.1544728
-0.1428597
-0.1288796
-0.1236475
-0.1276442
-0.1294517
-0.1183509
-0.0976447
-0.0825984
-0.0834452
-0.0928005
-0.0936119
-0.0793155
-0.0621032
-0.0590931
-0.0725961
-0.0869980
-0.0851514
-0.0662194
-0.0466600
-0.0438355
-0.0587715
-0.0750657
-0.0746406
-0.0541469
-0.0261781
-0.0061278
0.0007831
0.0007483
0.0022676
0.0066539
0.0070089
-0.0033213
-0.0210180
-0.0327251
-0.0265367
-0.0038532
0.0211648
0.0344941
0.0348613
0.0342846
0.0464686
0.0739631
0.1063172
0.1312825
0.1474952
0.1647591
0.1919576
0.2270704
0.2605105
0.2865282
0.3088188
0.3346947
0.3652877
0.3928665
0.4085399
0.4125005
0.4152447
0.4272104
0.4477280
0.4657501
0.4711658
0.4635365
0.4495265
0.4338474
0.4142717
0.3852784
0.3459453
0.3036648
0.2687231
0.2440712
0.2212265
0.1878516
0.1395437
0.0836625
0.0323813
-0.0069249
-0.0352928
-0.0582093
-0.0787637
-0.0945425
-0.1016160
-0.1014291
-0.1021032
-0.1116462
-0.1305436
-0.1519308
-0.1684486
-0.1781991
-0.1844775
-0.1901442
-0.1921042
-0.1822325
-0.1557649
-0.1190325
-0.0867135
-0.0699772
-0.0680236
-0.0714859
-0.0724463
-0.0700461
-0.0676447
-0.0665913
-0.0639901
-0.0571029
-0.0493486
-0.0494831
-0.0625253
-0.0821797
-0.0947612
-0.0915830
-0.0768937
-0.0637687
-0.0626038
-0.0724826
-0.0826152
-0.0833329
-0.0771587
-0.0778430
-0.0962713
-0.1277992
-0.1557364
-0.1676187
-0.1662506
-0.1637862
-0.1660477
-0.1648976
-0.1482504
-0.1177500
-0.0928863
-0.0930162
-0.1155248
-0.1367319
-0.1369838
-0.1215703
-0.1131844
-0.1251022
-0.1457008
-0.1507475
-0.1294779
-0.0969890
-0.0802962
-0.0923994
-0.1209172
-0.1420140
-0.1432644
-0.1317516
-0.1229543
-0.1258003
-0.1376671
-0.1492408
-0.1522468
-0.1447976
-0.1316037
-0.1194317
-0.1126955
-0.1134424
-0.1231547
-0.1412727
-0.1617017
-0.1734400
-0.1672383
-0.1433909
-0.1140481
-0.0964555
-0.1000126
-0.1178645
-0.1330679
-0.1347958
-0.1272315
-0.1219412
-0.1245046
-0.1310287
-0.1353182
-0.1354592
-0.1331734
-0.1297568
-0.1249347
-0.1195369
-0.1170584
-0.1199086
-0.1246939
-0.1257954
-0.1245726
-0.1251691
-0.1087659
-0.0151698
0.2267553
0.6244584
1.0694249
1.3740484
1.3883234
1.1064875
0.6716590
0.2717515
0.0155367
-0.1089633
-0.1750478
-0.2318325
-0.2748927
-0.2803423
-0.2462393
-0.1967716
-0.1575404
-0.1364097
-0.1267512
-0.1218688
-0.1216558
-0.1266028
-0.1311270
-0.1278305
-0.1172540
-0.1081961
-0.1070876
-0.1113346
-0.1151196
-0.1175211
-0.1213718
-0.1267392
-0.1294514
-0.1258410
-0.1171650
-0.1093030
-0.1078766
-0.1124831
-0.1166159
-0.1154181
-0.1122036
-0.1138000
-0.1201559
-0.1229470
-0.1153090
-0.0995814
-0.0843934
-0.0763313
-0.0745342
-0.0712636
-0.0583173
-0.0354135
-0.0117624
0.0028120
0.0074725
0.0095933
0.0166053
0.0308387
0.0496660
0.0673805
0.0789886
0.0854214
0.0933441
0.1072923
0.1243196
0.1391690
0.1522580
0.1692983
0.1943322
0.2250077
0.2532900
0.2707285
0.2765001
0.2807381
0.2953422
0.3200768
0.3422174
0.3514825
0.3507492
0.3503144
0.3561419
0.3657990
0.3719839
0.3681125
0.3533784
0.3330573
0.3114744
0.2862638
0.2535527
0.2165148
0.1830416
0.1562315
0.1327222
0.1089530
0.0834231
0.0545643
0.0226403
-0.0073595
-0.0302276
-0.0467323
-0.0610522
-0.0746743
-0.0869704
-0.0978910
-0.1055329
-0.1058662
-0.0999464
-0.0960875
-0.0995440
-0.1057088
-0.1087246
-0.1101974
-0.1135483
-0.1164845
-0.1152437
-0.1103893
-0.1038428
-0.0968151
-0.0934715
-0.0977181
-0.1039968
-0.1024574
-0.0958893
-0.0982171
-0.1125194
-0.1250602
-0.1257657
-0.1197714
-0.1142392
-0.1094486
-0.1067192
-0.1081192
-0.1060038
-0.0927250
-0.0812944
-0.0906746
-0.1090928
-0.1050679
-0.0810307
-0.0749953
-0.0913243
-0.0737234
0.0173746
