-0.0572786
-0.0748260
-0.0042432
0.0478362
0.0600480
0.0861761
0.1397038
0.1825839
0.2064284
0.2391341
0.2768105
0.2808482
0.2439469
0.2007226
0.1706074
0.1395125
0.0995921
0.0634312
0.0356513
0.0064117
-0.0245972
-0.0461724
-0.0563231
-0.0619645
-0.0640698
-0.0636452
-0.0717355
-0.0925650
-0.1097016
-0.1104483
-0.1094325
-0.1247279
-0.1450870
-0.1474318
-0.1369651
-0.1428811
-0.1763374
-0.2127611
-0.2157572
-0.1637452
-0.0504892
0.1321076
0.4010210
0.7517813
1.1027488
1.2892179
1.1671193
0.7543193
0.2508479
-0.1094282
-0.2332750
-0.2017865
-0.1571559
-0.1741164
-0.2276709
-0.2568041
-0.2418400
-0.2173570
-0.2198658
-0.2431779
-0.2561810
-0.2487792
-0.2385943
-0.2382356
-0.2392704
-0.2314477
-0.2192043
-0.2122063
-0.2115839
-0.2119274
-0.2098696
-0.2068707
-0.2071272
-0.2126880
-0.2183540
-0.2154482
-0.2037717
-0.1932013
-0.1887354
-0.1819813
-0.1641390
-0.1394485
-0.1175071
-0.0989634
-0.0776214
-0.0518307
-0.0256618
-0.0017563
0.0212201
0.0464960
0.0775104
0.1145164
0.1516803
0.1833163
0.2135824
0.2517334
0.2951862
0.3255021
0.3257006
0.2962546
0.2512575
0.2040087
0.1588563
0.1132150
0.0657443
0.0233363
-0.0039853
-0.0189139
-0.0405142
-0.0821735
-0.1299325
-0.1550479
-0.1485276
-0.1320809
-0.1313776
-0.1472325
-0.1587015
-0.1475518
-0.1074372
-0.0232609
0.1485487
0.4519819
0.8568681
1.2150955
1.3284781
1.0996845
0.6275926
0.1433131
-0.1599316
-0.2479434
-0.2233357
-0.2071568
-0.2438583
-0.3007432
-0.3328640
-0.3327279
-0.3217373
-0.3142105
-0.3062053
-0.2937488
-0.2840812
-0.2842651
-0.2904487
-0.2954083
-0.2995556
-0.3074598
-0.3169896
-0.3177429
-0.3004210
-0.2663485
-0.2281570
-0.2002773
-0.1870163
-0.1808403
-0.1729554
-0.1618683
-0.1493925
-0.1338032
-0.1126860
-0.0890085
-0.0678770
-0.0488917
-0.0273402
-0.0019727
0.0236501
0.0476806
0.0738499
0.1075565
0.1490060
0.1898906
0.2176438
0.2259629
0.2210514
0.2137327
0.2058193
0.1897729
0.1620643
0.1291593
0.0968069
0.0605338
0.0135917
-0.0388645
-0.0804678
-0.0996309
-0.1014906
-0.1017715
-0.1093272
-0.1175383
-0.1159960
-0.1084049
-0.1107095
-0.1283416
-0.1446337
-0.1414033
-0.1256588
-0.1233658
-0.1472681
-0.1836605
-0.2136193
-0.2302134
-0.2174416
-0.1195059
0.1359478
0.5501689
0.9838394
1.2073970
1.0665935
0.6224982
0.1198608
-0.2020533
-0.2808738
-0.2310968
-0.1990142
-0.2329152
-0.2816360
-0.2855385
-0.2446947
-0.2030854
-0.1897000
-0.1924972
-0.1862601
-0.1681705
-0.1557632
-0.1587351
-0.1673525
-0.1689613
-0.1638788
-0.1597965
-0.1584550
-0.1551129
-0.1479748
-0.1418392
-0.1420336
-0.1480065
-0.1542529
-0.1566452
-0.1562552
-0.1556524
-0.1528520
-0.1431044
-0.1278742
-0.1171045
-0.1183076
-0.1262624
-0.1281207
-0.1170368
-0.0961952
-0.0702463
-0.0378221
0.0056311
0.0597843
0.1157488
0.1604566
0.1850600
0.1894196
0.1789865
0.1600353
0.1401075
0.1288324
0.1304101
0.1346789
0.1237984
0.0926124
0.0572425
0.0378582
0.0362532
0.0371289
0.0306475
0.0255787
0.0348453
0.0521229
0.0522689
0.0196041
-0.0300225
-0.0628552
-0.0572790
-0.0042452
0.1235869
0.3740637
0.7503092
1.1386306
1.3372249
1.2010922
0.7779919
0.2920318
-0.0260635
-0.1079546
-0.0625362
-0.0399514
-0.0932472
-0.1677635
-0.1980167
-0.1852600
-0.1778017
-0.2016550
-0.2342827
-0.2424771
-0.2251320
-0.2087371
-0.2101133
-0.2169584
-0.2074228
-0.1806367
-0.1597262
-0.1648449
-0.1902184
-0.2120354
-0.2145373
-0.2019854
-0.1870000
-0.1753015
-0.1643651
-0.1508196
-0.1338550
-0.1133881
-0.0893159
-0.0633276
-0.0394057
-0.0207543
-0.0054587
0.0140107
0.0445146
0.0842225
0.1228438
0.1516996
0.1720688
0.1920360
0.2174167
0.2483219
0.2822246
0.3158615
0.3437769
0.3584099
0.3538783
0.3298508
0.2917911
0.2470490
0.1993768
0.1472029
0.0889497
0.0297881
-0.0200172
-0.0547664
-0.0785490
-0.0986496
-0.1157095
-0.1233150
-0.1172586
-0.1031513
-0.0930789
-0.0936700
-0.0982172
-0.0937827
-0.0777791
-0.0637691
-0.0661647
-0.0814232
-0.0913655
-0.0863231
-0.0780065
-0.0842862
-0.1054114
-0.1227456
-0.1201674
-0.0951641
-0.0379534
0.0942933
0.3558915
0.7370642
1.1070386
1.2622766
1.0711989
0.5931205
0.0520353
-0.3214013
-0.4412701
-0.3866548
-0.2968853
-0.2550405
-0.2576402
-0.2666075
-0.2660349
-0.2674191
-0.2795623
-0.2928840
-0.2941371
-0.2838012
-0.2719740
-0.2631705
-0.2527260
-0.2365169
-0.2176918
-0.2019205
-0.1894470
-0.1748544
-0.1544644
-0.1319800
-0.1152551
-0.1077937
-0.1051363
-0.0998251
-0.0875743
-0.0676608
-0.0409883
-0.0118429
0.0101050
0.0150132
0.0025646
-0.0152408
-0.0227109
-0.0122902
0.0110510
0.0355733
0.0529924
0.0644505
0.0773481
0.0970538
0.1225985
0.1494517
0.1733109
0.1898808
0.1938807
0.1817047
0.1551508
0.1209807
0.0865170
0.0557509
0.0287207
0.0037793
-0.0194465
-0.0395200
-0.0559184
-0.0708155
-0.0859547
-0.0984164
-0.1025514
-0.0970142
-0.0877181
-0.0826708
-0.0852188
-0.0928413
-0.1006247
-0.1044785
-0.1020778
-0.0927349
-0.0775910
-0.0601618
-0.0456897
-0.0381022
-0.0370753
-0.0394569
-0.0437558
-0.0508497
-0.0594204
-0.0641795
-0.0619289
-0.0575123
-0.0598046
-0.0718971
-0.0884884
-0.1034135
-0.1162621
-0.1292052
-0.1396235
-0.1405774
-0.1306056
-0.1199707
-0.1221114
-0.1378649
-0.1517766
-0.1441800
-0.0984368
0.0101639
0.2200219
0.5483411
0.9303371
1.2047130
1.1974533
0.8570663
0.3205344
-0.1661069
-0.4166369
-0.4195309
-0.3057392
-0.2155322
-0.1958810
-0.2084854
-0.2077656
-0.1924480
-0.1892458
-0.2098852
-0.2379365
-0.2515423
-0.2461024
-0.2314141
-0.2142255
-0.1914614
-0.1602390
-0.1276914
-0.1058500
-0.0987434
-0.0994995
-0.1005323
-0.1018649
-0.1069442
-0.1138567
-0.1150572
-0.1053518
-0.0872602
-0.0681158
-0.0536496
-0.0447515
-0.0388180
-0.0327087
-0.0243824
-0.0131809
-0.0005078
0.0097001
0.0140266
0.0155108
0.0246592
0.0504801
0.0898065
0.1285599
0.1552533
0.1713741
0.1867116
0.2056907
0.2204829
0.2178628
0.1916201
0.1475630
0.0974387
0.0502022
0.0098858
-0.0213505
-0.0428093
-0.0578129
-0.0714118
-0.0827374
-0.0838116
-0.0707987
-0.0540951
-0.0508030
-0.0660674
-0.0873213
-0.1003316
-0.1064147
-0.1171412
-0.1330281
-0.1368428
-0.1150462
-0.0811305
-0.0664060
-0.0848191
-0.1161541
-0.1290689
-0.1074542
-0.0365907
0.1280817
0.4389230
0.8679120
1.2477396
1.3479800
1.0577493
0.5071218
-0.0105473
-0.2622884
-0.2401297
-0.1193536
-0.0717484
-0.1281421
-0.2058258
-0.2318709
-0.2139160
-0.2024459
-0.2184878
-0.2375535
-0.2324910
-0.2093968
-0.1951011
-0.2016729
-0.2152161
-0.2171894
-0.2056250
-0.1907574
-0.1770935
-0.1589728
-0.1331782
-0.1074892
-0.0923363
-0.0882260
-0.0865251
-0.0812174
-0.0749905
-0.0726757
-0.0723334
-0.0661390
-0.0498115
-0.0285621
-0.0117586
-0.0023004
0.0063875
0.0219951
0.0443330
0.0670815
0.0871484
0.1087427
0.1373104
0.1720343
0.2062387
0.2340450
0.2546003
0.2693765
0.2764353
0.2688568
0.2399796
0.1903658
0.1289912
0.0676359
0.0149936
-0.0243361
-0.0482246
-0.0571001
-0.0549672
-0.0478671
-0.0401530
-0.0324900
-0.0235041
-0.0131200
-0.0042929
-0.0011830
-0.0051021
-0.0128886
-0.0206590
-0.0285680
-0.0392111
-0.0508014
-0.0557168
-0.0496158
-0.0405322
-0.0434786
-0.0631665
-0.0854988
-0.0919334
-0.0827434
-0.0793749
-0.0982473
-0.1272054
-0.1389207
-0.1274767
-0.1134107
-0.0951907
-0.0060205
0.2436633
0.6489181
1.0403165
1.1695785
0.9063254
0.3670266
-0.1594434
-0.4323096
-0.4246102
-0.2926045
-0.2044036
-0.2067233
-0.2388743
-0.2381965
-0.2073361
-0.1889626
-0.2046051
-0.2346995
-0.2491570
-0.2398295
-0.2190414
-0.1975157
-0.1743923
-0.1470695
-0.1209301
-0.1041662
-0.0972714
-0.0935038
-0.0887310
-0.0854078
-0.0855807
-0.0846367
-0.0758141
-0.0593281
-0.0433100
-0.0346525
-0.0304965
-0.0202439
0.0037016
0.0375076
0.0686200
0.0871233
0.0944270
0.1010648
0.1168144
0.1430712
0.1733563
0.1997345
0.2190903
0.2345394
0.2511804
0.2700307
0.2858680
0.2908167
0.2796512
0.2520914
0.2117193
0.1638474
0.1136047
0.0646659
0.0195189
-0.0190402
-0.0475548
-0.0638825
-0.0692286
-0.0676272
-0.0635261
-0.0600430
-0.0589405
-0.0612796
-0.0673013
-0.0752232
-0.0806185
-0.0788081
-0.0696261
-0.0595510
-0.0574303
-0.0672479
-0.0852588
-0.1037075
-0.1163231
-0.1207257
-0.1177720
-0.1102246
-0.1016597
-0.0952553
-0.0925776
-0.0932131
-0.0959449
-0.1007632
-0.1091482
-0.1210855
-0.1321410
-0.1361785
-0.1328198
-0.1302946
-0.1373502
-0.1517740
-0.1600769
-0.1514168
-0.1309762
-0.1161300
-0.1177400
-0.1277211
-0.1279589
-0.1078480
-0.0628449
0.0289188
0.2148228
0.5252224
0.9041102
1.1913081
1.2069430
0.8887640
0.3622808
-0.1316354
-0.4000512
-0.4159721
-0.2988453
-0.1929707
-0.1619747
-0.1801406
-0.1970644
-0.1941440
-0.1859693
-0.1884899
-0.1999146
-0.2093227
-0.2126157
-0.2147546
-0.2201216
-0.2262038
-0.2275058
-0.2224450
-0.2142051
-0.2062063
-0.1991680
-0.1923831
-0.1854033
-0.1775023
-0.1672211
-0.1539314
-0.1390437
-0.1245355
-0.1108748
-0.0972595
-0.0830215
-0.0673327
-0.0478612
-0.0215585
0.0121245
0.0493160
0.0840975
0.1133665
0.1391654
0.1657995
0.1948774
0.2239231
0.2496662
0.2710703
0.2882175
0.2999083
0.3046978
0.3038446
0.3003666
0.2936972
0.2768861
0.2415588
0.1865954
0.1215020
0.0605658
0.0130569
-0.0215950
-0.0499541
-0.0770465
-0.1031075
-0.1266880
-0.1486925
-0.1718322
-0.1964486
-0.2180110
-0.2294326
-0.2264176
-0.2112367
-0.1913047
-0.1734462
-0.1595934
-0.1486346
-0.1412990
-0.1401548
-0.1436068
-0.1432683
-0.1319517
-0.1145091
-0.1058818
-0.1141490
-0.1272169
-0.1222140
-0.0909473
-0.0521488
-0.0332838
-0.0416124
-0.0591676
-0.0648843
-0.0481961
0.0100533
0.1584479
0.4445824
0.8383497
1.1918239
1.3102964
1.0993502
0.6559180
0.2060318
-0.0632806
-0.1262448
-0.0925088
-0.0798633
-0.1195686
-0.1701298
-0.1925658
-0.1926414
-0.1979717
-0.2176835
-0.2371851
-0.2440491
-0.2442208
-0.2498287
-0.2605315
-0.2649413
-0.2577635
-0.2474298
-0.2443642
-0.2472398
-0.2459896
-0.2361835
-0.2244346
-0.2182584
-0.2152547
-0.2061642
-0.1868624
-0.1632459
-0.1435227
-0.1286416
-0.1127154
-0.0917595
-0.0687909
-0.0485902
-0.0291264
-0.0016027
0.0392826
0.0864839
0.1243303
0.1420974
0.1439383
0.1457832
0.1627116
0.1980113
0.2419374
0.2792933
0.2985960
0.2961713
0.2743033
0.2373939
0.1897097
0.1349849
0.0767838
0.0192986
-0.0319338
-0.0709435
-0.0942586
-0.1034282
-0.1042797
-0.1030996
-0.1029247
-0.1030193
-0.1018125
-0.1003142
-0.1020609
-0.1089354
-0.1174277
-0.1207201
-0.1157947
-0.1080717
-0.1074993
-0.1189961
-0.1369663
-0.1502223
-0.1526654
-0.1480723
-0.1433853
-0.1388788
-0.1285131
-0.1110120
-0.0964674
-0.0970006
-0.1114849
-0.1251370
-0.1271231
-0.1241467
-0.1304954
-0.1459382
-0.1521797
-0.1365532
-0.1129585
-0.1080313
-0.1253555
-0.1355670
-0.1110145
-0.0595376
-0.0019846
0.0875912
0.2902198
0.6511506
1.0695182
1.3092999
1.1676943
0.6612355
0.0425239
-0.3859900
-0.4938264
-0.3801519
-0.2374002
-0.1764337
-0.1770256
-0.1721364
-0.1423458
-0.1214921
-0.1368036
-0.1722503
-0.1934265
-0.1902693
-0.1822785
-0.1876910
-0.2012230
-0.2055188
-0.1952899
-0.1817794
-0.1760101
-0.1760490
-0.1733489
-0.1659185
-0.1598574
-0.1596827
-0.1623417
-0.1617297
-0.1551709
-0.1427886
-0.1229757
-0.0930181
-0.0555356
-0.0214306
-0.0026739
-0.0006188
-0.0021689
0.0113791
0.0508757
0.1128571
0.1833906
0.2465528
0.2913368
0.3152111
0.3242338
0.3288179
0.3362125
0.3449762
0.3466412
0.3333683
0.3042993
0.2647256
0.2199471
0.1713110
0.1188570
0.0664585
0.0217083
-0.0105740
-0.0332244
-0.0528579
-0.0711590
-0.0825701
-0.0825497
-0.0768212
-0.0790131
-0.0971485
-0.1238880
-0.1429508
-0.1455886
-0.1380810
-0.1315110
-0.1276093
-0.1199138
-0.1084072
-0.1053620
-0.1204688
-0.1436027
-0.1516023
-0.1352047
-0.1118116
-0.1039063
-0.1088315
-0.1019964
-0.0736479
-0.0501169
-0.0644098
-0.1088803
-0.1345694
-0.1042716
-0.0282483
0.0742513
0.2391595
0.5400351
0.9703407
1.3548498
1.4320480
1.0744606
0.4365801
-0.1397043
-0.3924539
-0.3280241
-0.1599306
-0.0840199
-0.1250403
-0.1819612
-0.1777235
-0.1349983
-0.1198370
-0.1513692
-0.1889758
-0.1934807
-0.1734046
-0.1639415
-0.1774103
-0.1909638
-0.1802112
-0.1501721
-0.1264448
-0.1235581
-0.1315580
-0.1327411
-0.1230659
-0.1130671
-0.1124568
-0.1198751
-0.1273741
-0.1297595
-0.1266363
-0.1176896
-0.1000983
-0.0720715
-0.0373617
-0.0042584
0.0205742
0.0370892
0.0508908
0.0678773
0.0899267
0.1151296
0.1413123
0.1687125
0.1988195
0.2304749
0.2578032
0.2733837
0.2742361
0.2638779
0.2472543
0.2239738
0.1884919
0.1383471
0.0813285
0.0322087
0.0010154
-0.0148691
-0.0258972
-0.0383142
-0.0490844
-0.0536319
-0.0558690
-0.0661680
-0.0881257
-0.1109040
-0.1190587
-0.1100241
-0.0979601
-0.0979437
-0.1091399
-0.1180210
-0.1177024
-0.1178864
-0.1311152
-0.1528603
-0.1635489
-0.1528259
-0.1349669
-0.1333837
-0.1531242
-0.1776579
-0.1920382
-0.1934675
-0.1650696
-0.0493289
0.2190005
0.6246227
1.0191787
1.1904105
1.0211093
0.5961546
0.1467267
-0.1250870
-0.1815299
-0.1309427
-0.0984143
-0.1233904
-0.1671816
-0.1875657
-0.1845692
-0.1811082
-0.1841418
-0.1802048
-0.1620061
-0.1431952
-0.1415083
-0.1558149
-0.1683884
-0.1677314
-0.1610828
-0.1619999
-0.1715928
-0.1779070
-0.1721878
-0.1595194
-0.1509188
-0.1489178
-0.1458400
-0.1359255
-0.1241979
-0.1199127
-0.1231974
-0.1228752
-0.1094008
-0.0872073
-0.0704919
-0.0663156
-0.0646122
-0.0471018
-0.0053109
0.0521730
0.1100988
0.1615197
0.2106166
0.2622452
0.3122177
0.3495805
0.3667315
0.3647970
0.3492477
0.3229238
0.2851917
0.2368932
0.1838349
0.1344227
0.0941541
0.0622959
0.0332194
0.0011679
-0.0348464
-0.0700054
-0.0983959
-0.1195714
-0.1390209
-0.1600647
-0.1765084
-0.1779197
-0.1645450
-0.1530347
-0.1614113
-0.1883357
-0.2128133
-0.2150756
-0.1874041
-0.1140571
0.0507583
0.3551870
0.7729486
1.1569552
1.3040165
1.1058846
0.6541991
0.1875929
-0.0842541
-0.1225664
-0.0458476
0.0054091
-0.0164073
-0.0677524
-0.0960267
