1.5945933
1.3777811
0.7532319
0.0566706
-0.3571784
-0.3824579
-0.1921918
-0.0324964
-0.0082837
-0.0561100
-0.0774720
-0.0550400
-0.0397952
-0.0641680
-0.1016889
-0.1087179
-0.0792880
-0.0446140
-0.0300170
-0.0300248
-0.0269962
-0.0200499
-0.0252010
-0.0511774
-0.0856027
-0.1084440
-0.1137709
-0.1132025
-0.1194324
-0.1313633
-0.1374741
-0.1311914
-0.1193380
-0.1144244
-0.1202097
-0.1268608
-0.1211071
-0.1005883
-0.0771307
-0.0653371
-0.0682883
-0.0749878
-0.0714686
-0.0532233
-0.0264721
0.0008911
0.0270053
0.0544638
0.0837388
0.1110605
0.1330685
0.1515102
0.1717241
0.1967263
0.2235648
0.2451080
0.2544435
0.2478995
0.2258893
0.1927068
0.1552674
0.1202149
0.0909542
0.0675931
0.0499041
0.0392013
0.0358383
0.0351073
0.0279067
0.0078227
-0.0219680
-0.0500467
-0.0662775
-0.0704073
-0.0710420
-0.0761324
-0.0848992
-0.0895075
-0.0845008
-0.0739157
-0.0685302
-0.0759952
-0.0938264
-0.1121029
-0.1227865
-0.1261551
-0.1282659
-0.1328294
-0.1364632
-0.1322723
-0.1175947
-0.0975510
-0.0810320
-0.0738059
-0.0754581
-0.0816547
-0.0878869
-0.0912445
-0.0906622
-0.0874277
-0.0852912
-0.0880440
-0.0954255
-0.1020866
-0.1025772
-0.0980865
-0.0967277
-0.1053890
-0.1216970
-0.1359026
-0.1409188
-0.1380421
-0.1310615
-0.1176236
-0.0923083
-0.0604093
-0.0430846
-0.0602844
-0.1062138
-0.1481074
-0.1563528
-0.1346464
-0.1136503
-0.1141605
-0.1254920
-0.1260148
-0.1133998
-0.0922307
-0.0251118
0.1776943
0.5773555
1.0934044
1.4912658
1.5286027
1.1521809
0.5597523
0.0557405
-0.1726544
-0.1592061
-0.0696894
-0.0337959
-0.0622927
-0.0966550
-0.1009115
-0.0917547
-0.0987291
-0.1231871
-0.1442756
-0.1509001
-0.1529404
-0.1625426
-0.1764170
-0.1822072
-0.1760270
-0.1659317
-0.1591692
-0.1531490
-0.1419352
-0.1269527
-0.1156633
-0.1100871
-0.1018602
-0.0822454
-0.0557076
-0.0398039
-0.0493054
-0.0804811
-0.1119473
-0.1216578
-0.1040607
-0.0725205
-0.0467512
-0.0377160
-0.0423078
-0.0497641
-0.0519370
-0.0482483
-0.0428193
-0.0386881
-0.0353477
-0.0309282
-0.0252631
-0.0200945
-0.0166242
-0.0135109
-0.0075618
0.0035777
0.0194370
0.0374579
0.0555798
0.0734404
0.0902831
0.1020097
0.1019893
0.0864570
0.0592643
0.0300842
0.0068879
-0.0097528
-0.0246007
-0.0407302
-0.0559170
-0.0661919
-0.0712320
-0.0745161
-0.0788122
-0.0836459
-0.0874176
-0.0894996
-0.0887013
-0.0820784
-0.0688522
-0.0551688
-0.0508492
-0.0592385
-0.0730766
-0.0836295
-0.0917148
-0.1043832
-0.1206857
-0.1282571
-0.1197298
-0.1073284
-0.1105332
-0.1282792
-0.1355892
-0.1170764
-0.0950672
-0.1071411
-0.1543167
-0.1910129
-0.1802423
-0.1417741
-0.1125231
-0.0540465
0.1583950
0.6008441
1.1439883
1.4762696
1.3424618
0.7850495
0.1359199
-0.2525106
-0.2796612
-0.1188569
-0.0022562
-0.0112935
-0.0671697
-0.0766518
-0.0418269
-0.0285779
-0.0682500
-0.1230441
-0.1417347
-0.1210240
-0.0993333
-0.1047417
-0.1276777
-0.1436959
-0.1466444
-0.1501018
-0.1638552
-0.1811181
-0.1903123
-0.1912901
-0.1945706
-0.2076181
-0.2269001
-0.2431262
-0.2499724
-0.2459953
-0.2314558
-0.2075299
-0.1787030
-0.1522934
-0.1328780
-0.1178827
-0.1006715
-0.0782310
-0.0544416
-0.0351083
-0.0205991
-0.0043387
0.0213882
0.0584238
0.1012710
0.1421201
0.1772512
0.2089047
0.2413994
0.2755124
0.3060340
0.3241032
0.3223519
0.2995028
0.2614702
0.2177683
0.1752109
0.1336328
0.0874433
0.0321033
-0.0297546
-0.0877867
-0.1297546
-0.1493144
-0.1497346
-0.1408893
-0.1324308
-0.1286457
-0.1280772
-0.1267379
-0.1217108
-0.1127089
-0.1010992
-0.0879454
-0.0735997
-0.0595901
-0.0500419
-0.0492931
-0.0568587
-0.0654723
-0.0659890
-0.0554963
-0.0404279
-0.0307702
-0.0307287
-0.0354293
-0.0370455
-0.0334177
-0.0296737
-0.0319266
-0.0413735
-0.0554544
-0.0728590
-0.0945286
-0.1192150
-0.1404067
-0.1503304
-0.1477755
-0.1409176
-0.1409246
-0.1519452
-0.1674223
-0.1765928
-0.1746000
-0.1659324
-0.1580850
-0.1527541
-0.1443357
-0.1274117
-0.1047792
-0.0862668
-0.0784771
-0.0769095
-0.0709405
-0.0571424
-0.0442735
-0.0416855
-0.0448356
-0.0384604
-0.0165308
0.0062488
0.0091784
-0.0098765
-0.0322737
-0.0416060
-0.0354629
0.0010923
0.1283976
0.4260785
0.8976021
1.3936699
1.6626614
1.5247204
1.0261335
0.4227686
-0.0057021
-0.1476195
-0.0940841
-0.0118863
0.0040166
-0.0321242
-0.0667097
-0.0810698
-0.0955857
-0.1261403
-0.1602467
-0.1767081
-0.1733128
-0.1658306
-0.1657716
-0.1689329
-0.1657948
-0.1552093
-0.1438465
-0.1368288
-0.1348649
-0.1396835
-0.1559050
-0.1836831
-0.2122028
-0.2256718
-0.2174935
-0.1963968
-0.1770372
-0.1659135
-0.1579497
-0.1453537
-0.1269647
-0.1084866
-0.0956959
-0.0888155
-0.0826288
-0.0708677
-0.0509374
-0.0257528
-0.0015148
0.0169469
0.0294404
0.0393250
0.0492477
0.0585201
0.0654541
0.0718590
0.0832767
0.1032900
0.1285375
0.1513458
0.1671162
0.1766631
0.1802474
0.1720141
0.1441390
0.0974271
0.0456553
0.0070507
-0.0094156
-0.0096845
-0.0078086
-0.0145782
-0.0318458
-0.0547963
-0.0770254
-0.0941292
-0.1057527
-0.1159558
-0.1296115
-0.1458669
-0.1560080
-0.1510240
-0.1324640
-0.1136820
-0.1082531
-0.1176965
-0.1320604
-0.1419432
-0.1474462
-0.1542455
-0.1631800
-0.1672856
-0.1600382
-0.1440963
-0.1297076
-0.1255109
-0.1329131
-0.1481301
-0.1656055
-0.1782161
-0.1782647
-0.1626760
-0.1364638
-0.1075239
-0.0781405
-0.0458524
-0.0139734
0.0046494
0.0012037
-0.0135364
-0.0169258
-0.0029972
0.0044571
-0.0207943
-0.0682731
-0.0943999
-0.0736120
-0.0300183
0.0076849
0.0839323
0.3128553
0.7537821
1.2816690
1.6173815
1.5352664
1.0651960
0.4838298
0.0912536
-0.0152834
0.0360803
0.0633136
0.0005026
-0.0916506
-0.1405917
-0.1490652
-0.1701605
-0.2291685
-0.2955840
-0.3263293
-0.3142692
-0.2855608
-0.2624813
-0.2443504
-0.2231776
-0.2028811
-0.1940886
-0.1963551
-0.1963002
-0.1843834
-0.1661135
-0.1530304
-0.1474991
-0.1417434
-0.1298475
-0.1146549
-0.1012854
-0.0884395
-0.0704717
-0.0470603
-0.0265181
-0.0173995
-0.0186822
-0.0206592
-0.0149417
-0.0012576
0.0154866
0.0315637
0.0457846
0.0568516
0.0632594
0.0666062
0.0724871
0.0859300
0.1060294
0.1260458
0.1391294
0.1439224
0.1447950
0.1470246
0.1519602
0.1565581
0.1566860
0.1500632
0.1363344
0.1155916
0.0877555
0.0535048
0.0158708
-0.0190401
-0.0439003
-0.0546111
-0.0539252
-0.0499944
-0.0501875
-0.0558022
-0.0626430
-0.0664871
-0.0677656
-0.0706948
-0.0775673
-0.0843926
-0.0838622
-0.0738895
-0.0621561
-0.0599030
-0.0705984
-0.0862290
-0.0957347
-0.0959583
-0.0928996
-0.0931278
-0.0968605
-0.1011366
-0.1075546
-0.1221513
-0.1453235
-0.1648864
-0.1641454
-0.1381161
-0.0990431
-0.0647010
-0.0439689
-0.0354271
-0.0357061
-0.0430005
-0.0525766
-0.0558968
-0.0494228
-0.0413716
-0.0432578
-0.0540847
-0.0595596
-0.0516095
-0.0434069
-0.0556447
-0.0878058
-0.1138428
-0.1118808
-0.0853241
-0.0353997
0.0847503
0.3558092
0.7951027
1.2674125
1.5254211
1.3851919
0.8894088
0.2959961
-0.1122578
-0.2281087
-0.1558150
-0.0745087
-0.0796203
-0.1442687
-0.1984327
-0.2138050
-0.2112013
-0.2125391
-0.2107918
-0.1879292
-0.1456444
-0.1062291
-0.0865164
-0.0811208
-0.0743046
-0.0616986
-0.0539116
-0.0607003
-0.0782902
-0.0945142
-0.1022731
-0.1042563
-0.1061984
-0.1094582
-0.1108827
-0.1072684
-0.0979358
-0.0837028
-0.0654682
-0.0449942
-0.0263778
-0.0149463
-0.0134066
-0.0189135
-0.0239656
-0.0201036
-0.0020837
0.0283288
0.0606301
0.0799091
0.0777457
0.0613157
0.0501489
0.0610490
0.0948533
0.1379749
0.1766988
0.2089564
0.2411918
0.2745794
0.2976097
0.2955678
0.2673012
0.2294470
0.2017728
0.1891013
0.1789891
0.1562310
0.1178647
0.0744425
0.0391609
0.0172671
0.0048328
-0.0048550
-0.0152946
-0.0259621
-0.0348696
-0.0409485
-0.0454970
-0.0525108
-0.0658798
-0.0839552
-0.0979547
-0.0990250
-0.0875403
-0.0729232
-0.0636062
-0.0605070
-0.0626722
-0.0752263
-0.1042580
-0.1419400
-0.1641409
-0.1521985
-0.1174691
-0.0948011
-0.1045171
-0.1263632
-0.1216659
-0.0787688
-0.0183952
0.0573832
0.2045269
0.4897248
0.8828193
1.2118288
1.2644301
0.9662630
0.4653384
0.0280087
-0.1639688
-0.1290426
-0.0217383
0.0248252
-0.0086262
-0.0631164
-0.0908040
-0.0948384
-0.1001611
-0.1140521
-0.1250407
-0.1272968
-0.1301520
-0.1423354
-0.1571950
-0.1607602
-0.1510615
-0.1418413
-0.1453054
-0.1562826
-0.1577767
-0.1407130
-0.1147585
-0.0997735
-0.1089221
-0.1396528
-0.1776400
-0.2075080
-0.2215831
-0.2217189
-0.2149514
-0.2077527
-0.2030282
-0.2001724
-0.1963610
-0.1881264
-0.1729197
-0.1498700
-0.1195218
-0.0835227
-0.0445507
-0.0054690
0.0322754
0.0693022
0.1072665
0.1473351
0.1889989
0.2292548
0.2633265
0.2879276
0.3042973
0.3165291
0.3259134
0.3278709
0.3157005
0.2874256
0.2485728
0.2081216
0.1715051
0.1373060
0.1009534
0.0614483
0.0230918
-0.0103509
-0.0416408
-0.0773925
-0.1183757
-0.1541050
-0.1697388
-0.1603755
-0.1387234
-0.1263616
-0.1344723
-0.1531521
-0.1626290
-0.1559000
-0.1465761
-0.1511318
-0.1664879
-0.1717181
-0.1534919
-0.1238683
-0.1067453
-0.1084371
-0.1098360
-0.0919742
-0.0626745
-0.0471825
-0.0524835
-0.0543896
-0.0291491
0.0144306
0.0576027
0.1297082
0.3138046
0.6559793
1.0596075
1.2996464
1.1853245
0.7332099
0.1764819
-0.2120496
-0.3203881
-0.2399793
-0.1359233
-0.0961344
-0.1010487
-0.1034629
-0.0998711
-0.1190386
-0.1685452
-0.2192719
-0.2424754
-0.2441036
-0.2522204
-0.2783885
-0.3043934
-0.3082440
-0.2924009
-0.2782450
-0.2776029
-0.2803346
-0.2717665
-0.2534101
-0.2394422
-0.2364681
-0.2348232
-0.2212785
-0.1947265
-0.1652812
-0.1404876
-0.1179530
-0.0933208
-0.0710682
-0.0611448
-0.0636973
-0.0624736
-0.0388946
0.0078943
0.0590509
0.0945359
0.1100796
0.1147628
0.1162319
0.1132824
0.1030015
0.0906944
0.0882875
0.1019101
0.1235201
0.1377554
0.1370209
0.1270962
0.1168023
0.1049555
0.0807570
0.0370242
-0.0188285
-0.0676875
-0.0930798
-0.0947023
-0.0893434
-0.0969831
-0.1230801
-0.1533695
-0.1667210
-0.1540202
-0.1255746
-0.1014305
-0.0946104
-0.1021480
-0.1107029
-0.1101656
-0.1014902
-0.0918184
-0.0844819
-0.0764120
-0.0645853
-0.0515819
-0.0432556
-0.0426144
-0.0474937
-0.0535011
-0.0581269
-0.0620952
-0.0673661
-0.0745126
-0.0827758
-0.0922732
-0.1041734
-0.1178594
-0.1301160
-0.1391733
-0.1478647
-0.1598364
-0.1733336
-0.1821934
-0.1838878
-0.1835646
-0.1874569
-0.1935043
-0.1922304
-0.1788272
-0.1615162
-0.1526290
-0.1507275
-0.1387064
-0.1064163
-0.0706937
-0.0607298
-0.0801323
-0.0951984
-0.0717664
-0.0158182
0.0432338
0.1171748
0.2856674
0.6226580
1.0773220
1.4447666
1.4944893
1.1601497
0.6098777
0.1201256
-0.1315950
-0.1655281
-0.1211089
-0.1075340
-0.1332210
-0.1524963
-0.1450427
-0.1364294
-0.1562210
-0.1988547
-0.2331473
-0.2399641
-0.2289820
-0.2201293
-0.2195518
-0.2185787
-0.2092093
-0.1926391
-0.1742162
-0.1569294
-0.1416229
-0.1293532
-0.1204198
-0.1123723
-0.1015665
-0.0876078
-0.0753925
-0.0710568
-0.0750180
-0.0803218
-0.0796135
-0.0728365
-0.0657605
-0.0616816
-0.0580954
-0.0524193
-0.0476245
-0.0494183
-0.0587268
-0.0688700
-0.0705650
-0.0595955
-0.0396842
-0.0175331
0.0047846
0.0308029
0.0622462
0.0932298
0.1150081
0.1258598
0.1333796
0.1464873
0.1667427
0.1874389
0.1996658
0.1993531
0.1899365
0.1786318
0.1696463
0.1610237
0.1477239
0.1265959
0.0987720
0.0696661
0.0470546
0.0358247
0.0321626
0.0248580
0.0052852
-0.0239496
-0.0516643
-0.0693575
-0.0793299
-0.0917375
-0.1133273
-0.1390011
-0.1564280
-0.1606429
-0.1613647
-0.1714545
-0.1893024
-0.1990252
-0.1906434
-0.1746921
-0.1707276
-0.1822785
-0.1895898
-0.1715997
-0.1326894
-0.1006229
-0.0944875
-0.1005164
-0.0878177
-0.0436285
0.0245253
0.1299566
0.3301433
0.6735320
1.1052120
1.4426086
1.4828923
1.1665502
0.6451168
0.1779810
-0.0563563
-0.0679375
0.0019521
0.0269952
-0.0146637
-0.0701831
-0.0956234
-0.0961568
-0.1003886
-0.1202641
-0.1441058
-0.1583374
-0.1641581
-0.1717769
-0.1852182
-0.1986315
-0.2063187
-0.2101958
-0.2144720
-0.2176584
-0.2153656
-0.2090403
-0.2057842
-0.2086108
-0.2111775
-0.2036104
-0.1808063
-0.1445416
-0.1008315
-0.0570099
-0.0192390
0.0098367
0.0322628
0.0539362
0.0809098
0.1130662
0.1408375
0.1522589
0.1460678
0.1350930
0.1336961
0.1438556
0.1562944
0.1631442
0.1660375
0.1725131
0.1872196
0.2069230
0.2231978
0.2301199
0.2287808
0.2229712
0.2120097
0.1915021
0.1609961
0.1267401
0.0957359
0.0702670
0.0491095
0.0306719
0.0134287
-0.0041423
-0.0225902
-0.0417372
-0.0615260
-0.0804273
-0.0935601
-0.0951205
-0.0829121
-0.0594274
-0.0304235
-0.0046136
0.0082891
0.0041894
-0.0106850
-0.0245725
-0.0296939
-0.0262960
-0.0202327
-0.0191961
-0.0282831
-0.0449912
-0.0596814
-0.0643534
-0.0607334
-0.0580143
-0.0633990
-0.0756100
-0.0864409
-0.0891227
-0.0872906
-0.0934097
-0.1129397
-0.1318369
-0.1289656
-0.1036183
-0.0817854
-0.0883494
-0.1188082
-0.1467677
-0.1554241
-0.1468535
-0.1097323
0.0138468
0.3001784
0.7497746
1.2148913
1.4538496
1.3047649
0.8300682
0.2838974
-0.0787301
-0.1766473
-0.1130302
-0.0416726
-0.0338196
-0.0589813
-0.0636469
-0.0433446
-0.0349379
-0.0587259
-0.0924903
-0.1056787
-0.1002688
-0.1041915
-0.1331080
-0.1731643
-0.2003106
-0.2059502
-0.2011424
-0.2014811
-0.2113089
-0.2223801
-0.2268950
-0.2278478
-0.2316989
-0.2340861
-0.2220987
-0.1917876
-0.1549080
-0.1256689
-0.1078920
-0.0974047
-0.0896099
-0.0812868
-0.0705629
-0.0579560
-0.0441089
-0.0271735
-0.0069135
0.0113890
0.0238119
0.0356461
0.0543427
0.0771235
0.0943643
0.1037615
0.1129512
0.1290396
0.1516456
0.1734414
0.1821224
0.1674304
0.1335228
0.0988202
0.0762977
0.0600142
0.0378323
0.0093236
-0.0169658
-0.0354355
-0.0437548
-0.0396237
-0.0262148
-0.0135511
-0.0073795
-0.0043507
-0.0023964
-0.0048080
-0.0101741
-0.0120990
-0.0132932
-0.0243627
-0.0442126
-0.0592472
-0.0665782
-0.0782830
-0.0975367
-0.1119850
-0.1162579
-0.1183709
-0.1195354
-0.1135063
-0.1098361
-0.1276256
-0.1609229
-0.1830745
-0.1893360
-0.1954790
-0.1899887
-0.1413479
-0.0709007
-0.0597672
-0.1458459
