-0.1267804
-0.1098498
-0.0853991
-0.0712937
-0.0705128
-0.0739526
-0.0724559
-0.0637953
-0.0500494
-0.0326872
-0.0124723
0.0073706
0.0204709
0.0207063
0.0064362
-0.0175370
-0.0413552
-0.0552651
-0.0567554
-0.0529289
-0.0520224
-0.0503550
-0.0323331
0.0094148
0.0546755
0.0669873
0.0325937
-0.0175227
-0.0371756
-0.0165100
0.0146460
0.0506004
0.1625494
0.4461639
0.8854013
1.2814976
1.3670433
1.0351794
0.4634315
-0.0117556
-0.1676472
-0.0580288
0.0807842
0.0691323
-0.0730983
-0.1962432
-0.1946605
-0.0958201
-0.0002041
0.0295928
0.0079915
-0.0204225
-0.0351873
-0.0427716
-0.0480616
-0.0448012
-0.0330343
-0.0289250
-0.0471112
-0.0794307
-0.1016772
-0.1020400
-0.0948513
-0.1022393
-0.1280594
-0.1570777
-0.1773790
-0.1932660
-0.2108222
-0.2182173
-0.1927045
-0.1306907
-0.0625642
-0.0280140
-0.0358895
-0.0547900
-0.0467816
-0.0065893
0.0371441
0.0567064
0.0533297
0.0473468
0.0477310
0.0423946
0.0216526
0.0027617
0.0199112
0.0865397
0.1732575
0.2298725
0.2305000
0.1942223
0.1608861
0.1507607
0.1517208
0.1428383
0.1212366
0.0995063
0.0813925
0.0521785
0.0002472
-0.0574046
-0.0833696
-0.0596211
-0.0140974
0.0012128
-0.0387112
-0.1069903
-0.1535533
-0.1549357
-0.1308665
-0.1145825
-0.1164255
-0.1214078
-0.1151400
-0.1007112
-0.0889196
-0.0823702
-0.0771458
-0.0746604
-0.0803321
-0.0890584
-0.0832640
-0.0543016
-0.0199442
-0.0079839
-0.0214196
-0.0328881
-0.0206386
0.0049510
0.0332966
0.1101616
0.3268936
0.7146762
1.1469205
1.3843757
1.2605011
0.8379159
0.3701334
0.0935631
0.0494895
0.0997396
0.0948250
0.0086321
-0.0814989
-0.1105693
-0.0937820
-0.0879501
-0.1173864
-0.1560311
-0.1705138
-0.1584679
-0.1402973
-0.1291264
-0.1220169
-0.1153834
-0.1145175
-0.1232739
-0.1332953
-0.1322259
-0.1203708
-0.1114294
-0.1152073
-0.1255645
-0.1291899
-0.1221602
-0.1121568
-0.1054287
-0.0977179
-0.0806865
-0.0534850
-0.0237443
0.0018111
0.0236223
0.0451847
0.0661291
0.0827594
0.0948296
0.1084618
0.1304448
0.1605142
0.1905112
0.2109093
0.2178038
0.2147141
0.2089205
0.2052037
0.2010880
0.1881020
0.1597501
0.1190915
0.0767056
0.0399174
0.0060262
-0.0309792
-0.0679654
-0.0917642
-0.0942102
-0.0859151
-0.0893369
-0.1150894
-0.1476772
-0.1589102
-0.1358191
-0.0925509
-0.0545456
-0.0351646
-0.0303503
-0.0314180
-0.0349466
-0.0383949
-0.0335203
-0.0124219
0.0201202
0.0474433
0.0579363
0.0565775
0.0541847
0.0504804
0.0427888
0.0591338
0.1678951
0.4244556
0.7883573
1.1022404
1.1835127
0.9657949
0.5607585
0.1753115
-0.0435382
-0.0962948
-0.0843988
-0.0959633
-0.1419152
-0.1860989
-0.2080396
-0.2198704
-0.2332723
-0.2356934
-0.2122065
-0.1801725
-0.1827480
-0.2403392
-0.3165196
-0.3434129
-0.2844310
-0.1693382
-0.0666959
-0.0248747
-0.0404051
-0.0765849
-0.1030211
-0.1150325
-0.1230957
-0.1336592
-0.1427579
-0.1434908
-0.1347156
-0.1214726
-0.1084891
-0.0949844
-0.0772015
-0.0565427
-0.0434325
-0.0492615
-0.0718134
-0.0906569
-0.0828184
-0.0471567
-0.0108906
-0.0052940
-0.0312216
-0.0518872
-0.0255281
0.0528034
0.1435248
0.1969163
0.1941006
0.1556227
0.1154934
0.0916140
0.0794812
0.0670223
0.0495963
0.0314425
0.0178051
0.0088582
-0.0002550
-0.0160523
-0.0425064
-0.0769686
-0.1096637
-0.1302677
-0.1371790
-0.1388007
-0.1436643
-0.1504714
-0.1502284
-0.1374209
-0.1159546
-0.0936973
-0.0750923
-0.0624970
-0.0624068
-0.0835873
-0.1245622
-0.1651848
-0.1770239
-0.1466595
-0.0889712
-0.0361081
-0.0126080
-0.0192791
-0.0370835
-0.0444260
-0.0340867
-0.0174080
-0.0080119
0.0083140
0.0883617
0.2986126
0.6425972
1.0116747
1.2257242
1.1550057
0.8256074
0.4080467
0.0910395
-0.0482364
-0.0660218
-0.0650177
-0.0984162
-0.1518497
-0.1929727
-0.2150176
-0.2321094
-0.2523871
-0.2719330
-0.2907894
-0.3189727
-0.3592791
-0.3923863
-0.3910479
-0.3508540
-0.2988861
-0.2665315
-0.2584909
-0.2561084
-0.2491884
-0.2527139
-0.2839119
-0.3284113
-0.3431898
-0.3010482
-0.2266212
-0.1762026
-0.1769700
-0.1944488
-0.1723605
-0.1051500
-0.0561708
-0.0891509
-0.1844662
-0.2419810
-0.1810371
-0.0328857
0.0812815
0.0704186
-0.0359428
-0.1241707
-0.1162042
-0.0388756
0.0260558
0.0401084
0.0358458
0.0526971
0.0747292
0.0531370
-0.0210667
-0.0962985
-0.1239969
-0.1245046
-0.1645769
-0.2672928
-0.3663906
-0.3702924
-0.2687328
-0.1570647
-0.1431812
-0.2361028
-0.3370211
-0.3396024
-0.2302160
-0.0886062
-0.0025654
0.0064956
-0.0207802
-0.0406069
-0.0469223
-0.0581401
-0.0802262
-0.0961385
-0.0907725
-0.0747367
-0.0742440
-0.0990826
-0.1288853
-0.1358455
-0.1179666
-0.1038328
-0.1222995
-0.1705796
-0.2166536
-0.2337275
-0.2280027
-0.2281721
-0.2491123
-0.2724723
-0.2670889
-0.2256613
-0.1761262
-0.1561848
-0.1797195
-0.2286337
-0.2725400
-0.2909192
-0.2774443
-0.2324149
-0.1616314
-0.0838767
-0.0289878
-0.0164962
-0.0345460
-0.0480922
-0.0338270
-0.0036190
0.0117579
-0.0013715
-0.0284550
-0.0503922
-0.0613644
-0.0457302
0.0561912
0.3237553
0.7599940
1.2160006
1.4474912
1.2934185
0.8208334
0.2856722
-0.0665287
-0.1748257
-0.1572435
-0.1578631
-0.2162151
-0.2761697
-0.2879854
-0.2714320
-0.2791951
-0.3238991
-0.3623268
-0.3487597
-0.2877464
-0.2276816
-0.2105162
-0.2355379
-0.2686912
-0.2789224
-0.2642899
-0.2484435
-0.2552421
-0.2847967
-0.3118886
-0.3089919
-0.2731592
-0.2301083
-0.2097649
-0.2169896
-0.2279325
-0.2164424
-0.1823785
-0.1510446
-0.1450949
-0.1608946
-0.1746141
-0.1684946
-0.1472319
-0.1296123
-0.1282433
-0.1384047
-0.1435068
-0.1292825
-0.0942593
-0.0488003
-0.0045219
0.0351305
0.0726244
0.1043569
0.1139059
0.0826731
0.0109184
-0.0735292
-0.1331668
-0.1509806
-0.1410248
-0.1269016
-0.1143315
-0.0932812
-0.0669540
-0.0651561
-0.1142811
-0.1938224
-0.2373281
-0.1914757
-0.0766158
0.0205122
0.0241023
-0.0582677
-0.1434669
-0.1545800
-0.0929852
-0.0290132
-0.0263862
-0.0808663
-0.1302674
-0.1163032
-0.0343000
0.0689991
0.1358619
0.1359545
0.0769042
-0.0098361
-0.0902286
-0.1426779
-0.1625112
-0.1560481
-0.1288087
-0.0792787
-0.0079493
0.0659900
0.1033291
0.0708621
-0.0244702
-0.1280955
-0.1707875
-0.1188202
-0.0010708
0.1098953
0.1498466
0.1083777
0.0317730
-0.0189234
-0.0182382
0.0098189
0.0257012
0.0202087
0.0219957
0.0559576
0.0999665
0.0974066
0.0211914
-0.0837379
-0.1376807
-0.1062663
-0.0247306
0.0709571
0.2213945
0.5156699
0.9623509
1.4011911
1.5830256
1.3731730
0.8856659
0.4047268
0.1578706
0.1531909
0.2233932
0.2103385
0.0998996
-0.0058369
-0.0182220
0.0505885
0.1155494
0.1096454
0.0381036
-0.0451663
-0.0960796
-0.1101246
-0.1072640
-0.1049270
-0.1096389
-0.1227741
-0.1411747
-0.1524176
-0.1410181
-0.1076660
-0.0784815
-0.0839569
-0.1221634
-0.1482629
-0.1129554
-0.0178162
0.0739175
0.0930465
0.0347180
-0.0321201
-0.0306241
0.0490535
0.1422655
0.1749959
0.1335981
0.0716607
0.0539966
0.0983450
0.1694482
0.2212591
0.2378323
0.2363041
0.2415144
0.2645762
0.3000279
0.3324381
0.3431472
0.3191360
0.2641659
0.2009603
0.1551812
0.1318659
0.1093954
0.0624923
-0.0067864
-0.0657776
-0.0842003
-0.0681926
-0.0538429
-0.0645814
-0.0822363
-0.0680567
-0.0109375
0.0532064
0.0745417
0.0392319
-0.0178785
-0.0505307
-0.0469916
-0.0356653
-0.0473894
-0.0789999
-0.0983687
-0.0821103
-0.0420271
-0.0129711
-0.0182745
-0.0492540
-0.0764803
-0.0781375
-0.0567786
-0.0302578
-0.0101615
0.0066785
0.0255614
0.0395394
0.0346709
0.0090021
-0.0209050
-0.0367662
-0.0380831
-0.0385832
-0.0439783
-0.0424108
-0.0236526
0.0006326
0.0157946
0.0524282
0.1958802
0.5111702
0.9397848
1.2887310
1.3581753
1.1044178
0.6803859
0.3105521
0.1210590
0.0808159
0.0842071
0.0658367
0.0317540
0.0068276
-0.0123124
-0.0430650
-0.0798823
-0.0977786
-0.0914602
-0.0889789
-0.1148120
-0.1516429
-0.1564478
-0.1148489
-0.0644213
-0.0538922
-0.0859030
-0.1145411
-0.1034725
-0.0742480
-0.0825294
-0.1474535
-0.2204047
-0.2354797
-0.1850681
-0.1306962
-0.1332389
-0.1805885
-0.1962318
-0.1237268
0.0027412
0.0813461
0.0421259
-0.0775483
-0.1621864
-0.1257425
0.0104281
0.1452918
0.1978367
0.1758980
0.1513269
0.1778385
0.2404225
0.2826412
0.2725300
0.2322592
0.2055305
0.2085536
0.2210398
0.2177458
0.1948541
0.1633848
0.1293342
0.0910653
0.0522603
0.0250322
0.0142501
0.0044112
-0.0281201
-0.0856162
-0.1358356
-0.1354356
-0.0702473
0.0274474
0.1008265
0.1074383
0.0431656
-0.0597734
-0.1521565
-0.1929456
-0.1702494
-0.1067984
-0.0449698
-0.0209067
-0.0443928
-0.0946726
-0.1333560
-0.1295781
-0.0840216
-0.0316256
-0.0142766
-0.0434822
-0.0888296
-0.1055559
-0.0711389
0.0132456
0.1583357
0.4043457
0.7714967
1.1796246
1.4420534
1.3855041
1.0051535
0.4965197
0.1133507
-0.0222557
0.0179021
0.0752339
0.0564312
-0.0157831
-0.0718121
-0.0810985
-0.0642019
-0.0477025
-0.0381523
-0.0408512
-0.0757116
-0.1522714
-0.2373739
-0.2715361
-0.2270201
-0.1398941
-0.0748938
-0.0620986
-0.0765143
-0.0786517
-0.0634897
-0.0604794
-0.0898735
-0.1325785
-0.1499209
-0.1259887
-0.0809412
-0.0455641
-0.0339826
-0.0427888
-0.0636629
-0.0856029
-0.0904244
-0.0616030
-0.0049003
0.0468518
0.0609978
0.0406546
0.0266596
0.0565006
0.1224195
0.1779839
0.1882262
0.1652384
0.1481533
0.1550785
0.1666927
0.1570297
0.1275633
0.1020094
0.0929538
0.0855477
0.0588358
0.0168295
-0.0111889
-0.0039945
0.0242156
0.0366119
0.0125773
-0.0325123
-0.0668354
-0.0748586
-0.0676339
-0.0663365
-0.0812947
-0.1048086
-0.1190576
-0.1109108
-0.0829509
-0.0515719
-0.0327828
-0.0291398
-0.0313876
-0.0324834
-0.0367788
-0.0515229
-0.0700291
-0.0715510
-0.0461772
-0.0138311
0.0023164
0.0335393
0.1779045
0.5158926
0.9902840
1.3841539
1.4569090
1.1369022
0.5934399
0.1125462
-0.1161392
-0.1132634
-0.0383263
-0.0246189
-0.0840925
-0.1490431
-0.1722103
-0.1702867
-0.1842561
-0.2228754
-0.2553633
-0.2509538
-0.2139354
-0.1768645
-0.1642287
-0.1692692
-0.1686980
-0.1551959
-0.1475215
-0.1662645
-0.2044958
-0.2274582
-0.2024092
-0.1293800
-0.0446375
0.0060562
0.0014138
-0.0430088
-0.0924392
-0.1207599
-0.1232191
-0.1094729
-0.0909694
-0.0735311
-0.0557412
-0.0327280
-0.0048450
0.0167167
0.0169023
-0.0077192
-0.0410843
-0.0568849
-0.0377074
0.0116889
0.0680246
0.1079350
0.1251270
0.1294808
0.1301159
0.1230304
0.0972942
0.0503445
-0.0058900
-0.0528114
-0.0777877
-0.0816698
-0.0765191
-0.0751021
-0.0814597
-0.0924006
-0.1065817
-0.1270010
-0.1524222
-0.1709137
-0.1678646
-0.1422965
-0.1136603
-0.1090819
-0.1393227
-0.1855814
-0.2144864
-0.2112282
-0.1956141
-0.1992665
-0.2274406
-0.2503007
-0.2348318
-0.1811211
-0.1236328
-0.0985169
-0.1120352
-0.1394486
-0.1505759
-0.1334921
-0.0955955
-0.0503338
-0.0107346
0.0083138
-0.0047394
-0.0445352
-0.0885139
-0.1156445
-0.1144470
-0.0597104
0.1073633
0.4407387
0.9024234
1.3183483
1.4589809
1.2093429
0.6822975
0.1539999
-0.1393868
-0.1645634
-0.0703588
-0.0231764
-0.0707640
-0.1500011
-0.1912750
-0.1908670
-0.1903544
-0.2133223
-0.2401713
-0.2409036
-0.2168891
-0.1996223
-0.2115289
-0.2397843
-0.2543103
-0.2441178
-0.2265753
-0.2227523
-0.2325761
-0.2372963
-0.2220918
-0.1928207
-0.1701929
-0.1669523
-0.1715310
-0.1583053
-0.1163611
-0.0646863
-0.0355608
-0.0448627
-0.0801146
-0.1130745
-0.1203067
-0.0965845
-0.0569851
-0.0280002
-0.0309959
-0.0667515
-0.1109376
-0.1259522
-0.0869392
-0.0065444
0.0668646
0.0857884
0.0446219
-0.0173170
-0.0538234
-0.0497543
-0.0242148
-0.0063568
-0.0127938
-0.0417035
-0.0792845
-0.1093328
-0.1204670
-0.1101858
-0.0868286
-0.0667818
-0.0628624
-0.0710906
-0.0729632
-0.0555703
-0.0269854
-0.0083831
-0.0145061
-0.0452506
-0.0905316
-0.1359278
-0.1667812
-0.1759785
-0.1699982
-0.1631290
-0.1643459
-0.1715810
-0.1778551
-0.1800964
-0.1814068
-0.1856633
-0.1906481
-0.1885065
-0.1745879
-0.1530869
-0.1311461
-0.1119151
-0.0989097
-0.1010774
-0.1223008
-0.1487388
-0.1606314
-0.1563612
-0.1439395
-0.0960034
0.0665774
0.4077537
0.8715532
1.2584436
1.3454224
1.0658778
0.5802037
0.1539054
-0.0507372
-0.0716409
-0.0540172
-0.0889689
-0.1544807
-0.1871326
-0.1695757
-0.1371210
-0.1259561
-0.1419604
-0.1765974
-0.2284814
-0.2929717
-0.3398707
-0.3269691
-0.2502611
-0.1677115
-0.1495389
-0.2017556
-0.2571353
-0.2504744
-0.1885549
-0.1338194
-0.1303131
-0.1632905
-0.1895037
-0.1889742
-0.1761356
-0.1673789
-0.1544787
-0.1206791
-0.0758679
-0.0556716
-0.0756422
-0.1004405
-0.0775739
0.0009893
0.0878594
0.1332501
0.1347487
0.1283385
0.1412030
0.1641237
0.1686282
0.1440997
0.1131066
0.1079688
0.1343277
0.1635338
0.1613061
0.1172554
0.0467544
-0.0236183
-0.0673126
-0.0695517
-0.0433557
-0.0287102
-0.0607341
-0.1344218
-0.2055073
-0.2279306
-0.1917698
-0.1297673
-0.0882825
-0.0860851
-0.0991348
-0.0899102
-0.0506751
-0.0104141
0.0002482
-0.0185560
-0.0395441
-0.0354033
-0.0017302
0.0380293
0.0506874
0.0271419
-0.0007623
0.0108538
0.0667201
0.1177187
0.1038587
0.0126419
-0.1030184
-0.1646092
-0.1351980
-0.0554980
-0.0073639
-0.0337049
-0.1002307
-0.1415597
-0.1327877
-0.1035762
-0.0932839
-0.1105406
-0.1313802
-0.1153382
-0.0171215
0.2003800
0.5394611
0.9337904
1.2399106
1.2948354
1.0320432
0.5622797
0.1176672
-0.1149950
-0.1195364
-0.0234388
0.0331947
0.0013412
-0.0726923
-0.1163699
-0.1016144
-0.0585367
-0.0300334
-0.0261108
-0.0301596
-0.0340655
-0.0445478
-0.0610628
-0.0726230
-0.0782839
-0.0894049
-0.1070468
-0.1146830
-0.0996634
-0.0711617
-0.0533633
-0.0643892
-0.0954508
-0.1077271
-0.0678435
0.0017507
0.0299327
-0.0223732
-0.1042187
-0.1237016
-0.0476439
0.0679098
0.1395067
0.1326286
0.0849305
0.0652087
0.0991035
0.1325834
0.0923258
-0.0117306
-0.0772502
-0.0210948
0.1266837
0.2571328
0.2848894
0.2044411
0.0779161
-0.0126143
-0.0263149
0.0066709
0.0333339
0.0468850
0.0694406
0.0802901
0.0289052
-0.0726362
-0.1394261
-0.1176230
-0.0404625
0.0323766
0.0661993
0.0356983
-0.0560830
-0.1251357
-0.0726796
0.0587343
0.0990702
-0.0237097
