-0.1001583
-0.1040439
-0.1068670
-0.1069208
-0.1059082
-0.1061937
-0.1099121
-0.1192056
-0.1342811
-0.1501513
-0.1576668
-0.1511318
-0.1357178
-0.1251369
-0.1295509
-0.1455525
-0.1594327
-0.1609817
-0.1533283
-0.1485983
-0.1547315
-0.1678766
-0.1775930
-0.1777793
-0.1712024
-0.1642035
-0.1592872
-0.1542298
-0.1474098
-0.1416930
-0.1417543
-0.1482850
-0.1564716
-0.1608549
-0.1608520
-0.1604906
-0.1631086
-0.1678073
-0.1716227
-0.1735204
-0.1741119
-0.1717696
-0.1621161
-0.1437076
-0.1225944
-0.1072486
-0.0977947
-0.0839737
-0.0577799
-0.0265992
-0.0080733
-0.0096557
-0.0182169
-0.0156352
-0.0023802
0.0028488
-0.0103361
-0.0264640
-0.0220441
0.0052839
0.0441798
0.1145110
0.2847849
0.6080135
1.0204881
1.3228750
1.3048144
0.9223754
0.3584442
-0.1061076
-0.2990857
-0.2557839
-0.1378297
-0.0748682
-0.0837368
-0.1123051
-0.1248466
-0.1311368
-0.1513294
-0.1808620
-0.1988821
-0.1978373
-0.1904812
-0.1894044
-0.1912517
-0.1856696
-0.1724240
-0.1615085
-0.1578645
-0.1538485
-0.1401823
-0.1197268
-0.1048012
-0.1013923
-0.1010909
-0.0914186
-0.0717831
-0.0556058
-0.0561595
-0.0722343
-0.0885994
-0.0893480
-0.0700909
-0.0388941
-0.0081259
0.0137726
0.0246472
0.0261619
0.0209989
0.0123365
0.0045071
0.0024293
0.0093362
0.0247513
0.0447147
0.0641221
0.0793272
0.0895196
0.0967743
0.1051514
0.1187975
0.1393433
0.1644254
0.1894923
0.2121629
0.2348175
0.2619891
0.2949423
0.3297547
0.3613596
0.3884217
0.4125310
0.4325739
0.4420350
0.4340103
0.4089749
0.3760064
0.3451320
0.3187600
0.2914211
0.2576268
0.2186316
0.1807036
0.1475906
0.1162199
0.0804758
0.0387859
-0.0026379
-0.0344692
-0.0527425
-0.0633321
-0.0777712
-0.1032856
-0.1357758
-0.1627998
-0.1745486
-0.1725614
-0.1675298
-0.1684750
-0.1746289
-0.1783101
-0.1748045
-0.1675331
-0.1627715
-0.1610108
-0.1561585
-0.1438928
-0.1287261
-0.1204340
-0.1232090
-0.1296773
-0.1265230
-0.1058901
-0.0714004
-0.0341935
-0.0042627
0.0147986
0.0247745
0.0288962
0.0294149
0.0277145
0.0251664
0.0232313
0.0229063
0.0241049
0.0252012
0.0231224
0.0146839
-0.0009361
-0.0202975
-0.0366560
-0.0443001
-0.0434935
-0.0413000
-0.0460569
-0.0596335
-0.0756428
-0.0871506
-0.0968629
-0.1179091
-0.1617165
-0.2236649
-0.2815568
-0.3104004
-0.3009825
-0.2658602
-0.2284739
-0.2061737
-0.2011532
-0.2036175
-0.2010378
-0.1857745
-0.1582099
-0.1259222
-0.0995340
-0.0865927
-0.0871133
-0.0942589
-0.0995439
-0.0981839
-0.0908795
-0.0818156
-0.0750008
-0.0713140
-0.0682072
-0.0628114
-0.0561523
-0.0535631
-0.0590546
-0.0691516
-0.0753224
-0.0754102
-0.0806810
-0.1054437
-0.1465670
-0.1780246
-0.1734594
-0.1354125
-0.0956579
-0.0817045
-0.0872601
-0.0829878
-0.0529256
-0.0044920
0.0678861
0.2150584
0.4955607
0.8810911
1.2085666
1.2647545
0.9570106
0.4137286
-0.0951661
-0.3567423
-0.3544176
-0.2320958
-0.1403802
-0.1222306
-0.1283114
-0.1091281
-0.0707568
-0.0498610
-0.0615248
-0.0876555
-0.1077502
-0.1223007
-0.1404468
-0.1564745
-0.1513868
-0.1173599
-0.0711488
-0.0381390
-0.0269886
-0.0250743
-0.0173707
-0.0038136
0.0042773
0.0006301
-0.0083558
-0.0121905
-0.0080439
-0.0015517
0.0015797
0.0012593
0.0006089
0.0012563
0.0028384
0.0053831
0.0094430
0.0136267
0.0143056
0.0097902
0.0042578
0.0050190
0.0140642
0.0231767
0.0201484
0.0017778
-0.0196175
-0.0241440
0.0000433
0.0482401
0.1051783
0.1583795
0.2056090
0.2508541
0.2955941
0.3358481
0.3673827
0.3915416
0.4140737
0.4385682
0.4627595
0.4819316
0.4946445
0.5034911
0.5101009
0.5107093
0.4980628
0.4682821
0.4256007
0.3797570
0.3383103
0.3012968
0.2630090
0.2185024
0.1686039
0.1197212
0.0794606
0.0513344
0.0316980
0.0111384
-0.0195018
-0.0617474
-0.1063618
-0.1380914
-0.1460266
-0.1320340
-0.1100307
-0.0958214
-0.0955256
-0.1023256
-0.1039336
-0.0936741
-0.0755850
-0.0600341
-0.0544945
-0.0574532
-0.0602539
-0.0549598
-0.0412206
-0.0260856
-0.0173433
-0.0169983
-0.0208398
-0.0236546
-0.0243014
-0.0256723
-0.0302342
-0.0365285
-0.0407907
-0.0417055
-0.0422111
-0.0458162
-0.0523322
-0.0593802
-0.0685031
-0.0873830
-0.1227763
-0.1700329
-0.2114127
-0.2281297
-0.2163794
-0.1912693
-0.1732032
-0.1693212
-0.1685798
-0.1552060
-0.1261404
-0.0946932
-0.0779183
-0.0814840
-0.0963644
-0.1084722
-0.1105436
-0.1057245
-0.1016955
-0.1025057
-0.1055779
-0.1052553
-0.0985987
-0.0882913
-0.0804976
-0.0794840
-0.0836564
-0.0871251
-0.0857425
-0.0810796
-0.0774301
-0.0755262
-0.0714819
-0.0628965
-0.0539212
-0.0517348
-0.0586223
-0.0707133
-0.0854249
-0.1058987
-0.1329345
-0.1540295
-0.1493341
-0.1153349
-0.0781394
-0.0716402
-0.0983931
-0.1214164
-0.1040736
-0.0508877
0.0101314
0.0911329
0.2665735
0.5951876
1.0051562
1.2813284
1.2114575
0.7761635
0.1951994
-0.2315324
-0.3478261
-0.2272330
-0.0620052
0.0141932
0.0011216
-0.0314778
-0.0418732
-0.0429596
-0.0578394
-0.0804344
-0.0876659
-0.0744995
-0.0606658
-0.0636699
-0.0772047
-0.0819642
-0.0713253
-0.0582664
-0.0579368
-0.0706217
-0.0847900
-0.0922513
-0.0951534
-0.0991120
-0.1046623
-0.1080918
-0.1080958
-0.1075669
-0.1081448
-0.1060761
-0.0963920
-0.0807209
-0.0682363
-0.0673510
-0.0771412
-0.0875821
-0.0874680
-0.0718299
-0.0435701
-0.0104139
0.0195755
0.0419507
0.0578708
0.0726698
0.0915178
0.1156430
0.1425838
0.1698640
0.1976651
0.2275550
0.2598103
0.2937806
0.3305036
0.3718814
0.4151812
0.4506132
0.4687982
0.4719843
0.4749183
0.4915347
0.5208754
0.5476752
0.5565751
0.5442084
0.5177360
0.4848793
0.4483260
0.4086182
0.3678697
0.3278338
0.2865699
0.2410563
0.1932633
0.1498315
0.1136594
0.0786204
0.0363353
-0.0122878
-0.0557108
-0.0831985
-0.0953793
-0.1015711
-0.1081077
-0.1122649
-0.1082745
-0.0966954
-0.0851733
-0.0803178
-0.0813548
-0.0829171
-0.0824603
-0.0831874
-0.0902323
-0.1051893
-0.1235272
-0.1356418
-0.1314662
-0.1077407
-0.0728330
-0.0426745
-0.0293073
-0.0330181
-0.0462415
-0.0635676
-0.0849353
-0.1090709
-0.1287024
-0.1373691
-0.1399728
-0.1499830
-0.1721421
-0.1922462
-0.1913148
-0.1696727
-0.1489052
-0.1457025
-0.1507024
-0.1422193
-0.1180430
-0.1009849
-0.1077993
-0.1235320
-0.1188843
-0.0862242
-0.0363038
0.0490430
0.2351437
0.5642083
0.9518985
1.1847331
1.0709411
0.6216959
0.0742911
-0.2871454
-0.3496121
-0.2239346
-0.1018762
-0.0797899
-0.1169946
-0.1324017
-0.1058192
-0.0802518
-0.0931677
-0.1335617
-0.1661528
-0.1763476
-0.1784188
-0.1886090
-0.2057721
-0.2199739
-0.2286385
-0.2368109
-0.2463756
-0.2530362
-0.2542680
-0.2544813
-0.2592761
-0.2673161
-0.2712628
-0.2661234
-0.2539761
-0.2404361
-0.2294401
-0.2227855
-0.2215693
-0.2240453
-0.2225202
-0.2066553
-0.1725745
-0.1277703
-0.0856794
-0.0560206
-0.0406402
-0.0361814
-0.0375536
-0.0387398
-0.0333704
-0.0173888
0.0084525
0.0397083
0.0721435
0.1040264
0.1348791
0.1639315
0.1914748
0.2204586
0.2534993
0.2874831
0.3143931
0.3305626
0.3435083
0.3651844
0.3968209
0.4229965
0.4235822
0.3917511
0.3393333
0.2852747
0.2410508
0.2078699
0.1847723
0.1741322
0.1767462
0.1844778
0.1829438
0.1635340
0.1309371
0.0971227
0.0688324
0.0421719
0.0084030
-0.0366766
-0.0884130
-0.1358030
-0.1675412
-0.1782209
-0.1723492
-0.1634580
-0.1663066
-0.1853698
-0.2093341
-0.2196660
-0.2080513
-0.1855222
-0.1722837
-0.1781332
-0.1946092
-0.2067667
-0.2101649
-0.2138761
-0.2275741
-0.2486874
-0.2640751
-0.2631570
-0.2468838
-0.2234368
-0.1983112
-0.1722694
-0.1483956
-0.1360659
-0.1436479
-0.1676679
-0.1922049
-0.2006565
-0.1882738
-0.1641290
-0.1426244
-0.1332426
-0.1359372
-0.1429975
-0.1441626
-0.1324593
-0.1094908
-0.0870158
-0.0805041
-0.0965025
-0.1250787
-0.1474551
-0.1534961
-0.1509916
-0.1562073
-0.1759414
-0.2007418
-0.2157927
-0.2160512
-0.2086835
-0.2020932
-0.1968426
-0.1896580
-0.1827894
-0.1831186
-0.1908692
-0.1952406
-0.1865419
-0.1699178
-0.1605465
-0.1650002
-0.1739946
-0.1766371
-0.1752150
-0.1781306
-0.1817514
-0.1721104
-0.1500451
-0.1425790
-0.1727396
-0.2197399
-0.2304568
-0.1835575
-0.1236360
-0.0986112
-0.0599889
0.1314252
0.5490922
1.0434998
1.2880083
1.0395036
0.3778488
-0.3265788
-0.7059982
-0.6731762
-0.4303618
-0.2364070
-0.1880431
-0.2116258
-0.2125744
-0.1849475
-0.1794717
-0.2113744
-0.2365866
-0.2121542
-0.1500220
-0.0979287
-0.0814762
-0.0823176
-0.0706702
-0.0425488
-0.0173318
-0.0090597
-0.0134146
-0.0215210
-0.0334374
-0.0513018
-0.0668680
-0.0664919
-0.0487258
-0.0292401
-0.0244379
-0.0339542
-0.0434788
-0.0431680
-0.0384751
-0.0413681
-0.0543721
-0.0672914
-0.0694417
-0.0612713
-0.0517030
-0.0464704
-0.0427471
-0.0350793
-0.0232083
-0.0124121
-0.0076673
-0.0085594
-0.0086144
0.0013374
0.0273984
0.0675617
0.1118438
0.1490042
0.1748880
0.1947152
0.2166549
0.2427545
0.2670060
0.2834832
0.2954987
0.3138590
0.3446984
0.3810334
0.4085870
0.4190584
0.4154481
0.4048884
0.3894317
0.3656784
0.3317828
0.2917007
0.2510500
0.2101563
0.1641015
0.1110518
0.0585460
0.0183161
-0.0056835
-0.0219991
-0.0435159
-0.0759255
-0.1145948
-0.1501741
-0.1746927
-0.1832555
-0.1738608
-0.1490451
-0.1181457
-0.0953256
-0.0915731
-0.1064645
-0.1284464
-0.1447395
-0.1512221
-0.1526949
-0.1553169
-0.1608092
-0.1672285
-0.1725516
-0.1762639
-0.1786828
-0.1799473
-0.1795337
-0.1763901
-0.1697268
-0.1599825
-0.1492304
-0.1405392
-0.1358197
-0.1328342
-0.1248796
-0.1063329
-0.0804741
-0.0603813
-0.0591723
-0.0780243
-0.1041756
-0.1213512
-0.1227945
-0.1148609
-0.1083856
-0.1072049
-0.1064317
-0.1020239
-0.0986495
-0.1040842
-0.1168857
-0.1255628
-0.1232513
-0.1190142
-0.1280433
-0.1504058
-0.1664104
-0.1588019
-0.1365594
-0.1278351
-0.1460327
-0.1712226
-0.1752103
-0.1612488
-0.1629197
-0.1967145
-0.2305998
-0.2182390
-0.1581396
-0.0892596
-0.0117494
0.1617564
0.5252221
1.0236722
1.4051626
1.3856018
0.9029186
0.2085249
-0.3165513
-0.4574757
-0.2970869
-0.0816220
0.0155033
-0.0010860
-0.0332116
-0.0250622
-0.0013993
-0.0038128
-0.0301798
-0.0470290
-0.0399875
-0.0298461
-0.0400311
-0.0653584
-0.0820080
-0.0800091
-0.0739234
-0.0814543
-0.1006552
-0.1130193
-0.1054049
-0.0847334
-0.0716511
-0.0814596
-0.1104056
-0.1390548
-0.1491759
-0.1381654
-0.1175178
-0.0985303
-0.0818456
-0.0621523
-0.0413092
-0.0327673
-0.0492686
-0.0855591
-0.1167084
-0.1178676
-0.0865475
-0.0432905
-0.0100676
0.0096441
0.0294891
0.0634914
0.1135787
0.1706121
0.2228336
0.2631006
0.2921169
0.3179346
0.3515836
0.3997824
0.4589206
0.5159589
0.5576718
0.5811041
0.5945419
0.6074489
0.6209714
0.6297429
0.6304641
0.6245232
0.6123352
0.5896534
0.5523100
0.5029564
0.4506301
0.4034510
0.3624275
0.3219893
0.2754174
0.2192921
0.1539743
0.0829079
0.0137933
-0.0417026
-0.0748669
-0.0890852
-0.0990197
-0.1171223
-0.1415739
-0.1596059
-0.1618058
-0.1510209
-0.1379763
-0.1309087
-0.1301824
-0.1310275
-0.1294471
-0.1250314
-0.1192241
-0.1127332
-0.1051755
-0.0954844
-0.0813496
-0.0603231
-0.0342584
-0.0113201
0.0003247
0.0013424
0.0006673
0.0052399
0.0133823
0.0201653
0.0264953
0.0387986
0.0587895
0.0759260
0.0734040
0.0439942
-0.0002889
-0.0365325
-0.0502930
-0.0462304
-0.0401690
-0.0434709
-0.0560609
-0.0709161
-0.0813121
-0.0845488
-0.0822027
-0.0780183
-0.0746803
-0.0725917
-0.0719932
-0.0748107
-0.0829025
-0.0950994
-0.1072764
-0.1153933
-0.1183170
-0.1182956
-0.1187010
-0.1204184
-0.1205601
-0.1157842
-0.1065872
-0.0970959
-0.0911147
-0.0896431
-0.0911166
-0.0919983
-0.0885324
-0.0813603
-0.0779615
-0.0862417
-0.1040533
-0.1182609
-0.1171923
-0.1033316
-0.0916193
-0.0944552
-0.1088153
-0.1191382
-0.1137659
-0.0977034
-0.0871271
-0.0915766
-0.1046208
-0.1128474
-0.1103207
-0.1017232
-0.0946001
-0.0927817
-0.0962858
-0.1033592
-0.1110881
-0.1155713
-0.1129720
-0.1015181
-0.0838242
-0.0669042
-0.0573758
-0.0552999
-0.0540475
-0.0472091
-0.0348882
-0.0233150
-0.0197703
-0.0277041
-0.0447450
-0.0648509
-0.0833438
-0.0993770
-0.1126460
-0.1200927
-0.1193489
-0.1144945
-0.1143468
-0.1241701
-0.1414438
-0.1597828
-0.1741871
-0.1821574
-0.1829800
-0.1780962
-0.1711333
-0.1658732
-0.1634001
-0.1610217
-0.1548057
-0.1443895
-0.1342532
-0.1279658
-0.1226325
-0.1134343
-0.1030159
-0.0995851
-0.1033922
-0.1024944
-0.0881804
-0.0692813
-0.0617145
-0.0643609
-0.0550006
-0.0143295
0.0555567
0.1498963
0.2964715
0.5469310
0.9015752
1.2372854
1.3444500
1.0840097
0.5314743
-0.0464483
-0.3833850
-0.4029876
-0.2388256
-0.0871705
-0.0472676
-0.0872658
-0.1301748
-0.1447794
-0.1530286
-0.1756175
-0.1987065
-0.1977946
-0.1747719
-0.1554314
-0.1556119
-0.1635065
-0.1571120
-0.1301597
-0.0968274
-0.0756947
-0.0730832
-0.0804309
-0.0845478
-0.0787477
-0.0646927
-0.0471578
-0.0311229
-0.0225499
-0.0258001
-0.0377946
-0.0483217
-0.0483076
-0.0357305
-0.0137426
0.0124675
0.0360841
0.0512590
0.0584677
0.0645196
0.0751213
0.0891531
0.1007138
0.1045757
0.0999150
0.0913769
0.0858701
0.0855242
0.0850223
0.0790282
0.0704601
0.0674676
0.0737719
0.0862106
0.1006915
0.1166613
0.1365660
0.1637227
0.1988285
0.2360315
0.2658464
0.2858133
0.3050407
0.3334060
0.3680324
0.3943502
0.3996457
0.3840787
0.3609525
0.3470571
0.3482784
0.3524601
0.3401920
0.3041155
0.2538691
0.2026887
0.1562015
0.1154049
0.0819477
0.0556792
0.0325836
0.0097427
-0.0106332
-0.0241170
-0.0282526
-0.0240717
-0.0170615
-0.0149485
-0.0196515
-0.0237623
-0.0207872
-0.0157904
-0.0185815
-0.0290528
-0.0373904
-0.0371614
-0.0309263
-0.0250122
-0.0256221
-0.0370763
-0.0564220
-0.0725595
-0.0777209
-0.0770239
-0.0808342
-0.0914371
-0.1020936
-0.1040693
-0.0909878
-0.0647509
-0.0421643
-0.0450117
-0.0752149
-0.1083099
-0.1190625
-0.1060064
-0.0862976
-0.0773301
-0.0884421
-0.1175958
-0.1488594
-0.1646126
-0.1659383
-0.1694393
-0.1815336
-0.1912194
-0.1903408
-0.1825952
-0.1697863
-0.1496765
-0.1303026
-0.1237840
-0.1233273
-0.1113286
-0.0914687
-0.0829912
-0.0823378
-0.0675181
-0.0441238
-0.0414196
-0.0512471
-0.0232140
0.0533899
