-0.0887253
-0.0743410
-0.0676235
-0.0657530
-0.0619064
-0.0536199
-0.0443967
-0.0379095
-0.0334229
-0.0282976
-0.0231966
-0.0220255
-0.0263459
-0.0322122
-0.0345804
-0.0339617
-0.0360460
-0.0437728
-0.0519010
-0.0520902
-0.0432514
-0.0342420
-0.0346512
-0.0442693
-0.0539252
-0.0565390
-0.0547703
-0.0562498
-0.0630390
-0.0687401
-0.0664144
-0.0568246
-0.0469021
-0.0414071
-0.0388586
-0.0358520
-0.0323541
-0.0305030
-0.0299893
-0.0283139
-0.0262544
-0.0295989
-0.0421498
-0.0579339
-0.0642451
-0.0545747
-0.0368474
-0.0261417
-0.0292226
-0.0385576
-0.0424369
-0.0385389
-0.0348793
-0.0386223
-0.0481405
-0.0579091
-0.0678854
-0.0833787
-0.1053011
-0.1248070
-0.1312188
-0.1243716
-0.1157535
-0.1164043
-0.1261126
-0.1365432
-0.1430044
-0.1490349
-0.1585160
-0.1672705
-0.1667565
-0.1556533
-0.1437149
-0.1417958
-0.1498520
-0.1575427
-0.1564764
-0.1492039
-0.1446743
-0.1463873
-0.1475844
-0.1387159
-0.1180195
-0.0933928
-0.0746303
-0.0654676
-0.0630651
-0.0629109
-0.0623037
-0.0598319
-0.0540450
-0.0444039
-0.0332536
-0.0254476
-0.0248745
-0.0311211
-0.0400625
-0.0481650
-0.0558450
-0.0658480
-0.0784237
-0.0893486
-0.0938665
-0.0924232
-0.0912799
-0.0963865
-0.1066420
-0.1142739
-0.1130563
-0.1061646
-0.1045637
-0.1164171
-0.1383967
-0.1586065
-0.1682789
-0.1695292
-0.1708165
-0.1754851
-0.1764902
-0.1637403
-0.1365170
-0.1070231
-0.0899321
-0.0885213
-0.0929575
-0.0929983
-0.0899220
-0.0926954
-0.1031138
-0.1100373
-0.1025262
-0.0860810
-0.0784869
-0.0862819
-0.0915829
-0.0715837
-0.0312897
-0.0059035
-0.0220550
-0.0627099
-0.0834343
-0.0621960
-0.0127516
0.0663575
0.2385072
0.5812003
1.0613694
1.4730232
1.5489766
1.1796195
0.5324504
-0.0605320
-0.3538666
-0.3464428
-0.2163126
-0.1287064
-0.1167606
-0.1217128
-0.1019379
-0.0770923
-0.0823291
-0.1146921
-0.1400139
-0.1384387
-0.1238205
-0.1180337
-0.1213919
-0.1173073
-0.0985479
-0.0770568
-0.0674248
-0.0699953
-0.0749912
-0.0773332
-0.0801456
-0.0852654
-0.0877319
-0.0826141
-0.0729998
-0.0666974
-0.0660710
-0.0651824
-0.0579644
-0.0459163
-0.0348126
-0.0254451
-0.0119869
0.0089631
0.0310689
0.0438017
0.0448686
0.0437439
0.0514940
0.0692533
0.0888872
0.1040855
0.1180836
0.1391330
0.1695913
0.2017801
0.2257258
0.2398110
0.2516381
0.2680207
0.2863454
0.2979155
0.2990460
0.2962180
0.2990249
0.3092531
0.3186964
0.3179674
0.3060033
0.2893521
0.2725319
0.2518316
0.2209237
0.1813635
0.1438027
0.1171528
0.0988832
0.0788996
0.0524853
0.0263620
0.0103044
0.0042439
-0.0035700
-0.0243755
-0.0560589
-0.0844193
-0.0974965
-0.0969984
-0.0946557
-0.0991109
-0.1086295
-0.1157393
-0.1156297
-0.1086472
-0.0970825
-0.0826976
-0.0676262
-0.0552214
-0.0477968
-0.0436568
-0.0382968
-0.0298516
-0.0222592
-0.0208978
-0.0250999
-0.0275103
-0.0224268
-0.0131820
-0.0089858
-0.0146972
-0.0256032
-0.0328900
-0.0331895
-0.0318943
-0.0372468
-0.0516238
-0.0689692
-0.0809707
-0.0853074
-0.0868375
-0.0904541
-0.0941224
-0.0907480
-0.0773518
-0.0608926
-0.0527043
-0.0563931
-0.0634652
-0.0638083
-0.0593303
-0.0620629
-0.0768008
-0.0914934
-0.0914954
-0.0802301
-0.0753579
-0.0816379
-0.0788454
-0.0484348
-0.0074633
0.0017307
-0.0360933
-0.0806142
-0.0781893
-0.0277359
0.0243035
0.0722370
0.2089640
0.5430693
1.0305528
1.4173639
1.4082182
0.9315435
0.2357047
-0.2981496
-0.4555196
-0.3191690
-0.1317916
-0.0587983
-0.0865100
-0.1133192
-0.0899034
-0.0536574
-0.0553277
-0.0920874
-0.1219365
-0.1210099
-0.1055002
-0.1012672
-0.1099905
-0.1127861
-0.0981656
-0.0755592
-0.0613781
-0.0597636
-0.0617298
-0.0596857
-0.0565887
-0.0597135
-0.0698176
-0.0799533
-0.0835430
-0.0804443
-0.0746423
-0.0678610
-0.0566347
-0.0358382
-0.0054485
0.0265044
0.0496259
0.0612185
0.0693837
0.0839554
0.1047625
0.1214431
0.1260873
0.1244541
0.1322428
0.1594092
0.1994144
0.2358237
0.2595806
0.2775757
0.3028434
0.3386263
0.3754439
0.4030993
0.4211218
0.4353340
0.4473005
0.4511353
0.4407310
0.4173738
0.3887416
0.3614364
0.3361362
0.3101257
0.2825029
0.2546177
0.2258785
0.1923988
0.1518314
0.1078081
0.0671496
0.0333917
0.0052917
-0.0187934
-0.0380073
-0.0515047
-0.0616086
-0.0720438
-0.0831937
-0.0913228
-0.0943102
-0.0973349
-0.1094828
-0.1321989
-0.1530476
-0.1555907
-0.1371865
-0.1143217
-0.1079905
-0.1248591
-0.1538614
-0.1788525
-0.1915263
-0.1930909
-0.1879911
-0.1790906
-0.1677807
-0.1555160
-0.1436673
-0.1330985
-0.1252348
-0.1220582
-0.1224418
-0.1197180
-0.1077846
-0.0909244
-0.0818305
-0.0852305
-0.0884407
-0.0768106
-0.0571809
-0.0544150
-0.0788195
-0.1067222
-0.1061089
-0.0770908
-0.0454112
-0.0025783
0.1291438
0.4313499
0.8635930
1.2195770
1.2551033
0.8964737
0.3270723
-0.1473637
-0.3341819
-0.2712221
-0.1362514
-0.0661483
-0.0675730
-0.0747758
-0.0537449
-0.0321058
-0.0451386
-0.0841054
-0.1103185
-0.1059896
-0.0926058
-0.0988052
-0.1245483
-0.1453138
-0.1447594
-0.1327584
-0.1304244
-0.1446218
-0.1621817
-0.1670711
-0.1580431
-0.1472938
-0.1447886
-0.1484399
-0.1501590
-0.1472329
-0.1442609
-0.1456691
-0.1502007
-0.1531477
-0.1510549
-0.1424644
-0.1252436
-0.0955632
-0.0514877
0.0017271
0.0516635
0.0873914
0.1094953
0.1296729
0.1586875
0.1956547
0.2304242
0.2553052
0.2725104
0.2901132
0.3121595
0.3338646
0.3470485
0.3500086
0.3503089
0.3561667
0.3659819
0.3686584
0.3542551
0.3222213
0.2790299
0.2305275
0.1785890
0.1242017
0.0716568
0.0283394
-0.0003555
-0.0159076
-0.0254565
-0.0351696
-0.0458920
-0.0557781
-0.0648274
-0.0743657
-0.0832857
-0.0880376
-0.0871114
-0.0837025
-0.0827971
-0.0861353
-0.0907353
-0.0927340
-0.0927234
-0.0962265
-0.1074178
-0.1230068
-0.1347799
-0.1385488
-0.1380332
-0.1389097
-0.1418087
-0.1434699
-0.1429422
-0.1435053
-0.1483682
-0.1567650
-0.1657196
-0.1750500
-0.1886611
-0.2089005
-0.2298676
-0.2395359
-0.2312317
-0.2116495
-0.1944881
-0.1864336
-0.1820957
-0.1727369
-0.1569148
-0.1411866
-0.1322974
-0.1304529
-0.1298047
-0.1244373
-0.1134029
-0.0999049
-0.0866268
-0.0738008
-0.0620079
-0.0541810
-0.0528554
-0.0568769
-0.0628469
-0.0691027
-0.0766686
-0.0867660
-0.0986480
-0.1096744
-0.1170300
-0.1200247
-0.1208875
-0.1222415
-0.1239745
-0.1246881
-0.1267574
-0.1372112
-0.1608906
-0.1928270
-0.2189198
-0.2256142
-0.2107941
-0.1865653
-0.1701811
-0.1697686
-0.1785200
-0.1837766
-0.1806522
-0.1746145
-0.1719595
-0.1717929
-0.1687948
-0.1611332
-0.1529175
-0.1490105
-0.1491960
-0.1490151
-0.1466030
-0.1465929
-0.1543165
-0.1666962
-0.1733070
-0.1685449
-0.1590901
-0.1558856
-0.1614861
-0.1698900
-0.1773490
-0.1873211
-0.2029567
-0.2198955
-0.2318307
-0.2414237
-0.2579941
-0.2797683
-0.2845082
-0.2500291
-0.1875000
-0.1423149
-0.1486496
-0.1869103
-0.2012041
-0.1602586
-0.0813315
0.0209319
0.1916207
0.5008227
0.9265769
1.2892176
1.3490803
1.0094030
0.4298063
-0.0793558
-0.2955211
-0.2328331
-0.0749324
0.0144949
0.0081328
-0.0260464
-0.0350035
-0.0297852
-0.0458396
-0.0885438
-0.1308089
-0.1509160
-0.1548643
-0.1600434
-0.1702454
-0.1762664
-0.1749474
-0.1750725
-0.1826854
-0.1904864
-0.1879338
-0.1763099
-0.1667271
-0.1653204
-0.1669901
-0.1644710
-0.1583028
-0.1543910
-0.1535982
-0.1478137
-0.1284985
-0.0977198
-0.0672574
-0.0455856
-0.0287830
-0.0070050
0.0225005
0.0526633
0.0753158
0.0879115
0.0915473
0.0875052
0.0788340
0.0730637
0.0797614
0.1036767
0.1396836
0.1748737
0.1976688
0.2065690
0.2095664
0.2148700
0.2240158
0.2342317
0.2437609
0.2519224
0.2563617
0.2543057
0.2466002
0.2379454
0.2322138
0.2280240
0.2188923
0.1981411
0.1650554
0.1264224
0.0909304
0.0625993
0.0411603
0.0267894
0.0198205
0.0154932
0.0042691
-0.0189759
-0.0478804
-0.0692848
-0.0745818
-0.0656881
-0.0511625
-0.0381157
-0.0283355
-0.0218409
-0.0221190
-0.0342084
-0.0565148
-0.0784404
-0.0898863
-0.0913456
-0.0912393
-0.0949244
-0.1004716
-0.1047119
-0.1087833
-0.1156726
-0.1244726
-0.1295081
-0.1259674
-0.1162797
-0.1093076
-0.1108126
-0.1151834
-0.1102439
-0.0916664
-0.0696103
-0.0589034
-0.0644954
-0.0780634
-0.0868137
-0.0837896
-0.0711801
-0.0556031
-0.0403534
-0.0229362
-0.0015168
0.0180049
0.0255408
0.0180494
0.0034244
-0.0088153
-0.0180787
-0.0313200
-0.0520900
-0.0737497
-0.0857191
-0.0866540
-0.0881944
-0.1012386
-0.1199368
-0.1272448
-0.1193668
-0.1154254
-0.1332576
-0.1613521
-0.1695742
-0.1489480
-0.1213679
-0.0907450
0.0082406
0.2773271
0.7338486
1.2171784
1.4507985
1.2476888
0.6827459
0.0574301
-0.3261273
-0.3773315
-0.2323714
-0.0901904
-0.0463196
-0.0658692
-0.0760359
-0.0547807
-0.0329113
-0.0375409
-0.0578919
-0.0671320
-0.0596682
-0.0535514
-0.0620442
-0.0768893
-0.0822183
-0.0753728
-0.0679168
-0.0703376
-0.0813263
-0.0916834
-0.0955605
-0.0962811
-0.1009320
-0.1103539
-0.1171505
-0.1145257
-0.1041591
-0.0933184
-0.0871430
-0.0866239
-0.0910073
-0.0972352
-0.0976785
-0.0829884
-0.0493708
-0.0026298
0.0450836
0.0832949
0.1103579
0.1333078
0.1588644
0.1850469
0.2049170
0.2182589
0.2344330
0.2615779
0.2970508
0.3313555
0.3584650
0.3791554
0.3960037
0.4083503
0.4129279
0.4090356
0.4021350
0.3993557
0.3992090
0.3886388
0.3549117
0.2999787
0.2394688
0.1878912
0.1479613
0.1132384
0.0765233
0.0349070
-0.0096177
-0.0520925
-0.0875161
-0.1122383
-0.1236250
-0.1215571
-0.1113724
-0.1018088
-0.0975593
-0.0964555
-0.0958093
-0.0977665
-0.1052661
-0.1161503
-0.1255519
-0.1322465
-0.1386755
-0.1454146
-0.1490054
-0.1460667
-0.1381845
-0.1314574
-0.1298637
-0.1291470
-0.1207301
-0.1039599
-0.0898830
-0.0872770
-0.0887057
-0.0791451
-0.0575490
-0.0395716
-0.0357104
-0.0365862
-0.0281380
-0.0157059
-0.0209601
-0.0516804
-0.0833244
-0.0801691
-0.0318235
0.0467623
0.1601557
0.3583515
0.6811995
1.0609216
1.3069223
1.2337214
0.8294045
0.2926012
-0.1124668
-0.2510296
-0.1873495
-0.0853849
-0.0561043
-0.0945171
-0.1369640
-0.1486633
-0.1466489
-0.1580406
-0.1832575
-0.2046172
-0.2132738
-0.2151154
-0.2168881
-0.2175075
-0.2125604
-0.2009514
-0.1859548
-0.1724201
-0.1635028
-0.1592260
-0.1577424
-0.1564851
-0.1509838
-0.1354356
-0.1082577
-0.0758847
-0.0475563
-0.0270539
-0.0119937
0.0008577
0.0128804
0.0240633
0.0327121
0.0369226
0.0395661
0.0485982
0.0679838
0.0911182
0.1084406
0.1198675
0.1345450
0.1586957
0.1879099
0.2122743
0.2272332
0.2389166
0.2583053
0.2886171
0.3196701
0.3380770
0.3417518
0.3393480
0.3364493
0.3297048
0.3160503
0.3000696
0.2877443
0.2775751
0.2620418
0.2352321
0.1967077
0.1506619
0.1036148
0.0614332
0.0273434
0.0026964
-0.0127027
-0.0228848
-0.0347922
-0.0511008
-0.0667755
-0.0769404
-0.0849083
-0.0970577
-0.1124749
-0.1238503
-0.1273990
-0.1264627
-0.1259824
-0.1280567
-0.1326273
-0.1387818
-0.1450984
-0.1502397
-0.1523771
-0.1483448
-0.1369974
-0.1236773
-0.1160210
-0.1135839
-0.1071116
-0.0907603
-0.0699602
-0.0542054
-0.0466841
-0.0440103
-0.0419720
-0.0384791
-0.0340097
-0.0313687
-0.0326526
-0.0359507
-0.0377380
-0.0376196
-0.0370407
-0.0350757
-0.0306394
-0.0274813
-0.0311466
-0.0415323
-0.0537539
-0.0655860
-0.0785946
-0.0924143
-0.1032439
-0.1085523
-0.1101461
-0.1133864
-0.1252786
-0.1498502
-0.1817931
-0.2079264
-0.2187097
-0.2154460
-0.2039779
-0.1868889
-0.1662227
-0.1483126
-0.1394216
-0.1389757
-0.1413848
-0.1423500
-0.1407093
-0.1370676
-0.1329360
-0.1286796
-0.1219285
-0.1117329
-0.1032770
-0.1023326
-0.1052325
-0.1015165
-0.0875407
-0.0706267
-0.0585091
-0.0515427
-0.0471443
-0.0454646
-0.0477646
-0.0532250
-0.0590447
-0.0616033
-0.0590328
-0.0555504
-0.0598844
-0.0750252
-0.0934835
-0.1080101
-0.1223835
-0.1444158
-0.1716869
-0.1920119
-0.1969811
-0.1896939
-0.1806278
-0.1795798
-0.1887168
-0.2001006
-0.2034948
-0.1989576
-0.1966571
-0.2020818
-0.2084785
-0.2076738
-0.2011601
-0.1952899
-0.1914247
-0.1861959
-0.1772030
-0.1641517
-0.1474148
-0.1279741
-0.1067527
-0.0847844
-0.0669348
-0.0610851
-0.0668982
-0.0702840
-0.0592535
-0.0418493
-0.0360155
-0.0432821
-0.0470989
-0.0400932
-0.0386737
-0.0613084
-0.0998756
-0.1238934
-0.1152634
-0.0923951
-0.0907484
-0.1168166
-0.1337874
-0.1076147
-0.0558739
-0.0165871
0.0403350
0.2269459
0.6100023
1.0674095
1.3182227
1.1427355
0.5904561
-0.0354412
-0.4143647
-0.4481321
-0.2884934
-0.1512403
-0.1227052
-0.1429661
-0.1344043
-0.0973839
-0.0789959
-0.0939056
-0.1093904
-0.0953895
-0.0612960
-0.0385649
-0.0405536
-0.0491473
-0.0412210
-0.0219192
-0.0213865
-0.0555562
-0.1022668
-0.1266263
-0.1207080
-0.1047797
-0.0967525
-0.0969230
-0.0999135
-0.1051343
-0.1127676
-0.1199416
-0.1233873
-0.1208005
-0.1114461
-0.0994120
-0.0913766
-0.0874151
-0.0812302
-0.0727416
-0.0697264
-0.0717339
-0.0648433
-0.0406216
-0.0092044
0.0152131
0.0320106
0.0492060
0.0704501
0.0950866
0.1234020
0.1550037
0.1872926
0.2177902
0.2420305
0.2518906
0.2466885
0.2424883
0.2560098
0.2811814
0.2970556
0.2975727
0.2965530
0.3024824
0.3048143
0.2885669
0.2503927
0.1988361
0.1481359
0.1097704
0.0814413
0.0493229
0.0090928
-0.0247588
-0.0406837
-0.0490390
-0.0657878
-0.0886969
-0.1046001
-0.1099013
-0.1089150
-0.1013105
-0.0854680
-0.0662894
-0.0482090
-0.0286018
-0.0062288
0.0137585
0.0285819
0.0392674
0.0408417
0.0272396
0.0066803
-0.0086847
-0.0275741
-0.0628957
-0.0810180
-0.0011713
0.2250548
0.5377285
0.7836608
0.8146245
0.5953056
0.2437411
-0.0428847
-0.1390685
-0.0832679
-0.0142837
-0.0279706
-0.1129077
-0.2027488
-0.2499668
-0.2510231
-0.2347548
-0.2336726
-0.2499591
-0.2541092
-0.2287490
-0.1949397
-0.1768268
-0.1650787
-0.1413861
-0.1151768
-0.1065682
-0.1137847
-0.1242960
-0.1365375
-0.1470161
-0.1413767
-0.1206515
-0.1080953
-0.1101868
-0.1036819
-0.0789661
-0.0573423
-0.0480485
-0.0324509
-0.0080746
0.0012069
-0.0040190
0.0080413
0.0400467
0.0574694
0.0552110
0.0667700
0.0943651
0.1032829
0.0970085
0.1157744
0.1514660
0.1580779
0.1531062
0.1963724
0.2604025
0.2586626
0.2201779
0.2672232
0.3698544
0.3144151
0.0217273
