-0.1061166
-0.0896217
-0.0767053
-0.0671734
-0.0582368
-0.0506333
-0.0511499
-0.0658346
-0.0912276
-0.1160918
-0.1337836
-0.1502238
-0.1757949
-0.2096106
-0.2358738
-0.2383475
-0.2167528
-0.1867671
-0.1655693
-0.1604277
-0.1695848
-0.1874314
-0.2051256
-0.2113508
-0.2006163
-0.1813745
-0.1687591
-0.1655387
-0.1560998
-0.1249768
-0.0737210
-0.0035257
0.1202375
0.3601595
0.7287788
1.1095553
1.2862909
1.0981946
0.5933796
0.0238907
-0.3336979
-0.3757029
-0.2128564
-0.0387395
0.0316605
0.0099773
-0.0363700
-0.0681911
-0.0893844
-0.1101668
-0.1243734
-0.1240355
-0.1174225
-0.1200967
-0.1337624
-0.1450755
-0.1457582
-0.1448342
-0.1560736
-0.1785536
-0.1966967
-0.1990336
-0.1907925
-0.1851860
-0.1861961
-0.1846771
-0.1708029
-0.1460468
-0.1211327
-0.1047522
-0.0966649
-0.0903651
-0.0795109
-0.0618045
-0.0396354
-0.0185700
-0.0031986
0.0083144
0.0253685
0.0577022
0.1047094
0.1524515
0.1836791
0.1927580
0.1910225
0.1967737
0.2193542
0.2523328
0.2811685
0.2966802
0.3016831
0.3064388
0.3189689
0.3392127
0.3610056
0.3787631
0.3923355
0.4059567
0.4231500
0.4431697
0.4622706
0.4775396
0.4885719
0.4953643
0.4954616
0.4842745
0.4587709
0.4206015
0.3749613
0.3262247
0.2752472
0.2213257
0.1662759
0.1156988
0.0757944
0.0485643
0.0294101
0.0093686
-0.0185262
-0.0526832
-0.0823004
-0.0953561
-0.0894527
-0.0749005
-0.0660412
-0.0693590
-0.0807444
-0.0935777
-0.1064183
-0.1206272
-0.1330126
-0.1365628
-0.1306737
-0.1260683
-0.1339686
-0.1513850
-0.1622710
-0.1517123
-0.1082207
-0.0064333
0.1969404
0.5193385
0.8862735
1.1247614
1.0646045
0.6832853
0.1577184
-0.2476438
-0.3715622
-0.2574782
-0.0814822
0.0110386
0.0033290
-0.0306923
-0.0300345
-0.0010083
0.0140878
-0.0047204
-0.0386574
-0.0605019
-0.0651772
-0.0672955
-0.0782506
-0.0944601
-0.1064239
-0.1117642
-0.1161818
-0.1251953
-0.1386954
-0.1525360
-0.1624108
-0.1660069
-0.1637017
-0.1581831
-0.1521883
-0.1457006
-0.1360721
-0.1216725
-0.1047644
-0.0894824
-0.0767919
-0.0628076
-0.0435650
-0.0212332
-0.0036913
0.0035158
0.0042260
0.0092267
0.0264861
0.0544646
0.0850631
0.1123039
0.1378694
0.1687197
0.2093539
0.2557210
0.2968241
0.3238265
0.3389675
0.3552046
0.3854123
0.4304118
0.4773161
0.5104610
0.5247648
0.5281117
0.5300328
0.5288509
0.5119554
0.4694627
0.4060438
0.3377893
0.2781201
0.2281872
0.1805342
0.1298995
0.0791611
0.0357004
0.0037959
-0.0186640
-0.0368738
-0.0539525
-0.0692264
-0.0802112
-0.0851667
-0.0845577
-0.0816060
-0.0811133
-0.0856377
-0.0918258
-0.0919748
-0.0812049
-0.0635561
-0.0501680
-0.0503712
-0.0636210
-0.0796271
-0.0866567
-0.0805923
-0.0668688
-0.0547433
-0.0507559
-0.0572541
-0.0744710
-0.1011583
-0.1331055
-0.1635254
-0.1871872
-0.2046402
-0.2214833
-0.2421871
-0.2638002
-0.2762265
-0.2702597
-0.2463261
-0.2149002
-0.1876976
-0.1685793
-0.1530208
-0.1353893
-0.1156611
-0.0991305
-0.0903371
-0.0878287
-0.0852445
-0.0777398
-0.0669278
-0.0589094
-0.0577912
-0.0620102
-0.0667192
-0.0683035
-0.0659274
-0.0597465
-0.0491295
-0.0336095
-0.0161589
-0.0051841
-0.0110071
-0.0372245
-0.0744201
-0.1044681
-0.1142316
-0.1066930
-0.0980299
-0.1022656
-0.1183773
-0.1335404
-0.1391839
-0.1409908
-0.1500867
-0.1666754
-0.1790628
-0.1811457
-0.1839411
-0.2017792
-0.2293559
-0.2428136
-0.2265810
-0.1863354
-0.1197117
0.0212752
0.3079356
0.7415215
1.1779197
1.3793699
1.1879732
0.6739114
0.1067741
-0.2408709
-0.2841511
-0.1458837
-0.0117683
0.0246519
-0.0069787
-0.0367072
-0.0383238
-0.0347630
-0.0487960
-0.0722383
-0.0829827
-0.0751828
-0.0625179
-0.0585704
-0.0650324
-0.0788024
-0.1005426
-0.1302567
-0.1588064
-0.1712815
-0.1609955
-0.1375563
-0.1188774
-0.1155011
-0.1235405
-0.1318996
-0.1337783
-0.1299010
-0.1227824
-0.1115824
-0.0936032
-0.0685557
-0.0394951
-0.0103588
0.0161721
0.0390205
0.0583155
0.0748653
0.0895258
0.1028848
0.1152890
0.1266521
0.1363782
0.1442791
0.1517721
0.1616311
0.1763144
0.1963938
0.2196666
0.2411681
0.2556236
0.2624285
0.2684580
0.2836202
0.3116209
0.3450374
0.3702946
0.3783790
0.3718851
0.3625241
0.3613663
0.3701834
0.3811002
0.3837579
0.3724454
0.3476406
0.3133961
0.2745875
0.2353065
0.1981819
0.1651957
0.1391605
0.1228074
0.1150963
0.1095552
0.0984841
0.0796093
0.0580342
0.0411079
0.0311698
0.0233464
0.0109719
-0.0065219
-0.0221096
-0.0289170
-0.0290402
-0.0326987
-0.0476503
-0.0701712
-0.0873707
-0.0889570
-0.0777117
-0.0688326
-0.0771975
-0.1027215
-0.1281373
-0.1335178
-0.1147719
-0.0879124
-0.0747664
-0.0840596
-0.1052437
-0.1193872
-0.1159379
-0.0998249
-0.0833987
-0.0729522
-0.0644638
-0.0517024
-0.0354171
-0.0226677
-0.0186132
-0.0212940
-0.0245339
-0.0245728
-0.0233978
-0.0260599
-0.0350921
-0.0479107
-0.0599449
-0.0695705
-0.0789599
-0.0908908
-0.1065939
-0.1263014
-0.1488766
-0.1693738
-0.1793595
-0.1733006
-0.1560066
-0.1422836
-0.1461711
-0.1676129
-0.1894181
-0.1905069
-0.1657306
-0.1329951
-0.1187293
-0.1348885
-0.1697000
-0.1995764
-0.2087774
-0.1987962
-0.1819938
-0.1683228
-0.1579788
-0.1453027
-0.1276565
-0.1087837
-0.0940807
-0.0851966
-0.0804292
-0.0783745
-0.0790169
-0.0819331
-0.0852863
-0.0868330
-0.0853094
-0.0812574
-0.0772492
-0.0769828
-0.0832724
-0.0962168
-0.1125371
-0.1265279
-0.1334376
-0.1341888
-0.1363797
-0.1480586
-0.1694853
-0.1923039
-0.2073589
-0.2122530
-0.2112467
-0.2096532
-0.2094127
-0.2090472
-0.2065612
-0.2021747
-0.1985830
-0.1990168
-0.2053923
-0.2173616
-0.2309377
-0.2377209
-0.2287807
-0.2027006
-0.1693753
-0.1432642
-0.1319103
-0.1314592
-0.1326772
-0.1299582
-0.1245864
-0.1206107
-0.1186939
-0.1149786
-0.1066871
-0.0977034
-0.0959901
-0.1046345
-0.1175269
-0.1256790
-0.1270254
-0.1286291
-0.1393079
-0.1604707
-0.1838148
-0.1979716
-0.1980823
-0.1890836
-0.1796830
-0.1742462
-0.1712797
-0.1678928
-0.1632954
-0.1589046
-0.1578330
-0.1637677
-0.1768356
-0.1898313
-0.1923342
-0.1818388
-0.1695052
-0.1711686
-0.1909081
-0.2150423
-0.2247834
-0.2147227
-0.1960139
-0.1806004
-0.1670191
-0.1452910
-0.1078489
-0.0405515
0.0982272
0.3645180
0.7611063
1.1723673
1.3918368
1.2577518
0.7927623
0.2136732
-0.2146919
-0.3606699
-0.2870426
-0.1547714
-0.0783109
-0.0663813
-0.0725607
-0.0699520
-0.0686374
-0.0820683
-0.1021031
-0.1118425
-0.1096130
-0.1091672
-0.1188379
-0.1300015
-0.1298047
-0.1195771
-0.1137818
-0.1219675
-0.1391700
-0.1567462
-0.1758301
-0.2028141
-0.2335510
-0.2497740
-0.2344966
-0.1884794
-0.1299318
-0.0798860
-0.0488663
-0.0350493
-0.0310929
-0.0304580
-0.0285064
-0.0218392
-0.0102445
0.0016094
0.0082870
0.0104833
0.0150487
0.0266931
0.0420194
0.0537209
0.0591180
0.0626069
0.0704680
0.0847600
0.1021046
0.1177062
0.1305054
0.1441295
0.1624929
0.1855320
0.2103731
0.2353002
0.2603636
0.2848200
0.3064361
0.3231076
0.3328495
0.3324617
0.3195016
0.2974656
0.2774697
0.2719378
0.2842027
0.3030647
0.3089532
0.2890165
0.2479898
0.2026629
0.1647673
0.1316652
0.0950733
0.0551563
0.0216234
0.0018957
-0.0074403
-0.0158954
-0.0281667
-0.0403570
-0.0471424
-0.0506092
-0.0590903
-0.0764618
-0.0956722
-0.1060724
-0.1053830
-0.1001187
-0.0947351
-0.0858585
-0.0696427
-0.0507683
-0.0398266
-0.0423858
-0.0534553
-0.0635250
-0.0688638
-0.0744246
-0.0858808
-0.1001654
-0.1072789
-0.1029460
-0.0962245
-0.1004086
-0.1166180
-0.1296320
-0.1214740
-0.0888612
-0.0478239
-0.0214518
-0.0210529
-0.0371537
-0.0493392
-0.0457645
-0.0322442
-0.0225832
-0.0233697
-0.0302416
-0.0359515
-0.0378400
-0.0375031
-0.0364502
-0.0342062
-0.0305730
-0.0285280
-0.0328987
-0.0448877
-0.0593726
-0.0698711
-0.0752726
-0.0791987
-0.0838899
-0.0884888
-0.0932659
-0.1012063
-0.1136175
-0.1271026
-0.1369987
-0.1421160
-0.1444959
-0.1459492
-0.1469102
-0.1487455
-0.1553819
-0.1698202
-0.1869250
-0.1916034
-0.1698267
-0.1245249
-0.0772407
-0.0497991
-0.0450310
-0.0478775
-0.0436985
-0.0321561
-0.0240168
-0.0280962
-0.0425315
-0.0572029
-0.0636817
-0.0629201
-0.0632507
-0.0714831
-0.0869388
-0.1032064
-0.1134792
-0.1147577
-0.1100156
-0.1068197
-0.1109773
-0.1206007
-0.1286939
-0.1319453
-0.1340484
-0.1394873
-0.1472096
-0.1525850
-0.1539110
-0.1548898
-0.1606786
-0.1719012
-0.1826876
-0.1856054
-0.1789616
-0.1674984
-0.1550266
-0.1393190
-0.1169062
-0.0903772
-0.0669349
-0.0505830
-0.0392721
-0.0296332
-0.0214690
-0.0169954
-0.0177067
-0.0228315
-0.0302044
-0.0383994
-0.0475807
-0.0573624
-0.0648743
-0.0675090
-0.0671271
-0.0680443
-0.0705767
-0.0707074
-0.0672346
-0.0642949
-0.0636633
-0.0589540
-0.0432022
-0.0211528
-0.0080560
-0.0130349
-0.0263987
-0.0286271
-0.0122139
0.0148300
0.0590426
0.1711559
0.4186613
0.7987987
1.1760428
1.3360772
1.1408360
0.6531898
0.1095192
-0.2454843
-0.3213176
-0.2090736
-0.0702919
-0.0038316
-0.0051029
-0.0232585
-0.0303905
-0.0334562
-0.0430007
-0.0539867
-0.0582230
-0.0604994
-0.0727034
-0.0952204
-0.1115871
-0.1049012
-0.0779771
-0.0532293
-0.0499648
-0.0638404
-0.0726580
-0.0615604
-0.0375760
-0.0185119
-0.0127041
-0.0129747
-0.0076523
0.0059701
0.0187868
0.0191281
0.0050331
-0.0129094
-0.0214955
-0.0163687
-0.0027893
0.0116869
0.0218707
0.0252453
0.0236291
0.0249661
0.0387047
0.0670295
0.1021669
0.1330770
0.1543537
0.1699205
0.1895199
0.2200461
0.2583773
0.2939032
0.3194521
0.3380535
0.3579096
0.3834155
0.4129540
0.4427462
0.4701404
0.4945756
0.5170834
0.5376672
0.5529064
0.5586951
0.5555528
0.5473321
0.5331868
0.5047782
0.4546743
0.3859784
0.3115447
0.2440647
0.1869959
0.1342720
0.0798542
0.0288656
-0.0034866
-0.0081415
0.0039988
0.0094126
-0.0059306
-0.0344890
-0.0569009
-0.0608843
-0.0506822
-0.0406115
-0.0398334
-0.0428569
-0.0367460
-0.0184384
-0.0008834
0.0014821
-0.0098450
-0.0193859
-0.0157991
-0.0035625
0.0037572
-0.0013652
-0.0136675
-0.0227988
-0.0260126
-0.0300386
-0.0389464
-0.0456449
-0.0429112
-0.0402230
-0.0577388
-0.0986602
-0.1368023
-0.1415597
-0.1130423
-0.0837327
-0.0822641
-0.0999483
-0.0988331
-0.0549563
0.0097864
0.0450233
0.0227557
-0.0345500
-0.0799457
-0.0896979
-0.0782772
-0.0713920
-0.0762231
-0.0806119
-0.0726039
-0.0541287
-0.0375460
-0.0328396
-0.0390494
-0.0474514
-0.0516489
-0.0526149
-0.0548113
-0.0614493
-0.0739696
-0.0907700
-0.1040702
-0.1037285
-0.0892018
-0.0746225
-0.0769577
-0.0993432
-0.1278221
-0.1433749
-0.1373460
-0.1186074
-0.1061449
-0.1104202
-0.1211839
-0.1186153
-0.0979921
-0.0773196
-0.0762775
-0.0918348
-0.1011455
-0.0892354
-0.0689334
-0.0673616
-0.0907575
-0.1099237
-0.0923443
-0.0486229
-0.0297573
-0.0656548
-0.1191281
-0.1231753
-0.0612419
0.0187228
0.0877879
0.2115651
0.4970374
0.9370064
1.3248367
1.3742920
0.9686231
0.2986601
-0.2680007
-0.4768317
-0.3599138
-0.1443203
-0.0204687
-0.0097226
-0.0240173
-0.0020815
0.0350349
0.0390491
0.0061097
-0.0225723
-0.0177884
0.0031107
0.0050132
-0.0174092
-0.0367111
-0.0314497
-0.0103715
0.0051539
0.0085062
0.0087756
0.0121935
0.0129952
0.0030923
-0.0142089
-0.0233783
-0.0115227
0.0154959
0.0352046
0.0296573
0.0018241
-0.0312026
-0.0560912
-0.0693551
-0.0707494
-0.0592590
-0.0357886
-0.0046295
0.0284267
0.0577971
0.0805564
0.0996524
0.1213420
0.1466257
0.1688613
0.1827304
0.1916487
0.2032912
0.2215734
0.2457054
0.2730953
0.3004238
0.3253874
0.3493260
0.3747281
0.3998091
0.4206703
0.4395257
0.4646608
0.4997166
0.5369724
0.5623837
0.5641575
0.5381363
0.4909102
0.4375480
0.3903020
0.3485472
0.3035445
0.2516730
0.1981279
0.1493332
0.1073660
0.0710449
0.0379422
0.0064638
-0.0207618
-0.0383973
-0.0466345
-0.0535172
-0.0645040
-0.0744521
-0.0758195
-0.0711464
-0.0714183
-0.0840219
-0.1060772
-0.1270649
-0.1357548
-0.1288954
-0.1157466
-0.1094366
-0.1114191
-0.1094280
-0.0931338
-0.0671462
-0.0471790
-0.0481218
-0.0750511
-0.1178679
-0.1534390
-0.1613832
-0.1416170
-0.1118666
-0.0875777
-0.0703241
-0.0557211
-0.0447006
-0.0439696
-0.0591885
-0.0879700
-0.1169791
-0.1296148
-0.1220939
-0.1086745
-0.1052235
-0.1114737
-0.1156779
-0.1120283
-0.1055348
-0.1028874
-0.1058811
-0.1116312
-0.1137935
-0.1068197
-0.0937697
-0.0856878
-0.0888156
-0.0975800
-0.1049134
-0.1140039
-0.1344023
-0.1699404
-0.2129521
-0.2460935
-0.2505457
-0.2216819
-0.1790027
-0.1515257
-0.1496322
-0.1582776
-0.1590248
-0.1493841
-0.1382277
-0.1323235
-0.1325985
-0.1375155
-0.1465001
-0.1628094
-0.1909863
-0.2262983
-0.2511401
-0.2506801
-0.2295239
-0.2051746
-0.1889093
-0.1812371
-0.1805066
-0.1847732
-0.1884474
-0.1875844
-0.1862933
-0.1893575
-0.1918088
-0.1845198
-0.1678228
-0.1527186
-0.1504345
-0.1637860
-0.1840880
-0.1956273
-0.1921145
-0.1899450
-0.2120808
-0.2543122
-0.2819588
-0.2686899
-0.2271029
-0.1919336
-0.1826748
-0.1914513
-0.2000134
-0.1999759
-0.1987519
-0.2077356
-0.2227327
-0.2223877
-0.1953741
-0.1618309
-0.1520726
-0.1676163
-0.1807492
-0.1724628
-0.1539102
-0.1475409
-0.1605431
-0.1803630
-0.1877911
-0.1744684
-0.1534997
-0.1477156
-0.1612803
-0.1728997
-0.1659559
-0.1517892
-0.1491458
-0.1538910
-0.1483180
-0.1326092
-0.1275637
-0.1471657
-0.1813089
-0.2060030
-0.2041876
-0.1747717
-0.1144222
0.0164560
0.2865629
0.7071141
1.1424801
1.3535763
1.1792114
0.6837147
0.1181231
-0.2641851
-0.3686369
-0.2794732
-0.1510331
-0.0765990
-0.0485464
-0.0280488
-0.0204024
-0.0577558
-0.1312153
-0.1848060
-0.1800840
-0.1357036
-0.0977723
-0.0944290
-0.1213364
-0.1506928
-0.1537526
-0.1299596
-0.1079406
-0.1048057
-0.1011877
-0.0764007
-0.0483413
-0.0510693
-0.0873525
-0.1281712
-0.1450941
-0.1237343
-0.0665090
-0.0042049
0.0183245
-0.0086913
-0.0465582
-0.0605305
-0.0567222
-0.0511018
-0.0392380
-0.0187700
-0.0046773
0.0004890
0.0155621
0.0426007
0.0602215
0.0683102
0.0917799
0.1279530
0.1449097
0.1435188
0.1596421
0.1942245
0.2102892
0.2087631
0.2289466
0.2650826
0.2722681
0.2637149
0.2973725
0.3556589
0.3641953
0.3483506
0.4153492
0.5314389
0.4917525
0.2131396
