1.4149538
0.9051133
0.2608657
-0.1951883
-0.3081240
-0.1753748
-0.0149567
0.0344814
-0.0085596
-0.0514674
-0.0476666
-0.0262804
-0.0308665
-0.0620276
-0.0871040
-0.0871393
-0.0762091
-0.0769015
-0.0914393
-0.1035963
-0.1016828
-0.0905156
-0.0814983
-0.0784192
-0.0764767
-0.0714323
-0.0652361
-0.0633202
-0.0696377
-0.0845026
-0.1039805
-0.1195749
-0.1210603
-0.1036070
-0.0732161
-0.0431638
-0.0232910
-0.0129603
-0.0050623
0.0041761
0.0112905
0.0116650
0.0075000
0.0075647
0.0187013
0.0387417
0.0587060
0.0716728
0.0787407
0.0862930
0.0984174
0.1131043
0.1260002
0.1367996
0.1505451
0.1722081
0.2008855
0.2304767
0.2560420
0.2782164
0.3004256
0.3226623
0.3402094
0.3496709
0.3548132
0.3635441
0.3776081
0.3865537
0.3744911
0.3342858
0.2748464
0.2138942
0.1637812
0.1245834
0.0898948
0.0570650
0.0302447
0.0141040
0.0067551
0.0004306
-0.0110557
-0.0265977
-0.0398497
-0.0462738
-0.0475377
-0.0492371
-0.0550476
-0.0633763
-0.0693075
-0.0693458
-0.0642876
-0.0578377
-0.0527141
-0.0481963
-0.0415154
-0.0315654
-0.0207758
-0.0125427
-0.0065236
0.0025264
0.0195037
0.0418716
0.0592211
0.0620058
0.0511903
0.0377999
0.0318950
0.0329918
0.0327546
0.0261314
0.0168673
0.0109328
0.0075054
0.0003667
-0.0121538
-0.0235066
-0.0284308
-0.0329389
-0.0485611
-0.0753493
-0.0963896
-0.0946697
-0.0731937
-0.0517174
-0.0425117
-0.0366529
-0.0201428
0.0016176
0.0066277
-0.0139454
-0.0390388
-0.0394059
-0.0079373
0.0500941
0.1605647
0.3887775
0.7679031
1.2065482
1.4933939
1.4375692
1.0336540
0.4892121
0.0742246
-0.0745105
-0.0203821
0.0749295
0.1026006
0.0654987
0.0214552
0.0019751
-0.0074294
-0.0295222
-0.0631380
-0.0916368
-0.1083614
-0.1220935
-0.1410240
-0.1617318
-0.1766627
-0.1856844
-0.1944174
-0.2036023
-0.2064320
-0.1979571
-0.1826685
-0.1689656
-0.1579616
-0.1423077
-0.1170842
-0.0881414
-0.0662644
-0.0541916
-0.0431816
-0.0239241
0.0015581
0.0219336
0.0305584
0.0347448
0.0486496
0.0770698
0.1083117
0.1245762
0.1191213
0.1024139
0.0918626
0.0968007
0.1134754
0.1324347
0.1482545
0.1619572
0.1765186
0.1926457
0.2090153
0.2243999
0.2377900
0.2473112
0.2515170
0.2527224
0.2570687
0.2684441
0.2817722
0.2844957
0.2671963
0.2333309
0.1973400
0.1720067
0.1575198
0.1432395
0.1198280
0.0886130
0.0587091
0.0363621
0.0192521
0.0016849
-0.0168124
-0.0307489
-0.0368154
-0.0404550
-0.0517474
-0.0742563
-0.0995273
-0.1142341
-0.1127089
-0.1013177
-0.0905295
-0.0846634
-0.0811818
-0.0788270
-0.0827068
-0.0987576
-0.1242499
-0.1469582
-0.1555994
-0.1504068
-0.1420299
-0.1402167
-0.1451300
-0.1502846
-0.1519412
-0.1526618
-0.1551546
-0.1555397
-0.1460418
-0.1246885
-0.0998084
-0.0826805
-0.0760237
-0.0716469
-0.0604772
-0.0439063
-0.0334466
-0.0386208
-0.0563727
-0.0737511
-0.0807145
-0.0788022
-0.0768702
-0.0801862
-0.0858824
-0.0889043
-0.0898128
-0.0944173
-0.1059630
-0.1199245
-0.1282850
-0.1286015
-0.1271783
-0.1324888
-0.1463896
-0.1629430
-0.1754294
-0.1829848
-0.1899101
-0.1998637
-0.2121938
-0.2235893
-0.2315321
-0.2351452
-0.2338873
-0.2278116
-0.2199687
-0.2163735
-0.2202147
-0.2252872
-0.2182536
-0.1911714
-0.1519619
-0.1191677
-0.1040018
-0.0993075
-0.0896298
-0.0721409
-0.0630491
-0.0792364
-0.1152162
-0.1442078
-0.1451024
-0.1248361
-0.1092319
-0.1132837
-0.1272851
-0.1344074
-0.1342378
-0.1399997
-0.1547207
-0.1624231
-0.1500993
-0.1305907
-0.1304550
-0.1543695
-0.1748631
-0.1650949
-0.1281008
-0.0713655
0.0465887
0.3087579
0.7379390
1.1970659
1.4297955
1.2507561
0.7198231
0.1196735
-0.2590375
-0.3270380
-0.2126949
-0.0986851
-0.0620082
-0.0626861
-0.0472165
-0.0241598
-0.0365438
-0.0918231
-0.1472913
-0.1623818
-0.1442171
-0.1315322
-0.1450216
-0.1681273
-0.1751384
-0.1640690
-0.1542103
-0.1587180
-0.1708197
-0.1774465
-0.1769399
-0.1772707
-0.1815438
-0.1832717
-0.1764102
-0.1636742
-0.1516896
-0.1422422
-0.1332736
-0.1264251
-0.1269984
-0.1342629
-0.1369004
-0.1237096
-0.0980487
-0.0762404
-0.0692292
-0.0695249
-0.0606976
-0.0383631
-0.0160737
-0.0081925
-0.0112967
-0.0075015
0.0149990
0.0499943
0.0831428
0.1087773
0.1321376
0.1570486
0.1783207
0.1899340
0.1968862
0.2124696
0.2422932
0.2754035
0.2951994
0.2975032
0.2933819
0.2935266
0.2944030
0.2835666
0.2566397
0.2239847
0.1989092
0.1825189
0.1636829
0.1331879
0.0942213
0.0572569
0.0273399
0.0001588
-0.0295692
-0.0601444
-0.0862777
-0.1081254
-0.1321447
-0.1615366
-0.1891635
-0.2034779
-0.2010952
-0.1905954
-0.1827350
-0.1788633
-0.1711860
-0.1537923
-0.1306237
-0.1112220
-0.1004840
-0.0950800
-0.0894193
-0.0820962
-0.0751633
-0.0694676
-0.0635461
-0.0565738
-0.0495925
-0.0429584
-0.0348160
-0.0241792
-0.0145353
-0.0116239
-0.0166143
-0.0233973
-0.0249358
-0.0219316
-0.0227078
-0.0335615
-0.0516430
-0.0700067
-0.0883011
-0.1138233
-0.1495460
-0.1839653
-0.1978523
-0.1831034
-0.1528890
-0.1305060
-0.1280351
-0.1375406
-0.1432872
-0.1397131
-0.1345332
-0.1354391
-0.1387336
-0.1344031
-0.1202343
-0.1061118
-0.1027841
-0.1093458
-0.1148833
-0.1117102
-0.1037291
-0.1003625
-0.1045299
-0.1098009
-0.1095747
-0.1058664
-0.1063166
-0.1137071
-0.1219897
-0.1240008
-0.1206667
-0.1198446
-0.1265463
-0.1369740
-0.1434871
-0.1441071
-0.1452259
-0.1547149
-0.1736026
-0.1952739
-0.2118050
-0.2193722
-0.2176077
-0.2064366
-0.1863247
-0.1613746
-0.1394035
-0.1268877
-0.1239483
-0.1250847
-0.1247161
-0.1215575
-0.1179455
-0.1159004
-0.1145192
-0.1111374
-0.1045385
-0.0965777
-0.0904692
-0.0874678
-0.0853917
-0.0810103
-0.0746344
-0.0718439
-0.0784261
-0.0922032
-0.1023304
-0.1008733
-0.0947657
-0.1001376
-0.1205243
-0.1356916
-0.1217148
-0.0838213
-0.0591693
-0.0770992
-0.1202723
-0.1380523
-0.1009563
-0.0251135
0.0745007
0.2442943
0.5656279
1.0341931
1.4736894
1.6167533
1.3191874
0.7089920
0.1087124
-0.2107632
-0.2174899
-0.0848017
0.0005473
-0.0135292
-0.0613140
-0.0760170
-0.0607986
-0.0572638
-0.0805458
-0.1065309
-0.1116798
-0.1024907
-0.1000422
-0.1093932
-0.1162728
-0.1096562
-0.0955473
-0.0851994
-0.0779668
-0.0637396
-0.0404729
-0.0214110
-0.0212845
-0.0391704
-0.0597033
-0.0701998
-0.0718922
-0.0729745
-0.0747096
-0.0687454
-0.0479666
-0.0168264
0.0108999
0.0240177
0.0228200
0.0168551
0.0152712
0.0199280
0.0269292
0.0328463
0.0381445
0.0451313
0.0541053
0.0622566
0.0661390
0.0652660
0.0638015
0.0686909
0.0850799
0.1121865
0.1428569
0.1675577
0.1805850
0.1844198
0.1882586
0.2003245
0.2198632
0.2372300
0.2435104
0.2403477
0.2390819
0.2494038
0.2692443
0.2862727
0.2888865
0.2750070
0.2505207
0.2212667
0.1889800
0.1550008
0.1245116
0.1035121
0.0917373
0.0817265
0.0666353
0.0474125
0.0305632
0.0200654
0.0139555
0.0086563
0.0033879
-0.0020164
-0.0115715
-0.0306375
-0.0570287
-0.0784479
-0.0842093
-0.0794969
-0.0820067
-0.1004899
-0.1206990
-0.1195508
-0.0931416
-0.0631955
-0.0512910
-0.0523940
-0.0428911
-0.0146183
0.0096088
0.0019826
-0.0345278
-0.0676231
-0.0714747
-0.0433980
0.0278706
0.1944946
0.5114835
0.9402600
1.3041135
1.3835321
1.0941318
0.5793237
0.1130991
-0.1073472
-0.0898249
0.0095549
0.0498151
0.0093515
-0.0469463
-0.0667091
-0.0584932
-0.0575858
-0.0737753
-0.0864345
-0.0796753
-0.0646059
-0.0632484
-0.0804792
-0.1001862
-0.1066980
-0.1023439
-0.1012032
-0.1101588
-0.1214327
-0.1234945
-0.1147727
-0.1041021
-0.0998632
-0.1018668
-0.1039272
-0.1019822
-0.0981355
-0.0970876
-0.0996484
-0.1007143
-0.0942534
-0.0798588
-0.0629806
-0.0481357
-0.0333635
-0.0132361
0.0128362
0.0374104
0.0519721
0.0572153
0.0649066
0.0876726
0.1263018
0.1681686
0.1992386
0.2171575
0.2317146
0.2534564
0.2838618
0.3165864
0.3455237
0.3692340
0.3880304
0.3993151
0.3978810
0.3810832
0.3524553
0.3188104
0.2838314
0.2460582
0.2039703
0.1614580
0.1259389
0.1006881
0.0806108
0.0570081
0.0266652
-0.0043525
-0.0265739
-0.0370542
-0.0428237
-0.0532999
-0.0691591
-0.0800957
-0.0747708
-0.0527954
-0.0264198
-0.0105822
-0.0111156
-0.0213559
-0.0289601
-0.0261509
-0.0145290
-0.0012149
0.0086553
0.0153470
0.0215999
0.0279382
0.0314337
0.0285329
0.0187574
0.0058008
-0.0051978
-0.0119351
-0.0164183
-0.0218761
-0.0287148
-0.0342991
-0.0363527
-0.0355292
-0.0345898
-0.0359662
-0.0404739
-0.0479017
-0.0584207
-0.0731122
-0.0924165
-0.1135513
-0.1300392
-0.1349977
-0.1258035
-0.1062148
-0.0844733
-0.0688057
-0.0629144
-0.0642043
-0.0662287
-0.0635375
-0.0549316
-0.0432512
-0.0332635
-0.0293146
-0.0328551
-0.0408820
-0.0477198
-0.0498218
-0.0489864
-0.0502685
-0.0566452
-0.0660027
-0.0734324
-0.0764807
-0.0779769
-0.0830794
-0.0931534
-0.1032971
-0.1069297
-0.1026185
-0.0954717
-0.0919407
-0.0943907
-0.1012340
-0.1114675
-0.1274503
-0.1515818
-0.1796640
-0.1995136
-0.1998415
-0.1820333
-0.1605080
-0.1483752
-0.1438463
-0.1343580
-0.1141672
-0.0931171
-0.0842813
-0.0857233
-0.0813880
-0.0627401
-0.0435466
-0.0448452
-0.0653888
-0.0764122
-0.0507987
0.0128676
0.1104027
0.2721427
0.5532381
0.9524527
1.3391180
1.4949966
1.2729617
0.7382599
0.1477010
-0.2322724
-0.3103801
-0.1976776
-0.0728586
-0.0301393
-0.0448473
-0.0530815
-0.0350697
-0.0199788
-0.0341067
-0.0672819
-0.0908072
-0.0934776
-0.0896043
-0.0954958
-0.1083446
-0.1123373
-0.1002376
-0.0820760
-0.0723298
-0.0737827
-0.0770561
-0.0734640
-0.0646797
-0.0597589
-0.0648950
-0.0768640
-0.0857565
-0.0840254
-0.0736244
-0.0646921
-0.0669792
-0.0817629
-0.1006534
-0.1111012
-0.1040552
-0.0791525
-0.0445124
-0.0112254
0.0132923
0.0278904
0.0353363
0.0387507
0.0402158
0.0416861
0.0464509
0.0590405
0.0822209
0.1130277
0.1429783
0.1643999
0.1769140
0.1865052
0.1981672
0.2109311
0.2207880
0.2273441
0.2359238
0.2520934
0.2739614
0.2907253
0.2901675
0.2683028
0.2319480
0.1930782
0.1619707
0.1441118
0.1392169
0.1408196
0.1392672
0.1287474
0.1117865
0.0952639
0.0821056
0.0686423
0.0505900
0.0298420
0.0133401
0.0051539
0.0016515
-0.0037022
-0.0118503
-0.0176618
-0.0186992
-0.0206770
-0.0305329
-0.0459141
-0.0563638
-0.0557315
-0.0494318
-0.0470365
-0.0503490
-0.0524052
-0.0480271
-0.0421908
-0.0459152
-0.0647082
-0.0929072
-0.1193542
-0.1362438
-0.1410693
-0.1330605
-0.1129246
-0.0868096
-0.0654975
-0.0555030
-0.0524246
-0.0463884
-0.0336630
-0.0201893
-0.0135793
-0.0144076
-0.0168712
-0.0163373
-0.0136986
-0.0118268
-0.0100113
-0.0048306
0.0032551
0.0074344
0.0014395
-0.0124964
-0.0257992
-0.0335975
-0.0395931
-0.0500745
-0.0657625
-0.0815387
-0.0929156
-0.1007935
-0.1099391
-0.1241023
-0.1432909
-0.1653469
-0.1886991
-0.2119931
-0.2313824
-0.2407943
-0.2367198
-0.2218701
-0.2029873
-0.1860778
-0.1746634
-0.1705136
-0.1730182
-0.1778507
-0.1787480
-0.1720989
-0.1595430
-0.1458294
-0.1343591
-0.1248794
-0.1154291
-0.1060781
-0.0994017
-0.0963546
-0.0931760
-0.0847115
-0.0703929
-0.0546831
-0.0420274
-0.0342702
-0.0328818
-0.0391458
-0.0494435
-0.0538769
-0.0447815
-0.0268977
-0.0148779
-0.0179210
-0.0290325
-0.0337008
-0.0294068
-0.0310002
-0.0520340
-0.0845213
-0.1058264
-0.1064494
-0.1010195
-0.1054657
-0.1122208
-0.1002514
-0.0637351
-0.0085672
0.0893866
0.2989048
0.6651161
1.1066643
1.4044339
1.3423145
0.8960954
0.2849010
-0.1851624
-0.3489945
-0.2729359
-0.1429118
-0.0857764
-0.0981947
-0.1149454
-0.1052051
-0.0915443
-0.1001161
-0.1225548
-0.1323410
-0.1214873
-0.1063858
-0.1019346
-0.1045689
-0.1051749
-0.1074640
-0.1224233
-0.1478409
-0.1645441
-0.1564537
-0.1284396
-0.1004675
-0.0874160
-0.0879219
-0.0905426
-0.0865584
-0.0763589
-0.0662585
-0.0614063
-0.0616231
-0.0622740
-0.0579574
-0.0466097
-0.0321632
-0.0225819
-0.0225106
-0.0277730
-0.0302535
-0.0287251
-0.0306969
-0.0410371
-0.0521816
-0.0498521
-0.0278750
0.0053744
0.0349464
0.0517285
0.0574197
0.0598939
0.0656186
0.0767491
0.0938726
0.1183317
0.1498623
0.1837376
0.2131630
0.2342722
0.2470437
0.2526290
0.2526093
0.2499287
0.2468873
0.2417791
0.2304021
0.2115404
0.1885322
0.1648081
0.1403334
0.1139192
0.0876203
0.0668061
0.0548077
0.0474837
0.0348127
0.0103462
-0.0211498
-0.0482439
-0.0651126
-0.0756472
-0.0845847
-0.0897911
-0.0874579
-0.0817558
-0.0836698
-0.0994167
-0.1226068
-0.1387422
-0.1368892
-0.1177475
-0.0918387
-0.0703965
-0.0579958
-0.0530437
-0.0524574
-0.0536835
-0.0545004
-0.0545950
-0.0563843
-0.0607136
-0.0627690
-0.0567952
-0.0449619
-0.0368025
-0.0382314
-0.0447354
-0.0476635
-0.0448427
-0.0423951
-0.0465654
-0.0555694
-0.0610014
-0.0580024
-0.0523892
-0.0545686
-0.0667939
-0.0810950
-0.0911582
-0.1006813
-0.1157943
-0.1333688
-0.1427649
-0.1380695
-0.1239821
-0.1095244
-0.0992779
-0.0915811
-0.0834572
-0.0759309
-0.0735003
-0.0776917
-0.0831029
-0.0828814
-0.0770776
-0.0717403
-0.0702627
-0.0701008
-0.0681952
-0.0647319
-0.0604051
-0.0546763
-0.0489154
-0.0475520
-0.0532047
-0.0620607
-0.0656112
-0.0571710
-0.0383584
-0.0203939
-0.0159380
-0.0262967
-0.0391993
-0.0432972
-0.0427734
-0.0529228
-0.0821595
-0.1220776
-0.1542136
-0.1635713
-0.1476770
-0.1170805
-0.0874375
-0.0689559
-0.0629402
-0.0665622
-0.0761254
-0.0852953
-0.0868223
-0.0798373
-0.0712045
-0.0668371
-0.0661049
-0.0671436
-0.0717979
-0.0808941
-0.0891197
-0.0897440
-0.0824732
-0.0732335
-0.0672108
-0.0639328
-0.0592884
-0.0532381
-0.0547713
-0.0732083
-0.1013738
-0.1151833
-0.0962239
-0.0433238
0.0535090
0.2397562
0.5620551
0.9840314
1.3475233
1.4509796
1.1996336
0.6976792
0.1902969
-0.1070904
-0.1490959
-0.0516859
0.0397455
0.0651693
0.0506383
0.0363354
0.0314568
0.0262761
0.0172252
0.0100134
0.0090245
0.0109531
0.0078059
-0.0037327
-0.0172117
-0.0260450
-0.0361952
-0.0586626
-0.0896090
-0.1118669
-0.1185502
-0.1201717
-0.1247574
-0.1272135
-0.1234997
-0.1185322
-0.1137857
-0.1033057
-0.0875096
-0.0743238
-0.0629518
-0.0454653
-0.0270338
-0.0220134
-0.0268357
-0.0220079
-0.0038701
0.0147467
0.0370350
0.0766152
0.1115963
0.0910202
0.0095823
