0.0541168
0.0788442
0.0900510
0.0928480
0.0915105
0.0871980
0.0830397
0.0823326
0.0822892
0.0765754
0.0641412
0.0500633
0.0378469
0.0259485
0.0118402
-0.0052267
-0.0257325
-0.0495996
-0.0730653
-0.0888969
-0.0914263
-0.0809093
-0.0637005
-0.0488569
-0.0420472
-0.0401508
-0.0336299
-0.0173705
0.0016950
0.0105068
0.0030537
-0.0141758
-0.0288280
-0.0325012
-0.0249639
-0.0118969
0.0001395
0.0074686
0.0095057
0.0069790
0.0016340
-0.0030456
-0.0039323
-0.0023296
-0.0036242
-0.0109285
-0.0204819
-0.0253674
-0.0232646
-0.0190024
-0.0193962
-0.0262628
-0.0346224
-0.0377707
-0.0341445
-0.0283729
-0.0248159
-0.0213902
-0.0120359
0.0047767
0.0221663
0.0302532
0.0242810
0.0071228
-0.0146289
-0.0359183
-0.0553288
-0.0731921
-0.0883336
-0.0972770
-0.0969542
-0.0877269
-0.0734845
-0.0595866
-0.0512876
-0.0531659
-0.0685139
-0.0978966
-0.1352359
-0.1600434
-0.1310909
0.0055864
0.2872051
0.6969621
1.1489472
1.5160757
1.6899770
1.6335655
1.3895707
1.0430826
0.6728774
0.3292765
0.0434598
-0.1584225
-0.2593614
-0.2672085
-0.2180164
-0.1568895
-0.1118932
-0.0841629
-0.0605735
-0.0337385
-0.0096561
0.0013604
-0.0025540
-0.0126134
-0.0182898
-0.0165537
-0.0128891
-0.0151303
-0.0267508
-0.0449603
-0.0644671
-0.0830458
-0.1030508
-0.1268172
-0.1508974
-0.1661090
-0.1642544
-0.1451839
-0.1176366
-0.0933581
-0.0797182
-0.0766917
-0.0796980
-0.0844836
-0.0892579
-0.0935604
-0.0971065
-0.1002313
-0.1039280
-0.1080915
-0.1101927
-0.1068906
-0.0973246
-0.0846677
-0.0745845
-0.0720920
-0.0788979
-0.0923753
-0.1064298
-0.1138480
-0.1093497
-0.0923711
-0.0680394
-0.0448120
-0.0296151
-0.0243603
-0.0268840
-0.0345851
-0.0464320
-0.0619862
-0.0800294
-0.0989500
-0.1179506
-0.1371962
-0.1567821
-0.1759141
-0.1933670
-0.2087637
-0.2228958
-0.2359308
-0.2451833
-0.2457815
-0.2347289
-0.2143075
-0.1908067
-0.1698185
-0.1531855
-0.1403731
-0.1317317
-0.1291410
-0.1329135
-0.1388021
-0.1398054
-0.1322837
-0.1199787
-0.1107336
-0.1089316
-0.1119458
-0.1140644
-0.1125525
-0.1090003
-0.1058858
-0.1037433
-0.1020852
-0.1015311
-0.1031969
-0.1056979
-0.1043105
-0.0950076
-0.0795968
-0.0652644
-0.0576699
-0.0551182
-0.0509678
-0.0414976
-0.0294063
-0.0185965
-0.0073263
0.0105400
0.0365417
0.0619513
0.0739414
0.0680101
0.0525731
0.0412418
0.0455093
0.0810906
0.1794980
0.3797721
0.6921048
1.0629837
1.3841274
1.5508082
1.5237037
1.3404086
1.0713360
0.7686078
0.4564664
0.1594644
-0.0782241
-0.2132800
-0.2415454
-0.2074470
-0.1701264
-0.1603659
-0.1697390
-0.1752634
-0.1673276
-0.1537875
-0.1450091
-0.1426394
-0.1428493
-0.1442867
-0.1484116
-0.1540529
-0.1566182
-0.1541580
-0.1510274
-0.1525657
-0.1571597
-0.1564882
-0.1442660
-0.1229200
-0.1006240
-0.0829876
-0.0689225
-0.0538160
-0.0348508
-0.0128937
0.0089462
0.0267477
0.0363198
0.0348435
0.0236333
0.0083671
-0.0052195
-0.0159325
-0.0260828
-0.0358393
-0.0407583
-0.0367487
-0.0267505
-0.0202980
-0.0253936
-0.0413348
-0.0600224
-0.0737044
-0.0806657
-0.0839284
-0.0863868
-0.0888082
-0.0919401
-0.0981137
-0.1090512
-0.1227826
-0.1346373
-0.1421269
-0.1482002
-0.1588307
-0.1771124
-0.1996029
-0.2182643
-0.2261711
-0.2220491
-0.2100126
-0.1952142
-0.1796248
-0.1616228
-0.1392381
-0.1136102
-0.0892738
-0.0708316
-0.0589750
-0.0498628
-0.0389364
-0.0254391
-0.0126747
-0.0038411
0.0011883
0.0038574
0.0023999
-0.0085296
-0.0320494
-0.0631178
-0.0900168
-0.1031604
-0.1026690
-0.0968868
-0.0937788
-0.0947727
-0.0969478
-0.0991352
-0.1035400
-0.1114660
-0.1198393
-0.1238680
-0.1228408
-0.1218616
-0.1270528
-0.1390492
-0.1511939
-0.1539849
-0.1418101
-0.1168624
-0.0880365
-0.0659755
-0.0570766
-0.0597406
-0.0656734
-0.0661962
-0.0589650
-0.0490967
-0.0436617
-0.0452341
-0.0507226
-0.0554114
-0.0569230
-0.0555038
-0.0521931
-0.0480325
-0.0444676
-0.0427705
-0.0422682
-0.0402782
-0.0355080
-0.0315941
-0.0354422
-0.0505057
-0.0722661
-0.0919584
-0.1049534
-0.1140483
-0.1238311
-0.1332955
-0.1360088
-0.1276840
-0.1119782
-0.0978172
-0.0920311
-0.0961951
-0.1096872
-0.1307951
-0.1483889
-0.1302334
-0.0253355
0.2094635
0.5714693
0.9925271
1.3593769
1.5659135
1.5633045
1.3748574
1.0703649
0.7250486
0.3943136
0.1138796
-0.0906996
-0.2044524
-0.2334754
-0.2085639
-0.1705234
-0.1466680
-0.1394243
-0.1362857
-0.1287647
-0.1205998
-0.1196312
-0.1261163
-0.1318537
-0.1295301
-0.1198415
-0.1087931
-0.1006638
-0.0960293
-0.0956418
-0.1028784
-0.1203235
-0.1447660
-0.1673844
-0.1793808
-0.1768737
-0.1606901
-0.1336012
-0.0997965
-0.0662757
-0.0414098
-0.0294292
-0.0265479
-0.0244527
-0.0186080
-0.0125756
-0.0135959
-0.0243299
-0.0395947
-0.0511377
-0.0550905
-0.0546778
-0.0562920
-0.0635589
-0.0749666
-0.0861007
-0.0932292
-0.0950639
-0.0924599
-0.0875276
-0.0829468
-0.0811974
-0.0835549
-0.0894932
-0.0973321
-0.1060151
-0.1164289
-0.1304112
-0.1478253
-0.1649354
-0.1768485
-0.1823040
-0.1856120
-0.1929462
-0.2063601
-0.2216482
-0.2321563
-0.2343970
-0.2298098
-0.2215433
-0.2103639
-0.1940111
-0.1700156
-0.1386396
-0.1035633
-0.0706377
-0.0457053
-0.0318250
-0.0270953
-0.0256311
-0.0223045
-0.0172600
-0.0151117
-0.0191408
-0.0269443
-0.0328901
-0.0348762
-0.0373801
-0.0465326
-0.0621277
-0.0755776
-0.0767854
-0.0633165
-0.0428123
-0.0266705
-0.0213269
-0.0245730
-0.0287905
-0.0274792
-0.0200658
-0.0118382
-0.0090795
-0.0130392
-0.0181088
-0.0167466
-0.0073324
0.0028122
0.0033249
-0.0092967
-0.0279345
-0.0420485
-0.0490119
-0.0572660
-0.0768885
-0.1068428
-0.1324918
-0.1366427
-0.1135753
-0.0729940
-0.0315146
-0.0010053
0.0159822
0.0224819
0.0217862
0.0160197
0.0073146
-0.0025494
-0.0140375
-0.0292285
-0.0474814
-0.0624814
-0.0659356
-0.0555244
-0.0385049
-0.0261691
-0.0244100
-0.0300801
-0.0362772
-0.0399299
-0.0434563
-0.0500183
-0.0589592
-0.0662236
-0.0677435
-0.0614995
-0.0478694
-0.0303646
-0.0158024
-0.0105877
-0.0143867
-0.0186891
-0.0147726
-0.0040825
0.0015531
-0.0076232
-0.0273232
-0.0424377
-0.0434859
-0.0381684
-0.0443091
-0.0712514
-0.1095407
-0.1388071
-0.1440297
-0.1240912
-0.0882242
-0.0484716
-0.0154667
0.0035426
0.0075857
0.0033876
0.0008112
0.0044747
0.0101230
0.0102284
0.0025590
-0.0081199
-0.0164215
-0.0222057
-0.0289488
-0.0378190
-0.0455437
-0.0480201
-0.0440336
-0.0347474
-0.0215065
-0.0062348
0.0065118
0.0101515
0.0000737
-0.0225488
-0.0486028
-0.0577271
-0.0143813
0.1268475
0.3968453
0.7767866
1.1812682
1.4850192
1.5846600
1.4532665
1.1477237
0.7677051
0.4028109
0.1054804
-0.1040311
-0.2223406
-0.2576498
-0.2331611
-0.1843930
-0.1442506
-0.1269405
-0.1257509
-0.1261174
-0.1205184
-0.1119324
-0.1060020
-0.1030191
-0.0984737
-0.0898613
-0.0806566
-0.0765467
-0.0785126
-0.0811363
-0.0783557
-0.0700205
-0.0615853
-0.0575117
-0.0565558
-0.0546804
-0.0516728
-0.0525582
-0.0610531
-0.0725094
-0.0756080
-0.0625282
-0.0371325
-0.0120643
0.0023840
0.0059414
0.0054665
0.0065843
0.0099226
0.0145681
0.0219477
0.0340310
0.0486661
0.0594442
0.0614974
0.0562469
0.0488560
0.0414327
0.0306716
0.0128721
-0.0105033
-0.0342623
-0.0559558
-0.0785649
-0.1056987
-0.1357045
-0.1624080
-0.1811875
-0.1923062
-0.1979048
-0.1980672
-0.1921981
-0.1835735
-0.1793048
-0.1835236
-0.1914194
-0.1924119
-0.1802869
-0.1593641
-0.1399318
-0.1283226
-0.1223380
-0.1155347
-0.1039342
-0.0878270
-0.0688143
-0.0476024
-0.0253312
-0.0053647
0.0083653
0.0153754
0.0199300
0.0271042
0.0374488
0.0463805
0.0493296
0.0469098
0.0441521
0.0447292
0.0469826
0.0463543
0.0411145
0.0343529
0.0298627
0.0271354
0.0217705
0.0107099
-0.0044069
-0.0197702
-0.0338464
-0.0474143
-0.0595208
-0.0660850
-0.0645875
-0.0592897
-0.0592162
-0.0695681
-0.0858006
-0.0972021
-0.0962798
-0.0844016
-0.0692210
-0.0581044
-0.0538791
-0.0545538
-0.0550909
-0.0503590
-0.0392450
-0.0270622
-0.0218638
-0.0257845
-0.0301182
-0.0213262
0.0064607
0.0452670
0.0801065
0.1013604
0.1099490
0.1119462
0.1110951
0.1077390
0.1026851
0.0984797
0.0958044
0.0908383
0.0786904
0.0594280
0.0388859
0.0226773
0.0105601
-0.0019512
-0.0168019
-0.0298701
-0.0351998
-0.0322796
-0.0279964
-0.0307602
-0.0429300
-0.0595793
-0.0747299
-0.0879482
-0.1037669
-0.1245625
-0.1453061
-0.1568742
-0.1547626
-0.1432843
-0.1301085
-0.1174491
-0.1007270
-0.0767607
-0.0513445
-0.0357923
-0.0351874
-0.0419105
-0.0424881
-0.0301909
-0.0095196
0.0106921
0.0255565
0.0347935
0.0390391
0.0403458
0.0462112
0.0671913
0.1049665
0.1436904
0.1591654
0.1405585
0.1013945
0.0666819
0.0527213
0.0673986
0.1320715
0.2913081
0.5810064
0.9730079
1.3534293
1.5719692
1.5332060
1.2560577
0.8531081
0.4527399
0.1321468
-0.0929366
-0.2352000
-0.3057087
-0.3130548
-0.2773155
-0.2307332
-0.1994479
-0.1868037
-0.1775242
-0.1578612
-0.1297562
-0.1057182
-0.0932307
-0.0871002
-0.0763760
-0.0555527
-0.0275148
0.0019863
0.0289801
0.0501684
0.0612756
0.0606706
0.0544246
0.0537155
0.0640910
0.0783909
0.0835261
0.0751114
0.0629550
0.0601689
0.0685769
0.0779511
0.0793171
0.0749303
0.0725565
0.0728889
0.0681099
0.0541842
0.0398491
0.0382060
0.0496308
0.0577996
0.0458836
0.0150248
-0.0165447
-0.0328392
-0.0358748
-0.0412825
-0.0609991
-0.0928992
-0.1258224
-0.1503076
-0.1627019
-0.1624401
-0.1504726
-0.1314698
-0.1140292
-0.1050391
-0.1036701
-0.1030629
-0.0988077
-0.0943198
-0.0965065
-0.1069790
-0.1194652
-0.1262765
-0.1257680
-0.1222411
-0.1195213
-0.1167503
-0.1111211
-0.1030325
-0.0963613
-0.0933047
-0.0906744
-0.0830932
-0.0698404
-0.0568639
-0.0506270
-0.0503239
-0.0476715
-0.0352408
-0.0145013
0.0050848
0.0146838
0.0131108
0.0056498
-0.0024324
-0.0099131
-0.0179784
-0.0268774
-0.0355651
-0.0436516
-0.0516185
-0.0584099
-0.0601263
-0.0526875
-0.0360682
-0.0153091
0.0029192
0.0147979
0.0212580
0.0267357
0.0361071
0.0509954
0.0671875
0.0760910
0.0712697
0.0554779
0.0405743
0.0382376
0.0494403
0.0634686
0.0679537
0.0596375
0.0451504
0.0325193
0.0237691
0.0159026
0.0068383
-0.0018734
-0.0079549
-0.0118580
-0.0160128
-0.0214397
-0.0266011
-0.0298171
-0.0316779
-0.0342062
-0.0381305
-0.0421081
-0.0450314
-0.0484700
-0.0560519
-0.0701218
-0.0888924
-0.1066125
-0.1164990
-0.1143145
-0.1004881
-0.0796830
-0.0579865
-0.0392954
-0.0234039
-0.0075829
0.0092490
0.0234914
0.0286233
0.0213009
0.0063954
-0.0047519
-0.0025994
0.0129348
0.0327361
0.0464371
0.0502555
0.0476143
0.0434094
0.0389625
0.0324466
0.0225186
0.0099760
-0.0036807
-0.0172814
-0.0285151
-0.0328223
-0.0262025
-0.0100946
0.0075684
0.0173087
0.0138643
-0.0034703
-0.0343550
-0.0760903
-0.1129602
-0.1052346
0.0048153
0.2618689
0.6563894
1.1048348
1.4744765
1.6447820
1.5672965
1.2841361
0.8956503
0.5052009
0.1807270
-0.0495078
-0.1813956
-0.2239561
-0.1997869
-0.1442616
-0.0925714
-0.0622783
-0.0487750
-0.0386125
-0.0262802
-0.0173958
-0.0179137
-0.0242937
-0.0261857
-0.0172731
-0.0013239
0.0122341
0.0168285
0.0124508
0.0030239
-0.0077107
-0.0179066
-0.0271833
-0.0355802
-0.0423835
-0.0455250
-0.0430486
-0.0362785
-0.0310248
-0.0338756
-0.0463356
-0.0633389
-0.0784051
-0.0896768
-0.0996546
-0.1092714
-0.1143128
-0.1093185
-0.0944119
-0.0765570
-0.0636156
-0.0581372
-0.0572500
-0.0571037
-0.0560023
-0.0541838
-0.0530425
-0.0553165
-0.0637942
-0.0773082
-0.0884033
-0.0878519
-0.0734821
-0.0538182
-0.0412851
-0.0415945
-0.0507442
-0.0621282
-0.0744648
-0.0913596
-0.1145919
-0.1406732
-0.1646827
-0.1852577
-0.2037503
-0.2194133
-0.2282625
-0.2279435
-0.2220354
-0.2172041
-0.2158485
-0.2132456
-0.2031825
-0.1858051
-0.1686212
-0.1594764
-0.1591330
-0.1608075
-0.1561070
-0.1409680
-0.1170058
-0.0891971
-0.0632172
-0.0437994
-0.0333370
-0.0305956
-0.0310638
-0.0298320
-0.0250851
-0.0189094
-0.0145292
-0.0129252
-0.0124551
-0.0114843
-0.0103902
-0.0102594
-0.0101220
-0.0068784
0.0011623
0.0112036
0.0176073
0.0170956
0.0117783
0.0064993
0.0036068
0.0011253
-0.0040323
-0.0121523
-0.0206853
-0.0275026
-0.0332513
-0.0405502
-0.0516321
-0.0668014
-0.0841660
-0.1002963
-0.1121027
-0.1193574
-0.1250136
-0.1313082
-0.1349553
-0.1280591
-0.1061373
-0.0752795
-0.0492361
-0.0379436
-0.0394488
-0.0436663
-0.0425205
-0.0344849
-0.0206189
-0.0009467
0.0221247
0.0392824
0.0385529
0.0163536
-0.0174866
-0.0461175
-0.0520598
-0.0117230
0.1127061
0.3601837
0.7315260
1.1561444
1.5067074
1.6646828
1.5883575
1.3278545
0.9798118
0.6275792
0.3161543
0.0666300
-0.1041952
-0.1865957
-0.1939839
-0.1642672
-0.1377360
-0.1326060
-0.1424601
-0.1544683
-0.1656904
-0.1813620
-0.2024117
-0.2202262
-0.2245702
-0.2136996
-0.1947762
-0.1758994
-0.1600893
-0.1465667
-0.1348253
-0.1254633
-0.1183102
-0.1122621
-0.1074053
-0.1053998
-0.1062619
-0.1055482
-0.0965854
-0.0762925
-0.0483887
-0.0206596
0.0005201
0.0131953
0.0189606
0.0205409
0.0199103
0.0173388
0.0117725
0.0031244
-0.0051871
-0.0072397
-0.0001872
0.0107258
0.0143990
0.0029773
-0.0208925
-0.0463855
-0.0640793
-0.0729940
-0.0789989
-0.0881849
-0.1027314
-0.1217515
-0.1435835
-0.1663163
-0.1874901
-0.2049681
-0.2180926
-0.2269402
-0.2304103
-0.2264553
-0.2153063
-0.2017867
-0.1926802
-0.1908052
-0.1920442
-0.1888868
-0.1769177
-0.1576095
-0.1352726
-0.1124398
-0.0888644
-0.0643028
-0.0408114
-0.0214628
-0.0071776
0.0042315
0.0154009
0.0261417
0.0334215
0.0347794
0.0313219
0.0267723
0.0234778
0.0198230
0.0120238
-0.0016483
-0.0189042
-0.0358164
-0.0506649
-0.0648545
-0.0800750
-0.0952226
-0.1066808
-0.1116052
-0.1106767
-0.1077538
-0.1071742
-0.1112107
-0.1192535
-0.1287438
-0.1372876
-0.1449243
-0.1545807
-0.1690213
-0.1857331
-0.1948206
-0.1841242
-0.1491714
-0.0992565
-0.0526356
-0.0235866
-0.0125526
-0.0083850
-0.0001876
0.0129911
0.0236750
0.0259460
0.0227305
0.0228735
0.0317735
0.0458792
0.0564648
0.0579148
0.0516728
0.0427864
0.0341346
0.0247250
0.0126132
-0.0020969
-0.0174101
-0.0313076
-0.0424345
-0.0496410
-0.0525762
-0.0534118
-0.0567213
