-0.0562556
-0.0538542
-0.0541956
-0.0579222
-0.0669764
-0.0792069
-0.0845282
-0.0645535
0.0068999
0.1583711
0.4008261
0.6989426
0.9635057
1.0900597
1.0254347
0.8060217
0.5295040
0.2841285
0.1003567
-0.0367434
-0.1404311
-0.1977332
-0.1906790
-0.1306137
-0.0602204
-0.0195768
-0.0152955
-0.0252878
-0.0285530
-0.0241248
-0.0225034
-0.0271330
-0.0305092
-0.0263501
-0.0190218
-0.0178320
-0.0248139
-0.0323498
-0.0332662
-0.0299035
-0.0305595
-0.0382327
-0.0461982
-0.0458872
-0.0371056
-0.0282745
-0.0270169
-0.0325853
-0.0382993
-0.0398763
-0.0395086
-0.0418728
-0.0481052
-0.0552384
-0.0608353
-0.0659856
-0.0727270
-0.0800058
-0.0844309
-0.0853760
-0.0875453
-0.0967527
-0.1130797
-0.1291362
-0.1356464
-0.1288335
-0.1127419
-0.0952899
-0.0826328
-0.0765919
-0.0756779
-0.0771333
-0.0782370
-0.0772291
-0.0741893
-0.0707930
-0.0683034
-0.0655684
-0.0596185
-0.0488468
-0.0355777
-0.0250615
-0.0214905
-0.0246385
-0.0300826
-0.0325617
-0.0294460
-0.0218927
-0.0137350
-0.0094791
-0.0122088
-0.0217935
-0.0345971
-0.0458070
-0.0530103
-0.0575452
-0.0622132
-0.0683121
-0.0753085
-0.0812632
-0.0790822
-0.0503254
0.0311984
0.1761690
0.3485431
0.4593915
0.4095682
0.1617501
-0.2161922
-0.5823141
-0.8098039
-0.8629471
-0.7985028
-0.6996612
-0.6088095
-0.5167211
-0.4031329
-0.2754540
-0.1656384
-0.0972108
-0.0641094
-0.0423425
-0.0158822
0.0130951
0.0354624
0.0487907
0.0572412
0.0627199
0.0621570
0.0542827
0.0449690
0.0424113
0.0477053
0.0529663
0.0497708
0.0380266
0.0253348
0.0185964
0.0180043
0.0192443
0.0195560
0.0199615
0.0220943
0.0247747
0.0248457
0.0208384
0.0147063
0.0097215
0.0074417
0.0073761
0.0091380
0.0136739
0.0216700
0.0312935
0.0386221
0.0409004
0.0393175
0.0385181
0.0435106
0.0567161
0.0768452
0.0994442
0.1186836
0.1303455
0.1348885
0.1377591
0.1451827
0.1581959
0.1709149
0.1757900
0.1710003
0.1619170
0.1546486
0.1488491
0.1382349
0.1184782
0.0934194
0.0723050
0.0610353
0.0571018
0.0533179
0.0454098
0.0349386
0.0254754
0.0178470
0.0101146
0.0010247
-0.0084211
-0.0170671
-0.0256691
-0.0355837
-0.0460495
-0.0544322
-0.0597184
-0.0646071
-0.0728141
-0.0844473
-0.0953675
-0.1019218
-0.1056518
-0.1121109
-0.1247138
-0.1405106
-0.1527560
-0.1575636
-0.1575988
-0.1591690
-0.1658108
-0.1743611
-0.1765367
-0.1642548
-0.1347156
-0.0923388
-0.0469158
-0.0090989
0.0145686
0.0243841
0.0260846
0.0260319
0.0266529
0.0260803
0.0222847
0.0173183
0.0166198
0.0232692
0.0330044
0.0359913
0.0246702
0.0005857
-0.0252377
-0.0358131
-0.0095198
0.0796998
0.2536772
0.5086458
0.7956883
1.0278661
1.1215657
1.0458821
0.8394579
0.5797200
0.3324011
0.1249645
-0.0407046
-0.1615862
-0.2265391
-0.2330438
-0.2014648
-0.1652606
-0.1464349
-0.1433815
-0.1425924
-0.1379208
-0.1352201
-0.1406778
-0.1504552
-0.1545405
-0.1480734
-0.1349975
-0.1206778
-0.1046403
-0.0829305
-0.0557065
-0.0290560
-0.0087557
0.0052013
0.0161807
0.0247929
0.0281641
0.0255605
0.0218650
0.0229348
0.0281554
0.0301947
0.0232644
0.0101261
-0.0008819
-0.0053802
-0.0076223
-0.0149703
-0.0291576
-0.0446331
-0.0551896
-0.0604862
-0.0653625
-0.0740848
-0.0868297
-0.1014232
-0.1165092
-0.1318098
-0.1463582
-0.1585346
-0.1684351
-0.1787710
-0.1918682
-0.2059987
-0.2162389
-0.2197653
-0.2193668
-0.2203658
-0.2241385
-0.2261295
-0.2212233
-0.2102273
-0.1992976
-0.1923228
-0.1850665
-0.1684757
-0.1381527
-0.0996635
-0.0638299
-0.0372328
-0.0180074
-0.0004651
0.0176244
0.0330282
0.0412609
0.0413321
0.0362640
0.0302879
0.0265057
0.0264838
0.0302777
0.0359225
0.0397151
0.0384241
0.0318182
0.0227825
0.0148295
0.0096807
0.0069556
0.0050964
0.0018273
-0.0055642
-0.0187581
-0.0362011
-0.0520971
-0.0565712
-0.0348124
0.0340424
0.1717545
0.3845400
0.6432182
0.8798729
1.0142828
0.9978386
0.8422016
0.6087985
0.3684633
0.1655630
0.0123076
-0.0928956
-0.1496176
-0.1580777
-0.1306262
-0.0923473
-0.0661226
-0.0572927
-0.0540405
-0.0422336
-0.0189735
0.0071196
0.0256938
0.0327986
0.0309302
0.0244218
0.0164110
0.0088739
0.0030745
-0.0010353
-0.0049323
-0.0098890
-0.0152205
-0.0188948
-0.0201414
-0.0208880
-0.0240411
-0.0304981
-0.0383930
-0.0453510
-0.0509391
-0.0565134
-0.0630295
-0.0697045
-0.0750156
-0.0785740
-0.0816859
-0.0863356
-0.0939875
-0.1050671
-0.1187042
-0.1325041
-0.1431944
-0.1485676
-0.1490837
-0.1469249
-0.1430645
-0.1359567
-0.1241491
-0.1101089
-0.1001117
-0.0991631
-0.1061485
-0.1148002
-0.1195353
-0.1196241
-0.1174777
-0.1141329
-0.1079738
-0.0978516
-0.0857832
-0.0752978
-0.0677507
-0.0617486
-0.0563046
-0.0528881
-0.0530427
-0.0548289
-0.0536775
-0.0474936
-0.0395281
-0.0346305
-0.0330082
-0.0295134
-0.0200831
-0.0078315
-0.0010794
-0.0050492
-0.0166504
-0.0282229
-0.0356175
-0.0412567
-0.0492554
-0.0590706
-0.0652764
-0.0632780
-0.0539759
-0.0423247
-0.0321610
-0.0233921
-0.0139855
-0.0035114
0.0059291
0.0116708
0.0124972
0.0089211
0.0026689
-0.0034357
-0.0059372
-0.0027387
0.0045741
0.0110093
0.0118431
0.0064669
-0.0015799
-0.0083726
-0.0129457
-0.0167195
-0.0203044
-0.0219653
-0.0196458
-0.0138511
-0.0076686
-0.0038318
-0.0022630
-0.0006797
0.0028642
0.0084062
0.0145076
0.0193052
0.0209376
0.0178366
0.0096856
-0.0016848
-0.0129161
-0.0211125
-0.0252267
-0.0255601
-0.0225349
-0.0166507
-0.0094781
-0.0036752
-0.0012508
-0.0019942
-0.0041177
-0.0062645
-0.0082264
-0.0097831
-0.0100662
-0.0090868
-0.0092560
-0.0136404
-0.0219481
-0.0294868
-0.0318173
-0.0303948
-0.0318039
-0.0402680
-0.0520861
-0.0594494
-0.0596601
-0.0581795
-0.0610264
-0.0660455
-0.0651622
-0.0559321
-0.0474238
-0.0511384
-0.0669003
-0.0815425
-0.0821944
-0.0652828
-0.0260942
0.0583940
0.2236824
0.4807208
0.7803753
1.0228245
1.1155922
1.0329407
0.8245171
0.5703843
0.3295086
0.1260385
-0.0296859
-0.1232891
-0.1449816
-0.1084250
-0.0500404
-0.0049563
0.0148265
0.0183156
0.0167772
0.0120945
0.0020363
-0.0102934
-0.0176808
-0.0181623
-0.0184786
-0.0262809
-0.0410273
-0.0548110
-0.0613661
-0.0620199
-0.0625604
-0.0663823
-0.0722263
-0.0775357
-0.0818123
-0.0860922
-0.0905824
-0.0942567
-0.0966616
-0.0990912
-0.1034698
-0.1103125
-0.1179754
-0.1236849
-0.1251782
-0.1217177
-0.1140617
-0.1036495
-0.0916522
-0.0786441
-0.0651044
-0.0519950
-0.0404365
-0.0306053
-0.0211776
-0.0102660
0.0028975
0.0171591
0.0300715
0.0389930
0.0417484
0.0371852
0.0262051
0.0125175
0.0015203
-0.0028339
-0.0008832
0.0028733
0.0030687
-0.0027333
-0.0126730
-0.0222937
-0.0275994
-0.0273632
-0.0236852
-0.0208434
-0.0229251
-0.0312180
-0.0430055
-0.0531611
-0.0579851
-0.0583903
-0.0593987
-0.0658948
-0.0782509
-0.0919769
-0.1018317
-0.1063089
-0.1079248
-0.1092000
-0.1089541
-0.1031692
-0.0894562
-0.0700612
-0.0501168
-0.0332504
-0.0192667
-0.0056935
0.0093981
0.0263941
0.0448596
0.0637978
0.0809334
0.0929693
0.0979573
0.0976467
0.0966353
0.0983839
0.1019481
0.1028830
0.0974836
0.0862316
0.0734117
0.0636576
0.0586290
0.0563013
0.0529005
0.0456258
0.0341210
0.0199658
0.0051423
-0.0089813
-0.0216522
-0.0325839
-0.0423487
-0.0525072
-0.0642951
-0.0766466
-0.0861789
-0.0902120
-0.0900316
-0.0904483
-0.0956259
-0.1056306
-0.1172109
-0.1269304
-0.1322464
-0.1300489
-0.1167869
-0.0923111
-0.0630687
-0.0389195
-0.0251392
-0.0182400
-0.0108722
-0.0003253
0.0093826
0.0137981
0.0141902
0.0157630
0.0209292
0.0269519
0.0307381
0.0335340
0.0387526
0.0462907
0.0519363
0.0531647
0.0530578
0.0561705
0.0615312
0.0626898
0.0555438
0.0437921
0.0345119
0.0295012
0.0238289
0.0133104
0.0004599
-0.0093769
-0.0163296
-0.0269540
-0.0457512
-0.0675597
-0.0790515
-0.0645295
-0.0067651
0.1147785
0.3154178
0.5830750
0.8613663
1.0628858
1.1134003
0.9956016
0.7568739
0.4763647
0.2211618
0.0248947
-0.1051581
-0.1722953
-0.1848304
-0.1595159
-0.1204674
-0.0883618
-0.0696911
-0.0577327
-0.0440577
-0.0281494
-0.0159966
-0.0113546
-0.0105794
-0.0064571
0.0040721
0.0170058
0.0257578
0.0275830
0.0252701
0.0232516
0.0230753
0.0228839
0.0204108
0.0153477
0.0086391
0.0005650
-0.0092593
-0.0199756
-0.0287676
-0.0331055
-0.0335916
-0.0337212
-0.0364433
-0.0414399
-0.0462601
-0.0497096
-0.0532349
-0.0587731
-0.0660376
-0.0727156
-0.0771740
-0.0802057
-0.0838452
-0.0889938
-0.0946697
-0.0992480
-0.1017520
-0.1019061
-0.0997270
-0.0958105
-0.0919369
-0.0906764
-0.0937744
-0.1007052
-0.1087929
-0.1147777
-0.1165087
-0.1136579
-0.1073501
-0.0992658
-0.0908094
-0.0826638
-0.0747398
-0.0663411
-0.0564946
-0.0446525
-0.0316939
-0.0203112
-0.0137027
-0.0130265
-0.0159912
-0.0185375
-0.0184283
-0.0171099
-0.0178065
-0.0220026
-0.0282256
-0.0340975
-0.0387213
-0.0425880
-0.0459005
-0.0482335
-0.0499792
-0.0527846
-0.0572605
-0.0606024
-0.0581490
-0.0484708
-0.0365153
-0.0305322
-0.0352395
-0.0480503
-0.0618875
-0.0711635
-0.0749469
-0.0753884
-0.0745438
-0.0730928
-0.0709835
-0.0678800
-0.0627292
-0.0539105
-0.0409061
-0.0260069
-0.0137226
-0.0077253
-0.0079296
-0.0105383
-0.0112246
-0.0086733
-0.0052713
-0.0042932
-0.0062703
-0.0082019
-0.0066362
-0.0016741
0.0022969
0.0002101
-0.0091451
-0.0221586
-0.0339047
-0.0425158
-0.0500821
-0.0593450
-0.0696088
-0.0759991
-0.0730361
-0.0595079
-0.0402984
-0.0233578
-0.0143193
-0.0134815
-0.0175505
-0.0236854
-0.0312106
-0.0396315
-0.0465626
-0.0493866
-0.0490851
-0.0506454
-0.0579259
-0.0683127
-0.0741546
-0.0705369
-0.0610297
-0.0547481
-0.0578196
-0.0683917
-0.0796023
-0.0858640
-0.0854924
-0.0787059
-0.0655478
-0.0466868
-0.0250263
-0.0049982
0.0100398
0.0194722
0.0249611
0.0290008
0.0334585
0.0381440
0.0403116
0.0366177
0.0265556
0.0137613
0.0044126
0.0077303
0.0420274
0.1382729
0.3264683
0.6040320
0.9111497
1.1446983
1.2128192
1.0911089
0.8336254
0.5308259
0.2539226
0.0317394
-0.1324503
-0.2358384
-0.2731109
-0.2520600
-0.2010280
-0.1540538
-0.1284915
-0.1188912
-0.1114692
-0.1010965
-0.0932004
-0.0926515
-0.0956945
-0.0944543
-0.0870614
-0.0802560
-0.0812429
-0.0884606
-0.0918694
-0.0823702
-0.0601751
-0.0338644
-0.0122599
0.0019070
0.0110615
0.0176930
0.0217067
0.0222457
0.0201556
0.0174182
0.0148445
0.0118092
0.0085073
0.0070744
0.0090891
0.0122553
0.0111826
0.0026319
-0.0103519
-0.0206536
-0.0239885
-0.0232720
-0.0256309
-0.0350802
-0.0485195
-0.0591190
-0.0633958
-0.0646424
-0.0694855
-0.0815618
-0.0988796
-0.1168854
-0.1329212
-0.1468783
-0.1582266
-0.1644164
-0.1636538
-0.1585843
-0.1551185
-0.1563591
-0.1585712
-0.1548513
-0.1430338
-0.1284967
-0.1180036
-0.1115353
-0.1018433
-0.0823701
-0.0543170
-0.0251162
-0.0011096
0.0166046
0.0295417
0.0377115
0.0400257
0.0378073
0.0352651
0.0352730
0.0359070
0.0328441
0.0251610
0.0173745
0.0149524
0.0183461
0.0221531
0.0199943
0.0098487
-0.0048203
-0.0180070
-0.0250733
-0.0252347
-0.0217967
-0.0199628
-0.0230679
-0.0299766
-0.0364399
-0.0396452
-0.0413536
-0.0460304
-0.0559155
-0.0685360
-0.0791847
-0.0850546
-0.0864256
-0.0847755
-0.0814851
-0.0787935
-0.0802453
-0.0880591
-0.0998743
-0.1097729
-0.1137371
-0.1134067
-0.1130797
-0.1131171
-0.1079821
-0.0919685
-0.0661848
-0.0385234
-0.0166847
-0.0024281
0.0069411
0.0130682
0.0145998
0.0107315
0.0045739
0.0011100
0.0020622
0.0043491
0.0042653
0.0021008
0.0012992
0.0032043
0.0041733
-0.0008669
-0.0122657
-0.0243255
-0.0309958
-0.0325331
-0.0353735
-0.0447517
-0.0580661
-0.0668493
-0.0658499
-0.0593932
-0.0578157
-0.0678490
-0.0870632
-0.1058691
-0.1098708
-0.0763968
0.0271912
0.2284695
0.5186819
0.8316573
1.0630901
1.1277745
1.0122122
0.7773247
0.5097536
0.2674103
0.0656013
-0.0957791
-0.2046798
-0.2420625
-0.2093084
-0.1402626
-0.0796955
-0.0500535
-0.0413105
-0.0315708
-0.0129302
0.0043960
0.0088256
0.0020473
-0.0043083
-0.0025128
0.0045466
0.0094992
0.0093480
0.0064868
0.0034518
0.0001567
-0.0034366
-0.0049477
-0.0023805
0.0014429
-0.0001569
-0.0110468
-0.0275920
-0.0420289
-0.0504112
-0.0560561
-0.0647577
-0.0776313
-0.0897824
-0.0958099
-0.0955050
-0.0936693
-0.0950529
-0.1002408
-0.1061290
-0.1093426
-0.1088644
-0.1063022
-0.1046749
-0.1067205
-0.1130422
-0.1209815
-0.1258017
-0.1241778
-0.1170331
-0.1084581
-0.1013361
-0.0943640
-0.0841415
-0.0703553
-0.0581631
-0.0545160
-0.0616768
-0.0743971
-0.0836685
-0.0836114
-0.0754146
-0.0653744
-0.0593221
-0.0582813
-0.0585256
-0.0553846
-0.0473015
-0.0367490
-0.0275050
-0.0211092
-0.0159812
-0.0098153
-0.0023559
0.0045200
0.0090406
0.0108960
0.0099955
0.0047994
-0.0066445
-0.0235335
-0.0411545
-0.0541219
-0.0609448
-0.0647179
-0.0691435
-0.0747458
-0.0797327
-0.0838144
-0.0893999
-0.0982140
-0.1078751
-0.1135792
-0.1134912
-0.1111158
-0.1111416
-0.1134644
-0.1129063
-0.1055177
-0.0940929
-0.0859360
-0.0848825
-0.0865419
-0.0823172
-0.0678965
-0.0470416
-0.0270507
-0.0115438
0.0014203
0.0146578
0.0269663
0.0340541
0.0339103
0.0298074
0.0271078
0.0277110
0.0289433
0.0282190
0.0274896
0.0314803
0.0413693
0.0515328
0.0536325
0.0437714
0.0257688
0.0101567
0.0144669
0.0656246
0.1950351
0.4179538
0.7066617
0.9837189
1.1529530
1.1528999
0.9920046
0.7367532
0.4648821
0.2249680
0.0316273
-0.1127952
-0.2017644
-0.2304926
-0.2110326
-0.1731445
-0.1464156
-0.1416547
-0.1495715
-0.1551157
-0.1511368
-0.1400552
-0.1271682
-0.1156304
-0.1068310
-0.1021424
-0.1023624
-0.1063190
-0.1114908
-0.1158844
-0.1181578
-0.1157726
-0.1045671
-0.0819276
-0.0508338
-0.0199015
0.0017086
0.0102142
0.0087381
0.0036053
-0.0006835
-0.0035005
-0.0063861
-0.0101787
-0.0137988
-0.0152843
-0.0136188
-0.0096578
-0.0055763
-0.0034148
-0.0037394
-0.0052941
-0.0060289
-0.0050032
-0.0036801
-0.0050910
-0.0110513
-0.0199337
-0.0277833
-0.0325092
-0.0371302
-0.0480468
-0.0691199
-0.0972713
-0.1245087
-0.1447856
-0.1587718
-0.1716507
-0.1865281
-0.2006320
-0.2080746
-0.2056654
-0.1954942
-0.1824017
-0.1701328
-0.1602141
-0.1531520
-0.1489001
