-0.1640033
-0.1672535
-0.1164645
-0.0820710
-0.0798466
-0.0734214
-0.0478923
-0.0227294
-0.0067638
0.0063179
0.0047977
-0.0304235
-0.0817174
-0.1007428
-0.0606595
0.0305906
0.1702283
0.3802908
0.6744496
1.0192814
1.3320391
1.5127696
1.4967459
1.3002401
1.0113558
0.7184800
0.4504942
0.1955907
-0.0392785
-0.2137405
-0.2948397
-0.2916863
-0.2471620
-0.2063430
-0.1910007
-0.1939292
-0.1966114
-0.1944264
-0.1989668
-0.2149652
-0.2281310
-0.2232892
-0.2037828
-0.1840917
-0.1716499
-0.1639735
-0.1564179
-0.1452989
-0.1288736
-0.1104547
-0.0953266
-0.0817557
-0.0617806
-0.0335269
-0.0057335
0.0124378
0.0196728
0.0193965
0.0154708
0.0121355
0.0112728
0.0085785
-0.0014560
-0.0166790
-0.0295135
-0.0373944
-0.0444919
-0.0536622
-0.0630803
-0.0705990
-0.0760977
-0.0803224
-0.0858119
-0.0967694
-0.1132604
-0.1283056
-0.1359614
-0.1397949
-0.1483944
-0.1648589
-0.1851059
-0.2038306
-0.2177435
-0.2252559
-0.2267309
-0.2232904
-0.2137652
-0.1964941
-0.1756926
-0.1607244
-0.1556851
-0.1539050
-0.1461157
-0.1308767
-0.1146750
-0.1049953
-0.1049546
-0.1113802
-0.1167788
-0.1160206
-0.1109681
-0.1048657
-0.0934143
-0.0677137
-0.0275224
0.0134439
0.0380184
0.0393810
0.0245929
0.0073416
-0.0032326
-0.0094258
-0.0203780
-0.0390324
-0.0564538
-0.0624146
-0.0586015
-0.0563688
-0.0628608
-0.0740497
-0.0810957
-0.0798074
-0.0734940
-0.0685646
-0.0674426
-0.0660073
-0.0603295
-0.0554164
-0.0618899
-0.0814284
-0.1003930
-0.1027600
-0.0875556
-0.0699512
-0.0658226
-0.0770213
-0.0908318
-0.0928075
-0.0808953
-0.0666528
-0.0614434
-0.0636617
-0.0631598
-0.0563433
-0.0511596
-0.0567094
-0.0727680
-0.0895858
-0.0905469
-0.0499560
0.0666963
0.2880099
0.6096036
0.9745260
1.2846913
1.4474352
1.4276653
1.2617521
1.0204102
0.7576572
0.4933784
0.2354892
0.0060763
-0.1600327
-0.2403103
-0.2451921
-0.2129430
-0.1827328
-0.1706573
-0.1696583
-0.1683517
-0.1651625
-0.1652867
-0.1711509
-0.1802842
-0.1894376
-0.1967728
-0.2010468
-0.2012063
-0.1965429
-0.1866381
-0.1724797
-0.1579052
-0.1477681
-0.1436346
-0.1426475
-0.1410321
-0.1374412
-0.1330529
-0.1299055
-0.1286550
-0.1264849
-0.1184957
-0.1034748
-0.0870545
-0.0762101
-0.0713389
-0.0667893
-0.0588674
-0.0501630
-0.0453820
-0.0452486
-0.0456676
-0.0422761
-0.0356748
-0.0318857
-0.0360335
-0.0451318
-0.0494042
-0.0420959
-0.0260331
-0.0092462
0.0033419
0.0116033
0.0156193
0.0126865
-0.0005085
-0.0234115
-0.0493299
-0.0687211
-0.0771313
-0.0800290
-0.0871465
-0.1010691
-0.1135939
-0.1146020
-0.1030106
-0.0880539
-0.0808737
-0.0851048
-0.0943191
-0.0983118
-0.0927193
-0.0821455
-0.0732260
-0.0664258
-0.0569833
-0.0426809
-0.0274151
-0.0167736
-0.0124792
-0.0119945
-0.0122729
-0.0132307
-0.0175992
-0.0266374
-0.0358873
-0.0371686
-0.0262522
-0.0072221
0.0120762
0.0274181
0.0395456
0.0497893
0.0567489
0.0573093
0.0499996
0.0376359
0.0266673
0.0224412
0.0243079
0.0262924
0.0227967
0.0125343
-0.0026892
-0.0206713
-0.0395998
-0.0581356
-0.0758270
-0.0924854
-0.1070649
-0.1187012
-0.1290377
-0.1416891
-0.1584560
-0.1768091
-0.1913845
-0.1976443
-0.1949542
-0.1872921
-0.1802914
-0.1763085
-0.1729267
-0.1671599
-0.1597240
-0.1534884
-0.1489920
-0.1438837
-0.1364905
-0.1278598
-0.1199180
-0.1128770
-0.1050216
-0.0949486
-0.0841965
-0.0771281
-0.0766610
-0.0798330
-0.0792385
-0.0695446
-0.0512950
-0.0281717
-0.0029381
0.0224389
0.0444418
0.0581387
0.0600914
0.0510120
0.0359635
0.0214388
0.0106989
0.0016673
-0.0095318
-0.0230276
-0.0344967
-0.0400491
-0.0405436
-0.0407950
-0.0452965
-0.0545212
-0.0646529
-0.0714855
-0.0754080
-0.0814755
-0.0930785
-0.1065035
-0.1139158
-0.1118354
-0.1052263
-0.1029699
-0.1100682
-0.1240305
-0.1378920
-0.1464272
-0.1492904
-0.1478322
-0.1400542
-0.1214438
-0.0918571
-0.0595423
-0.0363113
-0.0289431
-0.0355743
-0.0488169
-0.0609167
-0.0668640
-0.0645671
-0.0532443
-0.0325302
-0.0040520
0.0264740
0.0503492
0.0602883
0.0543277
0.0365817
0.0149726
-0.0032331
-0.0158954
-0.0260501
-0.0362833
-0.0439985
-0.0446216
-0.0391622
-0.0353960
-0.0398256
-0.0501456
-0.0579099
-0.0588130
-0.0589810
-0.0698312
-0.0960087
-0.1273662
-0.1398084
-0.0996108
0.0325608
0.2893290
0.6677082
1.1000177
1.4612667
1.6281059
1.5524698
1.2883506
0.9472511
0.6222280
0.3459838
0.1102571
-0.0871736
-0.2227052
-0.2716238
-0.2425933
-0.1790238
-0.1256582
-0.0975533
-0.0813391
-0.0604311
-0.0340960
-0.0140251
-0.0083254
-0.0126725
-0.0167813
-0.0168621
-0.0191262
-0.0305981
-0.0486337
-0.0618474
-0.0613738
-0.0497613
-0.0383558
-0.0365518
-0.0437131
-0.0513212
-0.0530040
-0.0517743
-0.0558692
-0.0674595
-0.0781518
-0.0778244
-0.0666299
-0.0556820
-0.0557690
-0.0672727
-0.0819042
-0.0929709
-0.1021461
-0.1153783
-0.1329589
-0.1458351
-0.1434694
-0.1245846
-0.0981594
-0.0739908
-0.0546139
-0.0372374
-0.0211611
-0.0105994
-0.0098215
-0.0164423
-0.0203616
-0.0105182
0.0158474
0.0502098
0.0796129
0.0968686
0.1041721
0.1078245
0.1109176
0.1113286
0.1058807
0.0958282
0.0877991
0.0882456
0.0963831
0.1038408
0.1027454
0.0936749
0.0843031
0.0804040
0.0795510
0.0741501
0.0601039
0.0420165
0.0295483
0.0282012
0.0337557
0.0363057
0.0294489
0.0145949
-0.0030642
-0.0204212
-0.0374322
-0.0543404
-0.0700742
-0.0830083
-0.0917405
-0.0947879
-0.0904080
-0.0775778
-0.0575346
-0.0341161
-0.0117232
0.0075005
0.0237552
0.0365337
0.0431202
0.0419613
0.0367295
0.0345493
0.0394181
0.0486564
0.0563701
0.0592308
0.0580805
0.0547762
0.0489349
0.0385769
0.0238642
0.0091765
0.0000749
-0.0022112
-0.0024159
-0.0068289
-0.0177460
-0.0323222
-0.0458389
-0.0557073
-0.0634609
-0.0735811
-0.0892576
-0.1081754
-0.1231896
-0.1284901
-0.1252767
-0.1209636
-0.1229309
-0.1330252
-0.1471817
-0.1593627
-0.1658555
-0.1665560
-0.1631162
-0.1567922
-0.1483135
-0.1390246
-0.1310911
-0.1253350
-0.1156040
-0.0804863
0.0196206
0.2271189
0.5523348
0.9429368
1.2911918
1.4867366
1.4801181
1.3066881
1.0517329
0.7887722
0.5446504
0.3154377
0.1059650
-0.0540299
-0.1331281
-0.1315759
-0.0865630
-0.0444886
-0.0293862
-0.0357722
-0.0459097
-0.0496600
-0.0491688
-0.0502728
-0.0547122
-0.0612083
-0.0699490
-0.0819441
-0.0945704
-0.1017665
-0.1007828
-0.0969505
-0.0992850
-0.1112871
-0.1274240
-0.1390615
-0.1430502
-0.1437156
-0.1464896
-0.1505319
-0.1487202
-0.1349901
-0.1107632
-0.0840129
-0.0633042
-0.0530948
-0.0524325
-0.0555166
-0.0541875
-0.0431704
-0.0247931
-0.0076730
0.0006042
-0.0003308
-0.0047720
-0.0074507
-0.0079116
-0.0084387
-0.0091254
-0.0070144
-0.0005958
0.0068591
0.0106487
0.0105667
0.0106156
0.0120135
0.0091293
-0.0051150
-0.0304429
-0.0578821
-0.0776518
-0.0874455
-0.0926819
-0.0995725
-0.1089186
-0.1166870
-0.1196273
-0.1191525
-0.1197445
-0.1249317
-0.1356352
-0.1511550
-0.1697938
-0.1882547
-0.2016870
-0.2052291
-0.1959632
-0.1745261
-0.1459643
-0.1182777
-0.0979323
-0.0855721
-0.0766434
-0.0668771
-0.0568566
-0.0506728
-0.0503385
-0.0526250
-0.0525651
-0.0499918
-0.0507135
-0.0592416
-0.0708844
-0.0737445
-0.0601150
-0.0348096
-0.0107909
0.0030377
0.0087503
0.0147337
0.0255093
0.0365590
0.0386483
0.0269134
0.0059362
-0.0136675
-0.0233737
-0.0220226
-0.0146940
-0.0079694
-0.0062164
-0.0108865
-0.0218854
-0.0390413
-0.0622525
-0.0901175
-0.1171345
-0.1287942
-0.0959944
0.0231933
0.2644007
0.6240264
1.0371014
1.3932935
1.5902799
1.5878994
1.4208108
1.1619063
0.8716021
0.5769249
0.2903148
0.0370526
-0.1444065
-0.2300162
-0.2332754
-0.1973224
-0.1641584
-0.1511383
-0.1523706
-0.1555644
-0.1543083
-0.1478439
-0.1359910
-0.1185458
-0.0985004
-0.0819658
-0.0729144
-0.0694434
-0.0671927
-0.0656920
-0.0688367
-0.0784474
-0.0894308
-0.0934046
-0.0872021
-0.0767248
-0.0716310
-0.0760038
-0.0844055
-0.0875979
-0.0824352
-0.0757997
-0.0784173
-0.0948788
-0.1194778
-0.1406393
-0.1486818
-0.1406902
-0.1206396
-0.0964257
-0.0760284
-0.0643614
-0.0617198
-0.0643560
-0.0672442
-0.0677442
-0.0672901
-0.0692340
-0.0750052
-0.0829312
-0.0907420
-0.0981214
-0.1061418
-0.1148965
-0.1226208
-0.1271866
-0.1281943
-0.1277499
-0.1292461
-0.1348242
-0.1434192
-0.1512345
-0.1544439
-0.1518935
-0.1457894
-0.1400638
-0.1375539
-0.1379480
-0.1382570
-0.1354895
-0.1288624
-0.1196019
-0.1095302
-0.1005487
-0.0947292
-0.0934655
-0.0962424
-0.1011340
-0.1070047
-0.1146591
-0.1250244
-0.1359268
-0.1410682
-0.1333280
-0.1105509
-0.0787828
-0.0491830
-0.0305822
-0.0241882
-0.0248283
-0.0266538
-0.0276268
-0.0294024
-0.0338937
-0.0404339
-0.0463857
-0.0502856
-0.0535997
-0.0587776
-0.0662220
-0.0743261
-0.0821306
-0.0901186
-0.0977487
-0.1021344
-0.1014553
-0.0993700
-0.1032662
-0.1158178
-0.1289072
-0.1290206
-0.1112321
-0.0872981
-0.0770905
-0.0902871
-0.1173780
-0.1398902
-0.1485816
-0.1500324
-0.1561146
-0.1698238
-0.1830730
-0.1869504
-0.1813673
-0.1734472
-0.1679166
-0.1617460
-0.1493852
-0.1314974
-0.1156255
-0.1075798
-0.1044596
-0.0983076
-0.0857521
-0.0713755
-0.0608178
-0.0530581
-0.0425895
-0.0292643
-0.0225964
-0.0330879
-0.0597358
-0.0885560
-0.1020943
-0.0836692
-0.0080256
0.1640639
0.4630258
0.8668206
1.2804167
1.5739573
1.6594803
1.5413321
1.2955048
1.0016280
0.6954413
0.3813783
0.0770783
-0.1692856
-0.3100522
-0.3400826
-0.3015001
-0.2475522
-0.2055696
-0.1733693
-0.1426640
-0.1175306
-0.1098429
-0.1233124
-0.1478391
-0.1695807
-0.1829742
-0.1910444
-0.1962116
-0.1945260
-0.1802028
-0.1541956
-0.1264076
-0.1089044
-0.1067818
-0.1149293
-0.1230396
-0.1239942
-0.1182078
-0.1107488
-0.1051801
-0.1007313
-0.0948641
-0.0872156
-0.0802883
-0.0767378
-0.0767214
-0.0780299
-0.0784893
-0.0779613
-0.0780437
-0.0802961
-0.0853319
-0.0934199
-0.1047290
-0.1180689
-0.1301353
-0.1377032
-0.1413047
-0.1458587
-0.1562602
-0.1716888
-0.1846916
-0.1869270
-0.1766346
-0.1604719
-0.1476705
-0.1425068
-0.1427046
-0.1442566
-0.1459531
-0.1485801
-0.1514350
-0.1519539
-0.1492210
-0.1463549
-0.1478016
-0.1537779
-0.1579421
-0.1515127
-0.1305298
-0.0995680
-0.0685787
-0.0460755
-0.0345963
-0.0311303
-0.0305948
-0.0291868
-0.0259396
-0.0222538
-0.0199810
-0.0194292
-0.0188102
-0.0155561
-0.0086076
-0.0001685
0.0046512
0.0010110
-0.0114563
-0.0273669
-0.0394345
-0.0444739
-0.0456887
-0.0487324
-0.0554218
-0.0616123
-0.0617036
-0.0553786
-0.0494065
-0.0520773
-0.0656936
-0.0848311
-0.1017591
-0.1126942
-0.1184551
-0.1201397
-0.1158777
-0.1027320
-0.0815998
-0.0595019
-0.0461267
-0.0471779
-0.0603560
-0.0773518
-0.0895619
-0.0924311
-0.0859143
-0.0726769
-0.0565640
-0.0417976
-0.0318565
-0.0277412
-0.0269257
-0.0247262
-0.0180486
-0.0085922
-0.0018569
-0.0019588
-0.0071969
-0.0113718
-0.0099124
-0.0044545
-0.0010413
-0.0039295
-0.0115356
-0.0185876
-0.0218761
-0.0232739
-0.0269578
-0.0343697
-0.0427397
-0.0484018
-0.0505917
-0.0516107
-0.0539970
-0.0582617
-0.0631484
-0.0675071
-0.0718628
-0.0783423
-0.0887040
-0.1017098
-0.1122737
-0.1140128
-0.1039412
-0.0856063
-0.0675920
-0.0579549
-0.0588398
-0.0656508
-0.0711310
-0.0703982
-0.0628835
-0.0508601
-0.0371603
-0.0240707
-0.0133381
-0.0064006
-0.0042484
-0.0066775
-0.0114022
-0.0143524
-0.0119387
-0.0039135
0.0058089
0.0114670
0.0092335
-0.0003607
-0.0129659
-0.0233488
-0.0285990
-0.0294383
-0.0289064
-0.0296174
-0.0317921
-0.0336813
-0.0340021
-0.0338682
-0.0356886
-0.0398131
-0.0432142
-0.0431417
-0.0426380
-0.0512321
-0.0781596
-0.1225538
-0.1669742
-0.1770020
-0.1073876
0.0832225
0.4086197
0.8320947
1.2636858
1.5906265
1.7289614
1.6618888
1.4366076
1.1257034
0.7887117
0.4632288
0.1800434
-0.0273494
-0.1357558
-0.1527045
-0.1170361
-0.0739052
-0.0471537
-0.0343645
-0.0244984
-0.0153110
-0.0128016
-0.0187916
-0.0254998
-0.0241319
-0.0155595
-0.0092609
-0.0122379
-0.0215327
-0.0283285
-0.0275531
-0.0220243
-0.0182218
-0.0199811
-0.0264599
-0.0342781
-0.0401371
-0.0424033
-0.0424925
-0.0452433
-0.0558103
-0.0741251
-0.0930713
-0.1044648
-0.1077102
-0.1110920
-0.1230636
-0.1427051
-0.1599933
-0.1653998
-0.1580979
-0.1447970
-0.1326165
-0.1250201
-0.1236508
-0.1303910
-0.1448281
-0.1606952
-0.1681338
-0.1613006
-0.1428504
-0.1198740
-0.0964913
-0.0722447
-0.0473820
-0.0269664
-0.0175539
-0.0201206
-0.0279362
-0.0321547
-0.0289812
-0.0211330
-0.0133354
-0.0076015
-0.0026143
0.0038775
0.0129224
0.0236098
0.0331196
0.0378989
0.0364281
0.0314544
0.0282797
0.0294831
0.0315542
0.0279929
0.0162626
0.0009931
-0.0104178
-0.0151770
-0.0175344
-0.0240604
-0.0373092
-0.0542682
-0.0698158
-0.0804932
-0.0856904
-0.0876310
-0.0914423
-0.1032225
-0.1245410
-0.1475880
-0.1580538
-0.1462469
-0.1168667
-0.0867293
-0.0709419
-0.0701691
-0.0711847
-0.0597948
-0.0333194
-0.0013834
0.0238925
0.0377305
0.0441405
0.0498680
0.0578748
0.0658439
0.0697007
0.0681437
0.0640326
0.0615191
0.0617445
0.0614731
0.0562945
0.0452264
0.0317957
0.0203303
0.0115420
0.0024208
-0.0094700
-0.0225183
-0.0328478
-0.0394211
-0.0461029
-0.0576625
-0.0741249
-0.0902979
-0.1013873
-0.1083359
-0.1167045
-0.1304303
-0.1477071
-0.1635151
-0.1753933
-0.1856160
-0.1980540
-0.2145501
-0.2343486
-0.2527543
-0.2538429
-0.2025070
-0.0513391
0.2298873
0.6188719
1.0322838
1.3611365
1.5287286
1.5260847
1.3978576
1.1965104
0.9496882
0.6674842
0.3726208
0.1137099
-0.0573345
-0.1222658
-0.1101300
-0.0735106
-0.0502192
-0.0449157
-0.0422247
-0.0319695
-0.0198919
-0.0173938
-0.0265446
-0.0379737
-0.0416905
-0.0367497
-0.0298077
-0.0268231
-0.0283665
-0.0319312
-0.0357254
-0.0389405
-0.0403368
-0.0391813
-0.0374761
-0.0388763
-0.0441806
-0.0495488
-0.0513333
-0.0521490
-0.0594166
-0.0764606
-0.0966661
-0.1087831
-0.1080286
-0.1001610
-0.0941738
-0.0930530
-0.0935201
-0.0933363
-0.0950753
-0.1008885
-0.1058455
-0.1002294
-0.0796834
-0.0513046
-0.0278884
-0.0165268
-0.0141689
-0.0140614
-0.0144973
-0.0199354
-0.0345531
-0.0566587
-0.0799407
-0.0990400
-0.1130122
-0.1240549
-0.1342145
-0.1436143
-0.1509115
-0.1546489
-0.1544023
-0.1512668
-0.1472488
-0.1436544
