-0.0846522
-0.0893445
-0.0919725
-0.0924331
-0.0915665
-0.0907794
-0.0903753
-0.0884734
-0.0826162
-0.0728906
-0.0628956
-0.0569911
-0.0567016
-0.0603064
-0.0658869
-0.0739595
-0.0863443
-0.1024627
-0.1174545
-0.1246866
-0.1204684
-0.1063869
-0.0872420
-0.0672620
-0.0488779
-0.0348922
-0.0302315
-0.0393687
-0.0608338
-0.0850701
-0.0997462
-0.0987690
-0.0864169
-0.0725130
-0.0638394
-0.0604225
-0.0590254
-0.0581155
-0.0584263
-0.0601154
-0.0616870
-0.0621472
-0.0624819
-0.0636527
-0.0640732
-0.0609167
-0.0540333
-0.0469194
-0.0430230
-0.0423944
-0.0430836
-0.0442407
-0.0451282
-0.0414568
-0.0269732
-0.0022463
0.0195637
0.0203007
-0.0073291
-0.0518908
-0.0895021
-0.0918678
-0.0247495
0.1518120
0.4598661
0.8619594
1.2449940
1.4674316
1.4481513
1.2220042
0.9073210
0.6133203
0.3738796
0.1631329
-0.0383394
-0.2047120
-0.2909081
-0.2852690
-0.2265118
-0.1695670
-0.1417520
-0.1338789
-0.1260779
-0.1129641
-0.1032387
-0.1030708
-0.1074069
-0.1073347
-0.1008254
-0.0934389
-0.0905054
-0.0916719
-0.0932250
-0.0933827
-0.0935921
-0.0951475
-0.0961510
-0.0928923
-0.0842654
-0.0740369
-0.0675103
-0.0650752
-0.0596175
-0.0422521
-0.0122014
0.0194435
0.0376887
0.0366426
0.0243158
0.0138702
0.0105667
0.0083007
-0.0013943
-0.0188659
-0.0360218
-0.0452893
-0.0468261
-0.0465810
-0.0491726
-0.0543384
-0.0595320
-0.0635843
-0.0666712
-0.0679675
-0.0652765
-0.0574414
-0.0462186
-0.0350919
-0.0264478
-0.0201130
-0.0141487
-0.0065135
0.0036582
0.0153084
0.0254122
0.0302878
0.0280494
0.0203930
0.0119296
0.0073599
0.0086547
0.0141914
0.0201983
0.0234640
0.0235111
0.0224020
0.0218752
0.0204086
0.0140067
0.0011162
-0.0133337
-0.0203838
-0.0149583
-0.0012499
0.0106546
0.0136278
0.0084068
0.0000695
-0.0084205
-0.0175905
-0.0274225
-0.0348825
-0.0372101
-0.0364367
-0.0381306
-0.0448309
-0.0521085
-0.0525804
-0.0436621
-0.0304358
-0.0209244
-0.0194477
-0.0245949
-0.0320552
-0.0378484
-0.0393494
-0.0355351
-0.0279730
-0.0210043
-0.0190474
-0.0226075
-0.0273669
-0.0280788
-0.0235213
-0.0172451
-0.0134402
-0.0126689
-0.0121670
-0.0100795
-0.0085500
-0.0119507
-0.0219918
-0.0348977
-0.0436407
-0.0430163
-0.0328371
-0.0171072
-0.0012588
0.0095769
0.0111457
0.0014655
-0.0169043
-0.0367965
-0.0506762
-0.0562006
-0.0573842
-0.0598809
-0.0655647
-0.0721032
-0.0766707
-0.0781765
-0.0759528
-0.0691193
-0.0596149
-0.0541903
-0.0590294
-0.0706824
-0.0758208
-0.0644997
-0.0434000
-0.0314215
-0.0399305
-0.0605537
-0.0751477
-0.0722969
-0.0433319
0.0398653
0.2274193
0.5480165
0.9509507
1.3019701
1.4604143
1.3791725
1.1338749
0.8518608
0.6111261
0.4058509
0.1995908
-0.0046674
-0.1561588
-0.2108798
-0.1809456
-0.1245120
-0.0930221
-0.0948868
-0.1068294
-0.1088803
-0.1017038
-0.0957380
-0.0948476
-0.0951233
-0.0942393
-0.0948419
-0.0981807
-0.0993741
-0.0924177
-0.0783977
-0.0656376
-0.0612092
-0.0640645
-0.0673211
-0.0659731
-0.0610996
-0.0572519
-0.0573851
-0.0606438
-0.0638188
-0.0640238
-0.0605460
-0.0551904
-0.0509260
-0.0494567
-0.0497894
-0.0495791
-0.0480145
-0.0467428
-0.0474632
-0.0491616
-0.0486201
-0.0435203
-0.0340833
-0.0216711
-0.0075413
0.0054540
0.0110516
0.0027554
-0.0190058
-0.0440688
-0.0598187
-0.0626803
-0.0612431
-0.0665162
-0.0794633
-0.0897103
-0.0869729
-0.0724654
-0.0579191
-0.0538939
-0.0601827
-0.0673808
-0.0661554
-0.0542111
-0.0359011
-0.0177046
-0.0048002
0.0000248
-0.0031580
-0.0111861
-0.0192828
-0.0242741
-0.0267627
-0.0298066
-0.0353714
-0.0422943
-0.0475915
-0.0491946
-0.0472801
-0.0437785
-0.0415963
-0.0440932
-0.0536770
-0.0693024
-0.0852266
-0.0934458
-0.0886112
-0.0711407
-0.0459677
-0.0190799
0.0042988
0.0194138
0.0225488
0.0137052
-0.0019433
-0.0173660
-0.0294755
-0.0407927
-0.0544885
-0.0687616
-0.0780851
-0.0803273
-0.0805460
-0.0856352
-0.0956446
-0.1026803
-0.0995310
-0.0879799
-0.0766738
-0.0710142
-0.0673180
-0.0583020
-0.0432324
-0.0306039
-0.0301706
-0.0432852
-0.0617555
-0.0755691
-0.0809939
-0.0817619
-0.0839087
-0.0900342
-0.0973495
-0.0996530
-0.0911065
-0.0697926
-0.0395141
-0.0086215
0.0140230
0.0236819
0.0218197
0.0142419
0.0069172
0.0025648
-0.0000410
-0.0043145
-0.0132448
-0.0274473
-0.0447134
-0.0612312
-0.0739296
-0.0825568
-0.0898255
-0.0991076
-0.1113385
-0.1239615
-0.1331744
-0.1374763
-0.1389624
-0.1410256
-0.1449052
-0.1486138
-0.1489674
-0.1442228
-0.1349169
-0.1231542
-0.1118826
-0.1042708
-0.1021604
-0.1042346
-0.1065254
-0.1059882
-0.1034173
-0.1014978
-0.0997779
-0.0935659
-0.0797975
-0.0631457
-0.0533664
-0.0553836
-0.0639628
-0.0691439
-0.0620874
-0.0277119
0.0688462
0.2745346
0.6060105
1.0032568
1.3339526
1.4667432
1.3608393
1.0910491
0.7822125
0.5145209
0.2880541
0.0701571
-0.1368141
-0.2837843
-0.3265878
-0.2775925
-0.1994090
-0.1509249
-0.1451509
-0.1572750
-0.1630016
-0.1611319
-0.1627784
-0.1702053
-0.1733099
-0.1636817
-0.1450583
-0.1280712
-0.1187656
-0.1155553
-0.1153345
-0.1180184
-0.1238681
-0.1295591
-0.1301968
-0.1249682
-0.1183259
-0.1145719
-0.1127255
-0.1081707
-0.0986327
-0.0867216
-0.0762693
-0.0677790
-0.0588216
-0.0481966
-0.0379375
-0.0307984
-0.0272266
-0.0261224
-0.0277705
-0.0337638
-0.0429090
-0.0485982
-0.0427799
-0.0239259
-0.0006127
0.0139391
0.0117053
-0.0049120
-0.0263795
-0.0436200
-0.0531295
-0.0569743
-0.0597292
-0.0651568
-0.0737697
-0.0819386
-0.0837751
-0.0757264
-0.0606124
-0.0467845
-0.0420175
-0.0473192
-0.0566036
-0.0625340
-0.0626330
-0.0598473
-0.0579380
-0.0573220
-0.0556492
-0.0515482
-0.0466554
-0.0437726
-0.0439126
-0.0459183
-0.0485158
-0.0514614
-0.0541528
-0.0542005
-0.0489875
-0.0389902
-0.0283103
-0.0207040
-0.0155192
-0.0092041
-0.0015642
0.0009462
-0.0094728
-0.0325993
-0.0577020
-0.0724251
-0.0742239
-0.0711961
-0.0706772
-0.0690114
-0.0559133
-0.0297695
-0.0054979
-0.0031082
-0.0271832
-0.0591232
-0.0698606
-0.0370977
0.0521324
0.2101960
0.4463416
0.7433871
1.0374317
1.2348867
1.2671451
1.1380422
0.9172001
0.6829942
0.4697672
0.2678930
0.0677595
-0.1065635
-0.2119273
-0.2301542
-0.1905955
-0.1463931
-0.1306228
-0.1367965
-0.1380814
-0.1193133
-0.0887748
-0.0639339
-0.0521237
-0.0465025
-0.0369809
-0.0211796
-0.0049195
0.0048023
0.0052329
-0.0024143
-0.0156946
-0.0317881
-0.0465237
-0.0548351
-0.0540186
-0.0468514
-0.0404352
-0.0406041
-0.0469163
-0.0535519
-0.0555955
-0.0541236
-0.0544207
-0.0592511
-0.0649821
-0.0653230
-0.0586178
-0.0503039
-0.0475924
-0.0523183
-0.0598229
-0.0646329
-0.0661944
-0.0685729
-0.0753261
-0.0857203
-0.0959191
-0.1029020
-0.1067670
-0.1099817
-0.1153168
-0.1241882
-0.1356523
-0.1462512
-0.1515844
-0.1493412
-0.1411187
-0.1304669
-0.1185346
-0.1021551
-0.0772298
-0.0442571
-0.0099063
0.0173343
0.0328220
0.0370265
0.0322400
0.0196717
0.0003074
-0.0226784
-0.0442014
-0.0605145
-0.0714086
-0.0786030
-0.0825450
-0.0818204
-0.0757700
-0.0666268
-0.0581889
-0.0526195
-0.0493057
-0.0469036
-0.0456853
-0.0472734
-0.0524071
-0.0596467
-0.0663419
-0.0704338
-0.0713065
-0.0696083
-0.0668532
-0.0648693
-0.0647765
-0.0662003
-0.0679928
-0.0700615
-0.0738432
-0.0799650
-0.0854806
-0.0848729
-0.0753095
-0.0609368
-0.0505624
-0.0497595
-0.0551704
-0.0573877
-0.0499756
-0.0355317
-0.0227322
-0.0177935
-0.0193217
-0.0213385
-0.0204572
-0.0194672
-0.0243230
-0.0385526
-0.0606368
-0.0854883
-0.1070581
-0.1197874
-0.1196831
-0.1061882
-0.0834402
-0.0584888
-0.0370661
-0.0209096
-0.0093576
-0.0028523
-0.0035368
-0.0119289
-0.0241317
-0.0339122
-0.0379842
-0.0385532
-0.0402417
-0.0450598
-0.0508885
-0.0542549
-0.0535293
-0.0495528
-0.0445196
-0.0409086
-0.0402178
-0.0410322
-0.0386824
-0.0291069
-0.0144730
-0.0037610
-0.0057365
-0.0210600
-0.0418363
-0.0564828
-0.0492947
0.0074551
0.1534321
0.4160132
0.7720224
1.1322734
1.3763594
1.4200408
1.2620207
0.9722758
0.6377696
0.3173058
0.0387804
-0.1768076
-0.3039622
-0.3292154
-0.2722846
-0.1817656
-0.1051891
-0.0621287
-0.0441427
-0.0357506
-0.0316740
-0.0355871
-0.0484697
-0.0633219
-0.0713915
-0.0705642
-0.0659883
-0.0638153
-0.0661891
-0.0717897
-0.0785983
-0.0844082
-0.0859017
-0.0800955
-0.0680579
-0.0558575
-0.0496571
-0.0493928
-0.0487837
-0.0429116
-0.0351718
-0.0349030
-0.0473331
-0.0669353
-0.0821523
-0.0866671
-0.0848184
-0.0854130
-0.0913282
-0.0966582
-0.0940975
-0.0837150
-0.0733290
-0.0705506
-0.0754183
-0.0809186
-0.0796571
-0.0691844
-0.0515539
-0.0296840
-0.0056610
0.0177665
0.0359825
0.0447706
0.0444918
0.0412867
0.0427817
0.0516175
0.0630515
0.0692780
0.0664379
0.0576348
0.0495063
0.0463422
0.0474574
0.0492734
0.0487520
0.0447303
0.0373499
0.0278887
0.0194048
0.0159657
0.0192642
0.0253824
0.0260259
0.0146329
-0.0078638
-0.0335237
-0.0542017
-0.0682256
-0.0802898
-0.0945381
-0.1078058
-0.1103613
-0.0945002
-0.0633810
-0.0313115
-0.0140407
-0.0170040
-0.0318234
-0.0440206
-0.0447414
-0.0361670
-0.0270125
-0.0239455
-0.0273669
-0.0339455
-0.0410217
-0.0475121
-0.0517530
-0.0509323
-0.0440697
-0.0348004
-0.0294011
-0.0311910
-0.0375207
-0.0431283
-0.0460979
-0.0493087
-0.0557628
-0.0639859
-0.0696964
-0.0715481
-0.0728266
-0.0761483
-0.0784683
-0.0747411
-0.0671786
-0.0676235
-0.0873478
-0.1247983
-0.1657064
-0.1938171
-0.1947890
-0.1449180
-0.0030635
0.2678412
0.6540773
1.0633991
1.3577147
1.4332421
1.2832400
0.9892214
0.6538693
0.3415225
0.0740159
-0.1351384
-0.2616597
-0.2903361
-0.2434190
-0.1752261
-0.1324689
-0.1217995
-0.1177042
-0.0979270
-0.0660501
-0.0410782
-0.0329079
-0.0337570
-0.0312157
-0.0229737
-0.0160639
-0.0155286
-0.0187085
-0.0206597
-0.0211416
-0.0237021
-0.0295047
-0.0349639
-0.0358138
-0.0316333
-0.0256324
-0.0215927
-0.0223526
-0.0299137
-0.0443597
-0.0620953
-0.0772853
-0.0869161
-0.0937683
-0.1026776
-0.1140669
-0.1233066
-0.1274137
-0.1302984
-0.1385531
-0.1520626
-0.1617064
-0.1585527
-0.1442867
-0.1301769
-0.1255399
-0.1292592
-0.1334732
-0.1332691
-0.1299870
-0.1257097
-0.1183374
-0.1046455
-0.0867053
-0.0720514
-0.0665327
-0.0686945
-0.0723342
-0.0731607
-0.0711328
-0.0672480
-0.0612709
-0.0541593
-0.0504597
-0.0548406
-0.0654968
-0.0732590
-0.0694768
-0.0548710
-0.0395632
-0.0340450
-0.0403969
-0.0519808
-0.0606758
-0.0640581
-0.0664131
-0.0737148
-0.0875649
-0.1035013
-0.1152452
-0.1207692
-0.1234217
-0.1260181
-0.1246455
-0.1112745
-0.0844728
-0.0556745
-0.0408603
-0.0441487
-0.0504092
-0.0335077
0.0317823
0.1667741
0.3882513
0.6941431
1.0395747
1.3341320
1.4824597
1.4442656
1.2584495
1.0047151
0.7402307
0.4753875
0.2071881
-0.0373660
-0.2043213
-0.2604160
-0.2290485
-0.1721092
-0.1378460
-0.1304832
-0.1273895
-0.1153972
-0.1036599
-0.1057639
-0.1199201
-0.1316302
-0.1314687
-0.1242206
-0.1207011
-0.1255588
-0.1355260
-0.1463205
-0.1566386
-0.1649505
-0.1660105
-0.1537586
-0.1278362
-0.0957943
-0.0681041
-0.0509740
-0.0435309
-0.0407665
-0.0383060
-0.0345453
-0.0292776
-0.0215603
-0.0099939
0.0044219
0.0162578
0.0179934
0.0058849
-0.0161863
-0.0394888
-0.0576281
-0.0707300
-0.0824454
-0.0940542
-0.1031967
-0.1084501
-0.1130633
-0.1220311
-0.1354639
-0.1466672
-0.1482729
-0.1401427
-0.1302461
-0.1273262
-0.1330182
-0.1412811
-0.1449786
-0.1424512
-0.1379383
-0.1363930
-0.1381861
-0.1383857
-0.1308032
-0.1131705
-0.0892609
-0.0664071
-0.0505679
-0.0428463
-0.0396802
-0.0356522
-0.0263916
-0.0102647
0.0109078
0.0320882
0.0470172
0.0518263
0.0478124
0.0404580
0.0348886
0.0317958
0.0278149
0.0198459
0.0086643
-0.0018601
-0.0087121
-0.0124796
-0.0163696
-0.0230733
-0.0327612
-0.0436867
-0.0542226
-0.0642835
-0.0751455
-0.0882016
-0.1038401
-0.1210878
-0.1377683
-0.1507596
-0.1565472
-0.1524932
-0.1384219
-0.1172186
-0.0936361
-0.0721955
-0.0559733
-0.0468405
-0.0457225
-0.0514686
-0.0594124
-0.0624390
-0.0552722
-0.0386022
-0.0188451
-0.0034843
0.0036426
0.0032750
-0.0016210
-0.0083269
-0.0151391
-0.0209872
-0.0249887
-0.0264192
-0.0253453
-0.0236312
-0.0246324
-0.0300978
-0.0365172
-0.0363973
-0.0261567
-0.0131925
-0.0121011
-0.0312239
-0.0639677
-0.0952804
-0.1131878
-0.1055571
-0.0426417
0.1251400
0.4303925
0.8354751
1.2209648
1.4464175
1.4410897
1.2436198
0.9554207
0.6579428
0.3752079
0.1062018
-0.1261852
-0.2733167
-0.3063362
-0.2516117
-0.1729215
-0.1201872
-0.0990911
-0.0865839
-0.0660176
-0.0422956
-0.0287142
-0.0289473
-0.0352752
-0.0395790
-0.0406514
-0.0412858
-0.0427901
-0.0446250
-0.0471519
-0.0516913
-0.0579552
-0.0637464
-0.0682798
-0.0745163
-0.0865457
-0.1044044
-0.1222097
-0.1319632
-0.1294164
-0.1166510
-0.0996430
-0.0837487
-0.0712041
-0.0618665
-0.0550853
-0.0503407
-0.0467909
-0.0435078
-0.0407947
-0.0406632
-0.0448716
-0.0520634
-0.0576017
-0.0573900
-0.0522033
-0.0475593
-0.0486129
-0.0552685
-0.0625949
-0.0655163
-0.0622419
-0.0534826
-0.0401398
-0.0231865
-0.0052412
0.0095534
0.0182980
0.0216829
0.0228931
0.0240649
0.0241964
0.0208128
0.0135655
0.0058736
0.0026758
0.0061321
0.0131200
0.0171334
0.0137205
0.0051645
-0.0003971
0.0040941
0.0175766
0.0311367
0.0359871
0.0309392
0.0215858
0.0131692
0.0061745
-0.0008468
-0.0065768
-0.0077033
-0.0042205
-0.0012467
-0.0034827
-0.0087796
-0.0098571
-0.0034388
0.0041868
0.0030335
-0.0091919
-0.0234154
-0.0277694
-0.0188323
-0.0035455
0.0089293
0.0154819
0.0191054
0.0224893
0.0234598
0.0173707
0.0033121
-0.0132231
-0.0246084
-0.0280179
-0.0277383
-0.0304294
-0.0382997
-0.0472371
-0.0516988
-0.0510423
-0.0502584
-0.0539668
-0.0603410
-0.0623589
-0.0554641
-0.0427665
-0.0316183
-0.0258558
-0.0229172
-0.0184880
-0.0123761
-0.0089950
-0.0129365
-0.0250484
-0.0424726
-0.0612725
-0.0783369
-0.0913102
-0.0979912
-0.0966450
-0.0866695
-0.0686072
-0.0442128
-0.0174291
0.0055240
0.0191969
0.0228919
0.0204770
0.0156558
0.0087189
-0.0011946
-0.0122721
-0.0206455
-0.0248179
-0.0278856
-0.0343319
-0.0445271
-0.0527322
-0.0515308
-0.0393528
-0.0231233
-0.0118524
-0.0079707
-0.0074685
-0.0085217
-0.0154994
-0.0313076
-0.0492086
-0.0579954
