-0.1994595
-0.1938128
-0.1899708
-0.1779542
-0.1556123
-0.1314055
-0.1146944
-0.1059090
-0.0982391
-0.0875144
-0.0770710
-0.0718418
-0.0703936
-0.0661001
-0.0560672
-0.0456534
-0.0419673
-0.0444906
-0.0453517
-0.0394557
-0.0314928
-0.0303433
-0.0375693
-0.0446515
-0.0427921
-0.0332331
-0.0255007
-0.0262586
-0.0327299
-0.0378704
-0.0392872
-0.0402274
-0.0426875
-0.0433416
-0.0383731
-0.0303117
-0.0266889
-0.0313367
-0.0394937
-0.0433886
-0.0414111
-0.0393005
-0.0421356
-0.0476297
-0.0491428
-0.0440883
-0.0368535
-0.0330564
-0.0332003
-0.0337868
-0.0333906
-0.0346905
-0.0396154
-0.0448030
-0.0444678
-0.0375135
-0.0294371
-0.0261726
-0.0277606
-0.0298919
-0.0306176
-0.0325880
-0.0377351
-0.0423497
-0.0404527
-0.0317811
-0.0234818
-0.0223576
-0.0272895
-0.0316860
-0.0325096
-0.0335094
-0.0383213
-0.0433952
-0.0413599
-0.0309747
-0.0200558
-0.0166873
-0.0199254
-0.0222289
-0.0201978
-0.0190260
-0.0246780
-0.0345474
-0.0394563
-0.0345268
-0.0246351
-0.0177683
-0.0158281
-0.0149655
-0.0134837
-0.0148725
-0.0213099
-0.0275799
-0.0256279
-0.0149969
-0.0050811
-0.0050299
-0.0133549
-0.0200398
-0.0181145
-0.0101515
-0.0026701
0.0027533
0.0098065
0.0200996
0.0295270
0.0337606
0.0348913
0.0393407
0.0493947
0.0598710
0.0646256
0.0641402
0.0639379
0.0662300
0.0666382
0.0608919
0.0522542
0.0486006
0.0519598
0.0546992
0.0492037
0.0399937
0.0421077
0.0654659
0.1027644
0.1352546
0.1496418
0.1465741
0.1327890
0.1097780
0.0748147
0.0318075
-0.0053657
-0.0248560
-0.0299770
-0.0350261
-0.0469201
-0.0558088
-0.0481319
-0.0264953
-0.0105172
-0.0167477
-0.0427507
-0.0729613
-0.0913606
-0.0757566
0.0195569
0.2540226
0.6463194
1.1188183
1.5101858
1.6687046
1.5523227
1.2445640
0.8757255
0.5309607
0.2291292
-0.0293986
-0.2195849
-0.3060369
-0.2891557
-0.2195793
-0.1600048
-0.1372864
-0.1352049
-0.1276400
-0.1092926
-0.0935897
-0.0904951
-0.0953425
-0.0981347
-0.0960504
-0.0931860
-0.0920342
-0.0903531
-0.0860662
-0.0810670
-0.0783496
-0.0776346
-0.0761217
-0.0726308
-0.0687233
-0.0657046
-0.0626834
-0.0586275
-0.0546957
-0.0526819
-0.0519076
-0.0499813
-0.0470127
-0.0466601
-0.0510643
-0.0561254
-0.0547453
-0.0453170
-0.0345901
-0.0302983
-0.0322830
-0.0334127
-0.0292139
-0.0237281
-0.0238589
-0.0295262
-0.0327400
-0.0273879
-0.0174918
-0.0131642
-0.0188982
-0.0285169
-0.0327482
-0.0298159
-0.0263497
-0.0285134
-0.0349888
-0.0400083
-0.0415523
-0.0439919
-0.0523714
-0.0662165
-0.0807174
-0.0931284
-0.1056017
-0.1208967
-0.1372717
-0.1500216
-0.1579211
-0.1657105
-0.1786213
-0.1955820
-0.2099379
-0.2170562
-0.2192465
-0.2217261
-0.2248303
-0.2226582
-0.2102502
-0.1903497
-0.1710236
-0.1569336
-0.1451788
-0.1307282
-0.1140953
-0.1011584
-0.0953777
-0.0925169
-0.0847577
-0.0693374
-0.0514988
-0.0386929
-0.0331610
-0.0310720
-0.0280653
-0.0239968
-0.0218092
-0.0229745
-0.0253761
-0.0255904
-0.0222519
-0.0168531
-0.0119499
-0.0091469
-0.0084621
-0.0089873
-0.0100083
-0.0116144
-0.0141127
-0.0167645
-0.0175754
-0.0150791
-0.0104761
-0.0073142
-0.0082824
-0.0123063
-0.0154593
-0.0151306
-0.0128200
-0.0121095
-0.0140711
-0.0157609
-0.0138349
-0.0088632
-0.0049322
-0.0050555
-0.0081289
-0.0110172
-0.0128160
-0.0157443
-0.0215149
-0.0278095
-0.0296320
-0.0245642
-0.0159961
-0.0102556
-0.0104543
-0.0138099
-0.0153479
-0.0136252
-0.0119764
-0.0140980
-0.0192145
-0.0223849
-0.0196861
-0.0125827
-0.0066127
-0.0057444
-0.0086135
-0.0107705
-0.0101982
-0.0096061
-0.0128368
-0.0195901
-0.0246141
-0.0225405
-0.0133983
-0.0030490
0.0020531
0.0005762
-0.0032040
-0.0044165
-0.0025983
-0.0014094
-0.0037889
-0.0082431
-0.0103698
-0.0077134
-0.0024701
0.0008765
0.0002563
-0.0022437
-0.0034694
-0.0033006
-0.0046145
-0.0089539
-0.0132315
-0.0118878
-0.0024906
0.0114229
0.0234843
0.0303416
0.0342193
0.0398366
0.0491830
0.0596654
0.0673262
0.0712561
0.0740781
0.0779678
0.0809926
0.0784967
0.0686698
0.0562788
0.0495578
0.0522046
0.0587032
0.0593707
0.0515491
0.0451710
0.0550776
0.0865282
0.1288037
0.1637792
0.1801178
0.1781944
0.1625943
0.1337830
0.0902758
0.0378362
-0.0081906
-0.0333628
-0.0365412
-0.0294545
-0.0238018
-0.0212649
-0.0172040
-0.0110919
-0.0095925
-0.0197571
-0.0420849
-0.0689429
-0.0821406
-0.0460635
0.0904835
0.3666293
0.7647144
1.1887461
1.5003704
1.5966513
1.4684981
1.1910886
0.8604827
0.5379376
0.2455177
-0.0024550
-0.1800118
-0.2647395
-0.2640011
-0.2169750
-0.1682206
-0.1404445
-0.1309701
-0.1278051
-0.1238618
-0.1180868
-0.1107167
-0.1024459
-0.0961390
-0.0947082
-0.0965153
-0.0959365
-0.0902958
-0.0843265
-0.0851068
-0.0927693
-0.0987053
-0.0944209
-0.0810974
-0.0686112
-0.0650318
-0.0686432
-0.0712045
-0.0678530
-0.0619155
-0.0598402
-0.0631187
-0.0665256
-0.0638738
-0.0544292
-0.0434976
-0.0372624
-0.0372498
-0.0395617
-0.0393237
-0.0358837
-0.0334839
-0.0364796
-0.0438164
-0.0487498
-0.0449366
-0.0333318
-0.0225021
-0.0208980
-0.0283509
-0.0360934
-0.0360865
-0.0297833
-0.0263628
-0.0321765
-0.0433238
-0.0497936
-0.0464885
-0.0388834
-0.0373325
-0.0465923
-0.0619454
-0.0754731
-0.0847409
-0.0941668
-0.1084221
-0.1262345
-0.1415777
-0.1501879
-0.1538939
-0.1586633
-0.1690631
-0.1845307
-0.2002520
-0.2112422
-0.2158837
-0.2159986
-0.2137657
-0.2087531
-0.1982307
-0.1806743
-0.1589627
-0.1395174
-0.1273068
-0.1212773
-0.1153530
-0.1047165
-0.0908563
-0.0795859
-0.0741370
-0.0712912
-0.0650087
-0.0533100
-0.0406189
-0.0331289
-0.0324699
-0.0345438
-0.0345112
-0.0321074
-0.0312492
-0.0346139
-0.0397820
-0.0415569
-0.0376309
-0.0309771
-0.0264713
-0.0258663
-0.0267050
-0.0260402
-0.0244591
-0.0255608
-0.0311643
-0.0378094
-0.0392685
-0.0329485
-0.0230331
-0.0165332
-0.0165276
-0.0200349
-0.0224652
-0.0231219
-0.0253289
-0.0311994
-0.0375370
-0.0384147
-0.0321275
-0.0242923
-0.0225983
-0.0285786
-0.0358621
-0.0371210
-0.0318795
-0.0265502
-0.0270897
-0.0326969
-0.0372496
-0.0363398
-0.0318171
-0.0289922
-0.0302404
-0.0327179
-0.0325827
-0.0301044
-0.0293083
-0.0328627
-0.0385420
-0.0412486
-0.0380845
-0.0310919
-0.0252489
-0.0240447
-0.0268539
-0.0301787
-0.0310454
-0.0291939
-0.0265111
-0.0249369
-0.0248450
-0.0248960
-0.0233414
-0.0198984
-0.0164367
-0.0153371
-0.0170145
-0.0195720
-0.0211360
-0.0218892
-0.0231506
-0.0247972
-0.0246053
-0.0207265
-0.0144784
-0.0098363
-0.0096570
-0.0128225
-0.0159177
-0.0175692
-0.0197558
-0.0240068
-0.0274975
-0.0248898
-0.0144183
-0.0007222
0.0095088
0.0142687
0.0176125
0.0242516
0.0338311
0.0416740
0.0450981
0.0474902
0.0545799
0.0668113
0.0770927
0.0773814
0.0671474
0.0543079
0.0475012
0.0478367
0.0486098
0.0432354
0.0333469
0.0286177
0.0380991
0.0618553
0.0915377
0.1185520
0.1398592
0.1548961
0.1588235
0.1428004
0.1036683
0.0524835
0.0097087
-0.0112324
-0.0153955
-0.0189477
-0.0299090
-0.0392632
-0.0338699
-0.0159533
-0.0044265
-0.0150475
-0.0432771
-0.0704104
-0.0822838
-0.0711570
-0.0137712
0.1417877
0.4442360
0.8752162
1.3175436
1.6060998
1.6336083
1.4207028
1.0865759
0.7512198
0.4629889
0.2099102
-0.0177054
-0.1918259
-0.2737444
-0.2631940
-0.2078203
-0.1624407
-0.1456899
-0.1396700
-0.1247879
-0.1046430
-0.0956840
-0.1020352
-0.1097693
-0.1054243
-0.0926674
-0.0861963
-0.0922470
-0.1008677
-0.0987737
-0.0856952
-0.0738682
-0.0723117
-0.0762935
-0.0747424
-0.0651735
-0.0568815
-0.0588923
-0.0682598
-0.0730653
-0.0661056
-0.0529298
-0.0452946
-0.0481626
-0.0551728
-0.0570495
-0.0523781
-0.0481155
-0.0500889
-0.0555681
-0.0565982
-0.0493852
-0.0385100
-0.0318137
-0.0324381
-0.0365986
-0.0385874
-0.0369209
-0.0350098
-0.0361651
-0.0391261
-0.0394353
-0.0348013
-0.0278872
-0.0234926
-0.0239435
-0.0279815
-0.0335677
-0.0405008
-0.0496366
-0.0600539
-0.0683704
-0.0721052
-0.0735613
-0.0788018
-0.0916583
-0.1094835
-0.1261265
-0.1388033
-0.1505154
-0.1652662
-0.1822787
-0.1963347
-0.2036516
-0.2060980
-0.2086521
-0.2131023
-0.2156537
-0.2115121
-0.2007512
-0.1879382
-0.1761264
-0.1633742
-0.1464338
-0.1263869
-0.1084632
-0.0962964
-0.0881897
-0.0800585
-0.0710181
-0.0643415
-0.0624858
-0.0626277
-0.0590062
-0.0498257
-0.0399427
-0.0352626
-0.0356551
-0.0356672
-0.0321992
-0.0289025
-0.0312693
-0.0386581
-0.0436484
-0.0400625
-0.0303029
-0.0231814
-0.0244001
-0.0306002
-0.0340026
-0.0320432
-0.0300982
-0.0338603
-0.0410813
-0.0433487
-0.0359535
-0.0239040
-0.0169857
-0.0196655
-0.0271006
-0.0312146
-0.0296843
-0.0277838
-0.0312961
-0.0390295
-0.0438782
-0.0409901
-0.0330913
-0.0269989
-0.0262724
-0.0287549
-0.0307290
-0.0315786
-0.0334201
-0.0370113
-0.0397058
-0.0384493
-0.0341457
-0.0312982
-0.0325561
-0.0350856
-0.0341871
-0.0299800
-0.0281080
-0.0327775
-0.0406722
-0.0437003
-0.0377995
-0.0276262
-0.0216146
-0.0229395
-0.0267410
-0.0268153
-0.0236103
-0.0234709
-0.0299597
-0.0384246
-0.0409449
-0.0353422
-0.0270459
-0.0223260
-0.0220547
-0.0230966
-0.0239423
-0.0264614
-0.0317727
-0.0364930
-0.0354355
-0.0281884
-0.0208605
-0.0195750
-0.0233304
-0.0256528
-0.0232359
-0.0201950
-0.0222200
-0.0284331
-0.0318017
-0.0277550
-0.0201978
-0.0173666
-0.0222968
-0.0291922
-0.0301917
-0.0246315
-0.0195702
-0.0208546
-0.0258853
-0.0270891
-0.0213673
-0.0135474
-0.0102515
-0.0125916
-0.0162722
-0.0176146
-0.0174643
-0.0187921
-0.0217667
-0.0226685
-0.0179040
-0.0079639
0.0036023
0.0143852
0.0245979
0.0344560
0.0423935
0.0474123
0.0517812
0.0589691
0.0684835
0.0743611
0.0703025
0.0566674
0.0417799
0.0351305
0.0383685
0.0434107
0.0407201
0.0299074
0.0214714
0.0276950
0.0521657
0.0878930
0.1240049
0.1526754
0.1696883
0.1706076
0.1501318
0.1081036
0.0554747
0.0101745
-0.0162874
-0.0272743
-0.0337703
-0.0398431
-0.0393939
-0.0283473
-0.0152290
-0.0141673
-0.0280979
-0.0450524
-0.0540033
-0.0571086
-0.0536324
-0.0084626
0.1481762
0.4651775
0.9008729
1.3153044
1.5501437
1.5324285
1.3096965
0.9919464
0.6658839
0.3620687
0.0872255
-0.1350342
-0.2674643
-0.2968013
-0.2547021
-0.1951422
-0.1544859
-0.1361166
-0.1271220
-0.1194384
-0.1131204
-0.1081962
-0.1022239
-0.0954368
-0.0922723
-0.0950863
-0.0990761
-0.0966111
-0.0861831
-0.0744467
-0.0685043
-0.0682674
-0.0684143
-0.0663491
-0.0647379
-0.0657931
-0.0667628
-0.0636623
-0.0572179
-0.0516974
-0.0485891
-0.0450709
-0.0396690
-0.0362890
-0.0396971
-0.0477718
-0.0513540
-0.0436232
-0.0285060
-0.0174426
-0.0173898
-0.0241113
-0.0285791
-0.0276641
-0.0254199
-0.0249845
-0.0237916
-0.0185285
-0.0114034
-0.0079556
-0.0096535
-0.0120497
-0.0111757
-0.0094418
-0.0129179
-0.0231030
-0.0337398
-0.0374228
-0.0343026
-0.0318975
-0.0362095
-0.0457570
-0.0557733
-0.0655627
-0.0783652
-0.0948213
-0.1103273
-0.1202864
-0.1258866
-0.1327613
-0.1445354
-0.1592493
-0.1724492
-0.1825773
-0.1917677
-0.2011458
-0.2072532
-0.2051928
-0.1947594
-0.1810507
-0.1685496
-0.1568683
-0.1434863
-0.1285169
-0.1144559
-0.1021154
-0.0893352
-0.0744165
-0.0593951
-0.0485167
-0.0434554
-0.0412036
-0.0378257
-0.0337242
-0.0329752
-0.0365862
-0.0388823
-0.0333724
-0.0212709
-0.0110712
-0.0092180
-0.0137607
-0.0183191
-0.0200801
-0.0216347
-0.0256158
-0.0299508
-0.0298365
-0.0238031
-0.0160919
-0.0121349
-0.0129381
-0.0156438
-0.0185854
-0.0225966
-0.0267964
-0.0267666
-0.0198516
-0.0104586
-0.0067048
-0.0117020
-0.0204176
-0.0256269
-0.0252007
-0.0225498
-0.0211258
-0.0204558
-0.0182905
-0.0152139
-0.0146732
-0.0178957
-0.0212988
-0.0211393
-0.0190272
-0.0196310
-0.0234367
-0.0254140
-0.0218930
-0.0157575
-0.0127025
-0.0141296
-0.0162699
-0.0159942
-0.0151764
-0.0179052
-0.0240881
-0.0279228
-0.0242499
-0.0154378
-0.0094335
-0.0106455
-0.0154356
-0.0179543
-0.0176623
-0.0182523
-0.0208045
-0.0217369
-0.0180293
-0.0118541
-0.0084729
-0.0103934
-0.0148341
-0.0172359
-0.0166521
-0.0163979
-0.0187860
-0.0208850
-0.0177840
-0.0094742
-0.0016573
0.0008041
-0.0013157
-0.0043773
-0.0069256
-0.0098798
-0.0130713
-0.0140953
-0.0111216
-0.0057688
-0.0020824
-0.0021114
-0.0031581
-0.0011237
0.0032391
0.0040787
-0.0016782
-0.0085709
-0.0081306
0.0006193
0.0096175
0.0111707
0.0061218
0.0014418
0.0016931
0.0049553
0.0071351
0.0087143
0.0152013
0.0298781
0.0478043
0.0600562
0.0639982
0.0660746
0.0729967
0.0830322
0.0884724
0.0849819
0.0759562
0.0683474
0.0661950
0.0681210
0.0697280
0.0679176
0.0630703
0.0576849
0.0546563
0.0579836
0.0728128
0.1009945
0.1362657
0.1665132
0.1816687
0.1781737
0.1569074
0.1206196
0.0748919
0.0290521
-0.0067085
-0.0261861
-0.0300545
-0.0248409
-0.0183722
-0.0148554
-0.0140698
-0.0149383
-0.0185731
-0.0279319
-0.0456166
-0.0684212
-0.0752366
-0.0175169
0.1655001
0.5006013
0.9356361
1.3425993
1.5802798
1.5743244
1.3538799
1.0189402
0.6701616
0.3610353
0.1037837
-0.0957365
-0.2215244
-0.2637498
-0.2392997
-0.1874032
-0.1448811
-0.1263146
-0.1239091
-0.1219593
-0.1120338
-0.0977817
-0.0878453
-0.0859187
-0.0882246
-0.0887551
-0.0850149
-0.0797932
-0.0789026
-0.0852887
-0.0933593
-0.0919043
-0.0762880
-0.0558864
-0.0452810
-0.0487944
-0.0572575
-0.0594911
-0.0535540
-0.0465146
-0.0457274
-0.0510481
-0.0550252
-0.0512491
-0.0419882
-0.0351093
-0.0338204
-0.0337831
-0.0313734
-0.0295668
-0.0323896
-0.0374603
-0.0381573
-0.0315105
-0.0213335
-0.0145960
-0.0155318
-0.0215779
-0.0252312
-0.0224189
-0.0181251
-0.0200111
-0.0275399
-0.0325199
-0.0303119
-0.0251279
-0.0234233
-0.0268577
-0.0330350
-0.0394703
-0.0459176
-0.0551377
-0.0703848
-0.0896164
-0.1049190
-0.1116566
-0.1152918
-0.1243634
-0.1394767
-0.1543835
-0.1653638
-0.1742978
-0.1845397
-0.1979537
-0.2132327
-0.2236905
-0.2211237
-0.2060495
-0.1893385
-0.1793394
-0.1725458
-0.1613624
-0.1453359
-0.1298427
-0.1188879
-0.1130393
-0.1089340
-0.0986637
-0.0772923
-0.0529678
-0.0400966
-0.0401051
-0.0398644
-0.0320328
-0.0245118
-0.0254092
-0.0310261
-0.0337013
-0.0304058
-0.0208909
-0.0095146
-0.0086403
-0.0240482
-0.0383419
-0.0302503
-0.0099530
-0.0078929
-0.0255902
-0.0313178
-0.0155932
-0.0142279
-0.0539821
