-0.0697689
-0.0615350
-0.0593684
-0.0672556
-0.0764271
-0.0775293
-0.0704123
-0.0497530
0.0181093
0.1881212
0.4884172
0.8707050
1.2124737
1.3829814
1.3258743
1.0903248
0.7845392
0.4959160
0.2506770
0.0394758
-0.1350389
-0.2471409
-0.2788954
-0.2478771
-0.1969902
-0.1605527
-0.1449143
-0.1388851
-0.1346353
-0.1340478
-0.1388274
-0.1427861
-0.1382647
-0.1270780
-0.1194971
-0.1215556
-0.1275069
-0.1273506
-0.1191725
-0.1106233
-0.1089969
-0.1131760
-0.1163936
-0.1148344
-0.1113547
-0.1106534
-0.1123753
-0.1108538
-0.1023113
-0.0909205
-0.0856023
-0.0903804
-0.0994798
-0.1032416
-0.0983544
-0.0910724
-0.0901110
-0.0970243
-0.1042722
-0.1029996
-0.0922605
-0.0797631
-0.0735503
-0.0742120
-0.0760598
-0.0746099
-0.0708399
-0.0680700
-0.0667481
-0.0638588
-0.0570093
-0.0478262
-0.0407372
-0.0386209
-0.0401150
-0.0414681
-0.0407277
-0.0394036
-0.0398275
-0.0416425
-0.0417317
-0.0376460
-0.0307118
-0.0255687
-0.0264648
-0.0336070
-0.0430079
-0.0501860
-0.0540650
-0.0569329
-0.0608016
-0.0648135
-0.0667964
-0.0666633
-0.0671951
-0.0712508
-0.0787634
-0.0869423
-0.0933769
-0.0984880
-0.1044421
-0.1117280
-0.1176482
-0.1189632
-0.1157358
-0.1115800
-0.1097254
-0.1093928
-0.1066926
-0.0991657
-0.0890754
-0.0816860
-0.0798340
-0.0803421
-0.0766899
-0.0659333
-0.0525662
-0.0445475
-0.0452729
-0.0501606
-0.0517036
-0.0475194
-0.0425573
-0.0429564
-0.0483152
-0.0512711
-0.0454321
-0.0330271
-0.0233692
-0.0234653
-0.0312037
-0.0385073
-0.0402856
-0.0388389
-0.0394477
-0.0432635
-0.0460893
-0.0440544
-0.0389083
-0.0362988
-0.0390750
-0.0439190
-0.0456120
-0.0436628
-0.0429399
-0.0474563
-0.0550684
-0.0596541
-0.0580807
-0.0535932
-0.0517960
-0.0542535
-0.0573322
-0.0574212
-0.0558815
-0.0573786
-0.0634859
-0.0696147
-0.0695156
-0.0623050
-0.0537482
-0.0503233
-0.0528894
-0.0567907
-0.0576254
-0.0558428
-0.0552653
-0.0577560
-0.0604955
-0.0591009
-0.0528896
-0.0460266
-0.0431709
-0.0447114
-0.0470113
-0.0470580
-0.0458670
-0.0466573
-0.0500235
-0.0519924
-0.0478127
-0.0376527
-0.0275416
-0.0237898
-0.0267474
-0.0309853
-0.0316785
-0.0296608
-0.0293179
-0.0322116
-0.0344564
-0.0312241
-0.0229998
-0.0158366
-0.0148682
-0.0185940
-0.0209118
-0.0186580
-0.0154873
-0.0171540
-0.0238523
-0.0291121
-0.0268238
-0.0179774
-0.0089355
-0.0032946
0.0027086
0.0152923
0.0343062
0.0515242
0.0592770
0.0599539
0.0646332
0.0811890
0.1050429
0.1235339
0.1293651
0.1278500
0.1297044
0.1379804
0.1446569
0.1410205
0.1294391
0.1221285
0.1279799
0.1431904
0.1571140
0.1659691
0.1767716
0.1955282
0.2137661
0.2112423
0.1745669
0.1122810
0.0493718
0.0061905
-0.0164787
-0.0318335
-0.0494480
-0.0661300
-0.0736855
-0.0714495
-0.0673240
-0.0672028
-0.0676758
-0.0618660
-0.0505432
-0.0436447
-0.0498515
-0.0669612
-0.0832343
-0.0834760
-0.0472689
0.0578888
0.2687380
0.5936792
0.9786215
1.3117061
1.4791908
1.4335605
1.2163757
0.9177575
0.6131569
0.3342850
0.0892057
-0.1052807
-0.2213031
-0.2477736
-0.2108878
-0.1594008
-0.1288083
-0.1217057
-0.1209384
-0.1155842
-0.1103256
-0.1130818
-0.1211884
-0.1239168
-0.1162031
-0.1050884
-0.1010930
-0.1058333
-0.1109158
-0.1085710
-0.1006357
-0.0955999
-0.0981450
-0.1037229
-0.1038307
-0.0953320
-0.0835788
-0.0767129
-0.0778129
-0.0828948
-0.0859637
-0.0851202
-0.0833557
-0.0839085
-0.0859080
-0.0853003
-0.0798173
-0.0721118
-0.0672689
-0.0673532
-0.0692310
-0.0683692
-0.0643376
-0.0613625
-0.0628776
-0.0664635
-0.0656876
-0.0572963
-0.0454533
-0.0377779
-0.0374848
-0.0405203
-0.0407050
-0.0365905
-0.0320475
-0.0303799
-0.0295901
-0.0248569
-0.0152209
-0.0060321
-0.0037535
-0.0091179
-0.0167345
-0.0214250
-0.0235466
-0.0270969
-0.0333828
-0.0384349
-0.0377176
-0.0326247
-0.0305980
-0.0378867
-0.0528254
-0.0674750
-0.0760748
-0.0807647
-0.0880280
-0.1000920
-0.1115041
-0.1151643
-0.1109687
-0.1068174
-0.1102346
-0.1197848
-0.1262012
-0.1223409
-0.1108636
-0.1009263
-0.0977587
-0.0971337
-0.0908997
-0.0768801
-0.0616760
-0.0534277
-0.0530592
-0.0537899
-0.0489462
-0.0389558
-0.0300334
-0.0268510
-0.0278191
-0.0277222
-0.0237717
-0.0179946
-0.0140486
-0.0130094
-0.0129899
-0.0122987
-0.0118252
-0.0137235
-0.0180690
-0.0216338
-0.0206371
-0.0148181
-0.0083950
-0.0065181
-0.0105696
-0.0170242
-0.0210354
-0.0211120
-0.0201300
-0.0216812
-0.0256493
-0.0278873
-0.0246306
-0.0170610
-0.0109582
-0.0114776
-0.0183552
-0.0264537
-0.0309423
-0.0316252
-0.0320123
-0.0344301
-0.0367809
-0.0348314
-0.0277255
-0.0203610
-0.0192608
-0.0258597
-0.0345896
-0.0383205
-0.0355488
-0.0315031
-0.0319492
-0.0366857
-0.0400830
-0.0378568
-0.0319802
-0.0279890
-0.0282780
-0.0298665
-0.0292833
-0.0279291
-0.0304951
-0.0380357
-0.0446762
-0.0430193
-0.0325913
-0.0213340
-0.0178146
-0.0225823
-0.0282599
-0.0280802
-0.0231384
-0.0204266
-0.0243559
-0.0315395
-0.0344232
-0.0293538
-0.0202427
-0.0143157
-0.0149237
-0.0189605
-0.0210643
-0.0196029
-0.0179012
-0.0196230
-0.0237365
-0.0249845
-0.0196009
-0.0099669
-0.0028444
-0.0028801
-0.0083409
-0.0134986
-0.0145492
-0.0121193
-0.0078608
-0.0000975
0.0152402
0.0389374
0.0651574
0.0853811
0.0959854
0.1012344
0.1084421
0.1206419
0.1343351
0.1438501
0.1469704
0.1461494
0.1450952
0.1450723
0.1445262
0.1416434
0.1369902
0.1341207
0.1379527
0.1518071
0.1745461
0.1996687
0.2175696
0.2199031
0.2030580
0.1685681
0.1212430
0.0675630
0.0154412
-0.0263163
-0.0509626
-0.0582356
-0.0559110
-0.0550051
-0.0610396
-0.0692164
-0.0693610
-0.0570988
-0.0401774
-0.0325691
-0.0417302
-0.0622236
-0.0813789
-0.0872030
-0.0650846
0.0137670
0.1906836
0.4895776
0.8760339
1.2473479
1.4775637
1.4908913
1.3043757
1.0046278
0.6831383
0.3892427
0.1344054
-0.0737676
-0.2141415
-0.2692146
-0.2508086
-0.1997682
-0.1576024
-0.1398706
-0.1364309
-0.1324744
-0.1248936
-0.1198522
-0.1208063
-0.1235533
-0.1221308
-0.1158901
-0.1092174
-0.1059528
-0.1059013
-0.1063043
-0.1049801
-0.1016454
-0.0975540
-0.0948703
-0.0955561
-0.0993171
-0.1024759
-0.1003053
-0.0917586
-0.0816592
-0.0769914
-0.0802781
-0.0869640
-0.0900346
-0.0872471
-0.0830759
-0.0829909
-0.0863760
-0.0864046
-0.0776518
-0.0631815
-0.0527362
-0.0532114
-0.0614085
-0.0670757
-0.0632663
-0.0530698
-0.0456828
-0.0463430
-0.0510771
-0.0515570
-0.0442279
-0.0337181
-0.0274347
-0.0278404
-0.0306753
-0.0303147
-0.0259489
-0.0220751
-0.0232222
-0.0287688
-0.0333286
-0.0322612
-0.0265390
-0.0218576
-0.0229022
-0.0288624
-0.0350106
-0.0385177
-0.0418255
-0.0495073
-0.0621252
-0.0744963
-0.0809391
-0.0816768
-0.0827351
-0.0891791
-0.0996039
-0.1084053
-0.1129010
-0.1164224
-0.1234852
-0.1330020
-0.1381205
-0.1333799
-0.1209936
-0.1088820
-0.1026250
-0.1004557
-0.0966473
-0.0888182
-0.0804209
-0.0757659
-0.0738742
-0.0687713
-0.0562178
-0.0392502
-0.0259650
-0.0215355
-0.0230286
-0.0227991
-0.0168908
-0.0091885
-0.0066376
-0.0108905
-0.0159483
-0.0146549
-0.0067226
0.0009009
0.0017080
-0.0035518
-0.0086262
-0.0095058
-0.0085668
-0.0103216
-0.0146486
-0.0164893
-0.0125468
-0.0062825
-0.0044629
-0.0093246
-0.0161812
-0.0194723
-0.0195255
-0.0214226
-0.0275136
-0.0333644
-0.0326935
-0.0253874
-0.0184791
-0.0185064
-0.0243743
-0.0293165
-0.0293798
-0.0279299
-0.0307753
-0.0381481
-0.0435618
-0.0410337
-0.0320126
-0.0238995
-0.0222456
-0.0258972
-0.0300491
-0.0322995
-0.0338771
-0.0354757
-0.0345495
-0.0285522
-0.0197720
-0.0144168
-0.0160078
-0.0212304
-0.0239175
-0.0224479
-0.0211281
-0.0237218
-0.0276299
-0.0266578
-0.0191638
-0.0110328
-0.0092284
-0.0137622
-0.0181036
-0.0173618
-0.0138159
-0.0130840
-0.0163420
-0.0187209
-0.0156261
-0.0085759
-0.0032728
-0.0028822
-0.0052100
-0.0066783
-0.0070207
-0.0083794
-0.0107258
-0.0106804
-0.0058900
0.0009504
0.0043176
0.0019342
-0.0030006
-0.0061835
-0.0073061
-0.0092376
-0.0127402
-0.0142523
-0.0101922
-0.0023393
0.0030532
0.0019523
-0.0029897
-0.0057582
-0.0041050
-0.0018488
-0.0036997
-0.0090381
-0.0121477
-0.0085613
-0.0001213
0.0068238
0.0077748
0.0039811
0.0001494
-0.0008844
-0.0005210
-0.0016227
-0.0042686
-0.0051618
-0.0014467
0.0054849
0.0107495
0.0107101
0.0065191
0.0025709
0.0017323
0.0028019
0.0028084
0.0009642
-0.0005924
0.0002233
0.0029071
0.0054309
0.0070090
0.0085312
0.0102152
0.0101738
0.0064415
0.0001289
-0.0045350
-0.0038196
0.0021152
0.0095258
0.0142596
0.0143716
0.0104501
0.0046987
-0.0000273
-0.0015070
0.0001700
0.0022734
0.0019062
-0.0006358
-0.0016893
0.0017421
0.0080373
0.0120460
0.0104932
0.0055825
0.0024527
0.0033146
0.0051131
0.0034988
-0.0015289
-0.0049929
-0.0022890
0.0053943
0.0116847
0.0111679
0.0046183
-0.0020202
-0.0036121
-0.0005426
0.0023605
0.0011249
-0.0034428
-0.0068994
-0.0056898
-0.0002991
0.0056670
0.0088063
0.0081788
0.0050431
0.0013520
-0.0013506
-0.0024040
-0.0022903
-0.0023692
-0.0035764
-0.0049553
-0.0039882
0.0007887
0.0074602
0.0119722
0.0126476
0.0133051
0.0206771
0.0376824
0.0593778
0.0766197
0.0845877
0.0875821
0.0945768
0.1093716
0.1252549
0.1301543
0.1178339
0.0943196
0.0731889
0.0643197
0.0669293
0.0729251
0.0760426
0.0771523
0.0813279
0.0914054
0.1056287
0.1210882
0.1375567
0.1563944
0.1758312
0.1886782
0.1857575
0.1619515
0.1195933
0.0675166
0.0177157
-0.0188360
-0.0370003
-0.0407794
-0.0407209
-0.0448922
-0.0512158
-0.0505738
-0.0391078
-0.0258369
-0.0251591
-0.0419390
-0.0671205
-0.0880369
-0.0956603
-0.0728871
0.0222437
0.2442176
0.6090667
1.0462777
1.4114824
1.5679538
1.4740561
1.2003220
0.8645301
0.5497348
0.2776575
0.0443221
-0.1379324
-0.2414817
-0.2579134
-0.2178708
-0.1705672
-0.1465446
-0.1433070
-0.1430516
-0.1366584
-0.1284072
-0.1239013
-0.1214835
-0.1168642
-0.1110241
-0.1090561
-0.1122436
-0.1153287
-0.1131650
-0.1077120
-0.1057473
-0.1099672
-0.1148306
-0.1125922
-0.1023843
-0.0915884
-0.0879843
-0.0917420
-0.0960255
-0.0949347
-0.0896526
-0.0864001
-0.0891519
-0.0953147
-0.0985965
-0.0953913
-0.0878990
-0.0813991
-0.0791825
-0.0802399
-0.0812069
-0.0798544
-0.0767228
-0.0740177
-0.0733854
-0.0745235
-0.0754127
-0.0738191
-0.0690869
-0.0629068
-0.0581300
-0.0562868
-0.0560984
-0.0547895
-0.0511838
-0.0473167
-0.0465227
-0.0497460
-0.0539950
-0.0547986
-0.0503376
-0.0431598
-0.0379033
-0.0374175
-0.0409308
-0.0455104
-0.0488896
-0.0509621
-0.0530322
-0.0560097
-0.0593029
-0.0612601
-0.0607233
-0.0584319
-0.0570146
-0.0592677
-0.0658956
-0.0746909
-0.0821642
-0.0863630
-0.0881759
-0.0896953
-0.0913300
-0.0910022
-0.0866458
-0.0792987
-0.0729178
-0.0705238
-0.0707448
-0.0689284
-0.0620850
-0.0523763
-0.0450568
-0.0427920
-0.0424946
-0.0383637
-0.0281118
-0.0157544
-0.0078782
-0.0072391
-0.0103824
-0.0116668
-0.0092688
-0.0067063
-0.0083030
-0.0136101
-0.0170634
-0.0135858
-0.0043058
0.0038489
0.0045392
-0.0021450
-0.0103440
-0.0146248
-0.0150589
-0.0161377
-0.0212883
-0.0291434
-0.0352211
-0.0366132
-0.0345116
-0.0324223
-0.0327020
-0.0352051
-0.0387779
-0.0431377
-0.0488206
-0.0555660
-0.0613721
-0.0636393
-0.0615044
-0.0570807
-0.0541358
-0.0550783
-0.0589500
-0.0625288
-0.0637436
-0.0639753
-0.0665297
-0.0725259
-0.0786804
-0.0799482
-0.0747034
-0.0668633
-0.0623020
-0.0632235
-0.0665876
-0.0681104
-0.0670285
-0.0662312
-0.0681166
-0.0714970
-0.0731315
-0.0715535
-0.0683290
-0.0655972
-0.0635298
-0.0610118
-0.0581888
-0.0570022
-0.0587614
-0.0620413
-0.0638752
-0.0628021
-0.0599143
-0.0568955
-0.0540789
-0.0511382
-0.0489061
-0.0490471
-0.0516202
-0.0541921
-0.0545041
-0.0535268
-0.0543750
-0.0577141
-0.0595498
-0.0551418
-0.0450524
-0.0358208
-0.0336439
-0.0379835
-0.0425180
-0.0423076
-0.0387855
-0.0370387
-0.0391618
-0.0418456
-0.0407950
-0.0362274
-0.0327039
-0.0336629
-0.0373483
-0.0389531
-0.0363531
-0.0327070
-0.0329150
-0.0378679
-0.0428145
-0.0417456
-0.0334325
-0.0230749
-0.0178349
-0.0204795
-0.0271882
-0.0315395
-0.0306179
-0.0270814
-0.0252249
-0.0254470
-0.0232904
-0.0142138
0.0012250
0.0177138
0.0307860
0.0413221
0.0537461
0.0699294
0.0857927
0.0945671
0.0932122
0.0851615
0.0768468
0.0720679
0.0698904
0.0673616
0.0634217
0.0599955
0.0597862
0.0634847
0.0691977
0.0746140
0.0800172
0.0892637
0.1069788
0.1333257
0.1607889
0.1770012
0.1725672
0.1473385
0.1091875
0.0667620
0.0241932
-0.0168307
-0.0515796
-0.0720570
-0.0740575
-0.0632028
-0.0513360
-0.0460771
-0.0454484
-0.0437496
-0.0407401
-0.0421742
-0.0517621
-0.0663755
-0.0803694
-0.0885567
-0.0759468
-0.0038258
0.1805164
0.5000722
0.9023096
1.2621032
1.4477266
1.4022745
1.1717458
0.8584817
0.5476317
0.2726727
0.0374335
-0.1466460
-0.2549949
-0.2770032
-0.2370534
-0.1814450
-0.1450434
-0.1326883
-0.1299243
-0.1250539
-0.1180717
-0.1131838
-0.1102032
-0.1057724
-0.0994242
-0.0944306
-0.0928944
-0.0928673
-0.0914385
-0.0889422
-0.0883716
-0.0911269
-0.0948788
-0.0959081
-0.0925805
-0.0861881
-0.0793750
-0.0745310
-0.0729938
-0.0744500
-0.0768882
-0.0781200
-0.0778977
-0.0778484
-0.0786482
-0.0779795
-0.0727130
-0.0633871
-0.0552311
-0.0535090
-0.0580356
-0.0632277
-0.0637169
-0.0592172
-0.0536939
-0.0506669
-0.0501218
-0.0494817
-0.0464290
-0.0406508
-0.0339225
-0.0291344
-0.0283457
-0.0305603
-0.0316692
-0.0280977
-0.0211971
-0.0168726
-0.0193988
-0.0257926
-0.0278605
-0.0206990
-0.0084889
-0.0009449
-0.0041833
-0.0156821
-0.0277853
-0.0348516
-0.0366693
-0.0364552
-0.0373273
-0.0406267
-0.0458867
-0.0512812
-0.0548687
-0.0567156
-0.0597214
-0.0670612
-0.0782144
-0.0884481
-0.0933789
-0.0939244
-0.0956829
-0.1028850
-0.1134031
-0.1202207
-0.1176931
-0.1062318
-0.0914419
-0.0794655
-0.0729728
-0.0704422
-0.0683388
-0.0642069
-0.0584791
-0.0535537
-0.0507722
-0.0483004
-0.0426567
-0.0328164
-0.0223427
-0.0165659
-0.0173850
-0.0212934
-0.0228099
-0.0195982
-0.0141209
-0.0108691
-0.0125389
-0.0183963
-0.0250970
-0.0286457
-0.0266692
-0.0202266
-0.0135169
-0.0106821
-0.0121070
-0.0142673
-0.0138852
-0.0119880
-0.0130452
-0.0199237
-0.0303508
-0.0387487
-0.0411231
