-0.1483059
-0.1933812
-0.2145895
-0.1864772
-0.1485620
-0.1647481
-0.2502544
-0.3465532
-0.3736399
-0.3058940
-0.1950571
-0.1218348
-0.1282873
-0.1932956
-0.2630842
-0.2986769
-0.2987181
-0.2884299
-0.2933177
-0.3193723
-0.3501949
-0.3603837
-0.3360110
-0.2870583
-0.2404086
-0.2183607
-0.2226011
-0.2387448
-0.2544194
-0.2691496
-0.2845916
-0.2868737
-0.2419828
-0.1117052
0.1208934
0.4326143
0.7576356
1.0048486
1.0931408
0.9913491
0.7380176
0.4229149
0.1407746
-0.0487005
-0.1298175
-0.1170406
-0.0437343
0.0392992
0.0743599
0.0292248
-0.0712733
-0.1543726
-0.1561360
-0.0792928
0.0057730
0.0233018
-0.0398519
-0.1258954
-0.1639461
-0.1351519
-0.0813679
-0.0534856
-0.0574401
-0.0555139
-0.0183987
0.0336389
0.0504452
0.0123301
-0.0393988
-0.0418501
0.0206075
0.0965399
0.1219649
0.0886407
0.0484770
0.0509145
0.0886284
0.1147271
0.1064745
0.0946456
0.1223290
0.1857187
0.2317305
0.2169025
0.1575573
0.1129597
0.1229560
0.1710976
0.2088767
0.2061417
0.1715135
0.1309082
0.1002173
0.0837002
0.0881713
0.1227791
0.1790806
0.2198826
0.2016830
0.1163391
0.0089536
-0.0534011
-0.0384524
0.0229646
0.0679868
0.0646351
0.0427763
0.0577138
0.1218731
0.1799586
0.1619998
0.0629251
-0.0398290
-0.0585384
0.0141049
0.0943737
0.0932731
0.0093877
-0.0707964
-0.0646209
0.0233351
0.1142325
0.1433222
0.1214447
0.1041127
0.1116271
0.0999546
0.0231150
-0.0799816
-0.0787969
0.1472891
0.5847804
1.0595654
1.3454072
1.3214795
1.0471048
0.6966121
0.4208871
0.2584993
0.1597212
0.0755956
0.0122961
0.0037091
0.0487622
0.0930341
0.0770878
-0.0034369
-0.0925660
-0.1288316
-0.1029416
-0.0623004
-0.0625742
-0.1154011
-0.1787674
-0.1944036
-0.1380654
-0.0423369
0.0254486
0.0148717
-0.0648533
-0.1478396
-0.1642830
-0.1023739
-0.0226979
-0.0061491
-0.0796125
-0.1893178
-0.2486720
-0.2158366
-0.1284575
-0.0659608
-0.0785502
-0.1488269
-0.2156226
-0.2311606
-0.1980865
-0.1586630
-0.1532596
-0.1877046
-0.2350719
-0.2649495
-0.2707981
-0.2707700
-0.2839318
-0.3077221
-0.3200155
-0.3023160
-0.2582574
-0.2084574
-0.1699038
-0.1434855
-0.1208203
-0.0986101
-0.0827039
-0.0791165
-0.0848806
-0.0898703
-0.0867009
-0.0776446
-0.0726131
-0.0811474
-0.1042869
-0.1311799
-0.1447108
-0.1359770
-0.1164386
-0.1117655
-0.1372093
-0.1787043
-0.2042633
-0.1974005
-0.1746648
-0.1640052
-0.1682561
-0.1603994
-0.1208169
-0.0714925
-0.0592697
-0.1015272
-0.1605318
-0.1848561
-0.1722709
-0.1716407
-0.2079145
-0.2138542
-0.0626286
0.3088766
0.8044963
1.2071605
1.3296027
1.1450588
0.7867863
0.4319558
0.1841120
0.0460781
-0.0267121
-0.0685052
-0.0913000
-0.1031683
-0.1168191
-0.1387061
-0.1611118
-0.1724157
-0.1721225
-0.1700404
-0.1716748
-0.1713089
-0.1630107
-0.1534422
-0.1560542
-0.1719152
-0.1837750
-0.1756853
-0.1562678
-0.1544238
-0.1873626
-0.2361479
-0.2594702
-0.2343971
-0.1807122
-0.1411115
-0.1375973
-0.1515710
-0.1494066
-0.1241448
-0.1054387
-0.1258562
-0.1812319
-0.2296506
-0.2311993
-0.1871106
-0.1387781
-0.1293723
-0.1672401
-0.2248028
-0.2686485
-0.2872575
-0.2908445
-0.2903113
-0.2823398
-0.2561055
-0.2109517
-0.1633582
-0.1349312
-0.1338834
-0.1486916
-0.1594642
-0.1549353
-0.1392691
-0.1253313
-0.1240363
-0.1388462
-0.1654289
-0.1931345
-0.2091099
-0.2062916
-0.1897575
-0.1734295
-0.1684901
-0.1753739
-0.1876838
-0.2017281
-0.2184436
-0.2354132
-0.2419471
-0.2281884
-0.1995770
-0.1762942
-0.1731433
-0.1820468
-0.1807312
-0.1604168
-0.1395979
-0.1451594
-0.1810265
-0.2205130
-0.2316666
-0.2076436
-0.1701994
-0.1463685
-0.1471407
-0.1692472
-0.2088683
-0.2608980
-0.2995962
-0.2685032
-0.1069560
0.1971116
0.5729065
0.8885634
1.0220300
0.9326430
0.6820062
0.3902430
0.1614375
0.0321643
-0.0257807
-0.0618444
-0.1034609
-0.1447919
-0.1667889
-0.1630227
-0.1469119
-0.1374350
-0.1407259
-0.1463187
-0.1402941
-0.1209476
-0.1015500
-0.0980518
-0.1135900
-0.1346846
-0.1437192
-0.1362532
-0.1247885
-0.1233426
-0.1294802
-0.1261548
-0.1037006
-0.0762120
-0.0696909
-0.0919630
-0.1191729
-0.1187396
-0.0870957
-0.0592671
-0.0746722
-0.1329049
-0.1884134
-0.1928249
-0.1415460
-0.0766983
-0.0459404
-0.0612810
-0.0962737
-0.1168869
-0.1109855
-0.0909818
-0.0751895
-0.0708262
-0.0725816
-0.0714590
-0.0613188
-0.0389515
-0.0031206
0.0429046
0.0881387
0.1159196
0.1131494
0.0819526
0.0439552
0.0289084
0.0513976
0.0947281
0.1211081
0.1043565
0.0562249
0.0193667
0.0308022
0.0887974
0.1537366
0.1821061
0.1625368
0.1221529
0.0997381
0.1116331
0.1398367
0.1496801
0.1199535
0.0611332
0.0082334
-0.0063693
0.0207685
0.0610056
0.0780898
0.0598228
0.0281596
0.0179250
0.0438313
0.0871084
0.1147176
0.1120112
0.0952088
0.0905215
0.1035587
0.1146868
0.1059910
0.0866105
0.0836040
0.1075043
0.1348923
0.1323521
0.0962822
0.0610473
0.0628805
0.0997917
0.1345998
0.1377579
0.1187866
0.1098755
0.1249211
0.1460376
0.1514342
0.1449212
0.1480453
0.1672152
0.1810231
0.1655161
0.1249422
0.0877636
0.0721607
0.0650363
0.0422744
0.0049792
-0.0159674
0.0039550
0.0492220
0.0756803
0.0562960
0.0096404
-0.0205631
-0.0115254
0.0168298
0.0258373
-0.0001278
-0.0391473
-0.0581866
-0.0492813
-0.0350685
-0.0392471
-0.0576393
-0.0641424
-0.0451733
-0.0223146
-0.0331266
-0.0840867
-0.1224511
-0.0613579
0.1556115
0.5024137
0.8741653
1.1431122
1.2250984
1.1149458
0.8770808
0.6043463
0.3703250
0.2010985
0.0811417
-0.0148430
-0.0926967
-0.1379482
-0.1414831
-0.1223207
-0.1193278
-0.1558530
-0.2130123
-0.2428059
-0.2118979
-0.1332866
-0.0547226
-0.0172251
-0.0250332
-0.0521331
-0.0725034
-0.0819696
-0.0934893
-0.1158653
-0.1404149
-0.1492474
-0.1351764
-0.1114620
-0.1009723
-0.1153982
-0.1439682
-0.1615809
-0.1496502
-0.1125699
-0.0753834
-0.0633089
-0.0803994
-0.1064449
-0.1144195
-0.0923106
-0.0515834
-0.0181673
-0.0147661
-0.0462900
-0.0961568
-0.1351557
-0.1385404
-0.1023045
-0.0481049
-0.0105167
-0.0119481
-0.0437895
-0.0722229
-0.0665261
-0.0246582
0.0275405
0.0605437
0.0637417
0.0471806
0.0263775
0.0083825
-0.0089665
-0.0286552
-0.0493286
-0.0687931
-0.0887292
-0.1111657
-0.1299532
-0.1308212
-0.1053316
-0.0655666
-0.0412320
-0.0570204
-0.1088658
-0.1618909
-0.1754623
-0.1361354
-0.0697989
-0.0213146
-0.0189988
-0.0538311
-0.0883478
-0.0857833
-0.0379649
0.0265626
0.0615877
0.0394300
-0.0232934
-0.0764644
-0.0797728
-0.0398742
-0.0031540
-0.0084791
-0.0477557
-0.0770742
-0.0672469
-0.0368671
-0.0291092
-0.0594524
-0.0973045
-0.1035220
-0.0772267
-0.0553941
-0.0686243
-0.1083680
-0.1413878
-0.1472817
-0.1323884
-0.1111724
-0.0891747
-0.0728958
-0.0857359
-0.1512026
-0.2463704
-0.2808554
-0.1468219
0.1875336
0.6251598
0.9850013
1.1154964
0.9881536
0.7019811
0.4035998
0.1912584
0.0749214
0.0102566
-0.0393700
-0.0743146
-0.0807219
-0.0655900
-0.0594548
-0.0842955
-0.1264531
-0.1486815
-0.1297973
-0.0873673
-0.0574962
-0.0557110
-0.0647323
-0.0612667
-0.0465214
-0.0431342
-0.0647698
-0.0969630
-0.1112917
-0.0950963
-0.0640218
-0.0464446
-0.0581156
-0.0915089
-0.1257434
-0.1427861
-0.1350596
-0.1045247
-0.0615873
-0.0244845
-0.0122051
-0.0313531
-0.0689262
-0.0999059
-0.1038108
-0.0768917
-0.0328367
0.0059358
0.0205749
0.0059136
-0.0263917
-0.0540449
-0.0574729
-0.0327326
0.0064489
0.0414888
0.0656463
0.0863949
0.1100986
0.1283604
0.1252498
0.0981591
0.0660509
0.0529573
0.0640914
0.0806823
0.0788452
0.0523744
0.0164222
-0.0097407
-0.0207678
-0.0254066
-0.0323209
-0.0404472
-0.0434944
-0.0395535
-0.0335717
-0.0322202
-0.0383108
-0.0489737
-0.0578614
-0.0605343
-0.0592646
-0.0612855
-0.0704376
-0.0814848
-0.0854235
-0.0813970
-0.0809718
-0.0961981
-0.1207676
-0.1266465
-0.0889521
-0.0209786
0.0206245
-0.0189971
-0.1283635
-0.2079358
-0.1258321
0.1807682
0.6366876
1.0545897
1.2476081
1.1489083
0.8469117
0.5113757
0.2749573
0.1650972
0.1268235
0.0962121
0.0527851
0.0153153
0.0036179
0.0129814
0.0229016
0.0212281
0.0132033
0.0094584
0.0124876
0.0170164
0.0184844
0.0167766
0.0134785
0.0091849
0.0034941
-0.0045562
-0.0162911
-0.0320611
-0.0492142
-0.0618306
-0.0637720
-0.0536551
-0.0372444
-0.0233207
-0.0160961
-0.0132742
-0.0127022
-0.0179095
-0.0331441
-0.0540513
-0.0682497
-0.0674612
-0.0571117
-0.0519995
-0.0627228
-0.0866225
-0.1111144
-0.1249886
-0.1263064
-0.1201029
-0.1108570
-0.0997182
-0.0877481
-0.0769760
-0.0661331
-0.0492825
-0.0233187
0.0038255
0.0167107
0.0069297
-0.0158379
-0.0289712
-0.0161231
0.0161477
0.0418522
0.0389379
0.0101140
-0.0214266
-0.0367669
-0.0385804
-0.0432387
-0.0601292
-0.0827202
-0.0984057
-0.1021558
-0.0979020
-0.0890884
-0.0736584
-0.0519027
-0.0356190
-0.0410283
-0.0688562
-0.0971392
-0.1011533
-0.0800029
-0.0577977
-0.0571439
-0.0757450
-0.0919480
-0.0911269
-0.0829553
-0.0910695
-0.1261274
-0.1709743
-0.1949432
-0.1835833
-0.1525299
-0.1306626
-0.1307112
-0.1384375
-0.1318806
-0.1113439
-0.1072337
-0.1494842
-0.2203196
-0.2395384
-0.1126341
0.1877877
0.5790499
0.9090358
1.0518094
0.9821962
0.7752634
0.5412515
0.3539469
0.2245167
0.1260549
0.0329371
-0.0602555
-0.1438736
-0.2049251
-0.2348770
-0.2353203
-0.2206337
-0.2112124
-0.2187894
-0.2370757
-0.2479862
-0.2386053
-0.2136922
-0.1920423
-0.1891067
-0.2020660
-0.2128121
-0.2058998
-0.1820202
-0.1539338
-0.1325193
-0.1187483
-0.1066741
-0.0911573
-0.0731816
-0.0592597
-0.0553925
-0.0614564
-0.0726730
-0.0857234
-0.0998632
-0.1113468
-0.1117552
-0.0969413
-0.0771072
-0.0733622
-0.1000027
-0.1484749
-0.1905324
-0.2015647
-0.1835754
-0.1633720
-0.1657168
-0.1899590
-0.2151450
-0.2244144
-0.2187770
-0.2085340
-0.1990716
-0.1890142
-0.1781821
-0.1715980
-0.1743568
-0.1848409
-0.1954996
-0.2007509
-0.2017020
-0.2007204
-0.1940265
-0.1759305
-0.1515789
-0.1385767
-0.1498004
-0.1767499
-0.1954919
-0.1899867
-0.1669272
-0.1471225
-0.1441932
-0.1527598
-0.1570845
-0.1498682
-0.1399765
-0.1403927
-0.1518618
-0.1630426
-0.1656981
-0.1638883
-0.1662561
-0.1737382
-0.1786517
-0.1745016
-0.1639428
-0.1563972
-0.1578794
-0.1635620
-0.1624320
-0.1506845
-0.1379787
-0.1370548
-0.1482147
-0.1576632
-0.1517401
-0.1309972
-0.1103006
-0.1058387
-0.1202316
-0.1385872
-0.1410927
-0.1221481
-0.0963243
-0.0838947
-0.0917966
-0.1098728
-0.1230188
-0.1240589
-0.1161246
-0.1056845
-0.0944346
-0.0783439
-0.0553267
-0.0322801
-0.0210445
-0.0269858
-0.0445048
-0.0638376
-0.0781828
-0.0830685
-0.0739016
-0.0495664
-0.0192140
-0.0032702
-0.0232427
-0.0821161
-0.1469228
-0.1525679
-0.0361454
0.2161729
0.5448445
0.8372135
0.9836765
0.9376950
0.7419903
0.4997179
0.3072595
0.1987584
0.1440854
0.0937397
0.0257178
-0.0430570
-0.0812750
-0.0760392
-0.0444128
-0.0154004
-0.0023854
0.0045990
0.0202615
0.0428098
0.0545064
0.0415532
0.0112606
-0.0101386
0.0017889
0.0463884
0.0938169
0.1087572
0.0822567
0.0394687
0.0154565
0.0254830
0.0584642
0.0940276
0.1216019
0.1437479
0.1644442
0.1784233
0.1767379
0.1633443
0.1587235
0.1791443
0.2144597
0.2351339
0.2238338
0.1946432
0.1773816
0.1853357
0.2017006
0.1985516
0.1685870
0.1359837
0.1325022
0.1629799
0.1993223
0.2107505
0.1954323
0.1790387
0.1864306
0.2191802
0.2574981
0.2786120
0.2740196
0.2531299
0.2315125
0.2154036
0.1985691
0.1732513
0.1403297
0.1078265
0.0829668
0.0672368
0.0566954
0.0463456
0.0362725
0.0326129
0.0392233
0.0500471
0.0551173
0.0539780
0.0573736
0.0739135
0.0992512
0.1204670
0.1288716
0.1278450
0.1296364
0.1434586
0.1647681
0.1782522
0.1739972
0.1582778
0.1452997
0.1411659
0.1400310
0.1337114
0.1206342
0.1064671
0.0992613
0.1028448
0.1126375
0.1194002
0.1183593
0.1123039
0.1054890
0.0991043
0.0941687
0.0934633
0.0973444
0.1015066
0.1015297
0.0962667
0.0854834
0.0692898
0.0527349
0.0462337
0.0565953
0.0781534
0.0943229
0.0883699
0.0558333
0.0106139
-0.0222360
-0.0243464
0.0033446
0.0434165
0.0707066
0.0578902
-0.0106210
-0.1094819
-0.1575406
-0.0558572
0.2340115
0.6380615
0.9981450
1.1663616
1.0955500
0.8583636
0.5841332
0.3694839
0.2356103
0.1529992
0.0906248
0.0407420
0.0124999
0.0145479
0.0408281
0.0672132
0.0663388
0.0323181
-0.0112171
-0.0320844
-0.0178124
0.0169251
0.0456588
0.0502694
0.0308505
0.0006959
-0.0275186
-0.0493075
-0.0620642
-0.0586718
-0.0361997
-0.0078530
0.0045296
-0.0080081
-0.0338592
-0.0549841
-0.0628412
-0.0610996
-0.0594767
-0.0656080
-0.0781723
-0.0882941
-0.0909473
-0.0919295
-0.0991350
-0.1108233
-0.1181028
-0.1155502
-0.1038154
-0.0850548
-0.0612388
-0.0344788
-0.0054066
0.0255878
0.0540880
0.0751757
0.0938781
0.1238864
0.1704440
0.2206343
0.2554536
0.2665567
0.2587143
0.2428641
0.2299569
0.2243016
0.2186511
0.2010681
0.1690462
0.1319424
0.0990735
0.0711648
0.0429216
0.0081149
-0.0351908
-0.0768878
-0.0965510
-0.0841334
-0.0572967
-0.0467913
-0.0639467
-0.0913060
-0.1048630
-0.0972470
-0.0795531
-0.0676233
-0.0666021
-0.0659833
-0.0538911
-0.0372842
-0.0365862
-0.0541216
-0.0625228
-0.0400326
-0.0097545
-0.0246648
-0.1054143
-0.1938203
-0.1716391
0.0570229
0.4719188
0.9129563
1.1718314
1.1377331
0.8679212
0.5239232
0.2464242
0.0805892
-0.0099790
-0.0795200
-0.1459241
-0.1873009
-0.1852670
-0.1598266
-0.1496841
-0.1671747
-0.1918989
-0.2051796
-0.2100739
-0.2170175
-0.2293466
-0.2465083
-0.2662698
-0.2809663
-0.2828272
-0.2725765
-0.2549667
-0.2333359
-0.2182520
-0.2283615
-0.2665785
-0.3066173
-0.3199538
-0.3063204
-0.2839803
-0.2644930
-0.2529507
-0.2563150
-0.2716963
-0.2800238
-0.2692893
-0.2514432
-0.2427039
-0.2430011
-0.2463452
-0.2519544
-0.2544992
-0.2457357
-0.2344508
-0.2379845
-0.2468688
-0.2313162
-0.1923268
-0.1690292
-0.1826186
-0.2102776
-0.2258885
-0.2271835
-0.2145779
-0.1885370
-0.1751786
-0.2029981
-0.2469935
-0.2531100
-0.2236735
-0.2126481
-0.2327268
-0.2483309
-0.2668583
-0.3321980
-0.4012475
-0.3476033
-0.1505523
