-0.1737019
-0.1999746
-0.1378594
-0.0991242
-0.1117987
-0.1204142
-0.0996915
-0.0807063
-0.0811771
-0.0852858
-0.0879887
-0.0987434
-0.1048324
-0.0836860
-0.0490446
-0.0384335
-0.0566973
-0.0727517
-0.0699274
-0.0622665
-0.0623092
-0.0657035
-0.0676770
-0.0684058
-0.0643320
-0.0555765
-0.0554099
-0.0721437
-0.0908004
-0.0932601
-0.0869008
-0.0925312
-0.1123573
-0.1296097
-0.1336915
-0.1294748
-0.1273988
-0.1364853
-0.1597793
-0.1870268
-0.2007952
-0.1972792
-0.1898608
-0.1863150
-0.1779277
-0.1597080
-0.1449110
-0.1466657
-0.1573241
-0.1589355
-0.1466402
-0.1319066
-0.1274900
-0.1348290
-0.1426441
-0.1375131
-0.1207469
-0.1101640
-0.1154934
-0.1190734
-0.0986028
-0.0675994
-0.0718830
-0.1340182
-0.2074409
-0.1916143
0.0037927
0.3925770
0.8847179
1.3198847
1.5488669
1.5101554
1.2500857
0.8837525
0.5323073
0.2697325
0.1005327
-0.0178108
-0.1225045
-0.2113290
-0.2575979
-0.2483047
-0.1999104
-0.1434132
-0.1027253
-0.0836427
-0.0757622
-0.0657322
-0.0517420
-0.0427056
-0.0433491
-0.0473565
-0.0477941
-0.0467835
-0.0502716
-0.0584067
-0.0648144
-0.0620183
-0.0468897
-0.0253471
-0.0109312
-0.0121304
-0.0211578
-0.0221104
-0.0101990
0.0044318
0.0123170
0.0161945
0.0247145
0.0405754
0.0576079
0.0667454
0.0644533
0.0570666
0.0546514
0.0584099
0.0586025
0.0490329
0.0385665
0.0420230
0.0630082
0.0918748
0.1180144
0.1381721
0.1543913
0.1694963
0.1848919
0.2001052
0.2147729
0.2310328
0.2508458
0.2711097
0.2865097
0.2978039
0.3109736
0.3264345
0.3362948
0.3363342
0.3345443
0.3416383
0.3555050
0.3600217
0.3400313
0.2966668
0.2475459
0.2097919
0.1816703
0.1450425
0.0894558
0.0284859
-0.0150902
-0.0368649
-0.0539988
-0.0808539
-0.1109531
-0.1274420
-0.1255438
-0.1185373
-0.1219182
-0.1352746
-0.1429699
-0.1338950
-0.1171732
-0.1125409
-0.1256469
-0.1407443
-0.1411423
-0.1295289
-0.1216464
-0.1247361
-0.1301253
-0.1261300
-0.1120728
-0.0981068
-0.0940919
-0.1000143
-0.1070832
-0.1079851
-0.1042355
-0.1015284
-0.1006666
-0.0980606
-0.0938272
-0.0928527
-0.0967681
-0.1008749
-0.1016670
-0.1026794
-0.1091251
-0.1189969
-0.1227166
-0.1120655
-0.0894420
-0.0680983
-0.0609158
-0.0674050
-0.0744619
-0.0721285
-0.0649126
-0.0635372
-0.0689859
-0.0710001
-0.0618432
-0.0461730
-0.0359424
-0.0384968
-0.0506775
-0.0630316
-0.0692009
-0.0711478
-0.0744089
-0.0794662
-0.0813542
-0.0779456
-0.0739290
-0.0744059
-0.0784718
-0.0822131
-0.0852904
-0.0912654
-0.1025458
-0.1169664
-0.1287548
-0.1326258
-0.1285456
-0.1224600
-0.1204708
-0.1228504
-0.1260077
-0.1287646
-0.1325390
-0.1359085
-0.1342931
-0.1270401
-0.1212183
-0.1253157
-0.1398971
-0.1560167
-0.1634865
-0.1612966
-0.1591611
-0.1662945
-0.1788142
-0.1828058
-0.1718836
-0.1564796
-0.1508746
-0.1549755
-0.1560226
-0.1473762
-0.1377744
-0.1383093
-0.1450412
-0.1413565
-0.1190296
-0.0916404
-0.0800689
-0.0845496
-0.0809542
-0.0539947
-0.0285592
-0.0504676
-0.1248829
-0.1791985
-0.1006554
0.1774642
0.6160458
1.0845413
1.4323153
1.5619081
1.4616200
1.1925644
0.8515325
0.5309971
0.2871269
0.1255428
0.0154253
-0.0743347
-0.1472979
-0.1858005
-0.1807638
-0.1493782
-0.1223995
-0.1178312
-0.1288357
-0.1352908
-0.1254820
-0.1070709
-0.0976935
-0.1056264
-0.1211034
-0.1267935
-0.1149087
-0.0933045
-0.0768406
-0.0737672
-0.0784644
-0.0762475
-0.0572588
-0.0269470
-0.0011771
0.0097449
0.0099214
0.0100393
0.0139588
0.0157889
0.0089164
-0.0046171
-0.0143412
-0.0108862
0.0044270
0.0203830
0.0275260
0.0279959
0.0318341
0.0446688
0.0620554
0.0758520
0.0831649
0.0880406
0.0962018
0.1091004
0.1226223
0.1319167
0.1378077
0.1466853
0.1625556
0.1811369
0.1946677
0.2020072
0.2114515
0.2329672
0.2683361
0.3084382
0.3397707
0.3550477
0.3585610
0.3602641
0.3642436
0.3647488
0.3541099
0.3319890
0.3048398
0.2776988
0.2486393
0.2113662
0.1628300
0.1085460
0.0596438
0.0230833
-0.0046438
-0.0319316
-0.0606195
-0.0831427
-0.0919894
-0.0895694
-0.0870012
-0.0939652
-0.1104491
-0.1278664
-0.1381262
-0.1419037
-0.1472290
-0.1594030
-0.1740903
-0.1822568
-0.1806793
-0.1751421
-0.1735407
-0.1777643
-0.1824346
-0.1804603
-0.1700944
-0.1573490
-0.1507951
-0.1532037
-0.1590840
-0.1608086
-0.1556578
-0.1462863
-0.1365302
-0.1285889
-0.1229998
-0.1194702
-0.1179712
-0.1195455
-0.1249562
-0.1318879
-0.1349426
-0.1299455
-0.1182244
-0.1062553
-0.1008939
-0.1038674
-0.1099583
-0.1118157
-0.1082098
-0.1061121
-0.1118623
-0.1212270
-0.1222668
-0.1093559
-0.0913208
-0.0830250
-0.0896732
-0.1015195
-0.1048712
-0.0975713
-0.0918140
-0.1000522
-0.1190926
-0.1314546
-0.1238669
-0.1018986
-0.0841514
-0.0837918
-0.0980159
-0.1138195
-0.1206500
-0.1175868
-0.1114738
-0.1099243
-0.1151143
-0.1226131
-0.1254385
-0.1198187
-0.1087069
-0.1005724
-0.1029176
-0.1145537
-0.1251427
-0.1253042
-0.1170368
-0.1108816
-0.1121464
-0.1136952
-0.1050590
-0.0865389
-0.0707694
-0.0698931
-0.0832615
-0.0993035
-0.1090476
-0.1157036
-0.1290031
-0.1509969
-0.1710229
-0.1766134
-0.1670997
-0.1539263
-0.1490206
-0.1555527
-0.1688798
-0.1826599
-0.1929777
-0.1991191
-0.2025284
-0.2047868
-0.2057072
-0.2032795
-0.1958689
-0.1849580
-0.1755997
-0.1727010
-0.1756190
-0.1779077
-0.1749978
-0.1712992
-0.1758529
-0.1900298
-0.2034029
-0.2044750
-0.1925954
-0.1752633
-0.1552371
-0.1269012
-0.0900686
-0.0644870
-0.0802981
-0.1422583
-0.1988565
-0.1546762
0.0698426
0.4731452
0.9544205
1.3589768
1.5564770
1.5030671
1.2538720
0.9229843
0.6175280
0.3877185
0.2232387
0.0907193
-0.0244123
-0.1072791
-0.1374830
-0.1186208
-0.0817115
-0.0595674
-0.0601580
-0.0671177
-0.0640819
-0.0531999
-0.0481136
-0.0537075
-0.0587312
-0.0491118
-0.0251828
-0.0031436
0.0008293
-0.0128577
-0.0276400
-0.0286603
-0.0195041
-0.0191443
-0.0414781
-0.0790781
-0.1082064
-0.1097535
-0.0855560
-0.0554424
-0.0389971
-0.0397056
-0.0459299
-0.0457443
-0.0385238
-0.0315703
-0.0286564
-0.0256840
-0.0172873
-0.0041634
0.0079912
0.0154902
0.0209849
0.0306416
0.0473559
0.0671363
0.0829545
0.0925786
0.1019907
0.1205025
0.1526020
0.1940644
0.2346394
0.2646353
0.2813755
0.2910969
0.3034888
0.3225051
0.3425199
0.3544226
0.3553903
0.3519514
0.3531899
0.3608943
0.3664975
0.3585907
0.3341806
0.3014473
0.2697879
0.2381661
0.1964434
0.1393281
0.0766022
0.0268002
0.0002878
-0.0105375
-0.0236490
-0.0498030
-0.0825581
-0.1061368
-0.1127909
-0.1107704
-0.1143808
-0.1279384
-0.1416296
-0.1427410
-0.1290968
-0.1110946
-0.1016025
-0.1042819
-0.1114747
-0.1134826
-0.1096257
-0.1090154
-0.1198036
-0.1387083
-0.1523935
-0.1491837
-0.1292297
-0.1039790
-0.0864721
-0.0817688
-0.0857869
-0.0921945
-0.0986934
-0.1056948
-0.1109349
-0.1091628
-0.0984296
-0.0843980
-0.0759910
-0.0767205
-0.0813180
-0.0812505
-0.0736030
-0.0647617
-0.0650847
-0.0791102
-0.1004570
-0.1162507
-0.1167817
-0.1022054
-0.0821782
-0.0696181
-0.0720739
-0.0859614
-0.0993215
-0.1025765
-0.0973895
-0.0937811
-0.0982252
-0.1060960
-0.1071212
-0.0977509
-0.0863967
-0.0849700
-0.0953987
-0.1065766
-0.1064942
-0.0963344
-0.0896045
-0.0964633
-0.1112614
-0.1176612
-0.1054981
-0.0814199
-0.0633329
-0.0650097
-0.0850694
-0.1092528
-0.1229209
-0.1221436
-0.1139967
-0.1076275
-0.1059276
-0.1051519
-0.1009923
-0.0941557
-0.0900029
-0.0925820
-0.0991403
-0.1017478
-0.0954441
-0.0840793
-0.0766636
-0.0779535
-0.0836243
-0.0847331
-0.0762644
-0.0615796
-0.0493566
-0.0460445
-0.0505202
-0.0560757
-0.0579683
-0.0584975
-0.0637464
-0.0753565
-0.0864847
-0.0870041
-0.0736814
-0.0554837
-0.0475541
-0.0580594
-0.0807097
-0.1014718
-0.1127234
-0.1191183
-0.1290106
-0.1424046
-0.1499557
-0.1439029
-0.1281030
-0.1157698
-0.1170970
-0.1297377
-0.1421041
-0.1455879
-0.1420433
-0.1388338
-0.1387119
-0.1371888
-0.1295238
-0.1173768
-0.1066239
-0.0995329
-0.0917230
-0.0794093
-0.0701811
-0.0823406
-0.1241363
-0.1650381
-0.1289958
0.0686177
0.4546751
0.9513702
1.3949617
1.6205677
1.5580037
1.2677736
0.8903847
0.5521451
0.3028211
0.1245274
-0.0153239
-0.1248395
-0.1913535
-0.2084512
-0.1898647
-0.1579664
-0.1255756
-0.0933210
-0.0619414
-0.0401231
-0.0364089
-0.0465165
-0.0545263
-0.0485713
-0.0327866
-0.0217388
-0.0245194
-0.0366170
-0.0471053
-0.0511400
-0.0532018
-0.0584462
-0.0637120
-0.0600305
-0.0441838
-0.0249101
-0.0150637
-0.0180680
-0.0242199
-0.0210929
-0.0066057
0.0089309
0.0135135
0.0059242
-0.0024525
0.0015758
0.0202493
0.0428812
0.0562154
0.0560893
0.0492467
0.0454346
0.0490827
0.0582187
0.0699590
0.0857835
0.1106061
0.1463165
0.1869242
0.2214751
0.2426095
0.2523301
0.2596540
0.2730010
0.2941266
0.3178086
0.3367183
0.3474616
0.3530116
0.3597291
0.3720637
0.3896171
0.4078178
0.4200185
0.4194960
0.4018019
0.3672612
0.3216003
0.2732113
0.2283005
0.1874075
0.1464596
0.1019764
0.0555094
0.0123188
-0.0243386
-0.0562600
-0.0867871
-0.1153442
-0.1370885
-0.1481403
-0.1502788
-0.1500635
-0.1533750
-0.1605059
-0.1662740
-0.1653395
-0.1581189
-0.1515317
-0.1531694
-0.1637108
-0.1746590
-0.1745617
-0.1595114
-0.1384227
-0.1263500
-0.1304546
-0.1427194
-0.1482180
-0.1406868
-0.1281760
-0.1228581
-0.1274073
-0.1333499
-0.1317391
-0.1225893
-0.1127390
-0.1065947
-0.1020439
-0.0958349
-0.0897967
-0.0885547
-0.0919493
-0.0936366
-0.0888976
-0.0809971
-0.0766515
-0.0764492
-0.0738165
-0.0648188
-0.0558981
-0.0582325
-0.0741790
-0.0921429
-0.0973795
-0.0875812
-0.0756434
-0.0761604
-0.0908942
-0.1092406
-0.1215815
-0.1288621
-0.1381257
-0.1514229
-0.1621483
-0.1623979
-0.1521330
-0.1400994
-0.1360477
-0.1422905
-0.1522190
-0.1561719
-0.1491093
-0.1350724
-0.1270746
-0.1415806
-0.1854099
-0.2376040
-0.2398748
-0.1136358
0.1931192
0.6536182
1.1463216
1.5013018
1.5905085
1.4025406
1.0450810
0.6709531
0.3847031
0.1998032
0.0692285
-0.0503059
-0.1603072
-0.2335442
-0.2525327
-0.2303601
-0.1970840
-0.1724425
-0.1552200
-0.1361429
-0.1148597
-0.1011208
-0.1017017
-0.1107995
-0.1157191
-0.1111012
-0.1050096
-0.1091316
-0.1234941
-0.1336564
-0.1254406
-0.1017350
-0.0816777
-0.0815317
-0.0978138
-0.1115143
-0.1087578
-0.0948124
-0.0860447
-0.0895694
-0.0944129
-0.0846396
-0.0590171
-0.0337574
-0.0247821
-0.0302346
-0.0332982
-0.0211383
0.0022056
0.0224921
0.0322040
0.0384236
0.0542098
0.0841463
0.1195869
0.1475975
0.1633692
0.1736057
0.1888235
0.2133633
0.2424818
0.2678486
0.2853411
0.2980167
0.3118990
0.3288788
0.3442930
0.3523333
0.3533783
0.3540533
0.3588835
0.3630882
0.3557940
0.3310315
0.2942061
0.2561243
0.2207239
0.1806010
0.1263960
0.0600641
-0.0035843
-0.0500473
-0.0788674
-0.1025936
-0.1321598
-0.1647998
-0.1871919
-0.1898155
-0.1772785
-0.1643852
-0.1624047
-0.1694154
-0.1739766
-0.1676919
-0.1534787
-0.1414946
-0.1378958
-0.1386763
-0.1348138
-0.1228871
-0.1097521
-0.1061491
-0.1158679
-0.1321334
-0.1451348
-0.1520168
-0.1578910
-0.1673586
-0.1774973
-0.1810772
-0.1759569
-0.1691294
-0.1702921
-0.1818313
-0.1960373
-0.2025527
-0.1983976
-0.1905040
-0.1885216
-0.1951737
-0.2031475
-0.2009340
-0.1825075
-0.1531907
-0.1268042
-0.1153190
-0.1188883
-0.1256984
-0.1231631
-0.1101296
-0.0972037
-0.0942280
-0.0983788
-0.0965471
-0.0801685
-0.0562199
-0.0414254
-0.0452005
-0.0600839
-0.0705027
-0.0698651
-0.0665050
-0.0723622
-0.0883675
-0.1033621
-0.1067598
-0.0998566
-0.0938110
-0.0980155
-0.1120432
-0.1284984
-0.1416356
-0.1517644
-0.1619953
-0.1726937
-0.1801775
-0.1802836
-0.1726427
-0.1620596
-0.1561560
-0.1602540
-0.1723885
-0.1832042
-0.1831535
-0.1720125
-0.1609168
-0.1627019
-0.1785384
-0.1944813
-0.1930097
-0.1695006
-0.1375796
-0.1176045
-0.1192240
-0.1345935
-0.1475309
-0.1482089
-0.1393862
-0.1305838
-0.1282090
-0.1312019
-0.1344968
-0.1352063
-0.1351270
-0.1377314
-0.1435620
-0.1494275
-0.1524369
-0.1542019
-0.1599527
-0.1728857
-0.1897941
-0.2033146
-0.2090980
-0.2102777
-0.2139615
-0.2234557
-0.2351667
-0.2434337
-0.2463994
-0.2449556
-0.2371894
-0.2187701
-0.1928683
-0.1780678
-0.1985938
-0.2567084
-0.3087807
-0.2718307
-0.0675672
0.3197470
0.8118232
1.2590336
1.5105716
1.4921586
1.2426125
0.8848093
0.5503627
0.3101613
0.1571823
0.0452027
-0.0571916
-0.1439676
-0.1914038
-0.1910316
-0.1605970
-0.1269017
-0.1037644
-0.0881909
-0.0737128
-0.0619374
-0.0599767
-0.0703788
-0.0873117
-0.1022890
-0.1109998
-0.1141755
-0.1146130
-0.1155622
-0.1204789
-0.1307998
-0.1425315
-0.1470586
-0.1382171
-0.1193562
-0.1019219
-0.0954443
-0.0987939
-0.1020710
-0.0971767
-0.0856512
-0.0756306
-0.0718656
-0.0699268
-0.0606383
-0.0398676
-0.0136021
0.0068196
0.0148437
0.0145471
0.0165401
0.0278876
0.0459559
0.0621248
0.0712101
0.0767557
0.0869998
0.1061503
0.1302107
0.1514398
0.1663979
0.1790661
0.1960645
0.2192597
0.2433182
0.2603793
0.2673254
0.2693788
0.2770839
0.2985056
0.3319575
0.3651755
0.3830005
0.3784494
0.3576147
0.3331741
0.3120825
0.2895650
0.2557740
0.2081919
0.1562340
0.1127129
0.0815487
0.0555327
0.0263421
-0.0053097
-0.0313739
-0.0475072
-0.0596530
-0.0778493
-0.1043039
-0.1296063
-0.1416154
-0.1374901
-0.1265046
-0.1217524
-0.1298190
-0.1475086
-0.1661864
-0.1781676
-0.1808001
-0.1774002
-0.1749189
-0.1784084
-0.1856194
-0.1877470
-0.1778849
-0.1594945
-0.1447105
-0.1424286
-0.1486378
-0.1505943
-0.1410849
-0.1265925
-0.1194362
-0.1227380
-0.1260440
-0.1171104
-0.0961786
-0.0761844
-0.0690574
-0.0740877
-0.0807506
-0.0811235
-0.0773360
-0.0772998
-0.0856290
-0.0998122
-0.1133715
-0.1205175
-0.1185343
-0.1090072
-0.0985869
-0.0964519
-0.1074451
-0.1268491
-0.1440989
-0.1531729
-0.1579479
-0.1655339
-0.1757018
-0.1804536
-0.1750323
-0.1658212
-0.1634540
-0.1690867
-0.1724251
-0.1656673
-0.1552810
-0.1540330
-0.1615849
-0.1606537
-0.1395325
-0.1164196
-0.1304453
-0.1969760
-0.2678090
-0.2417302
-0.0286171
0.3787102
0.8805533
1.3144396
1.5391003
1.5053433
1.2718868
0.9599653
0.6789866
0.4733856
0.3237281
0.1921397
0.0673708
-0.0295181
-0.0762393
-0.0787723
