-0.3401630
-0.3433439
-0.2052403
-0.1189603
-0.1153036
-0.0834401
0.0088597
0.0812033
0.0944708
0.0941350
0.1063316
0.1066885
0.0921316
0.0878391
0.0835669
0.0448454
-0.0160062
-0.0527749
-0.0633331
-0.0882498
-0.1375646
-0.1795763
-0.1978768
-0.2065487
-0.2137258
-0.2155446
-0.2194194
-0.2347274
-0.2504667
-0.2547491
-0.2605373
-0.2805508
-0.2959554
-0.2830899
-0.2543634
-0.2423966
-0.2587365
-0.2926401
-0.3324996
-0.3654971
-0.3754202
-0.3637422
-0.3562152
-0.3701784
-0.3923703
-0.4035160
-0.4052479
-0.4086733
-0.4156226
-0.4239093
-0.4328112
-0.4329276
-0.4082313
-0.3561779
-0.2898729
-0.2183969
-0.1447409
-0.0820332
-0.0433586
-0.0070089
0.0839196
0.2710205
0.5344064
0.7939556
0.9464623
0.9160884
0.7002667
0.3760691
0.0482807
-0.2148138
-0.3963357
-0.5032615
-0.5474812
-0.5469870
-0.5223821
-0.4877965
-0.4526230
-0.4251285
-0.4041710
-0.3768741
-0.3373689
-0.3003265
-0.2847930
-0.2921880
-0.3094693
-0.3250025
-0.3326537
-0.3304040
-0.3244124
-0.3257319
-0.3352286
-0.3401776
-0.3314971
-0.3150667
-0.3012752
-0.2929177
-0.2868770
-0.2776977
-0.2571464
-0.2209602
-0.1775718
-0.1387433
-0.1005415
-0.0459998
0.0312979
0.1175967
0.1947611
0.2559961
0.3055958
0.3526561
0.4048043
0.4594300
0.5023454
0.5229659
0.5279388
0.5319815
0.5396193
0.5445263
0.5420757
0.5331298
0.5191158
0.5015745
0.4831647
0.4629676
0.4357255
0.4009917
0.3662754
0.3354066
0.3014694
0.2580713
0.2106063
0.1693607
0.1369871
0.1081811
0.0764474
0.0375257
-0.0076613
-0.0501563
-0.0790829
-0.0929604
-0.0994517
-0.1041793
-0.1075067
-0.1116699
-0.1209040
-0.1326761
-0.1376391
-0.1305179
-0.1137035
-0.0881918
-0.0461863
0.0281127
0.1553957
0.3536022
0.6202538
0.9174660
1.1788667
1.3355505
1.3427640
1.1984022
0.9491735
0.6727679
0.4371908
0.2681935
0.1530728
0.0692950
0.0053757
-0.0383022
-0.0591117
-0.0623608
-0.0643290
-0.0811106
-0.1116032
-0.1367151
-0.1390651
-0.1196106
-0.0938162
-0.0778857
-0.0803415
-0.0988569
-0.1206850
-0.1317354
-0.1292949
-0.1225340
-0.1197900
-0.1203752
-0.1192185
-0.1135963
-0.1042630
-0.0949228
-0.0905725
-0.0914245
-0.0895168
-0.0770064
-0.0567648
-0.0389529
-0.0279443
-0.0177369
0.0012573
0.0358805
0.0881837
0.1535176
0.2215906
0.2839931
0.3395452
0.3895745
0.4317176
0.4626160
0.4833165
0.4976059
0.5074993
0.5130054
0.5124747
0.5008295
0.4729035
0.4324347
0.3928419
0.3642696
0.3426673
0.3149856
0.2732237
0.2225833
0.1791481
0.1592330
0.1654133
0.1815710
0.1862622
0.1722218
0.1494940
0.1309399
0.1205129
0.1149174
0.1093683
0.0997352
0.0841229
0.0642825
0.0426304
0.0183872
-0.0098422
-0.0389758
-0.0633756
-0.0815433
-0.0977513
-0.1177003
-0.1441554
-0.1740320
-0.1977478
-0.2057517
-0.1991129
-0.1893732
-0.1838959
-0.1756323
-0.1522729
-0.1122448
-0.0670013
-0.0301826
-0.0086342
-0.0012195
-0.0011351
0.0006231
0.0108034
0.0307363
0.0556299
0.0761519
0.0848576
0.0856854
0.0930240
0.1132228
0.1296200
0.1190466
0.0896110
0.0940279
0.1935438
0.4016982
0.6593600
0.8633911
0.9268588
0.8262699
0.6037681
0.3302996
0.0665368
-0.1503815
-0.3011273
-0.3805678
-0.3993102
-0.3797853
-0.3464154
-0.3187464
-0.3086865
-0.3173051
-0.3340619
-0.3439060
-0.3376604
-0.3164551
-0.2888359
-0.2647552
-0.2493020
-0.2402377
-0.2334303
-0.2301345
-0.2339629
-0.2397533
-0.2319801
-0.1989530
-0.1457508
-0.0897443
-0.0451067
-0.0134132
0.0131625
0.0419649
0.0724394
0.0976544
0.1129742
0.1211096
0.1274500
0.1347259
0.1463594
0.1701983
0.2104944
0.2571026
0.2914927
0.3068185
0.3167581
0.3407999
0.3836123
0.4320637
0.4710378
0.4979311
0.5181225
0.5270927
0.5051199
0.4393342
0.3500158
0.2823461
0.2633799
0.2725120
0.2631329
0.2120701
0.1409771
0.0890127
0.0704501
0.0619946
0.0294497
-0.0360515
-0.1091048
-0.1556858
-0.1645310
-0.1519712
-0.1403284
-0.1368946
-0.1320146
-0.1112423
-0.0691646
-0.0171997
0.0213041
0.0299592
0.0166984
0.0086200
0.0263808
0.0652145
0.1022289
0.1197142
0.1190372
0.1127357
0.1058493
0.0888424
0.0525168
0.0085104
-0.0127770
0.0089280
0.0582833
0.0922465
0.0754156
0.0099464
-0.0642071
-0.0976533
-0.0687919
-0.0024123
0.0495451
0.0540226
0.0286565
0.0260558
0.0820000
0.1748876
0.2345507
0.1950013
0.0469085
-0.1553812
-0.3369545
-0.4539970
-0.5090796
-0.5280917
-0.5331192
-0.5351585
-0.5390734
-0.5460223
-0.5537070
-0.5598172
-0.5644613
-0.5655643
-0.5523242
-0.5080214
-0.4247995
-0.3183862
-0.2250612
-0.1763634
-0.1721688
-0.1815041
-0.1736139
-0.1463661
-0.1217991
-0.1181762
-0.1325181
-0.1488081
-0.1559626
-0.1548997
-0.1519723
-0.1500162
-0.1468339
-0.1404011
-0.1317151
-0.1200141
-0.0982255
-0.0593367
-0.0082701
0.0380896
0.0658719
0.0758524
0.0776670
0.0765006
0.0704575
0.0599951
0.0547096
0.0668465
0.0970034
0.1278732
0.1361660
0.1135030
0.0734827
0.0350702
0.0012506
-0.0410902
-0.1007135
-0.1667207
-0.2157923
-0.2328030
-0.2243074
-0.2142408
-0.2260927
-0.2652660
-0.3156122
-0.3525128
-0.3598864
-0.3371107
-0.2946944
-0.2465609
-0.2039969
-0.1722882
-0.1512821
-0.1390146
-0.1338016
-0.1332186
-0.1341623
-0.1354057
-0.1376944
-0.1399175
-0.1378877
-0.1291053
-0.1168814
-0.1077659
-0.1060431
-0.1116842
-0.1218519
-0.1331396
-0.1438696
-0.1553590
-0.1698537
-0.1866852
-0.2015855
-0.2100745
-0.2109084
-0.2071859
-0.2053568
-0.2113507
-0.2249345
-0.2390181
-0.2477731
-0.2550907
-0.2717389
-0.3033146
-0.3427412
-0.3750221
-0.3888634
-0.3853775
-0.3775191
-0.3794824
-0.3933597
-0.4057906
-0.3995731
-0.3691800
-0.3246433
-0.2811403
-0.2455132
-0.2121047
-0.1712527
-0.1223835
-0.0775296
-0.0492569
-0.0359171
-0.0234624
-0.0033537
0.0158712
0.0187021
0.0022158
-0.0183157
-0.0236489
-0.0086687
0.0138799
0.0266435
0.0238758
0.0142048
0.0084819
0.0080363
0.0065605
0.0004628
-0.0066251
-0.0085173
-0.0018302
0.0131527
0.0338907
0.0585869
0.0921383
0.1495531
0.2469538
0.3811077
0.5146344
0.5856858
0.5431160
0.3843024
0.1633739
-0.0428685
-0.1859204
-0.2690412
-0.3250164
-0.3758405
-0.4156532
-0.4272569
-0.4066961
-0.3680327
-0.3266812
-0.2827924
-0.2243197
-0.1463712
-0.0636876
-0.0000281
0.0341907
0.0503019
0.0675418
0.0942300
0.1230631
0.1409533
0.1412404
0.1289737
0.1171943
0.1170461
0.1288099
0.1416857
0.1432518
0.1307405
0.1145143
0.1100299
0.1237683
0.1458984
0.1592558
0.1575788
0.1527497
0.1616016
0.1878233
0.2204394
0.2484976
0.2719892
0.2967117
0.3223603
0.3402803
0.3440700
0.3400975
0.3438645
0.3639967
0.3918164
0.4100356
0.4109294
0.4016430
0.3910252
0.3767512
0.3498826
0.3098162
0.2696352
0.2452012
0.2408094
0.2468715
0.2511419
0.2507784
0.2522784
0.2606166
0.2718963
0.2786081
0.2792596
0.2790164
0.2820420
0.2874347
0.2929214
0.2982833
0.3030829
0.3039878
0.2977297
0.2864612
0.2776241
0.2766181
0.2798663
0.2776806
0.2665230
0.2572792
0.2671873
0.3022219
0.3513210
0.4011256
0.4533452
0.5218649
0.6107109
0.6964022
0.7335393
0.6799671
0.5221800
0.2838201
0.0140876
-0.2339522
-0.4225878
-0.5401614
-0.6019850
-0.6396411
-0.6805519
-0.7305726
-0.7748875
-0.7965747
-0.7943376
-0.7831029
-0.7796050
-0.7878156
-0.7960391
-0.7862586
-0.7469210
-0.6786196
-0.5898644
-0.4902080
-0.3883386
-0.2935062
-0.2140180
-0.1527919
-0.1058879
-0.0664261
-0.0299454
0.0033395
0.0306309
0.0513105
0.0701012
0.0943109
0.1268595
0.1630528
0.1955218
0.2216716
0.2452548
0.2713558
0.3010349
0.3309374
0.3579614
0.3841713
0.4153732
0.4524450
0.4852184
0.4999337
0.4957321
0.4909029
0.5077188
0.5491403
0.5922314
0.6073257
0.5854491
0.5465937
0.5191251
0.5103699
0.4996084
0.4617517
0.3956835
0.3258766
0.2769224
0.2505086
0.2285282
0.1952209
0.1528296
0.1161842
0.0954772
0.0874741
0.0836651
0.0830646
0.0919361
0.1105483
0.1259399
0.1233223
0.1039881
0.0872158
0.0916954
0.1157715
0.1374414
0.1344159
0.1043835
0.0657483
0.0392012
0.0301223
0.0292187
0.0266196
0.0204605
0.0121553
-0.0003640
-0.0200117
-0.0434198
-0.0616630
-0.0699303
-0.0742324
-0.0857853
-0.1082514
-0.1323457
-0.1451146
-0.1441221
-0.1398246
-0.1433397
-0.1554559
-0.1705276
-0.1877970
-0.2124603
-0.2444479
-0.2718120
-0.2806955
-0.2717529
-0.2629116
-0.2730795
-0.3033180
-0.3359810
-0.3529561
-0.3522847
-0.3442093
-0.3328920
-0.3077414
-0.2547731
-0.1712640
-0.0630412
0.0714967
0.2463455
0.4686074
0.7113056
0.9090274
0.9894675
0.9197082
0.7284063
0.4841521
0.2499676
0.0538033
-0.1054524
-0.2331611
-0.3247304
-0.3723431
-0.3785856
-0.3588890
-0.3304293
-0.3010094
-0.2703753
-0.2402675
-0.2182211
-0.2091643
-0.2069468
-0.1994258
-0.1822452
-0.1637207
-0.1544361
-0.1547897
-0.1557023
-0.1508323
-0.1450003
-0.1487409
-0.1656613
-0.1879202
-0.2052294
-0.2156675
-0.2242015
-0.2316148
-0.2302272
-0.2134459
-0.1862732
-0.1617458
-0.1469610
-0.1357858
-0.1162422
-0.0825075
-0.0374035
0.0156582
0.0790816
0.1561161
0.2403427
0.3150024
0.3669449
0.4003251
0.4325352
0.4753305
0.5224189
0.5572519
0.5711905
0.5714940
0.5713292
0.5736749
0.5668022
0.5364464
0.4818839
0.4183440
0.3628248
0.3190248
0.2778029
0.2312465
0.1833523
0.1456947
0.1240391
0.1112824
0.0945992
0.0690395
0.0420687
0.0229706
0.0092888
-0.0120062
-0.0480202
-0.0879669
-0.1123264
-0.1145783
-0.1106603
-0.1242257
-0.1628700
-0.2108348
-0.2459976
-0.2624607
-0.2738288
-0.2942178
-0.3198340
-0.3326702
-0.3205404
-0.2885514
-0.2497719
-0.2091829
-0.1610079
-0.1005406
-0.0342083
0.0240348
0.0646243
0.0888122
0.1042035
0.1170853
0.1306969
0.1479373
0.1704480
0.1940570
0.2107567
0.2211345
0.2438326
0.3054668
0.4142465
0.5408598
0.6266062
0.6152074
0.4854031
0.2623461
0.0027599
-0.2335515
-0.4074740
-0.5086265
-0.5483222
-0.5453963
-0.5145324
-0.4641022
-0.4028166
-0.3453557
-0.3074691
-0.2941152
-0.2951050
-0.2956682
-0.2914457
-0.2911761
-0.3040463
-0.3261272
-0.3415776
-0.3381192
-0.3201101
-0.3043187
-0.3025383
-0.3104371
-0.3146925
-0.3085043
-0.2962608
-0.2829140
-0.2629819
-0.2238959
-0.1604514
-0.0837603
-0.0137812
0.0380205
0.0784723
0.1245435
0.1852126
0.2519585
0.3073646
0.3423248
0.3643224
0.3895224
0.4273212
0.4719956
0.5086796
0.5275383
0.5320250
0.5327707
0.5341309
0.5291105
0.5087201
0.4742781
0.4374149
0.4074788
0.3814045
0.3484123
0.3043583
0.2584570
0.2231533
0.1982667
0.1692389
0.1235219
0.0661293
0.0146739
-0.0210410
-0.0501785
-0.0890035
-0.1402485
-0.1884457
-0.2169056
-0.2267990
-0.2363297
-0.2604315
-0.2935159
-0.3147927
-0.3104721
-0.2881408
-0.2677240
-0.2598428
-0.2554433
-0.2368245
-0.1971082
-0.1477172
-0.1069323
-0.0817566
-0.0616596
-0.0306363
0.0148344
0.0605518
0.0872572
0.0879607
0.0732631
0.0614327
0.0640567
0.0795845
0.0982676
0.1129264
0.1269830
0.1542504
0.2103667
0.2998633
0.4051750
0.4853628
0.4902183
0.3860737
0.1780167
-0.0879748
-0.3457493
-0.5388064
-0.6410783
-0.6594571
-0.6211499
-0.5562326
-0.4858692
-0.4206906
-0.3657876
-0.3248961
-0.2996311
-0.2862551
-0.2758976
-0.2610114
-0.2433698
-0.2343553
-0.2439113
-0.2674861
-0.2858423
-0.2807453
-0.2514166
-0.2140894
-0.1847500
-0.1633375
-0.1357278
-0.0903800
-0.0311445
0.0273113
0.0755137
0.1182227
0.1667115
0.2241732
0.2815265
0.3275962
0.3607977
0.3892388
0.4207282
0.4548347
0.4850455
0.5074445
0.5261898
0.5501661
0.5841874
0.6232981
0.6555696
0.6708979
0.6683884
0.6566200
0.6466749
0.6430914
0.6400194
0.6264493
0.5961922
0.5527790
0.5042810
0.4542524
0.3993335
0.3359329
0.2676648
0.2044967
0.1540911
0.1145918
0.0767675
0.0334891
-0.0134657
-0.0563231
-0.0900225
-0.1165920
-0.1409407
-0.1640738
-0.1817572
-0.1892356
-0.1858812
-0.1749032
-0.1593799
-0.1395737
-0.1144770
-0.0854405
-0.0570854
-0.0337486
-0.0152157
0.0032787
0.0264704
0.0542621
0.0806393
0.0967028
0.0958672
0.0785587
0.0533842
0.0329019
0.0259394
0.0320750
0.0430531
0.0501909
0.0510543
0.0488499
0.0454885
0.0371210
0.0189493
-0.0058678
-0.0259622
-0.0337149
-0.0361366
-0.0494036
-0.0807113
-0.1186884
-0.1456356
-0.1577342
-0.1662071
-0.1735222
-0.1530064
-0.0649248
0.0961522
0.2699440
0.3566073
0.2869771
0.0757586
-0.1907318
-0.4193963
-0.5685851
-0.6538361
-0.7088230
-0.7467822
-0.7566297
-0.7274499
-0.6689953
-0.6065572
-0.5586780
-0.5225822
-0.4813037
-0.4235508
-0.3560681
-0.2972707
-0.2596255
-0.2387888
-0.2201594
-0.1952975
-0.1702011
-0.1565565
-0.1562985
-0.1574078
-0.1459973
-0.1212505
-0.0966291
-0.0859395
-0.0891257
-0.0925494
-0.0828601
-0.0595598
-0.0337135
-0.0154884
-0.0043014
0.0089082
0.0311524
0.0601713
0.0873258
0.1066730
0.1204183
0.1351163
0.1529426
0.1680201
0.1724733
0.1656146
0.1554649
0.1504760
0.1509507
0.1499603
0.1420137
0.1285695
0.1140082
0.0981400
0.0759673
0.0460119
0.0166087
0.0007285
0.0036931
0.0175503
0.0285969
0.0294229
0.0226413
0.0144779
0.0078265
0.0026041
0.0005968
0.0067593
0.0244883
0.0503545
0.0745019
0.0867406
0.0830848
0.0680125
0.0516126
0.0435651
0.0470255
0.0563987
0.0620142
0.0592442
0.0534673
0.0542460
0.0633806
0.0700961
0.0604916
0.0324083
-0.0006147
-0.0217009
-0.0268730
-0.0281553
-0.0406369
-0.0676174
-0.0990610
-0.1233562
-0.1386273
-0.1523695
-0.1721535
-0.1987145
-0.2276759
-0.2556984
-0.2832398
-0.3114712
-0.3376188
-0.3542175
-0.3535212
-0.3332778
-0.2985937
-0.2579259
-0.2167377
-0.1750239
-0.1313543
-0.0888476
-0.0552460
-0.0351731
-0.0227503
-0.0049204
0.0251769
0.0586541
0.0776271
0.0733137
0.0562697
0.0466996
0.0548533
0.0729170
0.0864860
0.0913472
0.0967751
0.1146933
0.1512661
0.2114583
0.3058536
0.4417905
0.6004604
0.7256729
0.7465778
0.6241944
0.3837175
0.1026800
-0.1370935
-0.2952113
-0.3825690
-0.4346993
-0.4766775
-0.5084928
-0.5170736
-0.4979281
-0.4646176
-0.4387091
-0.4316969
-0.4369999
