-0.1855429
-0.2114584
-0.2262763
-0.2344809
-0.2372749
-0.2348097
-0.2354695
-0.2484155
-0.2681878
-0.2789566
-0.2743529
-0.2628844
-0.2531691
-0.2436955
-0.2297567
-0.2126131
-0.1976013
-0.1871645
-0.1784718
-0.1661517
-0.1469027
-0.1226145
-0.0977044
-0.0723573
-0.0417251
-0.0042033
0.0338070
0.0659111
0.0950585
0.1288579
0.1666331
0.1967271
0.2079685
0.2010602
0.1879115
0.1809139
0.1821330
0.1817444
0.1681222
0.1403971
0.1092899
0.0843534
0.0627801
0.0334257
-0.0088407
-0.0547210
-0.0869329
-0.0958408
-0.0901624
-0.0913216
-0.1141106
-0.1520158
-0.1835672
-0.1934497
-0.1852545
-0.1738771
-0.1694231
-0.1705635
-0.1706260
-0.1665355
-0.1617079
-0.1620735
-0.1702000
-0.1831937
-0.1957902
-0.2045599
-0.2089371
-0.2095406
-0.2063558
-0.1973192
-0.1779872
-0.1449072
-0.1016519
-0.0600557
-0.0323051
-0.0211636
-0.0190467
-0.0160467
-0.0073864
0.0059656
0.0213959
0.0392025
0.0657870
0.1139574
0.1977383
0.3213386
0.4678280
0.5978211
0.6652362
0.6435254
0.5422403
0.3982676
0.2494033
0.1150829
-0.0011535
-0.0978079
-0.1696049
-0.2143386
-0.2399337
-0.2601455
-0.2824298
-0.3021101
-0.3107215
-0.3094904
-0.3109343
-0.3246392
-0.3438096
-0.3505683
-0.3357647
-0.3103084
-0.2940022
-0.2938965
-0.2962431
-0.2810345
-0.2435531
-0.1998569
-0.1704689
-0.1602620
-0.1563308
-0.1446182
-0.1248568
-0.1074311
-0.0986581
-0.0933439
-0.0820377
-0.0625255
-0.0422145
-0.0299198
-0.0265811
-0.0242118
-0.0133766
0.0086993
0.0368746
0.0633813
0.0834461
0.0969283
0.1067197
0.1160623
0.1258848
0.1338105
0.1366509
0.1346213
0.1322508
0.1339282
0.1384548
0.1386719
0.1271542
0.1028157
0.0719425
0.0421377
0.0151838
-0.0129562
-0.0444221
-0.0733504
-0.0896859
-0.0890351
-0.0768847
-0.0625084
-0.0503615
-0.0388781
-0.0267833
-0.0180527
-0.0187566
-0.0292261
-0.0413710
-0.0456204
-0.0403483
-0.0329444
-0.0313537
-0.0361208
-0.0416068
-0.0436997
-0.0447554
-0.0511052
-0.0664945
-0.0876900
-0.1059255
-0.1133089
-0.1093001
-0.1016738
-0.1007005
-0.1113124
-0.1298410
-0.1478574
-0.1596031
-0.1663873
-0.1738947
-0.1852707
-0.1976423
-0.2060716
-0.2099786
-0.2139632
-0.2221137
-0.2330266
-0.2414850
-0.2443633
-0.2435283
-0.2423363
-0.2398163
-0.2296206
-0.2058774
-0.1699329
-0.1300845
-0.0942972
-0.0644814
-0.0385765
-0.0157183
0.0049960
0.0327084
0.0885264
0.1940163
0.3488956
0.5173465
0.6402752
0.6697659
0.5998951
0.4679649
0.3253555
0.2039904
0.1060177
0.0200906
-0.0568567
-0.1147386
-0.1443381
-0.1520890
-0.1576419
-0.1758403
-0.2027382
-0.2215230
-0.2221641
-0.2131290
-0.2124211
-0.2281544
-0.2499804
-0.2603400
-0.2530338
-0.2390489
-0.2336444
-0.2391874
-0.2427639
-0.2307531
-0.2033742
-0.1729965
-0.1494149
-0.1297880
-0.1040466
-0.0680972
-0.0291461
0.0022472
0.0234261
0.0411814
0.0624322
0.0856606
0.1034476
0.1127074
0.1198318
0.1344438
0.1593392
0.1881768
0.2127304
0.2309021
0.2471024
0.2657251
0.2854406
0.3003469
0.3064926
0.3068089
0.3093342
0.3203989
0.3390020
0.3570387
0.3650320
0.3590068
0.3430752
0.3250267
0.3083803
0.2889945
0.2606695
0.2239816
0.1876994
0.1600369
0.1392873
0.1150332
0.0794453
0.0365129
-0.0009499
-0.0229991
-0.0297580
-0.0268399
-0.0162920
0.0046225
0.0356916
0.0686137
0.0928542
0.1059234
0.1149668
0.1274134
0.1422982
0.1527647
0.1559177
0.1570188
0.1624391
0.1704725
0.1724760
0.1638931
0.1513589
0.1459531
0.1500182
0.1538092
0.1465880
0.1290121
0.1121741
0.1049256
0.1046710
0.1017178
0.0908359
0.0759759
0.0635670
0.0541522
0.0435049
0.0312063
0.0240892
0.0283267
0.0395291
0.0443271
0.0332964
0.0106539
-0.0107378
-0.0235231
-0.0330844
-0.0498622
-0.0759087
-0.1014272
-0.1155612
-0.1190296
-0.1236550
-0.1388051
-0.1599955
-0.1724916
-0.1657030
-0.1424723
-0.1138702
-0.0864186
-0.0563055
-0.0164338
0.0325399
0.0801987
0.1155117
0.1361310
0.1473190
0.1533688
0.1534621
0.1469419
0.1395099
0.1401599
0.1512526
0.1643492
0.1683724
0.1613914
0.1521432
0.1495924
0.1536937
0.1589087
0.1652455
0.1814583
0.2156849
0.2662015
0.3246556
0.3857540
0.4471644
0.4977223
0.5123257
0.4680935
0.3690853
0.2504049
0.1515927
0.0846344
0.0307987
-0.0308199
-0.0962344
-0.1415853
-0.1523268
-0.1408491
-0.1326110
-0.1389300
-0.1481051
-0.1421279
-0.1168828
-0.0838269
-0.0555908
-0.0346000
-0.0155990
0.0052668
0.0272039
0.0489080
0.0718264
0.0975666
0.1238152
0.1448786
0.1561449
0.1571328
0.1509164
0.1422825
0.1364838
0.1377073
0.1468956
0.1610210
0.1753235
0.1866453
0.1947355
0.2009556
0.2065207
0.2120699
0.2182334
0.2260158
0.2367308
0.2518332
0.2722668
0.2968007
0.3207812
0.3381058
0.3462348
0.3490958
0.3533860
0.3614424
0.3689648
0.3702694
0.3640046
0.3519851
0.3339943
0.3077028
0.2754859
0.2484512
0.2391600
0.2489892
0.2654710
0.2750165
0.2773250
0.2837886
0.3007486
0.3178410
0.3168045
0.2915748
0.2564067
0.2326412
0.2291151
0.2367240
0.2399471
0.2305730
0.2108845
0.1882554
0.1703111
0.1633687
0.1698369
0.1839659
0.1927946
0.1859762
0.1657597
0.1446929
0.1323407
0.1270085
0.1228664
0.1221447
0.1340443
0.1597445
0.1842192
0.1904227
0.1828057
0.1908221
0.2430257
0.3374854
0.4412660
0.5192854
0.5592158
0.5662966
0.5412411
0.4750644
0.3690988
0.2503652
0.1541987
0.0887989
0.0253957
-0.0681606
-0.1855194
-0.2813035
-0.3158982
-0.2957929
-0.2631526
-0.2472036
-0.2350574
-0.1962009
-0.1300796
-0.0774241
-0.0783347
-0.1242410
-0.1612284
-0.1455772
-0.0924447
-0.0632939
-0.1029241
-0.1917297
-0.2632923
-0.2684426
-0.2192687
-0.1705762
-0.1633323
-0.1907324
-0.2167010
-0.2182383
-0.2031044
-0.1900033
-0.1827007
-0.1704211
-0.1485653
-0.1276592
-0.1172121
-0.1080408
-0.0809576
-0.0339786
0.0084925
0.0219804
0.0151645
0.0270568
0.0847413
0.1668746
0.2165205
0.1936142
0.1126055
0.0264453
-0.0234417
-0.0369547
-0.0379762
-0.0377712
-0.0245606
0.0126032
0.0612484
0.0962061
0.1110129
0.1285295
0.1732908
0.2364697
0.2772833
0.2637598
0.2081178
0.1552804
0.1356173
0.1340556
0.1091952
0.0400412
-0.0507368
-0.1191914
-0.1405741
-0.1258982
-0.1037317
-0.0925468
-0.0915547
-0.0919882
-0.0904457
-0.0905278
-0.0958201
-0.1046192
-0.1110370
-0.1100278
-0.1024699
-0.0970912
-0.1063319
-0.1369404
-0.1828046
-0.2282003
-0.2598037
-0.2759999
-0.2851562
-0.2969060
-0.3159214
-0.3406921
-0.3632493
-0.3701031
-0.3504834
-0.3100585
-0.2733376
-0.2615906
-0.2623098
-0.2282218
-0.1215307
0.0340294
0.1531542
0.1549434
0.0368291
-0.1181716
-0.2114671
-0.2087487
-0.1548483
-0.1177533
-0.1242720
-0.1473743
-0.1442761
-0.0966008
-0.0150927
0.0832382
0.1927208
0.3138144
0.4358413
0.5282620
0.5504335
0.4751312
0.3117506
0.1114741
-0.0566369
-0.1484281
-0.1740604
-0.1855330
-0.2295331
-0.3080256
-0.3834417
-0.4203965
-0.4191553
-0.4083377
-0.4105661
-0.4213626
-0.4208787
-0.3994100
-0.3673325
-0.3438689
-0.3418582
-0.3621846
-0.3955246
-0.4256378
-0.4362304
-0.4225518
-0.3972728
-0.3792281
-0.3729046
-0.3625844
-0.3312364
-0.2829231
-0.2398838
-0.2160603
-0.2001812
-0.1707984
-0.1243575
-0.0797902
-0.0539196
-0.0407401
-0.0221127
0.0052852
0.0241734
0.0210533
0.0087233
0.0161050
0.0564946
0.1129253
0.1573813
0.1789233
0.1878671
0.1961164
0.2023317
0.1993640
0.1895464
0.1847736
0.1914725
0.2013841
0.2001323
0.1816925
0.1508945
0.1136300
0.0698584
0.0181775
-0.0363057
-0.0832436
-0.1169993
-0.1430673
-0.1729729
-0.2131742
-0.2593007
-0.3000595
-0.3256832
-0.3338051
-0.3297094
-0.3217510
-0.3148979
-0.3071473
-0.2927306
-0.2700135
-0.2456817
-0.2291135
-0.2217348
-0.2135002
-0.1922210
-0.1570840
-0.1218132
-0.1032249
-0.1064718
-0.1216869
-0.1343953
-0.1380518
-0.1365163
-0.1362308
-0.1380767
-0.1372065
-0.1295665
-0.1173476
-0.1077410
-0.1065492
-0.1131967
-0.1220722
-0.1285218
-0.1327840
-0.1374580
-0.1418708
-0.1410194
-0.1315356
-0.1175513
-0.1073878
-0.1020490
-0.0883087
-0.0479202
0.0215463
0.0935777
0.1231005
0.0756174
-0.0473895
-0.2069801
-0.3499985
-0.4394082
-0.4709472
-0.4671284
-0.4558508
-0.4504343
-0.4449886
-0.4260123
-0.3880382
-0.3391209
-0.2928299
-0.2564930
-0.2276655
-0.2006637
-0.1743240
-0.1525977
-0.1392063
-0.1338928
-0.1338824
-0.1368453
-0.1411056
-0.1444100
-0.1448607
-0.1432282
-0.1423195
-0.1428269
-0.1409977
-0.1321151
-0.1159367
-0.0967752
-0.0776741
-0.0567077
-0.0316643
-0.0081575
0.0002116
-0.0169524
-0.0547307
-0.0931160
-0.1105613
-0.0985651
-0.0651878
-0.0268609
0.0030647
0.0212202
0.0341082
0.0519780
0.0796901
0.1105629
0.1297585
0.1268638
0.1069023
0.0874754
0.0826373
0.0893864
0.0918717
0.0797157
0.0605431
0.0526052
0.0656390
0.0910878
0.1115761
0.1178788
0.1147916
0.1116320
0.1102308
0.1038182
0.0860539
0.0586405
0.0297920
0.0070722
-0.0072805
-0.0156647
-0.0222585
-0.0308810
-0.0431583
-0.0567596
-0.0661297
-0.0671038
-0.0616208
-0.0567244
-0.0576810
-0.0624497
-0.0643045
-0.0603790
-0.0563748
-0.0610969
-0.0760279
-0.0918988
-0.0975172
-0.0923347
-0.0887853
-0.1005304
-0.1282408
-0.1582383
-0.1761579
-0.1814249
-0.1868869
-0.2038384
-0.2288673
-0.2470901
-0.2479672
-0.2358040
-0.2235299
-0.2176030
-0.2112080
-0.1922236
-0.1557927
-0.1083048
-0.0612381
-0.0233013
0.0033263
0.0247265
0.0570538
0.1234916
0.2407259
0.4008312
0.5653336
0.6819666
0.7140490
0.6592263
0.5438595
0.4016782
0.2568768
0.1225453
0.0081418
-0.0767233
-0.1266987
-0.1466990
-0.1509527
-0.1541997
-0.1624652
-0.1716364
-0.1749539
-0.1721755
-0.1712831
-0.1805311
-0.1985986
-0.2137364
-0.2144345
-0.2015734
-0.1889683
-0.1906971
-0.2080369
-0.2296540
-0.2441886
-0.2509256
-0.2573272
-0.2677737
-0.2774162
-0.2779400
-0.2675419
-0.2528098
-0.2402129
-0.2272116
-0.2034231
-0.1610064
-0.1035477
-0.0445310
0.0030575
0.0364809
0.0642072
0.0979011
0.1424859
0.1923466
0.2363266
0.2667349
0.2844219
0.2960438
0.3070965
0.3177375
0.3246561
0.3258396
0.3229518
0.3196340
0.3184242
0.3193014
0.3200398
0.3170186
0.3063562
0.2860721
0.2581348
0.2276063
0.1984579
0.1700967
0.1389280
0.1037382
0.0687382
0.0403221
0.0207538
0.0056238
-0.0121702
-0.0360152
-0.0629423
-0.0867554
-0.1035265
-0.1145200
-0.1243057
-0.1357995
-0.1464513
-0.1493219
-0.1389096
-0.1165650
-0.0894096
-0.0628893
-0.0350402
-0.0000799
0.0417682
0.0803235
0.1042486
0.1141629
0.1246360
0.1511979
0.1963055
0.2507528
0.3098700
0.3860587
0.5013431
0.6639631
0.8498961
1.0066843
1.0781254
1.0328150
0.8788661
0.6579633
0.4243295
0.2214493
0.0690982
-0.0344236
-0.1005390
-0.1401034
-0.1609134
-0.1701179
-0.1749627
-0.1801783
-0.1861774
-0.1912783
-0.1954752
-0.2011999
-0.2107738
-0.2244297
-0.2410256
-0.2591588
-0.2764812
-0.2893340
-0.2956700
-0.2987786
-0.3054927
-0.3180063
-0.3278016
-0.3204324
-0.2883258
-0.2385971
-0.1872470
-0.1457100
-0.1135357
-0.0832393
-0.0499376
-0.0149684
0.0183560
0.0496656
0.0811711
0.1139214
0.1461308
0.1749991
0.1987924
0.2168343
0.2288230
0.2354406
0.2392563
0.2435925
0.2497416
0.2558092
0.2590395
0.2591433
0.2585026
0.2586616
0.2571838
0.2489729
0.2311140
0.2059526
0.1787183
0.1520478
0.1235225
0.0893706
0.0506154
0.0146115
-0.0107580
-0.0248873
-0.0358422
-0.0530217
-0.0781606
-0.1039739
-0.1217382
-0.1295703
-0.1328930
-0.1375738
-0.1437607
-0.1462906
-0.1395726
-0.1211319
-0.0917227
-0.0544589
-0.0145643
0.0220152
0.0520640
0.0770995
0.1001787
0.1204567
0.1333296
0.1381876
0.1448303
0.1686024
0.2174259
0.2856509
0.3633550
0.4506184
0.5577274
0.6870472
0.8149737
0.8960667
0.8900817
0.7889299
0.6202751
0.4271164
0.2436589
0.0866393
-0.0372480
-0.1219591
-0.1624762
-0.1630127
-0.1416033
-0.1229941
-0.1236133
-0.1411940
-0.1588800
-0.1611718
-0.1479335
-0.1338804
-0.1343681
-0.1513344
-0.1727396
-0.1850680
-0.1855673
-0.1821796
-0.1826112
-0.1849055
-0.1791019
-0.1572800
-0.1211897
-0.0803859
-0.0438479
-0.0136281
0.0142969
0.0442458
0.0763574
0.1072544
0.1341842
0.1578555
0.1811080
0.2052179
0.2281677
0.2469832
0.2616518
0.2761510
0.2950304
0.3187944
0.3428540
0.3612950
0.3718168
0.3770896
0.3814907
0.3866696
0.3901455
0.3878751
0.3780691
0.3627957
0.3461695
0.3307849
0.3152921
0.2950697
0.2657162
0.2269647
0.1839099
0.1439510
0.1112073
0.0830372
0.0524766
0.0152960
-0.0247902
-0.0584694
-0.0791105
-0.0886308
-0.0944375
-0.1004128
-0.1018299
-0.0901565
-0.0627234
-0.0266104
0.0074716
0.0343042
0.0563021
0.0772120
0.0956614
0.1063890
0.1073896
0.1041368
0.1055089
0.1154346
0.1288420
0.1358730
0.1302545
0.1143743
0.0971160
0.0866109
0.0837429
0.0815702
0.0715660
0.0520264
0.0310525
0.0200592
0.0227346
0.0305786
0.0311894
0.0219351
0.0138494
0.0196175
0.0379253
0.0531903
0.0539671
0.0503296
0.0674279
0.1167482
0.1738300
0.1895946
0.1297850
0.0064437
-0.1295353
-0.2285346
-0.2775995
-0.3002111
-0.3255758
-0.3601387
-0.3869545
-0.3879809
-0.3634479
-0.3301104
-0.3041113
-0.2879988
-0.2734623
-0.2536167
-0.2305826
-0.2117536
-0.2008654
-0.1942337
-0.1855936
-0.1735131
-0.1631033
-0.1602263
-0.1645176
-0.1690270
-0.1674894
-0.1618363
-0.1613314
-0.1728565
-0.1917563
-0.2036478
-0.1972058
-0.1759693
-0.1566652
-0.1544299
-0.1689536
-0.1852607
-0.1881572
-0.1755889
-0.1579246
-0.1453803
-0.1378152
-0.1272955
-0.1092051
-0.0887916
-0.0761467
-0.0759378
-0.0835236
-0.0911329
-0.0963950
-0.1035888
-0.1168490
-0.1334948
-0.1448325
-0.1431723
-0.1276096
-0.1035876
-0.0782627
-0.0568987
-0.0424154
-0.0359981
-0.0367134
-0.0412206
-0.0456293
-0.0485851
-0.0520575
-0.0584012
-0.0670221
-0.0750382
-0.0814606
-0.0893677
-0.1023216
-0.1187191
-0.1316685
-0.1362025
-0.1360214
-0.1406895
-0.1546940
-0.1705519
-0.1753613
-0.1651572
-0.1511704
-0.1497978
-0.1662239
-0.1893833
-0.2037300
-0.2048131
-0.2021137
-0.2074414
-0.2226195
-0.2390102
-0.2470501
-0.2442830
