0.5813786
0.6139151
0.6431799
0.6639741
0.6733254
0.6747699
0.6776990
0.6899426
0.7093753
0.7230354
0.7160745
0.6834705
0.6342251
0.5840993
0.5429929
0.5077325
0.4663028
0.4097110
0.3411775
0.2746763
0.2240218
0.1918353
0.1677562
0.1371547
0.0926843
0.0391787
-0.0112480
-0.0488456
-0.0726654
-0.0896367
-0.1082039
-0.1318073
-0.1566037
-0.1745017
-0.1793144
-0.1720943
-0.1619072
-0.1605825
-0.1740005
-0.1962829
-0.2129930
-0.2129288
-0.1992312
-0.1884362
-0.1958450
-0.2198383
-0.2413730
-0.2412240
-0.2188165
-0.1931871
-0.1843517
-0.1941436
-0.2063285
-0.2049837
-0.1907186
-0.1778379
-0.1773072
-0.1853544
-0.1895396
-0.1836591
-0.1736749
-0.1685972
-0.1683601
-0.1640380
-0.1505128
-0.1358546
-0.1344216
-0.1499684
-0.1686138
-0.1720307
-0.1578058
-0.1436227
-0.1486455
-0.1716799
-0.1909174
-0.1866571
-0.1623633
-0.1409919
-0.1411968
-0.1597393
-0.1777493
-0.1812813
-0.1730735
-0.1657513
-0.1678223
-0.1779709
-0.1897811
-0.1977302
-0.1984401
-0.1903133
-0.1757456
-0.1630378
-0.1621387
-0.1755148
-0.1937477
-0.2027293
-0.1968879
-0.1849854
-0.1816902
-0.1928304
-0.2091056
-0.2146746
-0.2021988
-0.1797654
-0.1634813
-0.1635004
-0.1767208
-0.1916154
-0.1987092
-0.1966100
-0.1902832
-0.1860423
-0.1881059
-0.1969397
-0.2079433
-0.2120579
-0.2011447
-0.1760871
-0.1497122
-0.1387952
-0.1500539
-0.1732293
-0.1894115
-0.1878377
-0.1749341
-0.1665313
-0.1712686
-0.1821841
-0.1847463
-0.1725080
-0.1540858
-0.1445915
-0.1506594
-0.1642787
-0.1711106
-0.1642977
-0.1500554
-0.1404913
-0.1416208
-0.1478157
-0.1464277
-0.1272074
-0.0888535
-0.0393343
0.0084324
0.0424969
0.0573427
0.0571969
0.0547820
0.0642372
0.0914605
0.1292140
0.1620932
0.1780196
0.1764424
0.1663460
0.1569016
0.1499635
0.1403695
0.1216318
0.0905112
0.0475270
-0.0041565
-0.0588512
-0.1088832
-0.1479769
-0.1753582
-0.1951861
-0.2105993
-0.2194520
-0.2182808
-0.2105240
-0.2075230
-0.2180000
-0.2368547
-0.2481199
-0.2419071
-0.2271092
-0.2233974
-0.2389430
-0.2587201
-0.2585058
-0.2305125
-0.1919541
-0.1665540
-0.1599539
-0.1563600
-0.1378682
-0.1009772
-0.0491897
0.0289586
0.1667957
0.3957873
0.7089206
1.0451110
1.3112043
1.4266253
1.3605607
1.1418332
0.8415429
0.5408561
0.2988650
0.1340546
0.0280423
-0.0511753
-0.1227329
-0.1826074
-0.2155834
-0.2159112
-0.1961630
-0.1770173
-0.1704967
-0.1743527
-0.1809402
-0.1875880
-0.1963754
-0.2066771
-0.2131188
-0.2128079
-0.2112152
-0.2161922
-0.2256280
-0.2254600
-0.2043909
-0.1700101
-0.1454361
-0.1465353
-0.1642308
-0.1734011
-0.1599118
-0.1353056
-0.1222133
-0.1275964
-0.1349012
-0.1234776
-0.0918104
-0.0579709
-0.0385823
-0.0319514
-0.0233906
-0.0028488
0.0276974
0.0631230
0.1046650
0.1563996
0.2157772
0.2744164
0.3297500
0.3902983
0.4638340
0.5415280
0.6000791
0.6234623
0.6203947
0.6159790
0.6256988
0.6415072
0.6459192
0.6366185
0.6317164
0.6495407
0.6873048
0.7232852
0.7385922
0.7330992
0.7199349
0.7087730
0.6979533
0.6808395
0.6546182
0.6209666
0.5819346
0.5397523
0.4997820
0.4679841
0.4420538
0.4082123
0.3524753
0.2765872
0.1993659
0.1393687
0.0972925
0.0577458
0.0077238
-0.0494493
-0.0990580
-0.1309853
-0.1485106
-0.1628678
-0.1826157
-0.2087846
-0.2366531
-0.2590785
-0.2700846
-0.2700862
-0.2688597
-0.2792206
-0.3037138
-0.3286954
-0.3357954
-0.3208584
-0.2994657
-0.2920447
-0.3047119
-0.3261064
-0.3411372
-0.3443429
-0.3397573
-0.3324918
-0.3248465
-0.3190626
-0.3179522
-0.3199788
-0.3174237
-0.3043935
-0.2861865
-0.2759601
-0.2800028
-0.2895172
-0.2904264
-0.2798825
-0.2689431
-0.2680988
-0.2738852
-0.2730163
-0.2582240
-0.2360817
-0.2184462
-0.2096767
-0.2048554
-0.1979574
-0.1869677
-0.1705892
-0.1446416
-0.1045781
-0.0474938
0.0348172
0.1646085
0.3707665
0.6611802
0.9968782
1.2961512
1.4721158
1.4763165
1.3165685
1.0424126
0.7178252
0.4021823
0.1421249
-0.0350007
-0.1284390
-0.1629345
-0.1733070
-0.1837634
-0.1983540
-0.2087710
-0.2094315
-0.2049735
-0.2053532
-0.2163128
-0.2351795
-0.2539281
-0.2643504
-0.2615412
-0.2466089
-0.2286610
-0.2216146
-0.2336310
-0.2572622
-0.2729557
-0.2667619
-0.2454678
-0.2311453
-0.2379414
-0.2552977
-0.2575719
-0.2315436
-0.1917246
-0.1654800
-0.1640798
-0.1722540
-0.1671745
-0.1436552
-0.1168001
-0.1017411
-0.0964660
-0.0869225
-0.0650136
-0.0362469
-0.0097040
0.0140777
0.0411310
0.0724884
0.1007935
0.1208265
0.1390540
0.1672266
0.2068306
0.2453706
0.2714779
0.2908684
0.3220356
0.3745979
0.4352292
0.4789098
0.4945626
0.4969596
0.5111052
0.5454808
0.5829302
0.5987387
0.5862179
0.5629775
0.5524762
0.5607629
0.5713498
0.5614705
0.5224163
0.4647737
0.4057877
0.3532732
0.3017792
0.2423789
0.1738899
0.1044654
0.0444774
-0.0005528
-0.0315152
-0.0534749
-0.0732113
-0.0969638
-0.1272272
-0.1600942
-0.1870590
-0.2021052
-0.2081270
-0.2149342
-0.2291236
-0.2461632
-0.2541275
-0.2459045
-0.2269936
-0.2109507
-0.2078053
-0.2169227
-0.2296506
-0.2374463
-0.2378647
-0.2346278
-0.2334032
-0.2372219
-0.2443207
-0.2491395
-0.2459243
-0.2332261
-0.2161740
-0.2038903
-0.2031686
-0.2133335
-0.2266172
-0.2339422
-0.2319908
-0.2262912
-0.2269500
-0.2389625
-0.2553833
-0.2615937
-0.2486856
-0.2230298
-0.2014368
-0.1963793
-0.2063848
-0.2203585
-0.2292025
-0.2318358
-0.2315775
-0.2304969
-0.2293557
-0.2307096
-0.2375418
-0.2473251
-0.2507089
-0.2401108
-0.2198073
-0.2045486
-0.2061876
-0.2222068
-0.2383458
-0.2422544
-0.2342016
-0.2251025
-0.2251346
-0.2345672
-0.2450344
-0.2485180
-0.2439348
-0.2351489
-0.2247950
-0.2127369
-0.2007378
-0.1953910
-0.2025651
-0.2183305
-0.2289377
-0.2240103
-0.2099247
-0.2057715
-0.2223795
-0.2470450
-0.2539295
-0.2313070
-0.1954542
-0.1747991
-0.1816729
-0.2022136
-0.2131950
-0.2054627
-0.1899913
-0.1840181
-0.1942419
-0.2127508
-0.2259429
-0.2257423
-0.2140547
-0.1992570
-0.1889376
-0.1845197
-0.1820861
-0.1787526
-0.1772975
-0.1821533
-0.1908479
-0.1936144
-0.1851290
-0.1742985
-0.1764266
-0.1937304
-0.2082697
-0.1994561
-0.1682528
-0.1394326
-0.1371002
-0.1597846
-0.1827282
-0.1844882
-0.1680812
-0.1545248
-0.1585761
-0.1746737
-0.1861766
-0.1839203
-0.1730059
-0.1636775
-0.1595539
-0.1558233
-0.1466295
-0.1315306
-0.1139833
-0.0950342
-0.0712945
-0.0409603
-0.0105648
0.0079981
0.0100390
0.0071251
0.0204648
0.0621554
0.1217454
0.1722611
0.1915835
0.1797453
0.1562465
0.1410387
0.1382185
0.1366493
0.1233875
0.0949126
0.0573158
0.0190014
-0.0158059
-0.0483386
-0.0820585
-0.1180813
-0.1527663
-0.1795551
-0.1939997
-0.1980705
-0.1997416
-0.2071703
-0.2217107
-0.2362843
-0.2414164
-0.2333505
-0.2162753
-0.1976819
-0.1833365
-0.1763646
-0.1774694
-0.1824846
-0.1806969
-0.1606978
-0.1222308
-0.0813476
-0.0575326
-0.0483980
-0.0146294
0.1048561
0.3522838
0.7141159
1.1162736
1.4545891
1.6392719
1.6287662
1.4407139
1.1398336
0.8092983
0.5178619
0.2985175
0.1490293
0.0502398
-0.0142229
-0.0516592
-0.0675658
-0.0730789
-0.0813350
-0.0969854
-0.1131100
-0.1211352
-0.1226344
-0.1286452
-0.1466954
-0.1701109
-0.1818842
-0.1700908
-0.1401098
-0.1116429
-0.1025995
-0.1143312
-0.1317018
-0.1375523
-0.1277795
-0.1134200
-0.1087797
-0.1172793
-0.1283093
-0.1279128
-0.1124703
-0.0911010
-0.0746553
-0.0646714
-0.0552826
-0.0439837
-0.0355128
-0.0331129
-0.0298674
-0.0141197
0.0156624
0.0456326
0.0603974
0.0619100
0.0705723
0.1044297
0.1585389
0.2085313
0.2355062
0.2447673
0.2582916
0.2909392
0.3370444
0.3797703
0.4102570
0.4357162
0.4699127
0.5177458
0.5699088
0.6119571
0.6374349
0.6518464
0.6652350
0.6827754
0.7023909
0.7188936
0.7282869
0.7288578
0.7208988
0.7073106
0.6937705
0.6853817
0.6804106
0.6677406
0.6343451
0.5786250
0.5154539
0.4643678
0.4309770
0.4014545
0.3570489
0.2939095
0.2278536
0.1796405
0.1558341
0.1437702
0.1244496
0.0897215
0.0472489
0.0105645
-0.0136790
-0.0291237
-0.0436220
-0.0618968
-0.0828198
-0.1011430
-0.1112760
-0.1111067
-0.1039206
-0.0970005
-0.0973660
-0.1069185
-0.1202112
-0.1277153
-0.1238810
-0.1134462
-0.1085002
-0.1171626
-0.1345145
-0.1455699
-0.1384332
-0.1155652
-0.0923723
-0.0837887
-0.0910249
-0.1013460
-0.1012818
-0.0897118
-0.0775563
-0.0756763
-0.0846008
-0.0955766
-0.0993741
-0.0931118
-0.0802883
-0.0667829
-0.0577570
-0.0568698
-0.0652985
-0.0792000
-0.0894229
-0.0879011
-0.0767711
-0.0689579
-0.0759281
-0.0942440
-0.1069147
-0.1002216
-0.0787357
-0.0619284
-0.0650135
-0.0838369
-0.1000856
-0.1014546
-0.0945109
-0.0957959
-0.1117859
-0.1311734
-0.1376594
-0.1272640
-0.1106843
-0.1004553
-0.0992809
-0.1015539
-0.1032622
-0.1068609
-0.1157681
-0.1270728
-0.1334768
-0.1326883
-0.1309314
-0.1340634
-0.1375951
-0.1306045
-0.1106607
-0.0907481
-0.0875248
-0.1033879
-0.1234560
-0.1317219
-0.1281579
-0.1268763
-0.1373265
-0.1511721
-0.1514823
-0.1335717
-0.1117267
-0.1034520
-0.1109341
-0.1216210
-0.1245897
-0.1211735
-0.1191873
-0.1219591
-0.1269532
-0.1327334
-0.1414099
-0.1518665
-0.1547914
-0.1407890
-0.1146001
-0.0957216
-0.0995819
-0.1196072
-0.1333178
-0.1271983
-0.1110754
-0.1053079
-0.1171871
-0.1342356
-0.1396473
-0.1295496
-0.1132783
-0.1004093
-0.0924082
-0.0870847
-0.0857701
-0.0911611
-0.0999536
-0.1041325
-0.1018216
-0.1013623
-0.1090462
-0.1153263
-0.1006727
-0.0578148
-0.0036851
0.0353468
0.0492634
0.0519660
0.0628925
0.0851798
0.1057604
0.1153318
0.1219179
0.1408407
0.1746541
0.2088377
0.2273151
0.2267805
0.2138365
0.1936244
0.1668853
0.1358817
0.1058711
0.0775725
0.0423773
-0.0089393
-0.0714421
-0.1240785
-0.1471795
-0.1423381
-0.1316776
-0.1359030
-0.1555930
-0.1759622
-0.1866406
-0.1918133
-0.2013025
-0.2168618
-0.2301518
-0.2319826
-0.2207146
-0.2022579
-0.1844943
-0.1726441
-0.1680100
-0.1678953
-0.1654382
-0.1523112
-0.1258988
-0.0940403
-0.0671030
-0.0390683
0.0244765
0.1737110
0.4390980
0.7957811
1.1557768
1.4014363
1.4460806
1.2833717
0.9886326
0.6697441
0.4054397
0.2163750
0.0823408
-0.0201243
-0.0958858
-0.1384366
-0.1493147
-0.1446999
-0.1432758
-0.1519197
-0.1655680
-0.1780664
-0.1890451
-0.2007818
-0.2123590
-0.2187514
-0.2146472
-0.1992825
-0.1792048
-0.1657699
-0.1665968
-0.1775095
-0.1846177
-0.1772322
-0.1595054
-0.1475546
-0.1527081
-0.1672418
-0.1694134
-0.1455874
-0.1065610
-0.0784012
-0.0762095
-0.0899078
-0.0973233
-0.0880352
-0.0711768
-0.0615968
-0.0624766
-0.0625813
-0.0484313
-0.0175835
0.0195236
0.0494829
0.0671612
0.0783777
0.0937365
0.1202757
0.1564092
0.1925358
0.2183458
0.2332407
0.2496600
0.2826900
0.3346605
0.3916000
0.4361753
0.4633323
0.4827282
0.5069415
0.5383743
0.5677276
0.5849295
0.5907550
0.5964535
0.6117124
0.6342089
0.6513883
0.6512116
0.6311308
0.5990298
0.5666432
0.5396835
0.5122420
0.4725330
0.4166103
0.3553991
0.3053508
0.2716853
0.2426729
0.2015845
0.1438811
0.0817635
0.0313131
-0.0040898
-0.0357033
-0.0745431
-0.1176331
-0.1519389
-0.1700133
-0.1774691
-0.1850183
-0.1973909
-0.2117211
-0.2235443
-0.2316279
-0.2383051
-0.2473403
-0.2610770
-0.2778572
-0.2916067
-0.2950604
-0.2855449
-0.2691748
-0.2581634
-0.2607088
-0.2723997
-0.2800587
-0.2756798
-0.2645616
-0.2581117
-0.2609415
-0.2673285
-0.2684093
-0.2600458
-0.2449839
-0.2304833
-0.2235906
-0.2258262
-0.2315008
-0.2328527
-0.2281855
-0.2245980
-0.2311963
-0.2480899
-0.2625607
-0.2593747
-0.2373263
-0.2133355
-0.2063181
-0.2176221
-0.2311758
-0.2329038
-0.2256726
-0.2234606
-0.2342335
-0.2514231
-0.2611015
-0.2557175
-0.2410915
-0.2306243
-0.2324788
-0.2426058
-0.2506023
-0.2513647
-0.2497898
-0.2544995
-0.2676803
-0.2806355
-0.2798915
-0.2603892
-0.2336472
-0.2198834
-0.2293656
-0.2527068
-0.2710195
-0.2739560
-0.2665590
-0.2611370
-0.2651208
-0.2751680
-0.2803276
-0.2717993
-0.2520844
-0.2344920
-0.2317796
-0.2444355
-0.2602931
-0.2660566
-0.2601231
-0.2542574
-0.2606859
-0.2764661
-0.2839295
-0.2703141
-0.2445503
-0.2289115
-0.2339550
-0.2473096
-0.2495765
-0.2372822
-0.2263201
-0.2335457
-0.2573776
-0.2776451
-0.2751051
-0.2510686
-0.2264107
-0.2206147
-0.2334646
-0.2480431
-0.2491407
-0.2370479
-0.2257909
-0.2299650
-0.2508455
-0.2728814
-0.2761944
-0.2559247
-0.2283748
-0.2156236
-0.2245513
-0.2422240
-0.2505011
-0.2434206
-0.2306709
-0.2245654
-0.2235598
-0.2108509
-0.1726948
-0.1170655
-0.0691237
-0.0467747
-0.0444383
-0.0423514
-0.0278340
-0.0043808
0.0177146
0.0354697
0.0558800
0.0841946
0.1114985
0.1188984
0.0971135
0.0585660
0.0253662
0.0066256
-0.0085194
-0.0369025
-0.0845259
-0.1423087
-0.1935924
-0.2256146
-0.2377816
-0.2406490
-0.2458488
-0.2568454
-0.2693081
-0.2781348
-0.2827431
-0.2872961
-0.2963791
-0.3080725
-0.3116850
-0.2972849
-0.2692223
-0.2454678
-0.2403798
-0.2510120
-0.2621776
-0.2613148
-0.2464284
-0.2237770
-0.2013250
-0.1815307
-0.1556518
-0.1029466
0.0047182
0.1935426
0.4709121
0.8039817
1.1131906
1.2995394
1.2952190
1.1021596
0.7920510
0.4693505
0.2186759
0.0664021
-0.0179047
-0.0818693
-0.1485760
-0.2086496
-0.2433590
-0.2475958
-0.2334319
-0.2195046
-0.2181440
-0.2280857
-0.2378294
-0.2372026
-0.2257376
-0.2113205
-0.2044347
-0.2123109
-0.2314730
-0.2451376
-0.2368986
-0.2112092
-0.1924802
-0.1977183
-0.2156095
-0.2191064
-0.1956498
-0.1600187
-0.1386910
-0.1437467
-0.1609957
-0.1644027
-0.1443974
-0.1185418
-0.1091372
-0.1147770
-0.1128558
-0.0876140
-0.0455373
-0.0035865
0.0278799
0.0498640
0.0719067
0.1066327
0.1599796
0.2246687
0.2871142
0.3398579
0.3845226
0.4273121
0.4758465
0.5333412
0.5891797
0.6226174
0.6244403
0.6092597
0.5992927
0.6029349
0.6158350
0.6332587
0.6515850
0.6656069
0.6742371
0.6829052
0.6934649
0.6989761
0.6935360
0.6783692
0.6548445
0.6230413
0.5896062
0.5621364
0.5330489
0.4868628
0.4274386
0.3779664
0.3480073
0.3206434
0.2782055
0.2204396
0.1534929
0.0843814
0.0292659
-0.0001193
-0.0214300
-0.0625569
-0.1156885
-0.1475921
-0.1577243
-0.1774515
-0.2007068
-0.1737283
-0.0832352
