-0.1674640
-0.2024761
-0.1525834
-0.1423014
-0.1840715
-0.1954666
-0.1581779
-0.1349490
-0.1497214
-0.1605326
-0.1486649
-0.1442402
-0.1585070
-0.1645325
-0.1522172
-0.1436530
-0.1496269
-0.1585345
-0.1665361
-0.1763813
-0.1733733
-0.1437844
-0.1094384
-0.1051152
-0.1286491
-0.1476989
-0.1472144
-0.1385620
-0.1316201
-0.1280788
-0.1333409
-0.1480183
-0.1561424
-0.1444617
-0.1236224
-0.1112950
-0.1069960
-0.1015798
-0.0974791
-0.1010278
-0.1069070
-0.1061606
-0.0988590
-0.0876211
-0.0712530
-0.0529767
-0.0392219
-0.0227508
0.0145509
0.0724665
0.1236070
0.1444647
0.1411437
0.1362675
0.1440962
0.1648213
0.1892783
0.2024677
0.1938238
0.1689769
0.1432115
0.1240910
0.1101954
0.1018761
0.0982688
0.0869104
0.0531743
0.0008586
-0.0494352
-0.0823182
-0.0981403
-0.1054094
-0.1140187
-0.1317595
-0.1554880
-0.1687209
-0.1585725
-0.1323868
-0.1093910
-0.1001313
-0.1012261
-0.1042750
-0.1021317
-0.0920439
-0.0792995
-0.0720226
-0.0677633
-0.0532611
-0.0221459
0.0173868
0.0606925
0.1260243
0.2488067
0.4572536
0.7472657
1.0653129
1.3134375
1.3919466
1.2601550
0.9636350
0.6031988
0.2755634
0.0305984
-0.1350569
-0.2522904
-0.3421585
-0.3988454
-0.4081061
-0.3749818
-0.3246555
-0.2800793
-0.2483922
-0.2263762
-0.2086149
-0.1906575
-0.1729500
-0.1621517
-0.1626285
-0.1679806
-0.1665045
-0.1531593
-0.1318201
-0.1093722
-0.0924426
-0.0857889
-0.0881530
-0.0921444
-0.0917461
-0.0870243
-0.0803020
-0.0734462
-0.0703600
-0.0743566
-0.0799163
-0.0749893
-0.0560473
-0.0341270
-0.0214067
-0.0177812
-0.0150763
-0.0089296
-0.0013004
0.0056304
0.0138954
0.0282551
0.0500087
0.0716288
0.0820203
0.0817234
0.0881220
0.1177698
0.1660062
0.2118229
0.2412155
0.2581617
0.2742354
0.2962455
0.3249431
0.3582928
0.3928321
0.4252087
0.4540807
0.4799616
0.5049864
0.5334911
0.5684809
0.6050395
0.6317173
0.6418472
0.6400252
0.6353093
0.6325145
0.6318325
0.6305187
0.6213829
0.5960210
0.5551581
0.5120033
0.4804239
0.4614763
0.4437665
0.4145579
0.3694402
0.3148410
0.2630631
0.2224040
0.1910176
0.1615023
0.1294116
0.0945103
0.0576129
0.0224092
-0.0019644
-0.0080932
-0.0010448
0.0035784
-0.0061022
-0.0286528
-0.0528534
-0.0672769
-0.0682641
-0.0631739
-0.0651502
-0.0807820
-0.1030333
-0.1184217
-0.1196654
-0.1097291
-0.0968355
-0.0887717
-0.0895016
-0.0976417
-0.1086783
-0.1192608
-0.1273745
-0.1296313
-0.1241633
-0.1170409
-0.1188304
-0.1308221
-0.1397766
-0.1314497
-0.1072230
-0.0839082
-0.0779634
-0.0909263
-0.1086095
-0.1141963
-0.1040958
-0.0907271
-0.0879552
-0.0957687
-0.1026556
-0.1006150
-0.0922822
-0.0839263
-0.0773749
-0.0707008
-0.0634055
-0.0588353
-0.0617545
-0.0725145
-0.0834729
-0.0851183
-0.0782536
-0.0757329
-0.0873517
-0.1059160
-0.1137830
-0.1023522
-0.0808281
-0.0660565
-0.0670508
-0.0794154
-0.0920995
-0.0982385
-0.0993409
-0.0995059
-0.0988606
-0.0962128
-0.0953297
-0.1015019
-0.1112095
-0.1124357
-0.0991584
-0.0809799
-0.0739955
-0.0840865
-0.1020049
-0.1135811
-0.1129954
-0.1069434
-0.1067385
-0.1162792
-0.1287527
-0.1353997
-0.1341869
-0.1275971
-0.1165084
-0.1023116
-0.0928293
-0.0982090
-0.1183666
-0.1391160
-0.1447218
-0.1340445
-0.1227811
-0.1283256
-0.1509382
-0.1709165
-0.1680509
-0.1443801
-0.1232643
-0.1240685
-0.1423519
-0.1581555
-0.1592133
-0.1507454
-0.1449609
-0.1471484
-0.1532303
-0.1571306
-0.1573077
-0.1555503
-0.1513143
-0.1412437
-0.1264419
-0.1162685
-0.1191361
-0.1305417
-0.1365964
-0.1309970
-0.1231906
-0.1263998
-0.1404610
-0.1496894
-0.1371281
-0.0999665
-0.0519045
-0.0110506
0.0146810
0.0301825
0.0429652
0.0547170
0.0645307
0.0752220
0.0905499
0.1075417
0.1169829
0.1127978
0.0984249
0.0832155
0.0735753
0.0670139
0.0539879
0.0269959
-0.0110035
-0.0487827
-0.0784519
-0.1028874
-0.1302635
-0.1631428
-0.1945733
-0.2137918
-0.2153157
-0.2044416
-0.1943906
-0.1956351
-0.2066651
-0.2163346
-0.2152296
-0.2033639
-0.1882363
-0.1787689
-0.1802547
-0.1900422
-0.1961277
-0.1837571
-0.1474131
-0.0966664
-0.0485118
-0.0108402
0.0314423
0.1161959
0.2836362
0.5431847
0.8500951
1.1132552
1.2347438
1.1597691
0.9082721
0.5670570
0.2421295
0.0001630
-0.1577942
-0.2715866
-0.3731383
-0.4595645
-0.5070742
-0.5037227
-0.4658890
-0.4244293
-0.3974606
-0.3788596
-0.3532545
-0.3181268
-0.2867968
-0.2715786
-0.2704656
-0.2721863
-0.2691736
-0.2619681
-0.2542756
-0.2484496
-0.2454758
-0.2458070
-0.2482110
-0.2483631
-0.2406329
-0.2236403
-0.2042092
-0.1927292
-0.1923494
-0.1949587
-0.1906920
-0.1796617
-0.1708784
-0.1704971
-0.1745819
-0.1734213
-0.1602849
-0.1362123
-0.1092547
-0.0896450
-0.0829179
-0.0853018
-0.0856271
-0.0730584
-0.0454362
-0.0121292
0.0127163
0.0236754
0.0317119
0.0548933
0.0993672
0.1519103
0.1932836
0.2169236
0.2325712
0.2536973
0.2844317
0.3184913
0.3483908
0.3740343
0.4018593
0.4362511
0.4737769
0.5068337
0.5307668
0.5452728
0.5512405
0.5502827
0.5464042
0.5431518
0.5376408
0.5211964
0.4889521
0.4475920
0.4109949
0.3871434
0.3695443
0.3426456
0.2972456
0.2406190
0.1897514
0.1542948
0.1282915
0.0990772
0.0612039
0.0199800
-0.0154225
-0.0391654
-0.0512518
-0.0569175
-0.0635987
-0.0757792
-0.0919113
-0.1073207
-0.1200724
-0.1329337
-0.1492176
-0.1671596
-0.1793748
-0.1794181
-0.1694169
-0.1593614
-0.1572964
-0.1620491
-0.1677002
-0.1724985
-0.1788735
-0.1860297
-0.1889023
-0.1866103
-0.1867410
-0.1961977
-0.2093506
-0.2105671
-0.1912245
-0.1623889
-0.1467751
-0.1560538
-0.1779043
-0.1887396
-0.1789584
-0.1619317
-0.1571465
-0.1686889
-0.1832511
-0.1860311
-0.1742871
-0.1567987
-0.1447325
-0.1437138
-0.1511630
-0.1589066
-0.1595005
-0.1522675
-0.1442062
-0.1442505
-0.1546030
-0.1665812
-0.1668499
-0.1505609
-0.1281106
-0.1163511
-0.1225876
-0.1388534
-0.1515494
-0.1541745
-0.1505709
-0.1489417
-0.1542688
-0.1643541
-0.1712011
-0.1672373
-0.1521385
-0.1341624
-0.1243926
-0.1286226
-0.1430997
-0.1573589
-0.1626799
-0.1594614
-0.1558964
-0.1585565
-0.1652444
-0.1681047
-0.1625445
-0.1516997
-0.1430414
-0.1417922
-0.1467013
-0.1511969
-0.1498882
-0.1451344
-0.1457089
-0.1569787
-0.1730228
-0.1804362
-0.1706321
-0.1483177
-0.1281995
-0.1230621
-0.1334835
-0.1480555
-0.1539255
-0.1477368
-0.1369936
-0.1322568
-0.1386230
-0.1524292
-0.1634744
-0.1618085
-0.1464474
-0.1283813
-0.1218701
-0.1306438
-0.1439708
-0.1477717
-0.1388745
-0.1273300
-0.1251673
-0.1338295
-0.1430442
-0.1418578
-0.1299091
-0.1169210
-0.1119299
-0.1151907
-0.1206225
-0.1230437
-0.1212698
-0.1167189
-0.1118572
-0.1086229
-0.1051923
-0.0944357
-0.0686907
-0.0280234
0.0168652
0.0515683
0.0693468
0.0765372
0.0862157
0.1055129
0.1294861
0.1481698
0.1580490
0.1638598
0.1695737
0.1715300
0.1628453
0.1429324
0.1199945
0.1033514
0.0936297
0.0809007
0.0535158
0.0100654
-0.0373490
-0.0725735
-0.0885904
-0.0919833
-0.0959345
-0.1093383
-0.1305557
-0.1494821
-0.1565415
-0.1519249
-0.1458960
-0.1480745
-0.1561281
-0.1567975
-0.1393705
-0.1079456
-0.0794392
-0.0680854
-0.0708062
-0.0688008
-0.0457865
-0.0041851
0.0414396
0.0915010
0.1807483
0.3623494
0.6600467
1.0247471
1.3368890
1.4654617
1.3484235
1.0344539
0.6503751
0.3184766
0.0897405
-0.0587546
-0.1732678
-0.2730646
-0.3425669
-0.3616178
-0.3351198
-0.2912566
-0.2549039
-0.2285124
-0.2002453
-0.1659161
-0.1374384
-0.1295848
-0.1423105
-0.1585584
-0.1591462
-0.1395330
-0.1128026
-0.0967576
-0.0979445
-0.1078993
-0.1137465
-0.1105455
-0.1032354
-0.0993132
-0.1018659
-0.1084027
-0.1135786
-0.1124702
-0.1031399
-0.0878792
-0.0722603
-0.0618825
-0.0583455
-0.0576779
-0.0539501
-0.0456855
-0.0374286
-0.0328206
-0.0271437
-0.0104981
0.0200424
0.0539488
0.0758134
0.0807226
0.0799922
0.0909390
0.1205616
0.1590540
0.1898676
0.2067878
0.2207340
0.2489851
0.2978453
0.3563061
0.4062729
0.4386392
0.4602388
0.4859420
0.5234208
0.5651267
0.5961094
0.6103510
0.6180204
0.6350398
0.6660277
0.6988997
0.7160824
0.7100045
0.6879059
0.6630247
0.6420902
0.6211160
0.5920724
0.5520394
0.5055536
0.4599575
0.4202289
0.3867798
0.3549775
0.3167235
0.2663562
0.2077238
0.1537490
0.1157787
0.0925756
0.0713200
0.0407148
0.0029451
-0.0282251
-0.0417186
-0.0409318
-0.0404321
-0.0514995
-0.0726282
-0.0940453
-0.1084501
-0.1155019
-0.1187311
-0.1222766
-0.1302052
-0.1444014
-0.1605062
-0.1684191
-0.1610014
-0.1435210
-0.1319786
-0.1387154
-0.1589163
-0.1738307
-0.1697365
-0.1526249
-0.1412871
-0.1460913
-0.1581024
-0.1606558
-0.1484686
-0.1318911
-0.1235401
-0.1248828
-0.1275841
-0.1253333
-0.1206489
-0.1194418
-0.1220648
-0.1232259
-0.1202004
-0.1167501
-0.1163788
-0.1149801
-0.1052897
-0.0886820
-0.0775155
-0.0823556
-0.0988598
-0.1111775
-0.1090690
-0.0990965
-0.0966726
-0.1079475
-0.1226401
-0.1262656
-0.1169370
-0.1064139
-0.1050620
-0.1105410
-0.1138684
-0.1128578
-0.1142605
-0.1228995
-0.1339339
-0.1390907
-0.1380150
-0.1388283
-0.1464305
-0.1540153
-0.1504391
-0.1356844
-0.1241833
-0.1292930
-0.1467827
-0.1585683
-0.1533988
-0.1395917
-0.1345723
-0.1443301
-0.1570006
-0.1566763
-0.1404753
-0.1204546
-0.1105053
-0.1139120
-0.1236711
-0.1318103
-0.1355044
-0.1353510
-0.1322723
-0.1285335
-0.1289035
-0.1364824
-0.1470953
-0.1510470
-0.1424413
-0.1258818
-0.1127036
-0.1106783
-0.1177290
-0.1251774
-0.1263083
-0.1216588
-0.1168491
-0.1165960
-0.1212290
-0.1274872
-0.1307040
-0.1265712
-0.1135556
-0.0955127
-0.0808909
-0.0769754
-0.0835226
-0.0920129
-0.0921105
-0.0806424
-0.0654970
-0.0595726
-0.0682448
-0.0818836
-0.0825296
-0.0598059
-0.0201840
0.0199932
0.0498502
0.0713187
0.0921115
0.1143665
0.1329491
0.1446063
0.1549017
0.1722224
0.1955051
0.2124202
0.2124008
0.1989353
0.1852377
0.1784422
0.1720779
0.1554811
0.1272706
0.0959552
0.0680175
0.0395394
0.0023680
-0.0429386
-0.0840901
-0.1084952
-0.1155114
-0.1150160
-0.1153879
-0.1166009
-0.1154348
-0.1130807
-0.1139056
-0.1181528
-0.1199641
-0.1141505
-0.1029267
-0.0936739
-0.0899030
-0.0858071
-0.0708616
-0.0399546
0.0012277
0.0410058
0.0733540
0.1089817
0.1788034
0.3232833
0.5654524
0.8794371
1.1807508
1.3579845
1.3336399
1.1119937
0.7762839
0.4363023
0.1665497
-0.0201709
-0.1514408
-0.2535765
-0.3284666
-0.3633715
-0.3549170
-0.3192605
-0.2800859
-0.2501053
-0.2256603
-0.1977565
-0.1657900
-0.1392747
-0.1272326
-0.1282984
-0.1324170
-0.1308075
-0.1223959
-0.1115556
-0.1029001
-0.0994028
-0.1024734
-0.1101159
-0.1151039
-0.1085952
-0.0886607
-0.0650279
-0.0526247
-0.0579931
-0.0721153
-0.0785130
-0.0694441
-0.0531465
-0.0442191
-0.0480096
-0.0561098
-0.0564766
-0.0453517
-0.0282191
-0.0113249
0.0045276
0.0211622
0.0369053
0.0470699
0.0515480
0.0587530
0.0778432
0.1067504
0.1320652
0.1442740
0.1515946
0.1741561
0.2222049
0.2820639
0.3270371
0.3434434
0.3444953
0.3567515
0.3931103
0.4409715
0.4774982
0.4940965
0.5031278
0.5214070
0.5510465
0.5786599
0.5909205
0.5869805
0.5752130
0.5615556
0.5448057
0.5227697
0.4983999
0.4760714
0.4531614
0.4203550
0.3730835
0.3201467
0.2768618
0.2490845
0.2267150
0.1945538
0.1481629
0.0974441
0.0554765
0.0259757
0.0022265
-0.0235397
-0.0518355
-0.0767803
-0.0930265
-0.1003175
-0.1023481
-0.1035510
-0.1075456
-0.1166823
-0.1309558
-0.1472520
-0.1609354
-0.1692255
-0.1734487
-0.1779790
-0.1863749
-0.1976627
-0.2062457
-0.2062991
-0.1971504
-0.1846391
-0.1770934
-0.1794336
-0.1898915
-0.2012126
-0.2055169
-0.2002434
-0.1911178
-0.1885522
-0.1985380
-0.2152822
-0.2237597
-0.2125317
-0.1861901
-0.1640995
-0.1637007
-0.1833142
-0.2026394
-0.2021625
-0.1822432
-0.1622091
-0.1608307
-0.1786197
-0.1989279
-0.2044998
-0.1918711
-0.1711804
-0.1550712
-0.1493775
-0.1526675
-0.1607024
-0.1689273
-0.1725365
-0.1684141
-0.1591556
-0.1532970
-0.1583090
-0.1721358
-0.1829981
-0.1796118
-0.1626281
-0.1454715
-0.1424496
-0.1550246
-0.1701460
-0.1731408
-0.1625223
-0.1514251
-0.1540247
-0.1710256
-0.1890904
-0.1942219
-0.1847154
-0.1706184
-0.1618081
-0.1589391
-0.1568860
-0.1544854
-0.1568641
-0.1672002
-0.1797418
-0.1849544
-0.1812732
-0.1779140
-0.1836918
-0.1949573
-0.1981359
-0.1851956
-0.1643117
-0.1526700
-0.1587143
-0.1734765
-0.1804931
-0.1730411
-0.1600080
-0.1553313
-0.1637475
-0.1776353
-0.1860754
-0.1849341
-0.1781983
-0.1716233
-0.1671254
-0.1634841
-0.1605720
-0.1604806
-0.1638594
-0.1670666
-0.1654533
-0.1597773
-0.1571087
-0.1630983
-0.1734977
-0.1756836
-0.1608174
-0.1346847
-0.1147432
-0.1145474
-0.1306904
-0.1459832
-0.1459932
-0.1318737
-0.1165065
-0.1089534
-0.1041564
-0.0882715
-0.0533074
-0.0059729
0.0373899
0.0640579
0.0740420
0.0782765
0.0892849
0.1124072
0.1427218
0.1680082
0.1758747
0.1619400
0.1339640
0.1074268
0.0943257
0.0940860
0.0947769
0.0834494
0.0558952
0.0175569
-0.0232734
-0.0618150
-0.0969521
-0.1274308
-0.1503231
-0.1637581
-0.1695872
-0.1716769
-0.1717095
-0.1682345
-0.1607154
-0.1533436
-0.1525558
-0.1595049
-0.1661026
-0.1612691
-0.1428744
-0.1222083
-0.1133346
-0.1163899
-0.1136060
-0.0855449
-0.0318438
0.0283462
0.0821334
0.1506355
0.2855302
0.5269391
0.8536140
1.1703394
1.3510734
1.3113806
1.0590762
0.6879406
0.3211402
0.0449456
-0.1242416
-0.2238912
-0.2999339
-0.3692823
-0.4162762
-0.4188904
-0.3768675
-0.3162194
-0.2688423
-0.2486194
-0.2457628
-0.2413974
-0.2256979
-0.2030406
-0.1834141
-0.1722244
-0.1682414
-0.1679890
-0.1691267
-0.1700624
-0.1692861
-0.1669843
-0.1661522
-0.1695978
-0.1749196
-0.1740326
-0.1600278
-0.1353844
-0.1122163
-0.1025252
-0.1073202
-0.1157768
-0.1158068
-0.1054601
-0.0934944
-0.0888257
-0.0903559
-0.0880768
-0.0739461
-0.0504505
-0.0277394
-0.0131800
-0.0051171
0.0033485
0.0166126
0.0339776
0.0530133
0.0722419
0.0898908
0.1034003
0.1138129
0.1299148
0.1633282
0.2160401
0.2742410
0.3186263
0.3425755
0.3582956
0.3831401
0.4210851
0.4600866
0.4871325
0.5022691
0.5157352
0.5339625
0.5528211
0.5651219
0.5703437
0.5730031
