0.0388267
0.1538019
0.0703080
0.0311542
0.1036646
0.1691367
0.1824824
0.2168642
0.2873937
0.3254584
0.3238854
0.3510867
0.4185393
0.4641579
0.4694831
0.4819265
0.5197911
0.5514574
0.5668385
0.5856612
0.6009982
0.5889067
0.5634344
0.5546389
0.5471400
0.5046233
0.4393168
0.3962758
0.3818979
0.3605070
0.3078764
0.2242100
0.1129335
-0.0124111
-0.1197950
-0.1929480
-0.2530261
-0.3175158
-0.3653393
-0.3721002
-0.3504734
-0.3252196
-0.2954417
-0.2502422
-0.1970565
-0.1493150
-0.1079942
-0.0738590
-0.0543867
-0.0439976
-0.0227810
0.0125827
0.0417270
0.0530854
0.0565557
0.0569114
0.0438011
0.0171609
-0.0035991
-0.0033847
0.0184077
0.0649079
0.1465172
0.2671181
0.4244255
0.6165336
0.8205037
0.9680635
0.9739159
0.7991431
0.4784707
0.0943288
-0.2615208
-0.5193715
-0.6586509
-0.7089793
-0.7124929
-0.6902025
-0.6511310
-0.6126296
-0.5894232
-0.5747576
-0.5529687
-0.5234699
-0.4979956
-0.4828572
-0.4754160
-0.4684987
-0.4502325
-0.4120505
-0.3639598
-0.3273721
-0.3058824
-0.2785850
-0.2290489
-0.1649622
-0.1023972
-0.0467477
0.0031430
0.0458896
0.0794638
0.1020488
0.1098605
0.1059350
0.1090319
0.1381705
0.1885028
0.2371301
0.2718049
0.2993883
0.3278925
0.3559607
0.3804965
0.4018381
0.4210818
0.4409706
0.4656793
0.4917948
0.5070169
0.5072969
0.5059330
0.5138453
0.5194784
0.5012240
0.4535528
0.3899340
0.3256125
0.2660905
0.2061036
0.1330454
0.0391626
-0.0635787
-0.1493900
-0.2048133
-0.2400916
-0.2704281
-0.2964470
-0.3080158
-0.2974390
-0.2645197
-0.2177213
-0.1730589
-0.1424487
-0.1215713
-0.0986449
-0.0746024
-0.0626341
-0.0670428
-0.0747066
-0.0701764
-0.0504066
-0.0240864
-0.0045837
-0.0023070
-0.0156840
-0.0314242
-0.0407295
-0.0508843
-0.0726384
-0.1016716
-0.1228035
-0.1288692
-0.1261480
-0.1240162
-0.1266853
-0.1320428
-0.1333670
-0.1267084
-0.1197365
-0.1250452
-0.1404267
-0.1466788
-0.1329806
-0.1145342
-0.1130731
-0.1228830
-0.1048745
-0.0175821
0.1409921
0.3133886
0.4061742
0.3494371
0.1461440
-0.1342201
-0.4068382
-0.6139607
-0.7320841
-0.7641598
-0.7346435
-0.6784893
-0.6205580
-0.5633686
-0.4946967
-0.4050011
-0.3009283
-0.2069957
-0.1499419
-0.1343474
-0.1368526
-0.1307819
-0.1122150
-0.0953864
-0.0890160
-0.0876875
-0.0834207
-0.0754726
-0.0681748
-0.0649209
-0.0641961
-0.0593114
-0.0452426
-0.0269101
-0.0144245
-0.0081137
0.0033961
0.0261068
0.0501724
0.0627924
0.0654472
0.0721117
0.0937230
0.1275857
0.1587283
0.1713638
0.1648240
0.1585690
0.1744729
0.2128844
0.2524079
0.2736734
0.2766569
0.2747438
0.2798281
0.2953035
0.3176843
0.3425871
0.3708855
0.4062682
0.4432745
0.4634774
0.4516708
0.4132486
0.3680600
0.3287636
0.2917957
0.2479359
0.1952200
0.1415809
0.0985315
0.0710364
0.0518674
0.0295796
0.0033664
-0.0162894
-0.0245735
-0.0323217
-0.0531502
-0.0857016
-0.1144989
-0.1257699
-0.1193880
-0.1085587
-0.1096313
-0.1280503
-0.1527858
-0.1686901
-0.1743528
-0.1819503
-0.1991843
-0.2185814
-0.2273548
-0.2230122
-0.2170459
-0.2256622
-0.2554799
-0.2942845
-0.3184984
-0.3159998
-0.3001686
-0.2954275
-0.3103037
-0.3306187
-0.3374060
-0.3245188
-0.2988389
-0.2698539
-0.2415365
-0.2122287
-0.1816319
-0.1565179
-0.1448153
-0.1431288
-0.1369174
-0.1171032
-0.0910030
-0.0724069
-0.0661851
-0.0679126
-0.0739864
-0.0854854
-0.1033032
-0.1235213
-0.1376436
-0.1376943
-0.1243731
-0.1099590
-0.1082882
-0.1210308
-0.1380779
-0.1509295
-0.1597518
-0.1672391
-0.1730528
-0.1772104
-0.1832902
-0.1940143
-0.2055539
-0.2085225
-0.1954758
-0.1694542
-0.1437929
-0.1245627
-0.0875568
0.0166398
0.2158998
0.4676095
0.6644457
0.7013979
0.5486356
0.2693910
-0.0283381
-0.2635555
-0.4190973
-0.5194402
-0.5825779
-0.6009891
-0.5651797
-0.4896607
-0.4053777
-0.3326960
-0.2717212
-0.2174872
-0.1755361
-0.1582455
-0.1678927
-0.1872936
-0.1918566
-0.1737925
-0.1510232
-0.1467733
-0.1626004
-0.1785575
-0.1789048
-0.1687983
-0.1632320
-0.1672862
-0.1725854
-0.1694041
-0.1573085
-0.1439698
-0.1354039
-0.1289139
-0.1178325
-0.1026896
-0.0919276
-0.0882787
-0.0805391
-0.0560755
-0.0187046
0.0133905
0.0277306
0.0302991
0.0376435
0.0598319
0.0919990
0.1212150
0.1418031
0.1633117
0.2003484
0.2545741
0.3116707
0.3576760
0.3927987
0.4256296
0.4583772
0.4829746
0.4903495
0.4803029
0.4622066
0.4458724
0.4300900
0.4016073
0.3493301
0.2789236
0.2090793
0.1539592
0.1143108
0.0851460
0.0647049
0.0525167
0.0436129
0.0299955
0.0082333
-0.0158838
-0.0316808
-0.0347161
-0.0334895
-0.0410064
-0.0581399
-0.0708560
-0.0681062
-0.0573196
-0.0555752
-0.0685233
-0.0856373
-0.0959816
-0.1016237
-0.1127651
-0.1337717
-0.1582061
-0.1779194
-0.1942135
-0.2157432
-0.2439024
-0.2657801
-0.2684849
-0.2578064
-0.2526948
-0.2589451
-0.2577329
-0.2270457
-0.1694740
-0.1114772
-0.0761901
-0.0622294
-0.0502571
-0.0271086
-0.0003806
0.0116641
0.0024167
-0.0150392
-0.0227269
-0.0150566
0.0020374
0.0231708
0.0477369
0.0766302
0.1156472
0.1828945
0.3003017
0.4652290
0.6282530
0.7063925
0.6311054
0.3968095
0.0691464
-0.2572997
-0.5164958
-0.6937302
-0.8018336
-0.8482637
-0.8315090
-0.7615393
-0.6701719
-0.5948226
-0.5528155
-0.5331588
-0.5139831
-0.4878492
-0.4678021
-0.4670201
-0.4771135
-0.4742724
-0.4472437
-0.4110736
-0.3880785
-0.3795825
-0.3627815
-0.3159793
-0.2435630
-0.1735556
-0.1297368
-0.1075715
-0.0809561
-0.0330499
0.0250633
0.0701521
0.0958754
0.1183500
0.1542924
0.2020584
0.2473764
0.2824794
0.3144364
0.3550420
0.4056593
0.4546495
0.4905208
0.5150019
0.5391009
0.5671080
0.5907424
0.6018334
0.6053803
0.6145638
0.6346064
0.6557691
0.6619972
0.6441984
0.6057016
0.5566341
0.5033996
0.4443719
0.3769973
0.3067052
0.2437986
0.1909047
0.1384333
0.0756020
0.0037490
-0.0638088
-0.1144857
-0.1478311
-0.1740618
-0.2004746
-0.2196844
-0.2152621
-0.1820371
-0.1372285
-0.1056151
-0.0941210
-0.0861577
-0.0621168
-0.0215317
0.0169433
0.0352552
0.0335828
0.0283791
0.0335670
0.0453656
0.0480886
0.0338749
0.0116979
-0.0048912
-0.0136817
-0.0226372
-0.0355424
-0.0448535
-0.0405893
-0.0237793
-0.0083017
-0.0076191
-0.0197303
-0.0286350
-0.0239621
-0.0157735
-0.0218466
-0.0378360
-0.0269822
0.0518494
0.2013687
0.3685067
0.4688104
0.4341749
0.2503765
-0.0386692
-0.3578870
-0.6366471
-0.8311143
-0.9288559
-0.9429423
-0.9004730
-0.8282831
-0.7431284
-0.6523239
-0.5600036
-0.4699757
-0.3846661
-0.3052606
-0.2329414
-0.1679647
-0.1086523
-0.0541273
-0.0077502
0.0246855
0.0409644
0.0459978
0.0492583
0.0580261
0.0716559
0.0829973
0.0878013
0.0921544
0.1068357
0.1336655
0.1618131
0.1802499
0.1907930
0.2054183
0.2318863
0.2649946
0.2926471
0.3095234
0.3235913
0.3476892
0.3845352
0.4229195
0.4510788
0.4711357
0.4957288
0.5307492
0.5658313
0.5835725
0.5761367
0.5520626
0.5282247
0.5151962
0.5090466
0.4972847
0.4730883
0.4421182
0.4142684
0.3912634
0.3658048
0.3327621
0.2984466
0.2768952
0.2759751
0.2867969
0.2892988
0.2724768
0.2491158
0.2450524
0.2700737
0.3021658
0.3051344
0.2627545
0.1945835
0.1385345
0.1181446
0.1250970
0.1316050
0.1188426
0.0926475
0.0721748
0.0669018
0.0682087
0.0618286
0.0439987
0.0246011
0.0173848
0.0275930
0.0461695
0.0550187
0.0407687
0.0060693
-0.0324566
-0.0581898
-0.0676110
-0.0715165
-0.0842439
-0.1103840
-0.1411092
-0.1645521
-0.1795315
-0.1959355
-0.2203941
-0.2454870
-0.2568017
-0.2486756
-0.2289497
-0.2085381
-0.1899753
-0.1677286
-0.1378421
-0.1045952
-0.0761255
-0.0540948
-0.0308395
0.0004884
0.0345892
0.0569565
0.0588763
0.0465330
0.0342501
0.0313074
0.0365343
0.0431413
0.0462883
0.0462971
0.0456520
0.0434042
0.0337754
0.0118767
-0.0194060
-0.0495592
-0.0677538
-0.0704016
-0.0636155
-0.0593603
-0.0664140
-0.0818479
-0.0925818
-0.0889330
-0.0770829
-0.0754326
-0.0969202
-0.1352210
-0.1688862
-0.1798982
-0.1699197
-0.1590976
-0.1675333
-0.1966008
-0.2284586
-0.2431196
-0.2340191
-0.2069102
-0.1662259
-0.1039376
-0.0008563
0.1597690
0.3743152
0.6093698
0.8103936
0.9241264
0.9189556
0.7921373
0.5663197
0.2829389
-0.0054787
-0.2466875
-0.4039375
-0.4692759
-0.4653206
-0.4299582
-0.3921911
-0.3586502
-0.3221624
-0.2809774
-0.2465191
-0.2321945
-0.2374101
-0.2452362
-0.2374392
-0.2128669
-0.1898860
-0.1873212
-0.2019457
-0.2087989
-0.1879260
-0.1495024
-0.1279352
-0.1491581
-0.2050046
-0.2606468
-0.2864283
-0.2817812
-0.2689403
-0.2660330
-0.2697084
-0.2645544
-0.2446467
-0.2198003
-0.2004051
-0.1814756
-0.1453868
-0.0792454
0.0120464
0.1089080
0.1922379
0.2569406
0.3122322
0.3692450
0.4293096
0.4855315
0.5343819
0.5816592
0.6342270
0.6866663
0.7192631
0.7128777
0.6682887
0.6100199
0.5673881
0.5494910
0.5400455
0.5176031
0.4780990
0.4351894
0.4011546
0.3723644
0.3345197
0.2792637
0.2135068
0.1528229
0.1066712
0.0704669
0.0320141
-0.0151042
-0.0652758
-0.1070263
-0.1338058
-0.1491229
-0.1630935
-0.1841954
-0.2125447
-0.2405802
-0.2613859
-0.2758578
-0.2894602
-0.3019875
-0.3039424
-0.2855020
-0.2478845
-0.2035599
-0.1647241
-0.1324818
-0.0984086
-0.0572220
-0.0168532
0.0063958
0.0037285
-0.0167429
-0.0376869
-0.0478965
-0.0483586
-0.0456329
-0.0437441
-0.0435423
-0.0466167
-0.0561716
-0.0729193
-0.0910166
-0.0999057
-0.0917747
-0.0669618
-0.0302240
0.0189047
0.0902945
0.1953359
0.3319259
0.4726729
0.5649693
0.5482639
0.3859867
0.0947005
-0.2544870
-0.5705788
-0.7908411
-0.9062459
-0.9475346
-0.9492916
-0.9255970
-0.8751136
-0.8023986
-0.7275395
-0.6729295
-0.6438773
-0.6255592
-0.5978983
-0.5508827
-0.4872453
-0.4158705
-0.3457657
-0.2845052
-0.2387834
-0.2138142
-0.2102975
-0.2207137
-0.2292754
-0.2184280
-0.1792941
-0.1191853
-0.0597847
-0.0243084
-0.0200988
-0.0306191
-0.0273478
0.0058171
0.0585089
0.1052864
0.1315277
0.1472900
0.1752494
0.2259323
0.2865421
0.3352119
0.3646898
0.3881397
0.4201543
0.4566914
0.4799987
0.4827391
0.4795627
0.4896911
0.5119570
0.5247315
0.5124437
0.4863306
0.4720144
0.4756442
0.4680275
0.4086309
0.2864613
0.1342529
0.0012791
-0.0852805
-0.1323031
-0.1616986
-0.1873945
-0.2102633
-0.2268933
-0.2360839
-0.2372494
-0.2278875
-0.2066524
-0.1785056
-0.1534279
-0.1374496
-0.1258468
-0.1081132
-0.0806115
-0.0524086
-0.0371251
-0.0398759
-0.0531366
-0.0643679
-0.0663907
-0.0610740
-0.0550234
-0.0530783
-0.0558018
-0.0615267
-0.0684647
-0.0743123
-0.0764705
-0.0753990
-0.0765555
-0.0854422
-0.1001514
-0.1121718
-0.1169186
-0.1215193
-0.1387174
-0.1723207
-0.2109633
-0.2386628
-0.2514986
-0.2614439
-0.2818738
-0.3109585
-0.3331307
-0.3377591
-0.3325618
-0.3350968
-0.3525497
-0.3740461
-0.3837875
-0.3784151
-0.3681947
-0.3616058
-0.3524992
-0.3261459
-0.2782426
-0.2241465
-0.1851776
-0.1659839
-0.1494207
-0.1160367
-0.0664221
-0.0215257
-0.0017600
-0.0085982
-0.0268159
-0.0410712
-0.0465373
-0.0441076
-0.0312755
-0.0043900
0.0292936
0.0478792
0.0298677
-0.0253971
-0.0942437
-0.1464402
-0.1662804
-0.1587513
-0.1402033
-0.1255420
-0.1213205
-0.1257151
-0.1325765
-0.1371117
-0.1404641
-0.1494220
-0.1697820
-0.1985481
-0.2242275
-0.2377331
-0.2430932
-0.2541061
-0.2779759
-0.3035503
-0.3084234
-0.2784775
-0.2196121
-0.1493173
-0.0754559
0.0180194
0.1628470
0.3773485
0.6368090
0.8692690
0.9868058
0.9346205
0.7234802
0.4216569
0.1137476
-0.1407411
-0.3201285
-0.4256423
-0.4643916
-0.4484717
-0.4011315
-0.3506856
-0.3128938
-0.2834037
-0.2521835
-0.2229982
-0.2122095
-0.2264503
-0.2471280
-0.2444039
-0.2081829
-0.1605496
-0.1330813
-0.1334105
-0.1391259
-0.1254217
-0.0935330
-0.0676239
-0.0661584
-0.0821091
-0.0927137
-0.0843483
-0.0637076
-0.0456579
-0.0349313
-0.0230253
-0.0015720
0.0258701
0.0481235
0.0607193
0.0721978
0.0949724
0.1323251
0.1771696
0.2237665
0.2783409
0.3552275
0.4605218
0.5796041
0.6832073
0.7487195
0.7766725
0.7860191
0.7937556
0.8006926
0.7971886
0.7799161
0.7592050
0.7483617
0.7475170
0.7414147
0.7152473
0.6716615
0.6293929
0.6040603
0.5919843
0.5745261
0.5373433
0.4833349
0.4268049
0.3773967
0.3318453
0.2813146
0.2248808
0.1735745
0.1399714
0.1243783
0.1130292
0.0911286
0.0573739
0.0244982
0.0048822
-0.0038173
-0.0172741
-0.0474273
-0.0871220
-0.1139978
-0.1114374
-0.0846771
-0.0540799
-0.0331049
-0.0163237
0.0092819
0.0446062
0.0751088
0.0884031
0.0913123
0.1048257
0.1415474
0.1915510
0.2329793
0.2542324
0.2613063
0.2636488
0.2595360
0.2413721
0.2131078
0.1937976
0.1983730
0.2178070
0.2252276
0.2043499
0.1679816
0.1436307
0.1417311
0.1441596
0.1279285
0.0962803
0.0785004
0.0961998
0.1354217
0.1600465
0.1549890
0.1511406
0.2002009
0.3198447
0.4624243
0.5395572
0.4824581
0.2866041
0.0078759
-0.2773774
-0.5106001
-0.6641094
-0.7351367
-0.7378729
-0.6981297
-0.6434480
-0.5879465
-0.5251466
-0.4404096
-0.3340928
-0.2306442
-0.1604404
-0.1313734
-0.1213314
-0.1012490
-0.0640054
-0.0276257
-0.0109046
-0.0108580
-0.0075931
0.0111809
0.0364190
0.0507840
0.0512896
0.0528372
0.0681146
0.0895845
0.0977054
0.0868132
0.0764154
0.0915822
0.1336293
0.1757819
0.1906300
0.1793906
0.1704900
0.1895633
0.2344413
0.2814393
0.3130665
0.3346120
0.3627613
0.4026430
0.4409006
0.4608124
0.4595555
0.4478215
0.4348137
0.4180735
0.3895875
0.3492866
0.3089413
0.2816405
0.2690381
0.2607728
0.2462625
0.2253542
0.2064409
0.1952735
0.1877457
0.1746100
0.1523240
0.1275737
0.1103795
0.1034548
0.0995123
0.0891372
0.0700201
0.0473369
0.0259192
0.0045280
-0.0205678
-0.0474219
-0.0665003
-0.0688148
-0.0559577
-0.0409520
-0.0382326
-0.0523738
-0.0762006
-0.0990125
-0.1158091
-0.1287825
-0.1414325
-0.1530424
-0.1596190
-0.1597124
-0.1583702
-0.1646023
-0.1843217
-0.2151922
-0.2481636
-0.2743964
-0.2914196
-0.3032213
-0.3148121
-0.3270835
-0.3372226
-0.3437772
-0.3499267
-0.3600737
-0.3727852
-0.3787273
-0.3679206
