-0.2538721
-0.2002066
-0.1660044
-0.1653709
-0.1834240
-0.1980899
-0.2025863
-0.2057042
-0.2159181
-0.2309727
-0.2421452
-0.2433294
-0.2338319
-0.2162821
-0.1962648
-0.1826382
-0.1827060
-0.1945037
-0.2068636
-0.2106508
-0.2088575
-0.2119382
-0.2229186
-0.2311968
-0.2238560
-0.2007612
-0.1748071
-0.1582364
-0.1532569
-0.1569104
-0.1691325
-0.1899637
-0.2111019
-0.2189844
-0.2108104
-0.2021970
-0.2108110
-0.2322376
-0.2401888
-0.2164413
-0.1766454
-0.1582147
-0.1806731
-0.2238764
-0.2502288
-0.2452697
-0.2298584
-0.2319493
-0.2532442
-0.2691102
-0.2585963
-0.2276387
-0.2007622
-0.1947763
-0.2048927
-0.2143191
-0.2119547
-0.1998837
-0.1887438
-0.1898478
-0.2089656
-0.2412703
-0.2702246
-0.2762994
-0.2531316
-0.2165559
-0.1942258
-0.2025422
-0.2326320
-0.2592864
-0.2636447
-0.2475987
-0.2283575
-0.2215952
-0.2294237
-0.2408117
-0.2405221
-0.2192183
-0.1796302
-0.1353953
-0.1017053
-0.0835318
-0.0724327
-0.0569704
-0.0368440
-0.0239890
-0.0268680
-0.0349616
-0.0238639
0.0202593
0.0818685
0.1251569
0.1245590
0.0867885
0.0428425
0.0190101
0.0154577
0.0105942
-0.0165797
-0.0681589
-0.1272061
-0.1725078
-0.1947147
-0.2022808
-0.2141091
-0.2446066
-0.2921735
-0.3405083
-0.3723554
-0.3839704
-0.3870786
-0.3968684
-0.4180477
-0.4415113
-0.4519203
-0.4365497
-0.3887056
-0.3080465
-0.2019653
-0.0856806
0.0245890
0.1240403
0.2265788
0.3569536
0.5296509
0.7284753
0.9021939
0.9822569
0.9154781
0.6945429
0.3673693
0.0165579
-0.2801815
-0.4826280
-0.5928099
-0.6346196
-0.6304896
-0.5934365
-0.5326088
-0.4586416
-0.3824743
-0.3130692
-0.2584395
-0.2252117
-0.2122563
-0.2057646
-0.1876079
-0.1539177
-0.1233057
-0.1204231
-0.1487506
-0.1828945
-0.1914652
-0.1669648
-0.1307669
-0.1097244
-0.1115005
-0.1228929
-0.1267535
-0.1156917
-0.0918955
-0.0614379
-0.0326485
-0.0153763
-0.0143626
-0.0216646
-0.0204549
-0.0005349
0.0312110
0.0591502
0.0771919
0.0949548
0.1244342
0.1642288
0.2009338
0.2251969
0.2423078
0.2657372
0.3035346
0.3538620
0.4116116
0.4743351
0.5399812
0.6025076
0.6542083
0.6926111
0.7220901
0.7476034
0.7695673
0.7873995
0.8062297
0.8355862
0.8794864
0.9298298
0.9716949
0.9943670
0.9957310
0.9777529
0.9422731
0.8932960
0.8397638
0.7902912
0.7436353
0.6884001
0.6162214
0.5339806
0.4583016
0.3966477
0.3382724
0.2683415
0.1891997
0.1212695
0.0797960
0.0548505
0.0207676
-0.0335691
-0.0890329
-0.1155621
-0.1061094
-0.0866298
-0.0902213
-0.1240959
-0.1649966
-0.1853253
-0.1793628
-0.1635774
-0.1569224
-0.1659134
-0.1864958
-0.2122548
-0.2357304
-0.2455792
-0.2313450
-0.1959324
-0.1601528
-0.1480959
-0.1647366
-0.1901326
-0.1987811
-0.1844700
-0.1639299
-0.1562698
-0.1621431
-0.1655404
-0.1542779
-0.1346294
-0.1240844
-0.1320393
-0.1506596
-0.1643625
-0.1649206
-0.1557561
-0.1448662
-0.1383509
-0.1404874
-0.1537289
-0.1733445
-0.1845823
-0.1729059
-0.1411411
-0.1125745
-0.1104631
-0.1332024
-0.1546309
-0.1527875
-0.1356696
-0.1326776
-0.1597037
-0.1986237
-0.2164736
-0.2022232
-0.1775944
-0.1701079
-0.1822630
-0.1936081
-0.1900972
-0.1819266
-0.1880569
-0.2092430
-0.2253101
-0.2199476
-0.2004590
-0.1870972
-0.1867535
-0.1859188
-0.1715955
-0.1512460
-0.1440912
-0.1547418
-0.1648272
-0.1556573
-0.1338941
-0.1262266
-0.1470146
-0.1776864
-0.1845029
-0.1559880
-0.1173197
-0.1050735
-0.1307072
-0.1722536
-0.1999033
-0.2043451
-0.1985985
-0.1973867
-0.2008890
-0.1988208
-0.1851957
-0.1652187
-0.1490871
-0.1425227
-0.1437408
-0.1464581
-0.1436019
-0.1303208
-0.1077628
-0.0848492
-0.0721929
-0.0698773
-0.0619798
-0.0282813
0.0347271
0.1052193
0.1518057
0.1606613
0.1478285
0.1442222
0.1672858
0.2054962
0.2288545
0.2144967
0.1647829
0.1042689
0.0603505
0.0435491
0.0414853
0.0302138
-0.0055018
-0.0588880
-0.1068517
-0.1307627
-0.1332404
-0.1342427
-0.1501385
-0.1772586
-0.1967723
-0.1949937
-0.1771236
-0.1606079
-0.1571273
-0.1635827
-0.1699332
-0.1715550
-0.1707347
-0.1681931
-0.1584981
-0.1359252
-0.1009183
-0.0551729
0.0106758
0.1193415
0.2892212
0.5086155
0.7259487
0.8687287
0.8796187
0.7442925
0.4944913
0.1898096
-0.1064830
-0.3456407
-0.5027631
-0.5784961
-0.5934802
-0.5760521
-0.5474753
-0.5129146
-0.4650071
-0.3982440
-0.3221076
-0.2597187
-0.2311244
-0.2359335
-0.2522153
-0.2536838
-0.2299350
-0.1922644
-0.1617630
-0.1520624
-0.1613867
-0.1774389
-0.1872951
-0.1838656
-0.1674529
-0.1446738
-0.1247645
-0.1128327
-0.1046890
-0.0902190
-0.0644321
-0.0349056
-0.0158689
-0.0136267
-0.0191614
-0.0172398
-0.0028408
0.0140166
0.0220645
0.0261798
0.0468018
0.0990720
0.1740579
0.2446386
0.2916241
0.3218616
0.3580051
0.4114269
0.4692508
0.5106307
0.5333395
0.5587169
0.6076535
0.6751576
0.7343193
0.7663551
0.7819629
0.8089021
0.8602738
0.9198714
0.9600399
0.9702684
0.9648355
0.9638454
0.9712485
0.9733273
0.9556565
0.9173085
0.8681583
0.8159799
0.7590529
0.6904661
0.6076029
0.5178750
0.4368072
0.3792014
0.3479206
0.3288658
0.2992329
0.2451627
0.1736883
0.1066820
0.0613286
0.0355218
0.0122239
-0.0220001
-0.0632507
-0.0951757
-0.1069230
-0.1051850
-0.1077731
-0.1254226
-0.1506614
-0.1656156
-0.1615444
-0.1499509
-0.1518040
-0.1737605
-0.1968123
-0.1930443
-0.1559231
-0.1112980
-0.0943227
-0.1149823
-0.1492267
-0.1655331
-0.1576959
-0.1479948
-0.1584412
-0.1836808
-0.1966306
-0.1798609
-0.1460403
-0.1239657
-0.1269874
-0.1403279
-0.1405606
-0.1232645
-0.1071051
-0.1110641
-0.1317790
-0.1466037
-0.1386611
-0.1160740
-0.1043250
-0.1199279
-0.1531986
-0.1774549
-0.1743055
-0.1497879
-0.1273060
-0.1260638
-0.1454116
-0.1680263
-0.1772306
-0.1715060
-0.1628153
-0.1618115
-0.1664497
-0.1663515
-0.1572876
-0.1482973
-0.1521341
-0.1692824
-0.1846067
-0.1825546
-0.1650614
-0.1511108
-0.1567730
-0.1779363
-0.1960036
-0.1998419
-0.1976118
-0.2045312
-0.2220362
-0.2339745
-0.2246010
-0.1971952
-0.1716952
-0.1642515
-0.1719348
-0.1789703
-0.1757635
-0.1683394
-0.1687899
-0.1798515
-0.1916815
-0.1927734
-0.1814192
-0.1662080
-0.1573178
-0.1583206
-0.1652269
-0.1719316
-0.1762475
-0.1809425
-0.1889513
-0.1976988
-0.1989988
-0.1860373
-0.1614395
-0.1376750
-0.1272548
-0.1310776
-0.1373511
-0.1334045
-0.1175952
-0.0973127
-0.0760179
-0.0469800
-0.0034933
0.0468516
0.0841507
0.0961519
0.0941848
0.1038900
0.1371782
0.1758560
0.1880214
0.1623185
0.1225308
0.1044549
0.1188615
0.1404372
0.1337959
0.0875887
0.0216856
-0.0359056
-0.0744948
-0.1029795
-0.1320632
-0.1601988
-0.1783017
-0.1838632
-0.1852205
-0.1915882
-0.2030338
-0.2130758
-0.2190252
-0.2257968
-0.2386913
-0.2549612
-0.2646598
-0.2592922
-0.2378292
-0.2039166
-0.1596118
-0.1050557
-0.0440369
0.0158242
0.0751002
0.1546770
0.2863201
0.4782466
0.6835572
0.8081859
0.7651453
0.5376571
0.1982623
-0.1362391
-0.3792252
-0.5171899
-0.5901705
-0.6366675
-0.6587764
-0.6357676
-0.5625059
-0.4672240
-0.3901311
-0.3479123
-0.3232376
-0.2899352
-0.2451410
-0.2124914
-0.2134225
-0.2397480
-0.2588166
-0.2455356
-0.2063523
-0.1707062
-0.1611014
-0.1737144
-0.1873091
-0.1873562
-0.1781805
-0.1720249
-0.1706290
-0.1619851
-0.1355490
-0.0971947
-0.0659829
-0.0557410
-0.0610317
-0.0623846
-0.0459196
-0.0173698
0.0050172
0.0126167
0.0195419
0.0497764
0.1098302
0.1773254
0.2209632
0.2325733
0.2365719
0.2652551
0.3257040
0.3941310
0.4435804
0.4734224
0.5072428
0.5629495
0.6313803
0.6880501
0.7218925
0.7459133
0.7792492
0.8247554
0.8684159
0.8979777
0.9163316
0.9348251
0.9573320
0.9754606
0.9792765
0.9683040
0.9489208
0.9231011
0.8841624
0.8247080
0.7462257
0.6593403
0.5759738
0.5020536
0.4358068
0.3709990
0.3027743
0.2328877
0.1697657
0.1214297
0.0865410
0.0530403
0.0082126
-0.0479587
-0.1003212
-0.1321399
-0.1422278
-0.1464923
-0.1605123
-0.1822397
-0.1953380
-0.1899295
-0.1764813
-0.1758499
-0.1957110
-0.2194839
-0.2211260
-0.1917267
-0.1505148
-0.1280410
-0.1379313
-0.1655212
-0.1838188
-0.1793014
-0.1620349
-0.1525909
-0.1608532
-0.1773061
-0.1838838
-0.1728209
-0.1543509
-0.1451204
-0.1497317
-0.1562715
-0.1514688
-0.1381078
-0.1337548
-0.1509860
-0.1810265
-0.1999830
-0.1922481
-0.1661450
-0.1446834
-0.1418380
-0.1508989
-0.1566656
-0.1550733
-0.1566872
-0.1718351
-0.1966329
-0.2155235
-0.2157870
-0.1983414
-0.1758497
-0.1618211
-0.1606151
-0.1659542
-0.1683994
-0.1651106
-0.1631113
-0.1723641
-0.1939819
-0.2149056
-0.2168100
-0.1936679
-0.1606532
-0.1424041
-0.1501659
-0.1716050
-0.1847562
-0.1810095
-0.1723365
-0.1759875
-0.1941964
-0.2107391
-0.2077904
-0.1852705
-0.1621561
-0.1580966
-0.1747807
-0.1964429
-0.2072853
-0.2056506
-0.2008854
-0.1995005
-0.1974373
-0.1859077
-0.1629494
-0.1378486
-0.1238794
-0.1268703
-0.1409940
-0.1552751
-0.1634953
-0.1680941
-0.1757004
-0.1889121
-0.2008846
-0.1979836
-0.1708576
-0.1252171
-0.0795739
-0.0486619
-0.0291457
-0.0049780
0.0320082
0.0699682
0.0890380
0.0854634
0.0802202
0.0996935
0.1469540
0.1949607
0.2112155
0.1890534
0.1527463
0.1319702
0.1333571
0.1371453
0.1187927
0.0720984
0.0131442
-0.0354404
-0.0637011
-0.0801821
-0.1010980
-0.1347100
-0.1752232
-0.2093987
-0.2277852
-0.2314124
-0.2302408
-0.2345342
-0.2447358
-0.2491097
-0.2343461
-0.2010419
-0.1671109
-0.1517350
-0.1538922
-0.1493776
-0.1136607
-0.0479566
0.0241131
0.0926389
0.1906173
0.3724610
0.6499596
0.9488724
1.1396530
1.1240040
0.9017095
0.5613777
0.2114520
-0.0826384
-0.3079206
-0.4711891
-0.5706980
-0.6000301
-0.5686449
-0.5069452
-0.4475149
-0.4039942
-0.3695902
-0.3335452
-0.2964396
-0.2697649
-0.2621486
-0.2672421
-0.2667909
-0.2474751
-0.2148195
-0.1889141
-0.1854084
-0.2006934
-0.2153037
-0.2113898
-0.1880906
-0.1617442
-0.1509766
-0.1596397
-0.1732470
-0.1726924
-0.1521365
-0.1235302
-0.1037598
-0.0977869
-0.0948953
-0.0818415
-0.0586699
-0.0384468
-0.0293488
-0.0204406
0.0082513
0.0601319
0.1126669
0.1394198
0.1398113
0.1413149
0.1705200
0.2256961
0.2810525
0.3164807
0.3390284
0.3735766
0.4354781
0.5163749
0.5960353
0.6623326
0.7164534
0.7633284
0.8042315
0.8391919
0.8705924
0.9006903
0.9281318
0.9501449
0.9669424
0.9804129
0.9874232
0.9771858
0.9394507
0.8773221
0.8095096
0.7549585
0.7132708
0.6634601
0.5858473
0.4849739
0.3882074
0.3205495
0.2813236
0.2458656
0.1901306
0.1141847
0.0417112
-0.0040249
-0.0232512
-0.0378942
-0.0677434
-0.1108225
-0.1476462
-0.1623078
-0.1580755
-0.1541584
-0.1686710
-0.2030747
-0.2408803
-0.2615387
-0.2572709
-0.2377976
-0.2195725
-0.2105995
-0.2048007
-0.1902700
-0.1633592
-0.1348393
-0.1207676
-0.1263617
-0.1405463
-0.1479097
-0.1442345
-0.1379711
-0.1381200
-0.1443376
-0.1492704
-0.1477641
-0.1423725
-0.1408178
-0.1484361
-0.1622164
-0.1722503
-0.1704204
-0.1588324
-0.1497544
-0.1560333
-0.1791356
-0.2050706
-0.2141005
-0.1983449
-0.1706847
-0.1537892
-0.1591610
-0.1783521
-0.1944658
-0.1991022
-0.1969207
-0.1969152
-0.2023417
-0.2084256
-0.2080083
-0.1995522
-0.1902441
-0.1902762
-0.2027498
-0.2192365
-0.2264370
-0.2188360
-0.2059713
-0.2059232
-0.2279598
-0.2599801
-0.2762414
-0.2612487
-0.2256168
-0.1961608
-0.1908556
-0.2049832
-0.2200283
-0.2228695
-0.2163121
-0.2135021
-0.2230511
-0.2388681
-0.2448770
-0.2308940
-0.2038617
-0.1827192
-0.1819233
-0.1992802
-0.2186318
-0.2246330
-0.2165169
-0.2075296
-0.2095340
-0.2189207
-0.2204139
-0.2048946
-0.1803341
-0.1636936
-0.1639757
-0.1744363
-0.1800625
-0.1719866
-0.1556436
-0.1446037
-0.1446711
-0.1444410
-0.1244010
-0.0768521
-0.0158520
0.0334873
0.0561748
0.0598883
0.0681412
0.0993011
0.1492036
0.1937731
0.2099297
0.1944961
0.1638390
0.1380136
0.1260598
0.1224196
0.1129126
0.0847636
0.0348564
-0.0292221
-0.0953681
-0.1536188
-0.1981483
-0.2264981
-0.2390142
-0.2379540
-0.2266837
-0.2112444
-0.2015186
-0.2057288
-0.2211030
-0.2334281
-0.2300304
-0.2126368
-0.1944051
-0.1836415
-0.1728643
-0.1469586
-0.1023308
-0.0519988
-0.0021250
0.0782556
0.2504304
0.5490305
0.9224023
1.2357222
1.3471824
1.1973538
0.8412559
0.4057848
0.0137611
-0.2690904
-0.4379405
-0.5196093
-0.5446217
-0.5378250
-0.5184487
-0.4968526
-0.4709744
-0.4318198
-0.3759639
-0.3135110
-0.2640842
-0.2429817
-0.2474375
-0.2566663
-0.2504067
-0.2293295
-0.2129289
-0.2149275
-0.2253371
-0.2212037
-0.1926171
-0.1535302
-0.1270417
-0.1231361
-0.1320117
-0.1376633
-0.1351167
-0.1317372
-0.1328400
-0.1319888
-0.1191548
-0.0939485
-0.0648570
-0.0378537
-0.0123638
0.0123466
0.0339575
0.0521549
0.0716183
0.0968390
0.1266534
0.1566393
0.1863662
0.2226741
0.2740262
0.3398199
0.4065245
0.4587940
0.4954944
0.5304383
0.5755906
0.6286227
0.6802550
0.7287681
0.7814990
0.8437520
0.9106197
0.9697519
1.0107839
1.0334055
1.0467988
1.0588924
1.0660350
1.0566529
1.0258272
0.9829115
0.9436120
0.9163533
0.8950133
0.8616968
0.7994007
0.7087788
0.6124438
0.5359046
0.4819155
0.4281907
0.3527482
0.2588063
0.1732570
0.1214138
0.1019619
0.0856798
0.0424330
-0.0275395
-0.0926169
-0.1232954
-0.1225443
-0.1186483
-0.1328350
-0.1606610
-0.1826516
-0.1861857
-0.1761986
-0.1678890
-0.1698561
-0.1753676
-0.1732988
-0.1655376
-0.1651571
-0.1755129
-0.1806790
-0.1633542
-0.1272656
-0.0959322
-0.0912067
-0.1148793
-0.1476232
-0.1647016
-0.1571967
-0.1393092
-0.1317788
-0.1397217
-0.1514114
-0.1550554
-0.1483895
-0.1344101
-0.1183527
-0.1092981
-0.1150941
-0.1334893
-0.1546523
-0.1723493
-0.1864909
-0.1963786
-0.1987662
-0.1920404
-0.1775723
-0.1599292
-0.1494686
-0.1575114
-0.1820439
-0.2055451
-0.2151578
-0.2177109
-0.2260605
-0.2384090
-0.2417270
-0.2302950
-0.2119965
-0.2003113
-0.2044864
-0.2202121
-0.2274194
-0.2093798
-0.1782471
-0.1671995
-0.1907249
-0.2271111
-0.2470125
-0.2444434
-0.2331767
-0.2286462
-0.2399582
-0.2634200
-0.2787282
-0.2688873
-0.2465595
-0.2400500
-0.2521330
-0.2580174
-0.2452126
-0.2256337
-0.2064921
-0.1840807
-0.1695749
-0.1799973
-0.1972092
-0.1839563
-0.1535294
-0.1681366
-0.2419235
