0.4272179
0.3855655
0.3363241
0.3000201
0.2807674
0.2655302
0.2404210
0.2059599
0.1764303
0.1653858
0.1718034
0.1794103
0.1697301
0.1379014
0.0975094
0.0691496
0.0621285
0.0669252
0.0670688
0.0585806
0.0548564
0.0697057
0.0974159
0.1149365
0.1065277
0.0828472
0.0702670
0.0808724
0.0981643
0.0963277
0.0708607
0.0438820
0.0371853
0.0446564
0.0365481
-0.0092682
-0.0843361
-0.1586564
-0.2085536
-0.2324718
-0.2425587
-0.2479453
-0.2494979
-0.2464953
-0.2415576
-0.2373320
-0.2326038
-0.2255308
-0.2191243
-0.2187237
-0.2220283
-0.2146861
-0.1805430
-0.1187056
-0.0500568
-0.0053855
-0.0048156
-0.0450474
-0.1025036
-0.1480528
-0.1633067
-0.1497321
-0.1257139
-0.1126613
-0.1190763
-0.1351177
-0.1427127
-0.1320122
-0.1088217
-0.0876377
-0.0800490
-0.0904227
-0.1183753
-0.1584949
-0.1954977
-0.2062353
-0.1766855
-0.1214213
-0.0813617
-0.0935082
-0.1580232
-0.2357044
-0.2793830
-0.2672797
-0.2059352
-0.1062153
0.0336191
0.2144476
0.4081396
0.5517247
0.5793015
0.4668558
0.2504560
0.0032379
-0.2071339
-0.3472152
-0.4182938
-0.4394060
-0.4314094
-0.4105453
-0.3879917
-0.3697827
-0.3563086
-0.3435117
-0.3259903
-0.2999164
-0.2645931
-0.2235298
-0.1852784
-0.1617263
-0.1617757
-0.1832715
-0.2107667
-0.2242610
-0.2141778
-0.1897196
-0.1713878
-0.1728570
-0.1888378
-0.2010150
-0.1964612
-0.1799122
-0.1673037
-0.1675320
-0.1720154
-0.1635640
-0.1355510
-0.1012201
-0.0831722
-0.0936478
-0.1251030
-0.1587813
-0.1802678
-0.1859291
-0.1768223
-0.1511315
-0.1057487
-0.0441600
0.0214218
0.0791246
0.1286528
0.1812522
0.2469485
0.3224794
0.3933749
0.4480568
0.4882986
0.5244897
0.5612322
0.5895846
0.5949804
0.5728549
0.5356505
0.5035453
0.4875147
0.4807451
0.4661738
0.4326483
0.3845622
0.3365489
0.2990380
0.2687576
0.2329365
0.1822757
0.1193439
0.0546890
-0.0033785
-0.0531750
-0.0947022
-0.1245594
-0.1397888
-0.1460151
-0.1562469
-0.1769007
-0.1963611
-0.1934488
-0.1613049
-0.1207025
-0.1043243
-0.1256446
-0.1658918
-0.1941624
-0.1983853
-0.1926744
-0.1949404
-0.2034993
-0.2006154
-0.1764179
-0.1418527
-0.1145476
-0.0963712
-0.0717360
-0.0290243
0.0218258
0.0576911
0.0664092
0.0576122
0.0486369
0.0446629
0.0375845
0.0227818
0.0103010
0.0153452
0.0404073
0.0722981
0.0981880
0.1201583
0.1487648
0.1819715
0.1952955
0.1583704
0.0640134
-0.0589761
-0.1627257
-0.2122427
-0.2058579
-0.1707470
-0.1415686
-0.1398491
-0.1658528
-0.2036940
-0.2337184
-0.2445659
-0.2383475
-0.2260423
-0.2169243
-0.2113199
-0.2035310
-0.1911880
-0.1789341
-0.1691328
-0.1476204
-0.0820623
0.0583937
0.2740900
0.5203453
0.7219824
0.8090063
0.7502192
0.5651030
0.3105990
0.0536840
-0.1552530
-0.2967945
-0.3796000
-0.4235603
-0.4412263
-0.4319155
-0.3922483
-0.3305478
-0.2679273
-0.2234619
-0.1995894
-0.1844927
-0.1684376
-0.1540341
-0.1478424
-0.1450057
-0.1294468
-0.0936967
-0.0554623
-0.0472465
-0.0855024
-0.1522278
-0.2109974
-0.2413309
-0.2541713
-0.2726655
-0.3018359
-0.3222427
-0.3136016
-0.2794770
-0.2442578
-0.2270256
-0.2231405
-0.2132119
-0.1860548
-0.1476407
-0.1077134
-0.0635036
-0.0020236
0.0818561
0.1741558
0.2519189
0.3041103
0.3402889
0.3780524
0.4237427
0.4673912
0.4962053
0.5105896
0.5248969
0.5524650
0.5913129
0.6255677
0.6407352
0.6365435
0.6240451
0.6107492
0.5908583
0.5524596
0.4943576
0.4329275
0.3889543
0.3668665
0.3490489
0.3129368
0.2536581
0.1880219
0.1356251
0.0981914
0.0601770
0.0093409
-0.0469201
-0.0884427
-0.1041761
-0.1038767
-0.1071594
-0.1236387
-0.1462422
-0.1622323
-0.1662082
-0.1605380
-0.1469922
-0.1237696
-0.0918295
-0.0590059
-0.0324054
-0.0075939
0.0281556
0.0771520
0.1183848
0.1204110
0.0717010
-0.0028940
-0.0593014
-0.0695065
-0.0403270
0.0003330
0.0313634
0.0507681
0.0647133
0.0723426
0.0658753
0.0429827
0.0131919
-0.0102810
-0.0226651
-0.0295504
-0.0385137
-0.0519056
-0.0676787
-0.0837311
-0.0989337
-0.1113924
-0.1189366
-0.1221925
-0.1252451
-0.1319112
-0.1426718
-0.1568670
-0.1762914
-0.2027027
-0.2304942
-0.2455550
-0.2362191
-0.2059199
-0.1714785
-0.1463849
-0.1273208
-0.0997954
-0.0563463
-0.0055963
0.0382975
0.0724083
0.1079198
0.1575377
0.2254461
0.3128107
0.4284765
0.5840506
0.7710454
0.9440447
1.0347122
0.9926372
0.8207990
0.5756741
0.3319408
0.1400644
0.0074978
-0.0876040
-0.1665652
-0.2299491
-0.2615097
-0.2499982
-0.2076943
-0.1672792
-0.1578338
-0.1811302
-0.2114605
-0.2209501
-0.2066099
-0.1923055
-0.2037894
-0.2426002
-0.2852590
-0.3070829
-0.3046826
-0.2946598
-0.2928888
-0.2986429
-0.2996609
-0.2892494
-0.2740060
-0.2638943
-0.2579468
-0.2431579
-0.2077423
-0.1535420
-0.0943238
-0.0426999
0.0002842
0.0430355
0.0921972
0.1442488
0.1883589
0.2178428
0.2392469
0.2697123
0.3234795
0.3986661
0.4765861
0.5355969
0.5678842
0.5838521
0.6001862
0.6236825
0.6466611
0.6570742
0.6515201
0.6381779
0.6284354
0.6265067
0.6260569
0.6154425
0.5870665
0.5444883
0.5018658
0.4741004
0.4633913
0.4539944
0.4230205
0.3601217
0.2770876
0.1959548
0.1271255
0.0616704
-0.0131304
-0.0932632
-0.1571837
-0.1860376
-0.1811604
-0.1592077
-0.1327416
-0.1003507
-0.0560748
-0.0027794
0.0492678
0.0956511
0.1427212
0.1948451
0.2396077
0.2521611
0.2174602
0.1467066
0.0701692
0.0148829
-0.0098090
-0.0085385
0.0110477
0.0415145
0.0708083
0.0813888
0.0599112
0.0089522
-0.0527848
-0.1036508
-0.1330207
-0.1433553
-0.1414957
-0.1313293
-0.1157904
-0.1029778
-0.1052929
-0.1290196
-0.1649405
-0.1925977
-0.1973961
-0.1844132
-0.1736816
-0.1804229
-0.2003892
-0.2153237
-0.2114387
-0.1901688
-0.1609939
-0.1276695
-0.0858500
-0.0345871
0.0139842
0.0410020
0.0381132
0.0165683
-0.0023400
-0.0054008
0.0042313
0.0146416
0.0181255
0.0167890
0.0185281
0.0293515
0.0474867
0.0619809
0.0580826
0.0287344
-0.0163711
-0.0557866
-0.0752296
-0.0823195
-0.0978946
-0.1288266
-0.1524429
-0.1354920
-0.0722727
0.0001906
0.0314258
0.0039231
-0.0514482
-0.0861879
-0.0771024
-0.0378507
0.0068807
0.0515506
0.1125643
0.2052352
0.3209566
0.4244427
0.4698115
0.4231316
0.2807292
0.0748274
-0.1403854
-0.3182367
-0.4435020
-0.5287523
-0.5865360
-0.6076916
-0.5704570
-0.4699333
-0.3336562
-0.2051438
-0.1136187
-0.0615154
-0.0382364
-0.0390125
-0.0663844
-0.1166833
-0.1722759
-0.2111440
-0.2230953
-0.2148292
-0.2003410
-0.1887753
-0.1811903
-0.1754873
-0.1711672
-0.1690414
-0.1684140
-0.1667147
-0.1626683
-0.1589650
-0.1600383
-0.1660645
-0.1698799
-0.1619152
-0.1398025
-0.1129891
-0.0962408
-0.0966576
-0.1060972
-0.1069349
-0.0868003
-0.0488006
-0.0072481
0.0273671
0.0596434
0.1054381
0.1761093
0.2659796
0.3558580
0.4299926
0.4893239
0.5460195
0.6039464
0.6475471
0.6553286
0.6264613
0.5901315
0.5821873
0.6094715
0.6394090
0.6291329
0.5673141
0.4866108
0.4328466
0.4205211
0.4183253
0.3786060
0.2819578
0.1551253
0.0477517
-0.0082505
-0.0202270
-0.0217956
-0.0416967
-0.0838873
-0.1333091
-0.1758633
-0.2102985
-0.2427215
-0.2743867
-0.2980017
-0.3050350
-0.2942681
-0.2732780
-0.2536028
-0.2442397
-0.2456302
-0.2458548
-0.2242688
-0.1661561
-0.0801650
-0.0003822
0.0358084
0.0178419
-0.0292572
-0.0677096
-0.0783847
-0.0692913
-0.0571045
-0.0474220
-0.0356714
-0.0212674
-0.0122245
-0.0139347
-0.0191547
-0.0144931
0.0043470
0.0282836
0.0458761
0.0529061
0.0467288
0.0152077
-0.0589616
-0.1770330
-0.3101232
-0.4130909
-0.4566380
-0.4468136
-0.4145066
-0.3883651
-0.3777173
-0.3765800
-0.3771999
-0.3764957
-0.3724293
-0.3606371
-0.3392481
-0.3164951
-0.3089542
-0.3271360
-0.3602604
-0.3765889
-0.3435382
-0.2530372
-0.1292908
-0.0083793
0.0951079
0.2027567
0.3494396
0.5392561
0.7213446
0.8130458
0.7557262
0.5576475
0.2886567
0.0333163
-0.1572066
-0.2788750
-0.3535709
-0.4011280
-0.4290769
-0.4391245
-0.4337809
-0.4148365
-0.3809473
-0.3326417
-0.2803399
-0.2433784
-0.2367392
-0.2574053
-0.2856851
-0.3027564
-0.3081198
-0.3189631
-0.3509448
-0.3990126
-0.4376592
-0.4415150
-0.4075600
-0.3580610
-0.3209430
-0.3062478
-0.3023834
-0.2960767
-0.2930474
-0.3127601
-0.3590982
-0.4001867
-0.3865828
-0.2967181
-0.1645346
-0.0568829
-0.0180829
-0.0342510
-0.0516606
-0.0293276
0.0268285
0.0785698
0.0980404
0.0936848
0.0980597
0.1357785
0.2035344
0.2759423
0.3268296
0.3475666
0.3512675
0.3623478
0.3983721
0.4552040
0.5062336
0.5187849
0.4773428
0.3949908
0.3026377
0.2257681
0.1700726
0.1267432
0.0873036
0.0506385
0.0177135
-0.0155050
-0.0567155
-0.1095502
-0.1692488
-0.2267455
-0.2761626
-0.3174770
-0.3525548
-0.3804379
-0.3974964
-0.4011682
-0.3920744
-0.3727913
-0.3461661
-0.3151794
-0.2828633
-0.2510627
-0.2199062
-0.1897418
-0.1634255
-0.1452239
-0.1364478
-0.1327277
-0.1270943
-0.1166392
-0.1056744
-0.1015195
-0.1075163
-0.1212513
-0.1393334
-0.1617440
-0.1898809
-0.2213239
-0.2488850
-0.2660406
-0.2730396
-0.2771909
-0.2867676
-0.3037802
-0.3217634
-0.3307007
-0.3254578
-0.3110722
-0.3005437
-0.3064552
-0.3322398
-0.3693193
-0.4025999
-0.4207846
-0.4235956
-0.4197758
-0.4174049
-0.4150878
-0.4023715
-0.3700107
-0.3209803
-0.2694374
-0.2236417
-0.1669516
-0.0608740
0.1214520
0.3556915
0.5607660
0.6426583
0.5569282
0.3383347
0.0734588
-0.1578009
-0.3222759
-0.4290265
-0.4976151
-0.5352907
-0.5396324
-0.5131996
-0.4694591
-0.4255957
-0.3929737
-0.3744785
-0.3678566
-0.3694418
-0.3753839
-0.3814782
-0.3839852
-0.3823026
-0.3812521
-0.3890669
-0.4101562
-0.4378935
-0.4554112
-0.4468972
-0.4115837
-0.3674356
-0.3389032
-0.3383618
-0.3583899
-0.3816022
-0.3965140
-0.4030254
-0.4049834
-0.4019158
-0.3899250
-0.3681965
-0.3410579
-0.3125439
-0.2801883
-0.2355645
-0.1714803
-0.0889430
0.0022513
0.0891598
0.1626829
0.2214642
0.2709560
0.3178475
0.3628766
0.3987381
0.4177472
0.4232058
0.4304815
0.4523622
0.4821569
0.4943319
0.4656238
0.3970447
0.3146193
0.2477874
0.2068520
0.1807580
0.1541096
0.1224015
0.0891816
0.0520427
-0.0020852
-0.0838659
-0.1846256
-0.2758688
-0.3294033
-0.3411770
-0.3365212
-0.3497936
-0.3946964
-0.4520145
-0.4872266
-0.4823849
-0.4520968
-0.4283177
-0.4289930
-0.4412596
-0.4355407
-0.3964251
-0.3393504
-0.2961352
-0.2842265
-0.2912797
-0.2899537
-0.2658160
-0.2292270
-0.2014611
-0.1924286
-0.1932890
-0.1892374
-0.1771528
-0.1698281
-0.1836616
-0.2230814
-0.2762303
-0.3235152
-0.3494150
-0.3491452
-0.3291972
-0.3037232
-0.2877322
-0.2895876
-0.3079105
-0.3352786
-0.3646191
-0.3923525
-0.4172010
-0.4381557
-0.4541923
-0.4647978
-0.4695937
-0.4680175
-0.4615496
-0.4572638
-0.4661925
-0.4928468
-0.5246123
-0.5363500
-0.5120266
-0.4630498
-0.4210218
-0.4086665
-0.4182195
-0.4203135
-0.3938216
-0.3447492
-0.2952764
-0.2579735
-0.2266272
-0.1941811
-0.1733961
-0.1897719
-0.2497570
-0.3213670
-0.3554050
-0.3305207
-0.2757833
-0.2450894
-0.2669319
-0.3186940
-0.3504025
-0.3337860
-0.2882107
-0.2597689
-0.2770480
-0.3275568
-0.3738170
-0.3882986
-0.3733187
-0.3527030
-0.3491431
-0.3690329
-0.4040997
-0.4426233
-0.4774541
-0.5055283
-0.5237800
-0.5281905
-0.5167807
-0.4928176
-0.4652240
-0.4450242
-0.4381420
-0.4387617
-0.4307452
-0.3993922
-0.3444470
-0.2816900
-0.2310587
-0.2024180
-0.1913579
-0.1868454
-0.1819663
-0.1778452
-0.1788001
-0.1854622
-0.1932229
-0.1963488
-0.1927505
-0.1859519
-0.1838175
-0.1933877
-0.2127934
-0.2275475
-0.2195430
-0.1848337
-0.1428644
-0.1244871
-0.1471005
-0.1995676
-0.2511306
-0.2761276
-0.2722021
-0.2570205
-0.2495105
-0.2549433
-0.2657582
-0.2722640
-0.2703320
-0.2615820
-0.2504429
-0.2415901
-0.2374298
-0.2362440
-0.2331334
-0.2228766
-0.2011493
-0.1635921
-0.1064532
-0.0309376
0.0527375
0.1289302
0.1903698
0.2530921
0.3550972
0.5297021
0.7687893
1.0080943
1.1539230
1.1363589
0.9507227
0.6580769
0.3471600
0.0873101
-0.0956315
-0.2108482
-0.2785709
-0.3140289
-0.3261426
-0.3209497
-0.3014941
-0.2675246
-0.2202697
-0.1685214
-0.1274414
-0.1084424
-0.1089160
-0.1128720
-0.1042692
-0.0814360
-0.0577076
-0.0470484
-0.0504342
-0.0577960
-0.0613372
-0.0629616
-0.0673206
-0.0701252
-0.0568143
-0.0148074
0.0528070
0.1273686
0.1901339
0.2371101
0.2765531
0.3131118
0.3400758
0.3508874
0.3547098
0.3736545
0.4217160
0.4890038
0.5503279
0.5902440
0.6178163
0.6544771
0.7077125
0.7602198
0.7876767
0.7853279
0.7735630
0.7778793
0.8068676
0.8495778
0.8890926
0.9150009
0.9252868
0.9216936
0.9064474
0.8830185
0.8574379
0.8359600
0.8203554
0.8066632
0.7892711
0.7648558
0.7318374
0.6887811
0.6360316
0.5776740
0.5194287
0.4654820
0.4197648
0.3893376
0.3824349
0.4003294
0.4311282
0.4534372
0.4495982
0.4192444
0.3808975
0.3576337
0.3585481
0.3736504
0.3859214
0.3864112
0.3782668
0.3700297
0.3672517
0.3685412
0.3673617
0.3581713
0.3418926
0.3249673
0.3127868
0.3046538
0.2949215
0.2784225
0.2559425
0.2356300
0.2269302
0.2298172
0.2305783
0.2117820
0.1679029
0.1105280
0.0590033
0.0268574
0.0144730
0.0106064
0.0008432
-0.0218625
-0.0525144
-0.0793990
-0.0935742
-0.0934416
-0.0823607
-0.0635090
-0.0364701
0.0008219
0.0443744
0.0789788
0.0864013
0.0629424
0.0270631
0.0063598
0.0165480
0.0521549
0.0937927
0.1228667
0.1332558
0.1333419
0.1373909
0.1541908
0.1839367
0.2245820
0.2789943
0.3567488
0.4698962
0.6212626
0.7879150
0.9154981
0.9388913
0.8199889
0.5728497
0.2572502
-0.0514963
-0.2953987
-0.4519989
-0.5308949
-0.5559827
-0.5510146
-0.5367477
-0.5292313
-0.5308098
-0.5258114
-0.4945641
-0.4349534
-0.3681787
-0.3233232
-0.3158349
-0.3358399
-0.3542634
-0.3454616
-0.3093215
-0.2693581
-0.2472185
-0.2432528
-0.2433633
-0.2371304
-0.2238312
-0.2062784
-0.1850607
-0.1571018
-0.1182581
-0.0706891
-0.0261927
0.0051831
0.0284189
0.0546388
0.0788231
0.0800074
0.0482799
0.0006209
-0.0342226
-0.0371159
-0.0047469
0.0507962
0.1057006
0.1428227
0.1706432
0.2102333
0.2634872
0.3145311
0.3641264
0.4348236
0.5308388
