-0.0835751
-0.1049707
-0.1200045
-0.1293882
-0.1392456
-0.1520173
-0.1614905
-0.1566607
-0.1313627
-0.0914141
-0.0522974
-0.0278814
-0.0191429
-0.0134775
0.0034834
0.0340263
0.0663712
0.0872780
0.0963336
0.1061328
0.1274158
0.1554933
0.1739172
0.1722323
0.1579434
0.1484678
0.1513833
0.1549748
0.1397635
0.0982938
0.0419188
-0.0111863
-0.0519645
-0.0834417
-0.1106148
-0.1316303
-0.1405786
-0.1368819
-0.1289062
-0.1274341
-0.1366339
-0.1520388
-0.1663371
-0.1756392
-0.1797793
-0.1776496
-0.1640424
-0.1327010
-0.0830792
-0.0225572
0.0416544
0.1156292
0.2216051
0.3797759
0.5784944
0.7606825
0.8476168
0.7890928
0.6004498
0.3535273
0.1280693
-0.0352748
-0.1437158
-0.2238941
-0.2890719
-0.3312624
-0.3381412
-0.3120906
-0.2724816
-0.2419508
-0.2309444
-0.2328919
-0.2320470
-0.2172142
-0.1912411
-0.1688969
-0.1643081
-0.1786521
-0.1998587
-0.2148069
-0.2211667
-0.2260815
-0.2338521
-0.2378174
-0.2267536
-0.1985937
-0.1652044
-0.1423262
-0.1357230
-0.1377971
-0.1360013
-0.1224666
-0.0967558
-0.0639080
-0.0328392
-0.0140216
-0.0127915
-0.0220673
-0.0245865
-0.0070522
0.0268227
0.0599807
0.0805812
0.0953215
0.1216361
0.1669001
0.2184622
0.2562996
0.2740908
0.2852122
0.3078783
0.3466759
0.3897566
0.4220477
0.4385323
0.4450035
0.4490980
0.4528700
0.4529643
0.4454258
0.4297713
0.4102033
0.3940552
0.3874924
0.3900107
0.3923927
0.3819422
0.3520487
0.3074840
0.2601139
0.2192758
0.1860215
0.1553959
0.1226023
0.0867981
0.0507993
0.0188919
-0.0056571
-0.0232205
-0.0389933
-0.0599384
-0.0882661
-0.1177639
-0.1385191
-0.1467047
-0.1489337
-0.1553112
-0.1680235
-0.1782913
-0.1757827
-0.1605231
-0.1441390
-0.1387539
-0.1451629
-0.1525131
-0.1494749
-0.1352108
-0.1192813
-0.1113645
-0.1118774
-0.1131053
-0.1092265
-0.1042559
-0.1090145
-0.1297211
-0.1599105
-0.1844277
-0.1920029
-0.1842290
-0.1728156
-0.1690575
-0.1761559
-0.1899674
-0.2043665
-0.2148518
-0.2191264
-0.2172781
-0.2118902
-0.2055818
-0.1967461
-0.1795302
-0.1514295
-0.1214041
-0.1067799
-0.1180601
-0.1467075
-0.1712110
-0.1773123
-0.1708335
-0.1685757
-0.1779311
-0.1892115
-0.1892733
-0.1791506
-0.1737715
-0.1840098
-0.2028520
-0.2122445
-0.2024471
-0.1817201
-0.1664720
-0.1641178
-0.1669004
-0.1607456
-0.1379610
-0.1023318
-0.0654290
-0.0394184
-0.0301906
-0.0325871
-0.0310703
-0.0087726
0.0391569
0.0991197
0.1474169
0.1678549
0.1630858
0.1491525
0.1387370
0.1296925
0.1100907
0.0740828
0.0312299
-0.0018467
-0.0195690
-0.0349559
-0.0658318
-0.1128657
-0.1548946
-0.1702524
-0.1622742
-0.1583534
-0.1797407
-0.2147586
-0.2281363
-0.1992608
-0.1471158
-0.1124598
-0.1158960
-0.1380875
-0.1428727
-0.1155184
-0.0732131
-0.0385223
-0.0076982
0.0514504
0.1709699
0.3514709
0.5532528
0.7123461
0.7688441
0.6943502
0.5076027
0.2679483
0.0450783
-0.1176900
-0.2189719
-0.2821008
-0.3242748
-0.3434039
-0.3323597
-0.2989871
-0.2656749
-0.2490402
-0.2451382
-0.2383056
-0.2221939
-0.2068800
-0.2040094
-0.2095693
-0.2066459
-0.1855090
-0.1568395
-0.1419053
-0.1505358
-0.1712669
-0.1832241
-0.1752559
-0.1523505
-0.1260595
-0.1026603
-0.0813926
-0.0607691
-0.0427122
-0.0299275
-0.0213549
-0.0118264
0.0039101
0.0269436
0.0528161
0.0736159
0.0831894
0.0834871
0.0868119
0.1088574
0.1551378
0.2127814
0.2583086
0.2771140
0.2763986
0.2776708
0.2958610
0.3270657
0.3577042
0.3835647
0.4157132
0.4657193
0.5276224
0.5789658
0.6014803
0.5987162
0.5907821
0.5924801
0.5998384
0.5992831
0.5866458
0.5724223
0.5675215
0.5677667
0.5565150
0.5225410
0.4722868
0.4227643
0.3839234
0.3502342
0.3093017
0.2562863
0.1985143
0.1474495
0.1085169
0.0790423
0.0541315
0.0327976
0.0184605
0.0143569
0.0184762
0.0225520
0.0168609
-0.0017592
-0.0251540
-0.0381420
-0.0304010
-0.0062264
0.0176048
0.0251307
0.0135816
-0.0068534
-0.0246349
-0.0368147
-0.0470657
-0.0560700
-0.0576677
-0.0465993
-0.0281809
-0.0161590
-0.0186845
-0.0282148
-0.0290722
-0.0164286
-0.0051328
-0.0157993
-0.0512541
-0.0896724
-0.1042090
-0.0893974
-0.0658225
-0.0579024
-0.0691938
-0.0817038
-0.0781335
-0.0608061
-0.0467026
-0.0465328
-0.0532592
-0.0525605
-0.0412726
-0.0314536
-0.0359970
-0.0536127
-0.0708274
-0.0780472
-0.0806112
-0.0919998
-0.1166288
-0.1411593
-0.1443562
-0.1163490
-0.0683676
-0.0231185
0.0050953
0.0211840
0.0406387
0.0709346
0.1031040
0.1229911
0.1297571
0.1397137
0.1689018
0.2127270
0.2467101
0.2498596
0.2256330
0.1967218
0.1794728
0.1674241
0.1423935
0.0985439
0.0498747
0.0128467
-0.0132958
-0.0439175
-0.0882967
-0.1376833
-0.1767220
-0.2021181
-0.2235096
-0.2460238
-0.2593349
-0.2500829
-0.2229794
-0.2021927
-0.2077038
-0.2328053
-0.2492587
-0.2351437
-0.1950404
-0.1517892
-0.1201604
-0.0893824
-0.0290173
0.0897527
0.2736136
0.4966550
0.7025327
0.8214203
0.8003987
0.6339830
0.3730783
0.1008694
-0.1111566
-0.2370212
-0.2975392
-0.3322503
-0.3663867
-0.3976980
-0.4094149
-0.3940690
-0.3652461
-0.3465001
-0.3485246
-0.3577880
-0.3495267
-0.3134525
-0.2661869
-0.2368835
-0.2403488
-0.2652570
-0.2883799
-0.2976013
-0.2988022
-0.3022510
-0.3074855
-0.3045796
-0.2877581
-0.2628211
-0.2397087
-0.2213540
-0.2037790
-0.1860636
-0.1747269
-0.1745008
-0.1771261
-0.1651839
-0.1301491
-0.0843291
-0.0507572
-0.0401641
-0.0402603
-0.0295882
-0.0004187
0.0351010
0.0618546
0.0813153
0.1105679
0.1619671
0.2274179
0.2856615
0.3238151
0.3481240
0.3724528
0.3996496
0.4186464
0.4203665
0.4124378
0.4139749
0.4355943
0.4677949
0.4914271
0.4981663
0.4971698
0.5004095
0.5044247
0.4907658
0.4458597
0.3782996
0.3135986
0.2708787
0.2456108
0.2160964
0.1662892
0.1010034
0.0387706
-0.0081999
-0.0447247
-0.0834307
-0.1272638
-0.1637132
-0.1770628
-0.1652229
-0.1432444
-0.1303625
-0.1346326
-0.1504493
-0.1690943
-0.1884915
-0.2110874
-0.2341949
-0.2466101
-0.2376607
-0.2093658
-0.1774990
-0.1589552
-0.1578421
-0.1643834
-0.1671882
-0.1654269
-0.1680033
-0.1812100
-0.1989860
-0.2071661
-0.1979236
-0.1791433
-0.1680041
-0.1742905
-0.1903618
-0.1989425
-0.1916098
-0.1784722
-0.1773874
-0.1929272
-0.2081560
-0.2003364
-0.1657583
-0.1271505
-0.1140525
-0.1351911
-0.1711833
-0.1948547
-0.1973794
-0.1929811
-0.1990348
-0.2151770
-0.2246406
-0.2146648
-0.1912465
-0.1713245
-0.1627358
-0.1565337
-0.1408496
-0.1188708
-0.1076390
-0.1171339
-0.1342331
-0.1328713
-0.1016825
-0.0579771
-0.0300515
-0.0256037
-0.0214409
0.0126641
0.0808138
0.1538794
0.1955348
0.1936235
0.1657303
0.1373287
0.1185132
0.1019106
0.0781041
0.0478597
0.0192006
-0.0032705
-0.0232257
-0.0481717
-0.0824893
-0.1241283
-0.1653997
-0.1965731
-0.2118334
-0.2145776
-0.2157562
-0.2236332
-0.2345125
-0.2368758
-0.2271776
-0.2185000
-0.2272927
-0.2494988
-0.2552401
-0.2141727
-0.1265515
-0.0228482
0.0721980
0.1716029
0.3131887
0.5082587
0.7044424
0.8070013
0.7462742
0.5324719
0.2500514
-0.0008094
-0.1645072
-0.2474205
-0.2901334
-0.3267234
-0.3637151
-0.3872032
-0.3840003
-0.3568810
-0.3232890
-0.3012109
-0.2954339
-0.2960995
-0.2902954
-0.2754406
-0.2614589
-0.2597345
-0.2703539
-0.2811443
-0.2796093
-0.2649291
-0.2472465
-0.2357040
-0.2289576
-0.2182858
-0.1987293
-0.1752218
-0.1574109
-0.1498853
-0.1487294
-0.1470574
-0.1420515
-0.1355154
-0.1284419
-0.1169150
-0.0944655
-0.0585634
-0.0149223
0.0244061
0.0483949
0.0554486
0.0566564
0.0693978
0.1039111
0.1538147
0.2011233
0.2333376
0.2562986
0.2883680
0.3402806
0.4015507
0.4490546
0.4699767
0.4748868
0.4864782
0.5156890
0.5506527
0.5698373
0.5646499
0.5473235
0.5364661
0.5364678
0.5328968
0.5086616
0.4635613
0.4158369
0.3830743
0.3623108
0.3313685
0.2716028
0.1888861
0.1103717
0.0596992
0.0361357
0.0187998
-0.0098155
-0.0468214
-0.0755946
-0.0864651
-0.0873436
-0.0935766
-0.1104332
-0.1283323
-0.1345575
-0.1269767
-0.1155438
-0.1124251
-0.1223256
-0.1410289
-0.1603182
-0.1733627
-0.1777092
-0.1759941
-0.1738898
-0.1749696
-0.1762411
-0.1704893
-0.1553746
-0.1393411
-0.1348481
-0.1439235
-0.1531773
-0.1473226
-0.1280948
-0.1158827
-0.1289814
-0.1617933
-0.1870270
-0.1814713
-0.1484912
-0.1136176
-0.0990571
-0.1048496
-0.1146837
-0.1164015
-0.1136575
-0.1185214
-0.1360503
-0.1574837
-0.1672248
-0.1558062
-0.1277586
-0.0984787
-0.0824077
-0.0819092
-0.0869792
-0.0866573
-0.0801943
-0.0745982
-0.0706643
-0.0557915
-0.0165466
0.0410292
0.0898639
0.1068265
0.0985390
0.0964599
0.1235278
0.1693653
0.2026220
0.2057032
0.1914187
0.1841349
0.1904766
0.1945537
0.1803601
0.1514580
0.1244168
0.1065705
0.0866913
0.0489664
-0.0079853
-0.0688817
-0.1159921
-0.1419344
-0.1497085
-0.1457806
-0.1366955
-0.1299875
-0.1329804
-0.1478187
-0.1686967
-0.1858420
-0.1923736
-0.1865220
-0.1679387
-0.1346325
-0.0857114
-0.0257189
0.0384172
0.1084540
0.2011687
0.3361250
0.5083518
0.6699496
0.7451839
0.6774324
0.4741501
0.2099341
-0.0204424
-0.1630662
-0.2299503
-0.2702338
-0.3181682
-0.3664186
-0.3846002
-0.3584529
-0.3084309
-0.2709064
-0.2634715
-0.2700510
-0.2598007
-0.2195631
-0.1672121
-0.1336891
-0.1330522
-0.1506337
-0.1597730
-0.1485891
-0.1294251
-0.1229695
-0.1354340
-0.1526708
-0.1552425
-0.1365656
-0.1061486
-0.0785649
-0.0624362
-0.0586389
-0.0640198
-0.0733950
-0.0794123
-0.0743796
-0.0543148
-0.0208006
0.0212834
0.0663093
0.1073114
0.1356283
0.1464413
0.1474451
0.1588488
0.1984103
0.2630650
0.3275368
0.3654964
0.3740891
0.3765099
0.3989358
0.4450131
0.4938904
0.5230622
0.5313244
0.5377215
0.5587905
0.5897965
0.6102757
0.6065079
0.5852169
0.5641812
0.5522036
0.5418578
0.5221811
0.4950840
0.4754896
0.4742894
0.4828667
0.4765259
0.4342430
0.3560109
0.2627476
0.1807605
0.1247456
0.0914443
0.0663193
0.0369402
0.0028950
-0.0257790
-0.0407853
-0.0470448
-0.0607207
-0.0933901
-0.1375181
-0.1699267
-0.1728201
-0.1521758
-0.1330541
-0.1342389
-0.1479497
-0.1473616
-0.1156200
-0.0657669
-0.0295257
-0.0262220
-0.0447326
-0.0572185
-0.0490749
-0.0327315
-0.0316503
-0.0537415
-0.0838033
-0.1018015
-0.1049141
-0.1089611
-0.1294372
-0.1639276
-0.1935148
-0.1997427
-0.1801280
-0.1494780
-0.1273844
-0.1221714
-0.1239156
-0.1136167
-0.0831279
-0.0483156
-0.0393565
-0.0721300
-0.1271380
-0.1609722
-0.1445024
-0.0913178
-0.0458834
-0.0417511
-0.0721155
-0.1013779
-0.1024640
-0.0800195
-0.0592006
-0.0572879
-0.0686939
-0.0739292
-0.0575880
-0.0168730
0.0418554
0.1084250
0.1697823
0.2106440
0.2193428
0.1959150
0.1540407
0.1133529
0.0873672
0.0755221
0.0645106
0.0383357
-0.0091373
-0.0685764
-0.1223126
-0.1592498
-0.1840301
-0.2109770
-0.2480947
-0.2871744
-0.3107100
-0.3091977
-0.2911690
-0.2755859
-0.2746942
-0.2846761
-0.2915625
-0.2836438
-0.2580674
-0.2194152
-0.1757847
-0.1342411
-0.0925582
-0.0302024
0.0878038
0.2843204
0.5343850
0.7544068
0.8391794
0.7281103
0.4489928
0.1012501
-0.2074292
-0.4180170
-0.5301470
-0.5721556
-0.5693204
-0.5363832
-0.4873189
-0.4402618
-0.4095896
-0.3971298
-0.3951422
-0.3972875
-0.4034577
-0.4134926
-0.4204052
-0.4145003
-0.3947047
-0.3726435
-0.3627081
-0.3680287
-0.3777161
-0.3787207
-0.3695913
-0.3608089
-0.3606065
-0.3617947
-0.3456496
-0.3010243
-0.2391710
-0.1875396
-0.1671269
-0.1750447
-0.1888506
-0.1876955
-0.1695255
-0.1485635
-0.1373586
-0.1325653
-0.1185850
-0.0841733
-0.0344415
0.0132465
0.0445058
0.0598714
0.0736758
0.1018071
0.1487979
0.2047188
0.2543689
0.2908460
0.3213095
0.3592857
0.4102076
0.4639564
0.5027106
0.5178908
0.5194215
0.5261316
0.5453642
0.5632826
0.5579297
0.5226294
0.4748420
0.4401233
0.4269825
0.4181404
0.3872173
0.3245601
0.2469600
0.1819439
0.1423202
0.1158718
0.0794645
0.0226965
-0.0420745
-0.0919436
-0.1148602
-0.1192315
-0.1231632
-0.1353931
-0.1484922
-0.1515333
-0.1472308
-0.1525605
-0.1805234
-0.2232080
-0.2560410
-0.2599858
-0.2388337
-0.2141610
-0.2042050
-0.2089483
-0.2154528
-0.2147347
-0.2098320
-0.2070835
-0.2036277
-0.1880783
-0.1541384
-0.1107111
-0.0763372
-0.0638787
-0.0714791
-0.0879416
-0.1052352
-0.1244736
-0.1499917
-0.1794161
-0.2015314
-0.2046377
-0.1869605
-0.1594640
-0.1391115
-0.1376859
-0.1533399
-0.1709150
-0.1726643
-0.1526339
-0.1222419
-0.1006131
-0.0978287
-0.1070458
-0.1128573
-0.1067616
-0.0935315
-0.0823834
-0.0739534
-0.0592298
-0.0324230
-0.0017139
0.0173885
0.0206159
0.0239638
0.0506724
0.1077443
0.1755347
0.2215240
0.2262505
0.1980801
0.1639522
0.1454455
0.1424506
0.1379919
0.1167927
0.0786610
0.0356211
-0.0016864
-0.0338798
-0.0695135
-0.1125151
-0.1545089
-0.1821561
-0.1927199
-0.1992055
-0.2163606
-0.2420262
-0.2567875
-0.2455194
-0.2177207
-0.2011768
-0.2115646
-0.2302820
-0.2187371
-0.1580131
-0.0697238
0.0102854
0.0796275
0.1816784
0.3595093
0.5939971
0.7925007
0.8477671
0.7176100
0.4551499
0.1661010
-0.0645887
-0.2134826
-0.3029463
-0.3593375
-0.3895120
-0.3888158
-0.3596773
-0.3175372
-0.2815118
-0.2622968
-0.2581381
-0.2601878
-0.2613081
-0.2608415
-0.2621621
-0.2665628
-0.2700276
-0.2662287
-0.2532315
-0.2373480
-0.2286204
-0.2303330
-0.2339534
-0.2279165
-0.2119130
-0.1981811
-0.1954429
-0.1946088
-0.1762390
-0.1337825
-0.0855606
-0.0590779
-0.0623341
-0.0734580
-0.0623675
-0.0229285
0.0201235
0.0387856
0.0333574
0.0320009
0.0597352
0.1130910
0.1671975
0.2034228
0.2254904
0.2493442
0.2819799
0.3143243
0.3356079
0.3513020
0.3812292
0.4371384
0.5050458
0.5545284
0.5669083
0.5530705
0.5430923
0.5581877
0.5911867
0.6135710
0.6033276
0.5670738
0.5330786
0.5215718
0.5244745
0.5157492
0.4780559
0.4156858
0.3440563
0.2726090
0.2005743
0.1273300
0.0626068
0.0217051
0.0083928
0.0063651
-0.0062740
-0.0344150
-0.0636611
-0.0812659
-0.0924253
-0.1116928
-0.1424230
-0.1695252
-0.1725191
-0.1456255
-0.1068126
-0.0854757
-0.0967887
-0.1284138
-0.1556565
-0.1667573
-0.1681067
-0.1699672
-0.1775828
-0.1929225
-0.2109976
-0.2144033
