0.1346135
0.1974663
0.2674763
0.3488364
0.4298472
0.4916602
0.5272367
0.5486017
0.5732108
0.6045476
0.6292924
0.6342856
0.6231548
0.6126812
0.6128925
0.6143001
0.5975784
0.5548196
0.4980197
0.4452376
0.4004798
0.3502913
0.2808888
0.1966025
0.1190126
0.0671990
0.0396189
0.0161734
-0.0220568
-0.0757064
-0.1293255
-0.1689239
-0.1952246
-0.2189055
-0.2449640
-0.2656640
-0.2708826
-0.2630202
-0.2568686
-0.2623985
-0.2703492
-0.2596101
-0.2205050
-0.1678666
-0.1275788
-0.1104171
-0.1023731
-0.0822849
-0.0464415
-0.0122990
0.0020577
-0.0013692
-0.0027374
0.0139276
0.0440546
0.0681384
0.0718672
0.0587514
0.0436012
0.0362423
0.0332545
0.0244754
0.0049328
-0.0209299
-0.0455488
-0.0663710
-0.0865548
-0.1084693
-0.1286010
-0.1405890
-0.1432900
-0.1442255
-0.1533837
-0.1734178
-0.1970773
-0.2150780
-0.2257579
-0.2354500
-0.2489053
-0.2609271
-0.2598624
-0.2402719
-0.2105334
-0.1854651
-0.1709772
-0.1581706
-0.1345513
-0.0997792
-0.0666093
-0.0444077
-0.0245121
0.0133210
0.0789625
0.1614783
0.2470049
0.3469602
0.4990339
0.7273571
0.9955440
1.2046152
1.2505942
1.0974888
0.8019138
0.4684669
0.1779343
-0.0493149
-0.2322931
-0.3843806
-0.4936038
-0.5421742
-0.5356153
-0.5059598
-0.4862957
-0.4853850
-0.4880363
-0.4774409
-0.4542471
-0.4343706
-0.4313869
-0.4434190
-0.4567189
-0.4598904
-0.4532168
-0.4445142
-0.4373032
-0.4243113
-0.3933694
-0.3401785
-0.2751384
-0.2165086
-0.1755866
-0.1484773
-0.1230633
-0.0935536
-0.0661011
-0.0489000
-0.0386598
-0.0204882
0.0171378
0.0688629
0.1162175
0.1451354
0.1582571
0.1694330
0.1882480
0.2126529
0.2364001
0.2597316
0.2890977
0.3267849
0.3643758
0.3889608
0.3952746
0.3900271
0.3839427
0.3806190
0.3741468
0.3575263
0.3323911
0.3091407
0.2965169
0.2910019
0.2776070
0.2427936
0.1877062
0.1284871
0.0827212
0.0553924
0.0386753
0.0248333
0.0162993
0.0202299
0.0344143
0.0436724
0.0337523
0.0069322
-0.0204091
-0.0361732
-0.0442620
-0.0550041
-0.0672961
-0.0673554
-0.0481136
-0.0247751
-0.0234226
-0.0523050
-0.0897884
-0.1061253
-0.0959870
-0.0842081
-0.0976344
-0.1352729
-0.1700902
-0.1786294
-0.1642151
-0.1499483
-0.1531797
-0.1711449
-0.1902909
-0.2038264
-0.2163757
-0.2339290
-0.2547003
-0.2718006
-0.2817813
-0.2872471
-0.2918122
-0.2953882
-0.2948828
-0.2870358
-0.2690849
-0.2387085
-0.1965845
-0.1495365
-0.1083879
-0.0798847
-0.0608118
-0.0422028
-0.0200939
-0.0001441
0.0101317
0.0119585
0.0144049
0.0219775
0.0266024
0.0158997
-0.0107572
-0.0381641
-0.0499236
-0.0461361
-0.0437564
-0.0585065
-0.0883698
-0.1168692
-0.1315114
-0.1358428
-0.1423120
-0.1561835
-0.1699594
-0.1734629
-0.1662154
-0.1579462
-0.1580745
-0.1663913
-0.1737579
-0.1705689
-0.1543837
-0.1300161
-0.1010589
-0.0576851
0.0291108
0.1953541
0.4523901
0.7545712
0.9986192
1.0710271
0.9184608
0.5870351
0.1950576
-0.1407020
-0.3657378
-0.4920324
-0.5563479
-0.5802273
-0.5655931
-0.5161953
-0.4509204
-0.3927029
-0.3500411
-0.3157755
-0.2835372
-0.2594538
-0.2540892
-0.2658489
-0.2780146
-0.2744150
-0.2559180
-0.2389776
-0.2382679
-0.2528792
-0.2701147
-0.2803995
-0.2856325
-0.2932359
-0.3052833
-0.3157110
-0.3170008
-0.3073731
-0.2915361
-0.2761030
-0.2642292
-0.2523878
-0.2309716
-0.1899017
-0.1269942
-0.0520995
0.0189383
0.0772197
0.1283826
0.1855955
0.2537048
0.3217182
0.3734334
0.4055534
0.4326804
0.4724825
0.5267759
0.5790042
0.6104965
0.6180539
0.6151697
0.6170231
0.6255598
0.6294380
0.6172734
0.5891565
0.5547406
0.5216279
0.4876352
0.4446794
0.3887749
0.3250104
0.2628381
0.2071962
0.1546897
0.0985743
0.0372931
-0.0223411
-0.0707609
-0.1045629
-0.1300800
-0.1580691
-0.1936191
-0.2293519
-0.2482875
-0.2359801
-0.1931201
-0.1372138
-0.0903412
-0.0631174
-0.0491713
-0.0344571
-0.0115947
0.0145977
0.0346968
0.0464275
0.0577814
0.0782929
0.1082229
0.1373988
0.1543854
0.1557776
0.1468551
0.1349843
0.1233734
0.1101590
0.0920417
0.0687602
0.0449281
0.0275074
0.0200259
0.0177769
0.0091304
-0.0157214
-0.0546919
-0.0928944
-0.1150513
-0.1209172
-0.1267026
-0.1483688
-0.1836577
-0.2134611
-0.2224312
-0.2165332
-0.2176750
-0.2403089
-0.2745666
-0.2939816
-0.2804699
-0.2415956
-0.2033282
-0.1864791
-0.1903910
-0.1980699
-0.1947257
-0.1804000
-0.1661531
-0.1602754
-0.1593262
-0.1524616
-0.1337017
-0.1088092
-0.0894807
-0.0814822
-0.0796154
-0.0740132
-0.0599497
-0.0413735
-0.0266321
-0.0219566
-0.0279317
-0.0402239
-0.0532445
-0.0644300
-0.0762315
-0.0935836
-0.1178539
-0.1425988
-0.1570429
-0.1564608
-0.1493583
-0.1514896
-0.1703579
-0.1967104
-0.2139303
-0.2159574
-0.2134086
-0.2201922
-0.2350625
-0.2390106
-0.2129622
-0.1584477
-0.0995452
-0.0626896
-0.0537718
-0.0552039
-0.0450845
-0.0181925
0.0117784
0.0287254
0.0310151
0.0321617
0.0461604
0.0730400
0.0988269
0.1090650
0.1016556
0.0866870
0.0752987
0.0700104
0.0650268
0.0539678
0.0369715
0.0217483
0.0182401
0.0307340
0.0540639
0.0792039
0.1060503
0.1524126
0.2473707
0.4080518
0.6147908
0.8065813
0.9066520
0.8634686
0.6777845
0.3975961
0.0894483
-0.1901951
-0.4077383
-0.5509670
-0.6229405
-0.6369222
-0.6116649
-0.5651856
-0.5085718
-0.4441821
-0.3704790
-0.2897822
-0.2118818
-0.1499611
-0.1120776
-0.0950508
-0.0859956
-0.0715692
-0.0484797
-0.0257354
-0.0152261
-0.0192640
-0.0281052
-0.0300140
-0.0225534
-0.0130962
-0.0093151
-0.0111750
-0.0131231
-0.0129743
-0.0160572
-0.0284535
-0.0465807
-0.0564669
-0.0459130
-0.0171105
0.0144975
0.0343273
0.0410802
0.0456337
0.0590536
0.0822750
0.1069220
0.1255637
0.1410063
0.1654645
0.2102884
0.2757540
0.3499049
0.4172562
0.4702654
0.5140022
0.5587788
0.6059771
0.6416598
0.6482022
0.6249982
0.5953837
0.5882071
0.6100461
0.6366693
0.6339647
0.5883149
0.5167502
0.4482503
0.3968771
0.3539934
0.3043814
0.2455420
0.1893065
0.1474147
0.1192871
0.0937744
0.0599845
0.0157151
-0.0321413
-0.0734650
-0.1022503
-0.1205082
-0.1358997
-0.1547486
-0.1760137
-0.1915218
-0.1931489
-0.1816160
-0.1685630
-0.1679894
-0.1834872
-0.2036087
-0.2107726
-0.1955885
-0.1632719
-0.1270238
-0.0954327
-0.0657483
-0.0291402
0.0173254
0.0644957
0.0979891
0.1112732
0.1108938
0.1086926
0.1102421
0.1115917
0.1061983
0.0936736
0.0813684
0.0772215
0.0808021
0.0821028
0.0707196
0.0467568
0.0215249
0.0062573
0.0003340
-0.0079554
-0.0276420
-0.0522781
-0.0633486
-0.0490690
-0.0184700
0.0087837
0.0304750
0.0764922
0.1868805
0.3676078
0.5653376
0.6888349
0.6638213
0.4795166
0.1928823
-0.1089876
-0.3571047
-0.5255090
-0.6230096
-0.6685025
-0.6732356
-0.6401038
-0.5735640
-0.4870867
-0.3998061
-0.3252808
-0.2640507
-0.2085598
-0.1554160
-0.1112137
-0.0854917
-0.0791629
-0.0814611
-0.0789607
-0.0678670
-0.0573702
-0.0599728
-0.0776612
-0.0983291
-0.1071779
-0.1014477
-0.0926438
-0.0942237
-0.1083580
-0.1252377
-0.1343304
-0.1350352
-0.1356426
-0.1420085
-0.1486769
-0.1431112
-0.1189690
-0.0833849
-0.0499322
-0.0253875
-0.0044053
0.0238818
0.0654606
0.1169768
0.1700116
0.2194127
0.2678905
0.3224300
0.3860162
0.4529777
0.5121658
0.5542375
0.5766565
0.5834590
0.5808495
0.5720864
0.5560615
0.5312274
0.5004952
0.4706159
0.4456335
0.4213160
0.3870814
0.3348336
0.2675969
0.1996532
0.1457308
0.1075619
0.0718312
0.0240338
-0.0350190
-0.0882273
-0.1188532
-0.1276625
-0.1328463
-0.1528675
-0.1894808
-0.2278450
-0.2531814
-0.2656907
-0.2769095
-0.2919333
-0.2992127
-0.2812755
-0.2350782
-0.1793647
-0.1406321
-0.1313025
-0.1404930
-0.1452238
-0.1311937
-0.1039042
-0.0806057
-0.0724545
-0.0750351
-0.0750350
-0.0642096
-0.0467901
-0.0349652
-0.0377680
-0.0533234
-0.0713093
-0.0832007
-0.0896068
-0.0968879
-0.1078470
-0.1181589
-0.1223353
-0.1212723
-0.1224759
-0.1329268
-0.1519371
-0.1711353
-0.1823464
-0.1861816
-0.1918518
-0.2069156
-0.2273837
-0.2397823
-0.2345568
-0.2176348
-0.2071636
-0.2156239
-0.2330752
-0.2306235
-0.1858102
-0.1058479
-0.0205519
0.0527740
0.1356170
0.2727973
0.4851346
0.7352362
0.9406798
1.0245645
0.9607099
0.7794892
0.5381824
0.2878030
0.0610173
-0.1226432
-0.2522752
-0.3279402
-0.3610208
-0.3669371
-0.3567696
-0.3358312
-0.3080714
-0.2796976
-0.2583924
-0.2493797
-0.2518764
-0.2593150
-0.2639093
-0.2621105
-0.2566580
-0.2540487
-0.2592856
-0.2712574
-0.2830451
-0.2887785
-0.2907515
-0.2970118
-0.3099085
-0.3195001
-0.3122267
-0.2863267
-0.2555054
-0.2349723
-0.2240583
-0.2043316
-0.1568161
-0.0819671
-0.0014630
0.0615207
0.1035376
0.1412057
0.1915786
0.2551181
0.3182141
0.3688170
0.4067956
0.4402591
0.4747407
0.5073972
0.5313547
0.5442987
0.5510492
0.5573844
0.5634192
0.5648303
0.5591034
0.5478812
0.5333320
0.5145731
0.4884523
0.4527872
0.4086111
0.3599994
0.3115069
0.2649474
0.2187252
0.1705598
0.1203472
0.0705085
0.0250043
-0.0118233
-0.0377303
-0.0551842
-0.0693950
-0.0814913
-0.0848268
-0.0708292
-0.0393243
-0.0019868
0.0255961
0.0362957
0.0367044
0.0397613
0.0515560
0.0663975
0.0758396
0.0801680
0.0870731
0.0990854
0.1067596
0.0972808
0.0685136
0.0322602
0.0032737
-0.0144247
-0.0301056
-0.0549715
-0.0884557
-0.1174122
-0.1299863
-0.1287803
-0.1283978
-0.1407780
-0.1647610
-0.1895091
-0.2062205
-0.2162362
-0.2285856
-0.2495065
-0.2741735
-0.2899227
-0.2884992
-0.2740928
-0.2584415
-0.2490249
-0.2427591
-0.2300645
-0.2043487
-0.1686234
-0.1332908
-0.1059951
-0.0832830
-0.0542874
-0.0136769
0.0309475
0.0663231
0.0875564
0.1037777
0.1297673
0.1720871
0.2240493
0.2765846
0.3356535
0.4259133
0.5705655
0.7623612
0.9527953
1.0710524
1.0593664
0.9016736
0.6301839
0.3083026
0.0011690
-0.2482185
-0.4253785
-0.5361546
-0.5952028
-0.6180958
-0.6173566
-0.6015901
-0.5769432
-0.5485222
-0.5202223
-0.4942296
-0.4709553
-0.4483813
-0.4221227
-0.3890925
-0.3519094
-0.3167844
-0.2855797
-0.2530296
-0.2146943
-0.1756696
-0.1473638
-0.1344875
-0.1271107
-0.1080700
-0.0700481
-0.0252434
0.0045099
0.0094157
0.0020247
0.0034045
0.0205469
0.0412900
0.0513196
0.0516353
0.0567847
0.0779137
0.1100414
0.1364037
0.1450915
0.1410772
0.1407239
0.1542907
0.1761020
0.1932738
0.2013326
0.2077492
0.2208112
0.2384156
0.2494154
0.2456983
0.2326321
0.2263267
0.2380676
0.2612163
0.2766928
0.2732323
0.2597814
0.2554165
0.2681981
0.2858298
0.2866644
0.2594628
0.2139349
0.1728003
0.1520226
0.1475070
0.1412331
0.1197347
0.0854739
0.0516959
0.0292562
0.0184059
0.0104572
-0.0035723
-0.0245644
-0.0454192
-0.0605625
-0.0737488
-0.0934072
-0.1206655
-0.1454455
-0.1561215
-0.1522275
-0.1469716
-0.1564341
-0.1841810
-0.2160470
-0.2333553
-0.2336101
-0.2351267
-0.2570638
-0.2956869
-0.3242336
-0.3177068
-0.2769540
-0.2280553
-0.1979743
-0.1900624
-0.1837036
-0.1588133
-0.1186513
-0.0849605
-0.0717641
-0.0697352
-0.0585485
-0.0300723
0.0044759
0.0279141
0.0335556
0.0283327
0.0221193
0.0160675
0.0029654
-0.0210882
-0.0485890
-0.0669355
-0.0710928
-0.0671202
-0.0647859
-0.0701094
-0.0836279
-0.1013045
-0.1167928
-0.1266884
-0.1349212
-0.1496809
-0.1747638
-0.2046811
-0.2283675
-0.2378604
-0.2353322
-0.2326924
-0.2420753
-0.2647099
-0.2901513
-0.3069350
-0.3117145
-0.3075186
-0.2968352
-0.2788214
-0.2511071
-0.2129196
-0.1689052
-0.1303808
-0.1080831
-0.1003577
-0.0916727
-0.0672557
-0.0291296
0.0046378
0.0172922
0.0099121
0.0005096
0.0053594
0.0207283
0.0261574
0.0082127
-0.0226417
-0.0434738
-0.0446079
-0.0379325
-0.0402730
-0.0548767
-0.0711000
-0.0774687
-0.0716065
-0.0591400
-0.0456954
-0.0307530
-0.0081950
0.0308677
0.0997199
0.2166774
0.3910572
0.5979747
0.7698252
0.8248328
0.7159353
0.4612490
0.1338991
-0.1788587
-0.4184405
-0.5724907
-0.6594893
-0.6995400
-0.6997319
-0.6614829
-0.5921776
-0.5056677
-0.4157294
-0.3324904
-0.2625621
-0.2092745
-0.1725818
-0.1486040
-0.1290529
-0.1048791
-0.0752849
-0.0513444
-0.0447323
-0.0525288
-0.0583462
-0.0497973
-0.0310265
-0.0168023
-0.0171551
-0.0288631
-0.0403374
-0.0443091
-0.0452949
-0.0521744
-0.0636825
-0.0670208
-0.0540724
-0.0336078
-0.0216953
-0.0228776
-0.0261493
-0.0180715
0.0043440
0.0327883
0.0566278
0.0736440
0.0933328
0.1276807
0.1779258
0.2333318
0.2835690
0.3285969
0.3757401
0.4312409
0.4952861
0.5606010
0.6151481
0.6515292
0.6755289
0.7008964
0.7338105
0.7657696
0.7824902
0.7766773
0.7525197
0.7214801
0.6931697
0.6667118
0.6320312
0.5827546
0.5252261
0.4705871
0.4212434
0.3710442
0.3166386
0.2624013
0.2146883
0.1758136
0.1430481
0.1105763
0.0745441
0.0390313
0.0140677
0.0045981
0.0041998
0.0019283
-0.0080841
-0.0249719
-0.0435193
-0.0561373
-0.0585183
-0.0559810
-0.0579541
-0.0631177
-0.0566713
-0.0270204
0.0192375
0.0624824
0.0870956
0.0924120
0.0910708
0.0969568
0.1104236
0.1163620
0.1022467
0.0763405
0.0609971
0.0686022
0.0905349
0.1085761
0.1104785
0.0959147
0.0745452
0.0578839
0.0475472
0.0332230
0.0069763
-0.0243488
-0.0471174
-0.0574871
-0.0638099
-0.0760946
-0.0984047
-0.1271932
-0.1520407
-0.1633561
-0.1644435
-0.1699982
-0.1876090
-0.2073263
-0.2148332
-0.2083266
-0.1971140
-0.1895455
-0.1863512
-0.1798502
-0.1578574
-0.1164892
-0.0706392
-0.0418640
-0.0333656
-0.0268883
-0.0069914
0.0214623
0.0425589
0.0470910
0.0395799
0.0354226
0.0496276
0.0793298
0.1008237
0.0950614
0.0722848
0.0587260
0.0626027
0.0671396
0.0547066
0.0245322
-0.0116801
-0.0405002
-0.0562297
-0.0688031
-0.0960936
-0.1395629
-0.1771255
-0.1906617
-0.1895786
-0.1954384
-0.2149953
-0.2404674
-0.2638617
-0.2788249
-0.2813920
-0.2799907
-0.2898373
-0.3070964
-0.3061098
-0.2734265
-0.2262742
-0.1867551
-0.1574904
-0.1325718
-0.1111861
-0.0912942
-0.0715221
-0.0638327
-0.0776145
-0.0896468
-0.0648877
-0.0114145
0.0244991
0.0239065
0.0133727
0.0124487
0.0114583
0.0084463
0.0138842
0.0105910
-0.0284239
-0.0721760
-0.0585795
-0.0114137
-0.0427697
-0.1933433
