-0.1458111
-0.1655207
-0.1847545
-0.1899012
-0.1771728
-0.1559118
-0.1394904
-0.1335398
-0.1326941
-0.1275147
-0.1137398
-0.0953259
-0.0795626
-0.0692475
-0.0583169
-0.0340569
0.0154237
0.0927256
0.1864004
0.2726858
0.3233717
0.3167682
0.2475531
0.1312451
0.0000044
-0.1105177
-0.1779657
-0.2035283
-0.2073076
-0.2108548
-0.2204055
-0.2252213
-0.2123303
-0.1831570
-0.1552086
-0.1467787
-0.1599948
-0.1792269
-0.1858922
-0.1741581
-0.1525719
-0.1327067
-0.1188876
-0.1089609
-0.1015363
-0.0984721
-0.0998446
-0.0999985
-0.0921413
-0.0768581
-0.0633133
-0.0603179
-0.0674383
-0.0767183
-0.0822532
-0.0850132
-0.0871953
-0.0851484
-0.0724917
-0.0508973
-0.0334563
-0.0325957
-0.0442608
-0.0477744
-0.0248051
0.0213205
0.0668517
0.0889463
0.0856672
0.0755223
0.0791134
0.1020554
0.1337313
0.1591067
0.1705093
0.1708063
0.1693808
0.1761824
0.1965815
0.2278667
0.2595409
0.2794213
0.2827485
0.2766812
0.2747888
0.2851974
0.3030048
0.3145090
0.3098586
0.2924807
0.2762603
0.2726440
0.2792988
0.2810095
0.2627129
0.2232141
0.1766551
0.1396187
0.1157308
0.0929856
0.0569218
0.0064164
-0.0443306
-0.0794581
-0.0955858
-0.1012681
-0.1041086
-0.1022974
-0.0908299
-0.0729850
-0.0600343
-0.0576133
-0.0565418
-0.0426870
-0.0162065
0.0043231
0.0013207
-0.0200059
-0.0346600
-0.0250746
-0.0024316
0.0031156
-0.0264162
-0.0782376
-0.1219948
-0.1386588
-0.1340164
-0.1259994
-0.1240040
-0.1228103
-0.1131609
-0.0931900
-0.0688340
-0.0470695
-0.0320263
-0.0261507
-0.0307311
-0.0430775
-0.0552837
-0.0593399
-0.0547874
-0.0499329
-0.0538119
-0.0667669
-0.0796731
-0.0826211
-0.0739253
-0.0607015
-0.0517135
-0.0506917
-0.0562420
-0.0663388
-0.0808286
-0.0990193
-0.1163877
-0.1261332
-0.1253627
-0.1190469
-0.1160640
-0.1203470
-0.1265493
-0.1255855
-0.1146042
-0.1006332
-0.0938611
-0.0979616
-0.1078533
-0.1163210
-0.1207830
-0.1224380
-0.1206000
-0.1115106
-0.0946185
-0.0781847
-0.0749812
-0.0903827
-0.1155250
-0.1341406
-0.1370127
-0.1294384
-0.1244839
-0.1297363
-0.1411635
-0.1488753
-0.1468579
-0.1362196
-0.1204432
-0.1000987
-0.0734899
-0.0414699
-0.0096294
0.0153133
0.0308326
0.0393432
0.0434014
0.0411519
0.0281436
0.0044867
-0.0207899
-0.0348492
-0.0324666
-0.0224742
-0.0211995
-0.0376174
-0.0643951
-0.0844050
-0.0870712
-0.0784861
-0.0751373
-0.0878389
-0.1123077
-0.1350856
-0.1469566
-0.1491975
-0.1478401
-0.1451463
-0.1390959
-0.1299595
-0.1233393
-0.1238740
-0.1270860
-0.1211152
-0.0984148
-0.0636081
-0.0261822
0.0150028
0.0757500
0.1697258
0.2853650
0.3816308
0.4114273
0.3543031
0.2304635
0.0854981
-0.0390030
-0.1248663
-0.1760938
-0.2051225
-0.2209838
-0.2262658
-0.2204292
-0.2042871
-0.1824069
-0.1621237
-0.1495163
-0.1452895
-0.1445837
-0.1413145
-0.1326217
-0.1189399
-0.1010149
-0.0793323
-0.0575078
-0.0438143
-0.0451907
-0.0580252
-0.0675689
-0.0607235
-0.0407088
-0.0265299
-0.0349679
-0.0628404
-0.0887124
-0.0928944
-0.0750543
-0.0520360
-0.0400819
-0.0408455
-0.0437337
-0.0384979
-0.0233703
-0.0027225
0.0191303
0.0398791
0.0571705
0.0679692
0.0708432
0.0674179
0.0609061
0.0548075
0.0545873
0.0690904
0.1061837
0.1640108
0.2274440
0.2768076
0.3030061
0.3142944
0.3270440
0.3496319
0.3760229
0.3945823
0.4007571
0.3992602
0.3951547
0.3864396
0.3676041
0.3390160
0.3095250
0.2882338
0.2749637
0.2607189
0.2375652
0.2065050
0.1750360
0.1485239
0.1257964
0.1027758
0.0780909
0.0537107
0.0312193
0.0096016
-0.0126574
-0.0344210
-0.0519970
-0.0623880
-0.0659056
-0.0655053
-0.0640224
-0.0623654
-0.0602109
-0.0581809
-0.0592812
-0.0677945
-0.0854457
-0.1073837
-0.1226002
-0.1211112
-0.1031796
-0.0810312
-0.0687725
-0.0686249
-0.0674905
-0.0485248
-0.0065277
0.0484690
0.1020404
0.1471730
0.1832224
0.2044779
0.1944785
0.1363915
0.0305455
-0.0996568
-0.2207257
-0.3087428
-0.3581449
-0.3754040
-0.3684338
-0.3430578
-0.3064284
-0.2691757
-0.2416532
-0.2283038
-0.2267007
-0.2320919
-0.2421214
-0.2569341
-0.2754998
-0.2928156
-0.3011965
-0.2947045
-0.2730072
-0.2413231
-0.2061936
-0.1707328
-0.1341335
-0.0961629
-0.0614565
-0.0377870
-0.0291500
-0.0311419
-0.0342226
-0.0316088
-0.0232009
-0.0117823
0.0028728
0.0238897
0.0509373
0.0761107
0.0889365
0.0865513
0.0779326
0.0766680
0.0890710
0.1094683
0.1268617
0.1356931
0.1401787
0.1490308
0.1670208
0.1920395
0.2195465
0.2481844
0.2797330
0.3139456
0.3454192
0.3674633
0.3792336
0.3875125
0.3998432
0.4158853
0.4271253
0.4264813
0.4175421
0.4120825
0.4170565
0.4250440
0.4196484
0.3911847
0.3463367
0.3018611
0.2695320
0.2480297
0.2286849
0.2068959
0.1864255
0.1732904
0.1675338
0.1621455
0.1494860
0.1280690
0.1037510
0.0854041
0.0787067
0.0816590
0.0847908
0.0775273
0.0574618
0.0343892
0.0232793
0.0307605
0.0477628
0.0563446
0.0447526
0.0164227
-0.0146458
-0.0356170
-0.0417052
-0.0345331
-0.0183495
0.0003701
0.0129031
0.0129201
0.0027671
-0.0074319
-0.0095695
-0.0059343
-0.0057499
-0.0133487
-0.0223316
-0.0233471
-0.0162247
-0.0111384
-0.0165983
-0.0287030
-0.0352736
-0.0304401
-0.0220571
-0.0226505
-0.0344604
-0.0462984
-0.0460118
-0.0343673
-0.0249248
-0.0303160
-0.0497863
-0.0706358
-0.0809943
-0.0799986
-0.0754221
-0.0729002
-0.0695664
-0.0591324
-0.0420639
-0.0283637
-0.0284048
-0.0409462
-0.0520399
-0.0479248
-0.0294177
-0.0120674
-0.0109123
-0.0259625
-0.0441609
-0.0547663
-0.0597844
-0.0679214
-0.0810949
-0.0911549
-0.0905681
-0.0824629
-0.0764007
-0.0754076
-0.0720324
-0.0595207
-0.0431592
-0.0350292
-0.0373463
-0.0370059
-0.0217562
0.0002292
0.0035321
-0.0281712
-0.0814164
-0.1227704
-0.1301100
-0.1120416
-0.0956986
-0.0980729
-0.1120583
-0.1191399
-0.1108961
-0.0952550
-0.0842584
-0.0805504
-0.0774579
-0.0695709
-0.0600678
-0.0572377
-0.0651387
-0.0783615
-0.0858966
-0.0806115
-0.0658442
-0.0526939
-0.0497162
-0.0544806
-0.0557760
-0.0450208
-0.0252896
-0.0080335
-0.0008723
-0.0002707
0.0026215
0.0106628
0.0183340
0.0208276
0.0217693
0.0285263
0.0412269
0.0509426
0.0506056
0.0445468
0.0431274
0.0481461
0.0478575
0.0296362
-0.0039456
-0.0355358
-0.0506274
-0.0520432
-0.0543878
-0.0657894
-0.0792654
-0.0833918
-0.0780140
-0.0753221
-0.0853352
-0.1036193
-0.1155371
-0.1114027
-0.0950943
-0.0777679
-0.0658452
-0.0573621
-0.0486274
-0.0401556
-0.0330890
-0.0210121
0.0107308
0.0742891
0.1663599
0.2650532
0.3392413
0.3629505
0.3258210
0.2359882
0.1165160
-0.0027289
-0.0960921
-0.1521616
-0.1765542
-0.1842986
-0.1872349
-0.1872259
-0.1805811
-0.1675341
-0.1556676
-0.1534239
-0.1609758
-0.1686232
-0.1650154
-0.1474923
-0.1247401
-0.1095407
-0.1088116
-0.1199529
-0.1354674
-0.1498778
-0.1621616
-0.1727035
-0.1792698
-0.1767929
-0.1616232
-0.1363868
-0.1104530
-0.0944956
-0.0929391
-0.1003075
-0.1045302
-0.0950681
-0.0704744
-0.0402778
-0.0193543
-0.0180010
-0.0347354
-0.0574905
-0.0722755
-0.0721695
-0.0596521
-0.0415285
-0.0220673
-0.0007291
0.0243547
0.0518962
0.0772134
0.0962546
0.1091348
0.1195496
0.1312904
0.1455194
0.1606979
0.1745302
0.1863599
0.1982720
0.2134405
0.2323832
0.2507488
0.2620189
0.2636410
0.2603461
0.2599707
0.2648996
0.2682638
0.2603140
0.2391586
0.2138176
0.1951952
0.1845379
0.1723362
0.1485966
0.1125897
0.0721033
0.0353614
0.0060460
-0.0146659
-0.0251972
-0.0258766
-0.0231577
-0.0274025
-0.0433888
-0.0638127
-0.0752034
-0.0716087
-0.0611246
-0.0577790
-0.0680570
-0.0867591
-0.1048775
-0.1186152
-0.1297381
-0.1395517
-0.1456893
-0.1452561
-0.1388299
-0.1294066
-0.1182497
-0.1043213
-0.0886212
-0.0767596
-0.0745066
-0.0811220
-0.0898382
-0.0960959
-0.1030441
-0.1162061
-0.1333387
-0.1431427
-0.1366105
-0.1185779
-0.1047090
-0.1051984
-0.1129895
-0.1108992
-0.0908015
-0.0634027
-0.0474353
-0.0508413
-0.0651392
-0.0776156
-0.0852532
-0.0943512
-0.1086638
-0.1222604
-0.1258489
-0.1179623
-0.1068799
-0.1012494
-0.1012149
-0.1003148
-0.0944065
-0.0859354
-0.0795521
-0.0766837
-0.0762935
-0.0787774
-0.0855243
-0.0942180
-0.0977805
-0.0910079
-0.0780986
-0.0710591
-0.0786235
-0.0968995
-0.1123386
-0.1145355
-0.1054737
-0.0958905
-0.0936929
-0.0971285
-0.0986826
-0.0938420
-0.0853453
-0.0797946
-0.0809266
-0.0858280
-0.0872196
-0.0798367
-0.0653299
-0.0510425
-0.0434799
-0.0424851
-0.0417006
-0.0348961
-0.0219304
-0.0083357
0.0009788
0.0070073
0.0150483
0.0283199
0.0444226
0.0583632
0.0675795
0.0725605
0.0730754
0.0657326
0.0466085
0.0163743
-0.0176689
-0.0452849
-0.0599653
-0.0630042
-0.0616576
-0.0632366
-0.0702287
-0.0800591
-0.0888664
-0.0955278
-0.1021073
-0.1100367
-0.1160262
-0.1133585
-0.0989818
-0.0789333
-0.0645121
-0.0618276
-0.0661028
-0.0673157
-0.0601013
-0.0453021
-0.0210205
0.0243791
0.1044329
0.2156282
0.3269524
0.3929941
0.3828279
0.3000789
0.1776702
0.0545395
-0.0448755
-0.1155680
-0.1644764
-0.2004383
-0.2276209
-0.2437261
-0.2430265
-0.2229867
-0.1897911
-0.1567948
-0.1352448
-0.1252320
-0.1167450
-0.1010422
-0.0806094
-0.0665916
-0.0667680
-0.0780140
-0.0909998
-0.0997342
-0.1039975
-0.1036936
-0.0952649
-0.0767620
-0.0548258
-0.0417790
-0.0426332
-0.0468565
-0.0377190
-0.0116215
0.0150992
0.0224934
0.0095349
-0.0034889
0.0032458
0.0274178
0.0473555
0.0456232
0.0267802
0.0107881
0.0116377
0.0258576
0.0415978
0.0544081
0.0703255
0.0951292
0.1257549
0.1545430
0.1787455
0.2018522
0.2260148
0.2470706
0.2592687
0.2632516
0.2665581
0.2756643
0.2893462
0.3014905
0.3095961
0.3179614
0.3312953
0.3468747
0.3553620
0.3494872
0.3305217
0.3063132
0.2848783
0.2704133
0.2627191
0.2568418
0.2428178
0.2095233
0.1537607
0.0876098
0.0341897
0.0112414
0.0160982
0.0278460
0.0263450
0.0093461
-0.0095977
-0.0185318
-0.0195620
-0.0235351
-0.0353427
-0.0479791
-0.0515921
-0.0456529
-0.0394043
-0.0406795
-0.0474306
-0.0521418
-0.0522449
-0.0522733
-0.0555948
-0.0582313
-0.0540112
-0.0439899
-0.0367186
-0.0382284
-0.0445575
-0.0467020
-0.0419912
-0.0373458
-0.0396537
-0.0450185
-0.0412873
-0.0224347
0.0021288
0.0153175
0.0089121
-0.0097678
-0.0273839
-0.0378554
-0.0447134
-0.0526122
-0.0601800
-0.0624505
-0.0582383
-0.0522082
-0.0490167
-0.0476165
-0.0436583
-0.0367215
-0.0319199
-0.0329195
-0.0358306
-0.0331008
-0.0231546
-0.0132958
-0.0115904
-0.0173262
-0.0216349
-0.0178885
-0.0099121
-0.0081959
-0.0179123
-0.0323165
-0.0392898
-0.0336807
-0.0218314
-0.0145619
-0.0177497
-0.0298589
-0.0457479
-0.0602334
-0.0687244
-0.0676344
-0.0566496
-0.0405798
-0.0272151
-0.0216582
-0.0225138
-0.0244909
-0.0247441
-0.0251534
-0.0276093
-0.0289706
-0.0233480
-0.0094967
0.0062872
0.0160497
0.0182548
0.0188725
0.0244209
0.0348079
0.0439339
0.0474345
0.0486423
0.0553333
0.0704693
0.0876789
0.0969269
0.0939637
0.0832948
0.0723409
0.0637544
0.0537144
0.0373300
0.0152150
-0.0059642
-0.0199996
-0.0275932
-0.0350119
-0.0462822
-0.0583400
-0.0650181
-0.0648820
-0.0633620
-0.0664780
-0.0732562
-0.0758379
-0.0681197
-0.0536287
-0.0427697
-0.0413508
-0.0437040
-0.0393526
-0.0254096
-0.0087838
0.0056920
0.0272440
0.0754139
0.1611121
0.2696251
0.3626617
0.3999379
0.3633657
0.2652008
0.1367652
0.0103178
-0.0923573
-0.1619255
-0.1989835
-0.2105864
-0.2062014
-0.1940134
-0.1794099
-0.1656778
-0.1550376
-0.1485403
-0.1449343
-0.1400751
-0.1289970
-0.1105037
-0.0900008
-0.0761672
-0.0734446
-0.0778521
-0.0805867
-0.0757719
-0.0650941
-0.0556251
-0.0531090
-0.0567135
-0.0602177
-0.0585340
-0.0525067
-0.0467513
-0.0437731
-0.0417763
-0.0380463
-0.0327310
-0.0283838
-0.0263812
-0.0245516
-0.0187102
-0.0068570
0.0083499
0.0222483
0.0335547
0.0458456
0.0626839
0.0822016
0.0980390
0.1058211
0.1080892
0.1127328
0.1265324
0.1496757
0.1763292
0.2008356
0.2229376
0.2460387
0.2710693
0.2943761
0.3124161
0.3264722
0.3406979
0.3559858
0.3675266
0.3692604
0.3604199
0.3468418
0.3349503
0.3245773
0.3092544
0.2844615
0.2539636
0.2260105
0.2041550
0.1843422
0.1612447
0.1350468
0.1105194
0.0905019
0.0720600
0.0498859
0.0233888
-0.0006353
-0.0140075
-0.0162802
-0.0164357
-0.0243197
-0.0410270
-0.0585128
-0.0678946
-0.0674089
-0.0631886
-0.0633117
-0.0705287
-0.0799636
-0.0841878
-0.0806675
-0.0734575
-0.0677356
-0.0644417
-0.0611724
-0.0568773
-0.0539012
-0.0551553
-0.0597518
-0.0620298
-0.0562567
-0.0434708
-0.0326322
-0.0328288
-0.0441720
-0.0579320
-0.0656757
-0.0666195
-0.0658174
-0.0670491
-0.0687758
-0.0666342
-0.0592013
-0.0507191
-0.0471094
-0.0490776
-0.0508111
-0.0467796
-0.0385882
-0.0335195
-0.0370858
-0.0483338
-0.0615221
-0.0707469
-0.0734100
-0.0707066
-0.0650166
-0.0567995
-0.0450888
-0.0313329
-0.0208883
-0.0190057
-0.0256975
-0.0353428
-0.0412287
-0.0409062
-0.0382090
-0.0395889
-0.0469034
-0.0544573
-0.0555741
-0.0517381
-0.0517460
-0.0604017
-0.0707685
-0.0702420
-0.0539183
-0.0307250
-0.0160737
-0.0181127
-0.0307240
-0.0404642
-0.0403784
-0.0351370
-0.0318839
-0.0293834
-0.0198291
-0.0000617
0.0229621
0.0386077
0.0424959
0.0398237
0.0401162
0.0483926
0.0605112
0.0678207
0.0668279
0.0626669
0.0622797
0.0664016
0.0697626
0.0671362
0.0573099
0.0426001
0.0262053
0.0092960
-0.0097004
-0.0315278
-0.0522202
-0.0657639
-0.0712868
-0.0746609
-0.0817331
-0.0921624
-0.1006159
-0.1018258
-0.0942971
-0.0817463
-0.0711123
-0.0662116
-0.0628479
-0.0528708
-0.0336614
-0.0114963
0.0049879
0.0142208
0.0267879
0.0622783
0.1355008
0.2383525
0.3352131
0.3821604
0.3551324
0.2624577
0.1356332
0.0110282
-0.0857079
-0.1474683
-0.1821492
-0.2003690
-0.2065996
-0.2010741
-0.1851582
-0.1623670
-0.1383611
-0.1220701
-0.1212019
-0.1328439
-0.1432842
-0.1410910
-0.1268080
-0.1080777
-0.0911577
-0.0798554
-0.0761198
-0.0775504
-0.0790631
-0.0789899
-0.0781535
-0.0733022
-0.0603161
-0.0446416
-0.0381543
-0.0434977
-0.0514016
-0.0544372
-0.0519576
-0.0416590
-0.0215823
-0.0019289
0.0031041
-0.0010505
0.0059323
0.0244367
0.0276287
0.0011977
