-0.1572368
-0.1335410
-0.1097528
-0.0906355
-0.0572843
0.0308144
0.2129978
0.4955668
0.8281536
1.1057380
1.2063404
1.0540075
0.6711141
0.1784249
-0.2670985
-0.5574239
-0.6804575
-0.6986449
-0.6855215
-0.6758054
-0.6621271
-0.6253481
-0.5620580
-0.4876224
-0.4214890
-0.3733596
-0.3403322
-0.3128940
-0.2835119
-0.2526231
-0.2279002
-0.2159069
-0.2127068
-0.2042082
-0.1791048
-0.1424496
-0.1138732
-0.1095012
-0.1256075
-0.1420413
-0.1423324
-0.1286921
-0.1159706
-0.1126406
-0.1111102
-0.0977987
-0.0699613
-0.0389952
-0.0168414
-0.0024376
0.0153084
0.0419718
0.0691455
0.0845819
0.0896391
0.1023163
0.1396903
0.1982204
0.2552310
0.2922442
0.3151185
0.3474293
0.4029412
0.4680491
0.5157370
0.5371397
0.5549397
0.6011867
0.6818575
0.7668857
0.8177943
0.8243174
0.8117250
0.8124244
0.8331511
0.8517272
0.8439218
0.8093674
0.7692360
0.7407811
0.7182417
0.6806355
0.6165086
0.5376390
0.4667884
0.4135439
0.3652383
0.3029792
0.2247751
0.1497660
0.0986951
0.0723940
0.0520122
0.0197949
-0.0237606
-0.0650150
-0.0962374
-0.1242834
-0.1585353
-0.1942039
-0.2134354
-0.2048361
-0.1785910
-0.1582412
-0.1573358
-0.1672497
-0.1697398
-0.1592075
-0.1487333
-0.1532727
-0.1701330
-0.1799768
-0.1678075
-0.1402592
-0.1194169
-0.1197257
-0.1334536
-0.1405208
-0.1313544
-0.1171766
-0.1164451
-0.1328314
-0.1494938
-0.1463021
-0.1213223
-0.0932623
-0.0825346
-0.0917411
-0.1062272
-0.1125657
-0.1132237
-0.1210643
-0.1410794
-0.1615407
-0.1657561
-0.1515337
-0.1358701
-0.1384225
-0.1610607
-0.1855829
-0.1920844
-0.1782586
-0.1594888
-0.1509090
-0.1518114
-0.1490760
-0.1346970
-0.1171590
-0.1137340
-0.1320116
-0.1608409
-0.1807852
-0.1832110
-0.1777173
-0.1799267
-0.1928741
-0.2026800
-0.1941660
-0.1698508
-0.1505720
-0.1549925
-0.1790960
-0.1987791
-0.1944849
-0.1718758
-0.1554583
-0.1615197
-0.1803303
-0.1876753
-0.1726217
-0.1498765
-0.1429160
-0.1576570
-0.1766836
-0.1795150
-0.1646009
-0.1484017
-0.1448808
-0.1506492
-0.1516621
-0.1403367
-0.1211343
-0.0998960
-0.0739377
-0.0379624
0.0018150
0.0264319
0.0225038
0.0010293
-0.0072050
0.0210012
0.0784074
0.1335892
0.1602445
0.1588350
0.1490176
0.1438349
0.1355979
0.1080240
0.0583651
0.0028453
-0.0402659
-0.0690631
-0.0962781
-0.1307601
-0.1655063
-0.1866572
-0.1914556
-0.1919901
-0.1995259
-0.2092187
-0.2055828
-0.1834446
-0.1583409
-0.1511190
-0.1628465
-0.1706005
-0.1524632
-0.1142952
-0.0835733
-0.0695681
-0.0304253
0.1099599
0.3971051
0.7851153
1.1370380
1.2956776
1.1757494
0.8111797
0.3283174
-0.1282431
-0.4627767
-0.6512287
-0.7215599
-0.7190335
-0.6811717
-0.6293177
-0.5712219
-0.5081270
-0.4425118
-0.3823220
-0.3375762
-0.3111683
-0.2934775
-0.2692832
-0.2329002
-0.1961267
-0.1784142
-0.1872484
-0.2089069
-0.2201690
-0.2092787
-0.1844149
-0.1619119
-0.1486385
-0.1379598
-0.1215908
-0.1012989
-0.0862869
-0.0807565
-0.0781548
-0.0694504
-0.0545230
-0.0416298
-0.0352280
-0.0277802
-0.0068330
0.0303792
0.0725383
0.1058824
0.1283126
0.1495369
0.1781492
0.2124452
0.2461859
0.2805086
0.3246807
0.3831517
0.4457388
0.4957484
0.5282833
0.5564563
0.5967355
0.6504135
0.7034219
0.7439042
0.7748694
0.8063823
0.8389144
0.8610034
0.8647634
0.8579425
0.8548143
0.8564564
0.8464954
0.8094720
0.7494986
0.6856832
0.6301604
0.5765205
0.5124236
0.4386516
0.3689609
0.3109693
0.2540316
0.1819244
0.0961440
0.0204822
-0.0210772
-0.0291815
-0.0289667
-0.0456296
-0.0826663
-0.1242359
-0.1549674
-0.1734576
-0.1869685
-0.1978410
-0.1996266
-0.1868493
-0.1654488
-0.1506639
-0.1539822
-0.1728718
-0.1934653
-0.2025282
-0.1965433
-0.1806344
-0.1613462
-0.1422865
-0.1259858
-0.1168300
-0.1189063
-0.1301488
-0.1407329
-0.1402177
-0.1274076
-0.1120343
-0.1054404
-0.1099920
-0.1186993
-0.1245041
-0.1273261
-0.1306196
-0.1334571
-0.1303288
-0.1200383
-0.1111144
-0.1137938
-0.1266529
-0.1359571
-0.1318448
-0.1227706
-0.1282411
-0.1553713
-0.1870101
-0.1982362
-0.1841215
-0.1659833
-0.1673147
-0.1868632
-0.2005662
-0.1898898
-0.1626523
-0.1421614
-0.1394335
-0.1431593
-0.1385913
-0.1296807
-0.1351507
-0.1630440
-0.1964329
-0.2096165
-0.1960695
-0.1745335
-0.1665022
-0.1731239
-0.1788780
-0.1748354
-0.1700394
-0.1763228
-0.1878199
-0.1845484
-0.1580721
-0.1263748
-0.1160031
-0.1307789
-0.1459510
-0.1374864
-0.1124454
-0.1027646
-0.1279469
-0.1703999
-0.1931507
-0.1794983
-0.1486462
-0.1311228
-0.1354714
-0.1448405
-0.1422900
-0.1291001
-0.1141806
-0.0939359
-0.0546555
0.0032505
0.0535646
0.0670836
0.0458093
0.0260642
0.0424661
0.0921020
0.1394548
0.1551110
0.1430742
0.1282956
0.1245467
0.1223887
0.1069504
0.0776743
0.0445708
0.0102946
-0.0338951
-0.0913071
-0.1458526
-0.1730549
-0.1659229
-0.1447596
-0.1377812
-0.1538930
-0.1777165
-0.1902212
-0.1892961
-0.1872046
-0.1907423
-0.1898502
-0.1692681
-0.1299537
-0.0941363
-0.0836808
-0.0892952
-0.0604141
0.0691479
0.3332357
0.6953488
1.0485079
1.2580843
1.2266953
0.9456152
0.5019328
0.0345942
-0.3357466
-0.5592768
-0.6596043
-0.6913448
-0.6917173
-0.6650520
-0.6042638
-0.5180773
-0.4327433
-0.3699133
-0.3295901
-0.2979488
-0.2678060
-0.2451616
-0.2354547
-0.2305171
-0.2157468
-0.1890050
-0.1655525
-0.1604767
-0.1697909
-0.1744838
-0.1630937
-0.1446240
-0.1359065
-0.1401488
-0.1439022
-0.1348067
-0.1156708
-0.0970577
-0.0806163
-0.0576269
-0.0251123
0.0040380
0.0139688
0.0074106
0.0071950
0.0326245
0.0779148
0.1190369
0.1410800
0.1534925
0.1762491
0.2157842
0.2603811
0.2984271
0.3343931
0.3823139
0.4465581
0.5152608
0.5740276
0.6210202
0.6639981
0.7050738
0.7357512
0.7504157
0.7596999
0.7825913
0.8234223
0.8622091
0.8732285
0.8519489
0.8183812
0.7926153
0.7722695
0.7390059
0.6847698
0.6238125
0.5750853
0.5377308
0.4913620
0.4210892
0.3357285
0.2568620
0.1939753
0.1377144
0.0781929
0.0221931
-0.0143864
-0.0287028
-0.0379277
-0.0612170
-0.0994583
-0.1376269
-0.1644362
-0.1823800
-0.1965458
-0.2009894
-0.1849146
-0.1521438
-0.1258521
-0.1273926
-0.1527594
-0.1764726
-0.1799632
-0.1707965
-0.1700068
-0.1840963
-0.1964231
-0.1875668
-0.1584980
-0.1287175
-0.1139867
-0.1122274
-0.1125644
-0.1119174
-0.1164990
-0.1286425
-0.1392910
-0.1371401
-0.1220521
-0.1054955
-0.0989383
-0.1054622
-0.1219911
-0.1439342
-0.1641504
-0.1715714
-0.1584688
-0.1314276
-0.1103227
-0.1112525
-0.1308545
-0.1509369
-0.1587252
-0.1587184
-0.1628812
-0.1731808
-0.1789460
-0.1711125
-0.1539996
-0.1402635
-0.1372465
-0.1423676
-0.1509426
-0.1633344
-0.1815774
-0.2019393
-0.2155562
-0.2170952
-0.2095016
-0.1983634
-0.1843805
-0.1653548
-0.1452876
-0.1366147
-0.1490968
-0.1766862
-0.1987443
-0.1969386
-0.1715709
-0.1412779
-0.1270891
-0.1364451
-0.1605036
-0.1839195
-0.1962463
-0.1963862
-0.1899309
-0.1837563
-0.1811684
-0.1794960
-0.1722702
-0.1560653
-0.1365429
-0.1260603
-0.1324651
-0.1495579
-0.1605826
-0.1530155
-0.1295194
-0.1029862
-0.0815480
-0.0614511
-0.0361074
-0.0090583
0.0070938
0.0061201
-0.0009556
0.0056947
0.0352669
0.0774031
0.1125339
0.1285700
0.1268997
0.1159168
0.1029975
0.0917850
0.0815772
0.0659344
0.0351773
-0.0140657
-0.0711077
-0.1176129
-0.1447618
-0.1612626
-0.1804481
-0.2012342
-0.2078872
-0.1907733
-0.1624518
-0.1478334
-0.1591984
-0.1851301
-0.2039398
-0.2029448
-0.1829853
-0.1509140
-0.1152431
-0.0853695
-0.0606008
-0.0108585
0.1217925
0.3791364
0.7272901
1.0432698
1.1780706
1.0530625
0.7095790
0.2737076
-0.1257754
-0.4173496
-0.5919318
-0.6740781
-0.6951106
-0.6811044
-0.6480399
-0.5999052
-0.5349788
-0.4589044
-0.3899115
-0.3464262
-0.3295070
-0.3222643
-0.3088741
-0.2904218
-0.2780425
-0.2733062
-0.2630005
-0.2365143
-0.2029441
-0.1834206
-0.1859348
-0.1943221
-0.1868890
-0.1624896
-0.1412579
-0.1387419
-0.1460739
-0.1410601
-0.1154419
-0.0835366
-0.0627019
-0.0526951
-0.0407547
-0.0233786
-0.0128795
-0.0178877
-0.0241081
-0.0044606
0.0497715
0.1150836
0.1592310
0.1762889
0.1917341
0.2315050
0.2924479
0.3490203
0.3862166
0.4174812
0.4665876
0.5373100
0.6083966
0.6587187
0.6905902
0.7233146
0.7668873
0.8092955
0.8319764
0.8324836
0.8261302
0.8263193
0.8292017
0.8204144
0.7930073
0.7537286
0.7122556
0.6694611
0.6192350
0.5589666
0.4936274
0.4293234
0.3670980
0.3058485
0.2483918
0.1992479
0.1554005
0.1043149
0.0366813
-0.0387140
-0.0974548
-0.1208662
-0.1151353
-0.1070775
-0.1196658
-0.1520487
-0.1838421
-0.1976940
-0.1957032
-0.1935730
-0.2011652
-0.2118525
-0.2116022
-0.1961902
-0.1767050
-0.1676529
-0.1716568
-0.1779693
-0.1758467
-0.1668445
-0.1616937
-0.1659175
-0.1720921
-0.1686951
-0.1548089
-0.1420699
-0.1408229
-0.1475536
-0.1496578
-0.1418989
-0.1335808
-0.1365024
-0.1482477
-0.1525628
-0.1382071
-0.1140274
-0.1009990
-0.1093592
-0.1275487
-0.1360666
-0.1297629
-0.1225425
-0.1299052
-0.1504769
-0.1674436
-0.1669674
-0.1523854
-0.1398080
-0.1419364
-0.1577192
-0.1762888
-0.1878585
-0.1896845
-0.1837857
-0.1723349
-0.1566169
-0.1391597
-0.1248879
-0.1190924
-0.1239124
-0.1366631
-0.1517078
-0.1642368
-0.1723299
-0.1755846
-0.1728746
-0.1630583
-0.1482574
-0.1348423
-0.1291595
-0.1318235
-0.1373416
-0.1402959
-0.1414125
-0.1463967
-0.1586032
-0.1739150
-0.1836499
-0.1818978
-0.1691226
-0.1495792
-0.1279158
-0.1096344
-0.1025204
-0.1132367
-0.1399086
-0.1690281
-0.1827547
-0.1720652
-0.1438860
-0.1148547
-0.0968665
-0.0877562
-0.0757491
-0.0527729
-0.0229119
0.0024982
0.0176032
0.0288608
0.0484918
0.0812668
0.1186090
0.1463892
0.1580095
0.1585191
0.1557166
0.1492760
0.1311199
0.0965499
0.0524181
0.0119602
-0.0181877
-0.0438400
-0.0751289
-0.1136361
-0.1496040
-0.1725479
-0.1828837
-0.1904983
-0.2013619
-0.2082261
-0.1978916
-0.1681536
-0.1345270
-0.1166734
-0.1176890
-0.1199231
-0.1047277
-0.0757823
-0.0570748
-0.0606517
-0.0541739
0.0333168
0.2605295
0.6144966
0.9925204
1.2454896
1.2562047
1.0019719
0.5639005
0.0814835
-0.3166969
-0.5655879
-0.6739299
-0.6943075
-0.6786581
-0.6500754
-0.6056105
-0.5393213
-0.4604901
-0.3906997
-0.3460051
-0.3241632
-0.3093171
-0.2878453
-0.2592123
-0.2327392
-0.2157250
-0.2056103
-0.1933125
-0.1732498
-0.1494378
-0.1317738
-0.1266800
-0.1313374
-0.1364898
-0.1344666
-0.1247960
-0.1127241
-0.1027957
-0.0941409
-0.0820332
-0.0635390
-0.0407730
-0.0182963
0.0019647
0.0222774
0.0455499
0.0711381
0.0953179
0.1163686
0.1383078
0.1678026
0.2065304
0.2481323
0.2852728
0.3200040
0.3641922
0.4265549
0.4995729
0.5627146
0.6014935
0.6227264
0.6480910
0.6913580
0.7440552
0.7860727
0.8091965
0.8258939
0.8528871
0.8894068
0.9162802
0.9162682
0.8906423
0.8533511
0.8129056
0.7660989
0.7099881
0.6533566
0.6094339
0.5775357
0.5385438
0.4737476
0.3865070
0.3002104
0.2336418
0.1824688
0.1283111
0.0635576
0.0018385
-0.0377299
-0.0531180
-0.0623101
-0.0838214
-0.1174893
-0.1467015
-0.1582031
-0.1564173
-0.1568524
-0.1674528
-0.1795837
-0.1783262
-0.1600298
-0.1378450
-0.1295318
-0.1403979
-0.1586512
-0.1672386
-0.1594670
-0.1427032
-0.1281225
-0.1193748
-0.1123046
-0.1034380
-0.0952302
-0.0923104
-0.0953588
-0.1012244
-0.1080926
-0.1172233
-0.1280512
-0.1339835
-0.1271114
-0.1084361
-0.0906117
-0.0869368
-0.0974036
-0.1085144
-0.1086249
-0.1017110
-0.1032401
-0.1221730
-0.1491460
-0.1642254
-0.1563502
-0.1341124
-0.1166827
-0.1145671
-0.1206984
-0.1213572
-0.1145396
-0.1143446
-0.1348444
-0.1704781
-0.1960703
-0.1897892
-0.1566177
-0.1264166
-0.1258099
-0.1519944
-0.1767244
-0.1768601
-0.1581207
-0.1460524
-0.1556533
-0.1750246
-0.1807749
-0.1654656
-0.1447971
-0.1378977
-0.1458273
-0.1536175
-0.1511840
-0.1455843
-0.1492735
-0.1605831
-0.1632710
-0.1473851
-0.1250031
-0.1191376
-0.1373225
-0.1615181
-0.1674287
-0.1514076
-0.1337605
-0.1345413
-0.1499040
-0.1565262
-0.1390411
-0.1086375
-0.0913937
-0.0999937
-0.1206275
-0.1279119
-0.1092307
-0.0728152
-0.0353706
-0.0064740
0.0147517
0.0326221
0.0495692
0.0677064
0.0908284
0.1201138
0.1477286
0.1589106
0.1445209
0.1121879
0.0829511
0.0744327
0.0852756
0.0947593
0.0783638
0.0270217
-0.0453209
-0.1121897
-0.1543026
-0.1712389
-0.1755560
-0.1774777
-0.1770370
-0.1705566
-0.1611369
-0.1584530
-0.1669507
-0.1773579
-0.1744016
-0.1540138
-0.1294597
-0.1172431
-0.1183593
-0.1163105
-0.0909021
-0.0263578
0.0959849
0.3005817
0.5928969
0.9198226
1.1626623
1.1933218
0.9623868
0.5442057
0.0926726
-0.2586192
-0.4672792
-0.5715187
-0.6254993
-0.6508987
-0.6418142
-0.5977530
-0.5382351
-0.4858658
-0.4446956
-0.4018487
-0.3486735
-0.2944596
-0.2569417
-0.2427152
-0.2414777
-0.2393252
-0.2333219
-0.2303433
-0.2339730
-0.2367731
-0.2271429
-0.2027099
-0.1752514
-0.1608991
-0.1643729
-0.1732268
-0.1694472
-0.1477534
-0.1213272
-0.1078645
-0.1099634
-0.1106758
-0.0898316
-0.0453865
0.0018927
0.0264652
0.0220598
0.0078322
0.0102680
0.0395120
0.0838485
0.1255415
0.1591087
0.1934159
0.2383210
0.2922537
0.3441299
0.3865574
0.4246624
0.4697002
0.5248899
0.5813623
0.6298904
0.6731623
0.7217816
0.7784440
0.8308876
0.8635228
0.8739490
0.8741102
0.8745789
0.8714560
0.8526725
0.8159408
0.7741116
0.7386004
0.7016156
0.6427430
0.5546643
0.4557909
0.3722575
0.3103528
0.2525726
0.1810909
0.0998322
0.0297072
-0.0158212
-0.0453474
-0.0776451
-0.1186933
-0.1560777
-0.1769802
-0.1858846
-0.1991008
-0.2238291
-0.2487450
-0.2568649
-0.2439335
-0.2218511
-0.2063933
-0.2044765
-0.2129419
-0.2264967
-0.2432159
-0.2609699
-0.2717992
-0.2659393
-0.2437651
-0.2196448
-0.2094275
-0.2149689
-0.2240576
-0.2249630
-0.2180012
-0.2122064
-0.2126782
-0.2131594
-0.2025200
-0.1790156
-0.1554899
-0.1467155
-0.1526666
-0.1594736
-0.1574562
-0.1521097
-0.1541627
-0.1640572
-0.1717810
-0.1701312
-0.1632546
-0.1610861
-0.1672906
-0.1747871
-0.1755138
-0.1742333
-0.1860692
-0.2147865
-0.2396012
-0.2346050
-0.2001051
-0.1635400
-0.1485478
-0.1548195
-0.1704033
-0.1890840
-0.2076823
