-0.0890009
-0.0935429
-0.0911780
-0.0814522
-0.0710526
-0.0658229
-0.0659876
-0.0693860
-0.0756603
-0.0840868
-0.0889696
-0.0821049
-0.0623131
-0.0400923
-0.0290815
-0.0326320
-0.0415799
-0.0463025
-0.0479651
-0.0546139
-0.0675643
-0.0767584
-0.0723667
-0.0581341
-0.0486031
-0.0526536
-0.0637600
-0.0692765
-0.0668390
-0.0667645
-0.0773109
-0.0919517
-0.0956953
-0.0832898
-0.0666580
-0.0620227
-0.0723643
-0.0862117
-0.0928400
-0.0938374
-0.0971746
-0.1035013
-0.1041776
-0.0939177
-0.0803620
-0.0763228
-0.0839531
-0.0921908
-0.0920289
-0.0896394
-0.0985332
-0.1194301
-0.1347625
-0.1277892
-0.1040207
-0.0872028
-0.0927786
-0.1106440
-0.1186127
-0.1101194
-0.1017750
-0.1114502
-0.1344896
-0.1480898
-0.1386947
-0.1185731
-0.1112719
-0.1240036
-0.1403027
-0.1403731
-0.1228754
-0.1020690
-0.0863042
-0.0667161
-0.0307394
0.0172960
0.0559337
0.0692146
0.0658052
0.0710440
0.0998155
0.1407427
0.1690320
0.1724406
0.1611535
0.1526571
0.1513181
0.1458511
0.1246537
0.0887147
0.0477572
0.0075085
-0.0340985
-0.0777325
-0.1148255
-0.1341208
-0.1360090
-0.1356976
-0.1483005
-0.1715710
-0.1870554
-0.1802970
-0.1582114
-0.1434008
-0.1501402
-0.1675835
-0.1689876
-0.1380885
-0.0849089
-0.0337316
0.0051946
0.0515411
0.1411094
0.2924466
0.4811138
0.6426147
0.7035215
0.6210719
0.4065520
0.1186582
-0.1676540
-0.3960057
-0.5457237
-0.6247830
-0.6505159
-0.6362517
-0.5914405
-0.5275234
-0.4582479
-0.3934475
-0.3351415
-0.2816926
-0.2348091
-0.2003790
-0.1821152
-0.1759500
-0.1720834
-0.1627910
-0.1481733
-0.1346118
-0.1278301
-0.1269471
-0.1245360
-0.1125547
-0.0893470
-0.0619220
-0.0410586
-0.0325341
-0.0317726
-0.0272543
-0.0104440
0.0165648
0.0429317
0.0589494
0.0650976
0.0724177
0.0938754
0.1337052
0.1835517
0.2291325
0.2620828
0.2860903
0.3112121
0.3424393
0.3752676
0.4034104
0.4293727
0.4643439
0.5160107
0.5780600
0.6347647
0.6768953
0.7108976
0.7500041
0.7971447
0.8398025
0.8631344
0.8661520
0.8625219
0.8657384
0.8756029
0.8798445
0.8672583
0.8376961
0.7999407
0.7618220
0.7231079
0.6767628
0.6159977
0.5411368
0.4617392
0.3920499
0.3414243
0.3063972
0.2726207
0.2272823
0.1710185
0.1168517
0.0768680
0.0510201
0.0299411
0.0075197
-0.0117353
-0.0187094
-0.0117071
-0.0008560
-0.0002939
-0.0164460
-0.0433592
-0.0677538
-0.0781841
-0.0718913
-0.0562039
-0.0435335
-0.0417607
-0.0469643
-0.0466875
-0.0328734
-0.0117202
0.0012801
-0.0030479
-0.0183087
-0.0300390
-0.0312377
-0.0281590
-0.0304832
-0.0384246
-0.0422469
-0.0340282
-0.0170290
-0.0021977
0.0025220
-0.0025757
-0.0126231
-0.0234278
-0.0325133
-0.0383816
-0.0417214
-0.0462706
-0.0552965
-0.0663062
-0.0715636
-0.0662047
-0.0552889
-0.0502319
-0.0570272
-0.0696243
-0.0769972
-0.0760425
-0.0746913
-0.0812895
-0.0933326
-0.0994610
-0.0923275
-0.0771531
-0.0665014
-0.0677308
-0.0768356
-0.0843132
-0.0857420
-0.0856610
-0.0912301
-0.1030235
-0.1129366
-0.1114307
-0.0967975
-0.0774152
-0.0649188
-0.0646279
-0.0720039
-0.0783444
-0.0799403
-0.0811376
-0.0880753
-0.1002922
-0.1098483
-0.1089174
-0.0975300
-0.0838534
-0.0775666
-0.0824721
-0.0934889
-0.0994850
-0.0904141
-0.0646715
-0.0310881
-0.0025366
0.0148659
0.0272861
0.0468994
0.0789249
0.1156526
0.1448441
0.1632624
0.1788699
0.1984164
0.2157646
0.2163998
0.1938535
0.1585729
0.1280299
0.1085945
0.0893136
0.0546162
0.0022566
-0.0527257
-0.0919923
-0.1107554
-0.1202047
-0.1342572
-0.1551642
-0.1718905
-0.1714021
-0.1514762
-0.1237764
-0.1049933
-0.1036599
-0.1136803
-0.1198917
-0.1104731
-0.0851039
-0.0518978
-0.0160318
0.0299697
0.1049814
0.2252714
0.3858709
0.5508344
0.6616893
0.6619342
0.5252568
0.2723396
-0.0340950
-0.3158571
-0.5143669
-0.6135858
-0.6367336
-0.6213767
-0.5931440
-0.5569989
-0.5081365
-0.4478301
-0.3879483
-0.3417488
-0.3129067
-0.2945174
-0.2770734
-0.2556298
-0.2308434
-0.2069844
-0.1901528
-0.1850021
-0.1894347
-0.1930578
-0.1845322
-0.1624323
-0.1372723
-0.1205284
-0.1120201
-0.1006553
-0.0785857
-0.0518574
-0.0335411
-0.0269867
-0.0206719
-0.0024801
0.0242041
0.0439894
0.0494495
0.0526703
0.0729711
0.1147260
0.1618643
0.1960737
0.2175177
0.2436027
0.2871796
0.3402701
0.3831970
0.4084303
0.4303515
0.4689635
0.5268622
0.5863511
0.6292001
0.6555636
0.6809882
0.7163616
0.7544873
0.7783886
0.7811918
0.7741881
0.7735026
0.7808904
0.7811105
0.7588263
0.7153662
0.6664417
0.6240807
0.5835152
0.5297336
0.4565274
0.3768000
0.3117425
0.2695358
0.2367219
0.1923390
0.1299057
0.0637838
0.0140121
-0.0132784
-0.0297137
-0.0507331
-0.0799285
-0.1076446
-0.1235202
-0.1280578
-0.1307735
-0.1386889
-0.1496928
-0.1578500
-0.1621589
-0.1667677
-0.1729662
-0.1745305
-0.1638542
-0.1424299
-0.1227126
-0.1172828
-0.1261711
-0.1370516
-0.1393465
-0.1363874
-0.1406840
-0.1572465
-0.1751284
-0.1781843
-0.1630574
-0.1435853
-0.1364224
-0.1439862
-0.1536331
-0.1535829
-0.1470572
-0.1479742
-0.1631566
-0.1826007
-0.1901802
-0.1822649
-0.1717823
-0.1729258
-0.1850637
-0.1949288
-0.1940054
-0.1899382
-0.1976239
-0.2195877
-0.2390949
-0.2362260
-0.2102955
-0.1828481
-0.1766786
-0.1938360
-0.2164018
-0.2273400
-0.2270006
-0.2282155
-0.2382294
-0.2493303
-0.2484514
-0.2338357
-0.2189192
-0.2185269
-0.2331051
-0.2487717
-0.2520905
-0.2419796
-0.2266533
-0.2122297
-0.1978320
-0.1817011
-0.1687504
-0.1686871
-0.1855911
-0.2109186
-0.2294162
-0.2329312
-0.2269213
-0.2221009
-0.2212580
-0.2169758
-0.2021983
-0.1797790
-0.1589584
-0.1431316
-0.1242558
-0.0921773
-0.0496210
-0.0148123
-0.0052669
-0.0180149
-0.0287002
-0.0132139
0.0295968
0.0774256
0.1054728
0.1063799
0.0907020
0.0717419
0.0530966
0.0304375
0.0014630
-0.0298610
-0.0589472
-0.0865751
-0.1161968
-0.1470326
-0.1739926
-0.1951127
-0.2152777
-0.2395779
-0.2644536
-0.2788479
-0.2754050
-0.2593350
-0.2448072
-0.2421930
-0.2490875
-0.2538721
-0.2473648
-0.2302045
-0.2093677
-0.1886083
-0.1611710
-0.1084252
-0.0055561
0.1632879
0.3831180
0.5949564
0.7107163
0.6575271
0.4253111
0.0811210
-0.2653761
-0.5232239
-0.6638473
-0.7173545
-0.7321428
-0.7365196
-0.7309451
-0.7060321
-0.6611040
-0.6066725
-0.5547353
-0.5104360
-0.4726460
-0.4399767
-0.4139033
-0.3955387
-0.3810742
-0.3629236
-0.3365994
-0.3061175
-0.2818279
-0.2718813
-0.2743373
-0.2772161
-0.2682049
-0.2464377
-0.2240563
-0.2139036
-0.2155759
-0.2157866
-0.2032364
-0.1810186
-0.1622897
-0.1543170
-0.1492304
-0.1321764
-0.0979273
-0.0570327
-0.0241509
-0.0021629
0.0190446
0.0485234
0.0836146
0.1162289
0.1468236
0.1869251
0.2463027
0.3203692
0.3929137
0.4512475
0.4971189
0.5418944
0.5920898
0.6419784
0.6814300
0.7087904
0.7327317
0.7610830
0.7906331
0.8099304
0.8112155
0.7977956
0.7790484
0.7585123
0.7279801
0.6753474
0.5996510
0.5169311
0.4481952
0.4003260
0.3599978
0.3074645
0.2361692
0.1586908
0.0940427
0.0497180
0.0163943
-0.0200318
-0.0626289
-0.1012452
-0.1253779
-0.1359674
-0.1425889
-0.1513702
-0.1593257
-0.1608067
-0.1564654
-0.1534037
-0.1566700
-0.1624275
-0.1613049
-0.1488703
-0.1312233
-0.1185653
-0.1141219
-0.1119391
-0.1058895
-0.0979812
-0.0954591
-0.1005280
-0.1051710
-0.0974927
-0.0737114
-0.0437383
-0.0236057
-0.0210984
-0.0294756
-0.0366683
-0.0396014
-0.0466139
-0.0651459
-0.0898705
-0.1060035
-0.1047276
-0.0936229
-0.0898562
-0.1023147
-0.1218563
-0.1313997
-0.1253941
-0.1161945
-0.1194602
-0.1357485
-0.1498318
-0.1477590
-0.1316553
-0.1166538
-0.1148861
-0.1241409
-0.1323408
-0.1319594
-0.1281419
-0.1314801
-0.1441719
-0.1562285
-0.1562499
-0.1439909
-0.1306836
-0.1276384
-0.1355111
-0.1445301
-0.1450044
-0.1379262
-0.1346605
-0.1447692
-0.1641333
-0.1768635
-0.1701632
-0.1471227
-0.1247047
-0.1191883
-0.1326442
-0.1523409
-0.1633282
-0.1620749
-0.1572536
-0.1570677
-0.1582191
-0.1500752
-0.1288842
-0.1041563
-0.0887004
-0.0834061
-0.0746253
-0.0489201
-0.0105688
0.0186108
0.0210167
0.0054044
0.0031687
0.0384678
0.1020321
0.1566683
0.1694264
0.1386021
0.0909080
0.0542391
0.0333601
0.0108917
-0.0294842
-0.0826419
-0.1259707
-0.1428968
-0.1402945
-0.1414776
-0.1627856
-0.1981674
-0.2271525
-0.2375726
-0.2385667
-0.2485839
-0.2712272
-0.2885253
-0.2822485
-0.2577866
-0.2387959
-0.2371285
-0.2360873
-0.2097760
-0.1543251
-0.0884514
-0.0177080
0.0931229
0.2942623
0.5844697
0.8720847
1.0168291
0.9266469
0.6243618
0.2262398
-0.1412977
-0.4106738
-0.5806059
-0.6784942
-0.7249517
-0.7276822
-0.6951877
-0.6453410
-0.5977189
-0.5608200
-0.5304008
-0.4999936
-0.4703064
-0.4478514
-0.4368116
-0.4338964
-0.4307252
-0.4212453
-0.4077422
-0.3989841
-0.4005587
-0.4070388
-0.4056849
-0.3885304
-0.3595429
-0.3296433
-0.3061126
-0.2873770
-0.2669607
-0.2414980
-0.2145754
-0.1924714
-0.1766891
-0.1624798
-0.1452621
-0.1262659
-0.1099497
-0.0971530
-0.0827478
-0.0594265
-0.0226603
0.0266011
0.0819848
0.1351097
0.1812914
0.2226544
0.2650883
0.3122518
0.3630456
0.4147982
0.4685010
0.5300184
0.6038790
0.6841875
0.7539035
0.7976238
0.8162956
0.8264354
0.8430676
0.8650306
0.8782412
0.8717015
0.8484047
0.8206868
0.7958352
0.7670607
0.7197848
0.6472952
0.5586728
0.4700716
0.3901281
0.3164780
0.2450614
0.1783487
0.1224135
0.0780109
0.0376562
-0.0067135
-0.0532571
-0.0897288
-0.1064860
-0.1096989
-0.1175052
-0.1406936
-0.1699234
-0.1852623
-0.1772358
-0.1557713
-0.1388944
-0.1351335
-0.1376955
-0.1345956
-0.1230978
-0.1129601
-0.1148046
-0.1266844
-0.1345087
-0.1258574
-0.1016155
-0.0740180
-0.0551197
-0.0472240
-0.0427162
-0.0330696
-0.0193405
-0.0127785
-0.0222537
-0.0414105
-0.0522032
-0.0434572
-0.0242005
-0.0160627
-0.0317730
-0.0618547
-0.0839368
-0.0863197
-0.0808985
-0.0893206
-0.1160419
-0.1399636
-0.1366464
-0.1063384
-0.0754287
-0.0702058
-0.0922413
-0.1198406
-0.1308961
-0.1228696
-0.1116400
-0.1129515
-0.1268588
-0.1406340
-0.1441542
-0.1389806
-0.1331585
-0.1316696
-0.1338875
-0.1373995
-0.1415259
-0.1476484
-0.1569576
-0.1672327
-0.1723825
-0.1674419
-0.1545043
-0.1418298
-0.1364372
-0.1386902
-0.1438258
-0.1470436
-0.1473059
-0.1479050
-0.1531083
-0.1627267
-0.1706364
-0.1705021
-0.1623330
-0.1513377
-0.1405997
-0.1268611
-0.1041380
-0.0712920
-0.0365737
-0.0138023
-0.0105355
-0.0181933
-0.0167720
0.0072781
0.0480854
0.0859934
0.1043201
0.0996456
0.0789878
0.0511644
0.0214896
-0.0073646
-0.0320228
-0.0490100
-0.0605758
-0.0771630
-0.1085065
-0.1508401
-0.1871012
-0.2031271
-0.2023622
-0.2023164
-0.2163812
-0.2395845
-0.2525737
-0.2410065
-0.2117091
-0.1873360
-0.1830010
-0.1907527
-0.1904363
-0.1729172
-0.1455750
-0.1124057
-0.0527639
0.0743681
0.2987676
0.6032408
0.9127674
1.1218075
1.1455143
0.9620145
0.6205090
0.2151250
-0.1571233
-0.4329055
-0.5969637
-0.6689952
-0.6770510
-0.6417552
-0.5799740
-0.5121649
-0.4571798
-0.4202419
-0.3912547
-0.3574619
-0.3171704
-0.2804223
-0.2563912
-0.2416191
-0.2237913
-0.1981305
-0.1754022
-0.1686041
-0.1743225
-0.1744801
-0.1576059
-0.1322750
-0.1161568
-0.1153389
-0.1182876
-0.1094543
-0.0863643
-0.0620066
-0.0499942
-0.0486111
-0.0425002
-0.0205745
0.0119869
0.0423649
0.0669683
0.0949127
0.1357847
0.1878498
0.2389026
0.2774713
0.3039691
0.3313001
0.3722088
0.4252693
0.4767497
0.5181104
0.5578197
0.6119916
0.6847161
0.7606636
0.8175577
0.8460470
0.8585337
0.8775693
0.9127654
0.9495789
0.9641468
0.9487435
0.9184319
0.8923156
0.8729766
0.8464386
0.7989327
0.7306345
0.6534439
0.5767841
0.4976389
0.4079908
0.3122178
0.2303788
0.1780799
0.1463316
0.1090221
0.0512308
-0.0149640
-0.0644283
-0.0855445
-0.0913532
-0.1053457
-0.1367951
-0.1710863
-0.1865150
-0.1796145
-0.1690392
-0.1733807
-0.1909511
-0.2053024
-0.2065116
-0.2019173
-0.2068838
-0.2277807
-0.2536174
-0.2643140
-0.2498130
-0.2214592
-0.2014396
-0.2006290
-0.2102630
-0.2153587
-0.2113943
-0.2058129
-0.2065503
-0.2114975
-0.2088285
-0.1890251
-0.1583129
-0.1367815
-0.1383878
-0.1551609
-0.1672237
-0.1673001
-0.1682939
-0.1849384
-0.2132394
-0.2318782
-0.2234956
-0.1937506
-0.1680897
-0.1668703
-0.1839992
-0.1951597
-0.1880738
-0.1772320
-0.1839542
-0.2082563
-0.2282506
-0.2252906
-0.2034452
-0.1840612
-0.1846234
-0.2031022
-0.2217656
-0.2266671
-0.2219546
-0.2220167
-0.2318370
-0.2415515
-0.2404067
-0.2290482
-0.2160949
-0.2086751
-0.2089758
-0.2151527
-0.2227425
-0.2280898
-0.2313304
-0.2334372
-0.2317585
-0.2231400
-0.2105614
-0.2015496
-0.2000315
-0.2036136
-0.2079314
-0.2100125
-0.2089277
-0.2062708
-0.2030979
-0.1934053
-0.1661278
-0.1198863
-0.0718329
-0.0443467
-0.0434237
-0.0540732
-0.0550043
-0.0350785
0.0004062
0.0347632
0.0533221
0.0548617
0.0481946
0.0384282
0.0227191
-0.0004309
-0.0269227
-0.0557596
-0.0937111
-0.1450887
-0.2013487
-0.2456676
-0.2662402
-0.2649855
-0.2568626
-0.2590152
-0.2745245
-0.2881483
-0.2847011
-0.2694544
-0.2616758
-0.2689769
-0.2775723
-0.2692671
-0.2406675
-0.2040085
-0.1733716
-0.1481102
-0.1039427
-0.0028631
0.1798381
0.4336928
0.7121873
0.9430383
1.0413983
0.9398199
0.6349744
0.2095706
-0.2065762
-0.5105830
-0.6737436
-0.7321934
-0.7412431
-0.7324508
-0.7038201
-0.6461780
-0.5718142
-0.5074704
-0.4631413
-0.4248621
-0.3822959
-0.3473416
-0.3362931
-0.3447409
-0.3498429
-0.3322232
-0.2918987
-0.2486227
-0.2269853
-0.2331500
-0.2469148
-0.2450348
-0.2287565
-0.2170878
-0.2174400
-0.2177182
-0.2054786
-0.1805471
-0.1495062
-0.1201700
-0.0998335
-0.0880451
-0.0744561
-0.0528855
-0.0300291
-0.0103068
0.0164412
0.0582073
0.1031358
0.1349862
0.1573840
0.1874864
0.2334370
0.2904154
0.3496844
0.4017458
0.4427931
0.4860602
0.5504210
0.6298486
0.6944375
0.7306230
0.7569388
0.7893198
0.8167065
0.8245664
0.8176734
0.8061357
0.7921481
0.7794900
0.7699142
0.7448639
0.6823925
0.5961472
0.5212300
0.4596734
0.3834228
0.2924233
0.2172592
0.1602830
0.0936878
0.0218789
-0.0229313
-0.0556447
-0.1250705
-0.2049341
-0.1944214
-0.0726614
