-0.2226249
-0.2071465
-0.1678025
-0.1653275
-0.1953882
-0.2071398
-0.1853984
-0.1623920
-0.1587009
-0.1595835
-0.1492907
-0.1316163
-0.1129807
-0.0904342
-0.0528107
0.0311692
0.2179121
0.5464849
0.9795855
1.4029800
1.6917235
1.7784058
1.6766982
1.4628808
1.2291797
1.0298122
0.8615156
0.6977223
0.5327361
0.3837756
0.2627469
0.1649621
0.0828461
0.0161412
-0.0323014
-0.0626497
-0.0806959
-0.0980536
-0.1245411
-0.1562651
-0.1782821
-0.1838920
-0.1837418
-0.1906923
-0.2036320
-0.2122996
-0.2111549
-0.2025988
-0.1923953
-0.1869537
-0.1898679
-0.1969898
-0.1994464
-0.1941814
-0.1870298
-0.1841636
-0.1855856
-0.1874938
-0.1854724
-0.1756036
-0.1588869
-0.1443504
-0.1406775
-0.1441692
-0.1417854
-0.1273019
-0.1084704
-0.0964359
-0.0923639
-0.0860050
-0.0655864
-0.0302399
0.0057696
0.0248848
0.0257264
0.0266477
0.0453490
0.0789515
0.1097913
0.1275422
0.1391588
0.1584256
0.1913461
0.2319487
0.2689415
0.2961343
0.3174953
0.3410983
0.3684911
0.3930102
0.4082106
0.4135420
0.4116751
0.4059385
0.4015739
0.4029461
0.4058638
0.3975763
0.3691741
0.3261592
0.2837684
0.2525355
0.2292654
0.2011157
0.1588501
0.1074943
0.0626160
0.0341587
0.0163059
-0.0036818
-0.0296960
-0.0548448
-0.0732653
-0.0876151
-0.1040355
-0.1241797
-0.1438189
-0.1569456
-0.1605815
-0.1571804
-0.1525798
-0.1511795
-0.1541050
-0.1616275
-0.1738156
-0.1874744
-0.1964633
-0.1982746
-0.1978890
-0.2020726
-0.2111828
-0.2185894
-0.2170969
-0.2053797
-0.1903995
-0.1838818
-0.1926754
-0.2104805
-0.2219561
-0.2177497
-0.2043122
-0.1972380
-0.2054760
-0.2223644
-0.2313666
-0.2214272
-0.1985108
-0.1812263
-0.1828345
-0.1981344
-0.2099863
-0.2074089
-0.1947018
-0.1843702
-0.1847021
-0.1936269
-0.2011022
-0.1973784
-0.1821240
-0.1662377
-0.1624243
-0.1728880
-0.1870614
-0.1916457
-0.1829521
-0.1705394
-0.1688396
-0.1830652
-0.2024492
-0.2095300
-0.1973952
-0.1760429
-0.1611656
-0.1594057
-0.1657803
-0.1720645
-0.1744267
-0.1743304
-0.1751502
-0.1785877
-0.1835190
-0.1877638
-0.1899240
-0.1886800
-0.1822337
-0.1714055
-0.1623789
-0.1623897
-0.1715449
-0.1816625
-0.1847947
-0.1814209
-0.1791779
-0.1843245
-0.1947652
-0.2009863
-0.1946176
-0.1773287
-0.1607291
-0.1562345
-0.1651618
-0.1787220
-0.1859566
-0.1814397
-0.1687916
-0.1593899
-0.1647596
-0.1854056
-0.2068518
-0.2103088
-0.1896566
-0.1578985
-0.1364607
-0.1373877
-0.1543918
-0.1702926
-0.1734448
-0.1667827
-0.1605504
-0.1582604
-0.1529969
-0.1370938
-0.1114385
-0.0836217
-0.0599560
-0.0418972
-0.0285782
-0.0195227
-0.0136565
-0.0065654
0.0092247
0.0385712
0.0770986
0.1122541
0.1335302
0.1411054
0.1425480
0.1422125
0.1369034
0.1218286
0.0974769
0.0688138
0.0390577
0.0061193
-0.0339979
-0.0800731
-0.1227855
-0.1509343
-0.1614273
-0.1618315
-0.1624211
-0.1674498
-0.1751413
-0.1836229
-0.1936586
-0.2056296
-0.2162115
-0.2198364
-0.2142838
-0.2047941
-0.2006528
-0.2050076
-0.2084799
-0.1965553
-0.1655745
-0.1298714
-0.1106193
-0.1161920
-0.1311848
-0.1211796
-0.0477100
0.1155918
0.3709963
0.6902995
1.0157216
1.2726677
1.3966945
1.3644965
1.2072376
0.9925184
0.7861821
0.6213627
0.4934883
0.3786669
0.2591409
0.1385748
0.0378442
-0.0242276
-0.0484252
-0.0555065
-0.0697961
-0.1012957
-0.1412625
-0.1731301
-0.1876326
-0.1885729
-0.1857952
-0.1851955
-0.1870568
-0.1914032
-0.1997229
-0.2098774
-0.2135388
-0.2032451
-0.1820495
-0.1634450
-0.1600463
-0.1721610
-0.1877484
-0.1941913
-0.1905034
-0.1871110
-0.1927006
-0.2025912
-0.2025755
-0.1844626
-0.1556690
-0.1323304
-0.1240159
-0.1260733
-0.1261787
-0.1170929
-0.1023804
-0.0900198
-0.0821686
-0.0732860
-0.0578599
-0.0367384
-0.0142509
0.0080902
0.0317807
0.0565356
0.0792141
0.0985746
0.1185709
0.1446710
0.1771360
0.2094511
0.2345691
0.2527895
0.2723418
0.3009661
0.3371762
0.3708799
0.3924030
0.4000333
0.3997342
0.3996617
0.4045905
0.4125407
0.4153313
0.4046178
0.3799056
0.3504189
0.3274491
0.3139632
0.3014510
0.2769238
0.2339142
0.1782341
0.1236799
0.0813919
0.0521287
0.0275663
-0.0017465
-0.0386309
-0.0765400
-0.1034764
-0.1114566
-0.1052807
-0.1011615
-0.1132803
-0.1401711
-0.1656413
-0.1744952
-0.1674391
-0.1601726
-0.1676135
-0.1889319
-0.2084424
-0.2115634
-0.1991342
-0.1849880
-0.1805759
-0.1847684
-0.1891491
-0.1898281
-0.1907544
-0.1963066
-0.2042080
-0.2078083
-0.2042997
-0.1981515
-0.1950271
-0.1937632
-0.1876165
-0.1745110
-0.1627681
-0.1627826
-0.1736862
-0.1824762
-0.1782902
-0.1650917
-0.1573747
-0.1636157
-0.1762244
-0.1791244
-0.1646799
-0.1417527
-0.1264942
-0.1263521
-0.1346855
-0.1403659
-0.1397610
-0.1380198
-0.1410042
-0.1487982
-0.1566750
-0.1599635
-0.1571590
-0.1497154
-0.1403667
-0.1321159
-0.1281752
-0.1310822
-0.1400671
-0.1496207
-0.1530831
-0.1492327
-0.1444242
-0.1466272
-0.1570380
-0.1679918
-0.1693813
-0.1576610
-0.1394580
-0.1265093
-0.1261129
-0.1355396
-0.1453022
-0.1477269
-0.1429307
-0.1378952
-0.1402738
-0.1514744
-0.1640837
-0.1670001
-0.1554834
-0.1367149
-0.1240806
-0.1252162
-0.1360435
-0.1462607
-0.1495297
-0.1481013
-0.1487767
-0.1555465
-0.1660551
-0.1741298
-0.1746997
-0.1665389
-0.1523516
-0.1381937
-0.1317483
-0.1374902
-0.1514429
-0.1624474
-0.1615480
-0.1509281
-0.1424268
-0.1460532
-0.1593631
-0.1680664
-0.1579010
-0.1272461
-0.0887242
-0.0582854
-0.0426669
-0.0370334
-0.0326972
-0.0246449
-0.0119046
0.0059637
0.0297231
0.0579519
0.0857060
0.1072184
0.1201681
0.1266528
0.1294483
0.1279905
0.1194316
0.1035384
0.0842514
0.0646759
0.0418456
0.0092044
-0.0347381
-0.0813523
-0.1168073
-0.1329354
-0.1340689
-0.1334068
-0.1417942
-0.1590039
-0.1756454
-0.1833850
-0.1828150
-0.1814896
-0.1853839
-0.1929716
-0.1971338
-0.1921944
-0.1791248
-0.1639986
-0.1513765
-0.1399357
-0.1256743
-0.1090237
-0.0963091
-0.0909776
-0.0807562
-0.0324034
0.0980703
0.3413188
0.6885955
1.0810855
1.4264477
1.6378703
1.6743700
1.5576902
1.3547882
1.1373272
0.9456116
0.7806632
0.6251253
0.4706000
0.3275081
0.2135757
0.1365797
0.0879557
0.0503509
0.0102524
-0.0346189
-0.0770886
-0.1082458
-0.1248672
-0.1319985
-0.1396066
-0.1552421
-0.1774974
-0.1962150
-0.2009804
-0.1909506
-0.1762175
-0.1690566
-0.1737782
-0.1843750
-0.1906222
-0.1864328
-0.1743500
-0.1635813
-0.1627277
-0.1721057
-0.1821369
-0.1803624
-0.1620854
-0.1354317
-0.1155202
-0.1119631
-0.1208119
-0.1288000
-0.1258589
-0.1133934
-0.1006752
-0.0944811
-0.0928710
-0.0877023
-0.0717362
-0.0441296
-0.0111476
0.0179324
0.0371943
0.0481854
0.0583844
0.0753576
0.1014658
0.1329154
0.1632632
0.1886016
0.2107307
0.2358408
0.2694056
0.3110307
0.3532980
0.3860323
0.4035513
0.4092901
0.4128034
0.4206292
0.4298401
0.4316614
0.4215948
0.4047023
0.3902449
0.3819319
0.3741109
0.3570506
0.3256057
0.2835588
0.2404883
0.2041464
0.1746702
0.1453411
0.1092994
0.0667608
0.0265054
-0.0005995
-0.0115257
-0.0153277
-0.0260446
-0.0496723
-0.0782196
-0.0976628
-0.1019388
-0.0986241
-0.1009567
-0.1148018
-0.1334149
-0.1445309
-0.1424153
-0.1330300
-0.1275040
-0.1310674
-0.1390472
-0.1432991
-0.1410362
-0.1366071
-0.1358377
-0.1403065
-0.1471683
-0.1529260
-0.1559064
-0.1553598
-0.1502057
-0.1406708
-0.1308287
-0.1268705
-0.1309155
-0.1376537
-0.1395412
-0.1355610
-0.1327619
-0.1378322
-0.1482178
-0.1532708
-0.1446186
-0.1248961
-0.1059258
-0.0983534
-0.1030293
-0.1120153
-0.1170175
-0.1161984
-0.1135499
-0.1133762
-0.1161210
-0.1185166
-0.1166768
-0.1094393
-0.0997406
-0.0928326
-0.0924035
-0.0978262
-0.1049095
-0.1092625
-0.1094315
-0.1076940
-0.1079894
-0.1121144
-0.1171395
-0.1171158
-0.1086464
-0.0954776
-0.0870486
-0.0910121
-0.1057344
-0.1201726
-0.1229473
-0.1133351
-0.1030853
-0.1056486
-0.1225657
-0.1408820
-0.1447275
-0.1299230
-0.1078041
-0.0951709
-0.0998979
-0.1149587
-0.1256613
-0.1230969
-0.1115122
-0.1033931
-0.1076322
-0.1218823
-0.1352470
-0.1378215
-0.1283676
-0.1140748
-0.1036633
-0.1006319
-0.1023640
-0.1044162
-0.1047403
-0.1044006
-0.1057824
-0.1103978
-0.1169430
-0.1205787
-0.1155868
-0.1010834
-0.0845831
-0.0780181
-0.0877982
-0.1077179
-0.1224659
-0.1199239
-0.1012431
-0.0787204
-0.0632208
-0.0538280
-0.0402276
-0.0147876
0.0186306
0.0478526
0.0637791
0.0689502
0.0758543
0.0966686
0.1327825
0.1724127
0.1984075
0.2005369
0.1830282
0.1614526
0.1508191
0.1537220
0.1583653
0.1488180
0.1186730
0.0753611
0.0315663
-0.0064155
-0.0410950
-0.0759059
-0.1074003
-0.1268641
-0.1295316
-0.1211822
-0.1147343
-0.1197784
-0.1350019
-0.1503041
-0.1559719
-0.1504822
-0.1410457
-0.1374745
-0.1441847
-0.1558607
-0.1604382
-0.1482728
-0.1205827
-0.0894943
-0.0689079
-0.0633112
-0.0621894
-0.0415845
0.0300328
0.1828770
0.4326193
0.7645453
1.1246569
1.4303620
1.6032754
1.6078378
1.4692969
1.2563374
1.0398748
0.8573107
0.7054695
0.5620011
0.4143581
0.2729376
0.1606048
0.0909429
0.0555767
0.0309029
-0.0032274
-0.0495156
-0.0946284
-0.1231270
-0.1315713
-0.1313632
-0.1384744
-0.1591011
-0.1838361
-0.1957621
-0.1857649
-0.1617521
-0.1431612
-0.1446869
-0.1634021
-0.1816464
-0.1838360
-0.1711977
-0.1595755
-0.1624431
-0.1766639
-0.1856039
-0.1760783
-0.1516712
-0.1292899
-0.1230287
-0.1316302
-0.1411734
-0.1388741
-0.1238274
-0.1056484
-0.0947024
-0.0937695
-0.0967387
-0.0932326
-0.0755213
-0.0441332
-0.0084886
0.0192777
0.0337213
0.0407389
0.0523759
0.0758681
0.1074423
0.1373845
0.1612134
0.1846769
0.2166091
0.2574605
0.2967214
0.3226452
0.3338975
0.3408605
0.3556533
0.3811597
0.4091799
0.4282826
0.4333756
0.4287289
0.4229232
0.4210764
0.4210000
0.4157605
0.3998963
0.3740317
0.3439232
0.3145066
0.2846009
0.2483244
0.2025771
0.1524735
0.1079618
0.0747974
0.0497877
0.0252893
-0.0025827
-0.0310081
-0.0548634
-0.0724497
-0.0864224
-0.1003472
-0.1156976
-0.1317077
-0.1461265
-0.1552851
-0.1554526
-0.1469193
-0.1368604
-0.1354535
-0.1469070
-0.1646930
-0.1772006
-0.1786356
-0.1740110
-0.1736002
-0.1831368
-0.1992199
-0.2128973
-0.2166921
-0.2090353
-0.1942988
-0.1801193
-0.1734929
-0.1764079
-0.1835754
-0.1858587
-0.1785794
-0.1671952
-0.1632205
-0.1729279
-0.1900277
-0.2003431
-0.1942034
-0.1743944
-0.1525247
-0.1386378
-0.1347031
-0.1367293
-0.1405473
-0.1442765
-0.1470160
-0.1482478
-0.1491999
-0.1523390
-0.1574145
-0.1591916
-0.1519593
-0.1370536
-0.1238455
-0.1212780
-0.1288599
-0.1377600
-0.1410696
-0.1412293
-0.1459650
-0.1580756
-0.1716408
-0.1785994
-0.1766292
-0.1689070
-0.1582776
-0.1454061
-0.1330083
-0.1278513
-0.1347482
-0.1491854
-0.1595742
-0.1588999
-0.1526975
-0.1530803
-0.1647513
-0.1789431
-0.1823953
-0.1711233
-0.1537194
-0.1418020
-0.1395855
-0.1433628
-0.1485059
-0.1539960
-0.1603735
-0.1662388
-0.1688510
-0.1674089
-0.1637979
-0.1595833
-0.1537189
-0.1449282
-0.1362586
-0.1350599
-0.1459970
-0.1638040
-0.1752119
-0.1706141
-0.1542966
-0.1415046
-0.1437733
-0.1571853
-0.1662606
-0.1598639
-0.1423023
-0.1278838
-0.1254608
-0.1300516
-0.1294234
-0.1163731
-0.0932564
-0.0671628
-0.0445635
-0.0303531
-0.0268584
-0.0293199
-0.0239625
0.0035148
0.0535466
0.1079581
0.1431709
0.1499047
0.1392361
0.1291194
0.1266035
0.1241564
0.1110242
0.0846037
0.0504858
0.0151602
-0.0182706
-0.0487923
-0.0759178
-0.1006054
-0.1251329
-0.1496986
-0.1701592
-0.1817548
-0.1854990
-0.1886161
-0.1969626
-0.2081790
-0.2143332
-0.2108444
-0.2003925
-0.1878526
-0.1748743
-0.1621746
-0.1544123
-0.1569232
-0.1660558
-0.1680986
-0.1537548
-0.1324201
-0.1238679
-0.1285707
-0.1068800
0.0045137
0.2455052
0.5933935
0.9649345
1.2575686
1.3987144
1.3731116
1.2192988
1.0040826
0.7899313
0.6106308
0.4672191
0.3446055
0.2335732
0.1388257
0.0687627
0.0218193
-0.0140689
-0.0492987
-0.0830563
-0.1073901
-0.1191313
-0.1254102
-0.1371296
-0.1584710
-0.1833772
-0.2011184
-0.2045636
-0.1946928
-0.1796317
-0.1696755
-0.1709118
-0.1812735
-0.1925381
-0.1974412
-0.1957953
-0.1937400
-0.1969137
-0.2044454
-0.2095618
-0.2057406
-0.1922225
-0.1742302
-0.1587906
-0.1503630
-0.1490490
-0.1512309
-0.1516446
-0.1463868
-0.1356056
-0.1234072
-0.1140376
-0.1073734
-0.0983788
-0.0815655
-0.0562697
-0.0277007
-0.0030463
0.0135974
0.0235602
0.0324499
0.0470217
0.0714384
0.1042209
0.1383661
0.1663973
0.1872847
0.2080647
0.2368397
0.2736479
0.3095359
0.3354167
0.3506527
0.3616909
0.3734797
0.3848342
0.3925511
0.3969546
0.4003779
0.4012111
0.3935625
0.3750315
0.3524711
0.3361399
0.3274087
0.3150971
0.2864392
0.2410690
0.1923128
0.1544975
0.1301500
0.1096314
0.0816541
0.0433434
0.0016906
-0.0325242
-0.0522846
-0.0585601
-0.0594646
-0.0649635
-0.0800917
-0.1014880
-0.1204389
-0.1302208
-0.1312886
-0.1298621
-0.1319517
-0.1387828
-0.1471342
-0.1529217
-0.1541911
-0.1515985
-0.1471667
-0.1429484
-0.1404293
-0.1404382
-0.1429216
-0.1465392
-0.1489881
-0.1487607
-0.1471301
-0.1477242
-0.1527917
-0.1593457
-0.1600390
-0.1496007
-0.1311568
-0.1152539
-0.1111032
-0.1182010
-0.1270904
-0.1287707
-0.1229577
-0.1167892
-0.1162254
-0.1199545
-0.1217083
-0.1170364
-0.1067725
-0.0950064
-0.0858761
-0.0826751
-0.0875065
-0.0989925
-0.1107068
-0.1151412
-0.1114170
-0.1076058
-0.1125137
-0.1248281
-0.1329119
-0.1270202
-0.1103364
-0.0958813
-0.0931404
-0.1000804
-0.1083684
-0.1131870
-0.1155582
-0.1173420
-0.1185455
-0.1204203
-0.1268463
-0.1385429
-0.1474545
-0.1421872
-0.1215024
-0.0995134
-0.0935763
-0.1068987
-0.1256763
-0.1340512
-0.1296474
-0.1230981
-0.1246260
-0.1342167
-0.1444590
-0.1492291
-0.1474156
-0.1405226
-0.1306522
-0.1216030
-0.1187701
-0.1248180
-0.1356157
-0.1428353
-0.1420083
-0.1374222
-0.1379477
-0.1477802
-0.1615867
-0.1688954
-0.1634008
-0.1485592
-0.1346704
-0.1302830
-0.1355484
-0.1432963
-0.1466138
-0.1455324
-0.1461246
-0.1529216
-0.1627082
-0.1664834
-0.1575442
-0.1370064
-0.1113619
-0.0859837
-0.0625181
-0.0421098
-0.0283348
-0.0241899
-0.0260689
-0.0231364
-0.0051886
0.0281248
0.0664886
0.0976891
0.1169980
