-0.0918532
-0.0731677
-0.1121732
-0.1452102
-0.1509726
-0.1543753
-0.1657900
-0.1727529
-0.1794076
-0.2030203
-0.2349205
-0.2477935
-0.2414167
-0.2445474
-0.2700727
-0.2996870
-0.3155051
-0.3204568
-0.3244948
-0.3317578
-0.3430554
-0.3544876
-0.3547566
-0.3377308
-0.3134266
-0.2936108
-0.2733989
-0.2407605
-0.1964908
-0.1502583
-0.1040039
-0.0536090
-0.0004262
0.0536418
0.1190170
0.2151201
0.3573219
0.5532853
0.8012321
1.0760165
1.3184016
1.4521143
1.4239099
1.2392861
0.9698974
0.7195159
0.5587479
0.4778923
0.4093323
0.3025007
0.1717507
0.0701180
0.0287656
0.0297845
0.0296680
-0.0000329
-0.0523623
-0.0982793
-0.1186648
-0.1223411
-0.1317930
-0.1568853
-0.1894415
-0.2193447
-0.2459049
-0.2735242
-0.3042645
-0.3356159
-0.3604392
-0.3708349
-0.3681938
-0.3671086
-0.3817254
-0.4086800
-0.4300009
-0.4328964
-0.4211817
-0.4065810
-0.3927945
-0.3697472
-0.3238403
-0.2558635
-0.1872445
-0.1418345
-0.1197407
-0.0967212
-0.0540362
-0.0024176
0.0301659
0.0311697
0.0182821
0.0228300
0.0611349
0.1203814
0.1710535
0.1954258
0.2044102
0.2236854
0.2639587
0.3096933
0.3376575
0.3415801
0.3367584
0.3439410
0.3700225
0.4019806
0.4193524
0.4144834
0.3990832
0.3884891
0.3828024
0.3687353
0.3380863
0.2980205
0.2624014
0.2374088
0.2167553
0.1883899
0.1456864
0.0938430
0.0446038
0.0035246
-0.0354154
-0.0808094
-0.1320754
-0.1793158
-0.2132446
-0.2335652
-0.2493819
-0.2722504
-0.3060174
-0.3424169
-0.3696488
-0.3855364
-0.3971076
-0.4052052
-0.3957133
-0.3526015
-0.2789266
-0.2003250
-0.1453274
-0.1218616
-0.1132136
-0.0980200
-0.0741280
-0.0594623
-0.0673690
-0.0860062
-0.0889170
-0.0650858
-0.0317717
-0.0155432
-0.0250648
-0.0452759
-0.0558584
-0.0525796
-0.0500402
-0.0636314
-0.0899049
-0.1079122
-0.1016862
-0.0786144
-0.0623996
-0.0691128
-0.0927962
-0.1137168
-0.1183471
-0.1112766
-0.1084742
-0.1186560
-0.1324535
-0.1329853
-0.1167975
-0.0993655
-0.0975040
-0.1106551
-0.1239707
-0.1278758
-0.1296716
-0.1442892
-0.1754214
-0.2080986
-0.2220140
-0.2130931
-0.1999220
-0.2062796
-0.2380568
-0.2794409
-0.3101196
-0.3226966
-0.3242687
-0.3257071
-0.3307140
-0.3321714
-0.3176280
-0.2805044
-0.2274802
-0.1740546
-0.1322631
-0.1029657
-0.0792648
-0.0560696
-0.0361681
-0.0267253
-0.0285173
-0.0292058
-0.0110914
0.0320665
0.0883406
0.1409441
0.1885986
0.2528643
0.3669665
0.5549311
0.8113225
1.0905458
1.3158345
1.4113517
1.3431190
1.1414386
0.8850402
0.6537668
0.4834095
0.3582697
0.2448387
0.1307719
0.0310096
-0.0373628
-0.0761872
-0.1003430
-0.1191836
-0.1315814
-0.1376804
-0.1476432
-0.1734699
-0.2135830
-0.2511741
-0.2719459
-0.2815735
-0.2998495
-0.3359075
-0.3746810
-0.3928225
-0.3853485
-0.3707796
-0.3698296
-0.3837515
-0.3954118
-0.3881787
-0.3603487
-0.3217541
-0.2799115
-0.2330283
-0.1771291
-0.1165458
-0.0631672
-0.0254286
-0.0016053
0.0152136
0.0290701
0.0400062
0.0479956
0.0547920
0.0626985
0.0737156
0.0896629
0.1114685
0.1377551
0.1645712
0.1873734
0.2046246
0.2198202
0.2379336
0.2580470
0.2715438
0.2714149
0.2635737
0.2653722
0.2902294
0.3337269
0.3754292
0.3949823
0.3883193
0.3700215
0.3594301
0.3628272
0.3688423
0.3613957
0.3359667
0.3023772
0.2731885
0.2512143
0.2278520
0.1921584
0.1416146
0.0847012
0.0327468
-0.0106598
-0.0512010
-0.0949488
-0.1395958
-0.1749706
-0.1908919
-0.1845154
-0.1623051
-0.1358848
-0.1138255
-0.0952592
-0.0718993
-0.0376467
0.0035128
0.0392229
0.0583948
0.0601385
0.0542780
0.0524594
0.0573823
0.0609936
0.0542257
0.0376980
0.0212739
0.0136478
0.0141366
0.0145533
0.0075772
-0.0066589
-0.0206827
-0.0260306
-0.0207898
-0.0117366
-0.0089627
-0.0179644
-0.0357833
-0.0533385
-0.0621403
-0.0616625
-0.0613563
-0.0727607
-0.0969779
-0.1212146
-0.1307565
-0.1249384
-0.1194593
-0.1316174
-0.1634489
-0.2001151
-0.2252558
-0.2373116
-0.2493159
-0.2726339
-0.3037686
-0.3296022
-0.3434169
-0.3510946
-0.3608559
-0.3710981
-0.3715324
-0.3549237
-0.3249600
-0.2922433
-0.2639606
-0.2382088
-0.2078102
-0.1684312
-0.1224239
-0.0762340
-0.0365301
-0.0086276
0.0052665
0.0093200
0.0136649
0.0265278
0.0455179
0.0586861
0.0559093
0.0394511
0.0232356
0.0213907
0.0362354
0.0563319
0.0665153
0.0608613
0.0469503
0.0387915
0.0462008
0.0692541
0.1003634
0.1324323
0.1696149
0.2333247
0.3547783
0.5535428
0.8144746
1.0804651
1.2706017
1.3179086
1.2059777
0.9794978
0.7183645
0.4922134
0.3282161
0.2128179
0.1189237
0.0316281
-0.0471538
-0.1118984
-0.1653598
-0.2157056
-0.2654135
-0.3086102
-0.3408328
-0.3667140
-0.3932170
-0.4167161
-0.4223383
-0.3988660
-0.3523706
-0.3025354
-0.2652934
-0.2401137
-0.2145660
-0.1802930
-0.1431113
-0.1172687
-0.1112420
-0.1201506
-0.1305980
-0.1310014
-0.1186008
-0.1002229
-0.0872974
-0.0869608
-0.0952489
-0.1000602
-0.0931434
-0.0791248
-0.0709470
-0.0756711
-0.0857154
-0.0853880
-0.0665545
-0.0372280
-0.0137182
-0.0045083
-0.0031553
0.0030329
0.0196708
0.0417195
0.0605365
0.0715268
0.0761442
0.0802801
0.0914991
0.1142786
0.1446585
0.1703126
0.1792799
0.1709290
0.1576014
0.1528846
0.1569666
0.1553205
0.1343846
0.0980359
0.0654308
0.0512891
0.0505668
0.0446764
0.0217607
-0.0111401
-0.0355753
-0.0393926
-0.0266514
-0.0113999
-0.0030905
0.0014862
0.0127274
0.0362391
0.0666265
0.0915102
0.1002454
0.0900946
0.0669208
0.0409511
0.0202042
0.0061699
-0.0047065
-0.0155946
-0.0256801
-0.0315777
-0.0314633
-0.0276005
-0.0250875
-0.0280386
-0.0367399
-0.0485417
-0.0611357
-0.0740667
-0.0872073
-0.0994084
-0.1095071
-0.1174159
-0.1231617
-0.1261014
-0.1268270
-0.1293216
-0.1391074
-0.1581409
-0.1820671
-0.2035487
-0.2190573
-0.2324460
-0.2508972
-0.2763811
-0.3017844
-0.3173544
-0.3216027
-0.3243943
-0.3376573
-0.3628483
-0.3882499
-0.3992802
-0.3918808
-0.3755094
-0.3619974
-0.3511984
-0.3289439
-0.2803454
-0.2044964
-0.1151002
-0.0269660
0.0586436
0.1590809
0.3035421
0.5151039
0.7849312
1.0536132
1.2239493
1.2140807
1.0207526
0.7370724
0.4955166
0.3738372
0.3448987
0.3175096
0.2286559
0.0972736
-0.0077660
-0.0431616
-0.0291885
-0.0186337
-0.0403904
-0.0795309
-0.1061868
-0.1120613
-0.1138139
-0.1273499
-0.1490693
-0.1648589
-0.1703230
-0.1749078
-0.1876740
-0.2062874
-0.2227666
-0.2350498
-0.2475023
-0.2614419
-0.2712105
-0.2727627
-0.2731123
-0.2858836
-0.3155455
-0.3491244
-0.3675635
-0.3652733
-0.3547024
-0.3495364
-0.3461542
-0.3257132
-0.2749277
-0.2021179
-0.1312296
-0.0808825
-0.0499769
-0.0226894
0.0142880
0.0600351
0.1032779
0.1354052
0.1584312
0.1814849
0.2117999
0.2492746
0.2874540
0.3182885
0.3375154
0.3480350
0.3584591
0.3763512
0.4008720
0.4220278
0.4291083
0.4219009
0.4132441
0.4176328
0.4351150
0.4477560
0.4350988
0.3941034
0.3423599
0.3007863
0.2741282
0.2490458
0.2100344
0.1556269
0.0991412
0.0551623
0.0265326
0.0041422
-0.0224061
-0.0554017
-0.0893513
-0.1182432
-0.1414753
-0.1639431
-0.1916174
-0.2263292
-0.2634348
-0.2945229
-0.3135013
-0.3208479
-0.3222529
-0.3232543
-0.3245065
-0.3206967
-0.3034261
-0.2669246
-0.2138738
-0.1569468
-0.1129934
-0.0921394
-0.0897028
-0.0890587
-0.0755546
-0.0500528
-0.0278573
-0.0220896
-0.0285929
-0.0300123
-0.0154273
0.0071729
0.0208536
0.0210416
0.0232718
0.0480236
0.1002287
0.1680262
0.2436188
0.3424433
0.4955633
0.7170901
0.9753033
1.1954412
1.2963139
1.2371038
1.0436806
0.7960102
0.5818661
0.4461074
0.3720610
0.3092290
0.2227449
0.1206920
0.0374540
-0.0057614
-0.0219692
-0.0423240
-0.0839074
-0.1365674
-0.1795721
-0.2057459
-0.2262792
-0.2549039
-0.2925277
-0.3282724
-0.3518655
-0.3623708
-0.3664090
-0.3705279
-0.3750829
-0.3732974
-0.3556237
-0.3170853
-0.2628306
-0.2067631
-0.1625760
-0.1337851
-0.1123223
-0.0884710
-0.0629326
-0.0477062
-0.0533297
-0.0753385
-0.0947998
-0.0934356
-0.0689846
-0.0365056
-0.0148337
-0.0106575
-0.0143298
-0.0106753
0.0059333
0.0270755
0.0405101
0.0440778
0.0485891
0.0667654
0.0997347
0.1348994
0.1574236
0.1638842
0.1643991
0.1713748
0.1869440
0.2020881
0.2073275
0.2027596
0.1972280
0.1985445
0.2050221
0.2061315
0.1913423
0.1591470
0.1180543
0.0784662
0.0431733
0.0059070
-0.0406447
-0.0955853
-0.1486279
-0.1880875
-0.2102988
-0.2215913
-0.2312258
-0.2423246
-0.2493196
-0.2434623
-0.2203179
-0.1828426
-0.1390991
-0.0975823
-0.0630760
-0.0351456
-0.0106558
0.0111790
0.0261322
0.0282295
0.0161910
-0.0037023
-0.0217149
-0.0320807
-0.0367901
-0.0422796
-0.0523419
-0.0641613
-0.0711175
-0.0691524
-0.0604244
-0.0515276
-0.0488380
-0.0550076
-0.0685324
-0.0858831
-0.1040754
-0.1212095
-0.1347453
-0.1407018
-0.1366476
-0.1261104
-0.1183927
-0.1217638
-0.1359019
-0.1517925
-0.1604129
-0.1621007
-0.1665206
-0.1819240
-0.2041137
-0.2175213
-0.2091599
-0.1820157
-0.1528571
-0.1330411
-0.1076334
-0.0338015
0.1318282
0.3904664
0.6765674
0.8808052
0.9156829
0.7778352
0.5538357
0.3587639
0.2556961
0.2234665
0.1967590
0.1358145
0.0584883
0.0098027
0.0084604
0.0282183
0.0285487
-0.0043527
-0.0502113
-0.0825956
-0.0963882
-0.1061790
-0.1236472
-0.1436163
-0.1536071
-0.1521285
-0.1520356
-0.1651316
-0.1870997
-0.2008199
-0.1942583
-0.1731084
-0.1552756
-0.1539092
-0.1662494
-0.1782172
-0.1789972
-0.1710871
-0.1665986
-0.1742309
-0.1900769
-0.2009546
-0.1964090
-0.1777992
-0.1567048
-0.1450502
-0.1460747
-0.1535869
-0.1592001
-0.1602581
-0.1610620
-0.1667991
-0.1766218
-0.1829308
-0.1779992
-0.1621343
-0.1453257
-0.1392330
-0.1456829
-0.1531390
-0.1462984
-0.1201521
-0.0836768
-0.0487601
-0.0165075
0.0234442
0.0793932
0.1449251
0.2019028
0.2367636
0.2528249
0.2653928
0.2853024
0.3087279
0.3230839
0.3208659
0.3062738
0.2894021
0.2759106
0.2624438
0.2406549
0.2053133
0.1599371
0.1156177
0.0832490
0.0646647
0.0505739
0.0287714
-0.0034578
-0.0348471
-0.0499681
-0.0452275
-0.0344023
-0.0363151
-0.0565537
-0.0827550
-0.0986220
-0.1011469
-0.1023368
-0.1144486
-0.1357689
-0.1525080
-0.1542049
-0.1455756
-0.1421275
-0.1545733
-0.1787175
-0.2009327
-0.2125633
-0.2180224
-0.2290241
-0.2516532
-0.2791914
-0.2973371
-0.2968062
-0.2815000
-0.2641650
-0.2531571
-0.2433125
-0.2210332
-0.1796714
-0.1297056
-0.0918578
-0.0781793
-0.0797594
-0.0749395
-0.0513896
-0.0196194
-0.0028559
-0.0130933
-0.0386863
-0.0567210
-0.0564123
-0.0483158
-0.0505671
-0.0682737
-0.0880943
-0.0923318
-0.0765278
-0.0529348
-0.0385038
-0.0409587
-0.0554576
-0.0718993
-0.0840141
-0.0928188
-0.1033502
-0.1182228
-0.1334909
-0.1413760
-0.1387504
-0.1328561
-0.1360664
-0.1529676
-0.1738445
-0.1838832
-0.1797308
-0.1747430
-0.1853745
-0.2127035
-0.2399652
-0.2497276
-0.2420493
-0.2337870
-0.2407603
-0.2631182
-0.2885905
-0.3070187
-0.3188310
-0.3303114
-0.3441202
-0.3559845
-0.3585799
-0.3460436
-0.3151141
-0.2650478
-0.1989910
-0.1250307
-0.0536122
0.0075735
0.0562140
0.0934143
0.1210852
0.1430086
0.1681605
0.2116832
0.2924581
0.4294815
0.6360392
0.9076115
1.2066812
1.4602752
1.5854625
1.5356945
1.3352099
1.0692357
0.8313735
0.6676435
0.5611931
0.4658547
0.3544202
0.2389240
0.1507852
0.1059159
0.0891418
0.0695054
0.0284539
-0.0263434
-0.0724110
-0.0956488
-0.1024995
-0.1112227
-0.1332506
-0.1636536
-0.1886665
-0.2009420
-0.2069903
-0.2204706
-0.2489090
-0.2866051
-0.3195328
-0.3370313
-0.3401588
-0.3404398
-0.3504563
-0.3734335
-0.3998538
-0.4144438
-0.4083725
-0.3857373
-0.3576852
-0.3298796
-0.2966559
-0.2484082
-0.1841011
-0.1149847
-0.0554731
-0.0112924
0.0227864
0.0548223
0.0874187
0.1175297
0.1417604
0.1593767
0.1710824
0.1783384
0.1854040
0.1993770
0.2245278
0.2562364
0.2833468
0.2985136
0.3052225
0.3127777
0.3247993
0.3350081
0.3355299
0.3277623
0.3226099
0.3294331
0.3460052
0.3600507
0.3598885
0.3432045
0.3169244
0.2902347
0.2671000
0.2433365
0.2104302
0.1643267
0.1121869
0.0690375
0.0446466
0.0326610
0.0146132
-0.0232405
-0.0770626
-0.1301808
-0.1699887
-0.1983573
-0.2252207
-0.2545571
-0.2792368
-0.2887335
-0.2787029
-0.2521244
-0.2141502
-0.1690648
-0.1215435
-0.0774494
-0.0417728
-0.0171862
-0.0055512
-0.0086810
-0.0247052
-0.0441439
-0.0535165
-0.0461145
-0.0288296
-0.0160004
-0.0157176
-0.0232411
-0.0280072
-0.0251987
-0.0192114
-0.0175585
-0.0239779
-0.0369706
-0.0517020
-0.0617875
-0.0620752
-0.0535571
-0.0456378
-0.0500298
-0.0697999
-0.0953991
-0.1137435
-0.1213435
-0.1268319
-0.1402342
-0.1617298
-0.1824297
-0.1947104
-0.1992145
-0.2019027
-0.2073910
-0.2171229
-0.2319368
-0.2526893
-0.2775797
-0.3016051
-0.3210919
-0.3380168
-0.3574562
-0.3800723
-0.3988330
-0.4048630
-0.3961615
-0.3789076
-0.3596125
-0.3372845
-0.3048453
-0.2582794
-0.2032283
-0.1518361
-0.1133220
-0.0877709
-0.0683226
-0.0482611
-0.0258960
-0.0040980
0.0128521
0.0213899
0.0196070
0.0089688
-0.0039958
-0.0100223
-0.0043754
0.0074651
0.0137338
0.0084586
-0.0006475
0.0014408
0.0218036
0.0521086
0.0780321
0.0957451
0.1178368
0.1641216
0.2501896
0.3856264
0.5760751
0.8144519
1.0627603
1.2485826
1.2963185
1.1783796
0.9422851
0.6832719
0.4808440
0.3526477
0.2626774
0.1691447
0.0633086
-0.0332230
-0.0999624
-0.1398167
-0.1716651
-0.2079889
-0.2451926
-0.2746217
-0.2970075
-0.3215506
-0.3518864
-0.3777158
-0.3835560
-0.3648762
-0.3327593
-0.3017311
-0.2749579
-0.2434740
-0.1993315
-0.1469712
-0.1003949
-0.0704027
-0.0560681
-0.0478671
-0.0368124
-0.0200290
-0.0000924
0.0180002
0.0293977
0.0323072
0.0308809
0.0341017
0.0487350
0.0720543
0.0929386
0.1019043
0.1001126
0.0977198
0.1035582
0.1173316
0.1317747
0.1410026
0.1459499
0.1528027
0.1676841
0.1923988
0.2229916
0.2511049
0.2683926
0.2726353
0.2706153
0.2731526
0.2849096
0.2987022
0.3013953
0.2867752
0.2625027
0.2434411
0.2375861
0.2386754
0.2328692
0.2127091
0.1845294
0.1624162
0.1552341
0.1596449
0.1654280
0.1668622
0.1681810
0.1777868
0.1978325
0.2203301
