0.0634602
0.1003558
0.1390114
0.1722247
0.1987236
0.2245694
0.2574574
0.2987114
0.3411761
0.3758749
0.4007558
0.4219475
0.4459376
0.4713032
0.4891707
0.4918170
0.4801406
0.4625469
0.4469661
0.4338739
0.4161841
0.3855723
0.3401865
0.2879401
0.2421120
0.2112284
0.1909461
0.1663511
0.1249712
0.0694511
0.0167646
-0.0168102
-0.0304683
-0.0381680
-0.0533015
-0.0751694
-0.0912105
-0.0915322
-0.0796723
-0.0688809
-0.0691123
-0.0786125
-0.0875830
-0.0886140
-0.0830867
-0.0784237
-0.0802510
-0.0871770
-0.0923439
-0.0898350
-0.0802803
-0.0707269
-0.0686126
-0.0752371
-0.0851763
-0.0924520
-0.0970844
-0.1048917
-0.1204506
-0.1405190
-0.1550427
-0.1554376
-0.1426820
-0.1276268
-0.1227204
-0.1319146
-0.1473855
-0.1563064
-0.1524766
-0.1427744
-0.1416762
-0.1572575
-0.1812359
-0.1939604
-0.1815651
-0.1492359
-0.1168489
-0.1007979
-0.1003003
-0.1016154
-0.0945236
-0.0830766
-0.0799711
-0.0919123
-0.1121369
-0.1272676
-0.1300385
-0.1245214
-0.1201942
-0.1228967
-0.1316214
-0.1417877
-0.1494733
-0.1527107
-0.1506134
-0.1426504
-0.1288127
-0.1100702
-0.0886068
-0.0677202
-0.0512515
-0.0423431
-0.0418187
-0.0473675
-0.0548162
-0.0611223
-0.0666197
-0.0741774
-0.0856954
-0.0988760
-0.1071114
-0.1031902
-0.0848571
-0.0580587
-0.0340422
-0.0212187
-0.0186616
-0.0179993
-0.0123510
-0.0031957
0.0019690
-0.0016701
-0.0107590
-0.0170383
-0.0148472
-0.0037424
0.0171754
0.0574351
0.1374293
0.2811919
0.5014886
0.7816836
1.0637399
1.2577475
1.2818265
1.1151359
0.8224175
0.5197628
0.2999655
0.1772926
0.0986393
0.0073513
-0.1026888
-0.1912846
-0.2217346
-0.2001518
-0.1665148
-0.1542537
-0.1640471
-0.1741747
-0.1682999
-0.1493070
-0.1305603
-0.1207112
-0.1188356
-0.1202291
-0.1223532
-0.1246773
-0.1258220
-0.1237524
-0.1188976
-0.1152419
-0.1170334
-0.1246034
-0.1339245
-0.1401166
-0.1412291
-0.1391371
-0.1373220
-0.1376477
-0.1389624
-0.1388136
-0.1362851
-0.1324980
-0.1282840
-0.1223156
-0.1120776
-0.0958979
-0.0733390
-0.0446525
-0.0117035
0.0204102
0.0448401
0.0585450
0.0666887
0.0794379
0.1022779
0.1299187
0.1522035
0.1669706
0.1847616
0.2182325
0.2676282
0.3193415
0.3590399
0.3837613
0.4003818
0.4154419
0.4297814
0.4417499
0.4506596
0.4543474
0.4463389
0.4208815
0.3824621
0.3464481
0.3256990
0.3166132
0.3020362
0.2694267
0.2237193
0.1805763
0.1494331
0.1263324
0.1021936
0.0737248
0.0444542
0.0180765
-0.0053834
-0.0266880
-0.0439099
-0.0545016
-0.0602886
-0.0677313
-0.0815878
-0.0992072
-0.1127740
-0.1174433
-0.1164741
-0.1181920
-0.1282080
-0.1441259
-0.1572077
-0.1599977
-0.1538301
-0.1488149
-0.1549153
-0.1723745
-0.1917239
-0.2034954
-0.2068760
-0.2082519
-0.2124758
-0.2172257
-0.2160243
-0.2052897
-0.1871651
-0.1661944
-0.1456971
-0.1287999
-0.1208569
-0.1266929
-0.1438676
-0.1613002
-0.1679071
-0.1630768
-0.1571012
-0.1606355
-0.1742663
-0.1884657
-0.1929242
-0.1853995
-0.1720498
-0.1606142
-0.1545525
-0.1533294
-0.1557525
-0.1607295
-0.1657873
-0.1681507
-0.1686383
-0.1724220
-0.1835851
-0.1992119
-0.2107391
-0.2120398
-0.2055060
-0.1992714
-0.1985013
-0.2003085
-0.1976278
-0.1868662
-0.1702164
-0.1514397
-0.1326943
-0.1167603
-0.1088675
-0.1117344
-0.1185517
-0.1147565
-0.0899861
-0.0481219
-0.0030413
0.0388307
0.0947267
0.2042911
0.4055395
0.6996394
1.0287155
1.2886922
1.3789731
1.2622793
0.9922832
0.6828063
0.4362228
0.2851457
0.1921557
0.1008093
-0.0124042
-0.1278884
-0.2116885
-0.2476561
-0.2457761
-0.2288181
-0.2157853
-0.2143310
-0.2213722
-0.2271689
-0.2217972
-0.2033498
-0.1819413
-0.1729731
-0.1835124
-0.2056747
-0.2249981
-0.2347479
-0.2404604
-0.2512463
-0.2691076
-0.2873297
-0.2973910
-0.2959846
-0.2861034
-0.2731128
-0.2608152
-0.2507709
-0.2433616
-0.2374488
-0.2292537
-0.2141150
-0.1911531
-0.1654207
-0.1437936
-0.1282256
-0.1132128
-0.0899175
-0.0534399
-0.0075609
0.0369550
0.0698239
0.0886674
0.1000048
0.1133274
0.1340479
0.1610672
0.1898747
0.2179685
0.2478821
0.2845401
0.3288790
0.3746844
0.4128519
0.4382187
0.4509852
0.4526396
0.4436970
0.4265052
0.4074215
0.3925429
0.3803953
0.3609703
0.3247403
0.2734616
0.2204176
0.1781675
0.1467224
0.1157773
0.0780432
0.0373438
0.0029053
-0.0208445
-0.0363108
-0.0474028
-0.0565133
-0.0665184
-0.0812866
-0.1012216
-0.1197898
-0.1278908
-0.1232780
-0.1144835
-0.1135485
-0.1248171
-0.1423879
-0.1584444
-0.1711162
-0.1823221
-0.1908856
-0.1923172
-0.1853344
-0.1744752
-0.1645105
-0.1551634
-0.1440820
-0.1336231
-0.1312995
-0.1421205
-0.1617475
-0.1791661
-0.1869252
-0.1878931
-0.1907777
-0.1996615
-0.2099924
-0.2149919
-0.2132192
-0.2079845
-0.2014760
-0.1928272
-0.1820811
-0.1731977
-0.1709177
-0.1747462
-0.1776210
-0.1724591
-0.1608069
-0.1533743
-0.1595111
-0.1761521
-0.1895737
-0.1890299
-0.1770183
-0.1654671
-0.1640082
-0.1734981
-0.1887823
-0.2042466
-0.2160862
-0.2219139
-0.2211794
-0.2165450
-0.2127000
-0.2113218
-0.2074808
-0.1938928
-0.1700697
-0.1450154
-0.1287907
-0.1230236
-0.1219288
-0.1208446
-0.1202342
-0.1219126
-0.1255591
-0.1304807
-0.1375979
-0.1466341
-0.1525223
-0.1481136
-0.1321351
-0.1130190
-0.1024240
-0.1044635
-0.1129688
-0.1198590
-0.1234996
-0.1267104
-0.1298535
-0.1314490
-0.1350957
-0.1486713
-0.1725464
-0.1931740
-0.1951469
-0.1799008
-0.1674354
-0.1765766
-0.2053406
-0.2333389
-0.2429813
-0.2354921
-0.2250175
-0.2201228
-0.2154819
-0.2016797
-0.1780233
-0.1523025
-0.1311476
-0.1155092
-0.1046832
-0.0994785
-0.0994311
-0.1001533
-0.0965341
-0.0881611
-0.0800937
-0.0781409
-0.0837588
-0.0932985
-0.1015025
-0.1050619
-0.1030592
-0.0960622
-0.0869935
-0.0817281
-0.0848688
-0.0934339
-0.0978619
-0.0924145
-0.0835203
-0.0847750
-0.1027483
-0.1288429
-0.1461971
-0.1452230
-0.1327187
-0.1252592
-0.1330995
-0.1513347
-0.1674911
-0.1757293
-0.1808217
-0.1893287
-0.2011743
-0.2113700
-0.2166360
-0.2168918
-0.2108587
-0.1934309
-0.1599446
-0.1134744
-0.0660747
-0.0299835
-0.0067371
0.0131494
0.0390962
0.0727933
0.1161869
0.1869157
0.3199956
0.5455358
0.8554737
1.1858729
1.4349056
1.5131152
1.3955522
1.1374708
0.8396535
0.5885564
0.4148184
0.2958056
0.1923692
0.0865159
-0.0090325
-0.0714996
-0.0942793
-0.0926954
-0.0882160
-0.0921333
-0.1043717
-0.1218756
-0.1428457
-0.1640432
-0.1792656
-0.1841747
-0.1824482
-0.1842658
-0.1958432
-0.2107330
-0.2148607
-0.2019677
-0.1814168
-0.1680199
-0.1663073
-0.1684344
-0.1660567
-0.1591836
-0.1523055
-0.1463588
-0.1382793
-0.1271216
-0.1167481
-0.1105988
-0.1054623
-0.0939495
-0.0748015
-0.0579515
-0.0549973
-0.0645905
-0.0715634
-0.0626110
-0.0399561
-0.0171536
-0.0036444
0.0038308
0.0160663
0.0408512
0.0774790
0.1190766
0.1587218
0.1936565
0.2251792
0.2565854
0.2917758
0.3332305
0.3783837
0.4189476
0.4472155
0.4638438
0.4774995
0.4963165
0.5207871
0.5441891
0.5576306
0.5551413
0.5373411
0.5121349
0.4902984
0.4776956
0.4699591
0.4542543
0.4180215
0.3594730
0.2910146
0.2302299
0.1853895
0.1503555
0.1139324
0.0719767
0.0294813
-0.0059817
-0.0301317
-0.0437323
-0.0524174
-0.0643909
-0.0846085
-0.1091855
-0.1266496
-0.1271203
-0.1122546
-0.0961359
-0.0937326
-0.1062337
-0.1192908
-0.1185478
-0.1059767
-0.0976887
-0.1061011
-0.1279151
-0.1498921
-0.1622190
-0.1640821
-0.1593812
-0.1509793
-0.1394816
-0.1254436
-0.1106594
-0.0963755
-0.0813365
-0.0639782
-0.0468197
-0.0357410
-0.0331364
-0.0340867
-0.0316113
-0.0241195
-0.0157803
-0.0115593
-0.0143649
-0.0250343
-0.0412967
-0.0568789
-0.0649227
-0.0639377
-0.0595377
-0.0592330
-0.0648559
-0.0699159
-0.0656281
-0.0510641
-0.0363729
-0.0335751
-0.0443854
-0.0592851
-0.0680327
-0.0682964
-0.0645122
-0.0622584
-0.0647605
-0.0713403
-0.0771143
-0.0763710
-0.0684318
-0.0594280
-0.0571103
-0.0639802
-0.0752396
-0.0827129
-0.0813814
-0.0734238
-0.0659353
-0.0643647
-0.0686780
-0.0751804
-0.0794028
-0.0770515
-0.0664776
-0.0529093
-0.0465360
-0.0518774
-0.0606487
-0.0596984
-0.0462697
-0.0320431
-0.0308403
-0.0440349
-0.0593332
-0.0635906
-0.0559391
-0.0473272
-0.0473362
-0.0540362
-0.0587259
-0.0577275
-0.0550466
-0.0548257
-0.0570871
-0.0619184
-0.0719811
-0.0871303
-0.1000933
-0.1023370
-0.0942687
-0.0869015
-0.0919518
-0.1102510
-0.1305576
-0.1409600
-0.1414179
-0.1429872
-0.1539179
-0.1692001
-0.1755299
-0.1637965
-0.1345189
-0.0948561
-0.0551467
-0.0263866
-0.0147093
-0.0159409
-0.0181907
-0.0120433
0.0016045
0.0134785
0.0154305
0.0089355
0.0043718
0.0106905
0.0260002
0.0401099
0.0456470
0.0436726
0.0388491
0.0336111
0.0284154
0.0234107
0.0170294
0.0058823
-0.0106673
-0.0270212
-0.0350012
-0.0314493
-0.0220510
-0.0177957
-0.0263228
-0.0448260
-0.0620673
-0.0692257
-0.0682187
-0.0679917
-0.0741497
-0.0842079
-0.0910953
-0.0886279
-0.0756205
-0.0585434
-0.0492412
-0.0558977
-0.0752494
-0.0956747
-0.1083555
-0.1146595
-0.1235257
-0.1423818
-0.1687053
-0.1890913
-0.1888172
-0.1648068
-0.1286635
-0.0962401
-0.0754007
-0.0635290
-0.0535569
-0.0410312
-0.0280473
-0.0219128
-0.0278286
-0.0416971
-0.0522205
-0.0511555
-0.0400572
-0.0272319
-0.0205329
-0.0226079
-0.0294757
-0.0329552
-0.0276423
-0.0168040
-0.0093392
-0.0100942
-0.0144840
-0.0125381
0.0027791
0.0296523
0.0574118
0.0738626
0.0761922
0.0761395
0.0954819
0.1590183
0.2902280
0.5027214
0.7828495
1.0770544
1.3033591
1.3872452
1.3002654
1.0765070
0.7952045
0.5380563
0.3486911
0.2227224
0.1313250
0.0526212
-0.0151621
-0.0614012
-0.0778384
-0.0682319
-0.0477924
-0.0335430
-0.0339592
-0.0470968
-0.0661298
-0.0839487
-0.0949039
-0.0979072
-0.0987545
-0.1050877
-0.1174561
-0.1280746
-0.1292166
-0.1206901
-0.1093023
-0.1035186
-0.1080233
-0.1202543
-0.1318631
-0.1356933
-0.1316336
-0.1253057
-0.1231198
-0.1295064
-0.1448333
-0.1622897
-0.1697125
-0.1595029
-0.1367119
-0.1146330
-0.1023381
-0.0970557
-0.0869154
-0.0607501
-0.0185432
0.0263162
0.0585091
0.0764926
0.0938964
0.1237728
0.1648058
0.2049765
0.2354037
0.2578802
0.2810249
0.3113875
0.3473926
0.3811752
0.4069290
0.4263126
0.4442307
0.4620870
0.4787450
0.4952096
0.5123502
0.5246163
0.5220386
0.5001720
0.4647404
0.4257146
0.3891322
0.3541393
0.3153022
0.2684283
0.2164484
0.1684825
0.1309970
0.1013396
0.0716605
0.0369748
-0.0020426
-0.0405402
-0.0710440
-0.0871987
-0.0899275
-0.0880738
-0.0901554
-0.0966787
-0.1013698
-0.0973447
-0.0818275
-0.0591927
-0.0407290
-0.0365787
-0.0449821
-0.0526991
-0.0484814
-0.0338985
-0.0197949
-0.0146675
-0.0172550
-0.0182724
-0.0097254
0.0048845
0.0107589
-0.0042540
-0.0365994
-0.0707341
-0.0939596
-0.1042817
-0.1070330
-0.1098334
-0.1193182
-0.1360469
-0.1513695
-0.1535951
-0.1389121
-0.1150939
-0.0956147
-0.0911986
-0.1036642
-0.1245451
-0.1415585
-0.1489496
-0.1500286
-0.1492975
-0.1464216
-0.1394830
-0.1290897
-0.1164353
-0.1017686
-0.0876734
-0.0794618
-0.0790167
-0.0818382
-0.0831170
-0.0837199
-0.0879279
-0.0978632
-0.1113536
-0.1226503
-0.1252098
-0.1174498
-0.1061973
-0.1014178
-0.1078140
-0.1237856
-0.1455688
-0.1678225
-0.1835664
-0.1906778
-0.1972361
-0.2133176
-0.2368281
-0.2528749
-0.2483643
-0.2243925
-0.1952141
-0.1778164
-0.1799976
-0.1942845
-0.2044997
-0.2010017
-0.1879847
-0.1748781
-0.1647731
-0.1533853
-0.1344137
-0.1028563
-0.0581101
-0.0077781
0.0357938
0.0672111
0.0952974
0.1397757
0.2259319
0.3797583
0.6130797
0.9003809
1.1715730
1.3381899
1.3393418
1.1763238
0.9129528
0.6387971
0.4175244
0.2594777
0.1394436
0.0354294
-0.0532547
-0.1173899
-0.1535213
-0.1665244
-0.1651752
-0.1585373
-0.1526581
-0.1495725
-0.1512860
-0.1618735
-0.1817444
-0.2030759
-0.2161107
-0.2183348
-0.2144210
-0.2104971
-0.2113001
-0.2179366
-0.2243669
-0.2210520
-0.2066036
-0.1915163
-0.1865777
-0.1920235
-0.2010191
-0.2082363
-0.2116040
-0.2112591
-0.2104440
-0.2124265
-0.2135722
-0.2044958
-0.1807782
-0.1483369
-0.1170028
-0.0931308
-0.0779589
-0.0671814
-0.0524216
-0.0294372
-0.0045273
0.0132014
0.0246580
0.0395479
0.0644199
0.0990348
0.1422481
0.1930069
0.2460598
0.2939794
0.3337610
0.3671099
0.3964288
0.4245619
0.4542086
0.4824760
0.5008459
0.5062297
0.5070987
0.5125969
0.5199401
0.5178960
0.4985038
0.4615981
0.4134360
0.3645468
0.3224504
0.2826137
0.2330954
0.1714625
0.1102275
0.0627042
0.0308057
0.0090502
-0.0079387
-0.0252926
-0.0474791
-0.0742834
-0.1023734
-0.1314056
-0.1627115
-0.1933346
-0.2186522
-0.2387130
-0.2538233
-0.2572186
-0.2426257
-0.2173543
-0.1975571
-0.1908978
-0.1917965
-0.1915269
-0.1851882
-0.1721994
-0.1584160
-0.1545534
-0.1646677
-0.1793560
-0.1864474
-0.1838257
-0.1769635
-0.1712367
-0.1724163
-0.1859026
-0.2079767
-0.2255687
-0.2315694
-0.2330566
-0.2392215
-0.2498136
-0.2602312
-0.2682330
-0.2705658
-0.2628907
-0.2482804
-0.2368621
-0.2331358
-0.2319524
-0.2284017
-0.2221591
-0.2123996
-0.1998284
-0.1929262
-0.1990527
-0.2092916
-0.2053663
-0.1827168
-0.1556617
-0.1402192
-0.1416758
-0.1556847
-0.1706343
-0.1734899
-0.1647607
-0.1621016
-0.1774519
-0.1976117
-0.2002270
-0.1821989
-0.1599145
-0.1485650
-0.1527815
-0.1692958
-0.1869452
-0.1918260
-0.1825000
-0.1719248
-0.1674665
-0.1604481
-0.1407667
-0.1048514
-0.0393703
0.0861508
0.2953718
0.5783457
0.8875348
1.1461116
1.2670728
1.1992744
0.9740831
0.6924606
0.4534604
0.2982988
0.2131649
0.1601835
0.1040963
0.0345322
-0.0280737
-0.0606236
-0.0688076
-0.0760660
-0.0910418
-0.1073880
-0.1258726
-0.1511747
-0.1742834
-0.1831238
-0.1839780
-0.1904883
-0.2015099
-0.2109320
-0.2251688
-0.2482486
-0.2660524
-0.2692812
-0.2745922
-0.2991416
-0.3324101
-0.3549504
-0.3640897
-0.3616683
-0.3423222
-0.3137348
-0.2993233
-0.3014474
-0.2939565
-0.2682900
-0.2490611
-0.2464413
-0.2359082
-0.2041195
-0.1695257
-0.1397358
-0.0977516
-0.0469108
-0.0156107
-0.0024743
0.0251190
0.0673186
0.0923585
0.1068995
0.1485123
0.2035362
0.2231679
0.2254106
0.2729300
0.3426571
0.3484623
0.3110525
0.3452189
0.4296403
0.3688587
0.0840553
