-0.1667597
-0.1198349
-0.0784101
-0.0630081
-0.0594929
-0.0419582
-0.0090737
0.0182233
0.0279813
0.0292083
0.0342616
0.0437503
0.0511690
0.0524740
0.0480049
0.0408977
0.0351040
0.0312951
0.0256958
0.0165425
0.0090249
0.0090706
0.0146665
0.0179230
0.0125616
-0.0056959
-0.0406105
-0.0850676
-0.1059293
-0.0494858
0.1228968
0.3930314
0.6763123
0.8622654
0.8822390
0.7512812
0.5462799
0.3399612
0.1538113
-0.0297444
-0.2201113
-0.3918617
-0.5027017
-0.5306981
-0.4916561
-0.4233730
-0.3559887
-0.2971576
-0.2416697
-0.1884452
-0.1434676
-0.1092938
-0.0797193
-0.0481634
-0.0174172
0.0029720
0.0082411
0.0049984
0.0059270
0.0181990
0.0368624
0.0500967
0.0516114
0.0468065
0.0455818
0.0509109
0.0573391
0.0599887
0.0614509
0.0683660
0.0830025
0.0998048
0.1101926
0.1105908
0.1057260
0.1034665
0.1064172
0.1098612
0.1082935
0.1020627
0.0963455
0.0952819
0.0988843
0.1044356
0.1087576
0.1094921
0.1060442
0.0997186
0.0921620
0.0835459
0.0726512
0.0586842
0.0428851
0.0282891
0.0172793
0.0089922
0.0004407
-0.0084259
-0.0123447
-0.0065222
0.0052700
0.0120423
0.0072638
-0.0027735
-0.0051899
0.0047416
0.0170926
0.0169478
0.0002808
-0.0212635
-0.0324734
-0.0305113
-0.0266538
-0.0320803
-0.0449424
-0.0537575
-0.0516763
-0.0439646
-0.0412781
-0.0483779
-0.0608624
-0.0714373
-0.0774677
-0.0821964
-0.0896763
-0.0997783
-0.1087630
-0.1141676
-0.1180226
-0.1250706
-0.1384163
-0.1567350
-0.1748915
-0.1876648
-0.1943005
-0.1993780
-0.2075119
-0.2169745
-0.2208364
-0.2158292
-0.2080791
-0.2070245
-0.2133300
-0.2152972
-0.1996077
-0.1657389
-0.1280112
-0.1019718
-0.0895814
-0.0799364
-0.0645131
-0.0483567
-0.0435937
-0.0538100
-0.0690024
-0.0769562
-0.0766306
-0.0777633
-0.0881951
-0.1042582
-0.1148998
-0.1141786
-0.1077009
-0.1059889
-0.1129707
-0.1230618
-0.1294269
-0.1325944
-0.1392249
-0.1535212
-0.1718649
-0.1862061
-0.1917652
-0.1910977
-0.1911857
-0.1970476
-0.2082365
-0.2211148
-0.2333639
-0.2451174
-0.2560168
-0.2628538
-0.2613298
-0.2501303
-0.2330772
-0.2172935
-0.2085253
-0.2067367
-0.2054564
-0.1960365
-0.1737488
-0.1407516
-0.1038963
-0.0697925
-0.0412935
-0.0182659
-0.0021668
0.0007328
-0.0153541
-0.0412560
-0.0411395
0.0391189
0.2386231
0.5419966
0.8665717
1.0962330
1.1463049
1.0133796
0.7698661
0.5071721
0.2758067
0.0715350
-0.1281771
-0.3194444
-0.4638606
-0.5217969
-0.4908675
-0.4110220
-0.3332520
-0.2841968
-0.2586947
-0.2403398
-0.2231960
-0.2132678
-0.2147494
-0.2212082
-0.2217240
-0.2127786
-0.2011562
-0.1951159
-0.1950252
-0.1944744
-0.1895080
-0.1834676
-0.1808601
-0.1783440
-0.1653001
-0.1345392
-0.0907748
-0.0469005
-0.0123644
0.0134664
0.0365554
0.0588704
0.0760019
0.0843066
0.0880345
0.0964189
0.1133225
0.1322690
0.1437898
0.1466704
0.1494133
0.1599817
0.1760775
0.1876683
0.1891578
0.1871992
0.1946184
0.2165206
0.2439822
0.2625900
0.2661818
0.2603867
0.2530552
0.2440328
0.2263319
0.1961697
0.1590675
0.1247793
0.0972345
0.0711132
0.0387633
-0.0005441
-0.0393395
-0.0695366
-0.0897554
-0.1044373
-0.1169982
-0.1256111
-0.1259131
-0.1166939
-0.1020944
-0.0881117
-0.0768091
-0.0639208
-0.0428907
-0.0121411
0.0219372
0.0500767
0.0678004
0.0765938
0.0783071
0.0740647
0.0762364
0.1227708
0.2687703
0.5449147
0.9106195
1.2511539
1.4381092
1.4113394
1.2118768
0.9373867
0.6653412
0.4160803
0.1800341
-0.0345588
-0.1909625
-0.2581273
-0.2455826
-0.1982732
-0.1591637
-0.1412679
-0.1338193
-0.1264382
-0.1208467
-0.1227804
-0.1317210
-0.1425728
-0.1530669
-0.1641146
-0.1735863
-0.1749358
-0.1648085
-0.1495976
-0.1405078
-0.1414065
-0.1441652
-0.1378194
-0.1206064
-0.1000294
-0.0812751
-0.0593098
-0.0252670
0.0206496
0.0659696
0.0968855
0.1109680
0.1177567
0.1275626
0.1414691
0.1528002
0.1566846
0.1558569
0.1566153
0.1610478
0.1652772
0.1649347
0.1600838
0.1536472
0.1464078
0.1356085
0.1187991
0.0977055
0.0770613
0.0596728
0.0436083
0.0248717
0.0022284
-0.0218528
-0.0451479
-0.0689492
-0.0958290
-0.1245849
-0.1493734
-0.1651264
-0.1733236
-0.1811652
-0.1944039
-0.2112366
-0.2238673
-0.2264037
-0.2209095
-0.2151405
-0.2143542
-0.2159882
-0.2126807
-0.1999375
-0.1801550
-0.1592522
-0.1401305
-0.1201276
-0.0950888
-0.0654567
-0.0373400
-0.0170954
-0.0058728
-0.0006798
0.0010372
0.0035043
0.0240093
0.0994326
0.2695747
0.5394297
0.8509846
1.0986232
1.1881073
1.0956736
0.8768474
0.6176254
0.3736507
0.1510871
-0.0624860
-0.2585327
-0.4027726
-0.4655977
-0.4507819
-0.3924461
-0.3275454
-0.2743762
-0.2343883
-0.2061644
-0.1914301
-0.1895089
-0.1932475
-0.1948261
-0.1935948
-0.1943602
-0.1980948
-0.1980733
-0.1874027
-0.1684701
-0.1517093
-0.1444175
-0.1429801
-0.1377806
-0.1243658
-0.1068089
-0.0894421
-0.0683902
-0.0349344
0.0125502
0.0630449
0.1015894
0.1229504
0.1350056
0.1486350
0.1660217
0.1800793
0.1844726
0.1821363
0.1827947
0.1927772
0.2086259
0.2209733
0.2236716
0.2183695
0.2108177
0.2039863
0.1952906
0.1801343
0.1576244
0.1323466
0.1099760
0.0910065
0.0696472
0.0399658
0.0029758
-0.0337119
-0.0641273
-0.0909033
-0.1221440
-0.1606448
-0.1978177
-0.2208005
-0.2261624
-0.2244294
-0.2288962
-0.2408517
-0.2488356
-0.2433935
-0.2296403
-0.2218386
-0.2258622
-0.2305558
-0.2188338
-0.1859732
-0.1441034
-0.1083411
-0.0814553
-0.0549071
-0.0240687
0.0013197
0.0048032
-0.0173084
-0.0420003
-0.0226146
0.0912748
0.3244981
0.6500792
0.9845311
1.2183748
1.2719057
1.1392852
0.8851284
0.5953674
0.3250132
0.0861512
-0.1230042
-0.2878408
-0.3807261
-0.3904286
-0.3403699
-0.2741240
-0.2249018
-0.2003723
-0.1920971
-0.1916367
-0.1950134
-0.1977573
-0.1942182
-0.1843732
-0.1769802
-0.1810437
-0.1940759
-0.2024200
-0.1952660
-0.1765617
-0.1604572
-0.1552703
-0.1544591
-0.1443997
-0.1191222
-0.0852028
-0.0526211
-0.0233910
0.0090245
0.0498031
0.0944100
0.1314178
0.1533058
0.1635275
0.1727038
0.1884001
0.2087621
0.2253230
0.2312615
0.2273146
0.2207022
0.2186310
0.2221235
0.2253574
0.2209742
0.2066056
0.1867152
0.1680323
0.1528014
0.1363754
0.1118266
0.0772760
0.0383479
0.0028367
-0.0267562
-0.0543880
-0.0840429
-0.1135582
-0.1365139
-0.1502607
-0.1603224
-0.1751759
-0.1968045
-0.2180577
-0.2305271
-0.2342090
-0.2373836
-0.2462034
-0.2560115
-0.2551333
-0.2375409
-0.2101658
-0.1864183
-0.1729020
-0.1636465
-0.1476304
-0.1210752
-0.0915547
-0.0703386
-0.0617303
-0.0603467
-0.0579588
-0.0516774
-0.0452894
-0.0438786
-0.0484227
-0.0555905
-0.0618004
-0.0667417
-0.0729381
-0.0821856
-0.0927095
-0.1001210
-0.1014444
-0.0982661
-0.0957221
-0.0980778
-0.1050933
-0.1128101
-0.1181654
-0.1227989
-0.1317525
-0.1478967
-0.1679158
-0.1846659
-0.1939816
-0.1988545
-0.2064010
-0.2206166
-0.2383143
-0.2523303
-0.2586796
-0.2603692
-0.2639346
-0.2722241
-0.2809887
-0.2830149
-0.2755544
-0.2631245
-0.2524821
-0.2448450
-0.2336529
-0.2108932
-0.1762462
-0.1397076
-0.1141001
-0.1040439
-0.1022367
-0.0971154
-0.0844868
-0.0714842
-0.0689094
-0.0798077
-0.0959116
-0.1054969
-0.1044341
-0.0989634
-0.0976307
-0.1015282
-0.1035703
-0.0972292
-0.0849007
-0.0772444
-0.0846145
-0.1077746
-0.1324201
-0.1281737
-0.0548188
0.1190834
0.3883555
0.6934815
0.9363256
1.0300268
0.9500151
0.7441102
0.4920684
0.2505842
0.0315506
-0.1741234
-0.3600987
-0.4961793
-0.5536837
-0.5339021
-0.4690673
-0.3971923
-0.3379435
-0.2904430
-0.2477610
-0.2082683
-0.1739978
-0.1439619
-0.1138982
-0.0823416
-0.0537120
-0.0336057
-0.0221067
-0.0134908
-0.0026334
0.0096197
0.0182772
0.0206597
0.0197350
0.0207434
0.0255386
0.0312582
0.0342918
0.0345066
0.0352235
0.0397207
0.0482668
0.0581182
0.0657312
0.0691621
0.0692021
0.0686546
0.0700294
0.0732055
0.0753409
0.0737906
0.0695075
0.0669044
0.0693771
0.0750382
0.0780807
0.0751560
0.0697319
0.0689567
0.0760952
0.0869715
0.0943129
0.0948680
0.0914514
0.0884913
0.0870837
0.0852170
0.0818327
0.0788311
0.0785131
0.0802877
0.0811543
0.0789892
0.0741293
0.0679788
0.0618718
0.0579716
0.0591922
0.0656732
0.0717123
0.0691487
0.0554117
0.0366477
0.0216307
0.0161058
0.0293803
0.0868068
0.2247364
0.4572119
0.7404193
0.9780711
1.0777510
1.0132407
0.8342756
0.6155281
0.3985155
0.1835276
-0.0304899
-0.2131562
-0.3185935
-0.3308462
-0.2845883
-0.2367932
-0.2207270
-0.2294738
-0.2387482
-0.2369208
-0.2308204
-0.2298709
-0.2333173
-0.2338051
-0.2275146
-0.2165340
-0.2032895
-0.1869239
-0.1658354
-0.1407900
-0.1135629
-0.0841227
-0.0516922
-0.0183800
0.0108141
0.0329399
0.0505559
0.0684187
0.0872853
0.1031123
0.1129561
0.1197697
0.1294790
0.1437641
0.1576895
0.1654004
0.1671961
0.1696586
0.1787624
0.1937873
0.2083945
0.2169325
0.2189365
0.2178945
0.2167585
0.2149648
0.2089659
0.1950539
0.1723689
0.1441850
0.1159573
0.0906245
0.0650837
0.0324074
-0.0107275
-0.0585605
-0.0997122
-0.1275646
-0.1467267
-0.1674149
-0.1928838
-0.2142768
-0.2200413
-0.2099422
-0.1969650
-0.1936903
-0.1982952
-0.1965607
-0.1777713
-0.1461728
-0.1153648
-0.0934357
-0.0766828
-0.0578299
-0.0368930
-0.0216067
-0.0190205
-0.0291261
-0.0437116
-0.0439338
0.0033565
0.1365238
0.3687880
0.6567497
0.9051883
1.0195398
0.9673493
0.7926761
0.5700818
0.3453420
0.1208846
-0.1080284
-0.3159144
-0.4543249
-0.4942278
-0.4538586
-0.3821214
-0.3188836
-0.2745410
-0.2425749
-0.2208939
-0.2151506
-0.2258871
-0.2413558
-0.2468867
-0.2386557
-0.2249758
-0.2148879
-0.2085210
-0.1992150
-0.1823477
-0.1596203
-0.1353461
-0.1109082
-0.0838750
-0.0516256
-0.0148443
0.0224539
0.0559408
0.0841980
0.1092694
0.1338009
0.1573287
0.1758295
0.1858175
0.1890213
0.1920028
0.2000715
0.2116530
0.2197426
0.2196277
0.2146901
0.2136325
0.2217432
0.2353973
0.2453944
0.2452329
0.2356933
0.2217648
0.2061420
0.1864875
0.1590368
0.1242411
0.0879783
0.0565301
0.0303561
0.0035446
-0.0298549
-0.0690464
-0.1067712
-0.1367276
-0.1599506
-0.1825793
-0.2071333
-0.2275434
-0.2346631
-0.2268566
-0.2135014
-0.2066240
-0.2094244
-0.2141503
-0.2110964
-0.1981851
-0.1809742
-0.1646414
-0.1480886
-0.1265039
-0.0985223
-0.0697029
-0.0489570
-0.0417398
-0.0459114
-0.0531960
-0.0551547
-0.0495808
-0.0419952
-0.0399542
-0.0453114
-0.0536238
-0.0618990
-0.0720740
-0.0781665
-0.0475526
0.0732834
0.3142369
0.6306467
0.9035128
1.0104706
0.9140427
0.6849795
0.4356799
0.2280328
0.0449139
-0.1546705
-0.3648448
-0.5250596
-0.5790990
-0.5321394
-0.4453477
-0.3795276
-0.3500753
-0.3337114
-0.3076589
-0.2739893
-0.2489830
-0.2391601
-0.2342409
-0.2210106
-0.1976226
-0.1718461
-0.1484836
-0.1226776
-0.0863629
-0.0391391
0.0091814
0.0468849
0.0703841
0.0857180
0.1006882
0.1164470
0.1274736
0.1295831
0.1267852
0.1289874
0.1425901
0.1639724
0.1828949
0.1922407
0.1939783
0.1957296
0.2024469
0.2121991
0.2196352
0.2222496
0.2225278
0.2245548
0.2295172
0.2346029
0.2354738
0.2292579
0.2155350
0.1952169
0.1689197
0.1365218
0.0984614
0.0575581
0.0190398
-0.0123787
-0.0363398
-0.0575208
-0.0813245
-0.1081348
-0.1323387
-0.1479883
-0.1553239
-0.1603549
-0.1670585
-0.1709084
-0.1621476
-0.1364584
-0.1014223
-0.0708569
-0.0525206
-0.0425099
-0.0322633
-0.0195058
-0.0100155
-0.0086879
-0.0122172
-0.0138588
-0.0138663
-0.0182915
-0.0207916
0.0135157
0.1358340
0.3715172
0.6815427
0.9679377
1.1280600
1.1164609
0.9632755
0.7374227
0.4931447
0.2489124
0.0093553
-0.2041601
-0.3530049
-0.4117015
-0.3941353
-0.3453439
-0.3065850
-0.2889215
-0.2787434
-0.2635030
-0.2473747
-0.2425374
-0.2507573
-0.2586681
-0.2516424
-0.2293114
-0.2052101
-0.1918224
-0.1878025
-0.1801970
-0.1578014
-0.1212816
-0.0810191
-0.0468757
-0.0208986
0.0009671
0.0218604
0.0398404
0.0506273
0.0537167
0.0548080
0.0613023
0.0751095
0.0905302
0.1001279
0.1026491
0.1040495
0.1100410
0.1187215
0.1225485
0.1181171
0.1120633
0.1148271
0.1282393
0.1413159
0.1401836
0.1217119
0.0956010
0.0727782
0.0537390
0.0300827
-0.0034473
-0.0412715
-0.0725664
-0.0929778
-0.1085988
-0.1282757
-0.1539338
-0.1797575
-0.1996759
-0.2133201
-0.2240171
-0.2328284
-0.2367824
-0.2330986
-0.2233969
-0.2123904
-0.2028280
-0.1928693
-0.1786267
-0.1584416
-0.1341601
-0.1088148
-0.0838512
-0.0584906
-0.0313460
-0.0034987
0.0181710
0.0213059
-0.0021614
-0.0375692
-0.0355614
0.0719943
0.3248192
0.6862428
1.0402524
1.2503514
1.2420565
1.0432758
0.7501227
0.4521038
0.1844388
-0.0577451
-0.2726868
-0.4296503
-0.4933868
-0.4636051
-0.3835706
-0.3087066
-0.2684162
-0.2567237
-0.2533071
-0.2475514
-0.2429294
-0.2448771
-0.2506719
-0.2518061
-0.2429510
-0.2263707
-0.2085206
-0.1941437
-0.1835800
-0.1740088
-0.1619575
-0.1448089
-0.1208844
-0.0890000
-0.0488253
-0.0024818
0.0442850
0.0839751
0.1122035
0.1312721
0.1479512
0.1667581
0.1857187
0.1995883
0.2069483
0.2125860
0.2219718
0.2344880
0.2440125
0.2464585
0.2449207
0.2457593
0.2503222
0.2527529
0.2468750
0.2336422
0.2196695
0.2084034
0.1948791
0.1708956
0.1347123
0.0936391
0.0563083
0.0237921
-0.0099255
-0.0488919
-0.0885859
-0.1198213
-0.1386455
-0.1505988
-0.1643077
-0.1818214
-0.1968201
-0.2025930
-0.2003297
-0.1979452
-0.2007482
-0.2048918
-0.2014426
-0.1865201
-0.1657109
-0.1475675
-0.1339669
-0.1190578
-0.0982982
-0.0764666
-0.0639800
-0.0647719
-0.0701296
-0.0670538
-0.0526269
-0.0377628
-0.0352945
-0.0457223
-0.0570383
-0.0586181
-0.0529059
-0.0521836
-0.0659311
-0.0935735
-0.1266326
-0.1499871
-0.1362449
-0.0457940
0.1506302
0.4346144
0.7241231
0.9079357
0.9137718
0.7546347
0.5117679
0.2701763
0.0656616
-0.1135738
-0.2839848
-0.4326014
-0.5247145
-0.5390829
-0.4909195
-0.4208885
-0.3643489
-0.3307812
-0.3081669
-0.2822386
-0.2506407
-0.2216328
-0.2025710
-0.1908317
-0.1754189
-0.1470269
-0.1067480
-0.0650228
-0.0317841
-0.0075727
0.0153655
0.0433199
0.0732973
0.0956713
0.1043191
