-0.0438046
-0.0622238
-0.0083905
0.0292955
0.0232062
0.0112237
0.0140709
0.0183884
0.0246686
0.0481584
0.0770313
0.0818249
0.0647179
0.0554286
0.0599229
0.0539014
0.0288470
0.0091226
0.0175236
0.0481727
0.0749076
0.0685213
0.0126458
-0.0758925
-0.1487141
-0.1692863
-0.1512226
-0.1373813
-0.1481752
-0.1667366
-0.1667579
-0.1377890
-0.0900504
-0.0506267
-0.0492451
-0.0923897
-0.1533378
-0.1964896
-0.2072494
-0.1939154
-0.1715756
-0.1524552
-0.1412728
-0.1299121
-0.1042443
-0.0639918
-0.0291629
-0.0217108
-0.0468794
-0.0911038
-0.1223100
-0.0872473
0.0714069
0.3721378
0.7623973
1.1325867
1.3684527
1.4058271
1.2551705
0.9812619
0.6543294
0.3180489
0.0020910
-0.2515931
-0.3977149
-0.4260647
-0.3768319
-0.3100794
-0.2637265
-0.2401596
-0.2239165
-0.2065351
-0.1955673
-0.2007800
-0.2144276
-0.2133938
-0.1852123
-0.1448549
-0.1190085
-0.1188282
-0.1342240
-0.1489672
-0.1531087
-0.1442964
-0.1259970
-0.1055306
-0.0899781
-0.0833010
-0.0863981
-0.0953675
-0.0995423
-0.0882851
-0.0628641
-0.0361397
-0.0173450
-0.0016108
0.0231507
0.0629249
0.1117058
0.1535287
0.1700506
0.1538041
0.1183854
0.0918393
0.0960654
0.1318700
0.1812827
0.2209675
0.2364747
0.2300347
0.2150467
0.1996748
0.1778201
0.1405945
0.0939199
0.0578165
0.0472018
0.0567402
0.0644148
0.0483134
0.0033283
-0.0538499
-0.0972708
-0.1130440
-0.1087513
-0.1018622
-0.1021566
-0.1065827
-0.1064026
-0.0957129
-0.0760254
-0.0556704
-0.0424520
-0.0349937
-0.0242800
-0.0056877
0.0135373
0.0214650
0.0161766
0.0159558
0.0590528
0.1890760
0.4263932
0.7421442
1.0601202
1.2918493
1.3800241
1.3191065
1.1428016
0.8934729
0.6007629
0.2872011
-0.0107420
-0.2394705
-0.3577934
-0.3705734
-0.3264527
-0.2791600
-0.2519464
-0.2366315
-0.2190802
-0.2000463
-0.1920726
-0.2006760
-0.2142581
-0.2162380
-0.2045810
-0.1927398
-0.1904456
-0.1911442
-0.1835673
-0.1706838
-0.1695824
-0.1921075
-0.2295482
-0.2578140
-0.2571595
-0.2278080
-0.1874453
-0.1535304
-0.1290440
-0.1064002
-0.0818781
-0.0606725
-0.0476781
-0.0387055
-0.0235651
0.0042454
0.0416049
0.0768420
0.0963115
0.0934118
0.0737264
0.0511725
0.0387468
0.0418784
0.0567696
0.0720470
0.0747723
0.0600963
0.0359255
0.0156821
0.0061026
0.0030155
-0.0026777
-0.0171439
-0.0400660
-0.0655678
-0.0862434
-0.0977396
-0.0999700
-0.0950433
-0.0865814
-0.0809856
-0.0853104
-0.1014080
-0.1242401
-0.1475222
-0.1686982
-0.1867899
-0.1982809
-0.1985885
-0.1874595
-0.1711033
-0.1579141
-0.1508647
-0.1434952
-0.1258584
-0.0974684
-0.0725600
-0.0674749
-0.0819012
-0.0968897
-0.0943823
-0.0771276
-0.0668202
-0.0818185
-0.1167372
-0.1449914
-0.1438708
-0.1180774
-0.0962058
-0.1025058
-0.1346455
-0.1708225
-0.1941156
-0.2042577
-0.2075901
-0.2035913
-0.1860516
-0.1550631
-0.1226022
-0.1030937
-0.0989060
-0.0984297
-0.0909858
-0.0815518
-0.0863008
-0.1131356
-0.1504515
-0.1766023
-0.1778537
-0.1567263
-0.1273301
-0.1055097
-0.1001295
-0.1087743
-0.1208156
-0.1265740
-0.1249749
-0.1230303
-0.1283418
-0.1415688
-0.1554233
-0.1616922
-0.1600546
-0.1588347
-0.1658615
-0.1799316
-0.1926345
-0.1966996
-0.1906348
-0.1778134
-0.1650216
-0.1608681
-0.1708083
-0.1919009
-0.2147884
-0.2324182
-0.2454659
-0.2576096
-0.2660352
-0.2592858
-0.2280637
-0.1796618
-0.1382832
-0.1254335
-0.1387380
-0.1538814
-0.1493508
-0.1265767
-0.1046538
-0.0994566
-0.1105311
-0.1224722
-0.1094841
-0.0369528
0.1303552
0.4045421
0.7475974
1.0703006
1.2718828
1.2960108
1.1560950
0.9095158
0.6114561
0.2948940
-0.0141274
-0.2784022
-0.4569637
-0.5296671
-0.5110133
-0.4406136
-0.3616269
-0.3038688
-0.2771644
-0.2716334
-0.2640826
-0.2336403
-0.1815761
-0.1364701
-0.1312820
-0.1689194
-0.2133189
-0.2206584
-0.1805988
-0.1247722
-0.0954317
-0.1082385
-0.1443689
-0.1734302
-0.1799771
-0.1692882
-0.1535489
-0.1384533
-0.1237345
-0.1106520
-0.1025447
-0.0984513
-0.0917419
-0.0777575
-0.0602888
-0.0482006
-0.0467034
-0.0529270
-0.0584418
-0.0546908
-0.0374139
-0.0085517
0.0246290
0.0527122
0.0688767
0.0738345
0.0771162
0.0906766
0.1181214
0.1506019
0.1752725
0.1875470
0.1937335
0.2026616
0.2170325
0.2328612
0.2449115
0.2509498
0.2507861
0.2422250
0.2198791
0.1801428
0.1276385
0.0750025
0.0353103
0.0151686
0.0139733
0.0260397
0.0414117
0.0477118
0.0364193
0.0098398
-0.0189674
-0.0353417
-0.0341922
-0.0230350
-0.0134509
-0.0095348
-0.0064473
0.0000653
0.0091077
0.0272265
0.0847569
0.2280783
0.4818180
0.8119973
1.1288191
1.3338342
1.3747852
1.2645666
1.0549382
0.7962289
0.5203994
0.2527051
0.0255311
-0.1278483
-0.1927637
-0.1840634
-0.1390427
-0.0998121
-0.0949406
-0.1265936
-0.1706303
-0.1949174
-0.1864524
-0.1638179
-0.1595528
-0.1860788
-0.2197615
-0.2233060
-0.1859201
-0.1374307
-0.1186720
-0.1405181
-0.1774395
-0.1993516
-0.2004385
-0.1928196
-0.1813775
-0.1578627
-0.1207351
-0.0881130
-0.0792278
-0.0853581
-0.0727374
-0.0231537
0.0352484
0.0523706
0.0156052
-0.0268643
-0.0149528
0.0533343
0.1137268
0.1037425
0.0320377
-0.0289761
-0.0188445
0.0501369
0.1103276
0.1102477
0.0611123
0.0140526
0.0023840
0.0149649
0.0217492
0.0119887
0.0002060
0.0010710
0.0091219
0.0060135
-0.0175055
-0.0514543
-0.0776054
-0.0873875
-0.0875749
-0.0900044
-0.0987225
-0.1083782
-0.1127257
-0.1110869
-0.1060345
-0.0977818
-0.0836620
-0.0634465
-0.0440824
-0.0376708
-0.0526843
-0.0855491
-0.1212664
-0.1439308
-0.1477108
-0.1386359
-0.1278729
-0.1244112
-0.1316105
-0.1463897
-0.1604534
-0.1651697
-0.1584739
-0.1473923
-0.1417692
-0.1434226
-0.1417097
-0.1230238
-0.0878868
-0.0572067
-0.0556263
-0.0843423
-0.1125488
-0.1020192
-0.0449009
0.0221208
0.0443279
-0.0034778
-0.0869499
-0.1246992
-0.0358780
0.2092189
0.5670808
0.9381499
1.2116610
1.3149365
1.2421208
1.0453623
0.7934176
0.5289153
0.2592509
-0.0148249
-0.2668129
-0.4459216
-0.5137367
-0.4793267
-0.3962309
-0.3229215
-0.2844729
-0.2694910
-0.2578206
-0.2447001
-0.2381886
-0.2414177
-0.2457077
-0.2411652
-0.2279956
-0.2138725
-0.2027268
-0.1903556
-0.1718771
-0.1505954
-0.1360372
-0.1322708
-0.1303022
-0.1149345
-0.0801238
-0.0368667
-0.0056659
-0.0011052
-0.0216119
-0.0508730
-0.0686884
-0.0640256
-0.0413495
-0.0150080
0.0036271
0.0142045
0.0235919
0.0360800
0.0491953
0.0591069
0.0680306
0.0835168
0.1089115
0.1356089
0.1475379
0.1349974
0.1036599
0.0698850
0.0487125
0.0462341
0.0590371
0.0760279
0.0818951
0.0656738
0.0311826
-0.0022653
-0.0145911
-0.0037123
0.0108798
0.0054551
-0.0259766
-0.0672166
-0.0966117
-0.1058573
-0.1016433
-0.0930525
-0.0830379
-0.0721038
-0.0636628
-0.0606885
-0.0595430
-0.0527528
-0.0388689
-0.0253484
-0.0185999
-0.0135732
0.0015746
0.0285539
0.0510227
0.0509852
0.0371742
0.0544255
0.1577676
0.3698187
0.6573889
0.9453324
1.1539996
1.2324414
1.1699452
0.9875941
0.7230546
0.4205031
0.1273187
-0.1102216
-0.2586556
-0.3116902
-0.2943459
-0.2494455
-0.2135704
-0.1994576
-0.1974294
-0.1927237
-0.1820486
-0.1746223
-0.1790909
-0.1912137
-0.1944558
-0.1722778
-0.1220238
-0.0607991
-0.0182861
-0.0181033
-0.0589231
-0.1118082
-0.1402590
-0.1285970
-0.0935136
-0.0672729
-0.0679841
-0.0854081
-0.0951193
-0.0845169
-0.0627349
-0.0462727
-0.0400590
-0.0360770
-0.0272345
-0.0157723
-0.0061457
0.0049941
0.0257478
0.0559077
0.0816901
0.0871302
0.0700464
0.0438429
0.0228159
0.0085456
-0.0064792
-0.0237665
-0.0328842
-0.0234307
-0.0001120
0.0184370
0.0165356
-0.0049836
-0.0324929
-0.0543169
-0.0696086
-0.0836893
-0.0983788
-0.1100765
-0.1168020
-0.1230983
-0.1347534
-0.1499809
-0.1598526
-0.1589024
-0.1525467
-0.1511381
-0.1574166
-0.1627934
-0.1573898
-0.1422555
-0.1293472
-0.1288124
-0.1379843
-0.1449286
-0.1424164
-0.1356642
-0.1348989
-0.1425315
-0.1506829
-0.1509678
-0.1435829
-0.1353248
-0.1307187
-0.1277371
-0.1222572
-0.1143079
-0.1077122
-0.1038423
-0.0984042
-0.0868070
-0.0720489
-0.0642085
-0.0703549
-0.0863214
-0.1003733
-0.1045013
-0.1001351
-0.0925853
-0.0826244
-0.0669550
-0.0478336
-0.0391281
-0.0577560
-0.1063321
-0.1661535
-0.2109948
-0.2286632
-0.2272333
-0.2206742
-0.2129572
-0.1996839
-0.1820061
-0.1710081
-0.1738967
-0.1797805
-0.1674903
-0.1314779
-0.0952696
-0.0912501
-0.1250057
-0.1652876
-0.1747025
-0.1487170
-0.1191432
-0.1186816
-0.1472406
-0.1762433
-0.1817135
-0.1662201
-0.1478444
-0.1353367
-0.1219204
-0.1023064
-0.0862393
-0.0877989
-0.1043076
-0.1152745
-0.1066889
-0.0911899
-0.0966374
-0.1337875
-0.1806067
-0.2026683
-0.1876437
-0.1559378
-0.1367770
-0.1375135
-0.1400038
-0.1259223
-0.1004117
-0.0873634
-0.1028471
-0.1353137
-0.1491676
-0.1025567
0.0366549
0.2791858
0.6015741
0.9384783
1.1977210
1.3026281
1.2352782
1.0420950
0.7929273
0.5311703
0.2632016
-0.0074011
-0.2462478
-0.3994458
-0.4403159
-0.3984030
-0.3360932
-0.2966868
-0.2781317
-0.2554397
-0.2204874
-0.1928878
-0.1938716
-0.2186983
-0.2410890
-0.2418194
-0.2257527
-0.2094511
-0.1986374
-0.1839380
-0.1570758
-0.1246276
-0.1024358
-0.0988863
-0.1071002
-0.1132141
-0.1092748
-0.0969494
-0.0816514
-0.0668919
-0.0542289
-0.0445580
-0.0364709
-0.0252917
-0.0076249
0.0126724
0.0262009
0.0277580
0.0228668
0.0222812
0.0303482
0.0413365
0.0485273
0.0549515
0.0718018
0.1052046
0.1470924
0.1821499
0.2033557
0.2174749
0.2340672
0.2523445
0.2627798
0.2612205
0.2569901
0.2636531
0.2825760
0.2988407
0.2952765
0.2695650
0.2356400
0.2083990
0.1894911
0.1696868
0.1431105
0.1151856
0.0952845
0.0842476
0.0724308
0.0505999
0.0210726
-0.0032512
-0.0109744
-0.0031598
0.0074174
0.0081114
-0.0001316
0.0032247
0.0533889
0.1850852
0.4110861
0.7045245
0.9992955
1.2147389
1.2919109
1.2172240
1.0192902
0.7474142
0.4520822
0.1782352
-0.0355663
-0.1637662
-0.2054524
-0.1874827
-0.1501418
-0.1242449
-0.1182528
-0.1235289
-0.1283610
-0.1268774
-0.1191233
-0.1078811
-0.0967932
-0.0892167
-0.0866224
-0.0879125
-0.0908649
-0.0940435
-0.0968882
-0.0985799
-0.0981564
-0.0958682
-0.0926360
-0.0867606
-0.0729617
-0.0485139
-0.0213214
-0.0076946
-0.0169712
-0.0381732
-0.0465696
-0.0271797
0.0090351
0.0350626
0.0345278
0.0172630
0.0080564
0.0216829
0.0505102
0.0753838
0.0854703
0.0861117
0.0899931
0.1046284
0.1289209
0.1579848
0.1870943
0.2103357
0.2182155
0.2003022
0.1532662
0.0878000
0.0262389
-0.0107872
-0.0193083
-0.0144986
-0.0164127
-0.0317672
-0.0500889
-0.0578148
-0.0538813
-0.0487307
-0.0490622
-0.0490231
-0.0405857
-0.0294754
-0.0326327
-0.0561098
-0.0812550
-0.0814803
-0.0536974
-0.0256178
-0.0259666
-0.0507311
-0.0668762
-0.0519075
-0.0237696
-0.0242664
-0.0712660
-0.1298054
-0.1311176
-0.0192506
0.2158681
0.5361496
0.8704540
1.1328836
1.2471803
1.1794443
0.9598878
0.6677033
0.3823260
0.1403082
-0.0653003
-0.2486814
-0.3998455
-0.4898437
-0.5018669
-0.4515882
-0.3767384
-0.3107037
-0.2670502
-0.2433411
-0.2317235
-0.2242498
-0.2143271
-0.2000742
-0.1874236
-0.1862570
-0.2004346
-0.2218078
-0.2357156
-0.2331966
-0.2176701
-0.1997611
-0.1863574
-0.1751861
-0.1593055
-0.1355274
-0.1080625
-0.0848796
-0.0712671
-0.0662650
-0.0639313
-0.0575429
-0.0435718
-0.0234199
-0.0026400
0.0119544
0.0167964
0.0156350
0.0188882
0.0359585
0.0656549
0.0947991
0.1087229
0.1042743
0.0917355
0.0836703
0.0834622
0.0861917
0.0890090
0.0961652
0.1108592
0.1240727
0.1167056
0.0762854
0.0110065
-0.0547307
-0.0987861
-0.1148245
-0.1101365
-0.0954915
-0.0802990
-0.0745891
-0.0884019
-0.1238972
-0.1685832
-0.2008929
-0.2063899
-0.1892157
-0.1664969
-0.1514127
-0.1429952
-0.1326363
-0.1180267
-0.1075881
-0.1108814
-0.1272751
-0.1463001
-0.1583763
-0.1626169
-0.1633943
-0.1621613
-0.1564835
-0.1473330
-0.1429852
-0.1512711
-0.1683509
-0.1796430
-0.1749958
-0.1613150
-0.1563243
-0.1684061
-0.1847576
-0.1825071
-0.1528939
-0.1139214
-0.0974566
-0.1214292
-0.1722541
-0.2138302
-0.2161905
-0.1797182
-0.1342097
-0.1133531
-0.1269590
-0.1559580
-0.1740162
-0.1730765
-0.1660069
-0.1649987
-0.1627134
-0.1407072
-0.0967792
-0.0577175
-0.0580214
-0.1041083
-0.1624326
-0.1863939
-0.1568112
-0.0975273
-0.0535691
-0.0547626
-0.0972682
-0.1542913
-0.1999599
-0.2217927
-0.2111672
-0.1440592
0.0222538
0.3203327
0.7262068
1.1378828
1.4127477
1.4489288
1.2486177
0.9087980
0.5479282
0.2347055
-0.0232313
-0.2372409
-0.3988879
-0.4851462
-0.4913816
-0.4462651
-0.3903564
-0.3452966
-0.3079966
-0.2703585
-0.2360535
-0.2153561
-0.2093486
-0.2060476
-0.1929193
-0.1695923
-0.1465290
-0.1337036
-0.1334312
-0.1431974
-0.1611639
-0.1858524
-0.2116358
-0.2284325
-0.2287061
-0.2147794
-0.1974756
-0.1859700
-0.1786215
-0.1645148
-0.1349295
-0.0933504
-0.0533612
-0.0262315
-0.0114456
-0.0003719
0.0119222
0.0213558
0.0223614
0.0180635
0.0192160
0.0324591
0.0526615
0.0692118
0.0780849
0.0841528
0.0917584
0.0978654
0.0981999
0.0970940
0.1041653
0.1188507
0.1242798
0.1042507
0.0663748
0.0404885
0.0474874
0.0718694
0.0729235
0.0272612
-0.0431492
-0.0907075
-0.0905439
-0.0655284
-0.0608639
-0.0960913
-0.1456773
-0.1667914
-0.1427257
-0.0971622
-0.0682529
-0.0722067
-0.0921311
-0.0986011
-0.0778117
-0.0403770
-0.0066412
0.0128756
0.0219895
0.0269804
0.0248582
0.0069474
-0.0258069
-0.0549579
-0.0572512
-0.0281441
0.0085870
0.0184663
-0.0132901
-0.0675447
-0.1069256
-0.1063229
-0.0708028
-0.0284508
-0.0091464
-0.0282909
-0.0835148
-0.1583132
-0.2238679
-0.2385826
-0.1535120
0.0684331
0.4228915
0.8427712
1.2091648
1.4015921
1.3622851
1.1287209
0.8058574
0.4970772
0.2485310
0.0485889
-0.1272741
-0.2752347
-0.3640142
-0.3702779
-0.3083039
-0.2246364
-0.1656626
-0.1494701
-0.1637232
-0.1846194
-0.1961721
-0.1951488
-0.1838269
-0.1629342
-0.1333006
-0.1028439
-0.0877805
-0.1016905
-0.1400261
-0.1768153
-0.1822414
-0.1487252
-0.1002200
-0.0718995
-0.0767422
-0.0917647
-0.0796595
-0.0259125
0.0457735
0.0957251
0.1055067
0.0922728
0.0873362
0.1037910
0.1275590
