-0.1541184
-0.2041197
-0.1374983
0.0335047
0.3071182
0.6633972
1.0021163
1.1831948
1.1420460
0.9302905
0.6469661
0.3649346
0.1167189
-0.0921434
-0.2678370
-0.4043621
-0.4739418
-0.4595776
-0.3899014
-0.3181292
-0.2704681
-0.2359404
-0.2006902
-0.1683226
-0.1473745
-0.1391352
-0.1402358
-0.1444925
-0.1434372
-0.1351655
-0.1285094
-0.1295432
-0.1308120
-0.1233122
-0.1110498
-0.1033447
-0.1003263
-0.0964292
-0.0914623
-0.0884736
-0.0864725
-0.0835207
-0.0815120
-0.0811562
-0.0779258
-0.0685603
-0.0558426
-0.0426929
-0.0277714
-0.0102582
0.0076542
0.0254741
0.0444685
0.0614895
0.0712443
0.0769876
0.0902294
0.1161443
0.1459968
0.1669259
0.1738150
0.1702842
0.1635745
0.1591966
0.1556044
0.1445750
0.1218258
0.0955931
0.0787400
0.0736708
0.0706894
0.0597842
0.0387761
0.0118822
-0.0141681
-0.0341363
-0.0491835
-0.0661003
-0.0880080
-0.1088284
-0.1209845
-0.1252408
-0.1285412
-0.1350741
-0.1435984
-0.1510077
-0.1550810
-0.1561296
-0.1583054
-0.1662382
-0.1784202
-0.1873748
-0.1880545
-0.1824286
-0.1747447
-0.1668737
-0.1597942
-0.1547393
-0.1505748
-0.1440982
-0.1350598
-0.1275127
-0.1244678
-0.1239469
-0.1214908
-0.1147759
-0.1060795
-0.1018196
-0.1074211
-0.1197398
-0.1277456
-0.1253962
-0.1209060
-0.1267460
-0.1414642
-0.1485025
-0.1355116
-0.1113832
-0.1017786
-0.1267657
-0.1781335
-0.2128152
-0.1694370
-0.0009986
0.2939433
0.6576266
0.9852383
1.1652082
1.1360914
0.9244565
0.6266493
0.3418519
0.1136661
-0.0706063
-0.2342811
-0.3726865
-0.4567771
-0.4659911
-0.4122228
-0.3320917
-0.2591132
-0.2058690
-0.1702863
-0.1500345
-0.1442253
-0.1461101
-0.1447826
-0.1366009
-0.1287637
-0.1285762
-0.1332258
-0.1331514
-0.1231730
-0.1077901
-0.0961295
-0.0925902
-0.0923281
-0.0863633
-0.0711535
-0.0514078
-0.0330507
-0.0163323
0.0025326
0.0260624
0.0544149
0.0867489
0.1203673
0.1504198
0.1738301
0.1927060
0.2115056
0.2316443
0.2506749
0.2657929
0.2765081
0.2843750
0.2907142
0.2938835
0.2893844
0.2748120
0.2543079
0.2349705
0.2181810
0.1973493
0.1655661
0.1237399
0.0806021
0.0461099
0.0241794
0.0092056
-0.0101680
-0.0407589
-0.0772773
-0.1068874
-0.1219404
-0.1268642
-0.1324410
-0.1446659
-0.1592156
-0.1659439
-0.1592194
-0.1442446
-0.1318465
-0.1266325
-0.1228125
-0.1131899
-0.0996315
-0.0919226
-0.0968021
-0.1073302
-0.0975360
-0.0245809
0.1551344
0.4550409
0.8309420
1.1846106
1.4067407
1.4335935
1.2757360
0.9979032
0.6713357
0.3433193
0.0451059
-0.1871549
-0.3166646
-0.3354708
-0.2807992
-0.2124900
-0.1717926
-0.1617412
-0.1627601
-0.1606826
-0.1579193
-0.1622174
-0.1718883
-0.1765075
-0.1703891
-0.1597479
-0.1541039
-0.1543938
-0.1536232
-0.1473693
-0.1390377
-0.1343033
-0.1335422
-0.1310937
-0.1207934
-0.1018542
-0.0799914
-0.0624439
-0.0512457
-0.0419550
-0.0292599
-0.0124554
0.0053860
0.0223125
0.0405236
0.0651924
0.1000875
0.1424639
0.1821254
0.2083202
0.2193471
0.2239922
0.2322660
0.2458560
0.2584630
0.2639301
0.2624100
0.2588228
0.2561263
0.2506360
0.2348776
0.2055965
0.1677836
0.1297238
0.0954422
0.0635261
0.0315169
-0.0014168
-0.0351356
-0.0682410
-0.0965712
-0.1150630
-0.1231184
-0.1269833
-0.1349307
-0.1493739
-0.1640270
-0.1699740
-0.1656618
-0.1600014
-0.1631831
-0.1743010
-0.1810639
-0.1733251
-0.1545282
-0.1375715
-0.1310401
-0.1321252
-0.1324216
-0.1279630
-0.1224548
-0.1215869
-0.1255373
-0.1282505
-0.1244884
-0.1163670
-0.1114666
-0.1150682
-0.1256455
-0.1371739
-0.1439400
-0.1439123
-0.1403067
-0.1401515
-0.1484138
-0.1619738
-0.1711347
-0.1690176
-0.1592656
-0.1534211
-0.1601706
-0.1770114
-0.1928721
-0.1997010
-0.2009930
-0.2069778
-0.2211855
-0.2347636
-0.2364012
-0.2259990
-0.2152681
-0.2148407
-0.2233308
-0.2301346
-0.2276644
-0.2193049
-0.2148596
-0.2187715
-0.2244773
-0.2216590
-0.2079172
-0.1909326
-0.1792690
-0.1737242
-0.1687473
-0.1605896
-0.1533407
-0.1583234
-0.1858551
-0.2297771
-0.2523304
-0.1866213
0.0302885
0.4051881
0.8556858
1.2338541
1.4043943
1.3241520
1.0588313
0.7238217
0.4046055
0.1261078
-0.1159565
-0.3114719
-0.4312833
-0.4595569
-0.4189156
-0.3570878
-0.3101701
-0.2823642
-0.2599045
-0.2371020
-0.2225954
-0.2231017
-0.2305838
-0.2306758
-0.2198855
-0.2086023
-0.2073281
-0.2144428
-0.2193878
-0.2154242
-0.2064974
-0.2014592
-0.2033749
-0.2061917
-0.2018294
-0.1886918
-0.1719666
-0.1570391
-0.1449266
-0.1337402
-0.1219154
-0.1089364
-0.0943818
-0.0773281
-0.0561351
-0.0288233
0.0049300
0.0413901
0.0732143
0.0935091
0.1002811
0.0976302
0.0925649
0.0893265
0.0858266
0.0764858
0.0596132
0.0411248
0.0295443
0.0276476
0.0301748
0.0294924
0.0223657
0.0112102
-0.0002284
-0.0116829
-0.0265658
-0.0471832
-0.0704050
-0.0894644
-0.1003608
-0.1054441
-0.1104567
-0.1192207
-0.1314150
-0.1438338
-0.1527642
-0.1563526
-0.1560204
-0.1550837
-0.1549329
-0.1527769
-0.1441693
-0.1283340
-0.1107404
-0.0993120
-0.0967358
-0.0966886
-0.0897844
-0.0744357
-0.0598427
-0.0558751
-0.0612247
-0.0648406
-0.0594327
-0.0504176
-0.0494134
-0.0603600
-0.0745303
-0.0795533
-0.0718355
-0.0594045
-0.0542723
-0.0642379
-0.0900611
-0.1220974
-0.1313124
-0.0666143
0.1219813
0.4380921
0.8091328
1.1095834
1.2307701
1.1443468
0.9082074
0.6141677
0.3273565
0.0684960
-0.1576231
-0.3305409
-0.4186590
-0.4123380
-0.3435740
-0.2666795
-0.2188941
-0.2000277
-0.1871507
-0.1642740
-0.1363939
-0.1182718
-0.1150762
-0.1170959
-0.1118866
-0.0975780
-0.0824608
-0.0738716
-0.0705828
-0.0659773
-0.0562438
-0.0442325
-0.0359781
-0.0342177
-0.0355578
-0.0342923
-0.0287870
-0.0228629
-0.0202088
-0.0187699
-0.0124486
0.0017886
0.0201014
0.0358511
0.0468608
0.0576212
0.0738320
0.0953619
0.1160735
0.1312094
0.1432899
0.1586234
0.1786269
0.1972675
0.2077482
0.2093427
0.2058784
0.1989675
0.1853452
0.1615462
0.1299827
0.0990857
0.0767872
0.0637366
0.0531890
0.0377365
0.0159865
-0.0071755
-0.0259848
-0.0389994
-0.0496929
-0.0625306
-0.0780871
-0.0920289
-0.0999565
-0.1032277
-0.1078486
-0.1163999
-0.1234045
-0.1215769
-0.1115774
-0.1020179
-0.0996101
-0.1033726
-0.1100379
-0.1179946
-0.1146045
-0.0576540
0.1147379
0.4306177
0.8268900
1.1558024
1.2740777
1.1458696
0.8628271
0.5604179
0.3133255
0.1091355
-0.0891882
-0.2738371
-0.3926505
-0.4090889
-0.3461010
-0.2651821
-0.2100896
-0.1797081
-0.1519506
-0.1200835
-0.0976232
-0.0948924
-0.1037404
-0.1086607
-0.1053156
-0.1016298
-0.1034561
-0.1062171
-0.1026406
-0.0941049
-0.0895519
-0.0937242
-0.1008125
-0.1019422
-0.0961506
-0.0900575
-0.0872433
-0.0824387
-0.0685178
-0.0463988
-0.0243081
-0.0076074
0.0073975
0.0281349
0.0561453
0.0850676
0.1082469
0.1262983
0.1453023
0.1681372
0.1903364
0.2061370
0.2167869
0.2297441
0.2492884
0.2704462
0.2838724
0.2856080
0.2802502
0.2745254
0.2691221
0.2578104
0.2343558
0.1992979
0.1592889
0.1205281
0.0844140
0.0497761
0.0172693
-0.0103422
-0.0315973
-0.0481102
-0.0625052
-0.0756733
-0.0866952
-0.0949728
-0.1017619
-0.1092813
-0.1182182
-0.1263953
-0.1304603
-0.1289848
-0.1234758
-0.1164543
-0.1094219
-0.1030558
-0.0985335
-0.0976368
-0.1011669
-0.1071045
-0.1104246
-0.1058078
-0.0920614
-0.0740220
-0.0587223
-0.0488128
-0.0404580
-0.0285511
-0.0134664
-0.0013088
0.0030449
0.0017828
0.0003020
-0.0038226
-0.0241866
-0.0689805
-0.1140183
-0.0956081
0.0549892
0.3523944
0.7227758
1.0325005
1.1660683
1.0939706
0.8770024
0.6087225
0.3508354
0.1157212
-0.1015984
-0.2874325
-0.4094492
-0.4467499
-0.4120798
-0.3426194
-0.2727296
-0.2175001
-0.1778507
-0.1530845
-0.1439416
-0.1466762
-0.1513351
-0.1496493
-0.1424375
-0.1357665
-0.1305563
-0.1199254
-0.0983977
-0.0709686
-0.0498240
-0.0421177
-0.0431762
-0.0427420
-0.0365833
-0.0300101
-0.0295906
-0.0332543
-0.0310459
-0.0162476
0.0060907
0.0235342
0.0288573
0.0268593
0.0284119
0.0388750
0.0533032
0.0629196
0.0654865
0.0682676
0.0800700
0.1007970
0.1202701
0.1281533
0.1242713
0.1180836
0.1182464
0.1239114
0.1269670
0.1222519
0.1141226
0.1116521
0.1174765
0.1232705
0.1179991
0.0999455
0.0782295
0.0618100
0.0492907
0.0319225
0.0059933
-0.0206967
-0.0365544
-0.0394587
-0.0399720
-0.0501758
-0.0706456
-0.0906917
-0.1014384
-0.1058508
-0.1136849
-0.1280450
-0.1403609
-0.1398706
-0.1262073
-0.1106093
-0.1048331
-0.1102789
-0.1186632
-0.1224036
-0.1225341
-0.1255166
-0.1335692
-0.1407741
-0.1400804
-0.1328612
-0.1291233
-0.1370445
-0.1528698
-0.1626034
-0.1549467
-0.1327911
-0.1109552
-0.1016496
-0.1027377
-0.1015988
-0.0902197
-0.0743677
-0.0667584
-0.0727494
-0.0850876
-0.0929302
-0.0939680
-0.0957996
-0.1056866
-0.1210649
-0.1318376
-0.1314996
-0.1240160
-0.1189262
-0.1211506
-0.1272729
-0.1312854
-0.1319569
-0.1335799
-0.1401870
-0.1499835
-0.1559115
-0.1521233
-0.1402559
-0.1288858
-0.1258476
-0.1308328
-0.1361988
-0.1354017
-0.1297266
-0.1252194
-0.1226338
-0.1124628
-0.0835652
-0.0390498
-0.0020965
-0.0011324
-0.0435623
-0.0996759
-0.1106676
-0.0164843
0.2117151
0.5491374
0.9157723
1.2018565
1.3148312
1.2244811
0.9759147
0.6583580
0.3516213
0.0909799
-0.1258586
-0.3050143
-0.4338159
-0.4907402
-0.4727209
-0.4075756
-0.3377168
-0.2917981
-0.2708252
-0.2582402
-0.2406471
-0.2191456
-0.2034672
-0.1981747
-0.1962287
-0.1860212
-0.1637084
-0.1376768
-0.1205510
-0.1168915
-0.1188946
-0.1142726
-0.0981886
-0.0769470
-0.0599306
-0.0491868
-0.0385052
-0.0224462
-0.0040082
0.0082484
0.0098531
0.0054351
0.0038154
0.0093601
0.0191609
0.0282108
0.0357771
0.0455605
0.0600847
0.0766138
0.0896076
0.0964402
0.0994110
0.1022025
0.1056669
0.1078288
0.1074669
0.1068336
0.1104885
0.1212431
0.1368806
0.1507682
0.1562194
0.1511386
0.1390967
0.1259195
0.1145326
0.1024293
0.0844685
0.0591309
0.0320640
0.0120402
0.0022443
-0.0037746
-0.0159349
-0.0369555
-0.0587592
-0.0704028
-0.0694479
-0.0646495
-0.0669018
-0.0779864
-0.0891989
-0.0912534
-0.0844615
-0.0781001
-0.0802515
-0.0897023
-0.0981230
-0.0988092
-0.0920522
-0.0824722
-0.0727856
-0.0613732
-0.0458332
-0.0278559
-0.0134797
-0.0081473
-0.0119029
-0.0198477
-0.0270602
-0.0325835
-0.0386624
-0.0467044
-0.0546452
-0.0587400
-0.0580625
-0.0565931
-0.0596981
-0.0681723
-0.0768695
-0.0804516
-0.0800790
-0.0827362
-0.0930523
-0.1067309
-0.1137228
-0.1085259
-0.0964934
-0.0887711
-0.0909868
-0.0981492
-0.1014297
-0.0988393
-0.0973574
-0.1043105
-0.1183710
-0.1305330
-0.1336299
-0.1296988
-0.1275817
-0.1338653
-0.1467864
-0.1589985
-0.1656111
-0.1685021
-0.1722537
-0.1766602
-0.1750452
-0.1614060
-0.1391274
-0.1210574
-0.1190553
-0.1327010
-0.1492593
-0.1561767
-0.1535679
-0.1529581
-0.1632008
-0.1793118
-0.1871461
-0.1787236
-0.1607586
-0.1470403
-0.1439209
-0.1454024
-0.1424431
-0.1346250
-0.1302916
-0.1354525
-0.1451717
-0.1480436
-0.1386390
-0.1233778
-0.1131444
-0.1112935
-0.1106265
-0.1027793
-0.0902367
-0.0881215
-0.1115266
-0.1561900
-0.1869686
-0.1460102
0.0182184
0.3141354
0.6855037
1.0248662
1.2216820
1.2184474
1.0370653
0.7567939
0.4622178
0.2020882
-0.0138436
-0.1889755
-0.3169718
-0.3834437
-0.3845617
-0.3384991
-0.2765992
-0.2241115
-0.1893164
-0.1678056
-0.1526731
-0.1395892
-0.1261288
-0.1113870
-0.0977051
-0.0902299
-0.0920461
-0.0996230
-0.1047283
-0.1018700
-0.0933255
-0.0859321
-0.0831528
-0.0815639
-0.0757917
-0.0658143
-0.0576659
-0.0565846
-0.0608112
-0.0634498
-0.0601895
-0.0537882
-0.0499504
-0.0491923
-0.0442740
-0.0269920
0.0025344
0.0345896
0.0587818
0.0737330
0.0867525
0.1038823
0.1218129
0.1311861
0.1277654
0.1186649
0.1159151
0.1237782
0.1337988
0.1336893
0.1208211
0.1053733
0.0991832
0.1022725
0.1019869
0.0861179
0.0561903
0.0267660
0.0112600
0.0088063
0.0055504
-0.0112568
-0.0410897
-0.0720335
-0.0935630
-0.1059317
-0.1168462
-0.1307613
-0.1436202
-0.1484763
-0.1446083
-0.1391989
-0.1397238
-0.1459489
-0.1505603
-0.1472322
-0.1366292
-0.1240692
-0.1127738
-0.1010937
-0.0861416
-0.0684028
-0.0517595
-0.0396462
-0.0321687
-0.0270939
-0.0236205
-0.0258730
-0.0425506
-0.0792522
-0.1239536
-0.1356691
-0.0531017
0.1695961
0.5187760
0.9063834
1.2066296
1.3236429
1.2390678
1.0050938
0.6977717
0.3768366
0.0806028
-0.1582903
-0.3089030
-0.3592480
-0.3318570
-0.2734039
-0.2239331
-0.1949184
-0.1750965
-0.1527648
-0.1289286
-0.1110889
-0.1007159
-0.0912230
-0.0770839
-0.0610330
-0.0505021
-0.0485998
-0.0509443
-0.0515593
-0.0498943
-0.0502363
-0.0546215
-0.0585671
-0.0555199
-0.0449619
-0.0340397
-0.0299831
-0.0318908
-0.0318775
-0.0246490
-0.0139810
-0.0075901
-0.0060128
0.0004673
0.0215324
0.0544925
0.0851923
0.1024034
0.1093640
0.1188581
0.1377903
0.1598632
0.1749642
0.1833444
0.1966940
0.2240437
0.2588896
0.2829371
0.2827940
0.2614236
0.2327353
0.2067109
0.1816714
0.1504272
0.1112454
0.0708678
0.0374018
0.0121600
-0.0106297
-0.0368428
-0.0663194
-0.0937647
-0.1148773
-0.1307770
-0.1463955
-0.1651021
-0.1852499
-0.2016836
-0.2102288
-0.2109462
-0.2077669
-0.2053991
-0.2061970
-0.2092072
-0.2117480
-0.2119553
-0.2099621
-0.2065703
-0.2009259
-0.1903576
-0.1735932
-0.1540196
-0.1379193
-0.1276099
-0.1167655
-0.0952545
-0.0609316
-0.0262564
-0.0105646
-0.0225238
-0.0469075
-0.0455201
0.0290672
0.2133293
0.5106848
0.8740454
1.2075884
1.4009158
1.3857352
1.1768823
0.8608012
0.5361018
0.2557228
0.0191430
-0.1874322
-0.3522929
-0.4430203
-0.4448598
-0.3854111
-0.3165378
-0.2737283
-0.2559769
-0.2427159
-0.2232683
-0.2058875
-0.2021721
-0.2105877
-0.2188185
-0.2188930
-0.2148901
-0.2148888
-0.2186894
-0.2164660
-0.1992295
-0.1685326
-0.1349482
-0.1078764
-0.0878434
-0.0685594
-0.0454138
-0.0210569
-0.0024191
0.0075315
0.0145441
0.0288386
0.0553909
0.0884129
0.1161680
0.1317890
0.1390857
0.1472917
0.1606245
0.1742580
0.1809642
0.1803949
0.1799927
0.1864518
0.1978355
0.2056242
0.2041457
0.1961943
0.1884726
0.1827808
0.1737291
0.1554923
0.1290948
0.1013541
0.0770622
