-0.1748171
-0.1860381
-0.1847348
-0.1815713
-0.1835381
-0.1858553
-0.1820684
-0.1718974
-0.1589267
-0.1484506
-0.1468911
-0.1556782
-0.1660123
-0.1666171
-0.1568565
-0.1466688
-0.1441016
-0.1481648
-0.1530866
-0.1541511
-0.1496777
-0.1421383
-0.1372368
-0.1378150
-0.1392241
-0.1348634
-0.1259066
-0.1211314
-0.1260312
-0.1350092
-0.1361218
-0.1232863
-0.1035630
-0.0911643
-0.0921781
-0.0967764
-0.0919028
-0.0824736
-0.0921287
-0.1348792
-0.1861318
-0.1865916
-0.0778671
0.1617261
0.5060449
0.8928218
1.2426983
1.4770604
1.5369115
1.4037329
1.1115111
0.7348068
0.3545672
0.0265976
-0.2240277
-0.3884299
-0.4647557
-0.4644332
-0.4174353
-0.3605130
-0.3165854
-0.2863820
-0.2595052
-0.2312283
-0.2075755
-0.1959348
-0.1943862
-0.1931103
-0.1856305
-0.1751590
-0.1683485
-0.1658328
-0.1622382
-0.1542139
-0.1447412
-0.1388121
-0.1372554
-0.1362467
-0.1320983
-0.1254414
-0.1201101
-0.1175735
-0.1133060
-0.1007446
-0.0796096
-0.0583856
-0.0466055
-0.0452537
-0.0463598
-0.0420174
-0.0325151
-0.0248181
-0.0232611
-0.0229195
-0.0141793
0.0051966
0.0247233
0.0311834
0.0240535
0.0177537
0.0266324
0.0494520
0.0710401
0.0789127
0.0762377
0.0773925
0.0914655
0.1116412
0.1217738
0.1126902
0.0903265
0.0678272
0.0521856
0.0404057
0.0267898
0.0106165
-0.0037300
-0.0117945
-0.0129322
-0.0103821
-0.0087538
-0.0110636
-0.0170443
-0.0236086
-0.0271638
-0.0265604
-0.0246741
-0.0264412
-0.0338494
-0.0429107
-0.0472406
-0.0450810
-0.0410820
-0.0402304
-0.0419214
-0.0422345
-0.0412329
-0.0448277
-0.0573852
-0.0735628
-0.0805930
-0.0710829
-0.0529310
-0.0433916
-0.0512773
-0.0667438
-0.0716797
-0.0600886
-0.0451505
-0.0445797
-0.0609042
-0.0785262
-0.0798256
-0.0619232
-0.0367613
-0.0169899
-0.0057342
-0.0019760
-0.0122140
-0.0486398
-0.1088682
-0.1567171
-0.1287079
0.0307885
0.3294199
0.7113314
1.0778056
1.3303781
1.4094595
1.3083516
1.0624731
0.7292366
0.3727622
0.0545883
-0.1766765
-0.2987163
-0.3235093
-0.2897633
-0.2405591
-0.2011071
-0.1736002
-0.1509746
-0.1329563
-0.1269684
-0.1354784
-0.1478341
-0.1484924
-0.1328295
-0.1121332
-0.1018417
-0.1060221
-0.1147669
-0.1163327
-0.1096055
-0.1029706
-0.1020907
-0.1020725
-0.0935142
-0.0746335
-0.0545922
-0.0442171
-0.0449551
-0.0479763
-0.0435314
-0.0302205
-0.0149312
-0.0043115
0.0027679
0.0137816
0.0341368
0.0612341
0.0870007
0.1051536
0.1152193
0.1204093
0.1233098
0.1243380
0.1236562
0.1232234
0.1257751
0.1313621
0.1355669
0.1322602
0.1186278
0.0974491
0.0747041
0.0552822
0.0403481
0.0275143
0.0131797
-0.0043238
-0.0230114
-0.0388269
-0.0494594
-0.0566573
-0.0645983
-0.0759489
-0.0895627
-0.1020723
-0.1116891
-0.1200002
-0.1293756
-0.1387865
-0.1435271
-0.1401570
-0.1312178
-0.1237652
-0.1227678
-0.1264099
-0.1282364
-0.1238152
-0.1151749
-0.1086681
-0.1084372
-0.1121454
-0.1134280
-0.1084102
-0.0993510
-0.0920464
-0.0905649
-0.0948531
-0.1024432
-0.1111302
-0.1196921
-0.1268306
-0.1305349
-0.1292751
-0.1238834
-0.1175500
-0.1132457
-0.1112496
-0.1097245
-0.1075463
-0.1057874
-0.1061638
-0.1085866
-0.1107879
-0.1104764
-0.1078937
-0.1061798
-0.1087429
-0.1157872
-0.1236156
-0.1278826
-0.1275767
-0.1254849
-0.1248299
-0.1259073
-0.1261336
-0.1230016
-0.1165918
-0.1090859
-0.1020520
-0.0947634
-0.0856217
-0.0748918
-0.0651502
-0.0587122
-0.0550922
-0.0512659
-0.0441002
-0.0326907
-0.0196623
-0.0114704
-0.0168238
-0.0417824
-0.0818803
-0.1150783
-0.1020729
0.0006595
0.2170595
0.5293893
0.8745401
1.1660207
1.3306784
1.3372516
1.1997431
0.9584578
0.6579769
0.3389428
0.0420976
-0.1912174
-0.3316660
-0.3780856
-0.3591951
-0.3157967
-0.2778050
-0.2543312
-0.2406861
-0.2307796
-0.2225379
-0.2152846
-0.2069019
-0.1958339
-0.1842972
-0.1766609
-0.1738578
-0.1710472
-0.1624060
-0.1479740
-0.1345321
-0.1291308
-0.1319175
-0.1354963
-0.1314057
-0.1174926
-0.0992571
-0.0841160
-0.0745000
-0.0667541
-0.0565595
-0.0445895
-0.0359576
-0.0338191
-0.0340103
-0.0271129
-0.0069866
0.0224577
0.0498033
0.0662698
0.0731342
0.0785597
0.0877305
0.0977617
0.1029544
0.1035669
0.1071337
0.1202519
0.1401562
0.1561005
0.1595483
0.1519154
0.1412284
0.1319722
0.1203325
0.1002470
0.0725069
0.0458042
0.0286429
0.0215623
0.0179248
0.0113556
0.0012104
-0.0090480
-0.0172084
-0.0244663
-0.0322169
-0.0382646
-0.0379256
-0.0293096
-0.0166824
-0.0075291
-0.0055074
-0.0059293
0.0009720
0.0197643
0.0403957
0.0404311
0.0033367
-0.0572167
-0.0880869
-0.0179358
0.1978925
0.5383837
0.9148036
1.2117132
1.3442899
1.2929721
1.0965543
0.8185126
0.5171479
0.2364493
0.0101016
-0.1380201
-0.2017774
-0.1988266
-0.1637485
-0.1302354
-0.1155610
-0.1180517
-0.1261499
-0.1294696
-0.1245818
-0.1149970
-0.1077095
-0.1080718
-0.1154872
-0.1237427
-0.1268606
-0.1250734
-0.1239308
-0.1266061
-0.1279428
-0.1181024
-0.0932010
-0.0614300
-0.0367678
-0.0258272
-0.0217058
-0.0115753
0.0103969
0.0387670
0.0647265
0.0860145
0.1075799
0.1334396
0.1601542
0.1795930
0.1875142
0.1880346
0.1891369
0.1946082
0.2013664
0.2043117
0.2021932
0.1977493
0.1929597
0.1858089
0.1723487
0.1513032
0.1258796
0.1009203
0.0785589
0.0569608
0.0334227
0.0085009
-0.0133213
-0.0272929
-0.0326196
-0.0328600
-0.0320953
-0.0309089
-0.0265630
-0.0174488
-0.0069022
-0.0013282
-0.0036413
-0.0092412
-0.0100715
-0.0032366
0.0053626
0.0068533
-0.0015692
-0.0142631
-0.0236089
-0.0277269
-0.0311411
-0.0385872
-0.0496247
-0.0598704
-0.0664841
-0.0710936
-0.0774251
-0.0874631
-0.1006440
-0.1156821
-0.1315655
-0.1466618
-0.1582387
-0.1640301
-0.1642074
-0.1611047
-0.1566338
-0.1501941
-0.1396227
-0.1244358
-0.1077437
-0.0941511
-0.0852907
-0.0777923
-0.0665169
-0.0503601
-0.0346719
-0.0271504
-0.0306005
-0.0397771
-0.0461315
-0.0461111
-0.0441819
-0.0469436
-0.0548353
-0.0611678
-0.0598578
-0.0528305
-0.0483506
-0.0523642
-0.0630969
-0.0747985
-0.0852721
-0.0976237
-0.1145979
-0.1336572
-0.1497797
-0.1621061
-0.1746590
-0.1891382
-0.1993896
-0.1963542
-0.1789393
-0.1575405
-0.1449098
-0.1442048
-0.1474916
-0.1456210
-0.1376149
-0.1295809
-0.1263146
-0.1265820
-0.1268085
-0.1267573
-0.1292167
-0.1347175
-0.1390836
-0.1374159
-0.1294596
-0.1198895
-0.1137728
-0.1127544
-0.1153213
-0.1192252
-0.1227613
-0.1244630
-0.1230777
-0.1188260
-0.1149417
-0.1178108
-0.1343468
-0.1655412
-0.1971025
-0.1935275
-0.1062980
0.0991757
0.4109078
0.7586828
1.0406090
1.1746247
1.1379581
0.9662108
0.7185705
0.4427454
0.1666338
-0.0871147
-0.2892055
-0.4116705
-0.4470797
-0.4168679
-0.3586262
-0.3038654
-0.2652117
-0.2401325
-0.2226409
-0.2106368
-0.2047479
-0.2037319
-0.2031431
-0.1987669
-0.1907438
-0.1837169
-0.1826249
-0.1881829
-0.1962662
-0.2015336
-0.2017250
-0.1987016
-0.1955434
-0.1928906
-0.1885168
-0.1807119
-0.1715686
-0.1657685
-0.1652793
-0.1656642
-0.1591700
-0.1427769
-0.1228192
-0.1096118
-0.1058513
-0.1011625
-0.0808330
-0.0414799
0.0033103
0.0351330
0.0485938
0.0552041
0.0690123
0.0906933
0.1084676
0.1139984
0.1135296
0.1207345
0.1404055
0.1631973
0.1773502
0.1817822
0.1836750
0.1843598
0.1731501
0.1389559
0.0863561
0.0359114
0.0067584
0.0002773
0.0018476
-0.0032683
-0.0182278
-0.0374028
-0.0558454
-0.0722263
-0.0840119
-0.0851741
-0.0722445
-0.0511342
-0.0341510
-0.0288723
-0.0316715
-0.0335821
-0.0311499
-0.0291457
-0.0323690
-0.0369291
-0.0316068
-0.0082514
0.0289138
0.0628744
0.0722183
0.0444673
-0.0096210
-0.0478825
-0.0061877
0.1691965
0.4809814
0.8626085
1.2028736
1.4005734
1.4106353
1.2516577
0.9790581
0.6533444
0.3264411
0.0429442
-0.1612735
-0.2700124
-0.2955064
-0.2712548
-0.2318388
-0.1967450
-0.1700035
-0.1504401
-0.1389093
-0.1366617
-0.1408704
-0.1449454
-0.1432391
-0.1341572
-0.1191306
-0.1009813
-0.0847012
-0.0777621
-0.0856499
-0.1051735
-0.1240526
-0.1301676
-0.1220952
-0.1093042
-0.1014557
-0.0988623
-0.0945104
-0.0839289
-0.0701339
-0.0580384
-0.0466368
-0.0299899
-0.0060344
0.0187492
0.0359387
0.0452467
0.0548773
0.0709501
0.0891308
0.0994598
0.0988046
0.0953325
0.0989340
0.1090245
0.1147853
0.1078778
0.0922558
0.0789945
0.0724154
0.0647620
0.0463666
0.0189305
-0.0047988
-0.0152035
-0.0169067
-0.0233174
-0.0410651
-0.0628662
-0.0769619
-0.0812341
-0.0848159
-0.0956823
-0.1099835
-0.1165927
-0.1113781
-0.1035360
-0.1059484
-0.1209107
-0.1378870
-0.1452552
-0.1418680
-0.1357964
-0.1334988
-0.1329699
-0.1279178
-0.1163499
-0.1028851
-0.0930584
-0.0875178
-0.0829184
-0.0773888
-0.0734009
-0.0748670
-0.0820744
-0.0898531
-0.0908678
-0.0816952
-0.0669833
-0.0571662
-0.0594145
-0.0689068
-0.0707231
-0.0543337
-0.0280392
-0.0165804
-0.0400722
-0.0923080
-0.1382294
-0.1308964
-0.0310288
0.1821318
0.5020226
0.8805425
1.2223462
1.4130632
1.3803157
1.1434740
0.8029266
0.4708395
0.2032017
-0.0081327
-0.1869823
-0.3271422
-0.3972840
-0.3828578
-0.3118714
-0.2353578
-0.1868544
-0.1648519
-0.1507703
-0.1355061
-0.1251911
-0.1267782
-0.1360380
-0.1418191
-0.1383587
-0.1302861
-0.1266547
-0.1324470
-0.1454219
-0.1585585
-0.1647327
-0.1614314
-0.1532647
-0.1488238
-0.1520672
-0.1561906
-0.1488931
-0.1261611
-0.0992036
-0.0838595
-0.0821295
-0.0775918
-0.0527088
-0.0100555
0.0273753
0.0389415
0.0275357
0.0156519
0.0213091
0.0412571
0.0590396
0.0659682
0.0695598
0.0813658
0.1013269
0.1179926
0.1226968
0.1190881
0.1169901
0.1195897
0.1198962
0.1095909
0.0885664
0.0643314
0.0436106
0.0266711
0.0096882
-0.0094715
-0.0290322
-0.0457805
-0.0582616
-0.0676553
-0.0766309
-0.0874404
-0.0999361
-0.1108282
-0.1159707
-0.1148123
-0.1123869
-0.1151938
-0.1239720
-0.1313584
-0.1284743
-0.1145398
-0.0989726
-0.0926465
-0.0970163
-0.1029295
-0.1007647
-0.0910313
-0.0839196
-0.0883454
-0.1023060
-0.1145887
-0.1156111
-0.1059941
-0.0946200
-0.0891103
-0.0888500
-0.0871213
-0.0792698
-0.0682573
-0.0623264
-0.0674006
-0.0814173
-0.0955850
-0.1014403
-0.0977778
-0.0915394
-0.0916074
-0.1006544
-0.1124576
-0.1175926
-0.1125072
-0.1031786
-0.0993718
-0.1049352
-0.1140732
-0.1176951
-0.1131641
-0.1067175
-0.1057542
-0.1098076
-0.1109119
-0.1033943
-0.0919250
-0.0881953
-0.0994216
-0.1211651
-0.1419687
-0.1540229
-0.1580750
-0.1586345
-0.1571379
-0.1519423
-0.1440294
-0.1394185
-0.1437029
-0.1549127
-0.1638804
-0.1625082
-0.1509270
-0.1360903
-0.1244291
-0.1172223
-0.1127642
-0.1109694
-0.1142075
-0.1239673
-0.1380609
-0.1514755
-0.1591924
-0.1581666
-0.1484261
-0.1342332
-0.1236368
-0.1238740
-0.1347220
-0.1467379
-0.1482893
-0.1358479
-0.1172984
-0.1047631
-0.1044439
-0.1134224
-0.1248054
-0.1339114
-0.1393753
-0.1408566
-0.1384076
-0.1340005
-0.1312691
-0.1322288
-0.1351108
-0.1366231
-0.1356241
-0.1330617
-0.1288619
-0.1215184
-0.1119098
-0.1049218
-0.1036451
-0.1020391
-0.0878191
-0.0568003
-0.0236077
-0.0130508
-0.0358638
-0.0707417
-0.0700041
0.0158983
0.2138924
0.5156105
0.8747212
1.2119050
1.4338378
1.4695167
1.3073672
1.0034515
0.6482993
0.3162363
0.0380454
-0.1858206
-0.3544803
-0.4546484
-0.4772424
-0.4381469
-0.3755862
-0.3251384
-0.2984140
-0.2851769
-0.2720252
-0.2558430
-0.2411747
-0.2303050
-0.2196957
-0.2048192
-0.1850028
-0.1627155
-0.1406152
-0.1212188
-0.1077487
-0.1018361
-0.0995662
-0.0926596
-0.0765209
-0.0566500
-0.0442059
-0.0438136
-0.0473987
-0.0422860
-0.0253188
-0.0072314
-0.0025081
-0.0162581
-0.0416744
-0.0681159
-0.0885985
-0.0998141
-0.0996045
-0.0888524
-0.0749700
-0.0683892
-0.0722032
-0.0771776
-0.0711042
-0.0538043
-0.0392242
-0.0393576
-0.0473827
-0.0412032
-0.0061898
0.0474814
0.0932200
0.1138057
0.1162234
0.1196828
0.1316279
0.1396042
0.1275525
0.0967293
0.0669980
0.0575891
0.0693200
0.0868322
0.0957593
0.0945005
0.0896256
0.0840749
0.0735887
0.0539474
0.0278705
0.0027000
-0.0168764
-0.0310609
-0.0404407
-0.0428171
-0.0369943
-0.0281572
-0.0256036
-0.0331410
-0.0433774
-0.0444172
-0.0329859
-0.0191873
-0.0165826
-0.0279469
-0.0423905
-0.0469470
-0.0395780
-0.0293015
-0.0241410
-0.0217084
-0.0143266
-0.0032886
-0.0038295
-0.0290365
-0.0630506
-0.0504914
0.0785447
0.3578806
0.7459661
1.1332081
1.3974511
1.4693911
1.3597443
1.1317502
0.8490469
0.5466176
0.2440576
-0.0252346
-0.2106927
-0.2775354
-0.2424108
-0.1698694
-0.1261688
-0.1317315
-0.1566105
-0.1605652
-0.1356704
-0.1099879
-0.1131882
-0.1432074
-0.1683038
-0.1596820
-0.1193725
-0.0763235
-0.0579642
-0.0672718
-0.0855339
-0.0931698
-0.0854896
-0.0701844
-0.0541118
-0.0358174
-0.0105924
0.0201049
0.0471254
0.0626230
0.0699944
0.0831366
0.1137976
0.1587372
0.2005610
0.2234592
0.2289132
0.2341846
0.2532738
0.2799782
0.2928223
0.2785667
0.2487364
0.2289562
0.2309512
0.2385371
0.2251061
0.1843897
0.1395652
0.1190053
0.1247273
0.1285266
0.1003491
0.0384139
-0.0299054
-0.0747520
-0.0885319
-0.0856582
-0.0835004
-0.0880540
-0.0966068
-0.1076210
-0.1222336
-0.1363352
-0.1366199
-0.1101101
-0.0596188
-0.0080445
0.0160814
0.0005283
-0.0409859
-0.0804763
-0.0981118
-0.0951355
-0.0865800
-0.0826668
-0.0784865
-0.0625941
-0.0349285
-0.0134336
-0.0194151
-0.0545815
-0.0941376
-0.1062765
-0.0813741
-0.0422169
-0.0239892
-0.0428386
-0.0832718
-0.1150984
-0.1210386
-0.1077473
-0.0930858
-0.0871003
-0.0867347
-0.0853976
-0.0825079
-0.0823944
-0.0872933
-0.0948322
-0.1013811
-0.1041286
-0.0989466
-0.0802889
-0.0479657
-0.0140089
0.0018640
-0.0121581
-0.0485908
-0.0865706
-0.1095645
-0.1165612
-0.1170009
-0.1183611
-0.1210380
-0.1230728
-0.1251971
-0.1296144
-0.1366264
-0.1450107
-0.1538595
-0.1602661
-0.1555951
-0.1298379
-0.0848473
-0.0418802
-0.0295181
-0.0591831
-0.1128683
-0.1576070
-0.1727804
-0.1628536
-0.1456231
-0.1329308
-0.1250952
-0.1197612
-0.1187703
-0.1237201
-0.1293409
-0.1269586
-0.1146218
-0.0994043
-0.0877254
-0.0770758
-0.0616473
-0.0445417
-0.0378459
-0.0469400
-0.0587050
-0.0524324
-0.0246930
0.0008744
-0.0065021
-0.0536147
-0.1113414
-0.1298242
-0.0622998
0.1193715
0.4140114
0.7773977
