-0.0637441
-0.0735071
-0.0728661
-0.0454712
-0.0075031
0.0079146
-0.0130085
-0.0558839
-0.0986823
-0.1276090
-0.1372339
-0.1301025
-0.1175251
-0.1102959
-0.1071452
-0.1000726
-0.0909694
-0.0942255
-0.1202350
-0.1617338
-0.1987257
-0.2143861
-0.2067265
-0.1881477
-0.1735937
-0.1673494
-0.1629059
-0.1567607
-0.1577145
-0.1774961
-0.2127019
-0.2369819
-0.2077486
-0.0813185
0.1652602
0.5098427
0.8765646
1.1605259
1.2770590
1.2027234
0.9800472
0.6855431
0.3864923
0.1179759
-0.1079464
-0.2796204
-0.3791621
-0.3985977
-0.3567828
-0.2946919
-0.2511272
-0.2394972
-0.2439804
-0.2381978
-0.2119906
-0.1821548
-0.1745229
-0.1942774
-0.2174769
-0.2155402
-0.1870517
-0.1614710
-0.1689962
-0.2073520
-0.2410520
-0.2359108
-0.1934407
-0.1477122
-0.1278615
-0.1287376
-0.1221778
-0.0926335
-0.0535272
-0.0272141
-0.0158039
0.0016655
0.0433564
0.1004846
0.1424282
0.1461664
0.1188415
0.0901175
0.0840372
0.1006234
0.1229341
0.1360917
0.1366319
0.1277735
0.1122490
0.0917142
0.0702773
0.0550530
0.0511353
0.0554398
0.0568942
0.0454164
0.0222194
0.0004665
-0.0057607
0.0056773
0.0217916
0.0236281
0.0007500
-0.0400217
-0.0791621
-0.0992946
-0.0972779
-0.0826555
-0.0658689
-0.0496906
-0.0314743
-0.0107911
0.0074551
0.0176035
0.0200071
0.0220722
0.0311580
0.0459725
0.0562610
0.0522834
0.0341799
0.0112123
-0.0074245
-0.0197960
-0.0299029
-0.0411796
-0.0526008
-0.0612744
-0.0679913
-0.0783314
-0.0964371
-0.1180458
-0.1322154
-0.1317536
-0.1214875
-0.1152581
-0.1245900
-0.1496441
-0.1794419
-0.1999940
-0.2037165
-0.1933852
-0.1781648
-0.1655860
-0.1564790
-0.1465486
-0.1320958
-0.1143382
-0.0985322
-0.0887624
-0.0837645
-0.0788616
-0.0721606
-0.0669664
-0.0666492
-0.0689278
-0.0682696
-0.0637900
-0.0613834
-0.0660320
-0.0740046
-0.0759436
-0.0682649
-0.0591738
-0.0614039
-0.0798055
-0.1077379
-0.1332200
-0.1411490
-0.1048418
0.0167313
0.2547664
0.5889026
0.9307627
1.1637665
1.2154368
1.0995952
0.8906392
0.6577517
0.4236391
0.1814762
-0.0597412
-0.2577649
-0.3669257
-0.3792189
-0.3302950
-0.2664509
-0.2106888
-0.1605806
-0.1111181
-0.0711628
-0.0560879
-0.0689505
-0.0935725
-0.1074263
-0.1006511
-0.0824976
-0.0705850
-0.0748162
-0.0903091
-0.1030000
-0.1008996
-0.0820602
-0.0548215
-0.0315178
-0.0208843
-0.0246650
-0.0393593
-0.0591684
-0.0770774
-0.0857424
-0.0805864
-0.0628658
-0.0381717
-0.0105151
0.0218895
0.0638267
0.1153425
0.1672126
0.2055437
0.2222465
0.2214015
0.2153134
0.2145367
0.2211807
0.2295571
0.2311444
0.2201049
0.1977856
0.1735797
0.1586438
0.1548514
0.1494107
0.1235439
0.0698304
0.0016424
-0.0563023
-0.0887130
-0.1020260
-0.1164348
-0.1462191
-0.1876341
-0.2239087
-0.2398091
-0.2326767
-0.2140285
-0.2027924
-0.2130660
-0.2424566
-0.2715522
-0.2796138
-0.2644810
-0.2451601
-0.2408311
-0.2473948
-0.2394312
-0.1989409
-0.1401253
-0.1003653
-0.1041140
-0.1378891
-0.1633404
-0.1536378
-0.1147747
-0.0734373
-0.0497203
-0.0436618
-0.0434680
-0.0408233
-0.0378418
-0.0429655
-0.0607999
-0.0806068
-0.0692683
0.0217385
0.2301105
0.5489628
0.9122148
1.2178017
1.3771310
1.3550693
1.1733866
0.8841765
0.5427735
0.1997226
-0.0960612
-0.3026763
-0.4032053
-0.4177488
-0.3901594
-0.3552240
-0.3162909
-0.2566941
-0.1733165
-0.0948364
-0.0622134
-0.0906845
-0.1539655
-0.2074449
-0.2251733
-0.2130881
-0.1903986
-0.1661464
-0.1378977
-0.1074520
-0.0865059
-0.0814712
-0.0787292
-0.0550225
-0.0052923
0.0458444
0.0660835
0.0474033
0.0114980
-0.0160320
-0.0303333
-0.0421157
-0.0530798
-0.0470022
-0.0099807
0.0470042
0.0960304
0.1244518
0.1503032
0.1973836
0.2586904
0.2971566
0.2898916
0.2649512
0.2804164
0.3601631
0.4561268
0.4849149
0.4064626
0.2632928
0.1389838
0.0810380
0.0691126
0.0550168
0.0209243
-0.0109838
-0.0202873
-0.0231866
-0.0552643
-0.1238669
-0.1898838
-0.2038736
-0.1574912
-0.0936548
-0.0660309
-0.0930830
-0.1522749
-0.2111457
-0.2543877
-0.2803054
-0.2819905
-0.2452208
-0.1694884
-0.0849760
-0.0379096
-0.0511210
-0.0981243
-0.1214317
-0.0831359
-0.0006051
0.0685266
0.0781458
0.0314713
-0.0291199
-0.0615625
-0.0452725
0.0346012
0.2063651
0.4923209
0.8602994
1.2064464
1.4087131
1.4113506
1.2557917
1.0248449
0.7624814
0.4582541
0.1080207
-0.2290742
-0.4539059
-0.5120002
-0.4459297
-0.3560205
-0.3118453
-0.3078172
-0.3003072
-0.2712915
-0.2427651
-0.2345384
-0.2275731
-0.1831924
-0.0953463
-0.0102186
0.0148115
-0.0305207
-0.0981216
-0.1293756
-0.1094381
-0.0710402
-0.0493209
-0.0425088
-0.0219047
0.0252883
0.0743445
0.0895745
0.0679380
0.0476832
0.0697226
0.1335011
0.1959295
0.2143794
0.1868697
0.1477665
0.1279532
0.1259144
0.1193978
0.0990911
0.0830438
0.0966441
0.1435728
0.2010047
0.2420147
0.2576835
0.2551748
0.2387706
0.2011672
0.1386892
0.0727036
0.0471373
0.0945361
0.1983587
0.2904232
0.2954653
0.1916039
0.0350995
-0.0775367
-0.0837584
-0.0037287
0.0794081
0.0902422
0.0192808
-0.0808296
-0.1500723
-0.1701316
-0.1643933
-0.1596444
-0.1563075
-0.1369547
-0.0968981
-0.0584199
-0.0527213
-0.0906510
-0.1528749
-0.2067205
-0.2308115
-0.2260931
-0.2087299
-0.1954164
-0.1933060
-0.1995095
-0.2075506
-0.2142497
-0.2210863
-0.2292193
-0.2340080
-0.2264936
-0.2021990
-0.1679968
-0.1376787
-0.1191436
-0.1073732
-0.0921652
-0.0719754
-0.0569011
-0.0567878
-0.0692177
-0.0824900
-0.0896365
-0.0954892
-0.1080558
-0.1259893
-0.1389807
-0.1407733
-0.1376938
-0.1415194
-0.1563294
-0.1763972
-0.1960453
-0.2157033
-0.2354436
-0.2478567
-0.2448847
-0.2316866
-0.2256993
-0.2360631
-0.2478552
-0.2355259
-0.1947365
-0.1545217
-0.1505806
-0.1866293
-0.2279148
-0.2359179
-0.2067448
-0.1728019
-0.1693866
-0.2032931
-0.2513723
-0.2820479
-0.2757440
-0.2323945
-0.1698057
-0.1162913
-0.0959580
-0.1117066
-0.1412730
-0.1550569
-0.1422088
-0.1196376
-0.1145881
-0.1389392
-0.1811095
-0.2210694
-0.2491646
-0.2669396
-0.2685900
-0.2232890
-0.0816800
0.1885119
0.5601344
0.9352361
1.1868460
1.2328584
1.0854359
0.8321642
0.5642344
0.3169221
0.0743580
-0.1756536
-0.4008688
-0.5423275
-0.5690139
-0.5089749
-0.4250682
-0.3637081
-0.3289328
-0.3003502
-0.2661410
-0.2340331
-0.2155721
-0.2089996
-0.2016019
-0.1857456
-0.1679388
-0.1610873
-0.1698464
-0.1848857
-0.1906599
-0.1779229
-0.1499841
-0.1192584
-0.0983377
-0.0922054
-0.0965241
-0.1028745
-0.1063096
-0.1077847
-0.1089312
-0.1059256
-0.0913865
-0.0634692
-0.0309193
-0.0063522
0.0053000
0.0092475
0.0114761
0.0105500
0.0023025
-0.0090555
-0.0105827
0.0054449
0.0312640
0.0535015
0.0729616
0.1068981
0.1656910
0.2307804
0.2649602
0.2491488
0.2050787
0.1757901
0.1833892
0.2099195
0.2205786
0.2007587
0.1658378
0.1376348
0.1194859
0.0983231
0.0659617
0.0302157
0.0036443
-0.0125048
-0.0278003
-0.0479520
-0.0664767
-0.0734191
-0.0691229
-0.0651236
-0.0712443
-0.0851208
-0.0964599
-0.0996240
-0.0986850
-0.0998544
-0.1023416
-0.0997733
-0.0900780
-0.0809017
-0.0832105
-0.0999176
-0.1219786
-0.1358787
-0.1345150
-0.1211267
-0.1042383
-0.0903293
-0.0811224
-0.0757329
-0.0733097
-0.0736410
-0.0769189
-0.0837204
-0.0938388
-0.1034484
-0.1041350
-0.0879564
-0.0565376
-0.0254867
-0.0171413
-0.0448403
-0.1002235
-0.1525647
-0.1592364
-0.0805746
0.1048467
0.3855988
0.7094466
0.9939053
1.1593280
1.1677602
1.0387764
0.8286181
0.5904350
0.3496431
0.1117752
-0.1122510
-0.2935226
-0.3991089
-0.4180712
-0.3733537
-0.3078496
-0.2566049
-0.2277987
-0.2062047
-0.1743673
-0.1330974
-0.1033043
-0.1063128
-0.1397410
-0.1732307
-0.1722695
-0.1304772
-0.0786674
-0.0586505
-0.0846128
-0.1294171
-0.1499665
-0.1268562
-0.0793816
-0.0431010
-0.0356961
-0.0462134
-0.0541113
-0.0518113
-0.0447837
-0.0338601
-0.0070916
0.0446549
0.1069285
0.1456718
0.1390647
0.1048636
0.0897841
0.1263666
0.1998488
0.2599600
0.2665269
0.2232466
0.1681794
0.1353361
0.1286474
0.1309617
0.1309944
0.1350156
0.1520861
0.1735158
0.1729551
0.1294002
0.0501474
-0.0293275
-0.0694894
-0.0552524
-0.0073151
0.0310831
0.0222311
-0.0420950
-0.1363563
-0.2184503
-0.2553258
-0.2396789
-0.1897642
-0.1372553
-0.1121489
-0.1289800
-0.1764272
-0.2176525
-0.2101064
-0.1388126
-0.0364153
0.0355006
0.0357972
-0.0196799
-0.0725850
-0.0767991
-0.0394146
-0.0054550
-0.0009196
0.0080910
0.0978430
0.3248169
0.6722136
1.0471620
1.3274288
1.4233729
1.3185219
1.0700457
0.7718443
0.5017354
0.2854665
0.1021040
-0.0756065
-0.2432799
-0.3648268
-0.4078580
-0.3761578
-0.3062847
-0.2360068
-0.1811869
-0.1422536
-0.1226944
-0.1292572
-0.1526051
-0.1595652
-0.1189072
-0.0391456
0.0267249
0.0241611
-0.0511684
-0.1458296
-0.1942553
-0.1721767
-0.1073062
-0.0438834
-0.0029878
0.0234484
0.0490814
0.0733572
0.0859388
0.0835056
0.0757707
0.0758207
0.0895642
0.1157710
0.1509834
0.1884432
0.2134392
0.2083871
0.1709165
0.1273162
0.1200149
0.1720636
0.2601495
0.3265141
0.3248253
0.2598032
0.1831020
0.1483307
0.1663037
0.1998241
0.1989909
0.1425775
0.0513064
-0.0313079
-0.0690312
-0.0523723
-0.0016229
0.0431000
0.0424162
-0.0165341
-0.1056830
-0.1710671
-0.1728364
-0.1173677
-0.0498067
-0.0127645
-0.0120531
-0.0220970
-0.0200062
-0.0085776
-0.0064086
-0.0222333
-0.0423601
-0.0366657
0.0315604
0.1965226
0.4696626
0.8098871
1.1169794
1.2772581
1.2375545
1.0399918
0.7793670
0.5250104
0.2869442
0.0525785
-0.1623521
-0.3154771
-0.3861457
-0.4026095
-0.4087117
-0.4114987
-0.3781990
-0.2886850
-0.1780647
-0.1144596
-0.1349887
-0.2111203
-0.2778486
-0.2902878
-0.2503955
-0.1892912
-0.1362312
-0.1044122
-0.0934852
-0.0944026
-0.0934349
-0.0806674
-0.0587236
-0.0395421
-0.0296856
-0.0222749
-0.0078214
0.0092391
0.0118838
-0.0084909
-0.0363963
-0.0427922
-0.0118234
0.0449296
0.0996005
0.1295229
0.1283402
0.1041866
0.0752791
0.0651474
0.0896276
0.1383049
0.1721554
0.1528308
0.0829449
0.0128844
-0.0032069
0.0371974
0.0783830
0.0610742
-0.0168849
-0.0991470
-0.1303806
-0.1110618
-0.0883663
-0.0972671
-0.1212867
-0.1164124
-0.0671176
-0.0085688
0.0081628
-0.0343322
-0.1086649
-0.1735998
-0.2060257
-0.2036063
-0.1703904
-0.1133680
-0.0519596
-0.0176069
-0.0334521
-0.0944919
-0.1715468
-0.2333706
-0.2616432
-0.2497118
-0.2007352
-0.1352101
-0.0910611
-0.0979668
-0.1437826
-0.1763197
-0.1528325
-0.0902088
-0.0563599
-0.1034403
-0.2111273
-0.3021256
-0.3153125
-0.2606618
-0.2018750
-0.1897480
-0.2161264
-0.2303673
-0.1954373
-0.1267366
-0.0789471
-0.0950927
-0.1634417
-0.2206469
-0.2019854
-0.0993559
0.0232940
0.0751919
0.0100126
-0.1369943
-0.2772477
-0.3357234
-0.2989487
-0.2106633
-0.1312739
-0.1008809
-0.1270572
-0.1884282
-0.2389126
-0.2144635
-0.0550031
0.2588381
0.6771358
1.0877785
1.3642450
1.4273548
1.2808911
0.9984456
0.6742028
0.3749980
0.1244206
-0.0807908
-0.2468923
-0.3738408
-0.4598932
-0.5051776
-0.5081674
-0.4649481
-0.3797347
-0.2768700
-0.1955839
-0.1653610
-0.1839066
-0.2205008
-0.2417787
-0.2347396
-0.2083344
-0.1794322
-0.1608655
-0.1586733
-0.1722778
-0.1933085
-0.2081068
-0.2071019
-0.1926284
-0.1749240
-0.1604642
-0.1477101
-0.1349368
-0.1263577
-0.1245681
-0.1198705
-0.0971003
-0.0578765
-0.0286798
-0.0356782
-0.0705284
-0.0914707
-0.0664667
-0.0106743
0.0296606
0.0326356
0.0301627
0.0727145
0.1671433
0.2599958
0.2880354
0.2412782
0.1713339
0.1403992
0.1679062
0.2251982
0.2714147
0.2864605
0.2739350
0.2452666
0.2087726
0.1699760
0.1337025
0.1024544
0.0755588
0.0520370
0.0322007
0.0143178
-0.0077925
-0.0392206
-0.0754804
-0.1039299
-0.1169686
-0.1214750
-0.1304686
-0.1454105
-0.1523744
-0.1400075
-0.1181995
-0.1115807
-0.1315122
-0.1593658
-0.1642227
-0.1375803
-0.1046488
-0.0967662
-0.1150921
-0.1277464
-0.1051427
-0.0544649
-0.0149150
-0.0190696
-0.0618148
-0.1076139
-0.1248980
-0.1111503
-0.0876067
-0.0756768
-0.0809770
-0.0960263
-0.1117909
-0.1241842
-0.1328208
-0.1383769
-0.1426234
-0.1487021
-0.1586987
-0.1706231
-0.1793199
-0.1816405
-0.1805498
-0.1829768
-0.1926643
-0.2051415
-0.2105276
-0.2021571
-0.1830297
-0.1642575
-0.1574464
-0.1676355
-0.1908032
-0.2151302
-0.2248803
-0.2081299
-0.1670522
-0.1219850
-0.0997527
-0.1107449
-0.1360623
-0.1425815
-0.1161239
-0.0791388
-0.0707252
-0.1067360
-0.1621700
-0.1958171
-0.1906834
-0.1665187
-0.1534898
-0.1600497
-0.1713913
-0.1754128
-0.1803632
-0.2016514
-0.2360126
-0.2577414
-0.2443016
-0.2022960
-0.1638308
-0.1572034
-0.1831634
-0.2188179
-0.2404426
-0.2404364
-0.2259250
-0.2073096
-0.1907247
-0.1783312
-0.1709606
-0.1684988
-0.1689247
-0.1684611
-0.1629307
-0.1493168
-0.1275422
-0.1021485
-0.0816090
-0.0736987
-0.0799822
-0.0953217
-0.1138953
-0.1353295
-0.1631494
-0.1962086
-0.2231049
-0.2281773
-0.2054790
-0.1670224
-0.1355243
-0.1269515
-0.1388478
-0.1549971
-0.1607637
-0.1535327
-0.1394259
-0.1229301
-0.1027924
-0.0783644
-0.0568152
-0.0499429
-0.0620106
-0.0821095
-0.0912046
-0.0783498
-0.0502568
-0.0250565
-0.0169643
-0.0262704
-0.0418110
-0.0508316
-0.0470809
-0.0333031
-0.0198790
-0.0210207
-0.0472853
-0.0947177
-0.1363898
-0.1248963
-0.0099033
0.2346329
0.5872716
0.9753142
1.2980879
1.4691406
1.4540664
1.2796761
1.0091876
0.7041053
0.4024941
0.1250674
-0.1073442
-0.2696503
-0.3471024
-0.3502136
-0.3106898
-0.2609486
-0.2176601
-0.1831599
-0.1574534
-0.1440363
-0.1444712
-0.1523680
-0.1570431
-0.1531005
-0.1442049
-0.1372994
-0.1355064
-0.1377559
-0.1424961
-0.1477672
-0.1476615
-0.1336149
-0.1038541
-0.0707330
-0.0532070
-0.0577800
-0.0681097
-0.0581830
-0.0187401
0.0304415
0.0570745
0.0460555
0.0123931
-0.0145800
-0.0176359
-0.0017771
0.0185138
0.0367383
0.0568976
0.0819942
0.1060014
0.1203382
0.1262018
0.1360521
0.1607089
0.1965043
0.2278361
0.2430218
0.2460126
0.2511170
0.2669774
0.2876834
0.3002133
0.2989299
0.2907526
0.2860813
0.2865083
0.2828379
0.2646212
0.2304161
0.1889479
0.1518554
0.1259316
0.1106183
0.1004503
0.0894187
0.0749730
