0.3899259
0.7390866
1.0670632
1.2519112
1.2186327
0.9907644
0.6721887
0.3712907
0.1346463
-0.0540096
-0.2209949
-0.3583378
-0.4319920
-0.4248134
-0.3615954
-0.2898258
-0.2408656
-0.2131964
-0.1892939
-0.1610360
-0.1359132
-0.1234631
-0.1224538
-0.1230039
-0.1177197
-0.1076406
-0.0983125
-0.0932002
-0.0920177
-0.0935075
-0.0975126
-0.1041102
-0.1120536
-0.1188709
-0.1221579
-0.1205599
-0.1143337
-0.1059912
-0.1001082
-0.1008275
-0.1081372
-0.1168597
-0.1206839
-0.1179261
-0.1126996
-0.1096376
-0.1079565
-0.1020574
-0.0883763
-0.0703831
-0.0554100
-0.0467918
-0.0406620
-0.0310825
-0.0168513
-0.0014538
0.0132475
0.0306355
0.0548107
0.0834734
0.1078376
0.1206623
0.1231594
0.1227099
0.1244286
0.1266044
0.1245997
0.1174026
0.1085220
0.1005800
0.0911379
0.0768421
0.0647432
0.0813147
0.1679674
0.3589191
0.6508056
0.9851806
1.2629691
1.3892311
1.3209457
1.0845672
0.7534495
0.4072720
0.1046825
-0.1204691
-0.2535172
-0.2989740
-0.2824369
-0.2411182
-0.2033036
-0.1748733
-0.1469389
-0.1152870
-0.0888767
-0.0788111
-0.0834446
-0.0891390
-0.0855412
-0.0761224
-0.0716676
-0.0761692
-0.0829100
-0.0841954
-0.0810780
-0.0810168
-0.0877755
-0.0970484
-0.1026702
-0.1044860
-0.1077434
-0.1154207
-0.1236002
-0.1254672
-0.1187532
-0.1080090
-0.0998893
-0.0972462
-0.0978436
-0.0977305
-0.0950352
-0.0906670
-0.0858913
-0.0795385
-0.0679642
-0.0485034
-0.0234519
-0.0000465
0.0147718
0.0202359
0.0220305
0.0263264
0.0341026
0.0421124
0.0486714
0.0562212
0.0669298
0.0774267
0.0808450
0.0748219
0.0651833
0.0594678
0.0576034
0.0517384
0.0363217
0.0163140
0.0030201
0.0020165
0.0073679
0.0086357
0.0018565
-0.0082118
-0.0156797
-0.0204227
-0.0263700
-0.0351335
-0.0438742
-0.0490977
-0.0501130
-0.0479945
-0.0435921
-0.0394128
-0.0431898
-0.0660053
-0.1124943
-0.1695053
-0.2024110
-0.1633984
-0.0102088
0.2695380
0.6376446
1.0032797
1.2520306
1.2992931
1.1364696
0.8346246
0.4994691
0.2111379
-0.0061753
-0.1685605
-0.2951613
-0.3865442
-0.4323051
-0.4305929
-0.3956532
-0.3484446
-0.3042107
-0.2695847
-0.2470843
-0.2373838
-0.2369285
-0.2375985
-0.2327639
-0.2239957
-0.2196357
-0.2255304
-0.2382005
-0.2484994
-0.2514894
-0.2507642
-0.2522479
-0.2555999
-0.2544782
-0.2456716
-0.2352757
-0.2330297
-0.2407885
-0.2493694
-0.2485516
-0.2387963
-0.2304264
-0.2307975
-0.2347951
-0.2304512
-0.2132476
-0.1917974
-0.1778190
-0.1725598
-0.1662827
-0.1512247
-0.1315961
-0.1178703
-0.1123424
-0.1041489
-0.0807296
-0.0428323
-0.0056318
0.0155050
0.0187813
0.0147672
0.0132381
0.0137760
0.0096917
-0.0014946
-0.0144506
-0.0229740
-0.0280427
-0.0368446
-0.0540345
-0.0756297
-0.0925650
-0.0997770
-0.1007366
-0.1028355
-0.1092368
-0.1162603
-0.1186485
-0.1162011
-0.1142391
-0.1177159
-0.1257685
-0.1326181
-0.1336939
-0.1304772
-0.1290294
-0.1335674
-0.1414360
-0.1446635
-0.1370219
-0.1200643
-0.1022731
-0.0918059
-0.0895303
-0.0891035
-0.0841669
-0.0752572
-0.0687273
-0.0684798
-0.0701497
-0.0655770
-0.0532705
-0.0420057
-0.0415485
-0.0503113
-0.0554588
-0.0479079
-0.0367107
-0.0455441
-0.0915359
-0.1643677
-0.2228586
-0.2103590
-0.0783615
0.1907836
0.5665509
0.9662994
1.2765619
1.3995758
1.3009525
1.0244520
0.6618415
0.3021281
-0.0014795
-0.2303999
-0.3816220
-0.4566041
-0.4650976
-0.4298813
-0.3794125
-0.3332182
-0.2951635
-0.2606105
-0.2279451
-0.2019323
-0.1874496
-0.1826893
-0.1797761
-0.1715820
-0.1573386
-0.1418570
-0.1300284
-0.1225682
-0.1169117
-0.1114099
-0.1076634
-0.1083608
-0.1132957
-0.1183071
-0.1186108
-0.1132030
-0.1059381
-0.1024043
-0.1057668
-0.1150408
-0.1261993
-0.1343223
-0.1358009
-0.1306658
-0.1236935
-0.1216872
-0.1274192
-0.1358636
-0.1379876
-0.1295948
-0.1160491
-0.1071073
-0.1068344
-0.1094831
-0.1060021
-0.0940447
-0.0802855
-0.0723978
-0.0697059
-0.0630249
-0.0439275
-0.0135437
0.0178714
0.0393427
0.0470278
0.0451579
0.0410716
0.0397875
0.0420812
0.0458793
0.0485057
0.0482174
0.0451566
0.0417475
0.0414631
0.0456898
0.0512867
0.0524179
0.0465240
0.0389694
0.0402238
0.0556752
0.0764277
0.0815831
0.0546589
0.0040462
-0.0291665
0.0140203
0.1787112
0.4652744
0.8181444
1.1426248
1.3430896
1.3636372
1.2093453
0.9366835
0.6208263
0.3221582
0.0720185
-0.1198302
-0.2507914
-0.3201959
-0.3349334
-0.3139446
-0.2816907
-0.2551277
-0.2373220
-0.2232872
-0.2099070
-0.1989131
-0.1920324
-0.1867450
-0.1785488
-0.1661994
-0.1528200
-0.1418310
-0.1335266
-0.1266861
-0.1221904
-0.1226737
-0.1280929
-0.1336517
-0.1340697
-0.1294432
-0.1249290
-0.1239982
-0.1234802
-0.1168525
-0.1022293
-0.0856199
-0.0753572
-0.0737666
-0.0753209
-0.0731203
-0.0661458
-0.0592567
-0.0567137
-0.0573220
-0.0564446
-0.0513647
-0.0430781
-0.0331791
-0.0210667
-0.0057648
0.0100879
0.0201350
0.0197384
0.0112633
0.0025098
-0.0008712
-0.0006661
-0.0030908
-0.0114265
-0.0232879
-0.0349951
-0.0461335
-0.0578287
-0.0677386
-0.0700299
-0.0619906
-0.0490424
-0.0404628
-0.0396784
-0.0410330
-0.0378846
-0.0322238
-0.0327567
-0.0426015
-0.0521941
-0.0480421
-0.0282324
-0.0059950
0.0037074
-0.0008920
-0.0091524
-0.0126168
-0.0149873
-0.0253454
-0.0436899
-0.0578662
-0.0569870
-0.0452359
-0.0381153
-0.0442556
-0.0545527
-0.0530665
-0.0385469
-0.0318188
-0.0586561
-0.1235465
-0.1982710
-0.2332281
-0.1792634
-0.0053210
0.2899936
0.6683729
1.0488044
1.3267926
1.4183896
1.3037294
1.0350187
0.7006041
0.3753077
0.0962591
-0.1260685
-0.2859734
-0.3766346
-0.4007873
-0.3778599
-0.3350774
-0.2920218
-0.2553046
-0.2255738
-0.2044986
-0.1933297
-0.1887049
-0.1846583
-0.1791366
-0.1757427
-0.1779376
-0.1834934
-0.1865950
-0.1848072
-0.1821442
-0.1847972
-0.1948584
-0.2087740
-0.2209514
-0.2277513
-0.2286276
-0.2254532
-0.2216685
-0.2206024
-0.2227501
-0.2249738
-0.2240547
-0.2212120
-0.2212684
-0.2262007
-0.2309320
-0.2277283
-0.2150069
-0.2000135
-0.1914611
-0.1902734
-0.1892522
-0.1819782
-0.1700010
-0.1594741
-0.1518142
-0.1408156
-0.1203462
-0.0927602
-0.0670469
-0.0491337
-0.0367881
-0.0250644
-0.0143341
-0.0100906
-0.0151147
-0.0247881
-0.0320837
-0.0358576
-0.0415550
-0.0534368
-0.0687656
-0.0816358
-0.0907834
-0.1002918
-0.1124283
-0.1232587
-0.1276366
-0.1263831
-0.1250414
-0.1257506
-0.1240955
-0.1159980
-0.1048336
-0.0973549
-0.0926735
-0.0807455
-0.0565321
-0.0332828
-0.0332170
-0.0579759
-0.0686625
-0.0015197
0.1889415
0.4948290
0.8544584
1.1814116
1.3982454
1.4575336
1.3499992
1.1046707
0.7800276
0.4439268
0.1496341
-0.0771518
-0.2329940
-0.3226089
-0.3518933
-0.3323083
-0.2857373
-0.2389610
-0.2106499
-0.2033363
-0.2075320
-0.2129709
-0.2165403
-0.2214657
-0.2308195
-0.2425777
-0.2507587
-0.2509474
-0.2445102
-0.2374405
-0.2350206
-0.2373022
-0.2395631
-0.2372096
-0.2301047
-0.2216562
-0.2138047
-0.2042075
-0.1894644
-0.1703494
-0.1519414
-0.1380090
-0.1267386
-0.1135078
-0.0974436
-0.0833869
-0.0761322
-0.0733605
-0.0661827
-0.0479915
-0.0221799
0.0005454
0.0129984
0.0185127
0.0263229
0.0409556
0.0577202
0.0686743
0.0715257
0.0714830
0.0745818
0.0802745
0.0814408
0.0716864
0.0518893
0.0290443
0.0092545
-0.0069859
-0.0224909
-0.0378291
-0.0495643
-0.0542641
-0.0533308
-0.0525979
-0.0563525
-0.0621550
-0.0630231
-0.0555942
-0.0449105
-0.0389710
-0.0381608
-0.0321714
-0.0098181
0.0273542
0.0619747
0.0726088
0.0508460
0.0107260
-0.0139683
0.0199131
0.1509370
0.3947887
0.7243371
1.0628745
1.3076455
1.3795649
1.2663978
1.0241938
0.7352811
0.4593042
0.2168695
0.0102568
-0.1501435
-0.2446762
-0.2664987
-0.2374642
-0.1966833
-0.1728357
-0.1689328
-0.1722146
-0.1737723
-0.1755696
-0.1813627
-0.1870384
-0.1835937
-0.1685384
-0.1509959
-0.1434764
-0.1491105
-0.1586161
-0.1602589
-0.1514319
-0.1393145
-0.1312540
-0.1268645
-0.1204461
-0.1096244
-0.0994504
-0.0971644
-0.1036716
-0.1115416
-0.1121480
-0.1041428
-0.0936394
-0.0860802
-0.0797013
-0.0683816
-0.0499655
-0.0296516
-0.0145184
-0.0059829
0.0010517
0.0118400
0.0259838
0.0389503
0.0487971
0.0594543
0.0759098
0.0969359
0.1146739
0.1221543
0.1199744
0.1145353
0.1105726
0.1069617
0.1000521
0.0898157
0.0812621
0.0793488
0.0833949
0.0880521
0.0901172
0.0923525
0.0980362
0.1024154
0.0947801
0.0755442
0.0737094
0.1422247
0.3244421
0.6131552
0.9375883
1.1952491
1.3074747
1.2560020
1.0761262
0.8217700
0.5376921
0.2566063
0.0087961
-0.1768328
-0.2841538
-0.3195432
-0.3075643
-0.2762319
-0.2451587
-0.2236538
-0.2142282
-0.2148497
-0.2202699
-0.2258132
-0.2313648
-0.2397181
-0.2502493
-0.2567937
-0.2542131
-0.2458659
-0.2413560
-0.2457639
-0.2530486
-0.2522995
-0.2402979
-0.2256525
-0.2189795
-0.2201934
-0.2181922
-0.2038038
-0.1805552
-0.1601937
-0.1486466
-0.1397336
-0.1239478
-0.1010535
-0.0811089
-0.0728434
-0.0732485
-0.0706046
-0.0574251
-0.0381906
-0.0229105
-0.0146294
-0.0063448
0.0091393
0.0292344
0.0440322
0.0476867
0.0443775
0.0420877
0.0424829
0.0390490
0.0251104
0.0019407
-0.0222346
-0.0405968
-0.0535369
-0.0659230
-0.0803433
-0.0945337
-0.1045348
-0.1083740
-0.1066001
-0.1010959
-0.0942174
-0.0878607
-0.0822773
-0.0762293
-0.0686709
-0.0593143
-0.0468052
-0.0277423
-0.0002562
0.0299650
0.0487929
0.0430695
0.0158566
-0.0046460
0.0279255
0.1567833
0.3969718
0.7181553
1.0439943
1.2745807
1.3298925
1.1937034
0.9253342
0.6235405
0.3662868
0.1736787
0.0208446
-0.1185867
-0.2427203
-0.3294819
-0.3654996
-0.3609288
-0.3370890
-0.3064362
-0.2694619
-0.2280168
-0.1936972
-0.1790342
-0.1834481
-0.1927258
-0.1932965
-0.1847842
-0.1773409
-0.1782069
-0.1832417
-0.1822667
-0.1710383
-0.1557970
-0.1459592
-0.1445237
-0.1471411
-0.1490507
-0.1501854
-0.1530410
-0.1576350
-0.1603579
-0.1576811
-0.1499867
-0.1410168
-0.1333886
-0.1252086
-0.1120730
-0.0926072
-0.0710547
-0.0535552
-0.0421011
-0.0325420
-0.0182994
0.0038899
0.0309708
0.0557282
0.0726222
0.0821300
0.0889860
0.0960600
0.1010760
0.1002120
0.0940434
0.0881786
0.0872031
0.0885839
0.0839328
0.0675078
0.0433634
0.0225842
0.0124825
0.0096449
0.0050959
-0.0045875
-0.0135910
-0.0144725
-0.0072464
0.0005920
0.0021379
-0.0024469
-0.0077007
-0.0099194
-0.0111112
-0.0155008
-0.0232014
-0.0291173
-0.0284647
-0.0218646
-0.0139455
-0.0080023
-0.0034850
0.0016046
0.0072160
0.0105947
0.0088091
0.0019358
-0.0063059
-0.0117037
-0.0136892
-0.0159144
-0.0225075
-0.0342242
-0.0482860
-0.0611050
-0.0707462
-0.0774501
-0.0824369
-0.0862046
-0.0881202
-0.0879453
-0.0870905
-0.0871328
-0.0870883
-0.0834677
-0.0739008
-0.0606005
-0.0502714
-0.0506860
-0.0660101
-0.0923998
-0.1146367
-0.1047210
-0.0251394
0.1582011
0.4520451
0.8127509
1.1468851
1.3478727
1.3511465
1.1687842
0.8766647
0.5646174
0.2890173
0.0616117
-0.1260647
-0.2738397
-0.3683524
-0.4009894
-0.3827918
-0.3390269
-0.2920388
-0.2517737
-0.2200351
-0.1982799
-0.1887542
-0.1902800
-0.1968108
-0.2022654
-0.2062140
-0.2128923
-0.2240359
-0.2345983
-0.2374817
-0.2316214
-0.2230978
-0.2181734
-0.2172435
-0.2162154
-0.2119454
-0.2047864
-0.1964417
-0.1868809
-0.1743648
-0.1587325
-0.1438627
-0.1351929
-0.1339688
-0.1351017
-0.1320266
-0.1231412
-0.1123046
-0.1034135
-0.0957772
-0.0850829
-0.0683668
-0.0477694
-0.0289716
-0.0151407
-0.0027804
0.0147319
0.0390080
0.0638099
0.0815859
0.0915345
0.0994326
0.1098831
0.1204221
0.1240080
0.1167411
0.1020532
0.0864457
0.0716409
0.0531931
0.0282200
0.0023980
-0.0140897
-0.0176965
-0.0158059
-0.0186634
-0.0287212
-0.0393462
-0.0430982
-0.0397379
-0.0357128
-0.0362830
-0.0391914
-0.0373614
-0.0278702
-0.0163468
-0.0109022
-0.0125088
-0.0130085
-0.0028653
0.0192297
0.0432845
0.0538604
0.0415100
0.0131034
-0.0052395
0.0256560
0.1446272
0.3710490
0.6837610
1.0115207
1.2522291
1.3204124
1.1942889
0.9265321
0.6092748
0.3206395
0.0930310
-0.0785262
-0.2058398
-0.2888226
-0.3234271
-0.3186683
-0.2973539
-0.2792080
-0.2678814
-0.2563150
-0.2410688
-0.2275931
-0.2222683
-0.2229365
-0.2199941
-0.2071932
-0.1895865
-0.1783000
-0.1772031
-0.1775938
-0.1681648
-0.1483635
-0.1290002
-0.1201324
-0.1209304
-0.1219576
-0.1156295
-0.1032750
-0.0921950
-0.0865534
-0.0824944
-0.0734515
-0.0591574
-0.0465835
-0.0416557
-0.0431016
-0.0460204
-0.0488323
-0.0539297
-0.0625806
-0.0719178
-0.0776462
-0.0787953
-0.0790119
-0.0824778
-0.0884168
-0.0911554
-0.0870476
-0.0798167
-0.0764302
-0.0784103
-0.0803210
-0.0771604
-0.0704097
-0.0655864
-0.0656744
-0.0683699
-0.0692675
-0.0671763
-0.0659630
-0.0700855
-0.0781176
-0.0828760
-0.0794825
-0.0712999
-0.0655855
-0.0647542
-0.0647085
-0.0612769
-0.0557546
-0.0534550
-0.0576827
-0.0653740
-0.0691785
-0.0652721
-0.0588307
-0.0592727
-0.0695491
-0.0829135
-0.0914827
-0.0952083
-0.1003361
-0.1109502
-0.1243126
-0.1339704
-0.1364445
-0.1352511
-0.1380162
-0.1483836
-0.1615368
-0.1697049
-0.1711739
-0.1709905
-0.1731848
-0.1756454
-0.1733731
-0.1643394
-0.1512892
-0.1390402
-0.1298637
-0.1207747
-0.1073801
-0.0926900
-0.0898388
-0.1111223
-0.1515390
-0.1816074
-0.1544631
-0.0234748
0.2333173
0.5897509
0.9665320
1.2577506
1.3786067
1.3049078
1.0792103
0.7806206
0.4797484
0.2118169
-0.0147330
-0.1921635
-0.3044566
-0.3440736
-0.3279399
-0.2891441
-0.2539459
-0.2293174
-0.2095284
-0.1900007
-0.1741559
-0.1685562
-0.1731874
-0.1795963
-0.1805521
-0.1781183
-0.1779470
-0.1787875
-0.1741909
-0.1633830
-0.1533884
-0.1494311
-0.1488470
-0.1460546
-0.1395225
-0.1325307
-0.1293031
-0.1300918
-0.1287919
-0.1181900
-0.0996432
-0.0831082
-0.0740764
-0.0657868
-0.0497212
-0.0289138
-0.0140177
-0.0090932
-0.0073405
0.0007661
0.0188627
0.0415126
0.0573584
0.0599345
0.0571582
0.0638571
0.0830048
0.1023164
0.1119828
0.1163114
0.1236685
0.1344262
0.1440776
0.1498314
0.1496131
0.1425564
0.1332266
0.1265098
0.1177484
0.0995789
0.0784345
0.0694035
0.0738881
0.0790014
0.0797311
0.0819357
0.0824216
0.0706063
0.0539514
0.0529996
0.0616954
0.0437583
-0.0143778
