-0.1279980
-0.1328575
-0.1539586
-0.1693525
-0.1718498
-0.1728677
-0.1811210
-0.1927429
-0.2002637
-0.1991612
-0.1879919
-0.1727077
-0.1670048
-0.1764400
-0.1851219
-0.1716406
-0.1394322
-0.1206002
-0.1458573
-0.2144061
-0.2889657
-0.3089392
-0.2090350
0.0554765
0.4764139
0.9692637
1.3844635
1.5676126
1.4470601
1.0872936
0.6521147
0.2948887
0.0678556
-0.0735416
-0.1920412
-0.3030468
-0.3775683
-0.3900177
-0.3514241
-0.2985171
-0.2590756
-0.2333868
-0.2077092
-0.1778771
-0.1532377
-0.1407416
-0.1347777
-0.1259709
-0.1138025
-0.1055320
-0.1055292
-0.1098774
-0.1105995
-0.1027923
-0.0882377
-0.0733837
-0.0633306
-0.0575391
-0.0521215
-0.0454098
-0.0392482
-0.0354025
-0.0331740
-0.0304926
-0.0251844
-0.0153901
-0.0011639
0.0141113
0.0259758
0.0330970
0.0381188
0.0445262
0.0537252
0.0646795
0.0754220
0.0856715
0.0985732
0.1181184
0.1435067
0.1680255
0.1857424
0.1980232
0.2111004
0.2280573
0.2458271
0.2604063
0.2730804
0.2900681
0.3158180
0.3471727
0.3755280
0.3958083
0.4119626
0.4313562
0.4546502
0.4747247
0.4863445
0.4935355
0.5049908
0.5237090
0.5432952
0.5540280
0.5512162
0.5377155
0.5192491
0.4979902
0.4711745
0.4356643
0.3923412
0.3451338
0.2971245
0.2491639
0.2013175
0.1538126
0.1070161
0.0621150
0.0214308
-0.0135866
-0.0444307
-0.0738067
-0.1014367
-0.1229755
-0.1341766
-0.1361717
-0.1362011
-0.1421736
-0.1553813
-0.1688666
-0.1745767
-0.1724354
-0.1706252
-0.1760674
-0.1862651
-0.1920886
-0.1878259
-0.1770794
-0.1688883
-0.1688658
-0.1742307
-0.1773343
-0.1740230
-0.1680001
-0.1662928
-0.1709809
-0.1766540
-0.1760322
-0.1671011
-0.1547929
-0.1466684
-0.1467648
-0.1523315
-0.1562652
-0.1537234
-0.1467691
-0.1420180
-0.1436769
-0.1493921
-0.1528402
-0.1499232
-0.1425954
-0.1369917
-0.1375369
-0.1427001
-0.1470925
-0.1477888
-0.1473587
-0.1499763
-0.1557811
-0.1604555
-0.1598949
-0.1541672
-0.1471016
-0.1429288
-0.1432572
-0.1464605
-0.1495656
-0.1508672
-0.1510710
-0.1524258
-0.1567996
-0.1635308
-0.1682821
-0.1652982
-0.1531741
-0.1385781
-0.1318773
-0.1373548
-0.1485448
-0.1546541
-0.1515996
-0.1458692
-0.1471214
-0.1572693
-0.1675356
-0.1669919
-0.1539869
-0.1382723
-0.1314942
-0.1364538
-0.1461218
-0.1517500
-0.1504801
-0.1459329
-0.1435786
-0.1460617
-0.1515661
-0.1555520
-0.1543856
-0.1482000
-0.1408220
-0.1368945
-0.1383539
-0.1428780
-0.1459048
-0.1450773
-0.1428629
-0.1439488
-0.1497523
-0.1562700
-0.1577468
-0.1519625
-0.1419087
-0.1332508
-0.1304250
-0.1339569
-0.1403869
-0.1450694
-0.1459592
-0.1450311
-0.1458871
-0.1498068
-0.1539305
-0.1534029
-0.1460048
-0.1351533
-0.1276371
-0.1273474
-0.1313158
-0.1327285
-0.1278601
-0.1193398
-0.1124694
-0.1089310
-0.1045930
-0.0937454
-0.0758185
-0.0578249
-0.0492432
-0.0536579
-0.0655118
-0.0753702
-0.0782249
-0.0768842
-0.0783369
-0.0872906
-0.1020336
-0.1151886
-0.1190100
-0.1119143
-0.1010264
-0.0976362
-0.1083770
-0.1294916
-0.1497889
-0.1603332
-0.1618722
-0.1622828
-0.1667198
-0.1719532
-0.1716300
-0.1651152
-0.1576166
-0.1514497
-0.1415744
-0.1238509
-0.1068539
-0.1107098
-0.1496102
-0.2126730
-0.2597701
-0.2346232
-0.0856785
0.2120011
0.6343749
1.0935441
1.4523427
1.5820677
1.4374861
1.0905652
0.6857104
0.3466024
0.1111201
-0.0559956
-0.1975356
-0.3149887
-0.3782731
-0.3707152
-0.3146108
-0.2528256
-0.2125858
-0.1914259
-0.1736972
-0.1523893
-0.1327774
-0.1210133
-0.1158400
-0.1116044
-0.1050263
-0.0967006
-0.0878786
-0.0785266
-0.0687603
-0.0602403
-0.0546750
-0.0514180
-0.0478954
-0.0426247
-0.0367044
-0.0317602
-0.0274107
-0.0217340
-0.0136053
-0.0034924
0.0076251
0.0188067
0.0286497
0.0357292
0.0403966
0.0453583
0.0533033
0.0638427
0.0736932
0.0807502
0.0878093
0.1009409
0.1229538
0.1488659
0.1695367
0.1806826
0.1874534
0.1990386
0.2190151
0.2419495
0.2596631
0.2701948
0.2801359
0.2982531
0.3271071
0.3609499
0.3913178
0.4139675
0.4305681
0.4452684
0.4610788
0.4788994
0.4978457
0.5154680
0.5287925
0.5366509
0.5410539
0.5452728
0.5498399
0.5505377
0.5410157
0.5181223
0.4848367
0.4475056
0.4098762
0.3701268
0.3240349
0.2707491
0.2150908
0.1643663
0.1230363
0.0899191
0.0599384
0.0287488
-0.0036829
-0.0336347
-0.0576111
-0.0757096
-0.0912141
-0.1072256
-0.1236682
-0.1371238
-0.1435354
-0.1418072
-0.1354447
-0.1305447
-0.1315504
-0.1383654
-0.1470522
-0.1530600
-0.1543201
-0.1523097
-0.1506140
-0.1518777
-0.1553496
-0.1572601
-0.1540912
-0.1460662
-0.1376192
-0.1338990
-0.1359621
-0.1393385
-0.1383022
-0.1321758
-0.1266026
-0.1274372
-0.1336244
-0.1374221
-0.1322416
-0.1196580
-0.1081102
-0.1049168
-0.1099399
-0.1168195
-0.1196699
-0.1181166
-0.1162365
-0.1176930
-0.1225213
-0.1278756
-0.1305928
-0.1289827
-0.1235646
-0.1171423
-0.1136045
-0.1153459
-0.1212780
-0.1276341
-0.1311674
-0.1318503
-0.1324941
-0.1354701
-0.1396201
-0.1408062
-0.1361857
-0.1279487
-0.1221207
-0.1231714
-0.1299103
-0.1368187
-0.1392279
-0.1371454
-0.1344039
-0.1345255
-0.1374951
-0.1402225
-0.1396401
-0.1351949
-0.1289421
-0.1240425
-0.1229609
-0.1258239
-0.1298158
-0.1311185
-0.1287252
-0.1261415
-0.1280071
-0.1344528
-0.1396050
-0.1367966
-0.1256402
-0.1135442
-0.1095621
-0.1162551
-0.1275309
-0.1345702
-0.1338411
-0.1293773
-0.1277731
-0.1315387
-0.1371106
-0.1385426
-0.1329536
-0.1231157
-0.1153213
-0.1143988
-0.1200255
-0.1274035
-0.1314875
-0.1309414
-0.1286783
-0.1289480
-0.1334311
-0.1393658
-0.1414492
-0.1364011
-0.1263469
-0.1176186
-0.1156420
-0.1204124
-0.1266246
-0.1283243
-0.1239576
-0.1173432
-0.1136846
-0.1143520
-0.1154024
-0.1111339
-0.0990874
-0.0819551
-0.0652685
-0.0533898
-0.0470885
-0.0442630
-0.0428680
-0.0432891
-0.0477956
-0.0575587
-0.0703618
-0.0815008
-0.0871599
-0.0872663
-0.0854207
-0.0859349
-0.0903769
-0.0966890
-0.1018704
-0.1056336
-0.1111066
-0.1215937
-0.1366627
-0.1515689
-0.1605674
-0.1609506
-0.1544452
-0.1455495
-0.1389475
-0.1376305
-0.1413577
-0.1453985
-0.1421059
-0.1274085
-0.1082068
-0.1018368
-0.1238146
-0.1715999
-0.2168602
-0.2114064
-0.1028579
0.1444509
0.5251389
0.9731098
1.3662319
1.5709856
1.5125360
1.2228602
0.8236203
0.4500749
0.1746475
-0.0106107
-0.1487900
-0.2619911
-0.3365818
-0.3523872
-0.3151441
-0.2571846
-0.2109630
-0.1865848
-0.1737037
-0.1594090
-0.1406958
-0.1222224
-0.1078730
-0.0975401
-0.0899973
-0.0851743
-0.0827447
-0.0805867
-0.0764252
-0.0705332
-0.0653840
-0.0622447
-0.0589772
-0.0521245
-0.0411659
-0.0298955
-0.0228937
-0.0207792
-0.0195708
-0.0148303
-0.0058928
0.0041307
0.0118054
0.0163490
0.0199273
0.0260441
0.0374079
0.0539796
0.0722584
0.0872252
0.0964149
0.1025499
0.1112722
0.1253327
0.1414371
0.1541831
0.1634113
0.1760451
0.1989110
0.2300755
0.2592114
0.2775570
0.2867115
0.2966512
0.3154728
0.3420069
0.3683312
0.3883139
0.4030043
0.4183876
0.4391332
0.4647804
0.4908815
0.5126619
0.5277976
0.5370197
0.5428435
0.5470988
0.5487533
0.5441948
0.5303946
0.5080767
0.4813367
0.4536874
0.4244688
0.3894496
0.3453256
0.2938401
0.2412747
0.1933769
0.1505581
0.1084205
0.0634369
0.0180811
-0.0200643
-0.0447468
-0.0570118
-0.0649726
-0.0772921
-0.0960575
-0.1154612
-0.1275612
-0.1298805
-0.1278457
-0.1298492
-0.1394966
-0.1521134
-0.1587874
-0.1544874
-0.1428732
-0.1331008
-0.1314932
-0.1362357
-0.1402955
-0.1391693
-0.1352036
-0.1343753
-0.1395331
-0.1472393
-0.1510021
-0.1472760
-0.1384903
-0.1306849
-0.1282962
-0.1307584
-0.1335747
-0.1326279
-0.1279817
-0.1238655
-0.1245681
-0.1297274
-0.1337946
-0.1310091
-0.1213931
-0.1114315
-0.1082651
-0.1131421
-0.1206828
-0.1243576
-0.1224589
-0.1189599
-0.1190296
-0.1238557
-0.1295626
-0.1309026
-0.1260736
-0.1183128
-0.1130961
-0.1136212
-0.1184435
-0.1231346
-0.1244778
-0.1234693
-0.1241739
-0.1292103
-0.1362392
-0.1393824
-0.1347903
-0.1251034
-0.1180091
-0.1195000
-0.1279588
-0.1353062
-0.1349622
-0.1288695
-0.1256498
-0.1309632
-0.1403235
-0.1429507
-0.1333041
-0.1178716
-0.1093393
-0.1138942
-0.1250901
-0.1308410
-0.1260493
-0.1173951
-0.1154218
-0.1228105
-0.1315731
-0.1318733
-0.1226542
-0.1127415
-0.1115660
-0.1194981
-0.1278880
-0.1286007
-0.1228254
-0.1195947
-0.1254489
-0.1365391
-0.1421213
-0.1358957
-0.1228474
-0.1141640
-0.1158754
-0.1234034
-0.1273817
-0.1239331
-0.1183187
-0.1185226
-0.1261717
-0.1346021
-0.1357895
-0.1284624
-0.1189898
-0.1146701
-0.1167874
-0.1204562
-0.1208670
-0.1188894
-0.1197394
-0.1259721
-0.1327371
-0.1314301
-0.1186582
-0.1008238
-0.0886928
-0.0871326
-0.0906490
-0.0892609
-0.0784346
-0.0629698
-0.0514850
-0.0478492
-0.0484202
-0.0472332
-0.0429224
-0.0399407
-0.0432757
-0.0528336
-0.0636798
-0.0717554
-0.0785062
-0.0886457
-0.1028589
-0.1140671
-0.1134546
-0.1013526
-0.0902749
-0.0941115
-0.1135891
-0.1346844
-0.1433515
-0.1405310
-0.1397637
-0.1498814
-0.1636997
-0.1668298
-0.1556375
-0.1413201
-0.1346438
-0.1316339
-0.1204302
-0.1019157
-0.0968551
-0.1269140
-0.1880273
-0.2427266
-0.2353237
-0.1131415
0.1558715
0.5621561
1.0310531
1.4244351
1.5952713
1.4753087
1.1265209
0.7021210
0.3427152
0.0967445
-0.0707346
-0.2060642
-0.3131260
-0.3650216
-0.3512047
-0.2986392
-0.2470955
-0.2143346
-0.1914828
-0.1665469
-0.1423294
-0.1290707
-0.1269907
-0.1239379
-0.1103165
-0.0907547
-0.0777943
-0.0764974
-0.0791469
-0.0753172
-0.0640769
-0.0541408
-0.0530112
-0.0582056
-0.0599086
-0.0512208
-0.0347629
-0.0194282
-0.0116295
-0.0101159
-0.0086334
-0.0026404
0.0067811
0.0149255
0.0186862
0.0198820
0.0238273
0.0346731
0.0517810
0.0703074
0.0853516
0.0959271
0.1053222
0.1176569
0.1337819
0.1503874
0.1634877
0.1731956
0.1847870
0.2041611
0.2316449
0.2605995
0.2830111
0.2970347
0.3088922
0.3268012
0.3527427
0.3804606
0.4019671
0.4159415
0.4291629
0.4493178
0.4766768
0.5033564
0.5208987
0.5283236
0.5325063
0.5406486
0.5524924
0.5600295
0.5549052
0.5360985
0.5103845
0.4854605
0.4627431
0.4366149
0.4001925
0.3517504
0.2961936
0.2411044
0.1914584
0.1473923
0.1061123
0.0656108
0.0269740
-0.0062877
-0.0311035
-0.0476232
-0.0596320
-0.0719538
-0.0867750
-0.1021751
-0.1143957
-0.1217257
-0.1261249
-0.1309641
-0.1372382
-0.1422303
-0.1422477
-0.1369506
-0.1308152
-0.1296318
-0.1349289
-0.1419832
-0.1440951
-0.1393754
-0.1330689
-0.1324807
-0.1392164
-0.1467044
-0.1459942
-0.1344148
-0.1185380
-0.1084740
-0.1090732
-0.1163106
-0.1216617
-0.1198003
-0.1127035
-0.1072030
-0.1086270
-0.1159387
-0.1223914
-0.1213401
-0.1123896
-0.1022414
-0.0989952
-0.1048690
-0.1142183
-0.1189053
-0.1159471
-0.1100973
-0.1089911
-0.1157295
-0.1260290
-0.1323092
-0.1304428
-0.1229096
-0.1160360
-0.1144126
-0.1175405
-0.1212264
-0.1219563
-0.1200779
-0.1190345
-0.1217337
-0.1276878
-0.1333863
-0.1350721
-0.1313354
-0.1239068
-0.1166588
-0.1133940
-0.1152820
-0.1196760
-0.1220448
-0.1202371
-0.1171107
-0.1180031
-0.1246749
-0.1320838
-0.1324129
-0.1230402
-0.1100678
-0.1031361
-0.1065377
-0.1156143
-0.1216790
-0.1200243
-0.1133519
-0.1083832
-0.1097116
-0.1162866
-0.1227131
-0.1236906
-0.1180652
-0.1095359
-0.1035283
-0.1028035
-0.1056245
-0.1081016
-0.1082586
-0.1075950
-0.1087029
-0.1118960
-0.1147032
-0.1144990
-0.1110247
-0.1062504
-0.1024032
-0.1005265
-0.1004057
-0.1010548
-0.1012651
-0.1004746
-0.0995961
-0.1005820
-0.1044605
-0.1096575
-0.1127046
-0.1110518
-0.1053409
-0.0990066
-0.0957398
-0.0969931
-0.1009973
-0.1034954
-0.1001062
-0.0896919
-0.0762757
-0.0664934
-0.0633169
-0.0620777
-0.0543343
-0.0370349
-0.0173196
-0.0067888
-0.0105959
-0.0229710
-0.0337919
-0.0385389
-0.0409342
-0.0468426
-0.0576508
-0.0699815
-0.0797538
-0.0846744
-0.0840653
-0.0793978
-0.0757704
-0.0799071
-0.0937375
-0.1107787
-0.1219733
-0.1257542
-0.1294534
-0.1387999
-0.1486220
-0.1481487
-0.1353332
-0.1209186
-0.1150940
-0.1136910
-0.1040450
-0.0856359
-0.0789741
-0.1077191
-0.1704248
-0.2297427
-0.2259824
-0.0997590
0.1864975
0.6226521
1.1240529
1.5353921
1.6949632
1.5344327
1.1342320
0.6741208
0.3109244
0.0877382
-0.0515712
-0.1730743
-0.2853418
-0.3516912
-0.3486399
-0.2973679
-0.2404777
-0.2016622
-0.1753754
-0.1487998
-0.1220945
-0.1046042
-0.0992924
-0.0986445
-0.0949761
-0.0887698
-0.0845046
-0.0819343
-0.0755983
-0.0625108
-0.0469694
-0.0362231
-0.0328548
-0.0329271
-0.0309234
-0.0249967
-0.0174092
-0.0112985
-0.0078230
-0.0056420
-0.0019934
0.0057167
0.0182641
0.0335977
0.0475928
0.0567112
0.0608250
0.0637760
0.0707869
0.0843903
0.1020337
0.1176849
0.1268132
0.1308852
0.1370036
0.1521318
0.1767456
0.2040558
0.2258224
0.2391877
0.2481440
0.2590856
0.2755648
0.2968497
0.3199895
0.3422442
0.3622907
0.3808166
0.4005630
0.4245262
0.4525637
0.4798381
0.5001377
0.5117855
0.5197149
0.5305361
0.5453319
0.5580368
0.5612855
0.5533750
0.5391030
0.5242936
0.5101640
0.4926691
0.4662349
0.4279063
0.3791982
0.3253497
0.2724946
0.2238228
0.1774646
0.1289862
0.0773627
0.0283910
-0.0093257
-0.0327322
-0.0479921
-0.0647477
-0.0867966
-0.1092961
-0.1251222
-0.1327192
-0.1369391
-0.1432043
-0.1524634
-0.1618450
-0.1684438
-0.1711854
-0.1700020
-0.1653441
-0.1592162
-0.1552609
-0.1561391
-0.1607206
-0.1648795
-0.1655766
-0.1637658
-0.1629931
-0.1654927
-0.1699042
-0.1723443
-0.1693149
-0.1602701
-0.1486051
-0.1402387
-0.1396725
-0.1458847
-0.1523295
-0.1525535
-0.1466779
-0.1415767
-0.1435896
-0.1512556
-0.1563289
-0.1523236
-0.1412856
-0.1316017
-0.1298003
-0.1353219
-0.1427336
-0.1474018
-0.1483816
-0.1472497
-0.1460929
-0.1467477
-0.1501444
-0.1548343
-0.1566894
-0.1519111
-0.1413939
-0.1314773
-0.1290596
-0.1352811
-0.1441963
-0.1481026
-0.1445154
-0.1381854
-0.1364058
-0.1420936
-0.1509612
-0.1552326
-0.1504904
-0.1395291
-0.1298954
-0.1275777
-0.1326244
-0.1401598
-0.1449352
-0.1448471
-0.1411270
-0.1366437
-0.1344288
-0.1364480
-0.1419255
-0.1465982
-0.1453134
-0.1370944
-0.1274859
-0.1242296
-0.1295360
-0.1372475
-0.1388497
-0.1324356
-0.1248263
-0.1243351
