-0.1336563
-0.1250848
-0.1272918
-0.1383436
-0.1487621
-0.1508042
-0.1457050
-0.1413048
-0.1431051
-0.1486264
-0.1506951
-0.1454579
-0.1364351
-0.1308076
-0.1322462
-0.1375615
-0.1401225
-0.1363631
-0.1290777
-0.1246017
-0.1268291
-0.1337722
-0.1395422
-0.1393134
-0.1325533
-0.1224846
-0.1136490
-0.1099617
-0.1133058
-0.1219413
-0.1302200
-0.1320167
-0.1264202
-0.1196362
-0.1192247
-0.1255380
-0.1302478
-0.1251204
-0.1119891
-0.1020879
-0.1044599
-0.1161394
-0.1253638
-0.1242564
-0.1166969
-0.1130678
-0.1186596
-0.1287535
-0.1344965
-0.1315939
-0.1226450
-0.1129079
-0.1059781
-0.1032497
-0.1049766
-0.1100040
-0.1152814
-0.1177029
-0.1171505
-0.1167327
-0.1191655
-0.1233625
-0.1253610
-0.1224019
-0.1154083
-0.1077258
-0.1025639
-0.1018255
-0.1057193
-0.1117293
-0.1145367
-0.1095406
-0.0980188
-0.0874633
-0.0843194
-0.0859337
-0.0817823
-0.0646032
-0.0397474
-0.0213958
-0.0185934
-0.0261414
-0.0305455
-0.0244823
-0.0139087
-0.0106257
-0.0193433
-0.0334191
-0.0426216
-0.0430784
-0.0389419
-0.0361787
-0.0371830
-0.0415061
-0.0490847
-0.0601510
-0.0725618
-0.0823434
-0.0887288
-0.0968300
-0.1119487
-0.1306739
-0.1409898
-0.1345997
-0.1181847
-0.1080226
-0.1111356
-0.1150943
-0.1022522
-0.0757544
-0.0666346
-0.1076711
-0.1949028
-0.2730215
-0.2596440
-0.0900510
0.2473905
0.7000788
1.1627151
1.5077947
1.6319056
1.5024587
1.1753069
0.7640688
0.3786000
0.0777784
-0.1322372
-0.2664589
-0.3347357
-0.3425342
-0.3053027
-0.2508676
-0.2048034
-0.1764142
-0.1602586
-0.1481155
-0.1366402
-0.1259237
-0.1163469
-0.1092544
-0.1075899
-0.1119653
-0.1164593
-0.1119135
-0.0954227
-0.0750735
-0.0630333
-0.0637708
-0.0701620
-0.0710924
-0.0616698
-0.0460027
-0.0319583
-0.0246688
-0.0238201
-0.0245134
-0.0200449
-0.0061136
0.0152411
0.0360520
0.0489058
0.0542702
0.0605536
0.0756288
0.0983705
0.1195384
0.1312588
0.1349159
0.1393848
0.1523441
0.1742010
0.1999198
0.2249541
0.2482820
0.2706414
0.2920156
0.3120516
0.3319901
0.3541643
0.3786045
0.4010939
0.4163839
0.4240994
0.4304490
0.4424212
0.4596266
0.4726186
0.4702873
0.4491794
0.4154570
0.3782617
0.3421429
0.3058942
0.2669877
0.2252207
0.1821576
0.1390917
0.0971160
0.0584400
0.0257070
-0.0006276
-0.0230958
-0.0443715
-0.0641501
-0.0799579
-0.0909471
-0.0996410
-0.1093600
-0.1208438
-0.1323289
-0.1422352
-0.1501848
-0.1552152
-0.1549446
-0.1485107
-0.1401410
-0.1376931
-0.1458675
-0.1608174
-0.1724984
-0.1731382
-0.1637510
-0.1528212
-0.1491288
-0.1554609
-0.1676521
-0.1780785
-0.1802303
-0.1721486
-0.1579409
-0.1464201
-0.1461148
-0.1586602
-0.1758855
-0.1848971
-0.1786957
-0.1631392
-0.1525378
-0.1565827
-0.1708090
-0.1803689
-0.1736859
-0.1524250
-0.1285427
-0.1130508
-0.1085998
-0.1113683
-0.1166796
-0.1211711
-0.1221453
-0.1190860
-0.1166508
-0.1223876
-0.1376819
-0.1518586
-0.1497764
-0.1279830
-0.1014653
-0.0910107
-0.1032978
-0.1253341
-0.1389051
-0.1380982
-0.1311298
-0.1277965
-0.1298019
-0.1339426
-0.1396646
-0.1483337
-0.1560269
-0.1530425
-0.1346206
-0.1101860
-0.0972389
-0.1043663
-0.1224594
-0.1345864
-0.1332151
-0.1255348
-0.1226627
-0.1271123
-0.1326754
-0.1342014
-0.1336458
-0.1357800
-0.1408808
-0.1442939
-0.1424312
-0.1365591
-0.1300119
-0.1239236
-0.1177771
-0.1130808
-0.1133226
-0.1187295
-0.1228304
-0.1170550
-0.0995116
-0.0776890
-0.0612619
-0.0531226
-0.0490645
-0.0457269
-0.0458764
-0.0536228
-0.0658250
-0.0721495
-0.0659338
-0.0533394
-0.0483494
-0.0576271
-0.0725513
-0.0786375
-0.0722469
-0.0652338
-0.0718523
-0.0930341
-0.1161008
-0.1294924
-0.1345969
-0.1412655
-0.1539193
-0.1659599
-0.1686403
-0.1619510
-0.1531215
-0.1452083
-0.1321105
-0.1089912
-0.0867759
-0.0909680
-0.1397399
-0.2185031
-0.2740865
-0.2360893
-0.0528168
0.2780559
0.6979551
1.1004032
1.3673424
1.4179777
1.2467893
0.9251576
0.5608597
0.2411530
-0.0006093
-0.1750892
-0.3016305
-0.3837476
-0.4140227
-0.3943135
-0.3445749
-0.2911207
-0.2492847
-0.2189898
-0.1945022
-0.1745264
-0.1620818
-0.1577270
-0.1563962
-0.1515353
-0.1409411
-0.1278467
-0.1171528
-0.1113854
-0.1096198
-0.1088880
-0.1061022
-0.0993915
-0.0886304
-0.0751663
-0.0610564
-0.0483424
-0.0384285
-0.0312821
-0.0249546
-0.0166625
-0.0052947
0.0072351
0.0180527
0.0270900
0.0379743
0.0543110
0.0754160
0.0967502
0.1147300
0.1301561
0.1464022
0.1652636
0.1859327
0.2076427
0.2312710
0.2571664
0.2827802
0.3048375
0.3243119
0.3471865
0.3781478
0.4136906
0.4434656
0.4598831
0.4659372
0.4722370
0.4858185
0.5024727
0.5106669
0.5027794
0.4819340
0.4579357
0.4373376
0.4179266
0.3921447
0.3546226
0.3063057
0.2529772
0.2016841
0.1582885
0.1256195
0.1012053
0.0770635
0.0448735
0.0040948
-0.0353810
-0.0610756
-0.0698411
-0.0712411
-0.0780437
-0.0938244
-0.1110115
-0.1206078
-0.1218268
-0.1214192
-0.1255112
-0.1345054
-0.1454586
-0.1562078
-0.1650981
-0.1685415
-0.1626917
-0.1490709
-0.1364921
-0.1346114
-0.1449734
-0.1595965
-0.1689318
-0.1704171
-0.1687451
-0.1688832
-0.1704227
-0.1688640
-0.1610290
-0.1482234
-0.1347664
-0.1247217
-0.1201432
-0.1210315
-0.1255026
-0.1300131
-0.1308709
-0.1269919
-0.1214747
-0.1195911
-0.1240279
-0.1315088
-0.1345470
-0.1277053
-0.1131110
-0.0997436
-0.0962564
-0.1034717
-0.1137270
-0.1180226
-0.1141431
-0.1078201
-0.1061939
-0.1107868
-0.1171821
-0.1207931
-0.1216134
-0.1229798
-0.1269401
-0.1322223
-0.1363801
-0.1381168
-0.1367275
-0.1309937
-0.1210575
-0.1113916
-0.1091889
-0.1174334
-0.1301412
-0.1368304
-0.1326649
-0.1228491
-0.1157946
-0.1129729
-0.1074614
-0.0925284
-0.0695893
-0.0464733
-0.0293677
-0.0186867
-0.0124613
-0.0107551
-0.0145886
-0.0217280
-0.0265585
-0.0256808
-0.0227752
-0.0262710
-0.0412042
-0.0630617
-0.0799505
-0.0821983
-0.0718258
-0.0632686
-0.0728875
-0.1048658
-0.1463393
-0.1775707
-0.1880739
-0.1826652
-0.1722672
-0.1616968
-0.1491556
-0.1356897
-0.1289063
-0.1335708
-0.1421614
-0.1419661
-0.1337363
-0.1375287
-0.1723600
-0.2273564
-0.2550052
-0.1950960
-0.0080045
0.3066677
0.7080013
1.1173778
1.4294937
1.5448136
1.4203743
1.1033411
0.7095961
0.3542844
0.0895670
-0.0993359
-0.2455800
-0.3546055
-0.4048971
-0.3849169
-0.3187980
-0.2520060
-0.2150608
-0.2044260
-0.1963753
-0.1741251
-0.1402376
-0.1079406
-0.0868900
-0.0783163
-0.0789900
-0.0847887
-0.0902972
-0.0889962
-0.0773637
-0.0589298
-0.0423675
-0.0342584
-0.0336962
-0.0340613
-0.0295296
-0.0194466
-0.0070092
0.0051009
0.0173701
0.0324763
0.0522045
0.0747246
0.0941019
0.1030844
0.0984203
0.0850569
0.0746530
0.0779426
0.0969091
0.1242322
0.1508033
0.1736340
0.1960129
0.2206357
0.2445675
0.2623919
0.2735498
0.2845022
0.3027860
0.3300609
0.3619574
0.3933297
0.4210285
0.4413797
0.4488013
0.4413969
0.4281559
0.4259430
0.4443781
0.4731619
0.4879003
0.4715021
0.4294864
0.3825304
0.3446312
0.3114397
0.2709296
0.2219454
0.1772884
0.1475715
0.1262283
0.0952519
0.0462520
-0.0075944
-0.0432616
-0.0508456
-0.0430153
-0.0419906
-0.0594084
-0.0895098
-0.1188635
-0.1387636
-0.1480896
-0.1486135
-0.1420803
-0.1319465
-0.1242105
-0.1234680
-0.1285548
-0.1341377
-0.1370522
-0.1395385
-0.1452818
-0.1535523
-0.1592525
-0.1589502
-0.1551816
-0.1535025
-0.1558931
-0.1585463
-0.1565851
-0.1499706
-0.1436574
-0.1418860
-0.1431852
-0.1418215
-0.1343103
-0.1240157
-0.1187048
-0.1232137
-0.1345333
-0.1442578
-0.1458963
-0.1398003
-0.1313193
-0.1249504
-0.1208372
-0.1164698
-0.1105512
-0.1046097
-0.1016196
-0.1040088
-0.1124254
-0.1246368
-0.1349830
-0.1367662
-0.1277470
-0.1136929
-0.1044873
-0.1049597
-0.1100723
-0.1107982
-0.1048739
-0.0998932
-0.1043021
-0.1162564
-0.1237256
-0.1167762
-0.0988368
-0.0844597
-0.0857627
-0.1015339
-0.1193466
-0.1273429
-0.1237753
-0.1163919
-0.1139913
-0.1184598
-0.1235381
-0.1203209
-0.1046011
-0.0803649
-0.0568436
-0.0414555
-0.0343944
-0.0295308
-0.0209254
-0.0090289
-0.0006457
-0.0024439
-0.0139767
-0.0269160
-0.0316715
-0.0257750
-0.0164262
-0.0144445
-0.0246938
-0.0418245
-0.0556085
-0.0607349
-0.0611514
-0.0647177
-0.0745110
-0.0865727
-0.0958579
-0.1022954
-0.1094724
-0.1186168
-0.1266370
-0.1306332
-0.1314710
-0.1303921
-0.1242828
-0.1097898
-0.0943716
-0.0984754
-0.1389770
-0.2066659
-0.2615176
-0.2520546
-0.1397145
0.0912458
0.4334487
0.8478710
1.2500396
1.5209135
1.5605916
1.3538522
0.9872900
0.5933155
0.2664369
0.0248109
-0.1581610
-0.2980977
-0.3809726
-0.3914609
-0.3448062
-0.2824052
-0.2389530
-0.2197102
-0.2088187
-0.1927545
-0.1719571
-0.1542059
-0.1440194
-0.1402352
-0.1394199
-0.1378188
-0.1316570
-0.1197234
-0.1065734
-0.1000961
-0.1032904
-0.1093313
-0.1072243
-0.0929588
-0.0737011
-0.0601692
-0.0558032
-0.0544663
-0.0481444
-0.0353058
-0.0212432
-0.0114268
-0.0057388
0.0010147
0.0139654
0.0336564
0.0555217
0.0731919
0.0832376
0.0881909
0.0952359
0.1106988
0.1344157
0.1593107
0.1774700
0.1876690
0.1971542
0.2154060
0.2453154
0.2801172
0.3092749
0.3279151
0.3407132
0.3563116
0.3777232
0.3985034
0.4090036
0.4067023
0.3998196
0.3997174
0.4091733
0.4184712
0.4136432
0.3887729
0.3502833
0.3097618
0.2734376
0.2386496
0.1993177
0.1535182
0.1056893
0.0625358
0.0275237
-0.0010730
-0.0276205
-0.0547627
-0.0808706
-0.1013778
-0.1130728
-0.1176055
-0.1204735
-0.1258844
-0.1327654
-0.1368286
-0.1369153
-0.1380926
-0.1469049
-0.1635048
-0.1799688
-0.1875354
-0.1849976
-0.1788050
-0.1750929
-0.1734030
-0.1695524
-0.1635408
-0.1617989
-0.1699750
-0.1846515
-0.1946422
-0.1915420
-0.1781004
-0.1652466
-0.1613971
-0.1657120
-0.1713639
-0.1733621
-0.1718238
-0.1687629
-0.1643772
-0.1578875
-0.1508085
-0.1471696
-0.1496976
-0.1566683
-0.1633695
-0.1663684
-0.1658477
-0.1643022
-0.1640063
-0.1657492
-0.1687755
-0.1710499
-0.1702358
-0.1657856
-0.1604545
-0.1588232
-0.1633552
-0.1719209
-0.1797476
-0.1838589
-0.1851795
-0.1863938
-0.1886851
-0.1911940
-0.1928979
-0.1936365
-0.1931475
-0.1905280
-0.1858395
-0.1815772
-0.1807738
-0.1828874
-0.1826542
-0.1746133
-0.1591735
-0.1432720
-0.1340576
-0.1319194
-0.1303761
-0.1231174
-0.1108404
-0.1009188
-0.1005576
-0.1103460
-0.1239024
-0.1330941
-0.1338705
-0.1283481
-0.1223988
-0.1211371
-0.1256878
-0.1334197
-0.1411824
-0.1485938
-0.1582233
-0.1723391
-0.1894628
-0.2045189
-0.2127694
-0.2136257
-0.2105887
-0.2078221
-0.2069936
-0.2065885
-0.2028860
-0.1917889
-0.1724764
-0.1523005
-0.1476051
-0.1747052
-0.2335543
-0.2963322
-0.3123440
-0.2282745
-0.0118680
0.3315972
0.7524499
1.1601966
1.4440250
1.5140769
1.3478551
1.0082055
0.6109071
0.2601516
0.0007471
-0.1785733
-0.3041695
-0.3839786
-0.4102658
-0.3846389
-0.3305684
-0.2791113
-0.2463860
-0.2279202
-0.2122693
-0.1952710
-0.1806029
-0.1714788
-0.1664857
-0.1628157
-0.1594110
-0.1551836
-0.1468614
-0.1319973
-0.1140313
-0.1013682
-0.0993601
-0.1040598
-0.1058370
-0.0993875
-0.0886569
-0.0811158
-0.0785584
-0.0754096
-0.0659622
-0.0512217
-0.0372142
-0.0274401
-0.0188546
-0.0057444
0.0137089
0.0357666
0.0552942
0.0700742
0.0808974
0.0893622
0.0976101
0.1097686
0.1307530
0.1611984
0.1940338
0.2186362
0.2302619
0.2351674
0.2452214
0.2668664
0.2954976
0.3206069
0.3358922
0.3440667
0.3524657
0.3650885
0.3793142
0.3895346
0.3927927
0.3905161
0.3853379
0.3769546
0.3614648
0.3350007
0.2981763
0.2567112
0.2170614
0.1812234
0.1463258
0.1096191
0.0730795
0.0418995
0.0183695
-0.0013630
-0.0231616
-0.0478503
-0.0697514
-0.0829772
-0.0881912
-0.0917457
-0.0983646
-0.1064207
-0.1113091
-0.1120365
-0.1124176
-0.1157463
-0.1203152
-0.1216859
-0.1187129
-0.1157598
-0.1185253
-0.1283600
-0.1409062
-0.1494880
-0.1493412
-0.1397883
-0.1245154
-0.1104977
-0.1048054
-0.1097536
-0.1202974
-0.1275280
-0.1262802
-0.1195250
-0.1147858
-0.1162252
-0.1205983
-0.1208044
-0.1128254
-0.0991808
-0.0864469
-0.0801130
-0.0813732
-0.0874675
-0.0940685
-0.0977542
-0.0976874
-0.0959801
-0.0960598
-0.0995124
-0.1039545
-0.1044930
-0.0980877
-0.0868508
-0.0769206
-0.0737310
-0.0780005
-0.0860515
-0.0938007
-0.1001134
-0.1060445
-0.1112343
-0.1122016
-0.1052326
-0.0910957
-0.0763080
-0.0689797
-0.0725364
-0.0824844
-0.0888493
-0.0827997
-0.0630989
-0.0377262
-0.0187939
-0.0137947
-0.0199036
-0.0265776
-0.0248584
-0.0151864
-0.0062655
-0.0061220
-0.0144900
-0.0240332
-0.0282925
-0.0276800
-0.0282310
-0.0357928
-0.0514411
-0.0708562
-0.0870068
-0.0946956
-0.0947372
-0.0940503
-0.0997708
-0.1118407
-0.1223642
-0.1240559
-0.1188921
-0.1157912
-0.1186561
-0.1197770
-0.1095037
-0.0928401
-0.0916040
-0.1245776
-0.1832196
-0.2266725
-0.1999179
-0.0585380
0.2140365
0.5955036
1.0168661
1.3694954
1.5423799
1.4792390
1.2141933
0.8505218
0.4949135
0.2020682
-0.0270094
-0.2049359
-0.3263024
-0.3755673
-0.3559047
-0.2991950
-0.2446257
-0.2111773
-0.1929539
-0.1770362
-0.1599232
-0.1462974
-0.1379833
-0.1302972
-0.1193230
-0.1081728
-0.1031144
-0.1053182
-0.1095383
-0.1107363
-0.1089703
-0.1063165
-0.1012371
-0.0892506
-0.0698194
-0.0503941
-0.0411966
-0.0453229
-0.0548081
-0.0572164
-0.0461122
-0.0252112
-0.0035292
0.0121643
0.0207937
0.0256849
0.0316556
0.0421899
0.0570223
0.0718658
0.0820421
0.0876650
0.0946711
0.1092741
0.1309934
0.1523558
0.1669086
0.1773780
0.1941061
0.2239869
0.2615515
0.2926748
0.3076988
0.3102340
0.3127759
0.3243559
0.3427683
0.3580107
0.3623718
0.3571484
0.3500607
0.3465555
0.3439496
0.3342020
0.3120864
0.2802569
0.2465079
0.2165743
0.1895206
0.1594963
0.1215585
0.0760398
0.0281388
-0.0154786
-0.0492029
-0.0694901
-0.0767020
-0.0773421
-0.0821203
-0.0982953
-0.1227767
-0.1440132
-0.1519630
-0.1467149
-0.1377869
-0.1353813
-0.1420242
-0.1519557
-0.1579606
-0.1581970
-0.1562889
-0.1559319
-0.1569699
-0.1567128
-0.1536966
-0.1497381
-0.1490529
-0.1548815
-0.1652648
-0.1723918
-0.1688545
-0.1558700
-0.1433632
-0.1401368
-0.1450036
-0.1489998
-0.1454410
-0.1364706
-0.1302114
-0.1322889
-0.1396019
-0.1421482
-0.1322713
-0.1129840
