-0.0963525
-0.0997411
-0.1099838
-0.1145450
-0.1060947
-0.0908656
-0.0821615
-0.0862846
-0.0962935
-0.0999341
-0.0924736
-0.0804072
-0.0727452
-0.0703233
-0.0651874
-0.0504353
-0.0292567
-0.0129720
-0.0100775
-0.0181370
-0.0272071
-0.0308950
-0.0328548
-0.0416332
-0.0598098
-0.0799568
-0.0924046
-0.0961696
-0.1001371
-0.1123037
-0.1290518
-0.1375159
-0.1296199
-0.1122092
-0.1008957
-0.1035217
-0.1118482
-0.1114620
-0.0988724
-0.0859042
-0.0860707
-0.0989536
-0.1111474
-0.1125111
-0.1079793
-0.1105672
-0.1241637
-0.1373108
-0.1359184
-0.1198729
-0.1038031
-0.1013126
-0.1112658
-0.1211869
-0.1220199
-0.1163223
-0.1120007
-0.1116245
-0.1108250
-0.1059637
-0.0996425
-0.0969887
-0.0985985
-0.0999663
-0.0978040
-0.0943457
-0.0939485
-0.0970071
-0.0995030
-0.0981977
-0.0934653
-0.0854929
-0.0700563
-0.0423025
-0.0062356
0.0230902
0.0332290
0.0350627
0.0700954
0.1920479
0.4321102
0.7717510
1.1415642
1.4461921
1.6007337
1.5619501
1.3434198
1.0100348
0.6529714
0.3541273
0.1563743
0.0550753
0.0139830
-0.0070688
-0.0314162
-0.0622103
-0.0924685
-0.1166407
-0.1351008
-0.1514337
-0.1676145
-0.1816940
-0.1893514
-0.1877474
-0.1785757
-0.1676179
-0.1607766
-0.1598250
-0.1617667
-0.1625004
-0.1612515
-0.1612944
-0.1660841
-0.1746508
-0.1811838
-0.1797553
-0.1698414
-0.1570456
-0.1478720
-0.1434664
-0.1388370
-0.1289161
-0.1153952
-0.1063873
-0.1079779
-0.1162863
-0.1197447
-0.1107653
-0.0945657
-0.0845536
-0.0882356
-0.0989799
-0.1031767
-0.0950632
-0.0825434
-0.0775385
-0.0821921
-0.0868037
-0.0813187
-0.0664000
-0.0513795
-0.0427053
-0.0375841
-0.0301106
-0.0211993
-0.0191277
-0.0295620
-0.0472247
-0.0597324
-0.0599132
-0.0530437
-0.0510761
-0.0601953
-0.0749263
-0.0845271
-0.0844181
-0.0807554
-0.0838107
-0.0969672
-0.1120614
-0.1157405
-0.1014681
-0.0764299
-0.0565806
-0.0535905
-0.0653637
-0.0790448
-0.0836560
-0.0800018
-0.0782121
-0.0858906
-0.0993797
-0.1071664
-0.1016162
-0.0866889
-0.0739839
-0.0718716
-0.0789502
-0.0873417
-0.0909482
-0.0901493
-0.0897481
-0.0937118
-0.1017066
-0.1093978
-0.1115047
-0.1055617
-0.0941589
-0.0837171
-0.0798040
-0.0823749
-0.0856886
-0.0839451
-0.0774271
-0.0723325
-0.0739048
-0.0804130
-0.0851383
-0.0842888
-0.0815588
-0.0838979
-0.0934768
-0.1051788
-0.1121716
-0.1127150
-0.1105577
-0.1094072
-0.1086557
-0.1049157
-0.0962134
-0.0832741
-0.0677411
-0.0518450
-0.0406046
-0.0409447
-0.0529185
-0.0579367
-0.0165301
0.1163509
0.3641501
0.7058544
1.0726936
1.3688815
1.5082285
1.4502725
1.2185625
0.8906141
0.5627940
0.3082262
0.1513955
0.0725485
0.0343041
0.0086372
-0.0135282
-0.0304869
-0.0419789
-0.0526848
-0.0664523
-0.0807590
-0.0891333
-0.0889036
-0.0848778
-0.0841385
-0.0877521
-0.0892430
-0.0821499
-0.0684314
-0.0580803
-0.0598077
-0.0726175
-0.0874697
-0.0973896
-0.1049295
-0.1184551
-0.1410160
-0.1640821
-0.1735081
-0.1620937
-0.1363068
-0.1109443
-0.0973238
-0.0958621
-0.0985732
-0.0976183
-0.0915976
-0.0848333
-0.0818320
-0.0826841
-0.0830594
-0.0779939
-0.0660470
-0.0507485
-0.0383563
-0.0335147
-0.0360731
-0.0415557
-0.0447464
-0.0432709
-0.0383223
-0.0322729
-0.0255204
-0.0156561
-0.0001882
0.0195089
0.0374004
0.0469730
0.0467285
0.0411200
0.0355794
0.0309251
0.0234242
0.0105097
-0.0044744
-0.0144285
-0.0158037
-0.0131646
-0.0157197
-0.0291728
-0.0510693
-0.0736443
-0.0905411
-0.1011566
-0.1099275
-0.1221687
-0.1395667
-0.1581420
-0.1704278
-0.1709206
-0.1605560
-0.1459131
-0.1335813
-0.1252440
-0.1185210
-0.1122465
-0.1094815
-0.1139066
-0.1234998
-0.1298753
-0.1258382
-0.1134982
-0.1032366
-0.1035110
-0.1120904
-0.1182815
-0.1139030
-0.1013092
-0.0899898
-0.0856360
-0.0837424
-0.0748783
-0.0558705
-0.0345326
-0.0227593
-0.0255572
-0.0374270
-0.0488333
-0.0550070
-0.0583280
-0.0634193
-0.0712721
-0.0783884
-0.0809477
-0.0791295
-0.0773172
-0.0804601
-0.0903777
-0.1051989
-0.1218200
-0.1385960
-0.1554295
-0.1709983
-0.1803183
-0.1766828
-0.1578880
-0.1308929
-0.1088700
-0.1018629
-0.1093725
-0.1217753
-0.1289746
-0.1282694
-0.1249528
-0.1259808
-0.1327051
-0.1390738
-0.1369972
-0.1242741
-0.1076183
-0.0971156
-0.0965755
-0.0993156
-0.0945760
-0.0785516
-0.0577612
-0.0403176
-0.0256384
-0.0065180
0.0180684
0.0379021
0.0472456
0.0687020
0.1559997
0.3617898
0.6910291
1.0788279
1.4142153
1.5945687
1.5733111
1.3730349
1.0641492
0.7294422
0.4351640
0.2173687
0.0819557
0.0130968
-0.0151609
-0.0280447
-0.0422785
-0.0627506
-0.0846868
-0.1006114
-0.1078194
-0.1107086
-0.1163642
-0.1279476
-0.1421862
-0.1528786
-0.1566328
-0.1554804
-0.1543784
-0.1563393
-0.1597319
-0.1599052
-0.1533893
-0.1410594
-0.1277722
-0.1186492
-0.1148373
-0.1125903
-0.1070949
-0.0976347
-0.0885980
-0.0849650
-0.0870556
-0.0900670
-0.0885408
-0.0810320
-0.0708541
-0.0628582
-0.0592985
-0.0581496
-0.0553134
-0.0490437
-0.0426167
-0.0422078
-0.0511430
-0.0656794
-0.0769535
-0.0781219
-0.0699519
-0.0589142
-0.0497614
-0.0411107
-0.0291331
-0.0144484
-0.0032514
-0.0009462
-0.0058849
-0.0106063
-0.0091669
-0.0026501
0.0024912
0.0009330
-0.0069182
-0.0163195
-0.0234349
-0.0289177
-0.0367264
-0.0499071
-0.0672547
-0.0833165
-0.0917266
-0.0899269
-0.0819504
-0.0763411
-0.0798444
-0.0918346
-0.1047003
-0.1104199
-0.1077708
-0.1034979
-0.1058021
-0.1159054
-0.1262689
-0.1280506
-0.1204116
-0.1114723
-0.1096191
-0.1149050
-0.1203176
-0.1213189
-0.1224037
-0.1324945
-0.1534780
-0.1745436
-0.1798162
-0.1628187
-0.1332791
-0.1090159
-0.1008312
-0.1050964
-0.1101300
-0.1085673
-0.1032308
-0.1018693
-0.1074128
-0.1141632
-0.1136487
-0.1036316
-0.0904932
-0.0825186
-0.0814692
-0.0812953
-0.0748295
-0.0612652
-0.0472423
-0.0409861
-0.0451461
-0.0547131
-0.0616207
-0.0616071
-0.0571317
-0.0542901
-0.0571953
-0.0646503
-0.0710422
-0.0702861
-0.0604322
-0.0462086
-0.0369341
-0.0390908
-0.0465723
-0.0351171
0.0324476
0.1889929
0.4418357
0.7607353
1.0835581
1.3363573
1.4572548
1.4156317
1.2230115
0.9323041
0.6212388
0.3620919
0.1917941
0.1015922
0.0541388
0.0148293
-0.0274975
-0.0647734
-0.0891413
-0.1049744
-0.1223989
-0.1434073
-0.1587517
-0.1591513
-0.1469631
-0.1346011
-0.1317832
-0.1360715
-0.1368568
-0.1278134
-0.1139462
-0.1060141
-0.1091833
-0.1182101
-0.1231630
-0.1185873
-0.1072925
-0.0968826
-0.0934210
-0.0973130
-0.1038454
-0.1076406
-0.1075327
-0.1077058
-0.1138472
-0.1275153
-0.1436975
-0.1539301
-0.1525636
-0.1407266
-0.1243487
-0.1083771
-0.0933402
-0.0775945
-0.0618665
-0.0502730
-0.0465794
-0.0498969
-0.0542301
-0.0523201
-0.0407336
-0.0224051
-0.0046471
0.0060620
0.0085934
0.0075097
0.0089464
0.0150878
0.0216891
0.0214557
0.0112573
-0.0036076
-0.0134565
-0.0135277
-0.0089693
-0.0099473
-0.0219441
-0.0412325
-0.0594958
-0.0720994
-0.0815948
-0.0936026
-0.1099635
-0.1263496
-0.1364645
-0.1381139
-0.1351535
-0.1342015
-0.1398067
-0.1519862
-0.1673618
-0.1825775
-0.1969446
-0.2113852
-0.2243634
-0.2299052
-0.2217203
-0.2003436
-0.1753637
-0.1589592
-0.1560843
-0.1608028
-0.1628210
-0.1581556
-0.1529560
-0.1558098
-0.1663595
-0.1732563
-0.1648980
-0.1416999
-0.1160048
-0.0991405
-0.0898245
-0.0773269
-0.0563868
-0.0358115
-0.0265805
-0.0174384
0.0355851
0.1872221
0.4605787
0.8188273
1.1755889
1.4362426
1.5398631
1.4772129
1.2827031
1.0140777
0.7327336
0.4886138
0.3093741
0.1962183
0.1299032
0.0845103
0.0402308
-0.0113514
-0.0681013
-0.1202388
-0.1553496
-0.1665960
-0.1592985
-0.1480618
-0.1447436
-0.1486449
-0.1495700
-0.1407987
-0.1276878
-0.1221113
-0.1290188
-0.1408108
-0.1462884
-0.1434694
-0.1408928
-0.1463158
-0.1569784
-0.1628122
-0.1578118
-0.1460925
-0.1369360
-0.1356605
-0.1399957
-0.1441997
-0.1452707
-0.1448630
-0.1460219
-0.1490453
-0.1505907
-0.1461838
-0.1337880
-0.1163765
-0.1016438
-0.0972596
-0.1038158
-0.1125307
-0.1124907
-0.1017252
-0.0898661
-0.0878051
-0.0945110
-0.0958110
-0.0779534
-0.0424236
-0.0058524
0.0157406
0.0215285
0.0232365
0.0291338
0.0342891
0.0285000
0.0110609
-0.0066078
-0.0137667
-0.0128517
-0.0166988
-0.0338630
-0.0589287
-0.0785473
-0.0859939
-0.0877625
-0.0952867
-0.1118156
-0.1290357
-0.1359252
-0.1292534
-0.1156198
-0.1051360
-0.1036586
-0.1093767
-0.1153352
-0.1156393
-0.1101694
-0.1032257
-0.0973672
-0.0896124
-0.0753358
-0.0560178
-0.0402599
-0.0321357
-0.0149539
0.0516941
0.2114268
0.4787163
0.8204471
1.1665680
1.4399771
1.5834354
1.5719733
1.4152267
1.1556538
0.8591986
0.5930903
0.3977773
0.2722755
0.1865741
0.1119640
0.0426066
-0.0097148
-0.0377876
-0.0516631
-0.0689480
-0.0964075
-0.1247639
-0.1412128
-0.1441804
-0.1443614
-0.1524833
-0.1680088
-0.1805636
-0.1815480
-0.1729871
-0.1648877
-0.1653536
-0.1742926
-0.1857767
-0.1948686
-0.2019644
-0.2112910
-0.2250974
-0.2388183
-0.2429082
-0.2314025
-0.2091958
-0.1894542
-0.1824313
-0.1866100
-0.1911318
-0.1869470
-0.1753299
-0.1651440
-0.1619163
-0.1608692
-0.1521675
-0.1326361
-0.1101071
-0.0951141
-0.0898557
-0.0871797
-0.0798389
-0.0685746
-0.0600608
-0.0578525
-0.0571326
-0.0495604
-0.0329665
-0.0145969
-0.0037780
-0.0027184
-0.0065330
-0.0116157
-0.0207470
-0.0381870
-0.0615869
-0.0817604
-0.0914825
-0.0934329
-0.0979181
-0.1120084
-0.1314262
-0.1444005
-0.1439809
-0.1355591
-0.1313497
-0.1379937
-0.1503086
-0.1565999
-0.1493187
-0.1313641
-0.1134131
-0.1050206
-0.1071103
-0.1125969
-0.1143888
-0.1122914
-0.1115653
-0.1154269
-0.1203938
-0.1197038
-0.1110323
-0.1000689
-0.0954839
-0.0998881
-0.1067193
-0.1074238
-0.1012673
-0.0961345
-0.0991546
-0.1082497
-0.1141178
-0.1096081
-0.0961111
-0.0815555
-0.0735310
-0.0739604
-0.0776958
-0.0723409
-0.0367703
0.0582618
0.2402931
0.5157428
0.8531410
1.1844489
1.4278676
1.5200429
1.4405826
1.2179759
0.9158871
0.6074666
0.3501083
0.1711470
0.0676699
0.0169691
-0.0085868
-0.0290514
-0.0521968
-0.0770647
-0.1006317
-0.1219928
-0.1426216
-0.1642051
-0.1858727
-0.2031759
-0.2109618
-0.2084845
-0.2013642
-0.1975503
-0.2009867
-0.2089858
-0.2153244
-0.2160883
-0.2132346
-0.2123534
-0.2162020
-0.2208861
-0.2198787
-0.2118855
-0.2029576
-0.1996568
-0.2009969
-0.1986705
-0.1859397
-0.1660247
-0.1505100
-0.1479000
-0.1536408
-0.1534260
-0.1378183
-0.1123621
-0.0914832
-0.0832587
-0.0823786
-0.0779816
-0.0660351
-0.0526708
-0.0463580
-0.0483573
-0.0514464
-0.0475939
-0.0358882
-0.0223867
-0.0132518
-0.0097093
-0.0093882
-0.0103074
-0.0126506
-0.0182687
-0.0294731
-0.0468040
-0.0666045
-0.0821305
-0.0893571
-0.0920362
-0.0994917
-0.1179166
-0.1434660
-0.1649704
-0.1751638
-0.1793302
-0.1903032
-0.2127787
-0.2343353
-0.2357239
-0.2109465
-0.1749094
-0.1499495
-0.1459023
-0.1539466
-0.1582627
-0.1517847
-0.1406077
-0.1347386
-0.1365024
-0.1387563
-0.1332033
-0.1185361
-0.1005800
-0.0864894
-0.0791336
-0.0748381
-0.0657376
-0.0471751
-0.0249445
-0.0120426
-0.0121205
-0.0031146
0.0603709
0.2222508
0.4940218
0.8396860
1.1865098
1.4535804
1.5805455
1.5439390
1.3603425
1.0804589
0.7741644
0.5064806
0.3137456
0.1948813
0.1229488
0.0667440
0.0077505
-0.0548326
-0.1099326
-0.1459060
-0.1600001
-0.1601399
-0.1588579
-0.1644947
-0.1757960
-0.1838576
-0.1809241
-0.1689674
-0.1586907
-0.1585665
-0.1658004
-0.1699501
-0.1649286
-0.1555027
-0.1517429
-0.1583816
-0.1701135
-0.1769100
-0.1738036
-0.1654153
-0.1607090
-0.1640069
-0.1721871
-0.1796915
-0.1837450
-0.1844584
-0.1826606
-0.1793264
-0.1755550
-0.1715256
-0.1662827
-0.1594779
-0.1524539
-0.1468007
-0.1425249
-0.1382995
-0.1332371
-0.1283374
-0.1262148
-0.1282779
-0.1310793
-0.1266627
-0.1087984
-0.0792188
-0.0466862
-0.0201041
-0.0031067
0.0059920
0.0108649
0.0133733
0.0116403
0.0024214
-0.0134387
-0.0290366
-0.0369755
-0.0368866
-0.0360975
-0.0426822
-0.0581713
-0.0763672
-0.0887994
-0.0922945
-0.0918330
-0.0951474
-0.1042563
-0.1134538
-0.1157141
-0.1095598
-0.0996226
-0.0924894
-0.0923294
-0.0982723
-0.1051070
-0.1084522
-0.1101656
-0.1167727
-0.1312719
-0.1479323
-0.1568822
-0.1539698
-0.1459012
-0.1453784
-0.1596736
-0.1826415
-0.1990427
-0.1984927
-0.1847102
-0.1701268
-0.1629873
-0.1614088
-0.1580887
-0.1477970
-0.1311520
-0.1142175
-0.1045613
-0.1051650
-0.1113136
-0.1146990
-0.1111798
-0.1042926
-0.1013902
-0.1062110
-0.1143808
-0.1167193
-0.1086903
-0.0959492
-0.0877692
-0.0854010
-0.0812970
-0.0711800
-0.0616464
-0.0600516
-0.0565002
-0.0191666
0.0885983
0.2808716
0.5316449
0.7809350
0.9615912
1.0285507
0.9727777
0.8176737
0.6070944
0.3909958
0.2100157
0.0840381
0.0114866
-0.0222149
-0.0351568
-0.0424739
-0.0522454
-0.0652095
-0.0794064
-0.0944528
-0.1100604
-0.1228608
-0.1287663
-0.1286268
-0.1285950
-0.1336064
-0.1413717
-0.1437135
-0.1350276
-0.1204786
-0.1136790
-0.1222844
-0.1368241
-0.1398455
-0.1278634
-0.1179239
-0.1274320
-0.1512731
-0.1652879
-0.1527403
-0.1233905
-0.1042314
-0.1118819
-0.1356079
-0.1494305
-0.1408143
-0.1233766
-0.1185533
-0.1293091
-0.1385453
-0.1317997
-0.1138563
-0.1010947
-0.1030341
-0.1144383
-0.1223327
-0.1180730
-0.1039004
-0.0893206
-0.0813882
-0.0792344
-0.0774930
-0.0717786
-0.0599502
-0.0427263
-0.0261188
-0.0188975
-0.0231723
-0.0305462
-0.0319708
-0.0288983
-0.0303517
-0.0408039
-0.0549130
-0.0633712
-0.0616372
-0.0542770
-0.0519784
-0.0619538
-0.0801347
-0.0952851
-0.1011004
-0.1011749
-0.1027707
-0.1103584
-0.1246381
-0.1418228
-0.1535163
-0.1538122
-0.1479682
-0.1481916
-0.1592113
-0.1732311
-0.1804023
-0.1792560
-0.1755654
-0.1752369
-0.1790762
-0.1811347
-0.1726727
-0.1507926
-0.1215131
-0.0920408
-0.0640714
-0.0368290
-0.0073449
0.0415391
0.1469317
0.3455122
0.6418758
0.9963948
1.3385243
1.5905963
1.6936479
1.6300351
1.4285438
1.1467912
0.8481567
0.5870226
0.3956386
0.2721972
0.1884787
0.1182066
0.0554714
0.0058402
-0.0286300
-0.0510632
-0.0676576
-0.0882789
-0.1182812
-0.1476035
-0.1615290
-0.1638810
-0.1730354
-0.1927711
-0.2065221
-0.2047306
-0.1975484
-0.1954596
-0.1983663
-0.2078715
-0.2264524
-0.2409097
-0.2352220
-0.2242980
-0.2392888
-0.2691587
-0.2587384
-0.1873208
