0.0891474
0.0729940
0.0525487
0.0480535
0.0540904
0.0523407
0.0392635
0.0262328
0.0182970
0.0086439
-0.0062728
-0.0191214
-0.0223539
-0.0185496
-0.0171191
-0.0245312
-0.0380213
-0.0463096
-0.0390082
-0.0191428
-0.0032791
-0.0045386
-0.0183718
-0.0299722
-0.0323161
-0.0304992
-0.0306356
-0.0322915
-0.0328802
-0.0334594
-0.0369057
-0.0425572
-0.0450082
-0.0388383
-0.0251886
-0.0131104
-0.0118228
-0.0208467
-0.0304419
-0.0329148
-0.0305735
-0.0309465
-0.0372695
-0.0462049
-0.0526485
-0.0540482
-0.0512503
-0.0473169
-0.0450610
-0.0447410
-0.0447692
-0.0446021
-0.0452257
-0.0466985
-0.0475454
-0.0474297
-0.0484252
-0.0524192
-0.0584535
-0.0633987
-0.0643684
-0.0603553
-0.0528183
-0.0451325
-0.0405889
-0.0404308
-0.0435941
-0.0473632
-0.0482213
-0.0444332
-0.0394381
-0.0403734
-0.0500866
-0.0615431
-0.0635635
-0.0527108
-0.0371870
-0.0281441
-0.0288626
-0.0334897
-0.0349992
-0.0324074
-0.0297997
-0.0299852
-0.0316756
-0.0335035
-0.0377482
-0.0465135
-0.0552593
-0.0549895
-0.0430227
-0.0284736
-0.0237545
-0.0315385
-0.0425310
-0.0458262
-0.0394634
-0.0306172
-0.0273656
-0.0317589
-0.0402434
-0.0483885
-0.0531353
-0.0514648
-0.0409088
-0.0240666
-0.0104292
-0.0093834
-0.0202852
-0.0319259
-0.0335880
-0.0257686
-0.0188756
-0.0218236
-0.0329029
-0.0420018
-0.0411072
-0.0316617
-0.0213782
-0.0154016
-0.0128091
-0.0113470
-0.0119625
-0.0162026
-0.0213037
-0.0218309
-0.0169185
-0.0130933
-0.0175207
-0.0288477
-0.0367796
-0.0321847
-0.0173259
-0.0045728
-0.0041750
-0.0143113
-0.0242702
-0.0262384
-0.0218718
-0.0178837
-0.0183321
-0.0226207
-0.0286806
-0.0352511
-0.0412390
-0.0452524
-0.0473022
-0.0503641
-0.0585477
-0.0725878
-0.0877368
-0.0978377
-0.1020937
-0.1062996
-0.1158687
-0.1283260
-0.1343409
-0.1262849
-0.1048257
-0.0774444
-0.0520908
-0.0327608
-0.0196313
-0.0113860
-0.0066023
-0.0037051
-0.0011822
0.0012276
0.0023227
0.0018526
0.0031989
0.0121813
0.0320909
0.0598071
0.0865702
0.1026794
0.1045301
0.1028930
0.1275469
0.2196929
0.4102147
0.6965261
1.0367014
1.3666354
1.6258942
1.7724448
1.7819305
1.6455541
1.3789768
1.0335488
0.6879118
0.4139618
0.2411011
0.1498323
0.0986404
0.0571644
0.0180703
-0.0137346
-0.0354209
-0.0496908
-0.0602401
-0.0691361
-0.0783112
-0.0896105
-0.1014622
-0.1082515
-0.1066019
-0.1017339
-0.1037168
-0.1157455
-0.1288338
-0.1308888
-0.1199098
-0.1055461
-0.0980482
-0.0987542
-0.1023545
-0.1053015
-0.1084683
-0.1122659
-0.1135549
-0.1103200
-0.1072323
-0.1118164
-0.1236474
-0.1310891
-0.1228409
-0.1020400
-0.0850385
-0.0847685
-0.0976764
-0.1089019
-0.1085848
-0.1004101
-0.0945659
-0.0954382
-0.0980679
-0.0951022
-0.0843368
-0.0689011
-0.0526271
-0.0377478
-0.0262260
-0.0199555
-0.0180648
-0.0160080
-0.0097528
-0.0005055
0.0066730
0.0092636
0.0107728
0.0169332
0.0291721
0.0427718
0.0514064
0.0529597
0.0509050
0.0505414
0.0541031
0.0588644
0.0591365
0.0505411
0.0342045
0.0178333
0.0110065
0.0165832
0.0261386
0.0259925
0.0096947
-0.0155561
-0.0356947
-0.0428682
-0.0414748
-0.0419620
-0.0499055
-0.0614911
-0.0686525
-0.0673345
-0.0605949
-0.0548924
-0.0545496
-0.0593280
-0.0655935
-0.0690623
-0.0677411
-0.0637993
-0.0623743
-0.0671282
-0.0762664
-0.0832887
-0.0821588
-0.0722214
-0.0588751
-0.0499276
-0.0503774
-0.0589338
-0.0687609
-0.0725971
-0.0688839
-0.0635770
-0.0649259
-0.0748900
-0.0854631
-0.0850493
-0.0700605
-0.0499843
-0.0396176
-0.0457262
-0.0616508
-0.0746139
-0.0772099
-0.0720179
-0.0671963
-0.0691884
-0.0784944
-0.0898466
-0.0955945
-0.0908544
-0.0778865
-0.0658073
-0.0640082
-0.0738653
-0.0870040
-0.0931477
-0.0900989
-0.0850024
-0.0854793
-0.0909993
-0.0942495
-0.0900264
-0.0808670
-0.0737936
-0.0731621
-0.0775510
-0.0824867
-0.0846802
-0.0837369
-0.0813605
-0.0800978
-0.0822484
-0.0882087
-0.0949367
-0.0970961
-0.0915543
-0.0813187
-0.0739905
-0.0751973
-0.0833352
-0.0910543
-0.0921162
-0.0870250
-0.0821252
-0.0829469
-0.0880848
-0.0899635
-0.0824873
-0.0681035
-0.0564734
-0.0554283
-0.0634276
-0.0714965
-0.0726046
-0.0686092
-0.0675837
-0.0745588
-0.0856133
-0.0915693
-0.0871942
-0.0761068
-0.0667198
-0.0642601
-0.0671154
-0.0700036
-0.0695525
-0.0669390
-0.0662046
-0.0705221
-0.0794357
-0.0887213
-0.0926687
-0.0874435
-0.0739494
-0.0585077
-0.0498394
-0.0529696
-0.0644665
-0.0743670
-0.0747260
-0.0672623
-0.0619183
-0.0667352
-0.0789082
-0.0866991
-0.0811066
-0.0655457
-0.0530613
-0.0535596
-0.0644410
-0.0743030
-0.0750017
-0.0688902
-0.0646100
-0.0675112
-0.0749893
-0.0800641
-0.0781021
-0.0702399
-0.0617258
-0.0578081
-0.0604433
-0.0673681
-0.0736515
-0.0751402
-0.0719136
-0.0686261
-0.0703251
-0.0770980
-0.0833754
-0.0834282
-0.0774764
-0.0715764
-0.0711733
-0.0752328
-0.0772281
-0.0718781
-0.0605002
-0.0493742
-0.0429372
-0.0391380
-0.0318572
-0.0175596
0.0009494
0.0170565
0.0258657
0.0274487
0.0260120
0.0266948
0.0321884
0.0406692
0.0465341
0.0446720
0.0359632
0.0288106
0.0333438
0.0519902
0.0756644
0.0910025
0.0925237
0.0869191
0.0843149
0.0860055
0.0824890
0.0639444
0.0313219
-0.0038007
-0.0295521
-0.0430156
-0.0500461
-0.0580008
-0.0695943
-0.0824678
-0.0924951
-0.0970156
-0.0965789
-0.0949200
-0.0959798
-0.0985896
-0.0943063
-0.0740173
-0.0396563
-0.0078253
0.0037466
-0.0013836
0.0118763
0.0947469
0.2825054
0.5702738
0.9140765
1.2519886
1.5251783
1.6858254
1.6982881
1.5477079
1.2566041
0.8914115
0.5417581
0.2788653
0.1224473
0.0423714
-0.0076070
-0.0540893
-0.0950800
-0.1186857
-0.1248521
-0.1277714
-0.1407752
-0.1634312
-0.1845451
-0.1954621
-0.1982218
-0.2011429
-0.2085451
-0.2161611
-0.2163398
-0.2068063
-0.1938306
-0.1867935
-0.1895564
-0.1969438
-0.1998701
-0.1945084
-0.1865546
-0.1856592
-0.1949225
-0.2064465
-0.2085751
-0.1978705
-0.1829749
-0.1759160
-0.1801209
-0.1878074
-0.1889416
-0.1817274
-0.1737270
-0.1730853
-0.1793862
-0.1834582
-0.1760924
-0.1569375
-0.1350518
-0.1208066
-0.1168198
-0.1162031
-0.1095627
-0.0940815
-0.0758796
-0.0632010
-0.0573656
-0.0511669
-0.0366372
-0.0137730
0.0093063
0.0247094
0.0323316
0.0387404
0.0492903
0.0622838
0.0710805
0.0713934
0.0660314
0.0626058
0.0669128
0.0782302
0.0900506
0.0948782
0.0892939
0.0760439
0.0617478
0.0515005
0.0445616
0.0355139
0.0206305
0.0033031
-0.0078909
-0.0077408
-0.0011012
0.0001596
-0.0118324
-0.0329415
-0.0509116
-0.0576231
-0.0566482
-0.0578932
-0.0656042
-0.0734765
-0.0722576
-0.0609013
-0.0485823
-0.0455010
-0.0528257
-0.0625866
-0.0670302
-0.0667544
-0.0688592
-0.0776912
-0.0887568
-0.0925627
-0.0843135
-0.0693729
-0.0589007
-0.0598204
-0.0686593
-0.0751408
-0.0722218
-0.0629842
-0.0575753
-0.0630365
-0.0759620
-0.0851886
-0.0819233
-0.0677297
-0.0531266
-0.0483346
-0.0546391
-0.0639933
-0.0669486
-0.0615068
-0.0547306
-0.0556403
-0.0659891
-0.0776261
-0.0793603
-0.0674778
-0.0501359
-0.0408603
-0.0465490
-0.0611987
-0.0716246
-0.0698933
-0.0605174
-0.0555409
-0.0624175
-0.0764696
-0.0851816
-0.0801274
-0.0649875
-0.0520557
-0.0510009
-0.0609125
-0.0725719
-0.0774474
-0.0743791
-0.0689074
-0.0676497
-0.0731465
-0.0822952
-0.0884103
-0.0856740
-0.0738340
-0.0596438
-0.0524123
-0.0561216
-0.0656150
-0.0719557
-0.0722027
-0.0724514
-0.0796384
-0.0912715
-0.0960681
-0.0861479
-0.0671135
-0.0538943
-0.0563326
-0.0700334
-0.0817443
-0.0825894
-0.0752521
-0.0693144
-0.0714526
-0.0803731
-0.0893690
-0.0921165
-0.0867435
-0.0765199
-0.0674803
-0.0639547
-0.0647588
-0.0638426
-0.0558573
-0.0415405
-0.0271413
-0.0182856
-0.0147308
-0.0111749
-0.0026016
0.0114532
0.0270499
0.0390547
0.0443232
0.0432552
0.0395039
0.0377280
0.0401267
0.0445633
0.0469772
0.0464561
0.0472927
0.0548151
0.0691305
0.0839558
0.0919026
0.0900785
0.0801945
0.0645463
0.0435656
0.0172407
-0.0126236
-0.0423820
-0.0679146
-0.0853259
-0.0917607
-0.0881045
-0.0812813
-0.0809624
-0.0908626
-0.1036069
-0.1072319
-0.0981287
-0.0853584
-0.0798643
-0.0809619
-0.0772943
-0.0615891
-0.0393630
-0.0169893
0.0196189
0.1091846
0.2911965
0.5729345
0.9162614
1.2527470
1.5103133
1.6323090
1.5874819
1.3795320
1.0547400
0.6935384
0.3796039
0.1629644
0.0440356
-0.0111184
-0.0405295
-0.0660258
-0.0927694
-0.1191407
-0.1434848
-0.1643802
-0.1797259
-0.1882751
-0.1914512
-0.1925707
-0.1944814
-0.1982986
-0.2035695
-0.2085580
-0.2108434
-0.2093601
-0.2065533
-0.2072167
-0.2135122
-0.2211220
-0.2219098
-0.2117373
-0.1955154
-0.1835173
-0.1821278
-0.1883659
-0.1934781
-0.1912518
-0.1824262
-0.1718473
-0.1627576
-0.1541198
-0.1422156
-0.1237753
-0.0982784
-0.0689525
-0.0420508
-0.0235842
-0.0146854
-0.0097588
-0.0007036
0.0154202
0.0329588
0.0432573
0.0446306
0.0462678
0.0611087
0.0942799
0.1383634
0.1793613
0.2065819
0.2175361
0.2159094
0.2072093
0.1960821
0.1850870
0.1737925
0.1595808
0.1415775
0.1245652
0.1169801
0.1224445
0.1332656
0.1349407
0.1193031
0.0927770
0.0698242
0.0577887
0.0496290
0.0327084
0.0038004
-0.0265666
-0.0451989
-0.0502139
-0.0525583
-0.0641670
-0.0864298
-0.1108495
-0.1290236
-0.1395596
-0.1456024
-0.1489234
-0.1491587
-0.1477744
-0.1489194
-0.1537954
-0.1555125
-0.1432727
-0.1141969
-0.0802818
-0.0606402
-0.0637323
-0.0749455
-0.0601095
0.0185715
0.1856321
0.4417612
0.7594346
1.0843410
1.3463938
1.4824446
1.4626001
1.3039836
1.0613068
0.8000437
0.5700095
0.3936637
0.2697569
0.1836243
0.1171006
0.0566132
-0.0013010
-0.0503795
-0.0823219
-0.0962091
-0.1008755
-0.1078317
-0.1219803
-0.1392182
-0.1521973
-0.1574424
-0.1573571
-0.1572243
-0.1614113
-0.1711552
-0.1835250
-0.1919713
-0.1902878
-0.1787483
-0.1662764
-0.1640085
-0.1747812
-0.1895517
-0.1958815
-0.1903531
-0.1815320
-0.1800395
-0.1866968
-0.1919037
-0.1866165
-0.1722605
-0.1586925
-0.1534039
-0.1546293
-0.1551876
-0.1508879
-0.1432791
-0.1351753
-0.1264898
-0.1159399
-0.1049746
-0.0969596
-0.0917393
-0.0833080
-0.0654574
-0.0397868
-0.0159801
-0.0026113
0.0016594
0.0063393
0.0186381
0.0360840
0.0501040
0.0558144
0.0569828
0.0615909
0.0738095
0.0907001
0.1055638
0.1133204
0.1132004
0.1080815
0.1021531
0.0980258
0.0942267
0.0853180
0.0662638
0.0383127
0.0102386
-0.0079048
-0.0133759
-0.0131010
-0.0172021
-0.0301829
-0.0482083
-0.0639987
-0.0734124
-0.0776375
-0.0806532
-0.0857872
-0.0940491
-0.1038593
-0.1114010
-0.1123768
-0.1054498
-0.0947388
-0.0878724
-0.0900133
-0.0990993
-0.1072837
-0.1077632
-0.1008638
-0.0938601
-0.0947263
-0.1052892
-0.1195132
-0.1281118
-0.1255347
-0.1138711
-0.1010961
-0.0954408
-0.0999970
-0.1109592
-0.1204498
-0.1221891
-0.1163276
-0.1096732
-0.1103798
-0.1208042
-0.1347862
-0.1425052
-0.1390096
-0.1283943
-0.1195617
-0.1180464
-0.1221689
-0.1264799
-0.1275285
-0.1257699
-0.1233236
-0.1218916
-0.1229405
-0.1277383
-0.1352767
-0.1407605
-0.1385802
-0.1282958
-0.1168597
-0.1130942
-0.1192845
-0.1289518
-0.1335219
-0.1307168
-0.1257953
-0.1250963
-0.1295374
-0.1345500
-0.1350787
-0.1296509
-0.1203722
-0.1106807
-0.1035126
-0.1000532
-0.0985353
-0.0945208
-0.0843303
-0.0694290
-0.0564158
-0.0507619
-0.0502128
-0.0459670
-0.0317187
-0.0109609
0.0060071
0.0122308
0.0099372
0.0061400
0.0046046
0.0042672
0.0045236
0.0082521
0.0171960
0.0264090
0.0276880
0.0202112
0.0148053
0.0235829
0.0448119
0.0611624
0.0555360
0.0279379
-0.0053142
-0.0288621
-0.0424478
-0.0570719
-0.0797086
-0.1051344
-0.1228844
-0.1288998
-0.1277678
-0.1250934
-0.1215207
-0.1155172
-0.1089951
-0.1064185
-0.1081290
-0.1075563
-0.0973688
-0.0778681
-0.0576440
-0.0452562
-0.0396513
-0.0261415
0.0215386
0.1344796
0.3363135
0.6269433
0.9718363
1.3083350
1.5683339
1.7016289
1.6850772
1.5198730
1.2308311
0.8712990
0.5188337
0.2481911
0.0937239
0.0331912
0.0110318
-0.0177146
-0.0612665
-0.1014638
-0.1227793
-0.1285075
-0.1328954
-0.1447491
-0.1617244
-0.1769882
-0.1864286
-0.1892319
-0.1859841
-0.1796019
-0.1764352
-0.1822488
-0.1955357
-0.2070563
-0.2085623
-0.2017297
-0.1964405
-0.1996630
-0.2077175
-0.2108890
-0.2045394
-0.1934730
-0.1853224
-0.1822124
-0.1807836
-0.1787235
-0.1777824
-0.1794365
-0.1805532
-0.1765527
-0.1683023
-0.1623904
-0.1627050
-0.1638330
-0.1560242
-0.1369062
-0.1155096
-0.1028679
-0.1000715
-0.0979324
-0.0880933
-0.0718581
-0.0570115
-0.0481326
-0.0425404
-0.0350516
-0.0236659
-0.0093369
0.0074507
0.0268127
0.0462540
0.0602008
0.0648520
0.0628465
0.0613573
0.0651738
0.0725335
0.0779198
0.0778634
0.0734247
0.0681751
0.0652742
0.0661422
0.0698924
0.0727924
0.0694228
0.0565380
0.0365975
0.0165741
0.0022823
-0.0060957
-0.0126738
-0.0208063
-0.0303015
-0.0391654
-0.0461943
-0.0507250
-0.0512124
-0.0465589
-0.0393738
-0.0356486
-0.0388893
-0.0450585
-0.0458357
-0.0380079
-0.0278900
-0.0242650
-0.0273680
-0.0273813
-0.0151072
0.0074155
0.0288292
0.0403424
0.0434762
0.0456488
0.0506703
0.0559110
0.0575967
0.0554532
0.0510082
0.0441232
0.0343732
0.0253299
0.0239949
0.0337895
0.0492611
0.0598699
0.0592189
0.0493916
0.0363986
0.0233621
0.0092518
-0.0074050
-0.0260951
-0.0455257
-0.0647138
-0.0814008
-0.0911640
-0.0910105
-0.0843255
-0.0799635
-0.0844347
-0.0954675
-0.1048493
-0.1076013
-0.1067149
-0.1081359
-0.1126548
-0.1146375
-0.1083621
-0.0934959
-0.0737605
-0.0526062
-0.0326240
-0.0175604
-0.0092329
0.0023940
0.0455357
0.1573734
0.3615056
0.6489101
0.9771979
1.2864286
1.5176839
1.6249212
1.5825426
1.3939873
1.0978769
0.7615082
0.4580410
0.2378941
0.1115819
0.0538460
0.0247748
-0.0060157
-0.0461649
-0.0845078
-0.1070835
-0.1118018
-0.1099374
-0.1146266
-0.1287657
-0.1444492
-0.1531158
-0.1543122
-0.1540903
-0.1568943
-0.1613485
-0.1636362
-0.1623392
-0.1584769
-0.1525364
-0.1442226
-0.1353415
-0.1303737
-0.1321345
-0.1376065
-0.1401814
-0.1366709
-0.1308281
-0.1288274
-0.1317472
-0.1336490
-0.1273251
-0.1114443
-0.0919936
-0.0772454
-0.0712834
-0.0713552
-0.0705314
-0.0632871
-0.0497444
-0.0350980
-0.0243850
-0.0171954
-0.0076946
