0.0188560
-0.0698348
0.0092810
0.0517306
0.0134660
0.0004641
0.0405219
0.0558830
0.0275906
0.0200883
0.0480676
0.0538559
0.0192678
-0.0114956
-0.0223486
-0.0432173
-0.0768363
-0.0908374
-0.0831178
-0.0843003
-0.0983935
-0.1025906
-0.0980985
-0.1049828
-0.1170826
-0.1132902
-0.1010310
-0.1019233
-0.1087829
-0.0997126
-0.0792678
-0.0665360
-0.0579678
-0.0348350
0.0122739
0.0969147
0.2505622
0.4880062
0.7741383
1.0484361
1.2619856
1.3720469
1.3330099
1.1294943
0.8082246
0.4571107
0.1601538
-0.0287754
-0.1013467
-0.1017182
-0.0945636
-0.1092472
-0.1288219
-0.1343071
-0.1329877
-0.1376835
-0.1465805
-0.1544635
-0.1620438
-0.1662321
-0.1603018
-0.1484081
-0.1424734
-0.1436060
-0.1438401
-0.1440709
-0.1515035
-0.1623185
-0.1660464
-0.1644131
-0.1681238
-0.1783960
-0.1875883
-0.1929213
-0.1946688
-0.1878544
-0.1708605
-0.1550622
-0.1519267
-0.1579003
-0.1634117
-0.1667235
-0.1676972
-0.1602228
-0.1440341
-0.1328284
-0.1372340
-0.1484884
-0.1498491
-0.1362024
-0.1148269
-0.0959082
-0.0878396
-0.0913680
-0.0938859
-0.0806889
-0.0550129
-0.0348582
-0.0282079
-0.0252132
-0.0167563
-0.0055993
0.0044070
0.0160884
0.0313636
0.0468136
0.0595255
0.0685912
0.0716081
0.0690890
0.0695017
0.0791829
0.0903683
0.0902343
0.0786387
0.0664316
0.0599676
0.0574473
0.0563267
0.0542898
0.0468094
0.0325469
0.0170332
0.0041396
-0.0101024
-0.0287361
-0.0464013
-0.0574965
-0.0641801
-0.0695508
-0.0707460
-0.0656284
-0.0591498
-0.0571000
-0.0599608
-0.0667155
-0.0770743
-0.0868653
-0.0899245
-0.0878805
-0.0896297
-0.0981828
-0.1060194
-0.1055559
-0.0966336
-0.0830385
-0.0698342
-0.0640770
-0.0691946
-0.0781734
-0.0803238
-0.0746012
-0.0690480
-0.0687955
-0.0722515
-0.0767866
-0.0801077
-0.0781982
-0.0696324
-0.0599627
-0.0554557
-0.0554338
-0.0562942
-0.0583773
-0.0626255
-0.0655570
-0.0644237
-0.0629990
-0.0660612
-0.0721103
-0.0764213
-0.0768940
-0.0731732
-0.0655439
-0.0582424
-0.0576644
-0.0635817
-0.0681034
-0.0664684
-0.0628324
-0.0628692
-0.0669676
-0.0729114
-0.0789057
-0.0821159
-0.0804228
-0.0770086
-0.0774454
-0.0819326
-0.0862282
-0.0893402
-0.0934614
-0.0972706
-0.0967880
-0.0926979
-0.0901126
-0.0912364
-0.0938522
-0.0959260
-0.0964139
-0.0934616
-0.0872450
-0.0825600
-0.0836189
-0.0884765
-0.0925798
-0.0945757
-0.0949744
-0.0934665
-0.0915546
-0.0929430
-0.0969558
-0.0965304
-0.0873522
-0.0745078
-0.0659079
-0.0633032
-0.0631143
-0.0614857
-0.0553122
-0.0428872
-0.0267635
-0.0123662
-0.0019778
0.0063731
0.0140712
0.0209110
0.0284727
0.0382650
0.0462273
0.0455322
0.0360945
0.0260732
0.0230472
0.0276860
0.0352781
0.0390064
0.0334468
0.0204418
0.0105437
0.0134544
0.0274297
0.0413508
0.0449325
0.0337893
0.0091131
-0.0217544
-0.0476214
-0.0627202
-0.0726253
-0.0867152
-0.1062723
-0.1232935
-0.1291536
-0.1221330
-0.1090378
-0.1010884
-0.1046744
-0.1143296
-0.1180463
-0.1100208
-0.0940822
-0.0756977
-0.0580877
-0.0468086
-0.0477985
-0.0533690
-0.0338675
0.0501027
0.2236901
0.4801728
0.7782547
1.0540396
1.2425348
1.2976985
1.2027758
0.9744411
0.6643665
0.3486055
0.0979435
-0.0534995
-0.1156784
-0.1242052
-0.1163315
-0.1158538
-0.1280344
-0.1442264
-0.1542763
-0.1562490
-0.1549383
-0.1550053
-0.1583916
-0.1648940
-0.1715005
-0.1735403
-0.1695124
-0.1628285
-0.1573228
-0.1541858
-0.1543022
-0.1587936
-0.1649731
-0.1665264
-0.1610188
-0.1538317
-0.1519152
-0.1562368
-0.1619540
-0.1632726
-0.1573423
-0.1465873
-0.1378519
-0.1361230
-0.1388591
-0.1394020
-0.1352391
-0.1294534
-0.1252430
-0.1231482
-0.1225276
-0.1211957
-0.1144241
-0.0990645
-0.0787035
-0.0609766
-0.0497606
-0.0425394
-0.0342368
-0.0210011
-0.0021116
0.0186892
0.0353102
0.0455319
0.0537220
0.0656546
0.0830158
0.1044312
0.1281501
0.1511168
0.1689927
0.1805720
0.1900152
0.2022218
0.2177099
0.2330786
0.2438606
0.2462841
0.2398378
0.2292921
0.2206592
0.2137755
0.2020026
0.1804174
0.1516021
0.1228228
0.1001015
0.0848523
0.0732692
0.0592476
0.0408070
0.0229287
0.0111172
0.0035404
-0.0068584
-0.0237956
-0.0451343
-0.0676742
-0.0898794
-0.1098457
-0.1245241
-0.1323077
-0.1350378
-0.1373752
-0.1440478
-0.1552998
-0.1643788
-0.1630623
-0.1516230
-0.1400884
-0.1374510
-0.1426739
-0.1482839
-0.1492071
-0.1453749
-0.1389014
-0.1318974
-0.1249431
-0.1153498
-0.0990426
-0.0762683
-0.0530980
-0.0335043
-0.0078589
0.0517748
0.1827450
0.4089374
0.7151117
1.0403612
1.3029358
1.4399655
1.4316895
1.2987104
1.0852047
0.8420816
0.6127749
0.4227926
0.2777322
0.1700327
0.0881896
0.0231824
-0.0294398
-0.0718424
-0.1071732
-0.1382127
-0.1629780
-0.1763154
-0.1783297
-0.1772607
-0.1805039
-0.1859683
-0.1863892
-0.1800157
-0.1728422
-0.1711056
-0.1750549
-0.1804316
-0.1840713
-0.1870771
-0.1921477
-0.1978703
-0.1981288
-0.1899189
-0.1797594
-0.1777242
-0.1853508
-0.1940167
-0.1958621
-0.1919297
-0.1882435
-0.1878614
-0.1889023
-0.1876488
-0.1815114
-0.1704066
-0.1566413
-0.1432183
-0.1324398
-0.1259887
-0.1238945
-0.1219366
-0.1130847
-0.0947593
-0.0728498
-0.0552490
-0.0424281
-0.0269131
-0.0007240
0.0390167
0.0897708
0.1450277
0.1961929
0.2359266
0.2610994
0.2729989
0.2755263
0.2722899
0.2629698
0.2430892
0.2109802
0.1749965
0.1488683
0.1375245
0.1310682
0.1155954
0.0876045
0.0553182
0.0279108
0.0065101
-0.0143807
-0.0387366
-0.0640603
-0.0854985
-0.1035645
-0.1237066
-0.1464181
-0.1623111
-0.1622234
-0.1503806
-0.1419620
-0.1472013
-0.1620082
-0.1749803
-0.1799635
-0.1801005
-0.1819534
-0.1878470
-0.1939775
-0.1953469
-0.1913443
-0.1850218
-0.1779782
-0.1694074
-0.1604180
-0.1546370
-0.1519311
-0.1453609
-0.1287033
-0.1054515
-0.0856787
-0.0714638
-0.0449085
0.0289337
0.1831297
0.4246044
0.7212686
1.0104361
1.2217302
1.2995104
1.2185368
0.9945776
0.6851848
0.3707775
0.1201169
-0.0374736
-0.1140453
-0.1421236
-0.1502286
-0.1517791
-0.1501963
-0.1492145
-0.1550109
-0.1692494
-0.1852234
-0.1945853
-0.1961009
-0.1951275
-0.1964846
-0.2010402
-0.2076461
-0.2143766
-0.2177951
-0.2142479
-0.2033290
-0.1893106
-0.1788299
-0.1766942
-0.1821726
-0.1887338
-0.1893091
-0.1831035
-0.1760731
-0.1741135
-0.1772090
-0.1804779
-0.1789654
-0.1711033
-0.1598523
-0.1512197
-0.1494563
-0.1526531
-0.1544854
-0.1505303
-0.1412879
-0.1294862
-0.1171643
-0.1057930
-0.0965147
-0.0887984
-0.0801142
-0.0678744
-0.0515359
-0.0334555
-0.0182174
-0.0093808
-0.0051341
0.0012899
0.0144583
0.0307838
0.0418781
0.0434094
0.0390637
0.0365252
0.0411219
0.0524468
0.0651084
0.0726439
0.0717130
0.0629767
0.0490690
0.0334726
0.0203206
0.0114862
0.0028996
-0.0124807
-0.0353831
-0.0562752
-0.0638843
-0.0573326
-0.0480640
-0.0496331
-0.0658753
-0.0882832
-0.1043763
-0.1089506
-0.1072702
-0.1078005
-0.1139030
-0.1235292
-0.1337985
-0.1421654
-0.1447468
-0.1384820
-0.1261517
-0.1160062
-0.1143876
-0.1198350
-0.1253162
-0.1255114
-0.1216170
-0.1195319
-0.1233519
-0.1307738
-0.1357875
-0.1355229
-0.1322715
-0.1285452
-0.1234846
-0.1162384
-0.1101171
-0.1098553
-0.1153917
-0.1211651
-0.1221590
-0.1193748
-0.1186886
-0.1241471
-0.1322313
-0.1337791
-0.1232513
-0.1056467
-0.0921105
-0.0885346
-0.0903704
-0.0887235
-0.0794031
-0.0656427
-0.0540052
-0.0481879
-0.0451535
-0.0370932
-0.0191899
0.0037889
0.0199521
0.0199953
0.0040211
-0.0204787
-0.0454533
-0.0667036
-0.0831015
-0.0933802
-0.0956057
-0.0911691
-0.0877044
-0.0937800
-0.1088978
-0.1219900
-0.1230398
-0.1145634
-0.1084400
-0.1121236
-0.1210548
-0.1250579
-0.1197533
-0.1100070
-0.1027191
-0.0979963
-0.0893971
-0.0732471
-0.0546303
-0.0396850
-0.0207725
0.0280854
0.1383327
0.3272291
0.5857634
0.8785176
1.1521056
1.3484649
1.4200554
1.3437522
1.1305732
0.8273780
0.5050125
0.2326153
0.0501638
-0.0431434
-0.0777345
-0.0895808
-0.1002924
-0.1129071
-0.1224254
-0.1286498
-0.1379032
-0.1534767
-0.1686601
-0.1726137
-0.1622453
-0.1458397
-0.1351705
-0.1356171
-0.1433829
-0.1502596
-0.1506978
-0.1456526
-0.1407143
-0.1408330
-0.1465274
-0.1538353
-0.1567215
-0.1508166
-0.1375307
-0.1246870
-0.1204966
-0.1256504
-0.1327242
-0.1339535
-0.1281968
-0.1201469
-0.1149572
-0.1146635
-0.1177910
-0.1203141
-0.1174512
-0.1064178
-0.0888410
-0.0708522
-0.0596259
-0.0574356
-0.0582362
-0.0522698
-0.0361298
-0.0170752
-0.0052368
-0.0022411
0.0004028
0.0120179
0.0337191
0.0582188
0.0764349
0.0838779
0.0824868
0.0780735
0.0762880
0.0799137
0.0878613
0.0952561
0.0959407
0.0879889
0.0772353
0.0726417
0.0766508
0.0817572
0.0779419
0.0622984
0.0404819
0.0203568
0.0057453
-0.0048076
-0.0153254
-0.0289324
-0.0459327
-0.0639585
-0.0790842
-0.0871890
-0.0863037
-0.0792273
-0.0728039
-0.0726142
-0.0782726
-0.0848646
-0.0884323
-0.0890142
-0.0892952
-0.0919305
-0.0974963
-0.1031775
-0.1038445
-0.0966188
-0.0850420
-0.0773187
-0.0792259
-0.0886034
-0.0969901
-0.0971858
-0.0900668
-0.0839973
-0.0865856
-0.0968459
-0.1063343
-0.1077740
-0.1011683
-0.0917859
-0.0846292
-0.0817084
-0.0822685
-0.0835199
-0.0822161
-0.0776100
-0.0729475
-0.0728075
-0.0784071
-0.0857231
-0.0885821
-0.0841090
-0.0753921
-0.0683727
-0.0660825
-0.0669244
-0.0685835
-0.0712393
-0.0753046
-0.0783403
-0.0776820
-0.0755733
-0.0779251
-0.0864658
-0.0945171
-0.0930855
-0.0809675
-0.0671784
-0.0624024
-0.0682995
-0.0762291
-0.0769660
-0.0705168
-0.0649192
-0.0662929
-0.0726866
-0.0780193
-0.0791505
-0.0772775
-0.0744933
-0.0717618
-0.0698686
-0.0699954
-0.0723776
-0.0752026
-0.0758191
-0.0735579
-0.0712805
-0.0731529
-0.0799252
-0.0869588
-0.0882236
-0.0822514
-0.0732798
-0.0669046
-0.0657222
-0.0686612
-0.0726597
-0.0745937
-0.0731435
-0.0698843
-0.0681917
-0.0705399
-0.0765886
-0.0832507
-0.0863029
-0.0830627
-0.0749419
-0.0672571
-0.0653279
-0.0700975
-0.0774364
-0.0815428
-0.0794936
-0.0737448
-0.0704354
-0.0737655
-0.0810565
-0.0843456
-0.0780323
-0.0646717
-0.0527469
-0.0491905
-0.0540759
-0.0613037
-0.0637784
-0.0592039
-0.0522678
-0.0507338
-0.0578996
-0.0681149
-0.0700651
-0.0556487
-0.0272323
0.0030980
0.0225489
0.0276048
0.0256271
0.0265519
0.0337439
0.0432464
0.0499465
0.0520967
0.0506112
0.0471636
0.0443694
0.0459338
0.0541886
0.0668940
0.0773618
0.0790603
0.0712701
0.0604304
0.0549709
0.0578108
0.0636769
0.0636812
0.0524288
0.0315867
0.0081374
-0.0107687
-0.0230926
-0.0332320
-0.0471598
-0.0654135
-0.0818566
-0.0902794
-0.0912344
-0.0909740
-0.0939966
-0.0980054
-0.0965981
-0.0861026
-0.0690205
-0.0510897
-0.0363348
-0.0258367
-0.0193341
-0.0134250
0.0046550
0.0589641
0.1749021
0.3629877
0.6098721
0.8817354
1.1327242
1.3114356
1.3688252
1.2742220
1.0356237
0.7082369
0.3774379
0.1208793
-0.0264455
-0.0801656
-0.0845475
-0.0802713
-0.0851561
-0.0958170
-0.1019375
-0.0996698
-0.0951258
-0.0973899
-0.1087797
-0.1223360
-0.1290442
-0.1268872
-0.1222756
-0.1231348
-0.1312866
-0.1412357
-0.1455151
-0.1410337
-0.1309725
-0.1215916
-0.1177226
-0.1203945
-0.1267870
-0.1317345
-0.1311746
-0.1262532
-0.1233146
-0.1274252
-0.1355306
-0.1381235
-0.1290249
-0.1124906
-0.0993165
-0.0962210
-0.1001122
-0.1028268
-0.1002401
-0.0954151
-0.0929509
-0.0921340
-0.0874574
-0.0753626
-0.0583041
-0.0415104
-0.0275193
-0.0151770
-0.0026626
0.0103708
0.0232171
0.0348747
0.0440650
0.0498993
0.0535909
0.0590635
0.0705755
0.0886856
0.1084847
0.1227653
0.1279704
0.1271472
0.1266819
0.1302079
0.1357646
0.1380540
0.1327029
0.1193250
0.1022574
0.0883118
0.0817622
0.0800818
0.0752377
0.0605945
0.0372005
0.0132062
-0.0032303
-0.0109195
-0.0159035
-0.0246869
-0.0371685
-0.0467756
-0.0479328
-0.0428397
-0.0400044
-0.0458536
-0.0580717
-0.0675737
-0.0675637
-0.0610148
-0.0585412
-0.0675830
-0.0835744
-0.0932597
-0.0877815
-0.0718973
-0.0595428
-0.0608799
-0.0743939
-0.0907421
-0.1024512
-0.1092655
-0.1154607
-0.1238504
-0.1329114
-0.1385150
-0.1371396
-0.1278940
-0.1133045
-0.0986775
-0.0887005
-0.0828032
-0.0749880
-0.0607779
-0.0443962
-0.0363449
-0.0420990
-0.0546499
-0.0607688
-0.0550868
-0.0462300
-0.0475891
-0.0626588
-0.0812918
-0.0909149
-0.0896340
-0.0863725
-0.0889441
-0.0949208
-0.0953888
-0.0853882
-0.0681076
-0.0497194
-0.0334511
-0.0201532
-0.0117779
-0.0090506
-0.0022318
0.0348108
0.1362552
0.3235953
0.5877806
0.8880408
1.1661645
1.3637782
1.4345881
1.3546017
1.1340092
0.8234795
0.5017818
0.2432902
0.0839791
0.0110301
-0.0161806
-0.0324649
-0.0486441
-0.0592571
-0.0610487
-0.0606697
-0.0667358
-0.0794988
-0.0910697
-0.0946772
-0.0916486
-0.0890961
-0.0920485
-0.0986995
-0.1029424
-0.1006885
-0.0935589
-0.0871172
-0.0860338
-0.0904472
-0.0961123
-0.0981276
-0.0954266
-0.0919364
-0.0925894
-0.0977080
-0.1019147
-0.0992691
-0.0892536
-0.0771754
-0.0688888
-0.0657392
-0.0646081
-0.0619871
-0.0572264
-0.0520668
-0.0481019
-0.0453945
-0.0428373
-0.0384582
-0.0293691
-0.0134288
0.0073351
0.0259826
0.0360940
0.0391227
0.0446508
0.0610929
0.0860535
0.1077683
0.1174423
0.1193744
0.1269895
0.1481826
0.1759163
0.1948597
0.1970657
0.1895732
0.1861605
0.1930560
0.2038788
0.2075605
0.1992968
0.1835679
0.1683440
0.1579446
0.1509350
0.1428840
0.1299497
0.1107600
0.0868853
0.0623911
0.0418140
0.0269827
0.0157028
0.0047672
-0.0050469
-0.0076997
0.0032607
0.0282232
0.0603265
0.0911833
0.1178043
0.1435957
0.1724045
0.2018368
0.2228183
0.2258944
0.2081933
0.1751425
0.1366756
0.1018599
0.0752044
0.0554984
0.0373672
0.0155067
-0.0106114
-0.0358531
-0.0543130
-0.0658222
-0.0768456
-0.0936497
-0.1145458
-0.1303147
-0.1335005
-0.1269074
-0.1217410
-0.1270399
-0.1415441
-0.1560347
-0.1626559
-0.1612550
-0.1575240
-0.1566523
-0.1592815
-0.1623671
-0.1624901
-0.1583141
-0.1511293
-0.1439991
-0.1399270
-0.1395275
-0.1397371
-0.1353840
-0.1234102
-0.1066265
-0.0930267
-0.0891717
-0.0906272
-0.0761670
-0.0123979
0.1301826
0.3575446
0.6416749
0.9271356
1.1505502
1.2609474
1.2321105
1.0673459
0.8006086
0.4922856
0.2132722
