-0.1042014
-0.1146597
-0.1202464
-0.1160349
-0.1090481
-0.1093116
-0.1174640
-0.1231923
-0.1164555
-0.0988548
-0.0823637
-0.0769140
-0.0806192
-0.0830239
-0.0770574
-0.0661408
-0.0590550
-0.0590743
-0.0597547
-0.0517332
-0.0326996
-0.0098234
0.0073862
0.0158395
0.0205217
0.0283850
0.0413856
0.0553181
0.0646966
0.0684968
0.0715845
0.0808051
0.0990377
0.1221282
0.1415576
0.1510223
0.1513216
0.1490087
0.1500230
0.1544227
0.1570611
0.1529314
0.1416571
0.1273290
0.1147450
0.1056839
0.0976861
0.0857063
0.0658401
0.0391280
0.0120400
-0.0083866
-0.0213433
-0.0334640
-0.0513025
-0.0723148
-0.0855319
-0.0832274
-0.0711474
-0.0645833
-0.0731436
-0.0908058
-0.1026677
-0.1010181
-0.0928388
-0.0909250
-0.0994019
-0.1098808
-0.1114536
-0.1023571
-0.0908558
-0.0860619
-0.0896146
-0.0960193
-0.0992191
-0.0978876
-0.0953651
-0.0958636
-0.1006739
-0.1068728
-0.1091962
-0.1041103
-0.0933197
-0.0833379
-0.0803749
-0.0845834
-0.0896451
-0.0891234
-0.0835445
-0.0802968
-0.0856559
-0.0972290
-0.1053436
-0.1024273
-0.0906666
-0.0799874
-0.0785866
-0.0857071
-0.0934627
-0.0950245
-0.0906299
-0.0861497
-0.0867954
-0.0924741
-0.0984106
-0.0994886
-0.0943938
-0.0866208
-0.0817138
-0.0827018
-0.0875379
-0.0912371
-0.0909819
-0.0889521
-0.0896392
-0.0944250
-0.0994657
-0.0994274
-0.0931340
-0.0849869
-0.0805914
-0.0812960
-0.0833972
-0.0826163
-0.0789877
-0.0771843
-0.0819640
-0.0928732
-0.1030853
-0.1042073
-0.0938457
-0.0791083
-0.0713864
-0.0759435
-0.0864580
-0.0910445
-0.0843944
-0.0733674
-0.0697714
-0.0778155
-0.0895659
-0.0930768
-0.0843544
-0.0707774
-0.0633021
-0.0663082
-0.0749550
-0.0810106
-0.0802629
-0.0750479
-0.0710242
-0.0716835
-0.0750967
-0.0757825
-0.0705149
-0.0624297
-0.0582683
-0.0608232
-0.0652451
-0.0646012
-0.0589441
-0.0564512
-0.0635423
-0.0748638
-0.0763495
-0.0602169
-0.0354627
-0.0205211
-0.0247149
-0.0388723
-0.0457725
-0.0386682
-0.0273566
-0.0259228
-0.0365545
-0.0469080
-0.0427849
-0.0220622
0.0038177
0.0205912
0.0223915
0.0134909
0.0015348
-0.0093618
-0.0197205
-0.0311852
-0.0431480
-0.0525052
-0.0561014
-0.0534631
-0.0474384
-0.0420388
-0.0391575
-0.0369490
-0.0313942
-0.0201243
-0.0056352
0.0055988
0.0098423
0.0155347
0.0475331
0.1395299
0.3166405
0.5786554
0.8941369
1.2070951
1.4508009
1.5640590
1.5096353
1.2928578
0.9697008
0.6305618
0.3601828
0.1972612
0.1238925
0.0922849
0.0640949
0.0295463
-0.0029080
-0.0271307
-0.0469499
-0.0678907
-0.0880052
-0.0999947
-0.1007185
-0.0956726
-0.0935481
-0.0980174
-0.1057203
-0.1110730
-0.1117640
-0.1102350
-0.1112093
-0.1174744
-0.1264894
-0.1309674
-0.1247503
-0.1097000
-0.0960545
-0.0940159
-0.1040297
-0.1159187
-0.1185408
-0.1106266
-0.1018132
-0.1026854
-0.1138706
-0.1251543
-0.1252163
-0.1120290
-0.0941047
-0.0824178
-0.0812359
-0.0857947
-0.0878344
-0.0833553
-0.0755760
-0.0707409
-0.0712316
-0.0729217
-0.0691246
-0.0568233
-0.0392783
-0.0232943
-0.0140448
-0.0115886
-0.0115245
-0.0091806
-0.0037358
0.0017296
0.0045082
0.0063541
0.0125218
0.0260550
0.0431491
0.0552473
0.0569376
0.0518499
0.0495612
0.0557607
0.0660037
0.0701964
0.0632082
0.0502570
0.0416271
0.0425605
0.0484411
0.0494798
0.0399759
0.0232944
0.0079763
-0.0010020
-0.0069460
-0.0173668
-0.0354417
-0.0558290
-0.0690456
-0.0701616
-0.0636158
-0.0596392
-0.0654491
-0.0792140
-0.0922020
-0.0967688
-0.0926736
-0.0865501
-0.0858344
-0.0924893
-0.1012721
-0.1039392
-0.0964424
-0.0830632
-0.0732038
-0.0733215
-0.0816593
-0.0907439
-0.0947645
-0.0944437
-0.0950045
-0.0996714
-0.1053800
-0.1053240
-0.0961705
-0.0825551
-0.0737217
-0.0752187
-0.0838751
-0.0911037
-0.0913546
-0.0874593
-0.0873730
-0.0952151
-0.1058817
-0.1096145
-0.1022410
-0.0898762
-0.0826979
-0.0847819
-0.0910630
-0.0938189
-0.0907441
-0.0862547
-0.0858475
-0.0902062
-0.0948913
-0.0951068
-0.0901566
-0.0834657
-0.0792300
-0.0795435
-0.0838373
-0.0897419
-0.0945322
-0.0969884
-0.0983538
-0.1006552
-0.1035571
-0.1036446
-0.0978648
-0.0877850
-0.0796974
-0.0795593
-0.0872132
-0.0958394
-0.0981235
-0.0935576
-0.0890447
-0.0914937
-0.1000979
-0.1067146
-0.1038942
-0.0921089
-0.0792797
-0.0737250
-0.0773201
-0.0847245
-0.0889460
-0.0878967
-0.0856734
-0.0874931
-0.0937352
-0.0993705
-0.0992708
-0.0937756
-0.0885618
-0.0885637
-0.0922168
-0.0929166
-0.0870486
-0.0794638
-0.0789363
-0.0879811
-0.0991013
-0.1023145
-0.0953005
-0.0848092
-0.0787727
-0.0787746
-0.0806033
-0.0806291
-0.0798953
-0.0817406
-0.0867943
-0.0917248
-0.0927511
-0.0891158
-0.0829100
-0.0769628
-0.0737229
-0.0746582
-0.0788388
-0.0826529
-0.0830761
-0.0817787
-0.0842420
-0.0931863
-0.1033183
-0.1045084
-0.0917995
-0.0722537
-0.0600987
-0.0631506
-0.0740692
-0.0769038
-0.0633473
-0.0413473
-0.0260372
-0.0222961
-0.0177271
0.0060942
0.0552887
0.1165549
0.1680837
0.1972381
0.2074444
0.2088957
0.2051167
0.1905357
0.1600524
0.1179676
0.0762008
0.0449167
0.0258023
0.0133576
0.0011000
-0.0135327
-0.0288725
-0.0420678
-0.0521069
-0.0606296
-0.0705387
-0.0833361
-0.0966857
-0.1049545
-0.1042623
-0.0979345
-0.0949186
-0.1004778
-0.1092854
-0.1105514
-0.1006121
-0.0878095
-0.0824702
-0.0831737
-0.0768229
-0.0547042
-0.0257229
-0.0068541
0.0046019
0.0472850
0.1764512
0.4199780
0.7478471
1.0818629
1.3354138
1.4506270
1.4114259
1.2366486
0.9688312
0.6655425
0.3880704
0.1831737
0.0655795
0.0154908
-0.0043140
-0.0241699
-0.0538749
-0.0863011
-0.1104432
-0.1221378
-0.1263185
-0.1316176
-0.1425599
-0.1559410
-0.1646079
-0.1650450
-0.1613797
-0.1618852
-0.1711280
-0.1849336
-0.1932945
-0.1894614
-0.1768535
-0.1662479
-0.1653629
-0.1716436
-0.1758973
-0.1725145
-0.1652514
-0.1628947
-0.1695620
-0.1794365
-0.1815956
-0.1709170
-0.1541639
-0.1440994
-0.1469077
-0.1560813
-0.1594008
-0.1516048
-0.1395143
-0.1344411
-0.1396637
-0.1459813
-0.1407634
-0.1217871
-0.1007332
-0.0914409
-0.0953278
-0.1002965
-0.0941687
-0.0772703
-0.0605719
-0.0524781
-0.0492990
-0.0395974
-0.0174443
0.0099674
0.0290057
0.0336183
0.0314535
0.0357970
0.0528023
0.0774286
0.1004352
0.1172940
0.1300414
0.1417721
0.1506846
0.1505305
0.1375131
0.1160562
0.0959935
0.0832531
0.0743521
0.0611158
0.0403178
0.0176625
0.0021605
-0.0029836
-0.0036950
-0.0092217
-0.0231258
-0.0405729
-0.0546258
-0.0638942
-0.0726337
-0.0840788
-0.0957230
-0.1017543
-0.0990843
-0.0904484
-0.0820148
-0.0778851
-0.0764357
-0.0725828
-0.0645900
-0.0575332
-0.0564259
-0.0525355
-0.0165903
0.0893633
0.2842639
0.5432616
0.7975742
0.9644020
0.9879654
0.8632665
0.6302273
0.3501307
0.0833518
-0.1246632
-0.2527205
-0.3088390
-0.3246041
-0.3366590
-0.3651610
-0.4049546
-0.4363408
-0.4451811
-0.4334217
-0.4115044
-0.3837410
-0.3444005
-0.2882427
-0.2220036
-0.1630785
-0.1264751
-0.1130798
-0.1103312
-0.1044803
-0.0926930
-0.0830573
-0.0827634
-0.0878756
-0.0866742
-0.0727913
-0.0529121
-0.0403314
-0.0416087
-0.0505194
-0.0551893
-0.0505026
-0.0424877
-0.0400337
-0.0436262
-0.0445358
-0.0353507
-0.0188349
-0.0046586
0.0012244
0.0019003
0.0046906
0.0129133
0.0230400
0.0293736
0.0309968
0.0337315
0.0447770
0.0654798
0.0899070
0.1103974
0.1239645
0.1337887
0.1456578
0.1628400
0.1832243
0.2014516
0.2149735
0.2278221
0.2467104
0.2729109
0.2995692
0.3183927
0.3285510
0.3377597
0.3539015
0.3757719
0.3932511
0.3978721
0.3925965
0.3887371
0.3924186
0.3965783
0.3886322
0.3646282
0.3330697
0.3050300
0.2831426
0.2612173
0.2328078
0.1983345
0.1640217
0.1353615
0.1127239
0.0928809
0.0729577
0.0518928
0.0297217
0.0077561
-0.0111611
-0.0252238
-0.0367006
-0.0497538
-0.0642211
-0.0740642
-0.0741666
-0.0675374
-0.0635843
-0.0689928
-0.0813184
-0.0919162
-0.0947594
-0.0919463
-0.0904272
-0.0939401
-0.0993514
-0.1010676
-0.0975202
-0.0923192
-0.0901788
-0.0928432
-0.0979749
-0.1008654
-0.0984389
-0.0931730
-0.0919802
-0.0990058
-0.1097518
-0.1144373
-0.1079630
-0.0956041
-0.0882292
-0.0920567
-0.1031046
-0.1115355
-0.1114507
-0.1061046
-0.1031900
-0.1059201
-0.1101439
-0.1097763
-0.1031809
-0.0940199
-0.0875956
-0.0868102
-0.0900191
-0.0920891
-0.0889711
-0.0820482
-0.0767695
-0.0760089
-0.0754910
-0.0667441
-0.0448916
-0.0140956
0.0142058
0.0295770
0.0312755
0.0295854
0.0376829
0.0609090
0.0925993
0.1189336
0.1282053
0.1182136
0.0968703
0.0747718
0.0557052
0.0351642
0.0090302
-0.0183822
-0.0377606
-0.0458573
-0.0502432
-0.0614905
-0.0814913
-0.1009586
-0.1091184
-0.1053984
-0.1002550
-0.1039684
-0.1162531
-0.1284574
-0.1342168
-0.1347530
-0.1343420
-0.1347740
-0.1357224
-0.1369897
-0.1372937
-0.1326356
-0.1194325
-0.0997238
-0.0809715
-0.0692534
-0.0635741
-0.0582480
-0.0491339
-0.0312948
0.0150849
0.1324156
0.3640031
0.7086621
1.0927003
1.3954215
1.5156307
1.4262488
1.1766786
0.8515094
0.5264844
0.2512361
0.0542383
-0.0527213
-0.0802483
-0.0636626
-0.0467004
-0.0547919
-0.0831751
-0.1109965
-0.1245700
-0.1265247
-0.1272658
-0.1330548
-0.1425304
-0.1508479
-0.1544836
-0.1526652
-0.1465681
-0.1391178
-0.1351584
-0.1388052
-0.1484912
-0.1565416
-0.1569080
-0.1527995
-0.1532474
-0.1614262
-0.1694021
-0.1664500
-0.1513133
-0.1345361
-0.1285100
-0.1354501
-0.1453388
-0.1463883
-0.1376317
-0.1297081
-0.1323023
-0.1424763
-0.1473349
-0.1375765
-0.1169366
-0.0986937
-0.0937811
-0.1014242
-0.1102581
-0.1091731
-0.0977689
-0.0855471
-0.0809102
-0.0826967
-0.0829137
-0.0754254
-0.0605411
-0.0431166
-0.0284589
-0.0193706
-0.0151638
-0.0128778
-0.0097091
-0.0046052
0.0014949
0.0061732
0.0075248
0.0073595
0.0113454
0.0233759
0.0398641
0.0519373
0.0537577
0.0472915
0.0392435
0.0351309
0.0358954
0.0377808
0.0349857
0.0244841
0.0094680
-0.0027014
-0.0068498
-0.0048400
-0.0046080
-0.0136438
-0.0314661
-0.0485009
-0.0550844
-0.0526205
-0.0529947
-0.0648235
-0.0825939
-0.0923228
-0.0869025
-0.0732098
-0.0642615
-0.0664106
-0.0747556
-0.0799695
-0.0784245
-0.0747594
-0.0748736
-0.0788719
-0.0827295
-0.0844617
-0.0847576
-0.0825731
-0.0752296
-0.0644015
-0.0577733
-0.0612570
-0.0710799
-0.0766533
-0.0718807
-0.0623544
-0.0599826
-0.0696846
-0.0823106
-0.0832627
-0.0688258
-0.0511512
-0.0451095
-0.0526715
-0.0629976
-0.0658533
-0.0612510
-0.0565997
-0.0579526
-0.0647968
-0.0712521
-0.0713840
-0.0642052
-0.0541294
-0.0469669
-0.0460238
-0.0510759
-0.0588064
-0.0642293
-0.0644672
-0.0621581
-0.0629341
-0.0684976
-0.0741183
-0.0738448
-0.0664189
-0.0556502
-0.0472047
-0.0455540
-0.0513777
-0.0603811
-0.0662772
-0.0663393
-0.0634747
-0.0626616
-0.0660148
-0.0707941
-0.0713605
-0.0643336
-0.0532857
-0.0467396
-0.0493390
-0.0564318
-0.0599541
-0.0583960
-0.0578292
-0.0634666
-0.0730497
-0.0790715
-0.0760072
-0.0653167
-0.0542442
-0.0493310
-0.0507480
-0.0538064
-0.0553942
-0.0563166
-0.0574006
-0.0573653
-0.0563534
-0.0578164
-0.0635424
-0.0689432
-0.0669108
-0.0563198
-0.0446231
-0.0411591
-0.0477459
-0.0560022
-0.0555797
-0.0463093
-0.0398145
-0.0459075
-0.0593078
-0.0647384
-0.0552398
-0.0406057
-0.0358353
-0.0445482
-0.0561835
-0.0580771
-0.0485872
-0.0383929
-0.0390212
-0.0504479
-0.0614887
-0.0624382
-0.0544344
-0.0453154
-0.0401748
-0.0390393
-0.0404999
-0.0430404
-0.0441096
-0.0420085
-0.0386977
-0.0378807
-0.0398832
-0.0399114
-0.0317010
-0.0131294
0.0104832
0.0290271
0.0360661
0.0350472
0.0348106
0.0391389
0.0438628
0.0440990
0.0401122
0.0350887
0.0314020
0.0311574
0.0369012
0.0487083
0.0618769
0.0695983
0.0683696
0.0615471
0.0579702
0.0645125
0.0774629
0.0835092
0.0728747
0.0502001
0.0290716
0.0171670
0.0105186
0.0012902
-0.0130948
-0.0288377
-0.0404819
-0.0457529
-0.0469640
-0.0476929
-0.0481175
-0.0452237
-0.0373099
-0.0252178
-0.0093501
0.0095697
0.0259464
0.0330654
0.0379458
0.0699061
0.1677101
0.3542056
0.6195791
0.9223893
1.2024089
1.3965619
1.4538399
1.3498100
1.1014568
0.7736805
0.4604161
0.2389627
0.1288019
0.0920073
0.0738236
0.0437383
0.0046610
-0.0258674
-0.0381692
-0.0388197
-0.0422760
-0.0558962
-0.0738482
-0.0855293
-0.0870581
-0.0829368
-0.0800473
-0.0830762
-0.0924679
-0.1028487
-0.1058774
-0.0985432
-0.0870947
-0.0802185
-0.0805959
-0.0851007
-0.0896934
-0.0912820
-0.0884398
-0.0838822
-0.0834659
-0.0894270
-0.0965496
-0.0973099
-0.0892320
-0.0764970
-0.0667456
-0.0660656
-0.0733839
-0.0797903
-0.0774417
-0.0689264
-0.0634324
-0.0642836
-0.0656211
-0.0613146
-0.0515897
-0.0403687
-0.0312577
-0.0267939
-0.0268526
-0.0269141
-0.0217419
-0.0113433
-0.0006681
0.0059395
0.0080054
0.0089571
0.0149994
0.0300688
0.0488019
0.0592180
0.0567930
0.0513892
0.0551185
0.0673301
0.0770271
0.0768806
0.0696478
0.0631697
0.0633658
0.0702873
0.0781015
0.0806507
0.0778576
0.0737000
0.0686627
0.0597148
0.0474433
0.0362365
0.0267208
0.0154069
0.0031837
-0.0034694
-0.0021846
0.0008731
-0.0013203
-0.0096815
-0.0207286
-0.0301427
-0.0344288
-0.0341401
-0.0351391
-0.0419750
-0.0513054
-0.0562700
-0.0547739
-0.0490457
-0.0413232
-0.0354024
-0.0370336
-0.0457266
-0.0512971
-0.0464221
-0.0381452
-0.0388302
-0.0492670
-0.0582913
-0.0565501
-0.0448840
-0.0319291
-0.0274042
-0.0338489
-0.0423919
-0.0420151
-0.0343329
-0.0315580
-0.0384779
-0.0460845
-0.0455029
-0.0380143
-0.0283478
-0.0187355
-0.0131376
-0.0165988
-0.0260575
-0.0312325
-0.0283406
-0.0245592
-0.0266097
-0.0328064
-0.0371400
-0.0339528
-0.0205462
-0.0033012
0.0030846
-0.0074923
-0.0215524
-0.0230804
-0.0153698
-0.0132695
-0.0202689
-0.0274140
-0.0292624
-0.0268855
-0.0204098
-0.0117399
-0.0089643
-0.0159848
-0.0241684
-0.0246001
-0.0203695
-0.0179280
-0.0173873
-0.0195766
-0.0284008
-0.0375832
-0.0322415
-0.0135238
-0.0029001
-0.0112765
-0.0236793
-0.0252485
-0.0211717
-0.0203389
-0.0217889
-0.0270395
-0.0415380
-0.0554621
-0.0499610
-0.0298750
-0.0209724
-0.0293260
-0.0363562
-0.0368029
-0.0424062
-0.0466810
-0.0331269
-0.0197335
-0.0387538
-0.0689974
-0.0570331
-0.0154606
-0.0166502
-0.0622330
-0.0512705
0.0689833
