0.0907175
0.0907045
0.0843741
0.0818217
0.0889023
0.1008659
0.1063569
0.0982096
0.0805281
0.0651299
0.0607371
0.0651323
0.0674956
0.0584303
0.0380797
0.0149456
-0.0027565
-0.0143082
-0.0254320
-0.0408737
-0.0586922
-0.0718805
-0.0751762
-0.0701718
-0.0642182
-0.0646350
-0.0733240
-0.0857444
-0.0945759
-0.0953091
-0.0898242
-0.0851232
-0.0876954
-0.0977757
-0.1085654
-0.1115747
-0.1037040
-0.0899672
-0.0796717
-0.0794707
-0.0888483
-0.1011503
-0.1089931
-0.1098739
-0.1076432
-0.1084527
-0.1144311
-0.1210028
-0.1210653
-0.1125307
-0.1015331
-0.0972380
-0.1029192
-0.1125396
-0.1167819
-0.1124756
-0.1056140
-0.1049426
-0.1129298
-0.1232349
-0.1267159
-0.1196462
-0.1064349
-0.0950337
-0.0898740
-0.0886535
-0.0851693
-0.0750361
-0.0591656
-0.0424332
-0.0292294
-0.0199309
-0.0112317
-0.0000274
0.0123841
0.0195757
0.0141367
-0.0058644
-0.0333050
-0.0553185
-0.0623409
-0.0561221
-0.0491199
-0.0542176
-0.0730544
-0.0940911
-0.1031861
-0.0969886
-0.0859203
-0.0836748
-0.0939138
-0.1075710
-0.1128316
-0.1066333
-0.0957116
-0.0874155
-0.0817726
-0.0736659
-0.0607225
-0.0447147
-0.0219669
0.0271268
0.1352277
0.3294960
0.6102158
0.9419785
1.2616609
1.4962428
1.5829152
1.4892520
1.2305056
0.8734028
0.5148563
0.2396900
0.0823945
0.0203629
0.0024149
-0.0123064
-0.0354890
-0.0592180
-0.0764222
-0.0900919
-0.1064097
-0.1246704
-0.1370746
-0.1375970
-0.1288307
-0.1194946
-0.1163736
-0.1194410
-0.1238796
-0.1253476
-0.1231400
-0.1195964
-0.1177085
-0.1191611
-0.1234662
-0.1280779
-0.1297149
-0.1268069
-0.1213392
-0.1176769
-0.1185086
-0.1218366
-0.1227730
-0.1186807
-0.1118932
-0.1067441
-0.1043623
-0.1013270
-0.0935338
-0.0805047
-0.0653362
-0.0511143
-0.0386138
-0.0276407
-0.0191594
-0.0145270
-0.0127183
-0.0097715
-0.0018463
0.0117426
0.0290989
0.0484613
0.0689365
0.0885630
0.1033432
0.1098252
0.1088701
0.1060700
0.1076332
0.1153743
0.1254384
0.1318051
0.1313310
0.1260845
0.1213765
0.1213033
0.1251491
0.1272620
0.1208121
0.1029945
0.0775119
0.0518268
0.0312312
0.0149855
-0.0019531
-0.0232014
-0.0464053
-0.0641713
-0.0702263
-0.0657038
-0.0593850
-0.0605895
-0.0708544
-0.0828639
-0.0883925
-0.0873761
-0.0882383
-0.0984405
-0.1150307
-0.1258538
-0.1211389
-0.1036802
-0.0867242
-0.0817116
-0.0887780
-0.0991788
-0.1053844
-0.1073445
-0.1096320
-0.1147961
-0.1207460
-0.1235392
-0.1209615
-0.1132835
-0.1022817
-0.0910159
-0.0838060
-0.0839707
-0.0901070
-0.0957374
-0.0948755
-0.0885452
-0.0843774
-0.0885161
-0.0983843
-0.1046343
-0.1005965
-0.0893525
-0.0811797
-0.0839980
-0.0960362
-0.1073225
-0.1082839
-0.0977511
-0.0837903
-0.0770383
-0.0819678
-0.0929154
-0.0984054
-0.0910749
-0.0750559
-0.0633282
-0.0660792
-0.0806096
-0.0932020
-0.0920198
-0.0786874
-0.0669666
-0.0695192
-0.0855937
-0.1017475
-0.1049008
-0.0946821
-0.0828401
-0.0809303
-0.0893279
-0.0983037
-0.0987017
-0.0905565
-0.0817266
-0.0794726
-0.0839448
-0.0890298
-0.0883343
-0.0802513
-0.0685418
-0.0594292
-0.0578994
-0.0648289
-0.0760885
-0.0850775
-0.0880805
-0.0878466
-0.0907208
-0.0990972
-0.1072256
-0.1060256
-0.0929293
-0.0764144
-0.0693866
-0.0769902
-0.0911051
-0.0979800
-0.0919775
-0.0812736
-0.0792125
-0.0902224
-0.1051344
-0.1107194
-0.1033023
-0.0923585
-0.0906143
-0.1009864
-0.1137719
-0.1168799
-0.1083813
-0.0982870
-0.0978766
-0.1078448
-0.1172707
-0.1139237
-0.0953939
-0.0706357
-0.0512936
-0.0416107
-0.0362981
-0.0274468
-0.0127139
0.0033698
0.0150615
0.0210461
0.0245376
0.0292055
0.0359445
0.0430193
0.0480716
0.0494800
0.0464188
0.0387016
0.0272393
0.0144366
0.0034446
-0.0032669
-0.0043984
0.0007636
0.0120906
0.0267600
0.0382930
0.0391513
0.0255634
0.0002183
-0.0296486
-0.0569302
-0.0782138
-0.0938738
-0.1053437
-0.1124170
-0.1132325
-0.1069776
-0.0965697
-0.0882872
-0.0876961
-0.0944260
-0.1004695
-0.0954775
-0.0765047
-0.0526871
-0.0364166
-0.0250115
0.0101918
0.1126132
0.3111307
0.5947864
0.9120524
1.1942700
1.3829285
1.4418750
1.3559590
1.1322948
0.8104104
0.4653036
0.1840282
0.0221218
-0.0265640
-0.0183171
-0.0143427
-0.0402842
-0.0820293
-0.1135397
-0.1250464
-0.1266292
-0.1313680
-0.1408717
-0.1472621
-0.1448698
-0.1368513
-0.1314217
-0.1339992
-0.1430847
-0.1521848
-0.1554301
-0.1527091
-0.1500796
-0.1541026
-0.1644302
-0.1722556
-0.1678603
-0.1510532
-0.1334907
-0.1286468
-0.1384607
-0.1509860
-0.1525823
-0.1418561
-0.1300374
-0.1278736
-0.1342941
-0.1390059
-0.1345374
-0.1234521
-0.1137059
-0.1090254
-0.1055986
-0.0978406
-0.0855152
-0.0739051
-0.0676418
-0.0658783
-0.0636584
-0.0566284
-0.0438557
-0.0275800
-0.0117474
0.0000205
0.0070840
0.0129760
0.0226626
0.0376493
0.0542504
0.0674312
0.0761457
0.0840476
0.0946466
0.1065686
0.1147204
0.1161114
0.1130987
0.1099124
0.1071171
0.1014099
0.0907755
0.0777872
0.0668236
0.0593981
0.0536246
0.0474818
0.0407831
0.0336584
0.0247272
0.0123632
-0.0023360
-0.0153334
-0.0235062
-0.0280945
-0.0328328
-0.0386178
-0.0419148
-0.0396818
-0.0344320
-0.0321273
-0.0350532
-0.0388881
-0.0380299
-0.0327093
-0.0290840
-0.0319389
-0.0384433
-0.0405183
-0.0337204
-0.0227721
-0.0171202
-0.0211794
-0.0301541
-0.0358028
-0.0351652
-0.0326915
-0.0343622
-0.0407423
-0.0459628
-0.0431857
-0.0311253
-0.0154650
-0.0039466
-0.0001804
-0.0023021
-0.0068983
-0.0127834
-0.0202299
-0.0273803
-0.0291753
-0.0213872
-0.0063713
0.0060712
0.0057701
-0.0081968
-0.0254390
-0.0334137
-0.0291599
-0.0212223
-0.0198683
-0.0265317
-0.0336942
-0.0344111
-0.0303010
-0.0290906
-0.0348073
-0.0423033
-0.0430413
-0.0356313
-0.0283227
-0.0300112
-0.0402668
-0.0499719
-0.0513496
-0.0457035
-0.0409307
-0.0427074
-0.0493119
-0.0549990
-0.0572345
-0.0591757
-0.0646532
-0.0720774
-0.0752096
-0.0703021
-0.0610925
-0.0555841
-0.0581025
-0.0652246
-0.0697338
-0.0683455
-0.0650353
-0.0661236
-0.0722393
-0.0766221
-0.0726197
-0.0619912
-0.0537742
-0.0545100
-0.0611424
-0.0646845
-0.0600682
-0.0508469
-0.0438080
-0.0400979
-0.0333116
-0.0169747
0.0072761
0.0306457
0.0461928
0.0550588
0.0629118
0.0718849
0.0780189
0.0764297
0.0673108
0.0560794
0.0481566
0.0442062
0.0406282
0.0345875
0.0280902
0.0265279
0.0332311
0.0459932
0.0589370
0.0670782
0.0688113
0.0646736
0.0546751
0.0376296
0.0137030
-0.0127492
-0.0347537
-0.0488170
-0.0587147
-0.0709206
-0.0857154
-0.0949574
-0.0907407
-0.0757753
-0.0627779
-0.0617053
-0.0680543
-0.0663689
-0.0473808
-0.0200914
-0.0020394
0.0060039
0.0345907
0.1307729
0.3245383
0.6055386
0.9270520
1.2275694
1.4493352
1.5459534
1.4883032
1.2776119
0.9576957
0.6077792
0.3102835
0.1132625
0.0154709
-0.0178443
-0.0262514
-0.0349768
-0.0519062
-0.0735407
-0.0925857
-0.1046978
-0.1121974
-0.1216227
-0.1362136
-0.1507023
-0.1552460
-0.1459594
-0.1307550
-0.1226294
-0.1266421
-0.1352882
-0.1377078
-0.1315953
-0.1240712
-0.1222322
-0.1259471
-0.1302388
-0.1317884
-0.1310012
-0.1289857
-0.1252643
-0.1195352
-0.1142574
-0.1131254
-0.1160676
-0.1174099
-0.1114122
-0.0996957
-0.0907988
-0.0908963
-0.0962522
-0.0965785
-0.0854731
-0.0662408
-0.0476257
-0.0352706
-0.0279652
-0.0211529
-0.0122362
-0.0014796
0.0110299
0.0264806
0.0441588
0.0594533
0.0681200
0.0723295
0.0795630
0.0942971
0.1126448
0.1267388
0.1332327
0.1357618
0.1395371
0.1455368
0.1508110
0.1529755
0.1521736
0.1483971
0.1395369
0.1247850
0.1089678
0.0996216
0.0981417
0.0965779
0.0859486
0.0663363
0.0458598
0.0302696
0.0170414
0.0010062
-0.0169980
-0.0303019
-0.0350845
-0.0359262
-0.0403867
-0.0489510
-0.0535089
-0.0473642
-0.0345998
-0.0266216
-0.0299133
-0.0400604
-0.0483670
-0.0515927
-0.0533826
-0.0579166
-0.0648396
-0.0707040
-0.0736854
-0.0753756
-0.0776100
-0.0784985
-0.0735160
-0.0617395
-0.0498795
-0.0476889
-0.0582821
-0.0739406
-0.0828525
-0.0805032
-0.0740107
-0.0742638
-0.0833653
-0.0912285
-0.0865738
-0.0706675
-0.0569864
-0.0561677
-0.0645226
-0.0703441
-0.0691394
-0.0676170
-0.0720671
-0.0779850
-0.0758665
-0.0658293
-0.0605571
-0.0700901
-0.0866692
-0.0909964
-0.0753522
-0.0551629
-0.0522209
-0.0686967
-0.0846450
-0.0825863
-0.0680687
-0.0608069
-0.0691327
-0.0807501
-0.0803234
-0.0700741
-0.0668518
-0.0798158
-0.0975957
-0.1017529
-0.0897274
-0.0780357
-0.0817372
-0.0965094
-0.1054153
-0.1001693
-0.0897395
-0.0876986
-0.0962756
-0.1058224
-0.1072146
-0.1007541
-0.0926096
-0.0856406
-0.0765618
-0.0620089
-0.0446642
-0.0310126
-0.0236168
-0.0180024
-0.0079320
0.0077564
0.0243978
0.0364020
0.0420050
0.0438417
0.0455005
0.0473448
0.0460461
0.0389768
0.0282937
0.0189303
0.0129685
0.0086525
0.0057521
0.0089140
0.0224622
0.0421164
0.0547857
0.0490014
0.0258517
-0.0016714
-0.0211512
-0.0318965
-0.0425640
-0.0589777
-0.0775607
-0.0914690
-0.0994152
-0.1052760
-0.1112272
-0.1155292
-0.1169303
-0.1170714
-0.1164756
-0.1107579
-0.0944182
-0.0690901
-0.0455669
-0.0339127
-0.0285774
-0.0024529
0.0828740
0.2571888
0.5244683
0.8549178
1.1866837
1.4393266
1.5407673
1.4585032
1.2159968
0.8823121
0.5419947
0.2632410
0.0785821
-0.0170515
-0.0533260
-0.0645411
-0.0735599
-0.0872206
-0.1026849
-0.1171501
-0.1321664
-0.1496901
-0.1661610
-0.1737335
-0.1688238
-0.1575241
-0.1504245
-0.1528668
-0.1617639
-0.1706164
-0.1752113
-0.1750642
-0.1723145
-0.1703129
-0.1715544
-0.1753806
-0.1778510
-0.1747865
-0.1656941
-0.1549734
-0.1486785
-0.1492946
-0.1539462
-0.1582088
-0.1604589
-0.1610100
-0.1586989
-0.1519755
-0.1434684
-0.1392888
-0.1413166
-0.1427106
-0.1343683
-0.1153436
-0.0943774
-0.0806561
-0.0747365
-0.0696547
-0.0599097
-0.0470384
-0.0353451
-0.0245954
-0.0109009
0.0051391
0.0163527
0.0187880
0.0203931
0.0341427
0.0620439
0.0904507
0.1036079
0.0996483
0.0910587
0.0905994
0.0991836
0.1077941
0.1088270
0.1027377
0.0936446
0.0823308
0.0672651
0.0508600
0.0393732
0.0348175
0.0307593
0.0192666
0.0001616
-0.0194314
-0.0337347
-0.0438727
-0.0548390
-0.0690138
-0.0836753
-0.0942391
-0.0988710
-0.0992321
-0.0972160
-0.0928537
-0.0864913
-0.0813170
-0.0814866
-0.0880938
-0.0983331
-0.1077722
-0.1121632
-0.1090510
-0.1008876
-0.0958304
-0.1013640
-0.1154280
-0.1261733
-0.1228395
-0.1067821
-0.0907990
-0.0871870
-0.0963843
-0.1074965
-0.1100055
-0.1038866
-0.0971799
-0.0954190
-0.0969197
-0.0982678
-0.0997483
-0.1026369
-0.1042555
-0.0998003
-0.0887497
-0.0769055
-0.0716769
-0.0762872
-0.0880790
-0.1010825
-0.1099988
-0.1125866
-0.1095605
-0.1037585
-0.0995737
-0.1006724
-0.1059239
-0.1090540
-0.1053728
-0.0984466
-0.0970788
-0.1051762
-0.1169820
-0.1231836
-0.1202409
-0.1132612
-0.1109013
-0.1175611
-0.1294978
-0.1385446
-0.1401225
-0.1368381
-0.1337498
-0.1320539
-0.1294325
-0.1253983
-0.1235210
-0.1275871
-0.1365198
-0.1439618
-0.1439607
-0.1380962
-0.1356273
-0.1435425
-0.1564194
-0.1597962
-0.1453602
-0.1202135
-0.0992017
-0.0902389
-0.0891961
-0.0871135
-0.0792369
-0.0670532
-0.0539947
-0.0412075
-0.0282149
-0.0166964
-0.0109247
-0.0129531
-0.0194377
-0.0257068
-0.0315221
-0.0398167
-0.0505796
-0.0593235
-0.0618357
-0.0579708
-0.0506491
-0.0434439
-0.0394169
-0.0401775
-0.0452035
-0.0528731
-0.0622264
-0.0734577
-0.0876554
-0.1064681
-0.1302694
-0.1555777
-0.1760982
-0.1878827
-0.1923128
-0.1932293
-0.1930049
-0.1923725
-0.1915458
-0.1892339
-0.1818941
-0.1662315
-0.1428762
-0.1175407
-0.0980179
-0.0862063
-0.0677537
-0.0096386
0.1249036
0.3511306
0.6474839
0.9614905
1.2286732
1.3907350
1.4086377
1.2728938
1.0104440
0.6822841
0.3658688
0.1246992
-0.0183933
-0.0834343
-0.1088433
-0.1235476
-0.1387340
-0.1565279
-0.1770654
-0.1972935
-0.2105513
-0.2123962
-0.2061386
-0.2008683
-0.2036143
-0.2131311
-0.2214155
-0.2221021
-0.2168938
-0.2122089
-0.2107295
-0.2098007
-0.2078278
-0.2071647
-0.2085881
-0.2072870
-0.1982160
-0.1836326
-0.1722603
-0.1710610
-0.1784824
-0.1849670
-0.1805372
-0.1639344
-0.1440452
-0.1300564
-0.1207539
-0.1063698
-0.0805236
-0.0470335
-0.0149957
0.0093307
0.0250315
0.0341641
0.0389643
0.0410360
0.0430016
0.0498738
0.0655842
0.0870816
0.1059009
0.1185173
0.1313433
0.1509013
0.1715370
0.1783578
0.1626322
0.1311850
0.1005533
0.0837152
0.0815388
0.0847792
0.0839196
0.0771177
0.0682288
0.0594278
0.0497882
0.0401909
0.0338659
0.0303348
0.0234995
0.0084383
-0.0128895
-0.0344926
-0.0522325
-0.0658564
-0.0780428
-0.0922542
-0.1087516
-0.1221961
-0.1259400
-0.1192048
-0.1080397
-0.0996413
-0.0972805
-0.0984583
-0.0951628
-0.0792262
-0.0525436
-0.0293921
-0.0203253
-0.0096273
0.0491370
0.2103308
0.4996650
0.8858563
1.2799745
1.5704772
1.6774537
1.5896807
1.3603493
1.0718172
0.7972422
0.5771629
0.4160791
0.2974238
0.2050284
0.1329527
0.0794831
0.0397799
0.0075863
-0.0204965
-0.0454190
-0.0670588
-0.0836390
-0.0935855
-0.0995003
-0.1069469
-0.1184826
-0.1319223
-0.1439228
-0.1515108
-0.1516042
-0.1443573
-0.1362377
-0.1344618
-0.1387065
-0.1427612
-0.1430114
-0.1405874
-0.1371719
-0.1341643
-0.1342347
-0.1381399
-0.1413358
-0.1387031
-0.1313941
-0.1252125
-0.1242889
-0.1292482
-0.1378742
-0.1441844
-0.1413743
-0.1298185
-0.1181470
-0.1131299
-0.1130577
-0.1134034
-0.1125138
-0.1084235
-0.0973218
-0.0801758
-0.0651517
-0.0587926
-0.0589378
-0.0587795
-0.0532745
-0.0408827
-0.0251480
-0.0148264
-0.0153087
-0.0197159
-0.0158277
-0.0012458
0.0162043
0.0313443
0.0449927
0.0553975
0.0571439
0.0499106
0.0399219
0.0320454
0.0267308
0.0227900
0.0170235
0.0053294
-0.0090741
-0.0148656
-0.0082866
-0.0023481
-0.0108728
-0.0306009
-0.0488446
-0.0609203
-0.0696682
-0.0759428
-0.0804493
-0.0875388
-0.0976027
-0.1034044
-0.1014658
-0.0975793
-0.0951010
-0.0902080
-0.0844031
-0.0864373
-0.0953179
-0.0982847
-0.0924585
-0.0902348
-0.0966212
-0.1012310
-0.0990398
-0.0970981
-0.0947474
-0.0815064
-0.0604883
-0.0478641
-0.0443697
-0.0357184
-0.0229516
-0.0181002
-0.0099385
0.0222431
0.0588211
0.0577948
0.0309388
0.0375872
0.0805409
0.0786093
-0.0150561
