-0.1198126
-0.1096230
-0.1011048
-0.0997833
-0.1039849
-0.1078984
-0.1077438
-0.1017920
-0.0884504
-0.0700238
-0.0555696
-0.0511720
-0.0432236
0.0052841
0.1366375
0.3714171
0.6913694
1.0398702
1.3373391
1.5061675
1.4986489
1.3183248
1.0230429
0.7023554
0.4361595
0.2587906
0.1542643
0.0844289
0.0230322
-0.0330184
-0.0769181
-0.1079880
-0.1331193
-0.1572716
-0.1776391
-0.1883995
-0.1893786
-0.1878559
-0.1912776
-0.1996869
-0.2071117
-0.2099196
-0.2113572
-0.2167473
-0.2259805
-0.2329028
-0.2321481
-0.2253352
-0.2199317
-0.2221300
-0.2309367
-0.2394129
-0.2418710
-0.2394214
-0.2378217
-0.2402948
-0.2437359
-0.2424329
-0.2346870
-0.2250127
-0.2198457
-0.2212145
-0.2245974
-0.2232808
-0.2150976
-0.2043008
-0.1959748
-0.1889940
-0.1760007
-0.1512647
-0.1181402
-0.0878118
-0.0700230
-0.0647751
-0.0632463
-0.0571195
-0.0468523
-0.0403191
-0.0435264
-0.0537122
-0.0621279
-0.0629082
-0.0584740
-0.0566145
-0.0629489
-0.0760020
-0.0889994
-0.0965399
-0.0999463
-0.1058196
-0.1185975
-0.1345301
-0.1440509
-0.1411519
-0.1302536
-0.1224478
-0.1239233
-0.1289806
-0.1265217
-0.1136869
-0.1002666
-0.0969707
-0.1008965
-0.0973090
-0.0778420
-0.0528687
-0.0389632
-0.0306131
0.0129782
0.1462268
0.3947922
0.7281578
1.0699158
1.3354330
1.4670616
1.4472097
1.2928682
1.0452742
0.7601446
0.4944932
0.2891466
0.1555794
0.0771970
0.0252655
-0.0217110
-0.0684792
-0.1081078
-0.1347137
-0.1518241
-0.1696153
-0.1948463
-0.2238099
-0.2455362
-0.2526179
-0.2491479
-0.2472300
-0.2547930
-0.2672517
-0.2724418
-0.2639770
-0.2484489
-0.2385825
-0.2402523
-0.2477168
-0.2513581
-0.2480140
-0.2421653
-0.2380076
-0.2332181
-0.2223199
-0.2050139
-0.1884546
-0.1801392
-0.1799596
-0.1809098
-0.1771896
-0.1699957
-0.1650459
-0.1657744
-0.1698952
-0.1719478
-0.1681538
-0.1589726
-0.1480532
-0.1392202
-0.1337602
-0.1296833
-0.1236933
-0.1147932
-0.1062625
-0.1030727
-0.1063261
-0.1108514
-0.1099985
-0.1033996
-0.0986929
-0.1041536
-0.1198141
-0.1370618
-0.1474753
-0.1513867
-0.1569877
-0.1710487
-0.1910969
-0.2070665
-0.2103873
-0.2010575
-0.1860751
-0.1720615
-0.1604278
-0.1494755
-0.1396485
-0.1350271
-0.1389764
-0.1488751
-0.1564409
-0.1544527
-0.1434583
-0.1313206
-0.1257264
-0.1273689
-0.1306539
-0.1303700
-0.1266618
-0.1235391
-0.1236946
-0.1255820
-0.1249721
-0.1182436
-0.1041996
-0.0843181
-0.0628357
-0.0458961
-0.0371807
-0.0303919
-0.0044348
0.0720422
0.2264145
0.4651784
0.7629208
1.0623229
1.2872379
1.3681445
1.2727573
1.0259844
0.7031778
0.3955765
0.1679065
0.0357422
-0.0251009
-0.0502566
-0.0643399
-0.0773678
-0.0928252
-0.1129654
-0.1369562
-0.1589866
-0.1724075
-0.1763730
-0.1771329
-0.1821283
-0.1930690
-0.2048314
-0.2106429
-0.2081834
-0.2012659
-0.1962932
-0.1969468
-0.2014886
-0.2047776
-0.2033525
-0.1990631
-0.1974281
-0.2017828
-0.2091943
-0.2130202
-0.2098090
-0.2030121
-0.1994232
-0.2025012
-0.2097552
-0.2160105
-0.2179364
-0.2152388
-0.2088656
-0.1994312
-0.1872216
-0.1725661
-0.1558003
-0.1377169
-0.1206509
-0.1080941
-0.1015742
-0.0978867
-0.0913145
-0.0799445
-0.0686622
-0.0637986
-0.0647786
-0.0633873
-0.0530291
-0.0376770
-0.0292992
-0.0356884
-0.0522511
-0.0670872
-0.0733975
-0.0751431
-0.0804161
-0.0914032
-0.1026852
-0.1083898
-0.1082769
-0.1059060
-0.1031552
-0.0992618
-0.0948823
-0.0939084
-0.0988822
-0.1054832
-0.1043539
-0.0899528
-0.0666504
-0.0442684
-0.0273822
-0.0106970
0.0135989
0.0448916
0.0736265
0.0948945
0.1240293
0.1975470
0.3541711
0.6072902
0.9276448
1.2483231
1.4897473
1.5909138
1.5313111
1.3348280
1.0567397
0.7618186
0.5033715
0.3103987
0.1854735
0.1117908
0.0653141
0.0267996
-0.0114579
-0.0469629
-0.0743651
-0.0925172
-0.1057667
-0.1197376
-0.1367936
-0.1554408
-0.1728290
-0.1865588
-0.1943696
-0.1941899
-0.1866562
-0.1775601
-0.1753662
-0.1837447
-0.1963510
-0.2010538
-0.1912703
-0.1731789
-0.1605274
-0.1615509
-0.1712448
-0.1769711
-0.1715463
-0.1602638
-0.1547361
-0.1601468
-0.1692582
-0.1694554
-0.1556220
-0.1356323
-0.1227877
-0.1228056
-0.1284773
-0.1273162
-0.1142856
-0.0964944
-0.0851702
-0.0837503
-0.0850621
-0.0804246
-0.0700830
-0.0629265
-0.0657831
-0.0746497
-0.0781750
-0.0699184
-0.0559610
-0.0493773
-0.0573082
-0.0742741
-0.0884624
-0.0938092
-0.0949953
-0.1008429
-0.1142516
-0.1297525
-0.1404184
-0.1453696
-0.1492059
-0.1547263
-0.1584029
-0.1547017
-0.1442401
-0.1352209
-0.1350733
-0.1415541
-0.1444917
-0.1372493
-0.1247784
-0.1182209
-0.1217830
-0.1273583
-0.1237403
-0.1099148
-0.0967026
-0.0946972
-0.1028263
-0.1109620
-0.1127673
-0.1126156
-0.1182284
-0.1286396
-0.1326759
-0.1198887
-0.0909963
-0.0565950
-0.0274724
-0.0080819
0.0026359
0.0101571
0.0291663
0.0883663
0.2230642
0.4531813
0.7607708
1.0855091
1.3438070
1.4606588
1.3980116
1.1693252
0.8367454
0.4903816
0.2139597
0.0507414
-0.0104717
-0.0185834
-0.0237571
-0.0480584
-0.0832364
-0.1114051
-0.1258107
-0.1336131
-0.1436469
-0.1561410
-0.1650454
-0.1672870
-0.1666839
-0.1690349
-0.1760496
-0.1855562
-0.1958955
-0.2071444
-0.2174941
-0.2212361
-0.2134326
-0.1966687
-0.1806735
-0.1735867
-0.1746103
-0.1768520
-0.1765630
-0.1768503
-0.1813192
-0.1866213
-0.1846106
-0.1720402
-0.1552014
-0.1429689
-0.1369021
-0.1311991
-0.1222602
-0.1144554
-0.1135458
-0.1163473
-0.1115136
-0.0922624
-0.0654919
-0.0451955
-0.0376247
-0.0359990
-0.0303235
-0.0191400
-0.0088848
-0.0034688
0.0010255
0.0096203
0.0194808
0.0214914
0.0109082
-0.0064943
-0.0204665
-0.0266290
-0.0285893
-0.0307995
-0.0326860
-0.0313673
-0.0279370
-0.0278775
-0.0347602
-0.0455938
-0.0538498
-0.0562014
-0.0547880
-0.0531892
-0.0521040
-0.0499349
-0.0462158
-0.0424759
-0.0397488
-0.0372183
-0.0345981
-0.0346168
-0.0408195
-0.0522810
-0.0622097
-0.0637094
-0.0569392
-0.0491666
-0.0471198
-0.0503542
-0.0532621
-0.0527752
-0.0519109
-0.0549902
-0.0613425
-0.0661612
-0.0673144
-0.0685258
-0.0740136
-0.0815345
-0.0837656
-0.0772978
-0.0678076
-0.0638508
-0.0662292
-0.0665089
-0.0575501
-0.0434652
-0.0360643
-0.0411730
-0.0513624
-0.0545413
-0.0483436
-0.0423836
-0.0448649
-0.0498479
-0.0421500
-0.0161513
0.0134843
0.0247597
0.0152312
0.0165583
0.0808045
0.2482995
0.5211390
0.8577516
1.1863197
1.4271286
1.5174336
1.4343929
1.2067075
0.9042444
0.6068152
0.3703184
0.2118080
0.1188956
0.0693683
0.0437921
0.0273984
0.0095297
-0.0137311
-0.0380737
-0.0563295
-0.0670162
-0.0761223
-0.0892778
-0.1036626
-0.1101971
-0.1042252
-0.0921417
-0.0858820
-0.0916142
-0.1055551
-0.1205925
-0.1342192
-0.1478692
-0.1601501
-0.1649947
-0.1587707
-0.1471121
-0.1409808
-0.1451011
-0.1529030
-0.1550602
-0.1514524
-0.1511764
-0.1599907
-0.1712359
-0.1728665
-0.1627585
-0.1527482
-0.1550261
-0.1669854
-0.1736351
-0.1652516
-0.1486287
-0.1379287
-0.1366383
-0.1333202
-0.1164297
-0.0894276
-0.0671632
-0.0582127
-0.0553923
-0.0460007
-0.0283625
-0.0137074
-0.0114614
-0.0169954
-0.0173061
-0.0072143
0.0042226
0.0046185
-0.0074212
-0.0218028
-0.0297283
-0.0332890
-0.0404549
-0.0525908
-0.0605331
-0.0544591
-0.0360604
-0.0186907
-0.0148233
-0.0242201
-0.0352098
-0.0372135
-0.0308264
-0.0247260
-0.0231044
-0.0181261
0.0027407
0.0410510
0.0811233
0.1036021
0.1088695
0.1278078
0.2071690
0.3797850
0.6425011
0.9552383
1.2557697
1.4775790
1.5662420
1.4969858
1.2897937
1.0079802
0.7311126
0.5152542
0.3697244
0.2683529
0.1826069
0.1053499
0.0467617
0.0134030
-0.0041092
-0.0229415
-0.0512736
-0.0823333
-0.1043463
-0.1137328
-0.1171751
-0.1221951
-0.1284508
-0.1296528
-0.1229838
-0.1144221
-0.1133957
-0.1225114
-0.1339553
-0.1371014
-0.1294708
-0.1191013
-0.1155785
-0.1196461
-0.1230912
-0.1189458
-0.1101065
-0.1062787
-0.1128707
-0.1249290
-0.1330850
-0.1341168
-0.1334500
-0.1370444
-0.1431253
-0.1440881
-0.1359623
-0.1233318
-0.1134707
-0.1071945
-0.0981614
-0.0817183
-0.0622192
-0.0492676
-0.0467533
-0.0475275
-0.0402981
-0.0213614
0.0015504
0.0169700
0.0201004
0.0152317
0.0092663
0.0047659
-0.0003363
-0.0079234
-0.0164955
-0.0228487
-0.0255910
-0.0261386
-0.0268311
-0.0290661
-0.0332108
-0.0392385
-0.0467398
-0.0547919
-0.0625603
-0.0698129
-0.0760839
-0.0795990
-0.0785234
-0.0740858
-0.0711365
-0.0736325
-0.0796929
-0.0833493
-0.0821626
-0.0806504
-0.0830500
-0.0836877
-0.0698023
-0.0374110
-0.0005712
0.0238631
0.0458270
0.1125219
0.2797004
0.5642567
0.9214846
1.2674742
1.5231940
1.6413380
1.6046178
1.4176564
1.1125987
0.7574143
0.4401564
0.2265352
0.1239488
0.0867584
0.0592103
0.0161963
-0.0321283
-0.0668018
-0.0845881
-0.0978090
-0.1173345
-0.1415331
-0.1614271
-0.1723749
-0.1782510
-0.1856090
-0.1962013
-0.2056709
-0.2084502
-0.2034648
-0.1956555
-0.1921063
-0.1957711
-0.2023683
-0.2042929
-0.1988000
-0.1918932
-0.1922690
-0.2006712
-0.2070063
-0.2003263
-0.1816534
-0.1646129
-0.1618011
-0.1716576
-0.1809421
-0.1801700
-0.1740946
-0.1749490
-0.1864159
-0.1973163
-0.1927712
-0.1703791
-0.1433140
-0.1271956
-0.1253554
-0.1278046
-0.1233972
-0.1110543
-0.0987715
-0.0933905
-0.0932572
-0.0911140
-0.0828598
-0.0722527
-0.0670427
-0.0713106
-0.0820338
-0.0927434
-0.0998733
-0.1053952
-0.1136881
-0.1262816
-0.1396898
-0.1481511
-0.1484222
-0.1422111
-0.1344183
-0.1292756
-0.1279522
-0.1292160
-0.1316546
-0.1348967
-0.1389661
-0.1432280
-0.1467513
-0.1499224
-0.1550984
-0.1646044
-0.1773707
-0.1878196
-0.1892419
-0.1795590
-0.1642810
-0.1532066
-0.1529399
-0.1615819
-0.1705785
-0.1723931
-0.1671319
-0.1620000
-0.1642018
-0.1742026
-0.1858026
-0.1925748
-0.1938682
-0.1943118
-0.1977907
-0.2027629
-0.2041881
-0.1998808
-0.1939190
-0.1927969
-0.1982276
-0.2047327
-0.2052620
-0.1990564
-0.1929022
-0.1938101
-0.2008830
-0.2057525
-0.2018793
-0.1927610
-0.1894256
-0.1990242
-0.2165407
-0.2288291
-0.2269775
-0.2140442
-0.2005705
-0.1936707
-0.1916979
-0.1890685
-0.1842056
-0.1811722
-0.1840957
-0.1918808
-0.1993516
-0.2027419
-0.2028777
-0.2031066
-0.2052617
-0.2081881
-0.2094930
-0.2078959
-0.2040652
-0.1999683
-0.1976008
-0.1977282
-0.1994062
-0.2010016
-0.2020085
-0.2034664
-0.2059481
-0.2074188
-0.2043721
-0.1959678
-0.1863900
-0.1816583
-0.1836803
-0.1885490
-0.1917177
-0.1940313
-0.2005026
-0.2120770
-0.2202090
-0.2126517
-0.1863473
-0.1534927
-0.1322539
-0.1300683
-0.1370035
-0.1370744
-0.1257035
-0.1137030
-0.1127413
-0.1191293
-0.1162811
-0.0949753
-0.0674689
-0.0546484
-0.0547183
-0.0262504
0.0909828
0.3299536
0.6633397
1.0106665
1.2776638
1.3968440
1.3464379
1.1483319
0.8571104
0.5453767
0.2825680
0.1100042
0.0262333
-0.0043673
-0.0239413
-0.0549950
-0.0942134
-0.1263692
-0.1423236
-0.1456124
-0.1457242
-0.1480834
-0.1509438
-0.1505067
-0.1474097
-0.1473638
-0.1553463
-0.1696318
-0.1823753
-0.1867921
-0.1837626
-0.1807442
-0.1838004
-0.1911768
-0.1955275
-0.1925297
-0.1863491
-0.1855942
-0.1938828
-0.2053960
-0.2106199
-0.2063375
-0.1990902
-0.1982745
-0.2062792
-0.2162766
-0.2198709
-0.2159880
-0.2111386
-0.2110148
-0.2133513
-0.2106632
-0.1999806
-0.1881046
-0.1855302
-0.1952455
-0.2090005
-0.2154532
-0.2110364
-0.2013734
-0.1923131
-0.1818815
-0.1630335
-0.1337587
-0.1019597
-0.0786990
-0.0674371
-0.0617690
-0.0540208
-0.0442227
-0.0388946
-0.0415986
-0.0470843
-0.0463473
-0.0367437
-0.0252428
-0.0208952
-0.0250215
-0.0300907
-0.0282961
-0.0200967
-0.0134079
-0.0146632
-0.0216630
-0.0258072
-0.0211557
-0.0108044
-0.0041372
-0.0078443
-0.0196414
-0.0307423
-0.0344977
-0.0326360
-0.0329525
-0.0408196
-0.0532066
-0.0614898
-0.0602434
-0.0527157
-0.0470333
-0.0472961
-0.0496009
-0.0476038
-0.0410971
-0.0371478
-0.0418628
-0.0523075
-0.0586176
-0.0545403
-0.0442778
-0.0374351
-0.0379716
-0.0403950
-0.0377211
-0.0311992
-0.0293724
-0.0371629
-0.0484379
-0.0518675
-0.0437558
-0.0326294
-0.0299207
-0.0376299
-0.0471819
-0.0499459
-0.0461928
-0.0422530
-0.0407913
-0.0370858
-0.0255328
-0.0072598
0.0109786
0.0242822
0.0328178
0.0370121
0.0338605
0.0243530
0.0276950
0.0852184
0.2422249
0.5158550
0.8717039
1.2274304
1.4832867
1.5632802
1.4465589
1.1750696
0.8346063
0.5180102
0.2881079
0.1587982
0.1025398
0.0765204
0.0493323
0.0126470
-0.0250332
-0.0533504
-0.0710709
-0.0859338
-0.1057065
-0.1295028
-0.1477323
-0.1510938
-0.1401098
-0.1254537
-0.1181803
-0.1196926
-0.1220822
-0.1184086
-0.1112375
-0.1094653
-0.1169639
-0.1264886
-0.1265610
-0.1138240
-0.0966181
-0.0856339
-0.0826735
-0.0805893
-0.0738243
-0.0661526
-0.0658438
-0.0741302
-0.0814085
-0.0765669
-0.0591208
-0.0403737
-0.0324558
-0.0374963
-0.0479067
-0.0555090
-0.0583421
-0.0588789
-0.0583442
-0.0551517
-0.0485348
-0.0413243
-0.0374375
-0.0370181
-0.0355309
-0.0284658
-0.0166302
-0.0061654
-0.0030305
-0.0073757
-0.0132612
-0.0140104
-0.0082635
-0.0011486
0.0005802
-0.0050937
-0.0137825
-0.0194475
-0.0205804
-0.0210146
-0.0244289
-0.0290965
-0.0295860
-0.0238554
-0.0170505
-0.0166145
-0.0239364
-0.0327165
-0.0365337
-0.0365736
-0.0397409
-0.0491846
-0.0591707
-0.0613052
-0.0548716
-0.0484223
-0.0503298
-0.0597613
-0.0689725
-0.0734555
-0.0766589
-0.0834223
-0.0913528
-0.0923384
-0.0830036
-0.0704726
-0.0650036
-0.0678820
-0.0698036
-0.0623825
-0.0488923
-0.0409369
-0.0450376
-0.0554387
-0.0614016
-0.0593504
-0.0550840
-0.0546440
-0.0564325
-0.0540822
-0.0447626
-0.0313875
-0.0172123
-0.0025284
0.0109924
0.0167809
0.0121126
0.0148603
0.0681062
0.2186643
0.4808959
0.8148054
1.1376229
1.3609722
1.4282433
1.3323032
1.1109750
0.8287174
0.5533330
0.3344396
0.1907679
0.1117136
0.0712148
0.0443011
0.0167519
-0.0142558
-0.0444005
-0.0673976
-0.0797572
-0.0836257
-0.0851556
-0.0888177
-0.0933186
-0.0944355
-0.0920577
-0.0924111
-0.1013632
-0.1162872
-0.1273022
-0.1279147
-0.1227645
-0.1225201
-0.1313426
-0.1419033
-0.1441567
-0.1373061
-0.1304789
-0.1315290
-0.1377890
-0.1397301
-0.1323958
-0.1204553
-0.1114842
-0.1067977
-0.1012784
-0.0913637
-0.0800420
-0.0723024
-0.0674071
-0.0586598
-0.0416220
-0.0205901
-0.0048402
0.0013534
0.0030996
