0.0657596
0.0599000
0.0120113
-0.0088695
0.0028318
0.0032220
-0.0189858
-0.0331145
-0.0260223
-0.0180347
-0.0213535
-0.0248132
-0.0217210
-0.0196039
-0.0210682
-0.0218341
-0.0262661
-0.0406799
-0.0545230
-0.0515602
-0.0368409
-0.0309081
-0.0396781
-0.0497060
-0.0511667
-0.0476576
-0.0444810
-0.0423603
-0.0420132
-0.0435834
-0.0436198
-0.0408617
-0.0403552
-0.0452691
-0.0521671
-0.0605321
-0.0760859
-0.0959935
-0.1024365
-0.0831915
-0.0507774
-0.0298135
-0.0308552
-0.0456579
-0.0623575
-0.0756261
-0.0847030
-0.0890740
-0.0867391
-0.0758247
-0.0600288
-0.0498514
-0.0518440
-0.0589169
-0.0601446
-0.0582627
-0.0660730
-0.0851237
-0.1001508
-0.0982776
-0.0837915
-0.0695541
-0.0621021
-0.0602721
-0.0621927
-0.0675045
-0.0743652
-0.0776587
-0.0716622
-0.0564087
-0.0408799
-0.0345283
-0.0340905
-0.0263619
-0.0082913
0.0046676
-0.0009522
-0.0143162
-0.0101218
0.0202491
0.0565113
0.0697822
0.0496747
0.0108433
-0.0223501
-0.0357480
-0.0326777
-0.0248609
-0.0197421
-0.0186232
-0.0224865
-0.0321799
-0.0437453
-0.0514479
-0.0564262
-0.0646493
-0.0744529
-0.0747319
-0.0604927
-0.0435984
-0.0409772
-0.0543772
-0.0673199
-0.0627770
-0.0414052
-0.0206745
-0.0153118
-0.0198230
-0.0134777
0.0184130
0.0761124
0.1623715
0.2974234
0.5006418
0.7511792
0.9732802
1.0699988
0.9809101
0.7191932
0.3628574
0.0093366
-0.2728937
-0.4637417
-0.5780406
-0.6422433
-0.6813475
-0.7142113
-0.7487549
-0.7802066
-0.7985752
-0.7996889
-0.7890079
-0.7764455
-0.7680571
-0.7600762
-0.7397786
-0.6949754
-0.6250131
-0.5419366
-0.4610800
-0.3918242
-0.3352471
-0.2858828
-0.2354768
-0.1797729
-0.1237224
-0.0775580
-0.0470048
-0.0298568
-0.0219839
-0.0224625
-0.0304740
-0.0393912
-0.0371874
-0.0150394
0.0225406
0.0568122
0.0687018
0.0571352
0.0413926
0.0419788
0.0606472
0.0820526
0.0929322
0.0955169
0.1024933
0.1223694
0.1508698
0.1752938
0.1867346
0.1880466
0.1895810
0.1986007
0.2155013
0.2391012
0.2700644
0.3066522
0.3412681
0.3658251
0.3803435
0.3942384
0.4188470
0.4583327
0.5062355
0.5505233
0.5834464
0.6068537
0.6274559
0.6486203
0.6689932
0.6872214
0.7037056
0.7173319
0.7240477
0.7203166
0.7064481
0.6859410
0.6627197
0.6388802
0.6137435
0.5849782
0.5510574
0.5117768
0.4663996
0.4140079
0.3572906
0.3032259
0.2568744
0.2157018
0.1729255
0.1262125
0.0809288
0.0445155
0.0186853
-0.0025359
-0.0266409
-0.0536331
-0.0741178
-0.0790033
-0.0712706
-0.0650612
-0.0716300
-0.0882371
-0.1021901
-0.1040117
-0.0952589
-0.0849685
-0.0803454
-0.0810862
-0.0823559
-0.0824546
-0.0852650
-0.0935913
-0.1023530
-0.1021059
-0.0895249
-0.0718911
-0.0606928
-0.0622845
-0.0743167
-0.0887705
-0.0977240
-0.0979116
-0.0913379
-0.0823562
-0.0749527
-0.0722112
-0.0756320
-0.0833118
-0.0904926
-0.0937959
-0.0940151
-0.0936436
-0.0932392
-0.0919276
-0.0901996
-0.0900509
-0.0924712
-0.0960195
-0.0980367
-0.0971198
-0.0947224
-0.0938111
-0.0949755
-0.0948932
-0.0909028
-0.0865863
-0.0894683
-0.1017389
-0.1154671
-0.1192125
-0.1092573
-0.0937199
-0.0856442
-0.0914539
-0.1052562
-0.1148696
-0.1141224
-0.1081259
-0.1054121
-0.1069629
-0.1061267
-0.0989249
-0.0908952
-0.0916955
-0.1038511
-0.1183691
-0.1223924
-0.1117868
-0.0958149
-0.0880936
-0.0929210
-0.1022149
-0.1060498
-0.1034010
-0.1007804
-0.1026334
-0.1062456
-0.1060016
-0.1004793
-0.0942722
-0.0929490
-0.0964644
-0.0983805
-0.0926952
-0.0808639
-0.0702251
-0.0654139
-0.0633191
-0.0572682
-0.0447086
-0.0298802
-0.0197407
-0.0175495
-0.0195579
-0.0180548
-0.0089669
0.0032005
0.0088370
0.0018951
-0.0151037
-0.0337733
-0.0463230
-0.0499521
-0.0468075
-0.0408960
-0.0356095
-0.0344381
-0.0421983
-0.0616301
-0.0872161
-0.1058586
-0.1079938
-0.0978866
-0.0898744
-0.0936643
-0.1053688
-0.1139228
-0.1142461
-0.1113798
-0.1113577
-0.1109727
-0.1005785
-0.0777735
-0.0541653
-0.0441479
-0.0476821
-0.0474506
-0.0213926
0.0480987
0.1775120
0.3822667
0.6564000
0.9449139
1.1453904
1.1571904
0.9488349
0.5866430
0.1947423
-0.1227553
-0.3327532
-0.4621303
-0.5502583
-0.6167852
-0.6655525
-0.7020432
-0.7360073
-0.7694721
-0.7911801
-0.7881805
-0.7615275
-0.7265066
-0.6960473
-0.6668312
-0.6249522
-0.5638837
-0.4922451
-0.4227385
-0.3581064
-0.2922907
-0.2235453
-0.1611634
-0.1172620
-0.0942841
-0.0831072
-0.0731343
-0.0619499
-0.0535570
-0.0486858
-0.0408483
-0.0242306
-0.0029252
0.0119771
0.0148965
0.0120714
0.0139347
0.0237223
0.0359877
0.0450935
0.0521864
0.0627449
0.0787408
0.0953803
0.1064037
0.1112811
0.1152203
0.1224584
0.1324102
0.1436739
0.1589591
0.1827052
0.2144794
0.2477289
0.2757256
0.2969344
0.3140588
0.3298246
0.3453882
0.3621405
0.3828739
0.4096372
0.4407909
0.4718908
0.5002815
0.5272946
0.5543645
0.5786560
0.5958457
0.6071815
0.6199893
0.6390783
0.6600207
0.6736736
0.6762432
0.6720098
0.6660105
0.6569385
0.6395000
0.6127648
0.5830043
0.5563069
0.5299749
0.4946162
0.4454538
0.3885116
0.3335429
0.2835194
0.2349321
0.1874259
0.1479875
0.1228432
0.1077111
0.0900119
0.0617614
0.0283929
0.0028390
-0.0089466
-0.0143721
-0.0246478
-0.0405772
-0.0513542
-0.0482666
-0.0364385
-0.0301846
-0.0378315
-0.0538115
-0.0658258
-0.0673990
-0.0620020
-0.0563421
-0.0525654
-0.0486074
-0.0444953
-0.0445316
-0.0515382
-0.0615334
-0.0675116
-0.0678362
-0.0673621
-0.0696279
-0.0715770
-0.0686380
-0.0628243
-0.0618330
-0.0694545
-0.0797717
-0.0833422
-0.0783121
-0.0725835
-0.0739586
-0.0806892
-0.0847054
-0.0828754
-0.0805273
-0.0825119
-0.0853001
-0.0822768
-0.0748373
-0.0727352
-0.0820682
-0.0969160
-0.1060546
-0.1060116
-0.1034208
-0.1038829
-0.1025808
-0.0902604
-0.0680606
-0.0514313
-0.0555209
-0.0781994
-0.1013394
-0.1090290
-0.1012394
-0.0888775
-0.0795712
-0.0719532
-0.0619664
-0.0497757
-0.0384710
-0.0285991
-0.0175192
-0.0047225
0.0048002
0.0050992
-0.0031904
-0.0125297
-0.0170022
-0.0193174
-0.0272133
-0.0436846
-0.0629863
-0.0764517
-0.0805687
-0.0790091
-0.0784847
-0.0838274
-0.0960362
-0.1128756
-0.1299278
-0.1414877
-0.1426163
-0.1326027
-0.1166423
-0.1024608
-0.0943239
-0.0910249
-0.0897669
-0.0899689
-0.0915821
-0.0910628
-0.0822213
-0.0626228
-0.0377045
-0.0153202
0.0068816
0.0497004
0.1454981
0.3167396
0.5528112
0.8006468
0.9771782
1.0014668
0.8350813
0.5099497
0.1208914
-0.2216871
-0.4507691
-0.5697139
-0.6282731
-0.6734221
-0.7197385
-0.7581920
-0.7818231
-0.7960253
-0.8074692
-0.8134804
-0.8086602
-0.7974942
-0.7911509
-0.7896137
-0.7743098
-0.7252849
-0.6437650
-0.5517501
-0.4691005
-0.3968167
-0.3254447
-0.2542522
-0.1946529
-0.1546176
-0.1268304
-0.0976371
-0.0650023
-0.0409719
-0.0349173
-0.0399628
-0.0405292
-0.0300557
-0.0150299
-0.0019611
0.0122837
0.0330085
0.0553662
0.0668264
0.0628431
0.0548521
0.0589158
0.0782063
0.1003957
0.1124618
0.1145383
0.1170972
0.1272456
0.1421537
0.1560698
0.1693283
0.1873792
0.2130071
0.2429733
0.2720686
0.2976417
0.3196181
0.3386946
0.3564919
0.3764959
0.4026926
0.4362560
0.4736650
0.5083072
0.5343192
0.5500151
0.5593164
0.5706410
0.5925810
0.6269928
0.6644374
0.6887631
0.6901513
0.6746069
0.6582659
0.6508639
0.6460928
0.6294485
0.5942291
0.5478466
0.5029199
0.4647408
0.4289569
0.3900108
0.3485625
0.3087114
0.2695742
0.2236317
0.1659313
0.1036067
0.0529739
0.0252939
0.0157597
0.0075881
-0.0124370
-0.0422828
-0.0683418
-0.0804903
-0.0826138
-0.0872252
-0.1003763
-0.1143714
-0.1168009
-0.1052038
-0.0904859
-0.0859744
-0.0950405
-0.1099323
-0.1206174
-0.1226274
-0.1170363
-0.1062642
-0.0927789
-0.0809743
-0.0762749
-0.0796468
-0.0845617
-0.0828525
-0.0743181
-0.0680891
-0.0727063
-0.0859580
-0.0964175
-0.0951088
-0.0844280
-0.0750267
-0.0746588
-0.0811253
-0.0862404
-0.0853390
-0.0811725
-0.0786152
-0.0780618
-0.0762356
-0.0725472
-0.0715223
-0.0772612
-0.0868588
-0.0917280
-0.0862517
-0.0738722
-0.0631068
-0.0578951
-0.0540835
-0.0466491
-0.0381256
-0.0361008
-0.0418842
-0.0456340
-0.0365773
-0.0174253
-0.0049338
-0.0139526
-0.0418752
-0.0706547
-0.0843443
-0.0834013
-0.0811582
-0.0878013
-0.1004249
-0.1094551
-0.1120992
-0.1159663
-0.1290171
-0.1487676
-0.1638471
-0.1656979
-0.1566510
-0.1458366
-0.1390344
-0.1350214
-0.1317705
-0.1324271
-0.1410361
-0.1529297
-0.1548047
-0.1385305
-0.1127922
-0.0957174
-0.0944897
-0.0957030
-0.0775795
-0.0268862
0.0624584
0.2046664
0.4208757
0.7055289
0.9897128
1.1523128
1.0912075
0.8012961
0.3871322
-0.0061857
-0.2845290
-0.4429051
-0.5312264
-0.5948251
-0.6465602
-0.6818016
-0.7033467
-0.7243224
-0.7516166
-0.7756688
-0.7806605
-0.7621078
-0.7308811
-0.7004944
-0.6734616
-0.6408005
-0.5925128
-0.5268978
-0.4511383
-0.3754331
-0.3071866
-0.2492032
-0.2014183
-0.1633923
-0.1352770
-0.1168397
-0.1057814
-0.0973337
-0.0864966
-0.0717550
-0.0564425
-0.0452134
-0.0387468
-0.0330162
-0.0244879
-0.0147903
-0.0084750
-0.0062832
-0.0025460
0.0092895
0.0289267
0.0483809
0.0596946
0.0630350
0.0660464
0.0751066
0.0888246
0.1015660
0.1121739
0.1261082
0.1476465
0.1722623
0.1901120
0.1978644
0.2047723
0.2244196
0.2602087
0.3009039
0.3318936
0.3497872
0.3639055
0.3838485
0.4088880
0.4316372
0.4496341
0.4687449
0.4940239
0.5207092
0.5379079
0.5409313
0.5369110
0.5364464
0.5412207
0.5424927
0.5320261
0.5116859
0.4897724
0.4691538
0.4428763
0.4033130
0.3532924
0.3047880
0.2662763
0.2339673
0.1973426
0.1521605
0.1054048
0.0666932
0.0370779
0.0090587
-0.0226408
-0.0536488
-0.0754166
-0.0860520
-0.0921059
-0.0995421
-0.1068405
-0.1096412
-0.1096894
-0.1145177
-0.1272683
-0.1404691
-0.1433201
-0.1341657
-0.1222340
-0.1163330
-0.1154353
-0.1133976
-0.1103067
-0.1133380
-0.1249386
-0.1353652
-0.1321550
-0.1156956
-0.1001739
-0.0976574
-0.1053011
-0.1114379
-0.1114063
-0.1119547
-0.1194510
-0.1291312
-0.1306098
-0.1221108
-0.1136757
-0.1146621
-0.1223924
-0.1270333
-0.1253084
-0.1239566
-0.1289115
-0.1361175
-0.1367742
-0.1291448
-0.1205455
-0.1176831
-0.1193715
-0.1209109
-0.1222589
-0.1274077
-0.1361306
-0.1411418
-0.1363342
-0.1253193
-0.1177841
-0.1177235
-0.1194602
-0.1170137
-0.1135857
-0.1173600
-0.1289801
-0.1382935
-0.1358331
-0.1244356
-0.1157782
-0.1162665
-0.1204008
-0.1196451
-0.1145295
-0.1137923
-0.1217918
-0.1312404
-0.1315397
-0.1222533
-0.1140078
-0.1153312
-0.1223241
-0.1243234
-0.1179477
-0.1113978
-0.1137545
-0.1230270
-0.1278585
-0.1206365
-0.1061947
-0.0963752
-0.0977779
-0.1068495
-0.1159626
-0.1210543
-0.1221408
-0.1193135
-0.1119519
-0.1018553
-0.0939115
-0.0917107
-0.0937805
-0.0958153
-0.0957546
-0.0946669
-0.0928941
-0.0880790
-0.0787481
-0.0681760
-0.0617807
-0.0605257
-0.0597265
-0.0558997
-0.0520863
-0.0527899
-0.0546905
-0.0476407
-0.0276424
-0.0052554
0.0040041
-0.0026695
-0.0122518
-0.0126279
-0.0083278
-0.0144194
-0.0355801
-0.0573005
-0.0614224
-0.0471134
-0.0313230
-0.0290999
-0.0391978
-0.0514495
-0.0626700
-0.0781888
-0.0985737
-0.1129699
-0.1107772
-0.0963692
-0.0858112
-0.0884982
-0.0972252
-0.0991513
-0.0925316
-0.0871683
-0.0890487
-0.0908378
-0.0814106
-0.0614297
-0.0436204
-0.0366510
-0.0323845
-0.0101364
0.0510163
0.1673110
0.3507243
0.5992349
0.8754920
1.0980756
1.1699391
1.0349078
0.7194268
0.3221856
-0.0428130
-0.3056264
-0.4607184
-0.5441404
-0.5962997
-0.6397615
-0.6789232
-0.7100832
-0.7298314
-0.7381703
-0.7378633
-0.7317010
-0.7195643
-0.6980111
-0.6633619
-0.6152379
-0.5564827
-0.4898951
-0.4167753
-0.3399476
-0.2667841
-0.2060811
-0.1606055
-0.1246381
-0.0910581
-0.0599728
-0.0376747
-0.0268405
-0.0209899
-0.0113324
0.0023585
0.0114692
0.0102975
0.0052037
0.0088955
0.0261964
0.0487172
0.0647555
0.0716663
0.0757566
0.0818692
0.0878719
0.0909572
0.0953587
0.1092062
0.1340729
0.1617570
0.1834144
0.1992548
0.2159684
0.2355656
0.2511833
0.2563386
0.2556959
0.2622748
0.2831853
0.3114396
0.3345045
0.3492630
0.3649695
0.3910635
0.4255678
0.4582354
0.4834203
0.5058751
0.5327481
0.5630660
0.5886317
0.6047819
0.6164437
0.6313687
0.6496039
0.6633147
0.6672413
0.6658687
0.6678135
0.6747759
0.6789957
0.6714077
0.6493979
0.6157816
0.5737232
0.5263969
0.4803091
0.4434462
0.4168401
0.3906144
0.3532273
0.3053587
0.2607659
0.2307345
0.2102021
0.1833914
0.1429013
0.0988580
0.0670714
0.0515454
0.0428179
0.0320946
0.0211194
0.0153945
0.0122567
0.0024160
-0.0158727
-0.0301087
-0.0262789
-0.0069336
0.0087538
0.0049623
-0.0140864
-0.0304620
-0.0333111
-0.0286362
-0.0280693
-0.0333348
-0.0365101
-0.0335123
-0.0306965
-0.0351243
-0.0426703
-0.0420359
-0.0309293
-0.0224394
-0.0307571
-0.0527652
-0.0694225
-0.0669349
-0.0523995
-0.0448597
-0.0530409
-0.0668687
-0.0716223
-0.0654780
-0.0589108
-0.0590897
-0.0609386
-0.0558396
-0.0449718
-0.0391010
-0.0457008
-0.0607835
-0.0750761
-0.0844084
-0.0901599
-0.0916497
-0.0843372
-0.0681052
-0.0529422
-0.0506943
-0.0611351
-0.0712147
-0.0709983
-0.0669489
-0.0740421
-0.0945866
-0.1107164
-0.1028516
-0.0738382
-0.0488537
-0.0488758
-0.0679841
-0.0814432
-0.0750667
-0.0608645
-0.0608217
-0.0792969
-0.0976675
-0.0968542
-0.0793461
-0.0642490
-0.0633071
-0.0689311
-0.0682614
-0.0628992
-0.0669371
-0.0853929
-0.1024453
-0.0976024
-0.0715407
-0.0487158
-0.0510753
-0.0731934
-0.0886806
-0.0805460
-0.0596539
-0.0502545
-0.0610817
-0.0764636
-0.0761538
-0.0582972
-0.0386869
-0.0302024
-0.0292401
-0.0241306
-0.0119474
-0.0016266
-0.0011876
-0.0070619
-0.0086343
-0.0002946
0.0147325
0.0309701
0.0457639
0.0559979
0.0546789
0.0368951
0.0091201
-0.0131477
-0.0207889
-0.0214540
-0.0300719
-0.0497035
-0.0673428
-0.0713957
-0.0686387
-0.0770861
-0.1017809
-0.1244596
-0.1227180
-0.0971557
-0.0731737
-0.0739970
-0.0963664
-0.1166500
-0.1180500
-0.1058382
-0.0953195
-0.0914539
-0.0860826
-0.0726809
-0.0561686
-0.0449584
-0.0377344
-0.0225402
0.0143154
0.0856370
0.2086720
0.3992740
0.6445328
0.8780518
0.9964567
0.9208272
0.6552406
