-0.2021520
-0.2841325
-0.1769541
-0.1185020
-0.1675468
-0.1996680
-0.1626127
-0.1228410
-0.0922688
0.0073394
0.2071657
0.4551809
0.7075503
0.9337227
1.0434074
0.9330392
0.6180478
0.2311852
-0.1117291
-0.3742038
-0.5501449
-0.6417709
-0.6856255
-0.7295240
-0.7789106
-0.8110580
-0.8265411
-0.8400530
-0.8421609
-0.8191737
-0.7908937
-0.7834047
-0.7839526
-0.7626834
-0.7175596
-0.6615459
-0.5898151
-0.4965374
-0.4027063
-0.3338622
-0.2879421
-0.2498047
-0.2166134
-0.1884608
-0.1578941
-0.1274652
-0.1130834
-0.1141676
-0.1065800
-0.0793626
-0.0515707
-0.0394033
-0.0332949
-0.0199749
-0.0018649
0.0162619
0.0363468
0.0546699
0.0628212
0.0665370
0.0822870
0.1123359
0.1433996
0.1691793
0.1933387
0.2137243
0.2265165
0.2426224
0.2770923
0.3249660
0.3680883
0.4015268
0.4337808
0.4666797
0.4948234
0.5202570
0.5505286
0.5866782
0.6255987
0.6659574
0.7009928
0.7181057
0.7182127
0.7220676
0.7437483
0.7703171
0.7802652
0.7696858
0.7487339
0.7248140
0.7003417
0.6758174
0.6461685
0.6047273
0.5564449
0.5146588
0.4802964
0.4380792
0.3780622
0.3082961
0.2434523
0.1936220
0.1645154
0.1533440
0.1430135
0.1153767
0.0727712
0.0346187
0.0132368
0.0048823
0.0018625
-0.0004719
-0.0071770
-0.0209886
-0.0367219
-0.0480000
-0.0562348
-0.0643376
-0.0679123
-0.0629439
-0.0558492
-0.0555884
-0.0616991
-0.0687663
-0.0753669
-0.0802250
-0.0780532
-0.0683794
-0.0607249
-0.0626039
-0.0695990
-0.0740820
-0.0758625
-0.0781420
-0.0809688
-0.0839977
-0.0880841
-0.0907080
-0.0882391
-0.0848331
-0.0893057
-0.1010955
-0.1093316
-0.1076569
-0.1002785
-0.0926626
-0.0868417
-0.0866771
-0.0965818
-0.1126639
-0.1239173
-0.1238390
-0.1147647
-0.1026360
-0.0943484
-0.0964127
-0.1077362
-0.1173012
-0.1172109
-0.1137986
-0.1175373
-0.1269822
-0.1320911
-0.1295159
-0.1255902
-0.1266542
-0.1330801
-0.1400634
-0.1400821
-0.1294339
-0.1157764
-0.1122277
-0.1198107
-0.1233048
-0.1093093
-0.0814453
-0.0537231
-0.0363077
-0.0313563
-0.0345386
-0.0359911
-0.0269270
-0.0098521
0.0029884
0.0035382
-0.0047984
-0.0137773
-0.0177628
-0.0152612
-0.0104158
-0.0124224
-0.0262463
-0.0450438
-0.0589752
-0.0692213
-0.0845770
-0.1056293
-0.1216156
-0.1239662
-0.1167493
-0.1134089
-0.1265186
-0.1573480
-0.1908987
-0.2056392
-0.1940978
-0.1707853
-0.1559950
-0.1568799
-0.1680586
-0.1827001
-0.1953111
-0.1993115
-0.1909080
-0.1744496
-0.1593840
-0.1528045
-0.1555231
-0.1611599
-0.1580770
-0.1362676
-0.0904712
-0.0094300
0.1332430
0.3588845
0.6426397
0.8986895
1.0194986
0.9407614
0.6805790
0.3268331
-0.0153555
-0.2791490
-0.4557513
-0.5704128
-0.6477044
-0.7006875
-0.7390323
-0.7703576
-0.7932196
-0.8002753
-0.7916896
-0.7788811
-0.7725217
-0.7705099
-0.7589765
-0.7242582
-0.6661449
-0.6003200
-0.5432755
-0.4933006
-0.4329412
-0.3537061
-0.2712158
-0.2100370
-0.1785251
-0.1640047
-0.1483993
-0.1232956
-0.0929610
-0.0676354
-0.0530193
-0.0448815
-0.0356731
-0.0248148
-0.0169628
-0.0106823
0.0037111
0.0325103
0.0696364
0.1010426
0.1152292
0.1112882
0.1022691
0.1091029
0.1435256
0.1953894
0.2417108
0.2688106
0.2818713
0.2945321
0.3151338
0.3433698
0.3753725
0.4102046
0.4519411
0.5032375
0.5562812
0.5958258
0.6153013
0.6253805
0.6419859
0.6697787
0.7018310
0.7308901
0.7546816
0.7723857
0.7815494
0.7788863
0.7626743
0.7359415
0.7072619
0.6843232
0.6655413
0.6418173
0.6070976
0.5628320
0.5121501
0.4558246
0.3956516
0.3364193
0.2822780
0.2349588
0.1962652
0.1676660
0.1460971
0.1240562
0.0954120
0.0595475
0.0212885
-0.0104837
-0.0271044
-0.0282599
-0.0247562
-0.0287573
-0.0421161
-0.0575791
-0.0690726
-0.0763106
-0.0810371
-0.0835060
-0.0826421
-0.0775046
-0.0699003
-0.0663244
-0.0732230
-0.0878152
-0.0978589
-0.0943379
-0.0815804
-0.0718181
-0.0723398
-0.0803111
-0.0874090
-0.0874471
-0.0819365
-0.0793265
-0.0860364
-0.0980705
-0.1052600
-0.1037609
-0.0995176
-0.0987171
-0.1001922
-0.0994962
-0.0965135
-0.0962992
-0.1036837
-0.1172388
-0.1274781
-0.1234674
-0.1046997
-0.0844773
-0.0773921
-0.0848017
-0.0963424
-0.1035768
-0.1071260
-0.1112780
-0.1165185
-0.1183668
-0.1117042
-0.0971479
-0.0843086
-0.0854881
-0.1028132
-0.1235569
-0.1312102
-0.1203384
-0.0999106
-0.0849908
-0.0860163
-0.1016072
-0.1188448
-0.1237409
-0.1143823
-0.1020478
-0.0984928
-0.1051167
-0.1152963
-0.1230957
-0.1273254
-0.1298500
-0.1320991
-0.1322934
-0.1266402
-0.1154743
-0.1065800
-0.1081277
-0.1184746
-0.1267929
-0.1238989
-0.1094175
-0.0892315
-0.0700003
-0.0560959
-0.0479714
-0.0423836
-0.0358078
-0.0271876
-0.0164394
-0.0029495
0.0118329
0.0227227
0.0249136
0.0183427
0.0061018
-0.0087186
-0.0221084
-0.0285280
-0.0257776
-0.0197095
-0.0209843
-0.0365128
-0.0637738
-0.0916835
-0.1077436
-0.1085188
-0.1043543
-0.1101864
-0.1300765
-0.1536888
-0.1687672
-0.1732384
-0.1734698
-0.1745540
-0.1756128
-0.1734287
-0.1685176
-0.1666312
-0.1726943
-0.1827873
-0.1857314
-0.1757626
-0.1603082
-0.1503804
-0.1458351
-0.1361603
-0.1136740
-0.0759957
-0.0107666
0.1142052
0.3305718
0.6261191
0.9179901
1.0799426
1.0182047
0.7394634
0.3498306
-0.0175923
-0.2833346
-0.4464117
-0.5496322
-0.6312096
-0.7029316
-0.7587287
-0.7931379
-0.8098133
-0.8159129
-0.8138632
-0.8025869
-0.7850273
-0.7690203
-0.7589428
-0.7493861
-0.7284002
-0.6854889
-0.6176975
-0.5322561
-0.4441949
-0.3676520
-0.3072259
-0.2585019
-0.2160442
-0.1783731
-0.1463196
-0.1205781
-0.1015626
-0.0887958
-0.0795652
-0.0698940
-0.0571661
-0.0410811
-0.0231187
-0.0059683
0.0085473
0.0224298
0.0399080
0.0610009
0.0797275
0.0919140
0.1025168
0.1213278
0.1519013
0.1872791
0.2165790
0.2347763
0.2470403
0.2643726
0.2938275
0.3324693
0.3718482
0.4072856
0.4400467
0.4717180
0.5016432
0.5312063
0.5657892
0.6087311
0.6549997
0.6935487
0.7163102
0.7251476
0.7308427
0.7441001
0.7653307
0.7837353
0.7882004
0.7779919
0.7606687
0.7413513
0.7177182
0.6851735
0.6435897
0.5981882
0.5552797
0.5168688
0.4782955
0.4322348
0.3763412
0.3158471
0.2580664
0.2069094
0.1640757
0.1317875
0.1101549
0.0930990
0.0709933
0.0390123
0.0024326
-0.0266323
-0.0389287
-0.0366379
-0.0323028
-0.0372054
-0.0509360
-0.0644689
-0.0721679
-0.0764381
-0.0804068
-0.0814256
-0.0751856
-0.0636518
-0.0554290
-0.0580732
-0.0708337
-0.0847200
-0.0899472
-0.0842130
-0.0735793
-0.0653510
-0.0620594
-0.0631022
-0.0686729
-0.0785273
-0.0888007
-0.0941640
-0.0931216
-0.0886774
-0.0843412
-0.0819969
-0.0831828
-0.0895357
-0.1008738
-0.1136456
-0.1217696
-0.1200295
-0.1088878
-0.0963954
-0.0927363
-0.1011000
-0.1150192
-0.1251196
-0.1267007
-0.1208117
-0.1114343
-0.1035224
-0.1012432
-0.1053135
-0.1122969
-0.1174452
-0.1180845
-0.1149132
-0.1113757
-0.1109186
-0.1128009
-0.1115876
-0.1038187
-0.0948457
-0.0952620
-0.1088626
-0.1262222
-0.1322692
-0.1205841
-0.1004856
-0.0898286
-0.0988960
-0.1199857
-0.1342559
-0.1302076
-0.1140290
-0.1009246
-0.0992675
-0.1058430
-0.1137312
-0.1198891
-0.1246472
-0.1275763
-0.1265199
-0.1205714
-0.1128882
-0.1091668
-0.1122500
-0.1190542
-0.1242918
-0.1258668
-0.1237833
-0.1151316
-0.0955358
-0.0673891
-0.0421429
-0.0301911
-0.0296662
-0.0283972
-0.0173315
-0.0004421
0.0095851
0.0054438
-0.0060260
-0.0110687
-0.0053342
0.0000238
-0.0088600
-0.0317238
-0.0537300
-0.0613478
-0.0556548
-0.0499594
-0.0570604
-0.0791218
-0.1071852
-0.1288736
-0.1376702
-0.1365924
-0.1344309
-0.1392428
-0.1538027
-0.1736923
-0.1887496
-0.1898177
-0.1772391
-0.1617535
-0.1549269
-0.1589659
-0.1665621
-0.1692994
-0.1650191
-0.1581614
-0.1542653
-0.1537504
-0.1506444
-0.1373522
-0.1084214
-0.0558352
0.0390915
0.2018669
0.4425470
0.7292702
0.9820818
1.1008892
1.0173221
0.7384304
0.3486652
-0.0357473
-0.3281705
-0.5053698
-0.5970681
-0.6499550
-0.6962035
-0.7430852
-0.7818914
-0.8037064
-0.8088222
-0.8048290
-0.7989660
-0.7929920
-0.7832599
-0.7640828
-0.7320392
-0.6881736
-0.6353224
-0.5733557
-0.4995638
-0.4152858
-0.3301773
-0.2574765
-0.2050745
-0.1715696
-0.1494717
-0.1310001
-0.1120678
-0.0926584
-0.0741192
-0.0566300
-0.0399237
-0.0253667
-0.0150121
-0.0082213
-0.0009057
0.0113160
0.0300687
0.0537463
0.0782619
0.0985295
0.1116014
0.1195406
0.1285002
0.1445945
0.1705502
0.2047807
0.2419654
0.2754168
0.3013380
0.3216654
0.3423166
0.3688076
0.4033520
0.4442076
0.4863357
0.5241495
0.5558427
0.5849116
0.6162149
0.6507138
0.6846878
0.7135165
0.7356982
0.7537769
0.7713727
0.7881711
0.7980196
0.7941268
0.7770476
0.7557216
0.7390429
0.7269261
0.7102437
0.6789680
0.6305923
0.5722267
0.5151950
0.4665215
0.4246259
0.3828025
0.3359650
0.2837875
0.2295617
0.1785525
0.1365065
0.1064254
0.0855576
0.0670501
0.0456578
0.0217070
-0.0001751
-0.0155740
-0.0241479
-0.0299640
-0.0375588
-0.0470015
-0.0537100
-0.0540843
-0.0504841
-0.0494457
-0.0552233
-0.0655530
-0.0732611
-0.0721182
-0.0625749
-0.0523054
-0.0497267
-0.0561900
-0.0655812
-0.0718035
-0.0746852
-0.0774098
-0.0801156
-0.0788013
-0.0711885
-0.0623278
-0.0623350
-0.0765637
-0.0977693
-0.1105878
-0.1063900
-0.0927723
-0.0856094
-0.0919208
-0.1034961
-0.1080952
-0.1038500
-0.0999531
-0.1041094
-0.1123443
-0.1132136
-0.1016674
-0.0863172
-0.0808444
-0.0891291
-0.1019019
-0.1084864
-0.1081511
-0.1073399
-0.1086593
-0.1074266
-0.0996279
-0.0896671
-0.0873611
-0.0973743
-0.1131525
-0.1225842
-0.1199658
-0.1114252
-0.1075844
-0.1118067
-0.1174429
-0.1160995
-0.1059977
-0.0914935
-0.0768147
-0.0622909
-0.0459601
-0.0273302
-0.0093168
0.0033095
0.0076706
0.0051075
-0.0003266
-0.0052557
-0.0086199
-0.0110396
-0.0136975
-0.0172385
-0.0207811
-0.0228696
-0.0246404
-0.0308430
-0.0453255
-0.0654456
-0.0831447
-0.0927949
-0.0972196
-0.1049751
-0.1215362
-0.1434681
-0.1617882
-0.1712504
-0.1752817
-0.1805635
-0.1879341
-0.1916007
-0.1878388
-0.1812345
-0.1797464
-0.1850735
-0.1907030
-0.1895368
-0.1814371
-0.1724560
-0.1678111
-0.1670009
-0.1659219
-0.1622966
-0.1568240
-0.1478924
-0.1256778
-0.0717125
0.0359049
0.2130131
0.4542972
0.7167381
0.9186939
0.9706731
0.8275024
0.5236930
0.1589148
-0.1600444
-0.3772402
-0.5028149
-0.5810593
-0.6460005
-0.7029273
-0.7422175
-0.7604030
-0.7647458
-0.7632650
-0.7577686
-0.7478302
-0.7370418
-0.7310399
-0.7286508
-0.7170505
-0.6788897
-0.6070890
-0.5134431
-0.4213356
-0.3485289
-0.2963697
-0.2544077
-0.2131519
-0.1714693
-0.1337890
-0.1033502
-0.0796189
-0.0613281
-0.0495774
-0.0454622
-0.0444280
-0.0360499
-0.0130279
0.0193264
0.0454076
0.0533819
0.0470132
0.0428818
0.0556198
0.0854204
0.1193458
0.1445446
0.1599589
0.1747951
0.1964685
0.2225991
0.2462506
0.2668846
0.2925357
0.3301157
0.3756123
0.4162297
0.4429704
0.4604170
0.4828219
0.5198074
0.5666110
0.6095434
0.6404447
0.6637887
0.6892902
0.7198973
0.7489773
0.7682787
0.7763290
0.7782535
0.7785217
0.7755609
0.7644609
0.7442439
0.7200632
0.6964702
0.6699066
0.6311868
0.5768091
0.5159592
0.4637907
0.4269622
0.3965195
0.3561704
0.2984319
0.2326522
0.1764779
0.1394544
0.1160554
0.0947365
0.0711977
0.0501585
0.0351413
0.0206100
-0.0026947
-0.0349686
-0.0626658
-0.0695510
-0.0537075
-0.0322732
-0.0268253
-0.0431474
-0.0665042
-0.0773204
-0.0700051
-0.0553433
-0.0463151
-0.0448899
-0.0439125
-0.0397234
-0.0391038
-0.0512900
-0.0740301
-0.0913322
-0.0882631
-0.0675783
-0.0488171
-0.0494295
-0.0678164
-0.0860115
-0.0882923
-0.0759618
-0.0641168
-0.0654216
-0.0782884
-0.0907189
-0.0938142
-0.0894543
-0.0850609
-0.0839101
-0.0831332
-0.0801463
-0.0776639
-0.0805342
-0.0886569
-0.0951311
-0.0927743
-0.0826303
-0.0749721
-0.0802483
-0.0982822
-0.1171555
-0.1237348
-0.1154034
-0.1013569
-0.0930251
-0.0939891
-0.0991138
-0.1024416
-0.1044196
-0.1100891
-0.1203742
-0.1276637
-0.1229803
-0.1077484
-0.0955598
-0.0995252
-0.1179405
-0.1344344
-0.1336657
-0.1166802
-0.0998465
-0.0983098
-0.1113671
-0.1251517
-0.1287921
-0.1250839
-0.1238980
-0.1279020
-0.1292517
-0.1212180
-0.1090527
-0.1048875
-0.1116784
-0.1161748
-0.1017136
-0.0679932
-0.0345708
-0.0217965
-0.0294153
-0.0374371
-0.0287232
-0.0071990
0.0088997
0.0092095
0.0016752
-0.0000912
0.0047400
0.0033831
-0.0130834
-0.0363088
-0.0489543
-0.0453848
-0.0393584
-0.0484918
-0.0738022
-0.0989803
-0.1099381
-0.1107521
-0.1175113
-0.1388023
-0.1664206
-0.1858064
-0.1920219
-0.1923848
-0.1947135
-0.1974618
-0.1941385
-0.1851903
-0.1805775
-0.1883314
-0.2030626
-0.2095606
-0.1985081
-0.1765866
-0.1596769
-0.1569715
-0.1631294
-0.1655508
-0.1566019
-0.1352124
-0.0949144
-0.0132293
0.1394957
0.3714649
0.6433906
0.8715315
0.9653510
0.8769007
0.6279398
0.2964293
-0.0266962
-0.2802708
-0.4497851
-0.5551779
-0.6256341
-0.6803894
-0.7242797
-0.7549775
-0.7726613
-0.7833096
-0.7932139
-0.8011809
-0.7981483
-0.7764230
-0.7392077
-0.6990296
-0.6651742
-0.6331545
-0.5883288
-0.5207144
-0.4354397
-0.3481962
-0.2721909
-0.2116931
-0.1668104
-0.1389230
-0.1270333
-0.1208128
-0.1039171
-0.0686434
-0.0259341
0.0032342
0.0081624
-0.0011054
-0.0044665
0.0087644
0.0329279
0.0568693
0.0768800
0.0961310
0.1146450
0.1263959
0.1289707
0.1320592
0.1506041
0.1883336
0.2315909
0.2625347
0.2775856
0.2901290
0.3147343
0.3515935
0.3887643
0.4179079
0.4435353
0.4751751
0.5137821
0.5503293
0.5781122
0.6023743
0.6341707
0.6754417
0.7139167
0.7353612
0.7399774
0.7438528
0.7624466
0.7933132
0.8168586
0.8148489
0.7875205
0.7519816
0.7245673
0.7059295
0.6832732
0.6453963
0.5936828
0.5384383
0.4867700
0.4367082
0.3835546
0.3293269
0.2826397
0.2485453
0.2209076
0.1876842
0.1442557
0.0997507
0.0685248
0.0555694
0.0516107
0.0429685
0.0249910
0.0045040
-0.0101981
-0.0191361
-0.0287338
-0.0415130
-0.0511224
-0.0498603
-0.0400094
-0.0343412
-0.0430597
-0.0611148
-0.0713991
-0.0623830
-0.0415865
-0.0292306
-0.0377814
-0.0593096
-0.0745250
-0.0732992
-0.0638370
-0.0611709
-0.0695904
-0.0797810
