0.7284555
0.8517195
0.7360959
0.6919640
0.7783179
0.8193322
0.7639651
0.7323456
0.7561238
0.7336934
0.6389021
0.5644340
0.5494624
0.5333998
0.4859353
0.4397124
0.3946726
0.3168011
0.2283001
0.1872290
0.1846073
0.1597678
0.1046225
0.0629629
0.0433109
0.0161465
-0.0191780
-0.0392167
-0.0495687
-0.0691719
-0.0848154
-0.0784385
-0.0716527
-0.0898262
-0.1126386
-0.1103588
-0.0972800
-0.1021151
-0.1168869
-0.1182315
-0.1092380
-0.1033116
-0.0972901
-0.0914079
-0.1025624
-0.1299733
-0.1419453
-0.1221976
-0.0965725
-0.0931759
-0.1088483
-0.1305188
-0.1541562
-0.1686342
-0.1572692
-0.1294208
-0.1173792
-0.1314168
-0.1490692
-0.1542834
-0.1546029
-0.1560206
-0.1535737
-0.1501896
-0.1549828
-0.1621627
-0.1589983
-0.1513316
-0.1542507
-0.1637867
-0.1649292
-0.1597014
-0.1604884
-0.1644348
-0.1603132
-0.1514386
-0.1480548
-0.1476747
-0.1446623
-0.1466034
-0.1600186
-0.1727810
-0.1703185
-0.1568544
-0.1449294
-0.1384590
-0.1391386
-0.1515533
-0.1685261
-0.1702924
-0.1517919
-0.1330793
-0.1313670
-0.1407034
-0.1485070
-0.1530262
-0.1556376
-0.1545360
-0.1536781
-0.1603458
-0.1686140
-0.1630314
-0.1426104
-0.1242983
-0.1209271
-0.1314750
-0.1506223
-0.1696026
-0.1713630
-0.1461601
-0.1111503
-0.0956056
-0.1071319
-0.1274946
-0.1375938
-0.1313372
-0.1109383
-0.0849373
-0.0662535
-0.0586551
-0.0510313
-0.0356234
-0.0218837
-0.0205606
-0.0254204
-0.0235726
-0.0134029
-0.0007369
0.0117572
0.0205962
0.0182974
0.0043163
-0.0113778
-0.0233590
-0.0376936
-0.0573583
-0.0736996
-0.0795115
-0.0791877
-0.0807607
-0.0886880
-0.1064336
-0.1331818
-0.1565990
-0.1629685
-0.1562438
-0.1535854
-0.1612705
-0.1685412
-0.1655682
-0.1543918
-0.1423051
-0.1363931
-0.1426677
-0.1583720
-0.1677045
-0.1572716
-0.1333116
-0.1132338
-0.1042070
-0.0998027
-0.0915752
-0.0723416
-0.0316871
0.0433810
0.1664724
0.3499200
0.5862739
0.8187784
0.9461349
0.8823811
0.6219280
0.2469171
-0.1245051
-0.4026624
-0.5639938
-0.6451724
-0.6997316
-0.7541822
-0.8044085
-0.8441658
-0.8791130
-0.9122884
-0.9343010
-0.9360854
-0.9205789
-0.8966218
-0.8703344
-0.8450275
-0.8198668
-0.7858879
-0.7315298
-0.6542082
-0.5616045
-0.4646056
-0.3753381
-0.3057443
-0.2573694
-0.2168382
-0.1719011
-0.1280306
-0.0991942
-0.0865479
-0.0767151
-0.0582066
-0.0309915
-0.0031223
0.0152446
0.0192185
0.0171813
0.0262928
0.0541208
0.0899641
0.1184620
0.1347280
0.1424315
0.1462650
0.1520772
0.1663007
0.1892149
0.2146442
0.2392631
0.2650873
0.2911639
0.3119495
0.3268461
0.3431651
0.3671216
0.3988942
0.4369304
0.4788826
0.5181260
0.5481457
0.5712857
0.5959080
0.6253301
0.6564332
0.6872838
0.7184991
0.7488905
0.7766995
0.8025651
0.8250142
0.8373983
0.8366735
0.8307128
0.8288592
0.8288571
0.8204507
0.7984453
0.7656708
0.7264659
0.6829867
0.6351510
0.5810112
0.5214857
0.4659920
0.4254535
0.3964941
0.3612070
0.3078296
0.2448946
0.1904501
0.1535074
0.1298528
0.1100455
0.0877007
0.0640637
0.0458449
0.0348674
0.0222478
-0.0000743
-0.0244935
-0.0341760
-0.0244670
-0.0090106
-0.0035377
-0.0111235
-0.0243157
-0.0348952
-0.0399414
-0.0424800
-0.0461807
-0.0478363
-0.0399408
-0.0245213
-0.0172918
-0.0302659
-0.0550734
-0.0717888
-0.0713731
-0.0622587
-0.0570613
-0.0592584
-0.0623792
-0.0589290
-0.0509750
-0.0512244
-0.0683318
-0.0917014
-0.0997939
-0.0860283
-0.0674994
-0.0637473
-0.0750978
-0.0874940
-0.0917708
-0.0912653
-0.0937697
-0.1012431
-0.1072404
-0.1039930
-0.0930699
-0.0860018
-0.0904646
-0.0999673
-0.1035617
-0.1015657
-0.1028214
-0.1089448
-0.1115431
-0.1056513
-0.0973451
-0.0957004
-0.1025950
-0.1119761
-0.1161235
-0.1129881
-0.1090057
-0.1116842
-0.1178513
-0.1153046
-0.1002117
-0.0862758
-0.0897196
-0.1092837
-0.1278196
-0.1314134
-0.1216918
-0.1107673
-0.1078924
-0.1107522
-0.1095387
-0.1012959
-0.0971625
-0.1088132
-0.1296203
-0.1391259
-0.1279177
-0.1085658
-0.0980514
-0.0979346
-0.0979680
-0.0933125
-0.0905445
-0.0971123
-0.1090301
-0.1117767
-0.0957085
-0.0702080
-0.0567568
-0.0644798
-0.0785669
-0.0787395
-0.0630803
-0.0449515
-0.0310471
-0.0142516
0.0111180
0.0367435
0.0475532
0.0379653
0.0184402
0.0063887
0.0098234
0.0198218
0.0214563
0.0111428
-0.0022847
-0.0132714
-0.0272026
-0.0484371
-0.0690400
-0.0771225
-0.0726634
-0.0685278
-0.0766223
-0.0963823
-0.1162835
-0.1257677
-0.1268558
-0.1324835
-0.1501086
-0.1696699
-0.1740658
-0.1604076
-0.1436536
-0.1386745
-0.1454918
-0.1536331
-0.1548736
-0.1491911
-0.1423872
-0.1399694
-0.1411854
-0.1390632
-0.1282953
-0.1110298
-0.0906382
-0.0591926
0.0077285
0.1431456
0.3680579
0.6618931
0.9436248
1.0942797
1.0231355
0.7302440
0.3105883
-0.1039573
-0.4171085
-0.6048807
-0.7017431
-0.7579867
-0.8049628
-0.8499142
-0.8899245
-0.9205587
-0.9346198
-0.9257850
-0.8990532
-0.8706653
-0.8522097
-0.8384865
-0.8144038
-0.7703415
-0.7080404
-0.6350183
-0.5570876
-0.4759335
-0.3927713
-0.3135721
-0.2478078
-0.2000576
-0.1660485
-0.1398407
-0.1206262
-0.1077651
-0.0939136
-0.0711043
-0.0423277
-0.0197117
-0.0102615
-0.0084619
-0.0040001
0.0069475
0.0194153
0.0269403
0.0306141
0.0400472
0.0626705
0.0925523
0.1148971
0.1231992
0.1266977
0.1380361
0.1585648
0.1800031
0.1970336
0.2135526
0.2372968
0.2705093
0.3056919
0.3315812
0.3459483
0.3609229
0.3909765
0.4362938
0.4833935
0.5220439
0.5550759
0.5896177
0.6246984
0.6521391
0.6677377
0.6782851
0.6963744
0.7273166
0.7613167
0.7817037
0.7824192
0.7734723
0.7665001
0.7599976
0.7441322
0.7163043
0.6846155
0.6561979
0.6277292
0.5891350
0.5344543
0.4686956
0.4045959
0.3512863
0.3059845
0.2595288
0.2098493
0.1649139
0.1306618
0.1016298
0.0679554
0.0286355
-0.0064715
-0.0270877
-0.0327664
-0.0331840
-0.0388413
-0.0510964
-0.0626871
-0.0690130
-0.0748742
-0.0856802
-0.0958982
-0.0943143
-0.0806802
-0.0692220
-0.0725148
-0.0870698
-0.0986413
-0.0989555
-0.0936842
-0.0942362
-0.1037402
-0.1131322
-0.1125682
-0.1048604
-0.1027371
-0.1120587
-0.1238861
-0.1270164
-0.1231931
-0.1237649
-0.1336509
-0.1446456
-0.1450067
-0.1323126
-0.1163698
-0.1107118
-0.1204527
-0.1376957
-0.1499345
-0.1523901
-0.1494821
-0.1454909
-0.1395149
-0.1312621
-0.1262308
-0.1306213
-0.1430768
-0.1547265
-0.1572753
-0.1502309
-0.1407093
-0.1360042
-0.1361092
-0.1355026
-0.1330268
-0.1353717
-0.1465011
-0.1576376
-0.1550880
-0.1376538
-0.1197580
-0.1156419
-0.1251019
-0.1368429
-0.1422381
-0.1426382
-0.1441169
-0.1477126
-0.1472714
-0.1381098
-0.1255748
-0.1207700
-0.1276915
-0.1391929
-0.1468453
-0.1496244
-0.1501995
-0.1479045
-0.1404930
-0.1302354
-0.1233025
-0.1232736
-0.1279231
-0.1322848
-0.1335217
-0.1330128
-0.1337059
-0.1347298
-0.1302439
-0.1166333
-0.1000438
-0.0926652
-0.1003737
-0.1164510
-0.1279732
-0.1264922
-0.1132065
-0.0967367
-0.0859577
-0.0825915
-0.0807263
-0.0747614
-0.0657549
-0.0572499
-0.0473151
-0.0297744
-0.0038104
0.0212303
0.0325231
0.0252022
0.0079854
-0.0026357
0.0031303
0.0176259
0.0217759
0.0043169
-0.0264695
-0.0518014
-0.0610661
-0.0597119
-0.0609379
-0.0723057
-0.0898207
-0.1035521
-0.1089646
-0.1119343
-0.1210188
-0.1363041
-0.1496259
-0.1554035
-0.1564772
-0.1577394
-0.1582863
-0.1532637
-0.1418916
-0.1309060
-0.1291556
-0.1382506
-0.1485302
-0.1466422
-0.1292205
-0.1071593
-0.0936601
-0.0896068
-0.0828289
-0.0575897
0.0019137
0.1156683
0.3028712
0.5585862
0.8287522
1.0137713
1.0141893
0.7948457
0.4174087
0.0075342
-0.3220586
-0.5301537
-0.6445780
-0.7153754
-0.7732390
-0.8220302
-0.8553245
-0.8719819
-0.8777948
-0.8781087
-0.8733821
-0.8623886
-0.8461211
-0.8254334
-0.7971884
-0.7573359
-0.7070767
-0.6509759
-0.5883578
-0.5119812
-0.4186959
-0.3189473
-0.2324060
-0.1736861
-0.1421071
-0.1240386
-0.1049911
-0.0806066
-0.0564578
-0.0379718
-0.0232363
-0.0071372
0.0104211
0.0241383
0.0306006
0.0334108
0.0409442
0.0595350
0.0870012
0.1117344
0.1212386
0.1149413
0.1073049
0.1150733
0.1413038
0.1735922
0.1976790
0.2114128
0.2253410
0.2501603
0.2839518
0.3133266
0.3288040
0.3372653
0.3555025
0.3917520
0.4376992
0.4795147
0.5124505
0.5419942
0.5737888
0.6064679
0.6346982
0.6573267
0.6808609
0.7134684
0.7549926
0.7944341
0.8188596
0.8241244
0.8165599
0.8069732
0.8047806
0.8138809
0.8284181
0.8328672
0.8118901
0.7636685
0.7027064
0.6478734
0.6069618
0.5720943
0.5295894
0.4744681
0.4149005
0.3617719
0.3159309
0.2695079
0.2194435
0.1742063
0.1438904
0.1271079
0.1121932
0.0907364
0.0663956
0.0490879
0.0419358
0.0360865
0.0204150
-0.0034419
-0.0190192
-0.0118606
0.0122112
0.0298775
0.0231644
-0.0024562
-0.0239534
-0.0233699
-0.0039510
0.0149371
0.0177473
0.0071406
-0.0019512
-0.0012905
0.0015360
-0.0051226
-0.0199804
-0.0288874
-0.0218686
-0.0058427
0.0019415
-0.0080346
-0.0274823
-0.0385731
-0.0321394
-0.0166198
-0.0075930
-0.0098241
-0.0134805
-0.0087781
0.0002835
0.0006632
-0.0132812
-0.0324098
-0.0425947
-0.0393538
-0.0308997
-0.0272991
-0.0291405
-0.0294436
-0.0258682
-0.0258615
-0.0360813
-0.0503724
-0.0548553
-0.0452064
-0.0328990
-0.0315323
-0.0411424
-0.0500165
-0.0498305
-0.0442547
-0.0417947
-0.0438843
-0.0439598
-0.0382125
-0.0328809
-0.0368853
-0.0489459
-0.0577064
-0.0561764
-0.0507910
-0.0520528
-0.0597363
-0.0631200
-0.0553277
-0.0422983
-0.0358187
-0.0408351
-0.0521042
-0.0619172
-0.0680970
-0.0731147
-0.0771260
-0.0755688
-0.0655898
-0.0524917
-0.0461673
-0.0512809
-0.0637685
-0.0767248
-0.0861126
-0.0899973
-0.0865034
-0.0760321
-0.0639648
-0.0579152
-0.0614738
-0.0714389
-0.0813081
-0.0869643
-0.0885150
-0.0866142
-0.0785612
-0.0608768
-0.0365228
-0.0164206
-0.0104397
-0.0172754
-0.0252736
-0.0229842
-0.0078828
0.0134228
0.0305589
0.0353843
0.0261642
0.0080280
-0.0110793
-0.0259191
-0.0363363
-0.0452395
-0.0548107
-0.0645035
-0.0728657
-0.0813791
-0.0947252
-0.1149634
-0.1364816
-0.1504525
-0.1551901
-0.1585702
-0.1677249
-0.1787211
-0.1800521
-0.1664346
-0.1465220
-0.1352255
-0.1388510
-0.1493904
-0.1542943
-0.1500855
-0.1430625
-0.1365942
-0.1227220
-0.0897258
-0.0332188
0.0482138
0.1673022
0.3447200
0.5768512
0.8040249
0.9227529
0.8487159
0.5827395
0.2183328
-0.1217873
-0.3658132
-0.5203482
-0.6311833
-0.7279998
-0.8077405
-0.8585562
-0.8841526
-0.9007138
-0.9181430
-0.9326358
-0.9373879
-0.9342533
-0.9304346
-0.9256363
-0.9081991
-0.8668907
-0.8038376
-0.7320394
-0.6610753
-0.5893628
-0.5112615
-0.4280327
-0.3490122
-0.2833187
-0.2326886
-0.1925252
-0.1587536
-0.1326566
-0.1181102
-0.1139064
-0.1105320
-0.0968279
-0.0701037
-0.0384131
-0.0126696
0.0025195
0.0104659
0.0168182
0.0240561
0.0318970
0.0421017
0.0601887
0.0895844
0.1244452
0.1520506
0.1649339
0.1691567
0.1781861
0.1992811
0.2281492
0.2567509
0.2834463
0.3131941
0.3483148
0.3819929
0.4041202
0.4141689
0.4251993
0.4517696
0.4945867
0.5404568
0.5776812
0.6076441
0.6388797
0.6727993
0.7003074
0.7139009
0.7200293
0.7353664
0.7690767
0.8103034
0.8360701
0.8324830
0.8066049
0.7768936
0.7545049
0.7361862
0.7132523
0.6827727
0.6481823
0.6114625
0.5681728
0.5118716
0.4433610
0.3741254
0.3184254
0.2807956
0.2520616
0.2186308
0.1753908
0.1291557
0.0905235
0.0636797
0.0441750
0.0257765
0.0084637
-0.0016051
-0.0008096
0.0046453
0.0029424
-0.0108761
-0.0285854
-0.0369641
-0.0320383
-0.0235410
-0.0242607
-0.0354782
-0.0447377
-0.0398744
-0.0247878
-0.0179946
-0.0329178
-0.0612064
-0.0793754
-0.0728723
-0.0509892
-0.0362932
-0.0410807
-0.0568201
-0.0665835
-0.0647298
-0.0612461
-0.0668919
-0.0780539
-0.0804180
-0.0673292
-0.0501001
-0.0470373
-0.0637519
-0.0872024
-0.0990883
-0.0928985
-0.0773987
-0.0657721
-0.0637591
-0.0683047
-0.0750233
-0.0835294
-0.0943111
-0.1030086
-0.1018111
-0.0879436
-0.0689850
-0.0577411
-0.0613476
-0.0753386
-0.0879598
-0.0903992
-0.0837258
-0.0763971
-0.0749925
-0.0779029
-0.0788173
-0.0756690
-0.0740529
-0.0805886
-0.0937265
-0.1029220
-0.0983188
-0.0816326
-0.0664878
-0.0662578
-0.0808444
-0.0964836
-0.0996366
-0.0905337
-0.0820040
-0.0852456
-0.0978929
-0.1066409
-0.1014740
-0.0870110
-0.0790607
-0.0888653
-0.1106402
-0.1259865
-0.1215816
-0.1020172
-0.0846871
-0.0829284
-0.0951846
-0.1097678
-0.1177442
-0.1195321
-0.1198789
-0.1195014
-0.1144449
-0.1034549
-0.0928325
-0.0913076
-0.1005543
-0.1127432
-0.1176405
-0.1107530
-0.0947097
-0.0751279
-0.0567987
-0.0426183
-0.0336338
-0.0289617
-0.0263397
-0.0236804
-0.0200549
-0.0147390
-0.0060918
0.0063186
0.0171433
0.0151488
-0.0076853
-0.0449861
-0.0767788
-0.0855542
-0.0725194
-0.0563366
-0.0553343
-0.0722917
-0.0967445
-0.1190793
-0.1386098
-0.1577276
-0.1725869
-0.1745761
-0.1617168
-0.1448766
-0.1392684
-0.1501507
-0.1687276
-0.1812943
-0.1799432
-0.1652200
-0.1434004
-0.1244151
-0.1188937
-0.1303780
-0.1480644
-0.1512551
-0.1249125
-0.0683489
0.0172233
0.1484315
0.3537938
0.6318325
0.9112817
1.0672181
0.9989281
0.7074856
0.3004672
-0.0832388
-0.3611780
-0.5350663
-0.6505230
-0.7421844
-0.8152844
-0.8641366
-0.8918723
-0.9084240
-0.9179769
-0.9173662
-0.9064179
-0.8932062
-0.8856354
-0.8806044
-0.8649515
-0.8265951
-0.7628776
-0.6795035
-0.5855471
-0.4911998
-0.4069652
-0.3398858
-0.2886513
-0.2446368
-0.2005642
-0.1583260
-0.1265835
-0.1101496
-0.1033380
-0.0951118
-0.0798994
-0.0616178
-0.0471180
-0.0375399
-0.0273904
-0.0114724
0.0087103
0.0259929
0.0346347
0.0361262
0.0382703
0.0489185
0.0703166
0.0983316
0.1258175
0.1467498
0.1590724
0.1660981
0.1760092
0.1980923
0.2360409
0.2827589
0.3228224
0.3437188
0.3477129
0.3524146
0.3768149
0.4243355
0.4793863
0.5215274
0.5435328
0.5558052
0.5741248
0.6045980
0.6407556
0.6732160
0.6993979
0.7232265
0.7477350
0.7706888
0.7874568
0.7957159
0.7958134
0.7881054
0.7726929
0.7519914
0.7305824
0.7096870
0.6824503
0.6382892
0.5746511
0.5036694
0.4440674
0.4044454
0.3751774
0.3383380
0.2857812
0.2264759
