-0.5319074
-0.4098949
-0.3513090
-0.2844158
-0.1964510
-0.1374007
-0.1190179
-0.0983454
-0.0554111
-0.0152718
0.0078519
0.0291181
0.0535830
0.0680574
0.0749705
0.0927785
0.1217718
0.1449505
0.1606989
0.1820433
0.2074798
0.2237855
0.2345471
0.2577426
0.2976626
0.3426734
0.3859013
0.4269072
0.4596968
0.4800741
0.4993179
0.5326107
0.5792395
0.6274463
0.6697232
0.7009969
0.7140529
0.7114920
0.7112623
0.7257216
0.7439068
0.7462084
0.7275718
0.6963931
0.6604570
0.6236362
0.5876629
0.5491766
0.5026858
0.4507143
0.4013161
0.3528790
0.2939181
0.2223386
0.1528347
0.0998094
0.0626400
0.0314261
-0.0016936
-0.0387391
-0.0740555
-0.0954457
-0.0965656
-0.0883799
-0.0888859
-0.1016160
-0.1132760
-0.1117640
-0.0976325
-0.0790014
-0.0640901
-0.0581500
-0.0603261
-0.0643370
-0.0670427
-0.0723754
-0.0816568
-0.0866207
-0.0803143
-0.0700248
-0.0705989
-0.0872102
-0.1106160
-0.1266694
-0.1268166
-0.1142903
-0.1041425
-0.1115199
-0.1353053
-0.1584505
-0.1680370
-0.1690296
-0.1744799
-0.1886396
-0.2050128
-0.2169096
-0.2254191
-0.2381692
-0.2601412
-0.2833620
-0.2896094
-0.2703290
-0.2407083
-0.2241295
-0.2233851
-0.2177192
-0.1889913
-0.1379101
-0.0671450
0.0422424
0.2217505
0.4724636
0.7292565
0.8772900
0.8234876
0.5676472
0.2051580
-0.1441428
-0.4111033
-0.5907967
-0.7051334
-0.7719521
-0.8060413
-0.8285409
-0.8605857
-0.9080230
-0.9575462
-0.9907576
-1.0025733
-1.0035907
-1.0022622
-0.9891127
-0.9460464
-0.8698496
-0.7769001
-0.6825656
-0.5856010
-0.4786246
-0.3668536
-0.2683102
-0.1970064
-0.1506497
-0.1146773
-0.0761831
-0.0337940
0.0058674
0.0403037
0.0752502
0.1141209
0.1491850
0.1706658
0.1820636
0.1980227
0.2262712
0.2584952
0.2814499
0.2927107
0.3030079
0.3249520
0.3604948
0.3989754
0.4281846
0.4468990
0.4633577
0.4816490
0.4959487
0.5013131
0.5038123
0.5134940
0.5302837
0.5431148
0.5426942
0.5310091
0.5178050
0.5098678
0.5043902
0.4930468
0.4730046
0.4515381
0.4364787
0.4244812
0.4047981
0.3744236
0.3425840
0.3178757
0.2967106
0.2686041
0.2297946
0.1877757
0.1529063
0.1272560
0.1021662
0.0677055
0.0248353
-0.0143690
-0.0402624
-0.0560908
-0.0719516
-0.0920252
-0.1128675
-0.1319894
-0.1517673
-0.1742297
-0.1965249
-0.2133702
-0.2222124
-0.2255157
-0.2288996
-0.2364748
-0.2473645
-0.2576594
-0.2651155
-0.2691511
-0.2668445
-0.2539968
-0.2319041
-0.2083551
-0.1887245
-0.1696447
-0.1452847
-0.1177243
-0.0972461
-0.0922998
-0.1008686
-0.1120325
-0.1162618
-0.1147413
-0.1174240
-0.1307634
-0.1498387
-0.1654664
-0.1762547
-0.1882180
-0.2032007
-0.2137820
-0.2119932
-0.1996621
-0.1877427
-0.1866757
-0.1980795
-0.2145804
-0.2272776
-0.2338086
-0.2387772
-0.2468557
-0.2580559
-0.2701023
-0.2812878
-0.2884077
-0.2857137
-0.2706251
-0.2493280
-0.2328510
-0.2271739
-0.2288421
-0.2297830
-0.2249663
-0.2156568
-0.2058615
-0.1956534
-0.1797903
-0.1557561
-0.1320189
-0.1231963
-0.1347548
-0.1554785
-0.1676129
-0.1633205
-0.1503015
-0.1429536
-0.1489152
-0.1628836
-0.1729018
-0.1731838
-0.1698495
-0.1727879
-0.1836702
-0.1948617
-0.1993025
-0.1982732
-0.1990900
-0.2071646
-0.2204250
-0.2303984
-0.2298196
-0.2206363
-0.2128408
-0.2131176
-0.2161012
-0.2097633
-0.1890256
-0.1617114
-0.1410762
-0.1339989
-0.1358898
-0.1342128
-0.1137434
-0.0566656
0.0588432
0.2479708
0.4930321
0.7251905
0.8457807
0.7847545
0.5504276
0.2256529
-0.0865492
-0.3217449
-0.4741073
-0.5733674
-0.6487803
-0.7120133
-0.7642719
-0.8082581
-0.8485818
-0.8857153
-0.9163522
-0.9388382
-0.9525797
-0.9514552
-0.9234097
-0.8605935
-0.7687967
-0.6647704
-0.5639498
-0.4706487
-0.3795735
-0.2868129
-0.1990747
-0.1306801
-0.0907384
-0.0745494
-0.0681670
-0.0596497
-0.0452744
-0.0276875
-0.0106342
0.0054549
0.0243108
0.0495007
0.0786138
0.1037393
0.1194431
0.1291119
0.1419723
0.1645592
0.1957725
0.2291163
0.2589636
0.2856672
0.3154526
0.3550848
0.4066685
0.4674405
0.5323712
0.5949272
0.6475607
0.6860816
0.7144771
0.7422366
0.7749280
0.8083782
0.8327226
0.8412136
0.8349648
0.8202785
0.8019075
0.7789591
0.7479487
0.7094156
0.6689330
0.6300182
0.5882577
0.5354911
0.4697508
0.3993045
0.3365164
0.2879435
0.2495900
0.2114711
0.1679846
0.1240877
0.0896853
0.0677498
0.0506147
0.0295235
0.0056453
-0.0109815
-0.0131184
-0.0053653
-0.0011545
-0.0107608
-0.0320057
-0.0532074
-0.0657883
-0.0728269
-0.0838937
-0.1029151
-0.1236464
-0.1364971
-0.1371355
-0.1285782
-0.1180482
-0.1130121
-0.1177298
-0.1308654
-0.1460198
-0.1556713
-0.1562294
-0.1509502
-0.1480458
-0.1540224
-0.1676402
-0.1813960
-0.1892683
-0.1909952
-0.1881564
-0.1796369
-0.1643430
-0.1465377
-0.1339715
-0.1295314
-0.1272355
-0.1183819
-0.1009732
-0.0815576
-0.0674220
-0.0581157
-0.0454690
-0.0193433
0.0318612
0.1262776
0.2824552
0.4922161
0.6951049
0.7926346
0.7075818
0.4426646
0.0845819
-0.2524391
-0.4950408
-0.6368846
-0.7126724
-0.7564416
-0.7839529
-0.8028826
-0.8239888
-0.8551383
-0.8901603
-0.9128183
-0.9138497
-0.9001153
-0.8849251
-0.8713796
-0.8469006
-0.7935222
-0.7032835
-0.5850596
-0.4581022
-0.3395981
-0.2376596
-0.1534519
-0.0862002
-0.0345759
0.0047572
0.0372057
0.0677673
0.0979363
0.1244005
0.1416785
0.1482530
0.1505654
0.1590930
0.1795212
0.2088087
0.2400222
0.2691298
0.2963668
0.3232450
0.3506584
0.3797549
0.4127975
0.4515013
0.4938065
0.5331797
0.5634887
0.5859927
0.6100561
0.6447541
0.6897474
0.7353340
0.7707055
0.7910973
0.7983744
0.7973181
0.7915868
0.7813799
0.7640346
0.7372817
0.7018608
0.6604392
0.6142859
0.5618469
0.5010728
0.4336398
0.3671728
0.3118610
0.2722029
0.2413718
0.2058905
0.1578372
0.1023571
0.0528673
0.0194554
0.0014514
-0.0108404
-0.0281757
-0.0544374
-0.0844379
-0.1090225
-0.1226029
-0.1260340
-0.1233663
-0.1174929
-0.1091555
-0.0987366
-0.0877898
-0.0783944
-0.0707451
-0.0618687
-0.0484590
-0.0317931
-0.0179921
-0.0115182
-0.0097373
-0.0065553
-0.0010314
0.0007830
-0.0058606
-0.0159767
-0.0168565
0.0018675
0.0431556
0.1102545
0.2171555
0.3818432
0.5977325
0.8087145
0.9219254
0.8607600
0.6182092
0.2651100
-0.0928214
-0.3727193
-0.5455332
-0.6287719
-0.6602489
-0.6766888
-0.7040536
-0.7524778
-0.8128476
-0.8624360
-0.8825968
-0.8747915
-0.8574212
-0.8454695
-0.8346760
-0.8064507
-0.7464635
-0.6570926
-0.5535273
-0.4507830
-0.3554402
-0.2679289
-0.1893100
-0.1234833
-0.0735765
-0.0389080
-0.0163862
-0.0028467
0.0053847
0.0132794
0.0247998
0.0399990
0.0562756
0.0728362
0.0927405
0.1199816
0.1548877
0.1926841
0.2270282
0.2558043
0.2836041
0.3176285
0.3606775
0.4085943
0.4544394
0.4941501
0.5281248
0.5588723
0.5882384
0.6163551
0.6422675
0.6650499
0.6838433
0.6967447
0.7008324
0.6944744
0.6788778
0.6558196
0.6242926
0.5814388
0.5273967
0.4677164
0.4097717
0.3570887
0.3077894
0.2585488
0.2096586
0.1655502
0.1297767
0.1000978
0.0701732
0.0365897
0.0026803
-0.0256364
-0.0465001
-0.0631859
-0.0795308
-0.0962224
-0.1117123
-0.1251358
-0.1369182
-0.1462187
-0.1485713
-0.1379744
-0.1133563
-0.0831557
-0.0616316
-0.0587418
-0.0727619
-0.0921506
-0.1043050
-0.1039584
-0.0957539
-0.0898330
-0.0936622
-0.1064315
-0.1206477
-0.1288897
-0.1291765
-0.1251720
-0.1228984
-0.1271580
-0.1391779
-0.1560276
-0.1720997
-0.1819608
-0.1831643
-0.1777587
-0.1712720
-0.1689830
-0.1723865
-0.1795171
-0.1871496
-0.1879230
-0.1620311
-0.0763152
0.0961647
0.3431953
0.5956177
0.7497756
0.7242323
0.5120412
0.1872928
-0.1408124
-0.3905970
-0.5410384
-0.6196446
-0.6674741
-0.7127276
-0.7645503
-0.8190171
-0.8673409
-0.9031376
-0.9272690
-0.9464499
-0.9645257
-0.9736767
-0.9564311
-0.9000907
-0.8101885
-0.7072835
-0.6087748
-0.5157655
-0.4200006
-0.3214315
-0.2337980
-0.1709998
-0.1311255
-0.0975786
-0.0560133
-0.0077527
0.0346868
0.0636809
0.0853509
0.1115911
0.1456090
0.1784000
0.1996104
0.2090875
0.2161630
0.2294848
0.2499766
0.2731717
0.2957297
0.3181738
0.3420569
0.3662003
0.3870797
0.4031695
0.4177988
0.4362607
0.4599261
0.4842447
0.5031221
0.5149333
0.5241191
0.5370690
0.5558232
0.5747672
0.5838199
0.5765214
0.5559034
0.5318028
0.5117230
0.4944684
0.4728992
0.4424637
0.4063661
0.3720141
0.3427334
0.3143358
0.2812144
0.2449814
0.2140449
0.1929967
0.1746909
0.1463552
0.1039704
0.0579450
0.0227190
0.0018755
-0.0142824
-0.0361810
-0.0623922
-0.0821465
-0.0900284
-0.0944450
-0.1082359
-0.1322007
-0.1523948
-0.1556509
-0.1449431
-0.1360785
-0.1398604
-0.1508804
-0.1554686
-0.1486873
-0.1403220
-0.1432012
-0.1579464
-0.1723752
-0.1761695
-0.1729235
-0.1750961
-0.1886007
-0.2059679
-0.2154139
-0.2136039
-0.2068600
-0.2008540
-0.1924204
-0.1735393
-0.1424788
-0.1084523
-0.0837914
-0.0726233
-0.0692603
-0.0673534
-0.0675921
-0.0745163
-0.0877631
-0.1000093
-0.1045859
-0.1033024
-0.1049018
-0.1156523
-0.1323989
-0.1457181
-0.1499812
-0.1495472
-0.1542474
-0.1689113
-0.1880728
-0.2011458
-0.2025000
-0.1967323
-0.1945844
-0.2031421
-0.2188998
-0.2306454
-0.2305465
-0.2225197
-0.2179590
-0.2223396
-0.2278584
-0.2217618
-0.2017143
-0.1798294
-0.1689306
-0.1660050
-0.1531167
-0.1159145
-0.0562817
0.0198365
0.1253564
0.2898027
0.5197257
0.7586036
0.8979244
0.8455486
0.5961384
0.2393721
-0.1022624
-0.3505478
-0.5007028
-0.5915942
-0.6589504
-0.7156573
-0.7628145
-0.8040951
-0.8448133
-0.8841005
-0.9157151
-0.9364203
-0.9486325
-0.9529645
-0.9414846
-0.9023137
-0.8314862
-0.7382820
-0.6375531
-0.5377635
-0.4381866
-0.3373448
-0.2412632
-0.1610181
-0.1026958
-0.0618178
-0.0281985
0.0049044
0.0370049
0.0643995
0.0861281
0.1050700
0.1235248
0.1392675
0.1479699
0.1502091
0.1545417
0.1714270
0.2034091
0.2421194
0.2756965
0.2992068
0.3178790
0.3407247
0.3716695
0.4070654
0.4410913
0.4721811
0.5035251
0.5384570
0.5770538
0.6170244
0.6558343
0.6909001
0.7192209
0.7388350
0.7506252
0.7571118
0.7585727
0.7510675
0.7296508
0.6941825
0.6513339
0.6096071
0.5718597
0.5333407
0.4874812
0.4328632
0.3739171
0.3160054
0.2617403
0.2120608
0.1685427
0.1325140
0.1020409
0.0716799
0.0370739
0.0004164
-0.0294763
-0.0440498
-0.0430015
-0.0355792
-0.0338075
-0.0440925
-0.0641964
-0.0864318
-0.1030244
-0.1099211
-0.1077150
-0.0998022
-0.0891917
-0.0767589
-0.0627889
-0.0500427
-0.0441141
-0.0490355
-0.0615348
-0.0705976
-0.0653949
-0.0458669
-0.0252449
-0.0201673
-0.0369129
-0.0670913
-0.0963651
-0.1164984
-0.1292706
-0.1409864
-0.1554458
-0.1721074
-0.1887430
-0.2037221
-0.2157110
-0.2230294
-0.2249315
-0.2231671
-0.2208310
-0.2195077
-0.2190111
-0.2204246
-0.2272131
-0.2406895
-0.2546418
-0.2575353
-0.2427414
-0.2166985
-0.1952327
-0.1901681
-0.1989530
-0.2075478
-0.2034756
-0.1857882
-0.1627998
-0.1421340
-0.1250865
-0.1103259
-0.1000084
-0.0993627
-0.1101158
-0.1263400
-0.1386145
-0.1426780
-0.1433771
-0.1495253
-0.1649915
-0.1852868
-0.2025996
-0.2129306
-0.2177029
-0.2198598
-0.2206454
-0.2205057
-0.2209577
-0.2233684
-0.2259502
-0.2238448
-0.2137527
-0.1983413
-0.1846505
-0.1771444
-0.1730110
-0.1658102
-0.1538753
-0.1432776
-0.1408365
-0.1447899
-0.1444978
-0.1307969
-0.1065369
-0.0860612
-0.0834638
-0.1005084
-0.1252712
-0.1422672
-0.1444129
-0.1365851
-0.1294013
-0.1303918
-0.1399321
-0.1531770
-0.1643196
-0.1694815
-0.1672310
-0.1579399
-0.1435153
-0.1275324
-0.1141701
-0.1052816
-0.0981400
-0.0874122
-0.0706760
-0.0512100
-0.0321916
-0.0048022
0.0578665
0.1891030
0.4002569
0.6548775
0.8699193
0.9520816
0.8493320
0.5825129
0.2345184
-0.0950056
-0.3382688
-0.4815423
-0.5534081
-0.5949201
-0.6347893
-0.6820781
-0.7331250
-0.7817790
-0.8248120
-0.8611181
-0.8881478
-0.9002736
-0.8914434
-0.8598089
-0.8092417
-0.7455281
-0.6711367
-0.5846135
-0.4857712
-0.3811540
-0.2833616
-0.2040080
-0.1468232
-0.1072812
-0.0781555
-0.0544954
-0.0335091
-0.0118079
0.0147061
0.0475721
0.0836088
0.1172803
0.1455576
0.1704749
0.1972114
0.2298033
0.2681547
0.3082819
0.3449855
0.3747575
0.3972648
0.4150656
0.4320509
0.4514704
0.4746305
0.5009460
0.5288204
0.5562998
0.5815280
0.6038917
0.6254470
0.6504898
0.6822435
0.7190269
0.7536812
0.7774036
0.7852423
0.7791880
0.7667748
0.7562662
0.7515373
0.7497116
0.7429614
0.7236608
0.6899582
0.6477125
0.6064230
0.5716908
0.5409136
0.5067689
0.4651778
0.4192279
0.3747402
0.3327472
0.2881005
0.2366181
0.1828821
0.1388379
0.1128961
0.1003708
0.0860146
0.0571912
0.0149546
-0.0274653
-0.0563199
-0.0675357
-0.0673840
-0.0658107
-0.0699029
-0.0817423
-0.0993435
-0.1179859
-0.1316098
-0.1353240
-0.1282940
-0.1143472
-0.0990874
-0.0859528
-0.0748466
-0.0639979
-0.0523167
-0.0397329
-0.0260424
-0.0105803
0.0063859
0.0226267
0.0366602
0.0548195
0.0971266
0.1922931
0.3573444
0.5719453
0.7694014
0.8604571
0.7816082
0.5359832
0.1953106
-0.1404822
-0.3969359
-0.5547333
-0.6406387
-0.6957303
-0.7484881
-0.8072821
-0.8673526
-0.9201315
-0.9586760
-0.9801446
-0.9867734
-0.9839810
-0.9748271
-0.9545451
-0.9111670
-0.8338594
-0.7228659
-0.5921275
-0.4615889
-0.3455025
-0.2464934
-0.1594456
-0.0802676
-0.0109920
0.0426928
0.0777494
0.0972208
0.1080068
0.1161126
0.1240952
0.1320619
0.1399695
0.1487635
0.1599446
0.1745104
0.1922725
0.2122269
0.2339899
0.2589707
0.2893696
0.3250653
0.3615837
0.3924896
0.4151427
0.4341505
0.4580075
0.4912862
0.5300417
0.5653011
0.5911543
0.6092960
0.6259851
0.6452715
0.6652490
0.6799235
0.6837314
0.6744927
0.6533545
0.6231511
0.5871643
0.5489618
0.5123753
0.4801377
0.4511714
0.4191958
0.3759893
0.3187513
0.2552571
0.2000183
0.1626787
0.1392255
0.1157273
0.0817577
0.0396642
0.0000304
-0.0306695
-0.0555727
-0.0805891
-0.1053717
-0.1244326
-0.1365212
-0.1484528
-0.1663593
-0.1848364
-0.1894470
-0.1722880
-0.1428449
-0.1201410
-0.1140816
-0.1171418
-0.1152322
-0.1037118
-0.0894734
-0.0786177
