0.1866613
0.1593943
0.1335223
0.1088884
0.0842005
0.0583353
0.0322421
0.0087686
-0.0099128
-0.0240945
-0.0349171
-0.0414787
-0.0413821
-0.0352742
-0.0295617
-0.0320260
-0.0436442
-0.0561849
-0.0598295
-0.0532945
-0.0451254
-0.0444567
-0.0514690
-0.0579262
-0.0565718
-0.0484908
-0.0406244
-0.0372033
-0.0352737
-0.0288453
-0.0160183
-0.0009095
0.0108297
0.0171031
0.0200481
0.0229789
0.0273574
0.0320085
0.0342644
0.0318555
0.0244787
0.0140942
0.0035533
-0.0055999
-0.0143114
-0.0249026
-0.0385781
-0.0542276
-0.0699237
-0.0850882
-0.1002705
-0.1148487
-0.1261749
-0.1318618
-0.1325517
-0.1318888
-0.1338916
-0.1402114
-0.1487963
-0.1544731
-0.1522099
-0.1423108
-0.1329699
-0.1350854
-0.1512567
-0.1698390
-0.1737155
-0.1582558
-0.1380703
-0.1287559
-0.1184457
-0.0643766
0.0688739
0.2590410
0.4167755
0.4379563
0.2784005
-0.0136693
-0.3346076
-0.5963675
-0.7706606
-0.8785405
-0.9507174
-1.0021512
-1.0362983
-1.0590036
-1.0793560
-1.0996017
-1.1117779
-1.1073048
-1.0870910
-1.0592973
-1.0280324
-0.9869929
-0.9252286
-0.8378294
-0.7298151
-0.6109990
-0.4901980
-0.3754170
-0.2761491
-0.2004597
-0.1483237
-0.1103133
-0.0751385
-0.0383391
-0.0032239
0.0252357
0.0457591
0.0606640
0.0728194
0.0843371
0.0977682
0.1163628
0.1411262
0.1678967
0.1897447
0.2039837
0.2160703
0.2352030
0.2662772
0.3067622
0.3502840
0.3914227
0.4273701
0.4574032
0.4826663
0.5064200
0.5332862
0.5667586
0.6062785
0.6466962
0.6815743
0.7076940
0.7263326
0.7406172
0.7524895
0.7616899
0.7658044
0.7608427
0.7437232
0.7158135
0.6832509
0.6521983
0.6235107
0.5927150
0.5556069
0.5137998
0.4741899
0.4418482
0.4131598
0.3777251
0.3290750
0.2731579
0.2242421
0.1917295
0.1718296
0.1523481
0.1248282
0.0920059
0.0643991
0.0500369
0.0470574
0.0458874
0.0381983
0.0232305
0.0061192
-0.0078401
-0.0165195
-0.0208138
-0.0235345
-0.0279684
-0.0356686
-0.0452355
-0.0539370
-0.0605045
-0.0658861
-0.0714067
-0.0765734
-0.0789823
-0.0771331
-0.0737996
-0.0751328
-0.0841876
-0.0956697
-0.0998563
-0.0929458
-0.0818635
-0.0774317
-0.0835626
-0.0940238
-0.0990932
-0.0944707
-0.0839358
-0.0741979
-0.0682221
-0.0645364
-0.0623618
-0.0644609
-0.0727302
-0.0824170
-0.0838037
-0.0707073
-0.0466824
-0.0228125
-0.0093572
-0.0078502
-0.0096970
-0.0033899
0.0148633
0.0372157
0.0513523
0.0511746
0.0400197
0.0247915
0.0091597
-0.0067389
-0.0211358
-0.0278478
-0.0219126
-0.0091355
-0.0063534
-0.0266274
-0.0632372
-0.0928575
-0.0980142
-0.0848892
-0.0764810
-0.0890633
-0.1175511
-0.1435306
-0.1547033
-0.1542611
-0.1521840
-0.1514943
-0.1470485
-0.1367842
-0.1280487
-0.1288791
-0.1362932
-0.1381320
-0.1246981
-0.0922388
-0.0343162
0.0614007
0.1969584
0.3410500
0.4278474
0.3906420
0.2084656
-0.0745441
-0.3766457
-0.6294708
-0.8084540
-0.9236380
-0.9925348
-1.0264664
-1.0359062
-1.0367412
-1.0442975
-1.0616931
-1.0772759
-1.0758083
-1.0525977
-1.0154609
-0.9723827
-0.9200107
-0.8477413
-0.7521661
-0.6430278
-0.5336111
-0.4290621
-0.3273985
-0.2302852
-0.1485100
-0.0939630
-0.0658936
-0.0472098
-0.0179103
0.0261547
0.0697847
0.0953659
0.1013736
0.1018982
0.1103823
0.1282794
0.1493916
0.1703596
0.1935656
0.2210008
0.2484994
0.2685747
0.2798328
0.2917999
0.3171519
0.3583737
0.4046908
0.4436031
0.4733407
0.5024301
0.5391210
0.5834500
0.6285259
0.6675330
0.6994699
0.7286187
0.7582482
0.7857792
0.8060226
0.8185142
0.8284201
0.8390731
0.8460247
0.8404101
0.8177124
0.7828283
0.7469118
0.7182098
0.6941911
0.6631582
0.6155488
0.5537203
0.4896975
0.4344586
0.3908820
0.3551787
0.3218217
0.2871468
0.2508635
0.2151430
0.1818509
0.1514395
0.1250325
0.1054297
0.0938868
0.0870429
0.0792345
0.0677760
0.0551659
0.0466792
0.0457282
0.0497496
0.0503659
0.0401905
0.0208026
0.0021085
-0.0073032
-0.0076061
-0.0053503
-0.0063480
-0.0120663
-0.0205590
-0.0288374
-0.0350000
-0.0388135
-0.0399214
-0.0365192
-0.0277108
-0.0165428
-0.0083036
-0.0056640
-0.0069333
-0.0082961
-0.0059684
0.0024429
0.0157158
0.0284315
0.0349733
0.0339053
0.0268337
0.0144207
-0.0034466
-0.0238296
-0.0400970
-0.0468330
-0.0456305
-0.0461156
-0.0595818
-0.0881432
-0.1195331
-0.1363703
-0.1330378
-0.1213186
-0.1177761
-0.1280166
-0.1448370
-0.1582816
-0.1638814
-0.1627953
-0.1582302
-0.1533180
-0.1510255
-0.1536480
-0.1601032
-0.1640696
-0.1587816
-0.1455703
-0.1318555
-0.1134831
-0.0625624
0.0534546
0.2302428
0.4052550
0.4862540
0.4113061
0.1909975
-0.1008492
-0.3778596
-0.5902634
-0.7356891
-0.8338884
-0.8996561
-0.9389939
-0.9595138
-0.9730663
-0.9875325
-1.0016857
-1.0098020
-1.0086980
-0.9993774
-0.9832066
-0.9571147
-0.9132046
-0.8451614
-0.7557577
-0.6561486
-0.5572262
-0.4636595
-0.3760803
-0.2952044
-0.2223644
-0.1591915
-0.1084636
-0.0724659
-0.0486597
-0.0291620
-0.0064234
0.0213123
0.0501659
0.0747881
0.0931835
0.1096139
0.1316894
0.1617454
0.1921586
0.2128517
0.2233510
0.2342351
0.2563356
0.2906410
0.3283712
0.3589310
0.3789056
0.3959057
0.4229458
0.4666358
0.5207892
0.5720377
0.6100735
0.6325080
0.6442263
0.6549288
0.6737053
0.7013583
0.7286192
0.7443668
0.7450465
0.7352581
0.7213441
0.7059846
0.6872495
0.6615863
0.6289072
0.5944278
0.5629382
0.5316840
0.4926504
0.4425620
0.3873941
0.3364199
0.2947954
0.2620135
0.2337965
0.2045164
0.1710076
0.1355650
0.1037654
0.0794300
0.0630523
0.0534254
0.0478590
0.0419097
0.0320608
0.0184830
0.0036492
-0.0100567
-0.0197643
-0.0224175
-0.0191199
-0.0168990
-0.0223780
-0.0348215
-0.0480487
-0.0576104
-0.0635974
-0.0681175
-0.0726869
-0.0772588
-0.0804506
-0.0818105
-0.0838234
-0.0890930
-0.0955699
-0.0982006
-0.0958623
-0.0927809
-0.0922275
-0.0929241
-0.0930022
-0.0934369
-0.0954866
-0.0977724
-0.0978658
-0.0950347
-0.0907917
-0.0881296
-0.0891968
-0.0913468
-0.0871537
-0.0719978
-0.0507799
-0.0336968
-0.0260299
-0.0248266
-0.0240520
-0.0196876
-0.0113270
-0.0024064
0.0020402
0.0006590
-0.0024287
-0.0033353
-0.0038864
-0.0089803
-0.0206169
-0.0367462
-0.0535041
-0.0663577
-0.0720295
-0.0723873
-0.0746030
-0.0850351
-0.1036881
-0.1245725
-0.1390940
-0.1402183
-0.1284566
-0.1146346
-0.1117067
-0.1217888
-0.1349211
-0.1415540
-0.1417564
-0.1406801
-0.1399320
-0.1368563
-0.1293806
-0.1169486
-0.0943737
-0.0450803
0.0536372
0.2064202
0.3730435
0.4728770
0.4318995
0.2358116
-0.0597560
-0.3682889
-0.6220567
-0.7955023
-0.8979459
-0.9531572
-0.9834638
-1.0050800
-1.0287445
-1.0568168
-1.0798841
-1.0839205
-1.0650521
-1.0332730
-0.9988762
-0.9599101
-0.9065313
-0.8334767
-0.7441382
-0.6454985
-0.5431700
-0.4401318
-0.3382242
-0.2419161
-0.1602456
-0.1015779
-0.0655876
-0.0429614
-0.0228606
0.0015265
0.0319939
0.0642076
0.0886441
0.0989296
0.1002636
0.1052258
0.1209159
0.1439369
0.1672880
0.1876602
0.2060293
0.2250860
0.2465841
0.2692196
0.2903738
0.3115499
0.3389027
0.3755123
0.4164896
0.4552011
0.4911783
0.5283408
0.5684967
0.6101436
0.6508614
0.6877559
0.7183536
0.7437242
0.7677489
0.7909952
0.8083298
0.8143952
0.8084865
0.7933345
0.7730535
0.7526525
0.7342879
0.7125206
0.6782911
0.6298057
0.5759176
0.5273716
0.4873753
0.4503320
0.4065380
0.3498405
0.2856624
0.2303752
0.1971771
0.1823238
0.1691601
0.1449450
0.1103862
0.0752155
0.0495603
0.0381191
0.0374792
0.0388341
0.0356931
0.0275020
0.0147234
-0.0047695
-0.0307934
-0.0566967
-0.0746627
-0.0824591
-0.0821179
-0.0759786
-0.0675165
-0.0621425
-0.0630124
-0.0680260
-0.0727529
-0.0736432
-0.0682958
-0.0575912
-0.0485988
-0.0498935
-0.0619356
-0.0763317
-0.0856088
-0.0893853
-0.0908701
-0.0927545
-0.0972346
-0.1047643
-0.1115809
-0.1124842
-0.1063310
-0.0955391
-0.0817298
-0.0660354
-0.0516623
-0.0412940
-0.0336949
-0.0270544
-0.0227091
-0.0206412
-0.0149594
-0.0007834
0.0156701
0.0197758
0.0018751
-0.0339138
-0.0720712
-0.0956606
-0.0989088
-0.0932808
-0.0971850
-0.1169125
-0.1416472
-0.1585134
-0.1661369
-0.1705272
-0.1745041
-0.1763750
-0.1747538
-0.1702612
-0.1647873
-0.1607703
-0.1583822
-0.1535387
-0.1428299
-0.1296509
-0.1203619
-0.1155898
-0.1112055
-0.1056694
-0.0972923
-0.0730664
-0.0092912
0.1092923
0.2683014
0.4178373
0.4876849
0.4211015
0.2113114
-0.0884950
-0.3951576
-0.6409592
-0.7984661
-0.8769854
-0.9063232
-0.9185774
-0.9320887
-0.9468179
-0.9550580
-0.9543238
-0.9492553
-0.9463047
-0.9489383
-0.9524224
-0.9409754
-0.8973717
-0.8203637
-0.7277099
-0.6382041
-0.5552033
-0.4703437
-0.3780211
-0.2830989
-0.1985196
-0.1367742
-0.0991482
-0.0728109
-0.0433312
-0.0094854
0.0197971
0.0411916
0.0616633
0.0875438
0.1166275
0.1423655
0.1603458
0.1705066
0.1777252
0.1892495
0.2073860
0.2273246
0.2464694
0.2713344
0.3087037
0.3536895
0.3936903
0.4222654
0.4440403
0.4685685
0.5032823
0.5483934
0.5945913
0.6301603
0.6540652
0.6770225
0.7064900
0.7369067
0.7586899
0.7702608
0.7760630
0.7778026
0.7724329
0.7558931
0.7272436
0.6925893
0.6634992
0.6447654
0.6247267
0.5863214
0.5282812
0.4671322
0.4174871
0.3786718
0.3419638
0.3026776
0.2622998
0.2243937
0.1906559
0.1586978
0.1255914
0.0959298
0.0802686
0.0795739
0.0776235
0.0578687
0.0240252
-0.0045506
-0.0152267
-0.0126559
-0.0099580
-0.0161804
-0.0304916
-0.0439125
-0.0488686
-0.0489446
-0.0542101
-0.0655826
-0.0719962
-0.0665815
-0.0571704
-0.0556275
-0.0638457
-0.0750769
-0.0827923
-0.0842076
-0.0808017
-0.0781961
-0.0801275
-0.0817161
-0.0753418
-0.0631821
-0.0557482
-0.0571018
-0.0592915
-0.0525492
-0.0347471
-0.0115331
0.0065166
0.0094412
-0.0013848
-0.0102782
-0.0031442
0.0155048
0.0284527
0.0255001
0.0100507
-0.0096531
-0.0269828
-0.0374268
-0.0410216
-0.0434773
-0.0503941
-0.0631464
-0.0825431
-0.1093719
-0.1372756
-0.1535481
-0.1533074
-0.1462483
-0.1443679
-0.1499793
-0.1596926
-0.1713247
-0.1815005
-0.1846938
-0.1806110
-0.1761334
-0.1756056
-0.1751728
-0.1696000
-0.1585403
-0.1433266
-0.1209670
-0.0796296
0.0025649
0.1423590
0.3175050
0.4507932
0.4491867
0.2730232
-0.0323793
-0.3700128
-0.6516643
-0.8375560
-0.9386015
-0.9898345
-1.0178895
-1.0304118
-1.0313689
-1.0327987
-1.0434393
-1.0558645
-1.0561350
-1.0406087
-1.0146295
-0.9807583
-0.9367660
-0.8799362
-0.8066420
-0.7138502
-0.6071981
-0.5012635
-0.4066715
-0.3231721
-0.2482191
-0.1834967
-0.1295137
-0.0831137
-0.0440333
-0.0149629
0.0076086
0.0330681
0.0644988
0.0955683
0.1209612
0.1413079
0.1580703
0.1731732
0.1928403
0.2216057
0.2536203
0.2799043
0.3022537
0.3296877
0.3636369
0.3972798
0.4272765
0.4563489
0.4869818
0.5213553
0.5635322
0.6131403
0.6613736
0.7007991
0.7334577
0.7627491
0.7853981
0.7991329
0.8098379
0.8228533
0.8348702
0.8411874
0.8422764
0.8369509
0.8188750
0.7867764
0.7493087
0.7141265
0.6805906
0.6466551
0.6128219
0.5761621
0.5311079
0.4791068
0.4274712
0.3776646
0.3257270
0.2742306
0.2314289
0.1980987
0.1670403
0.1355138
0.1071567
0.0834290
0.0647092
0.0571080
0.0658179
0.0836719
0.0969621
0.0995963
0.0928040
0.0775509
0.0578930
0.0445820
0.0434844
0.0462365
0.0420817
0.0317650
0.0209567
0.0091064
-0.0055240
-0.0186929
-0.0270806
-0.0337388
-0.0396409
-0.0398482
-0.0344656
-0.0324775
-0.0386800
-0.0475807
-0.0543933
-0.0599811
-0.0619513
-0.0549179
-0.0432179
-0.0393066
-0.0460064
-0.0536400
-0.0567608
-0.0598277
-0.0646629
-0.0659561
-0.0606996
-0.0504606
-0.0355815
-0.0184050
-0.0077497
-0.0071126
-0.0040958
0.0139993
0.0397258
0.0550651
0.0554321
0.0501107
0.0454058
0.0412467
0.0379978
0.0339787
0.0230918
0.0054516
-0.0083851
-0.0131348
-0.0179974
-0.0314707
-0.0494503
-0.0667846
-0.0862610
-0.1069111
-0.1182860
-0.1164429
-0.1123246
-0.1157952
-0.1237723
-0.1295903
-0.1305237
-0.1228548
-0.1050986
-0.0886443
-0.0886724
-0.1025457
-0.1133072
-0.1133533
-0.1047182
-0.0754447
0.0027350
0.1459851
0.3367400
0.5253119
0.6411073
0.6170401
0.4323909
0.1361924
-0.1855597
-0.4655999
-0.6757328
-0.8141507
-0.8966038
-0.9500007
-0.9921783
-1.0205470
-1.0306866
-1.0331084
-1.0382933
-1.0396447
-1.0260873
-0.9982742
-0.9597167
-0.9063334
-0.8359914
-0.7531971
-0.6559039
-0.5363269
-0.4038317
-0.2872558
-0.2045968
-0.1477152
-0.1026310
-0.0650588
-0.0315293
0.0028358
0.0324602
0.0474889
0.0542394
0.0691275
0.0926436
0.1111724
0.1227197
0.1379650
0.1585260
0.1770702
0.1952656
0.2196073
0.2451738
0.2649565
0.2871792
0.3219688
0.3609872
0.3915602
0.4189791
0.4536087
0.4894772
0.5167036
0.5408857
0.5707024
0.6019937
0.6313280
0.6664492
0.7065150
0.7331971
0.7384319
0.7394583
0.7508891
0.7642782
0.7685494
0.7663591
0.7584068
0.7370003
0.7052980
0.6769026
0.6493357
0.6060258
0.5494453
0.5018060
0.4687164
0.4331192
0.3878617
0.3431412
0.3012389
0.2553097
0.2116700
0.1824681
0.1608698
0.1338133
0.1103763
0.1055812
0.1076567
0.0946440
0.0710675
0.0562178
0.0511390
0.0477925
0.0518764
0.0654985
0.0686067
0.0484521
0.0249686
0.0189825
0.0214070
0.0198180
0.0244031
0.0407495
0.0497401
0.0404799
0.0298208
0.0270937
0.0163335
-0.0065762
-0.0190090
-0.0119298
-0.0040770
-0.0020685
0.0093535
0.0269974
0.0276004
0.0153380
0.0208610
0.0465785
0.0636875
0.0655733
0.0712907
0.0783432
0.0676095
0.0498714
0.0509308
0.0598351
0.0486684
0.0287522
0.0287497
0.0368022
0.0239725
0.0007269
-0.0089715
-0.0186252
-0.0447036
-0.0595231
-0.0401786
-0.0216092
-0.0395416
-0.0686533
-0.0765733
-0.0827426
-0.1044695
-0.1093148
-0.0817189
-0.0670658
-0.0908978
-0.1101440
-0.0982473
-0.0930369
-0.1102011
-0.1058270
-0.0702700
-0.0482668
-0.0222633
0.0962651
0.3078980
0.4862133
0.5391507
0.4739025
0.2833633
-0.0558050
-0.4424076
-0.7026552
-0.8210878
-0.9248939
-1.0283743
-1.0326263
-0.9841616
-1.0382007
-1.1407637
-1.0902781
-0.9573992
-1.0258494
-1.2084399
-1.0079242
-0.3010844
