-0.0270162
0.0112129
0.0632671
0.1951647
0.4132298
0.6568200
0.8520399
0.9343759
0.8457551
0.5698814
0.1778180
-0.2017685
-0.4749294
-0.6334157
-0.7225509
-0.7862661
-0.8443684
-0.8961973
-0.9322773
-0.9490388
-0.9533778
-0.9486348
-0.9258275
-0.8809136
-0.8316452
-0.8007150
-0.7859019
-0.7610124
-0.7045225
-0.6168321
-0.5131315
-0.4106338
-0.3211868
-0.2474156
-0.1860789
-0.1380685
-0.1094058
-0.0985112
-0.0910890
-0.0748465
-0.0524816
-0.0330676
-0.0173029
0.0004603
0.0202650
0.0350459
0.0401914
0.0402575
0.0465496
0.0680900
0.1016914
0.1319232
0.1464002
0.1504568
0.1602711
0.1824359
0.2087095
0.2314527
0.2547339
0.2863120
0.3255288
0.3637828
0.3934184
0.4136595
0.4305650
0.4523126
0.4823859
0.5176123
0.5543022
0.5932593
0.6352304
0.6749708
0.7056184
0.7275759
0.7479975
0.7718805
0.7972158
0.8181698
0.8304412
0.8347962
0.8369179
0.8409766
0.8416760
0.8269718
0.7920727
0.7471358
0.7071120
0.6764098
0.6468063
0.6079395
0.5563419
0.4958545
0.4326917
0.3706345
0.3105740
0.2548283
0.2095299
0.1788971
0.1576852
0.1337239
0.0991398
0.0567475
0.0161789
-0.0126759
-0.0236348
-0.0177729
-0.0052894
-0.0001646
-0.0100944
-0.0319949
-0.0565452
-0.0749442
-0.0823911
-0.0790559
-0.0695603
-0.0606559
-0.0586517
-0.0675935
-0.0865009
-0.1073316
-0.1197477
-0.1211358
-0.1191853
-0.1213148
-0.1243817
-0.1195030
-0.1059704
-0.0954138
-0.1001132
-0.1188239
-0.1361321
-0.1372144
-0.1237966
-0.1136178
-0.1215034
-0.1423256
-0.1568104
-0.1541624
-0.1440598
-0.1441397
-0.1592429
-0.1761966
-0.1778342
-0.1604039
-0.1378399
-0.1292333
-0.1407405
-0.1595220
-0.1666373
-0.1556590
-0.1374789
-0.1280458
-0.1336687
-0.1475129
-0.1574590
-0.1566637
-0.1481297
-0.1399250
-0.1364490
-0.1359716
-0.1368050
-0.1421069
-0.1551013
-0.1711124
-0.1783669
-0.1681777
-0.1438637
-0.1198070
-0.1111000
-0.1212206
-0.1381503
-0.1447363
-0.1353695
-0.1216694
-0.1199503
-0.1335693
-0.1490038
-0.1494268
-0.1320066
-0.1121566
-0.1100041
-0.1312366
-0.1615761
-0.1812159
-0.1834015
-0.1768799
-0.1724687
-0.1723590
-0.1730567
-0.1730903
-0.1732190
-0.1707986
-0.1588790
-0.1337713
-0.1030832
-0.0835677
-0.0877913
-0.1117549
-0.1372014
-0.1472839
-0.1391849
-0.1221206
-0.1072406
-0.1020271
-0.1104977
-0.1323087
-0.1599875
-0.1803498
-0.1817723
-0.1616288
-0.1284389
-0.0979232
-0.0847850
-0.0937071
-0.1150270
-0.1292504
-0.1186559
-0.0778211
-0.0132120
0.0704743
0.1838420
0.3447852
0.5459855
0.7289208
0.8024113
0.7032264
0.4478249
0.1254726
-0.1633004
-0.3690862
-0.5067094
-0.6179396
-0.7262783
-0.8244098
-0.8951360
-0.9339886
-0.9495526
-0.9497826
-0.9364278
-0.9121394
-0.8856304
-0.8654049
-0.8502446
-0.8290059
-0.7903312
-0.7318569
-0.6601327
-0.5829410
-0.5035425
-0.4230335
-0.3459034
-0.2794750
-0.2272521
-0.1859800
-0.1510438
-0.1222215
-0.1014100
-0.0861791
-0.0690667
-0.0443037
-0.0140013
0.0130208
0.0282440
0.0294015
0.0205109
0.0077763
-0.0028385
-0.0046100
0.0093136
0.0403952
0.0804648
0.1166103
0.1417405
0.1590610
0.1763904
0.1987069
0.2270213
0.2613766
0.3014147
0.3438525
0.3821116
0.4111961
0.4336656
0.4590302
0.4948509
0.5384511
0.5797169
0.6126684
0.6415517
0.6737088
0.7089748
0.7396523
0.7605390
0.7757022
0.7938020
0.8178533
0.8407694
0.8509962
0.8422908
0.8181204
0.7871570
0.7556759
0.7247582
0.6929122
0.6585480
0.6196883
0.5738510
0.5200045
0.4602110
0.3990322
0.3419948
0.2940342
0.2569969
0.2272046
0.1966352
0.1585539
0.1132463
0.0688377
0.0362215
0.0213393
0.0202318
0.0213176
0.0139146
-0.0041160
-0.0260989
-0.0427961
-0.0491284
-0.0468697
-0.0425637
-0.0422144
-0.0465615
-0.0515601
-0.0539935
-0.0556970
-0.0609978
-0.0704452
-0.0785680
-0.0786276
-0.0698516
-0.0602430
-0.0614102
-0.0783097
-0.1025802
-0.1172164
-0.1105583
-0.0876101
-0.0677568
-0.0696304
-0.0951951
-0.1268038
-0.1413486
-0.1304128
-0.1075129
-0.0943355
-0.0997399
-0.1136834
-0.1212965
-0.1195309
-0.1175036
-0.1222233
-0.1282863
-0.1243764
-0.1088913
-0.0953842
-0.0994037
-0.1204812
-0.1405600
-0.1421565
-0.1262812
-0.1102222
-0.1086895
-0.1197226
-0.1292819
-0.1273538
-0.1179298
-0.1135349
-0.1209696
-0.1332934
-0.1366319
-0.1250665
-0.1079707
-0.1016739
-0.1134709
-0.1336126
-0.1430943
-0.1305385
-0.1031310
-0.0811023
-0.0799497
-0.0970506
-0.1157164
-0.1217028
-0.1145629
-0.1037620
-0.0970746
-0.0950603
-0.0953789
-0.0989172
-0.1093354
-0.1268132
-0.1442788
-0.1520759
-0.1471623
-0.1367450
-0.1318279
-0.1372126
-0.1475420
-0.1516098
-0.1401649
-0.1124918
-0.0790887
-0.0576985
-0.0622758
-0.0914690
-0.1269867
-0.1455753
-0.1362060
-0.1083433
-0.0838110
-0.0788397
-0.0921721
-0.1096579
-0.1193564
-0.1209698
-0.1212382
-0.1232289
-0.1228602
-0.1156883
-0.1046535
-0.0987640
-0.1031087
-0.1109678
-0.1079538
-0.0848128
-0.0431698
0.0157328
0.1072182
0.2594541
0.4820280
0.7321087
0.9160125
0.9374844
0.7604708
0.4357372
0.0681974
-0.2479643
-0.4740529
-0.6230085
-0.7246923
-0.7985140
-0.8511651
-0.8868622
-0.9114261
-0.9279176
-0.9340520
-0.9266001
-0.9067272
-0.8789402
-0.8455514
-0.8049442
-0.7562009
-0.7024894
-0.6463353
-0.5824131
-0.5000761
-0.3966303
-0.2867333
-0.1950600
-0.1378729
-0.1116486
-0.0989974
-0.0843503
-0.0639935
-0.0431823
-0.0266303
-0.0135531
-0.0009550
0.0112795
0.0206779
0.0267377
0.0330997
0.0446199
0.0631547
0.0863230
0.1094297
0.1284356
0.1422943
0.1535372
0.1666724
0.1855315
0.2113925
0.2425524
0.2751307
0.3051172
0.3310138
0.3549359
0.3808170
0.4113889
0.4467367
0.4850524
0.5241371
0.5623426
0.5985365
0.6313947
0.6593233
0.6821186
0.7029058
0.7272157
0.7588022
0.7958662
0.8311115
0.8553587
0.8624236
0.8532559
0.8368756
0.8255058
0.8251953
0.8290636
0.8206384
0.7867328
0.7295253
0.6659975
0.6134260
0.5740348
0.5347652
0.4830476
0.4212380
0.3632344
0.3176951
0.2783315
0.2329179
0.1798758
0.1323384
0.1045078
0.0956954
0.0901133
0.0727545
0.0438029
0.0161915
0.0004259
-0.0054717
-0.0107859
-0.0199568
-0.0281155
-0.0280137
-0.0193097
-0.0104358
-0.0118319
-0.0268443
-0.0479375
-0.0617715
-0.0598440
-0.0462267
-0.0352494
-0.0399155
-0.0602928
-0.0825492
-0.0908909
-0.0821497
-0.0684718
-0.0646682
-0.0734899
-0.0848862
-0.0892140
-0.0881822
-0.0908965
-0.1009163
-0.1107572
-0.1106602
-0.1010378
-0.0933785
-0.0977982
-0.1114300
-0.1215210
-0.1199985
-0.1124277
-0.1108453
-0.1191798
-0.1283847
-0.1265350
-0.1122415
-0.0969982
-0.0944487
-0.1075157
-0.1256259
-0.1341829
-0.1270663
-0.1108265
-0.0978794
-0.0961657
-0.1044167
-0.1154711
-0.1230783
-0.1260202
-0.1266742
-0.1263188
-0.1228033
-0.1138944
-0.1026472
-0.0974113
-0.1044604
-0.1203703
-0.1330585
-0.1319588
-0.1179941
-0.1032229
-0.0996962
-0.1081819
-0.1183512
-0.1203306
-0.1150789
-0.1123692
-0.1193289
-0.1328536
-0.1438968
-0.1479025
-0.1495117
-0.1567203
-0.1710758
-0.1844667
-0.1860515
-0.1721889
-0.1491481
-0.1265188
-0.1093388
-0.0971945
-0.0893509
-0.0881191
-0.0958497
-0.1092172
-0.1181509
-0.1124258
-0.0910208
-0.0653704
-0.0520838
-0.0604026
-0.0851586
-0.1112003
-0.1249363
-0.1230561
-0.1120924
-0.1008665
-0.0934915
-0.0889117
-0.0854858
-0.0836396
-0.0829994
-0.0787043
-0.0629469
-0.0292111
0.0290533
0.1252407
0.2785056
0.4937500
0.7337615
0.9137413
0.9381210
0.7617106
0.4270214
0.0421172
-0.2868472
-0.5139673
-0.6586748
-0.7638263
-0.8520560
-0.9171933
-0.9470863
-0.9460766
-0.9338566
-0.9266641
-0.9239057
-0.9135262
-0.8874594
-0.8492946
-0.8076223
-0.7648070
-0.7139089
-0.6458415
-0.5586531
-0.4606489
-0.3658552
-0.2862405
-0.2262692
-0.1825590
-0.1476266
-0.1148244
-0.0819751
-0.0520578
-0.0301739
-0.0184632
-0.0134013
-0.0085208
0.0001719
0.0120613
0.0248793
0.0381391
0.0524005
0.0660981
0.0757501
0.0812074
0.0898177
0.1121647
0.1510562
0.1953950
0.2280610
0.2417908
0.2463137
0.2583633
0.2853584
0.3205281
0.3534081
0.3820032
0.4125088
0.4486069
0.4848658
0.5130275
0.5334575
0.5569759
0.5936528
0.6413619
0.6877069
0.7229089
0.7483541
0.7716682
0.7958293
0.8159167
0.8264438
0.8293596
0.8328330
0.8421520
0.8527959
0.8530050
0.8331806
0.7932619
0.7423601
0.6923618
0.6508291
0.6170147
0.5826109
0.5374909
0.4777172
0.4095836
0.3451723
0.2927639
0.2511775
0.2132953
0.1744160
0.1363820
0.1036563
0.0766993
0.0509618
0.0230140
-0.0037367
-0.0215794
-0.0273244
-0.0271741
-0.0313466
-0.0440251
-0.0596225
-0.0691376
-0.0694084
-0.0655628
-0.0647330
-0.0682861
-0.0709947
-0.0678704
-0.0610584
-0.0591910
-0.0697035
-0.0916980
-0.1158249
-0.1308268
-0.1312345
-0.1206972
-0.1090019
-0.1052175
-0.1120717
-0.1254525
-0.1385104
-0.1463375
-0.1477803
-0.1441846
-0.1372987
-0.1286086
-0.1205101
-0.1173497
-0.1237690
-0.1404486
-0.1610560
-0.1745252
-0.1725027
-0.1566948
-0.1395934
-0.1362234
-0.1519380
-0.1763662
-0.1903618
-0.1815818
-0.1551750
-0.1295138
-0.1208645
-0.1312380
-0.1497520
-0.1641984
-0.1703988
-0.1711435
-0.1686718
-0.1611619
-0.1473985
-0.1325443
-0.1258798
-0.1314623
-0.1423744
-0.1462232
-0.1371150
-0.1218709
-0.1139283
-0.1208061
-0.1374050
-0.1515452
-0.1558950
-0.1540998
-0.1551532
-0.1624596
-0.1694701
-0.1666601
-0.1527807
-0.1388017
-0.1397531
-0.1611740
-0.1926160
-0.2149410
-0.2154400
-0.1970572
-0.1735631
-0.1562703
-0.1456849
-0.1354428
-0.1227859
-0.1134202
-0.1152042
-0.1277564
-0.1403039
-0.1416083
-0.1320237
-0.1241693
-0.1304240
-0.1499760
-0.1691162
-0.1746093
-0.1663564
-0.1564066
-0.1554851
-0.1611610
-0.1604211
-0.1445187
-0.1203074
-0.1047640
-0.1069566
-0.1163521
-0.1113646
-0.0806521
-0.0337349
0.0139696
0.0685511
0.1648401
0.3351145
0.5612527
0.7585977
0.8186824
0.6834483
0.3891403
0.0414684
-0.2558038
-0.4582643
-0.5832370
-0.6698923
-0.7423227
-0.8043607
-0.8554262
-0.8996853
-0.9392267
-0.9663925
-0.9698003
-0.9478913
-0.9126941
-0.8786739
-0.8496114
-0.8176077
-0.7731620
-0.7137598
-0.6430362
-0.5649108
-0.4812800
-0.3948021
-0.3112743
-0.2379915
-0.1805881
-0.1415602
-0.1193981
-0.1067308
-0.0908243
-0.0608778
-0.0184879
0.0200772
0.0358980
0.0246506
0.0022483
-0.0077683
0.0064887
0.0375042
0.0681976
0.0878797
0.0986566
0.1088162
0.1231929
0.1406823
0.1586333
0.1768656
0.1972952
0.2216366
0.2506013
0.2841934
0.3209545
0.3567648
0.3863780
0.4084806
0.4296632
0.4613459
0.5100142
0.5693407
0.6230537
0.6576911
0.6741716
0.6873236
0.7132590
0.7554303
0.8014606
0.8335248
0.8431807
0.8374491
0.8308491
0.8313089
0.8336174
0.8262288
0.8036792
0.7716324
0.7398709
0.7113164
0.6789735
0.6338441
0.5751547
0.5122651
0.4568966
0.4139120
0.3787449
0.3419412
0.2959013
0.2397886
0.1810586
0.1324283
0.1040961
0.0953173
0.0928602
0.0800286
0.0501941
0.0128766
-0.0140672
-0.0197421
-0.0091699
0.0019188
0.0007832
-0.0129949
-0.0297689
-0.0396179
-0.0401312
-0.0364081
-0.0349383
-0.0375071
-0.0403916
-0.0392631
-0.0349746
-0.0341713
-0.0432396
-0.0609077
-0.0771618
-0.0809238
-0.0703118
-0.0556398
-0.0512358
-0.0629778
-0.0833065
-0.0985187
-0.1010230
-0.0947267
-0.0893989
-0.0909594
-0.0974692
-0.1033794
-0.1060774
-0.1076763
-0.1112418
-0.1166440
-0.1206822
-0.1206655
-0.1171063
-0.1131329
-0.1120920
-0.1156543
-0.1228885
-0.1300518
-0.1319378
-0.1253980
-0.1129406
-0.1025109
-0.1020883
-0.1129320
-0.1276622
-0.1356766
-0.1316187
-0.1194549
-0.1087050
-0.1066252
-0.1133275
-0.1232237
-0.1302918
-0.1322515
-0.1308432
-0.1289642
-0.1275687
-0.1250694
-0.1197991
-0.1132425
-0.1105592
-0.1169223
-0.1321963
-0.1490088
-0.1573754
-0.1532051
-0.1431151
-0.1397805
-0.1506405
-0.1702527
-0.1842461
-0.1817284
-0.1643338
-0.1433552
-0.1285419
-0.1204314
-0.1137177
-0.1068151
-0.1058721
-0.1177955
-0.1396394
-0.1567972
-0.1538852
-0.1289621
-0.0975335
-0.0816956
-0.0930297
-0.1234919
-0.1519188
-0.1606212
-0.1480313
-0.1271604
-0.1126086
-0.1089147
-0.1103632
-0.1100015
-0.1067499
-0.1032996
-0.0988998
-0.0864603
-0.0564377
-0.0002082
0.0928408
0.2376270
0.4419536
0.6820261
0.8881191
0.9663444
0.8532812
0.5638227
0.1888903
-0.1604781
-0.4182798
-0.5858457
-0.7008449
-0.7912506
-0.8587457
-0.8971870
-0.9139525
-0.9263553
-0.9412673
-0.9473427
-0.9312057
-0.8969712
-0.8635927
-0.8422890
-0.8214072
-0.7775009
-0.7001774
-0.6025457
-0.5069365
-0.4241480
-0.3496134
-0.2775396
-0.2129462
-0.1664738
-0.1396359
-0.1201394
-0.0942134
-0.0617997
-0.0363844
-0.0289353
-0.0340594
-0.0342750
-0.0176055
0.0113484
0.0385269
0.0559958
0.0674899
0.0793453
0.0907690
0.0969358
0.1000415
0.1116286
0.1404947
0.1805343
0.2151839
0.2350390
0.2477756
0.2680073
0.2995670
0.3323586
0.3574332
0.3805407
0.4161252
0.4686159
0.5243784
0.5650023
0.5866382
0.6029302
0.6289255
0.6654252
0.7012225
0.7283543
0.7507080
0.7762220
0.8039314
0.8230039
0.8252225
0.8152721
0.8057702
0.8026629
0.7983878
0.7809379
0.7479585
0.7090498
0.6736057
0.6389499
0.5934499
0.5315699
0.4632848
0.4061622
0.3680603
0.3392054
0.3022354
0.2494380
0.1893477
0.1370426
0.0996892
0.0725311
0.0478086
0.0249027
0.0098296
0.0053924
0.0044380
-0.0048717
-0.0268731
-0.0528449
-0.0687794
-0.0686246
-0.0592008
-0.0522851
-0.0532764
-0.0586505
-0.0633945
-0.0681204
-0.0770762
-0.0903244
-0.1008642
-0.1013211
-0.0927638
-0.0850103
-0.0873464
-0.0995934
-0.1131441
-0.1203945
-0.1218018
-0.1230186
-0.1263793
-0.1276885
-0.1227414
-0.1155864
-0.1171188
-0.1333663
-0.1560746
-0.1678156
-0.1584514
-0.1360699
-0.1199948
-0.1225162
-0.1384498
-0.1528897
-0.1573081
-0.1558127
-0.1561873
-0.1584601
-0.1554878
-0.1441168
-0.1319850
-0.1304847
-0.1417883
-0.1556688
-0.1604246
-0.1552714
-0.1496245
-0.1503939
-0.1530693
-0.1480169
-0.1346080
-0.1251150
-0.1316875
-0.1507027
-0.1638982
-0.1570625
-0.1356967
-0.1192002
-0.1198044
-0.1306370
-0.1363646
-0.1324875
-0.1292461
-0.1360450
-0.1472819
-0.1486097
-0.1361343
-0.1238025
-0.1286289
