0.6472755
0.7555252
0.6394961
0.5778260
0.6312248
0.6495900
0.5860941
0.5452424
0.5609704
0.5507389
0.4854905
0.4270035
0.3951530
0.3464358
0.2838424
0.2584454
0.2625553
0.2342176
0.1654426
0.1081505
0.0800690
0.0528271
0.0226861
0.0124010
0.0139923
0.0003399
-0.0204608
-0.0238086
-0.0215554
-0.0390850
-0.0622787
-0.0610391
-0.0429313
-0.0355779
-0.0399181
-0.0432485
-0.0515530
-0.0695816
-0.0770990
-0.0613780
-0.0453461
-0.0513184
-0.0653738
-0.0661287
-0.0594383
-0.0588423
-0.0605231
-0.0599434
-0.0650406
-0.0749969
-0.0747382
-0.0646576
-0.0657809
-0.0837034
-0.0980171
-0.0975050
-0.0953834
-0.1012213
-0.1072461
-0.1091155
-0.1123138
-0.1140809
-0.1061888
-0.0970494
-0.1041214
-0.1241185
-0.1359430
-0.1314662
-0.1203235
-0.1095282
-0.1016183
-0.1055938
-0.1255652
-0.1454438
-0.1469796
-0.1352850
-0.1270882
-0.1244208
-0.1195935
-0.1148790
-0.1177248
-0.1261657
-0.1344900
-0.1420116
-0.1441233
-0.1303857
-0.1047447
-0.0909340
-0.1033298
-0.1269772
-0.1385409
-0.1326182
-0.1175934
-0.1008686
-0.0873955
-0.0787827
-0.0676121
-0.0465126
-0.0248658
-0.0191589
-0.0253047
-0.0205650
0.0033275
0.0279435
0.0335743
0.0207155
0.0030633
-0.0068810
-0.0044481
0.0022116
-0.0041589
-0.0289146
-0.0533307
-0.0569519
-0.0454345
-0.0410431
-0.0520902
-0.0678785
-0.0788125
-0.0862436
-0.0954764
-0.1102978
-0.1302390
-0.1459103
-0.1456292
-0.1339073
-0.1315506
-0.1482463
-0.1673654
-0.1683761
-0.1527954
-0.1373332
-0.1317611
-0.1338237
-0.1374564
-0.1373766
-0.1318208
-0.1246764
-0.1169103
-0.0942017
-0.0325003
0.0837074
0.2566700
0.4798958
0.7247826
0.9212668
0.9776019
0.8405004
0.5381898
0.1648858
-0.1750867
-0.4206373
-0.5742994
-0.6781510
-0.7648887
-0.8328587
-0.8689875
-0.8808722
-0.8912715
-0.9094010
-0.9248650
-0.9276352
-0.9201718
-0.9095681
-0.8968351
-0.8738136
-0.8266532
-0.7472769
-0.6456237
-0.5438788
-0.4548902
-0.3747114
-0.2993236
-0.2362452
-0.1925376
-0.1622113
-0.1342521
-0.1057925
-0.0810214
-0.0636943
-0.0550719
-0.0527776
-0.0493725
-0.0390482
-0.0260254
-0.0177672
-0.0106975
0.0062696
0.0332640
0.0559112
0.0631362
0.0599902
0.0607477
0.0757675
0.1049852
0.1381392
0.1627907
0.1773578
0.1925819
0.2152357
0.2377217
0.2518480
0.2649199
0.2904729
0.3278313
0.3625533
0.3852498
0.4006092
0.4186322
0.4437376
0.4720300
0.4958710
0.5129989
0.5313240
0.5590525
0.5903947
0.6103618
0.6153270
0.6180470
0.6284813
0.6403345
0.6423990
0.6341011
0.6229540
0.6128365
0.6004245
0.5793147
0.5450792
0.5001487
0.4540877
0.4145383
0.3790930
0.3412301
0.3011906
0.2638542
0.2290461
0.1925664
0.1547545
0.1196642
0.0875722
0.0564577
0.0292869
0.0118129
0.0037655
-0.0015080
-0.0096278
-0.0218521
-0.0363476
-0.0484209
-0.0530512
-0.0513175
-0.0503010
-0.0533232
-0.0556898
-0.0535867
-0.0507002
-0.0514847
-0.0540013
-0.0542895
-0.0525035
-0.0504139
-0.0477313
-0.0445523
-0.0430756
-0.0444303
-0.0479710
-0.0544214
-0.0643924
-0.0736211
-0.0759190
-0.0712798
-0.0652269
-0.0608100
-0.0579736
-0.0597221
-0.0704617
-0.0872760
-0.1001766
-0.1029576
-0.0989122
-0.0951872
-0.0954979
-0.0981413
-0.0983155
-0.0941168
-0.0918683
-0.1005275
-0.1176658
-0.1278161
-0.1206731
-0.1049573
-0.0970177
-0.1004911
-0.1052053
-0.1032614
-0.0982764
-0.0986621
-0.1066753
-0.1151415
-0.1142072
-0.1024768
-0.0902795
-0.0882598
-0.0946556
-0.0998735
-0.1015245
-0.1056994
-0.1130365
-0.1141299
-0.1030210
-0.0872507
-0.0791589
-0.0821258
-0.0893557
-0.0923699
-0.0873176
-0.0752075
-0.0583229
-0.0368015
-0.0105659
0.0149995
0.0305234
0.0333162
0.0312065
0.0308141
0.0280564
0.0177236
0.0071656
0.0099993
0.0269117
0.0414090
0.0367358
0.0124510
-0.0167135
-0.0354630
-0.0410098
-0.0429200
-0.0499892
-0.0593744
-0.0628031
-0.0614384
-0.0664853
-0.0836046
-0.1048513
-0.1198187
-0.1279460
-0.1350067
-0.1426981
-0.1470835
-0.1447747
-0.1370787
-0.1292109
-0.1262735
-0.1282724
-0.1298868
-0.1275116
-0.1237824
-0.1207130
-0.1116867
-0.0870692
-0.0451697
0.0121108
0.0960616
0.2332401
0.4394610
0.6861070
0.8921480
0.9581002
0.8262221
0.5238525
0.1503330
-0.1861989
-0.4284715
-0.5802515
-0.6746021
-0.7404373
-0.7907939
-0.8277976
-0.8520078
-0.8679480
-0.8813506
-0.8922399
-0.8948419
-0.8857283
-0.8678860
-0.8444847
-0.8123909
-0.7645955
-0.6969039
-0.6115027
-0.5171045
-0.4260316
-0.3474985
-0.2828619
-0.2294992
-0.1870810
-0.1554190
-0.1288252
-0.1003238
-0.0718163
-0.0529118
-0.0475351
-0.0472625
-0.0407491
-0.0260089
-0.0106024
-0.0013868
0.0040546
0.0152703
0.0374179
0.0630194
0.0792665
0.0840201
0.0889257
0.1043390
0.1275684
0.1505517
0.1729751
0.2005301
0.2334691
0.2643737
0.2871063
0.3029761
0.3176825
0.3355276
0.3573365
0.3823370
0.4109231
0.4442354
0.4800743
0.5118548
0.5350403
0.5525521
0.5695881
0.5857643
0.5987698
0.6137843
0.6401214
0.6764933
0.7073510
0.7182570
0.7102851
0.6954174
0.6812912
0.6650879
0.6417742
0.6144471
0.5930056
0.5811415
0.5674800
0.5351989
0.4811813
0.4197887
0.3654274
0.3182629
0.2720267
0.2289807
0.1980333
0.1803610
0.1656987
0.1443661
0.1171648
0.0908236
0.0672758
0.0414712
0.0105959
-0.0170328
-0.0271815
-0.0167624
-0.0018440
-0.0024693
-0.0206083
-0.0396797
-0.0459136
-0.0426524
-0.0411463
-0.0444500
-0.0459691
-0.0404032
-0.0307842
-0.0248180
-0.0267794
-0.0336821
-0.0393130
-0.0414620
-0.0430075
-0.0453529
-0.0449485
-0.0395883
-0.0344033
-0.0362927
-0.0441545
-0.0499113
-0.0489159
-0.0449801
-0.0446757
-0.0498618
-0.0567043
-0.0607191
-0.0626279
-0.0686735
-0.0826977
-0.0981519
-0.1025894
-0.0920051
-0.0763350
-0.0677939
-0.0678335
-0.0696676
-0.0704846
-0.0756099
-0.0902384
-0.1103710
-0.1240159
-0.1219647
-0.1071961
-0.0918301
-0.0839304
-0.0806792
-0.0774207
-0.0786567
-0.0925217
-0.1155215
-0.1313869
-0.1284567
-0.1129659
-0.1012224
-0.1015146
-0.1072786
-0.1071851
-0.0990776
-0.0920882
-0.0944492
-0.1012139
-0.0981551
-0.0787362
-0.0527476
-0.0352047
-0.0303584
-0.0303792
-0.0265589
-0.0167652
-0.0032363
0.0118712
0.0273673
0.0414955
0.0506487
0.0505028
0.0403353
0.0259389
0.0150979
0.0094942
0.0043123
-0.0034233
-0.0103157
-0.0126779
-0.0137567
-0.0214472
-0.0395710
-0.0629626
-0.0809437
-0.0861958
-0.0819429
-0.0799091
-0.0891435
-0.1073194
-0.1247094
-0.1349703
-0.1389931
-0.1397674
-0.1378658
-0.1324443
-0.1238622
-0.1149041
-0.1105611
-0.1145549
-0.1232102
-0.1247191
-0.1084583
-0.0737801
-0.0241555
0.0490196
0.1713067
0.3644831
0.6116583
0.8397022
0.9451679
0.8562889
0.5853806
0.2246732
-0.1136126
-0.3618034
-0.5167819
-0.6134995
-0.6866066
-0.7504886
-0.8026538
-0.8377324
-0.8570690
-0.8677643
-0.8766647
-0.8872968
-0.8996681
-0.9088820
-0.9051228
-0.8798790
-0.8332807
-0.7724144
-0.7023857
-0.6227814
-0.5339640
-0.4433069
-0.3623483
-0.2981104
-0.2480086
-0.2034849
-0.1593224
-0.1192529
-0.0906226
-0.0737331
-0.0602445
-0.0437629
-0.0276977
-0.0186892
-0.0152406
-0.0081635
0.0079949
0.0281702
0.0426962
0.0480468
0.0505955
0.0600149
0.0792460
0.1018610
0.1202395
0.1346613
0.1514328
0.1731375
0.1952677
0.2134233
0.2296134
0.2489731
0.2729756
0.2985957
0.3230121
0.3471792
0.3747090
0.4074219
0.4418952
0.4716373
0.4938285
0.5123511
0.5325148
0.5550117
0.5778187
0.6014928
0.6275559
0.6519599
0.6654753
0.6633292
0.6521909
0.6448531
0.6476162
0.6536258
0.6493948
0.6281949
0.5957379
0.5612844
0.5255739
0.4822471
0.4308508
0.3819359
0.3456168
0.3193292
0.2916941
0.2563559
0.2172877
0.1809735
0.1480049
0.1145785
0.0801947
0.0506550
0.0318924
0.0220399
0.0126008
-0.0015589
-0.0164497
-0.0255621
-0.0291731
-0.0328470
-0.0385368
-0.0425749
-0.0426391
-0.0415161
-0.0420731
-0.0425943
-0.0402538
-0.0370550
-0.0388155
-0.0478164
-0.0584195
-0.0618806
-0.0559285
-0.0479264
-0.0466685
-0.0523319
-0.0578450
-0.0595928
-0.0616294
-0.0674080
-0.0725618
-0.0706768
-0.0635275
-0.0601952
-0.0660646
-0.0767226
-0.0839053
-0.0847967
-0.0835156
-0.0844947
-0.0868618
-0.0868547
-0.0845489
-0.0847659
-0.0899773
-0.0958228
-0.0973091
-0.0970543
-0.1020977
-0.1127154
-0.1197659
-0.1151571
-0.1013047
-0.0878881
-0.0819309
-0.0836525
-0.0901192
-0.0992550
-0.1092561
-0.1161821
-0.1152067
-0.1059404
-0.0951914
-0.0915670
-0.0968710
-0.1051199
-0.1102546
-0.1115115
-0.1102206
-0.1058103
-0.0985193
-0.0928454
-0.0932889
-0.0973836
-0.0973048
-0.0891279
-0.0771001
-0.0668848
-0.0568035
-0.0391383
-0.0110507
0.0182615
0.0349481
0.0356101
0.0312352
0.0332634
0.0391919
0.0374711
0.0253719
0.0147955
0.0173599
0.0286566
0.0323795
0.0187274
-0.0055277
-0.0259731
-0.0363771
-0.0428198
-0.0527640
-0.0641288
-0.0690466
-0.0671001
-0.0689089
-0.0835601
-0.1064957
-0.1246759
-0.1320061
-0.1344452
-0.1394553
-0.1453037
-0.1439984
-0.1328098
-0.1191612
-0.1128528
-0.1152763
-0.1190043
-0.1180633
-0.1147558
-0.1131332
-0.1085804
-0.0894012
-0.0476110
0.0199808
0.1244548
0.2881225
0.5191449
0.7757188
0.9629855
0.9817516
0.7961940
0.4627142
0.0929498
-0.2172833
-0.4333259
-0.5724849
-0.6656780
-0.7327593
-0.7837932
-0.8264856
-0.8642661
-0.8924378
-0.9039682
-0.9000248
-0.8912421
-0.8868438
-0.8840055
-0.8699376
-0.8344248
-0.7783124
-0.7087034
-0.6288858
-0.5376676
-0.4385835
-0.3441929
-0.2674613
-0.2113106
-0.1700242
-0.1389514
-0.1182674
-0.1069656
-0.0976831
-0.0811938
-0.0557909
-0.0298214
-0.0133632
-0.0080901
-0.0071112
-0.0042863
0.0000695
0.0047945
0.0149377
0.0369952
0.0673619
0.0920906
0.1019091
0.1039723
0.1140548
0.1379539
0.1650455
0.1819485
0.1895597
0.2024797
0.2310934
0.2682626
0.2977422
0.3140612
0.3281621
0.3516398
0.3813741
0.4055525
0.4220897
0.4433155
0.4799579
0.5255390
0.5617063
0.5783168
0.5840675
0.5952197
0.6162971
0.6361794
0.6439559
0.6437915
0.6490436
0.6632016
0.6731096
0.6636714
0.6348782
0.5999564
0.5687743
0.5382440
0.5001957
0.4546896
0.4113343
0.3772152
0.3470732
0.3090552
0.2598378
0.2099503
0.1716989
0.1447752
0.1180635
0.0848603
0.0515188
0.0291072
0.0195878
0.0135196
0.0010550
-0.0172688
-0.0320682
-0.0366562
-0.0349094
-0.0360144
-0.0425726
-0.0472750
-0.0427799
-0.0322929
-0.0273283
-0.0353406
-0.0517573
-0.0647190
-0.0665277
-0.0599343
-0.0537603
-0.0531798
-0.0552326
-0.0541992
-0.0497516
-0.0474473
-0.0514522
-0.0596703
-0.0673301
-0.0730493
-0.0788607
-0.0849608
-0.0870901
-0.0806937
-0.0673846
-0.0558677
-0.0548709
-0.0647601
-0.0773606
-0.0847892
-0.0870086
-0.0893119
-0.0940844
-0.0980504
-0.0976917
-0.0945609
-0.0936056
-0.0973412
-0.1031759
-0.1066325
-0.1065305
-0.1061469
-0.1086896
-0.1123372
-0.1115733
-0.1039982
-0.0941020
-0.0888644
-0.0906554
-0.0960857
-0.1012672
-0.1061546
-0.1127909
-0.1201860
-0.1226899
-0.1150885
-0.0996072
-0.0859585
-0.0822520
-0.0864189
-0.0891168
-0.0852873
-0.0798194
-0.0799381
-0.0842622
-0.0828805
-0.0687534
-0.0465878
-0.0282979
-0.0201314
-0.0166606
-0.0088946
0.0036760
0.0127696
0.0132906
0.0112339
0.0161804
0.0283497
0.0379494
0.0374290
0.0295691
0.0209523
0.0111725
-0.0061810
-0.0314804
-0.0528394
-0.0563800
-0.0423660
-0.0273551
-0.0284422
-0.0476765
-0.0741668
-0.0984854
-0.1196527
-0.1382678
-0.1497016
-0.1490012
-0.1395177
-0.1310251
-0.1290444
-0.1302591
-0.1298048
-0.1290575
-0.1324447
-0.1384044
-0.1387484
-0.1287874
-0.1139936
-0.1022406
-0.0912588
-0.0692764
-0.0277264
0.0352582
0.1291546
0.2789295
0.4992380
0.7505348
0.9304292
0.9298469
0.7148816
0.3588169
-0.0089890
-0.2914993
-0.4715072
-0.5868857
-0.6742447
-0.7415251
-0.7842397
-0.8094554
-0.8338910
-0.8642131
-0.8901028
-0.8992287
-0.8928345
-0.8819345
-0.8710797
-0.8516495
-0.8123127
-0.7520387
-0.6795191
-0.6020280
-0.5201060
-0.4345364
-0.3536015
-0.2881551
-0.2403109
-0.2017261
-0.1643785
-0.1294186
-0.1030442
-0.0866345
-0.0750677
-0.0640926
-0.0548729
-0.0490871
-0.0425230
-0.0278817
-0.0043685
0.0192092
0.0337074
0.0402442
0.0481311
0.0627979
0.0801639
0.0946984
0.1087645
0.1292900
0.1567769
0.1831705
0.2022125
0.2175964
0.2371868
0.2614486
0.2827555
0.2971969
0.3124684
0.3395716
0.3779337
0.4138950
0.4359422
0.4476408
0.4617313
0.4839198
0.5082480
0.5289445
0.5504583
0.5806828
0.6169501
0.6451831
0.6548366
0.6508029
0.6471537
0.6508476
0.6556400
0.6524219
0.6410747
0.6281750
0.6148061
0.5923049
0.5526650
0.4999034
0.4470507
0.4025296
0.3632569
0.3221438
0.2789343
0.2402490
0.2097268
0.1819066
0.1483786
0.1089639
0.0738015
0.0528188
0.0446651
0.0385161
0.0267007
0.0126792
0.0047406
0.0038023
0.0010428
-0.0114203
-0.0300349
-0.0426931
-0.0419178
-0.0326662
-0.0255149
-0.0239911
-0.0221712
-0.0154126
-0.0095002
-0.0149000
-0.0325158
-0.0496368
-0.0526434
-0.0417299
-0.0300405
-0.0287420
-0.0362202
-0.0434195
-0.0470203
-0.0531188
-0.0669735
-0.0827061
-0.0874817
-0.0764597
-0.0604362
-0.0559831
-0.0686125
-0.0876233
-0.0975304
-0.0927315
-0.0803681
-0.0709399
-0.0688121
-0.0720726
-0.0786980
-0.0892799
-0.1028685
-0.1129320
-0.1111312
-0.0962541
-0.0776550
-0.0678639
-0.0715623
-0.0824486
-0.0906706
-0.0923225
-0.0914064
-0.0935847
-0.0994063
-0.1040562
-0.1029452
-0.0965803
-0.0899878
-0.0882430
-0.0928204
-0.1011265
-0.1082237
-0.1093267
-0.1025425
-0.0907194
-0.0804023
-0.0775861
-0.0832915
-0.0929057
-0.0999989
-0.1010211
-0.0965654
-0.0887674
-0.0786732
-0.0668326
-0.0554165
-0.0474469
-0.0426487
-0.0352815
-0.0186073
0.0071186
0.0318485
0.0426898
0.0350349
0.0172314
0.0038866
0.0037795
0.0134036
0.0214803
0.0193627
0.0074846
-0.0070790
-0.0181488
-0.0254198
-0.0329325
-0.0437357
-0.0565994
-0.0678509
-0.0758397
-0.0829069
-0.0927405
-0.1062150
-0.1202747
-0.1306920
-0.1353850
-0.1351499
-0.1320981
-0.1280995
-0.1243230
-0.1212333
-0.1186082
-0.1160202
-0.1134660
-0.1105868
-0.1043167
-0.0879340
-0.0539732
0.0022947
0.0852340
0.2058902
0.3806319
0.6103865
