-0.3662427
-0.4214793
-0.2273622
-0.1212168
-0.1628595
-0.1650791
-0.0748031
-0.0189069
-0.0322813
-0.0120660
0.0674144
0.1144710
0.0999974
0.0981069
0.1403135
0.1787407
0.1973483
0.2313608
0.2777342
0.2967549
0.2935722
0.3006079
0.2971501
0.2395174
0.1512423
0.0964497
0.0830557
0.0698517
0.0471813
0.0382075
0.0411550
0.0338215
0.0147392
-0.0109383
-0.0576423
-0.1252416
-0.1732035
-0.1742901
-0.1594667
-0.1677860
-0.1878215
-0.1888142
-0.1744623
-0.1672598
-0.1700648
-0.1744836
-0.1782708
-0.1717466
-0.1391462
-0.0914034
-0.0631300
-0.0628290
-0.0627094
-0.0489863
-0.0420016
-0.0539980
-0.0669415
-0.0665212
-0.0626869
-0.0638420
-0.0613302
-0.0480095
-0.0253654
0.0103880
0.0639857
0.1262930
0.1890682
0.2651201
0.3651750
0.4666913
0.5384366
0.5860252
0.6393917
0.7016210
0.7408365
0.7284005
0.6603870
0.5477974
0.4074763
0.2564476
0.1000371
-0.0639688
-0.2205325
-0.3384668
-0.4108735
-0.4711589
-0.5500557
-0.6369455
-0.7016008
-0.7349835
-0.7511348
-0.7656398
-0.7874543
-0.8175257
-0.8446521
-0.8565546
-0.8602934
-0.8748626
-0.9010069
-0.9188046
-0.9184696
-0.9126793
-0.9147619
-0.9243377
-0.9368827
-0.9485834
-0.9509566
-0.9391071
-0.9245764
-0.9220600
-0.9258504
-0.9175501
-0.8937176
-0.8675687
-0.8462673
-0.8232965
-0.7904743
-0.7442688
-0.6859895
-0.6273359
-0.5862701
-0.5646415
-0.5404490
-0.4951661
-0.4373711
-0.3865192
-0.3458083
-0.3054020
-0.2618385
-0.2205492
-0.1869333
-0.1641517
-0.1512373
-0.1381188
-0.1143624
-0.0872408
-0.0767699
-0.0875746
-0.1003806
-0.0969761
-0.0795578
-0.0604851
-0.0466193
-0.0383614
-0.0319431
-0.0198571
-0.0000171
0.0161376
0.0172014
0.0113691
0.0181472
0.0418379
0.0671959
0.0804505
0.0821878
0.0814584
0.0887704
0.1117337
0.1464429
0.1768523
0.1924365
0.2011895
0.2163835
0.2383381
0.2593700
0.2785035
0.3002219
0.3254746
0.3533522
0.3847420
0.4166024
0.4407259
0.4553791
0.4696447
0.4898194
0.5104821
0.5248048
0.5346909
0.5459901
0.5628704
0.5901067
0.6303316
0.6754980
0.7112688
0.7328457
0.7472594
0.7596102
0.7682495
0.7743100
0.7841945
0.8004317
0.8192978
0.8376968
0.8537865
0.8627574
0.8617398
0.8569659
0.8568654
0.8606428
0.8620738
0.8602763
0.8574358
0.8503003
0.8335013
0.8077466
0.7768499
0.7411064
0.7005639
0.6592882
0.6197484
0.5791726
0.5375205
0.5017434
0.4755276
0.4517955
0.4217254
0.3850856
0.3470424
0.3114583
0.2808873
0.2558611
0.2315301
0.2030211
0.1758303
0.1614415
0.1603094
0.1587647
0.1458009
0.1246770
0.1058855
0.0964598
0.0972853
0.1032226
0.1052778
0.0995706
0.0934493
0.0961947
0.1061942
0.1147216
0.1191132
0.1237014
0.1303568
0.1363532
0.1396371
0.1397198
0.1363089
0.1322338
0.1325600
0.1351156
0.1285999
0.1076486
0.0839385
0.0741290
0.0806528
0.0909283
0.0919941
0.0809781
0.0649972
0.0546603
0.0541815
0.0563828
0.0521002
0.0437530
0.0418405
0.0485304
0.0548836
0.0557130
0.0564991
0.0622808
0.0694775
0.0734804
0.0768234
0.0849696
0.0985462
0.1124999
0.1201634
0.1186498
0.1133175
0.1140295
0.1229303
0.1305684
0.1295226
0.1257368
0.1284527
0.1347158
0.1340424
0.1249662
0.1164199
0.1133322
0.1095361
0.0963687
0.0734475
0.0500549
0.0370185
0.0351292
0.0319656
0.0154757
-0.0097826
-0.0284244
-0.0373814
-0.0522897
-0.0854284
-0.1265857
-0.1535845
-0.1562921
-0.1438557
-0.1321354
-0.1293367
-0.1320800
-0.1323954
-0.1284012
-0.1261146
-0.1287006
-0.1294017
-0.1220186
-0.1137974
-0.1177918
-0.1338526
-0.1471676
-0.1463606
-0.1345601
-0.1209602
-0.1078289
-0.0864888
-0.0401671
0.0493724
0.1906217
0.3715221
0.5566124
0.6932464
0.7271166
0.6281317
0.4129796
0.1391934
-0.1304166
-0.3589091
-0.5357800
-0.6614996
-0.7419967
-0.7916514
-0.8288617
-0.8653246
-0.9021589
-0.9352062
-0.9618178
-0.9839807
-1.0057837
-1.0264810
-1.0382715
-1.0352406
-1.0218406
-1.0059069
-0.9854081
-0.9504892
-0.8977856
-0.8332739
-0.7600079
-0.6731715
-0.5721708
-0.4711282
-0.3912684
-0.3434241
-0.3189122
-0.2968658
-0.2624613
-0.2201142
-0.1864554
-0.1691888
-0.1584161
-0.1420462
-0.1223982
-0.1102440
-0.1074871
-0.1046441
-0.0940343
-0.0783678
-0.0659470
-0.0616417
-0.0628189
-0.0624018
-0.0569475
-0.0514003
-0.0522703
-0.0568496
-0.0556645
-0.0467483
-0.0400230
-0.0438615
-0.0531193
-0.0546593
-0.0407718
-0.0141205
0.0169863
0.0455275
0.0703258
0.0948960
0.1205215
0.1428448
0.1591560
0.1758553
0.2018712
0.2356617
0.2655447
0.2834794
0.2931219
0.3036804
0.3203569
0.3415259
0.3622227
0.3803390
0.4005469
0.4293226
0.4642698
0.4932227
0.5081213
0.5155278
0.5282269
0.5496826
0.5722187
0.5884931
0.5997375
0.6130871
0.6335807
0.6583755
0.6784084
0.6877234
0.6902207
0.6930017
0.6942212
0.6845329
0.6617340
0.6363985
0.6189303
0.6061955
0.5854030
0.5485181
0.4999376
0.4514975
0.4110623
0.3750005
0.3330366
0.2822829
0.2332596
0.1978864
0.1747139
0.1521447
0.1244778
0.0978987
0.0802745
0.0708486
0.0619290
0.0477267
0.0303940
0.0181037
0.0158266
0.0175596
0.0114328
-0.0056705
-0.0232749
-0.0304690
-0.0295828
-0.0323104
-0.0453480
-0.0643708
-0.0804533
-0.0889330
-0.0927437
-0.0983170
-0.1065600
-0.1083876
-0.0937056
-0.0660558
-0.0437096
-0.0434288
-0.0653135
-0.0941507
-0.1125306
-0.1128979
-0.1016461
-0.0932217
-0.0971869
-0.1098672
-0.1201733
-0.1220620
-0.1182933
-0.1144595
-0.1144744
-0.1206435
-0.1322919
-0.1435770
-0.1470180
-0.1405187
-0.1288462
-0.1186219
-0.1137348
-0.1141362
-0.1166932
-0.1184440
-0.1204115
-0.1258616
-0.1337061
-0.1376485
-0.1343041
-0.1281417
-0.1252111
-0.1257181
-0.1264686
-0.1272971
-0.1305277
-0.1355555
-0.1376946
-0.1326783
-0.1213151
-0.1099942
-0.1055353
-0.1074075
-0.1065788
-0.0956243
-0.0784731
-0.0653565
-0.0592136
-0.0532829
-0.0426679
-0.0316932
-0.0266797
-0.0258354
-0.0204938
-0.0056340
0.0127562
0.0217747
0.0146314
-0.0002198
-0.0063752
0.0021579
0.0138662
0.0145122
0.0050957
-0.0004124
0.0067320
0.0199165
0.0257299
0.0189293
0.0076225
0.0044807
0.0125914
0.0205961
0.0144658
-0.0060682
-0.0269806
-0.0367900
-0.0389800
-0.0448325
-0.0581345
-0.0714155
-0.0759284
-0.0722454
-0.0706861
-0.0813143
-0.1025395
-0.1209165
-0.1249717
-0.1181262
-0.1143711
-0.1220911
-0.1365070
-0.1476964
-0.1509822
-0.1482088
-0.1431028
-0.1379622
-0.1331997
-0.1287170
-0.1257452
-0.1260843
-0.1286614
-0.1293340
-0.1261494
-0.1221008
-0.1198932
-0.1168035
-0.1085680
-0.0964568
-0.0864516
-0.0821349
-0.0815376
-0.0806394
-0.0776238
-0.0736840
-0.0706563
-0.0676947
-0.0612481
-0.0505612
-0.0418175
-0.0420550
-0.0484980
-0.0493236
-0.0375310
-0.0197401
-0.0078638
-0.0049976
-0.0029786
0.0078266
0.0297588
0.0591385
0.0942414
0.1395956
0.2002808
0.2729829
0.3475520
0.4191649
0.4921552
0.5643689
0.6109905
0.5944025
0.4950805
0.3301153
0.1398840
-0.0408177
-0.1984586
-0.3339818
-0.4478524
-0.5354732
-0.5958670
-0.6386976
-0.6763908
-0.7098743
-0.7286967
-0.7277376
-0.7181037
-0.7167752
-0.7288645
-0.7450506
-0.7548810
-0.7579327
-0.7615369
-0.7706597
-0.7818922
-0.7875175
-0.7847912
-0.7788796
-0.7747431
-0.7687316
-0.7528473
-0.7267127
-0.6999251
-0.6807030
-0.6660091
-0.6454594
-0.6129722
-0.5725336
-0.5331979
-0.4993912
-0.4665847
-0.4277964
-0.3842647
-0.3459963
-0.3191409
-0.2964149
-0.2651489
-0.2236899
-0.1847290
-0.1613812
-0.1533682
-0.1485665
-0.1364913
-0.1186407
-0.1051876
-0.1018733
-0.1024358
-0.0967791
-0.0850377
-0.0779502
-0.0816465
-0.0873197
-0.0802153
-0.0562391
-0.0257719
-0.0023065
0.0094784
0.0149001
0.0216073
0.0321656
0.0437709
0.0537561
0.0628749
0.0723134
0.0809073
0.0889233
0.1021904
0.1269255
0.1600570
0.1893107
0.2047737
0.2079279
0.2085100
0.2149947
0.2288749
0.2456147
0.2594270
0.2680358
0.2739484
0.2816539
0.2943186
0.3126982
0.3348952
0.3564332
0.3731467
0.3855169
0.3980847
0.4136039
0.4307324
0.4488913
0.4713595
0.5000557
0.5301448
0.5544444
0.5725090
0.5913508
0.6160833
0.6421713
0.6588887
0.6604654
0.6525153
0.6457944
0.6438969
0.6402236
0.6285322
0.6122739
0.5989391
0.5882006
0.5728251
0.5516758
0.5344598
0.5292974
0.5296929
0.5193667
0.4900726
0.4512916
0.4205608
0.4052588
0.3961531
0.3798175
0.3548176
0.3316446
0.3172715
0.3056887
0.2869270
0.2610360
0.2377918
0.2240557
0.2162926
0.2060191
0.1891524
0.1686311
0.1497182
0.1344556
0.1209624
0.1074627
0.0951786
0.0857422
0.0774073
0.0671021
0.0558542
0.0481996
0.0450508
0.0408820
0.0307520
0.0181195
0.0126089
0.0196488
0.0334299
0.0410965
0.0351134
0.0217673
0.0152457
0.0215716
0.0308337
0.0287859
0.0146335
0.0025155
0.0044376
0.0158037
0.0209014
0.0114353
-0.0033106
-0.0063088
0.0076834
0.0247687
0.0264512
0.0103705
-0.0074868
-0.0118901
-0.0048957
-0.0002331
-0.0052374
-0.0140622
-0.0183270
-0.0191322
-0.0253452
-0.0413808
-0.0597289
-0.0676723
-0.0613614
-0.0509132
-0.0495397
-0.0589769
-0.0683757
-0.0668001
-0.0534441
-0.0355045
-0.0199605
-0.0093025
-0.0025377
0.0024392
0.0069800
0.0106983
0.0121238
0.0103465
0.0059483
0.0012227
0.0000818
0.0060648
0.0185079
0.0316765
0.0398787
0.0432042
0.0466449
0.0539597
0.0637993
0.0713472
0.0724406
0.0665797
0.0570312
0.0475709
0.0386637
0.0279829
0.0150947
0.0034795
-0.0038036
-0.0090512
-0.0184377
-0.0356996
-0.0581704
-0.0789886
-0.0933309
-0.1032332
-0.1157467
-0.1347605
-0.1551320
-0.1673538
-0.1683746
-0.1652780
-0.1670496
-0.1745875
-0.1804332
-0.1775123
-0.1669098
-0.1570326
-0.1554253
-0.1618274
-0.1702417
-0.1775420
-0.1871765
-0.2023199
-0.2178253
-0.2230828
-0.2131329
-0.1939284
-0.1753724
-0.1609724
-0.1459343
-0.1249591
-0.1003156
-0.0803416
-0.0687482
-0.0565558
-0.0273150
0.0293785
0.1122282
0.2164059
0.3422982
0.4901018
0.6443832
0.7671153
0.8106577
0.7433024
0.5684776
0.3231937
0.0576149
-0.1876365
-0.3907718
-0.5446272
-0.6505177
-0.7168826
-0.7585876
-0.7918832
-0.8273836
-0.8667274
-0.9050541
-0.9369522
-0.9610899
-0.9793433
-0.9917748
-0.9947109
-0.9857636
-0.9690877
-0.9520676
-0.9361303
-0.9135158
-0.8750372
-0.8201922
-0.7580002
-0.6973609
-0.6373963
-0.5690665
-0.4875555
-0.4016689
-0.3280618
-0.2758303
-0.2395518
-0.2083734
-0.1784420
-0.1534240
-0.1351995
-0.1189039
-0.0985294
-0.0747903
-0.0547900
-0.0436771
-0.0382904
-0.0308579
-0.0187845
-0.0080334
-0.0047232
-0.0053908
0.0004437
0.0176074
0.0387253
0.0526982
0.0582081
0.0662038
0.0882584
0.1233622
0.1576781
0.1786669
0.1892158
0.2056254
0.2402820
0.2879850
0.3313458
0.3583276
0.3717579
0.3823125
0.3961657
0.4118499
0.4271345
0.4448286
0.4693837
0.4988818
0.5239680
0.5371247
0.5413213
0.5460018
0.5546555
0.5604966
0.5565287
0.5466191
0.5426416
0.5512430
0.5667737
0.5783317
0.5816476
0.5819269
0.5853225
0.5900387
0.5881487
0.5758247
0.5587479
0.5454933
0.5376056
0.5291405
0.5148485
0.4947458
0.4697224
0.4367398
0.3924214
0.3409162
0.2945172
0.2635464
0.2454982
0.2262801
0.1940924
0.1515494
0.1120992
0.0847041
0.0651660
0.0440404
0.0199361
0.0010268
-0.0061474
-0.0057462
-0.0089997
-0.0233466
-0.0469084
-0.0729076
-0.0971210
-0.1193811
-0.1387801
-0.1506927
-0.1509186
-0.1415337
-0.1297718
-0.1209752
-0.1151998
-0.1113672
-0.1116029
-0.1186632
-0.1302168
-0.1387651
-0.1383439
-0.1300165
-0.1194764
-0.1098347
-0.0989242
-0.0850973
-0.0738398
-0.0745284
-0.0888092
-0.1050703
-0.1082320
-0.0950001
-0.0769538
-0.0684200
-0.0737858
-0.0874107
-0.1029230
-0.1191763
-0.1371199
-0.1540483
-0.1640955
-0.1647770
-0.1607959
-0.1594719
-0.1633015
-0.1691316
-0.1741918
-0.1798928
-0.1884338
-0.1982074
-0.2051525
-0.2076553
-0.2073996
-0.2049586
-0.1968625
-0.1793053
-0.1550145
-0.1347854
-0.1298362
-0.1412163
-0.1571912
-0.1622235
-0.1489785
-0.1220954
-0.0923496
-0.0691825
-0.0576069
-0.0580732
-0.0663950
-0.0749126
-0.0769671
-0.0721744
-0.0667614
-0.0669531
-0.0712932
-0.0710613
-0.0605466
-0.0465614
-0.0444723
-0.0625547
-0.0919965
-0.1153986
-0.1252015
-0.1312759
-0.1493605
-0.1836630
-0.2222354
-0.2485186
-0.2558096
-0.2509554
-0.2466735
-0.2520063
-0.2679145
-0.2874216
-0.2986641
-0.2923237
-0.2710557
-0.2501883
-0.2432414
-0.2451321
-0.2350215
-0.1999736
-0.1512135
-0.1077175
-0.0612605
0.0328963
0.2164395
0.4711397
0.7039216
0.7981034
0.6909523
0.4120203
0.0553947
-0.2817549
-0.5428261
-0.7164938
-0.8182851
-0.8720679
-0.8995659
-0.9155670
-0.9276327
-0.9399945
-0.9570731
-0.9813898
-1.0082050
-1.0256910
-1.0242693
-1.0063689
-0.9843678
-0.9670038
-0.9492596
-0.9180734
-0.8673384
-0.8039377
-0.7377602
-0.6688284
-0.5880342
-0.4908407
-0.3876230
-0.2985019
-0.2380136
-0.2052215
-0.1878597
-0.1742426
-0.1604007
-0.1476017
-0.1365095
-0.1256491
-0.1139834
-0.1021972
-0.0909223
-0.0794554
-0.0672648
-0.0556541
-0.0465098
-0.0396860
-0.0331036
-0.0260997
-0.0215096
-0.0224859
-0.0267252
-0.0257963
-0.0129073
0.0081612
0.0240256
0.0236769
0.0093870
-0.0054026
-0.0089274
-0.0008943
0.0102052
0.0177169
0.0235229
0.0349830
0.0570365
0.0879694
0.1216669
0.1523821
0.1775286
0.1979317
0.2167732
0.2372045
0.2591497
0.2787581
0.2930187
0.3053128
0.3240075
0.3533297
0.3865370
0.4110604
0.4218218
0.4279475
0.4440410
0.4745425
0.5084307
0.5306125
0.5377021
0.5410648
0.5545512
0.5809457
0.6109082
0.6333232
0.6450341
0.6516234
0.6613220
0.6787068
0.7020024
0.7243391
0.7383311
0.7419781
0.7413045
0.7457900
0.7591296
0.7743496
0.7797637
0.7709160
0.7558214
0.7470996
0.7492331
0.7550128
0.7547163
0.7470196
0.7392965
0.7377547
0.7391686
0.7332673
0.7126516
0.6797039
0.6442639
0.6154305
0.5953131
0.5790695
0.5597353
0.5337551
0.5038722
0.4776659
0.4621636
0.4580036
0.4581705
0.4531821
0.4384749
0.4171154
0.3954565
0.3764923
0.3576540
0.3346203
0.3063971
0.2762979
0.2485359
0.2246844
0.2034977
