-0.1428414
-0.1330320
-0.0714401
0.0916404
0.3498825
0.6251634
0.8039208
0.7952582
0.5772717
0.2102828
-0.1945841
-0.5371941
-0.7749547
-0.9192219
-0.9984217
-1.0321359
-1.0321550
-1.0110068
-0.9814310
-0.9513653
-0.9225762
-0.8925987
-0.8581267
-0.8189617
-0.7781248
-0.7358418
-0.6849672
-0.6160767
-0.5274993
-0.4283022
-0.3308706
-0.2405781
-0.1516941
-0.0545473
0.0491527
0.1376375
0.1824542
0.1768569
0.1488159
0.1391001
0.1635867
0.1987882
0.2057289
0.1679901
0.1073572
0.0642319
0.0637767
0.1002501
0.1508321
0.1992992
0.2438523
0.2871508
0.3273338
0.3610240
0.3895030
0.4172975
0.4466543
0.4771630
0.5102773
0.5505969
0.6006116
0.6550098
0.7023888
0.7344388
0.7534815
0.7693540
0.7881955
0.8057963
0.8126789
0.8033226
0.7783095
0.7398499
0.6897133
0.6322463
0.5757395
0.5275753
0.4879991
0.4503163
0.4084930
0.3646427
0.3276450
0.3028414
0.2840238
0.2588306
0.2233678
0.1885097
0.1681590
0.1618616
0.1530580
0.1273225
0.0911746
0.0689360
0.0775656
0.1046761
0.1151389
0.0830255
0.0171548
-0.0464565
-0.0768073
-0.0714149
-0.0510411
-0.0377145
-0.0400771
-0.0539978
-0.0691067
-0.0735322
-0.0593577
-0.0306944
-0.0059286
-0.0047571
-0.0273827
-0.0487537
-0.0398727
0.0032792
0.0563553
0.0945068
0.1183524
0.1453636
0.1771906
0.1857939
0.1401172
0.0450629
-0.0531864
-0.1050320
-0.0998745
-0.0695362
-0.0520079
-0.0562561
-0.0632274
-0.0552680
-0.0372245
-0.0280733
-0.0379908
-0.0585780
-0.0741169
-0.0782040
-0.0783900
-0.0869488
-0.1086459
-0.1362137
-0.1558325
-0.1573024
-0.1415755
-0.1208731
-0.1106987
-0.1177525
-0.1324371
-0.1344993
-0.1107151
-0.0704856
-0.0433191
-0.0565444
-0.1093069
-0.1634453
-0.1605374
-0.0571233
0.1422600
0.3755222
0.5460516
0.5680139
0.4092741
0.1078432
-0.2473228
-0.5601442
-0.7709213
-0.8755777
-0.9125964
-0.9297245
-0.9532370
-0.9782048
-0.9831775
-0.9558955
-0.9084768
-0.8689233
-0.8567464
-0.8654365
-0.8676126
-0.8367685
-0.7655748
-0.6672294
-0.5630811
-0.4689860
-0.3893155
-0.3193651
-0.2525116
-0.1878632
-0.1334012
-0.0998743
-0.0874462
-0.0779564
-0.0462228
0.0144979
0.0783751
0.1045820
0.0746470
0.0128310
-0.0329947
-0.0320145
0.0074871
0.0543227
0.0885329
0.1173042
0.1597413
0.2216182
0.2884720
0.3412281
0.3739060
0.3952024
0.4170550
0.4454031
0.4801686
0.5188023
0.5572060
0.5897880
0.6128459
0.6291844
0.6471477
0.6723448
0.7000823
0.7180706
0.7180761
0.7037445
0.6850072
0.6654295
0.6381405
0.5958204
0.5425127
0.4921589
0.4547649
0.4263432
0.3944775
0.3526243
0.3058562
0.2618798
0.2205785
0.1778259
0.1395183
0.1244534
0.1452985
0.1860635
0.2053940
0.1696538
0.0850695
-0.0046918
-0.0548025
-0.0544482
-0.0287102
-0.0101497
-0.0115583
-0.0242619
-0.0359078
-0.0439168
-0.0525224
-0.0631592
-0.0724888
-0.0784092
-0.0836412
-0.0918363
-0.1022410
-0.1101983
-0.1122582
-0.1089369
-0.1021649
-0.0918735
-0.0769802
-0.0593779
-0.0445460
-0.0363481
-0.0317362
-0.0224628
-0.0030581
0.0230282
0.0453051
0.0542147
0.0481595
0.0341216
0.0215551
0.0141360
0.0061646
-0.0123856
-0.0456341
-0.0858475
-0.1186041
-0.1352513
-0.1403839
-0.1458417
-0.1567609
-0.1649474
-0.1578641
-0.1337463
-0.1054011
-0.0880067
-0.0851294
-0.0889342
-0.0930766
-0.1020739
-0.1265240
-0.1707784
-0.2270250
-0.2804236
-0.3178609
-0.3323872
-0.3234740
-0.2964148
-0.2590361
-0.2120952
-0.1395776
-0.0147087
0.1721770
0.3835706
0.5351437
0.5380320
0.3558314
0.0318935
-0.3346591
-0.6447614
-0.8460606
-0.9428292
-0.9728890
-0.9759236
-0.9747448
-0.9745462
-0.9720115
-0.9638761
-0.9495048
-0.9283176
-0.8970729
-0.8515993
-0.7920174
-0.7250559
-0.6590143
-0.5955877
-0.5279796
-0.4490145
-0.3617199
-0.2807543
-0.2215761
-0.1871405
-0.1654921
-0.1411353
-0.1088286
-0.0759041
-0.0516735
-0.0362107
-0.0204820
0.0035358
0.0347835
0.0656109
0.0908229
0.1123591
0.1348300
0.1587293
0.1811565
0.2039243
0.2376684
0.2930381
0.3655407
0.4313014
0.4625760
0.4515960
0.4207922
0.4084057
0.4405040
0.5123254
0.5931533
0.6489600
0.6644580
0.6501517
0.6330808
0.6392993
0.6776753
0.7328919
0.7727787
0.7682350
0.7138386
0.6331355
0.5623767
0.5242719
0.5128923
0.5018966
0.4680033
0.4088443
0.3410196
0.2832163
0.2416247
0.2096043
0.1783622
0.1463830
0.1193869
0.1029482
0.0961159
0.0921333
0.0849202
0.0743457
0.0647677
0.0586397
0.0525757
0.0407290
0.0220493
0.0030915
-0.0076379
-0.0084468
-0.0067521
-0.0116663
-0.0244852
-0.0377674
-0.0444321
-0.0466430
-0.0540542
-0.0729645
-0.0982013
-0.1165214
-0.1180812
-0.1048123
-0.0884602
-0.0809581
-0.0856376
-0.0955702
-0.0991463
-0.0885646
-0.0659305
-0.0427983
-0.0321850
-0.0379129
-0.0507211
-0.0567996
-0.0522965
-0.0490388
-0.0638128
-0.1007895
-0.1451309
-0.1749111
-0.1795676
-0.1668690
-0.1531873
-0.1488675
-0.1532120
-0.1608691
-0.1694351
-0.1800227
-0.1931926
-0.2071582
-0.2194948
-0.2281629
-0.2305858
-0.2246890
-0.2133312
-0.2060865
-0.2122145
-0.2294745
-0.2423242
-0.2358776
-0.2131843
-0.1945360
-0.1932445
-0.1899488
-0.1364316
0.0046924
0.2150935
0.4127652
0.4944194
0.3984990
0.1415789
-0.1960004
-0.5189095
-0.7620864
-0.9066181
-0.9685393
-0.9790076
-0.9691281
-0.9604813
-0.9593868
-0.9577138
-0.9429223
-0.9114192
-0.8733326
-0.8434094
-0.8264016
-0.8110231
-0.7779433
-0.7139266
-0.6201584
-0.5104528
-0.4039092
-0.3174897
-0.2599098
-0.2275658
-0.2061132
-0.1798169
-0.1428865
-0.1023716
-0.0692826
-0.0470297
-0.0291749
-0.0076900
0.0189081
0.0467762
0.0740340
0.1033432
0.1363277
0.1688169
0.1959425
0.2221824
0.2618892
0.3255452
0.4057654
0.4806397
0.5333545
0.5674437
0.6006915
0.6445350
0.6922074
0.7284988
0.7489414
0.7657497
0.7939231
0.8341433
0.8721745
0.8947044
0.9030456
0.9098097
0.9234468
0.9380311
0.9385570
0.9154469
0.8738318
0.8296507
0.7970880
0.7783553
0.7631775
0.7366998
0.6887548
0.6182394
0.5315686
0.4387797
0.3511030
0.2800487
0.2348451
0.2170107
0.2165546
0.2161398
0.2027952
0.1775666
0.1532849
0.1416879
0.1421512
0.1428746
0.1326307
0.1107412
0.0857796
0.0660239
0.0528726
0.0435073
0.0374300
0.0372844
0.0425731
0.0450767
0.0338936
0.0065215
-0.0260514
-0.0472157
-0.0489524
-0.0384828
-0.0306965
-0.0340217
-0.0436178
-0.0474955
-0.0379077
-0.0165505
0.0093809
0.0335411
0.0523477
0.0630997
0.0635278
0.0545561
0.0421339
0.0338248
0.0320349
0.0308487
0.0207765
-0.0024369
-0.0334512
-0.0616570
-0.0798455
-0.0891852
-0.0968431
-0.1095061
-0.1286451
-0.1504947
-0.1693887
-0.1811701
-0.1845581
-0.1807004
-0.1724010
-0.1638888
-0.1605018
-0.1669428
-0.1838055
-0.2045776
-0.2171363
-0.2115130
-0.1889031
-0.1617519
-0.1399464
-0.1129987
-0.0481736
0.0850237
0.2787597
0.4710787
0.5709159
0.5108344
0.2889188
-0.0311530
-0.3587316
-0.6219317
-0.7907209
-0.8724110
-0.8946217
-0.8899619
-0.8849953
-0.8916506
-0.9044246
-0.9085365
-0.8952517
-0.8709147
-0.8501931
-0.8401995
-0.8325127
-0.8115112
-0.7690049
-0.7087325
-0.6376290
-0.5571205
-0.4664427
-0.3728878
-0.2932025
-0.2405480
-0.2104748
-0.1832916
-0.1427462
-0.0918147
-0.0484098
-0.0255932
-0.0178345
-0.0076197
0.0161326
0.0484950
0.0768380
0.0956258
0.1108328
0.1311593
0.1585474
0.1892930
0.2224934
0.2633589
0.3161604
0.3758083
0.4300570
0.4716192
0.5063931
0.5472617
0.5996060
0.6548968
0.6997875
0.7302502
0.7546362
0.7827159
0.8140511
0.8391386
0.8508559
0.8513768
0.8461711
0.8338497
0.8064697
0.7613328
0.7092128
0.6665695
0.6387248
0.6134260
0.5734713
0.5150751
0.4515709
0.3986589
0.3583941
0.3198734
0.2744898
0.2267274
0.1877863
0.1607573
0.1363352
0.1047687
0.0693111
0.0439354
0.0368126
0.0387628
0.0312968
0.0066117
-0.0226187
-0.0354597
-0.0244872
-0.0037502
0.0053903
-0.0052734
-0.0257910
-0.0418524
-0.0498593
-0.0563307
-0.0648299
-0.0685443
-0.0586803
-0.0381042
-0.0218723
-0.0217170
-0.0320083
-0.0347812
-0.0196245
0.0039561
0.0162966
0.0086866
-0.0080937
-0.0170857
-0.0143963
-0.0122027
-0.0229099
-0.0438212
-0.0603393
-0.0632850
-0.0594429
-0.0633305
-0.0810276
-0.1056814
-0.1288219
-0.1516880
-0.1813292
-0.2164317
-0.2422159
-0.2438019
-0.2243626
-0.2061198
-0.2101695
-0.2356227
-0.2609377
-0.2664731
-0.2537671
-0.2410773
-0.2419602
-0.2523378
-0.2595158
-0.2584385
-0.2509852
-0.2269353
-0.1541001
-0.0024072
0.2111714
0.4030075
0.4611948
0.3208060
0.0141387
-0.3488598
-0.6537681
-0.8470812
-0.9457854
-0.9971380
-1.0338324
-1.0606603
-1.0703822
-1.0620474
-1.0436841
-1.0240573
-1.0070379
-0.9926297
-0.9786243
-0.9591868
-0.9246409
-0.8669250
-0.7870631
-0.6962595
-0.6080383
-0.5285740
-0.4545198
-0.3798700
-0.3043491
-0.2348995
-0.1793407
-0.1390576
-0.1080121
-0.0786963
-0.0488628
-0.0224625
-0.0041763
0.0067387
0.0170623
0.0342468
0.0607233
0.0934136
0.1279887
0.1626071
0.1976300
0.2332462
0.2689080
0.3050605
0.3440808
0.3883999
0.4376064
0.4877336
0.5335389
0.5717512
0.6029685
0.6312810
0.6617183
0.6964030
0.7318722
0.7607753
0.7780441
0.7860896
0.7925579
0.8014405
0.8069225
0.7979801
0.7699250
0.7302493
0.6917793
0.6604764
0.6312252
0.5953898
0.5505087
0.5012320
0.4521300
0.4025166
0.3496175
0.2951664
0.2464344
0.2102232
0.1869894
0.1712751
0.1566598
0.1394161
0.1188400
0.0967995
0.0778976
0.0679644
0.0694629
0.0775654
0.0823836
0.0769415
0.0632340
0.0495740
0.0416705
0.0371307
0.0294156
0.0164959
0.0040004
-0.0010211
0.0012647
0.0024624
-0.0055884
-0.0214525
-0.0339242
-0.0319863
-0.0153200
0.0052785
0.0182790
0.0222340
0.0260612
0.0387179
0.0592350
0.0774288
0.0839780
0.0787279
0.0688001
0.0599035
0.0514469
0.0405007
0.0284052
0.0207869
0.0205555
0.0228473
0.0187864
0.0039923
-0.0180766
-0.0412653
-0.0633274
-0.0860378
-0.1100055
-0.1322102
-0.1498095
-0.1642685
-0.1787304
-0.1911535
-0.1932733
-0.1793722
-0.1553849
-0.1358478
-0.1298379
-0.1316330
-0.1278941
-0.1130578
-0.0924466
-0.0658476
-0.0104875
0.1097296
0.3063393
0.5319429
0.6881216
0.6806983
0.4829803
0.1560128
-0.1907869
-0.4662506
-0.6399697
-0.7350886
-0.7892467
-0.8226102
-0.8357916
-0.8281245
-0.8107267
-0.8007845
-0.8063372
-0.8197349
-0.8263143
-0.8180275
-0.7978932
-0.7722919
-0.7408448
-0.6949754
-0.6264294
-0.5369931
-0.4399231
-0.3516819
-0.2811715
-0.2253804
-0.1746293
-0.1226661
-0.0729597
-0.0356555
-0.0176080
-0.0142825
-0.0111856
0.0058450
0.0402136
0.0827840
0.1196009
0.1419300
0.1507191
0.1537477
0.1598207
0.1748704
0.2010623
0.2372621
0.2799096
0.3247813
0.3692907
0.4132493
0.4569187
0.4985594
0.5350110
0.5654527
0.5940062
0.6271094
0.6671708
0.7087663
0.7418218
0.7593253
0.7624734
0.7587122
0.7549518
0.7521760
0.7453920
0.7278494
0.6958357
0.6511932
0.6005688
0.5517547
0.5089654
0.4703581
0.4303746
0.3855627
0.3386196
0.2962685
0.2625712
0.2345016
0.2048563
0.1699006
0.1337391
0.1046447
0.0872179
0.0786344
0.0724403
0.0650509
0.0577547
0.0528431
0.0492513
0.0430242
0.0316574
0.0167404
0.0017966
-0.0115811
-0.0241608
-0.0356641
-0.0425335
-0.0408077
-0.0313739
-0.0209345
-0.0162368
-0.0170494
-0.0156926
-0.0044418
0.0162987
0.0372442
0.0476516
0.0437387
0.0306379
0.0171900
0.0090165
0.0052979
0.0004553
-0.0113543
-0.0316535
-0.0554890
-0.0737700
-0.0797169
-0.0749059
-0.0690535
-0.0725895
-0.0884338
-0.1108418
-0.1319219
-0.1482187
-0.1605009
-0.1689072
-0.1714404
-0.1685961
-0.1673457
-0.1770340
-0.1999687
-0.2275280
-0.2471720
-0.2529351
-0.2481591
-0.2392944
-0.2298973
-0.2205545
-0.2090280
-0.1839611
-0.1196469
0.0111570
0.2045007
0.3997838
0.4960518
0.4117542
0.1445808
-0.2206278
-0.5653850
-0.8083279
-0.9376639
-0.9896040
-1.0049460
-1.0050560
-0.9976184
-0.9908971
-0.9948681
-1.0106982
-1.0255176
-1.0215140
-0.9906824
-0.9405863
-0.8864071
-0.8373388
-0.7889037
-0.7268113
-0.6392932
-0.5288849
-0.4142532
-0.3192417
-0.2568260
-0.2213484
-0.1959673
-0.1680569
-0.1376452
-0.1117876
-0.0929401
-0.0750025
-0.0507184
-0.0207274
0.0066670
0.0245113
0.0345707
0.0452644
0.0631977
0.0874848
0.1118756
0.1314114
0.1469433
0.1641884
0.1890950
0.2234388
0.2635013
0.3024174
0.3346683
0.3597698
0.3824357
0.4088740
0.4419398
0.4789141
0.5136216
0.5411061
0.5609565
0.5762818
0.5889700
0.5957563
0.5899880
0.5689112
0.5395313
0.5152601
0.5039549
0.4982963
0.4797532
0.4348205
0.3687878
0.3030649
0.2577245
0.2354768
0.2214235
0.1970947
0.1546461
0.0998537
0.0451169
0.0013773
-0.0254781
-0.0351667
-0.0333887
-0.0311547
-0.0404521
-0.0671429
-0.1061075
-0.1429378
-0.1616748
-0.1541277
-0.1257900
-0.0948704
-0.0833278
-0.1030859
-0.1459781
-0.1868475
-0.2008070
-0.1826528
-0.1516483
-0.1359344
-0.1491939
-0.1799975
-0.2028490
-0.2000684
-0.1747327
-0.1449072
-0.1271653
-0.1252389
-0.1317134
-0.1373293
-0.1374362
-0.1313059
-0.1185181
-0.0983487
-0.0729212
-0.0497244
-0.0393277
-0.0487541
-0.0753034
-0.1061180
-0.1251636
-0.1237887
-0.1073373
-0.0919828
-0.0932315
-0.1149877
-0.1481861
-0.1793626
-0.2003517
-0.2105055
-0.2121230
-0.2069582
-0.1980805
-0.1923782
-0.1973184
-0.2139697
-0.2349799
-0.2508388
-0.2568939
-0.2527810
-0.2374177
-0.2100023
-0.1777508
-0.1562509
-0.1521530
-0.1422335
-0.0781852
0.0733500
0.2860608
0.4701934
0.5225750
0.3930542
0.1143598
-0.2235574
-0.5271813
-0.7398092
-0.8506790
-0.8824994
-0.8731042
-0.8580323
-0.8566720
-0.8679595
-0.8793974
-0.8817329
-0.8753270
-0.8640493
-0.8474251
-0.8221328
-0.7892699
-0.7546584
-0.7193156
-0.6728643
-0.6015417
-0.5041112
-0.3971176
-0.3022063
-0.2292693
-0.1734593
-0.1265548
-0.0866574
-0.0552956
-0.0293507
-0.0016240
0.0297184
0.0567809
0.0711932
0.0769360
0.0898411
0.1220588
0.1686200
0.2118354
0.2388499
0.2529605
0.2676143
0.2922310
0.3264742
0.3668139
0.4137427
0.4691460
0.5282016
0.5786859
0.6114901
