0.1547554
0.1650636
0.1050889
0.0691600
0.0794998
0.0857977
0.0636203
0.0379589
0.0236280
0.0082492
-0.0087702
-0.0131602
-0.0102445
-0.0189955
-0.0347290
-0.0365113
-0.0276201
-0.0317431
-0.0507527
-0.0579464
-0.0301689
0.0423863
0.1725617
0.3673471
0.5938716
0.7739051
0.8219491
0.6915723
0.4042088
0.0495503
-0.2588789
-0.4563587
-0.5593659
-0.6211773
-0.6688732
-0.6950076
-0.6925626
-0.6738744
-0.6588112
-0.6598584
-0.6768420
-0.6971206
-0.7049292
-0.6964387
-0.6799247
-0.6586071
-0.6236410
-0.5680981
-0.4967845
-0.4175221
-0.3336812
-0.2500340
-0.1750215
-0.1119242
-0.0570895
-0.0105227
0.0216950
0.0394838
0.0540925
0.0769170
0.1091812
0.1442874
0.1743792
0.1950087
0.2099253
0.2298477
0.2598782
0.2911769
0.3129479
0.3289134
0.3519929
0.3845822
0.4140640
0.4284945
0.4299660
0.4323596
0.4500431
0.4861937
0.5277079
0.5547906
0.5597824
0.5529959
0.5471381
0.5420898
0.5295597
0.5063940
0.4772234
0.4485593
0.4254439
0.4095584
0.3956211
0.3731734
0.3365017
0.2912080
0.2494285
0.2206093
0.2054553
0.1936262
0.1688058
0.1241235
0.0739578
0.0431672
0.0417294
0.0548816
0.0596691
0.0464005
0.0231219
0.0044155
-0.0023079
-0.0029781
-0.0105303
-0.0306208
-0.0550906
-0.0719172
-0.0785233
-0.0816110
-0.0875440
-0.0980438
-0.1124265
-0.1282588
-0.1413170
-0.1499827
-0.1591377
-0.1763652
-0.2050796
-0.2426816
-0.2821638
-0.3134229
-0.3275631
-0.3244439
-0.3139572
-0.3067679
-0.3051334
-0.3036755
-0.2960051
-0.2794378
-0.2568679
-0.2355336
-0.2206136
-0.2090133
-0.1929855
-0.1705949
-0.1487104
-0.1347671
-0.1292645
-0.1271356
-0.1230261
-0.1148294
-0.1055593
-0.1019754
-0.1077423
-0.1174299
-0.1203426
-0.1109182
-0.0937427
-0.0792888
-0.0763360
-0.0859938
-0.0997380
-0.1044160
-0.0906439
-0.0527202
0.0217450
0.1536411
0.3501630
0.5746543
0.7435821
0.7653559
0.5976529
0.2808060
-0.0812572
-0.3828189
-0.5751390
-0.6774026
-0.7390750
-0.7952534
-0.8517939
-0.8988994
-0.9294205
-0.9464556
-0.9597348
-0.9762845
-0.9931319
-0.9986112
-0.9803425
-0.9315951
-0.8527789
-0.7511182
-0.6387083
-0.5267177
-0.4198647
-0.3180956
-0.2230322
-0.1400176
-0.0739133
-0.0250772
0.0109272
0.0412042
0.0712098
0.0997153
0.1196499
0.1272908
0.1296889
0.1396769
0.1634743
0.1951475
0.2227982
0.2390169
0.2469932
0.2584346
0.2841694
0.3245757
0.3693925
0.4072618
0.4342924
0.4539853
0.4722635
0.4935186
0.5179987
0.5408820
0.5561064
0.5626696
0.5651178
0.5666760
0.5642323
0.5517417
0.5272036
0.4953901
0.4647245
0.4411694
0.4231652
0.4024850
0.3718981
0.3322012
0.2909200
0.2556045
0.2301575
0.2152786
0.2083167
0.2028990
0.1923923
0.1750528
0.1544278
0.1347606
0.1172710
0.1003712
0.0822206
0.0635650
0.0484561
0.0403207
0.0363967
0.0286520
0.0124441
-0.0074232
-0.0213881
-0.0246587
-0.0204282
-0.0150135
-0.0119330
-0.0105685
-0.0093702
-0.0094415
-0.0133919
-0.0196838
-0.0208975
-0.0117516
0.0020407
0.0080581
0.0017734
-0.0069861
-0.0034017
0.0220037
0.0772445
0.1785486
0.3430603
0.5590662
0.7607850
0.8448763
0.7331545
0.4351385
0.0508024
-0.2954981
-0.5321162
-0.6626245
-0.7281480
-0.7604270
-0.7695633
-0.7613215
-0.7504237
-0.7526338
-0.7695050
-0.7876558
-0.7942308
-0.7887975
-0.7766393
-0.7537067
-0.7052805
-0.6215601
-0.5102642
-0.3912729
-0.2819446
-0.1898275
-0.1154319
-0.0562788
-0.0079650
0.0344732
0.0730576
0.1046076
0.1235707
0.1290411
0.1294012
0.1377562
0.1604634
0.1911121
0.2179645
0.2363578
0.2512601
0.2686157
0.2878914
0.3039398
0.3133695
0.3174912
0.3203804
0.3253038
0.3327070
0.3412742
0.3506193
0.3619129
0.3756121
0.3901919
0.4040882
0.4173550
0.4301884
0.4413430
0.4494689
0.4546703
0.4572419
0.4560846
0.4499009
0.4389426
0.4241152
0.4051169
0.3807610
0.3508101
0.3169527
0.2825214
0.2512329
0.2249332
0.2021882
0.1800580
0.1572481
0.1344163
0.1118684
0.0889151
0.0657265
0.0441182
0.0259890
0.0119183
0.0009899
-0.0093122
-0.0224911
-0.0404231
-0.0611832
-0.0805784
-0.0954223
-0.1043095
-0.1068356
-0.1051417
-0.1061268
-0.1182665
-0.1428266
-0.1682604
-0.1759959
-0.1544581
-0.1070365
-0.0421153
0.0473098
0.1878599
0.3965459
0.6393918
0.8250597
0.8545701
0.6910716
0.3886240
0.0552625
-0.2158464
-0.3911832
-0.4911033
-0.5529712
-0.6012858
-0.6434735
-0.6803823
-0.7131728
-0.7432396
-0.7720914
-0.8016180
-0.8295590
-0.8437313
-0.8262209
-0.7681372
-0.6794823
-0.5815925
-0.4894638
-0.4027503
-0.3138539
-0.2224996
-0.1397451
-0.0770172
-0.0335502
0.0022628
0.0393292
0.0751101
0.1015884
0.1164658
0.1253118
0.1346586
0.1469061
0.1618355
0.1792924
0.1982045
0.2144790
0.2226585
0.2214796
0.2179902
0.2245292
0.2492831
0.2889737
0.3315862
0.3665242
0.3918702
0.4132436
0.4381167
0.4710108
0.5109039
0.5512828
0.5841290
0.6057469
0.6186957
0.6275935
0.6335057
0.6326841
0.6202798
0.5951688
0.5614460
0.5248750
0.4875965
0.4472823
0.4022610
0.3561455
0.3155300
0.2832904
0.2553838
0.2241654
0.1843715
0.1371196
0.0898401
0.0519324
0.0284832
0.0169461
0.0096728
-0.0003525
-0.0153745
-0.0324456
-0.0463280
-0.0542512
-0.0591009
-0.0673475
-0.0831143
-0.1048445
-0.1280794
-0.1503716
-0.1726109
-0.1961259
-0.2191652
-0.2362375
-0.2415246
-0.2342464
-0.2207807
-0.2102061
-0.2069416
-0.2076847
-0.2047618
-0.1916276
-0.1665240
-0.1337760
-0.1025848
-0.0825980
-0.0780226
-0.0845690
-0.0918759
-0.0902152
-0.0774555
-0.0609367
-0.0511325
-0.0516000
-0.0557295
-0.0548358
-0.0484576
-0.0440546
-0.0461211
-0.0484004
-0.0397893
-0.0174744
0.0105391
0.0417121
0.0977183
0.2166887
0.4118248
0.6309602
0.7656927
0.7182359
0.4747481
0.1201937
-0.2196002
-0.4585741
-0.5886164
-0.6547914
-0.7034130
-0.7528264
-0.8018380
-0.8500707
-0.9016586
-0.9538221
-0.9923948
-1.0035813
-0.9874370
-0.9563668
-0.9208679
-0.8785991
-0.8172323
-0.7266715
-0.6085993
-0.4760570
-0.3458581
-0.2314948
-0.1402489
-0.0726700
-0.0231686
0.0164221
0.0509728
0.0796400
0.1002397
0.1150495
0.1304683
0.1510964
0.1758332
0.2004338
0.2229173
0.2453508
0.2701251
0.2954553
0.3164286
0.3315663
0.3468662
0.3707181
0.4043975
0.4395292
0.4658847
0.4804878
0.4885621
0.4973541
0.5105654
0.5275884
0.5454258
0.5598667
0.5656040
0.5575971
0.5346898
0.5022991
0.4697368
0.4432303
0.4218170
0.4005004
0.3760673
0.3485727
0.3187790
0.2870837
0.2553036
0.2271391
0.2052249
0.1882896
0.1722959
0.1545175
0.1360700
0.1201430
0.1079865
0.0975060
0.0863161
0.0750480
0.0659661
0.0587892
0.0503168
0.0390724
0.0282664
0.0222900
0.0211307
0.0200830
0.0150677
0.0069544
-0.0001192
-0.0043162
-0.0088984
-0.0182953
-0.0313931
-0.0407279
-0.0404635
-0.0346535
-0.0350010
-0.0490769
-0.0718464
-0.0903045
-0.0965983
-0.0959230
-0.1010640
-0.1193391
-0.1457793
-0.1698966
-0.1880438
-0.2064499
-0.2312850
-0.2586525
-0.2777085
-0.2832253
-0.2818763
-0.2844650
-0.2932816
-0.2990151
-0.2904381
-0.2660936
-0.2354277
-0.2086877
-0.1874508
-0.1664221
-0.1431439
-0.1226629
-0.1112613
-0.1077112
-0.1036072
-0.0929310
-0.0796404
-0.0737561
-0.0790437
-0.0859334
-0.0798223
-0.0580942
-0.0363130
-0.0332659
-0.0496063
-0.0655678
-0.0621292
-0.0399288
-0.0099187
0.0356307
0.1330313
0.3133742
0.5502517
0.7460655
0.7856760
0.6192490
0.3008093
-0.0524750
-0.3410185
-0.5326313
-0.6502668
-0.7279327
-0.7831277
-0.8214532
-0.8517320
-0.8873051
-0.9340644
-0.9833922
-1.0197476
-1.0332666
-1.0232374
-0.9920313
-0.9403356
-0.8690190
-0.7816835
-0.6822814
-0.5717068
-0.4499582
-0.3223350
-0.2015935
-0.1021218
-0.0311762
0.0146187
0.0447535
0.0674792
0.0869402
0.1060143
0.1287901
0.1576999
0.1888068
0.2129396
0.2238503
0.2255384
0.2307124
0.2509926
0.2873844
0.3294546
0.3639402
0.3849029
0.3963405
0.4063217
0.4202822
0.4398824
0.4653617
0.4957636
0.5267454
0.5508500
0.5623710
0.5624939
0.5588350
0.5586699
0.5617182
0.5597736
0.5443506
0.5150117
0.4796951
0.4469147
0.4185462
0.3904789
0.3591072
0.3259382
0.2958942
0.2719804
0.2524209
0.2334440
0.2144622
0.1990527
0.1897755
0.1830509
0.1713064
0.1508127
0.1260905
0.1055363
0.0931710
0.0854974
0.0763390
0.0639036
0.0522815
0.0458412
0.0430567
0.0372998
0.0241643
0.0069449
-0.0061230
-0.0097989
-0.0066819
-0.0049439
-0.0119776
-0.0294375
-0.0529007
-0.0757034
-0.0935180
-0.1059410
-0.1147515
-0.1220164
-0.1301909
-0.1424076
-0.1604472
-0.1817880
-0.2000609
-0.2105989
-0.2167143
-0.2293334
-0.2573907
-0.2964662
-0.3281108
-0.3336820
-0.3108940
-0.2765626
-0.2524185
-0.2478138
-0.2548474
-0.2577911
-0.2459746
-0.2192552
-0.1844867
-0.1492415
-0.1189774
-0.0979526
-0.0897334
-0.0948811
-0.1083372
-0.1205194
-0.1226390
-0.1126565
-0.0972373
-0.0872600
-0.0891758
-0.0993474
-0.1075043
-0.1065665
-0.0983589
-0.0891292
-0.0813148
-0.0724233
-0.0617844
-0.0546933
-0.0565889
-0.0639296
-0.0646828
-0.0497649
-0.0204938
0.0210686
0.0891512
0.2118823
0.3987464
0.6052915
0.7379367
0.7086703
0.4980743
0.1714080
-0.1662075
-0.4349921
-0.6126015
-0.7173857
-0.7730145
-0.7923965
-0.7869512
-0.7768269
-0.7825780
-0.8075908
-0.8344417
-0.8413728
-0.8211261
-0.7831011
-0.7398535
-0.6945868
-0.6413794
-0.5739956
-0.4916475
-0.3972275
-0.2939137
-0.1863567
-0.0839759
0.0007312
0.0597563
0.0956312
0.1196235
0.1441124
0.1758350
0.2137835
0.2512075
0.2800722
0.2962753
0.3028459
0.3084561
0.3216613
0.3449545
0.3732954
0.3984071
0.4153328
0.4257359
0.4354982
0.4494804
0.4682262
0.4885357
0.5063192
0.5192847
0.5277860
0.5333323
0.5363307
0.5360937
0.5337105
0.5337962
0.5412013
0.5551113
0.5676249
0.5698008
0.5595901
0.5433536
0.5292188
0.5191448
0.5078909
0.4895919
0.4644063
0.4380224
0.4152714
0.3954847
0.3742035
0.3482611
0.3185894
0.2888026
0.2616713
0.2364863
0.2094749
0.1776430
0.1431623
0.1134039
0.0949813
0.0868547
0.0799879
0.0651838
0.0419861
0.0194558
0.0074358
0.0071197
0.0108636
0.0108759
0.0062729
0.0006684
-0.0051712
-0.0150865
-0.0312790
-0.0487779
-0.0588899
-0.0587621
-0.0563293
-0.0644061
-0.0891169
-0.1238986
-0.1549276
-0.1727629
-0.1795035
-0.1857526
-0.2010639
-0.2260605
-0.2517700
-0.2661690
-0.2632348
-0.2476096
-0.2304722
-0.2195995
-0.2127439
-0.2008291
-0.1775977
-0.1457776
-0.1138704
-0.0877993
-0.0668967
-0.0484272
-0.0345916
-0.0323125
-0.0443252
-0.0616668
-0.0682678
-0.0553935
-0.0313374
-0.0149964
-0.0183992
-0.0353728
-0.0478703
-0.0429617
-0.0211432
0.0147916
0.0777869
0.1958370
0.3826754
0.6027970
0.7689411
0.7866068
0.6166292
0.3055693
-0.0424107
-0.3299121
-0.5161359
-0.6185886
-0.6772819
-0.7199137
-0.7545682
-0.7834665
-0.8138541
-0.8537302
-0.9013160
-0.9431285
-0.9635211
-0.9554422
-0.9221509
-0.8703108
-0.8032008
-0.7205078
-0.6227971
-0.5145642
-0.4031661
-0.2958927
-0.1980939
-0.1129407
-0.0420935
0.0134887
0.0536923
0.0810044
0.1020848
0.1257720
0.1571161
0.1924655
0.2217092
0.2375111
0.2433937
0.2519190
0.2734320
0.3062616
0.3388831
0.3621062
0.3782068
0.3973465
0.4259427
0.4600355
0.4899939
0.5101856
0.5231935
0.5355946
0.5512170
0.5687598
0.5845804
0.5962780
0.6035106
0.6065966
0.6051871
0.5977316
0.5814271
0.5533320
0.5130860
0.4648815
0.4154689
0.3692236
0.3256624
0.2824159
0.2397402
0.2005282
0.1658560
0.1325817
0.0974689
0.0636070
0.0404390
0.0351840
0.0441886
0.0545354
0.0554303
0.0475288
0.0402965
0.0408681
0.0468675
0.0501900
0.0462147
0.0378911
0.0310487
0.0271823
0.0220770
0.0115137
-0.0028300
-0.0143607
-0.0185858
-0.0182562
-0.0206924
-0.0301007
-0.0432227
-0.0529330
-0.0558310
-0.0557363
-0.0594919
-0.0697745
-0.0828241
-0.0934030
-0.1009768
-0.1098606
-0.1235884
-0.1408098
-0.1577684
-0.1738325
-0.1925668
-0.2164197
-0.2413604
-0.2586277
-0.2627906
-0.2575630
-0.2525525
-0.2540458
-0.2597015
-0.2623546
-0.2575301
-0.2457766
-0.2285541
-0.2048278
-0.1737822
-0.1398904
-0.1123670
-0.0976327
-0.0927556
-0.0880660
-0.0771585
-0.0637059
-0.0574882
-0.0637782
-0.0773001
-0.0866276
-0.0839332
-0.0706830
-0.0552525
-0.0460172
-0.0458724
-0.0511310
-0.0533772
-0.0407365
0.0029036
0.0969234
0.2547101
0.4657159
0.6811962
0.8220002
0.8142417
0.6336642
0.3253754
-0.0195381
-0.3147377
-0.5189522
-0.6399971
-0.7094804
-0.7557846
-0.7943479
-0.8319907
-0.8717542
-0.9125006
-0.9481483
-0.9712779
-0.9782554
-0.9698408
-0.9465249
-0.9043272
-0.8365443
-0.7405556
-0.6233971
-0.5005229
-0.3878086
-0.2925939
-0.2111284
-0.1352643
-0.0628722
-0.0015537
0.0393339
0.0607269
0.0763035
0.1011301
0.1381186
0.1772275
0.2079887
0.2305573
0.2528288
0.2785526
0.3022825
0.3177681
0.3286088
0.3464507
0.3777381
0.4151857
0.4449763
0.4613646
0.4714399
0.4854639
0.5057624
0.5272498
0.5464080
0.5651039
0.5843490
0.5982395
0.5986948
0.5862421
0.5718882
0.5651380
0.5616790
0.5466921
0.5113069
0.4630390
0.4178000
0.3833387
0.3538150
0.3205613
0.2841166
0.2525415
0.2297910
0.2105706
0.1885589
0.1663578
0.1527325
0.1496032
0.1458413
0.1276468
0.0945784
0.0621744
0.0471806
0.0514824
0.0619133
0.0647443
0.0581498
0.0503608
0.0482428
0.0502121
0.0499592
0.0444090
0.0360968
0.0285050
0.0213317
0.0115171
-0.0018852
-0.0153248
-0.0238390
-0.0263475
-0.0276642
-0.0350016
-0.0517882
-0.0741585
-0.0936065
-0.1041610
-0.1079366
-0.1135860
-0.1285787
-0.1526896
-0.1793430
-0.2031841
-0.2250799
-0.2485149
-0.2718841
-0.2871227
-0.2880851
-0.2793785
-0.2738396
-0.2793816
-0.2894446
-0.2887288
-0.2688300
-0.2366301
-0.2062892
-0.1844000
-0.1652070
-0.1403223
-0.1104650
-0.0855033
-0.0738446
-0.0742292
-0.0784299
-0.0797776
-0.0772641
-0.0727592
-0.0673812
-0.0615224
-0.0560972
-0.0514145
-0.0452721
-0.0335767
-0.0113040
0.0312531
0.1138456
0.2601969
0.4737677
0.7114587
0.8854652
0.9057229
0.7369112
0.4241975
