0.6784256
0.9140812
0.6890668
0.5848418
0.7218596
0.7835815
0.6751546
0.6157807
0.6707559
0.6657236
0.5537239
0.4854035
0.5061326
0.4971722
0.4246175
0.3800599
0.3741988
0.3233039
0.2342401
0.1975706
0.2103382
0.1873796
0.1264574
0.0983283
0.1020411
0.0792004
0.0379320
0.0279839
0.0316868
0.0012761
-0.0395363
-0.0414122
-0.0276033
-0.0461614
-0.0767072
-0.0762677
-0.0631904
-0.0726294
-0.0850467
-0.0732046
-0.0621974
-0.0770608
-0.0906098
-0.0811083
-0.0794782
-0.1072886
-0.1307464
-0.1226753
-0.1086305
-0.1126962
-0.1191084
-0.1190561
-0.1323863
-0.1563606
-0.1562756
-0.1295414
-0.1174935
-0.1361459
-0.1550863
-0.1569496
-0.1586345
-0.1657091
-0.1632389
-0.1558681
-0.1625563
-0.1728118
-0.1607499
-0.1364485
-0.1319018
-0.1457470
-0.1515761
-0.1477208
-0.1504952
-0.1539864
-0.1432295
-0.1300731
-0.1327790
-0.1393453
-0.1302804
-0.1150247
-0.1091303
-0.1008532
-0.0754710
-0.0466598
-0.0322785
-0.0262055
-0.0208174
-0.0264878
-0.0439942
-0.0505797
-0.0372911
-0.0278115
-0.0396573
-0.0591540
-0.0715748
-0.0821274
-0.0927807
-0.0930470
-0.0864941
-0.0927436
-0.1133983
-0.1285327
-0.1325549
-0.1403888
-0.1553195
-0.1642403
-0.1657553
-0.1705182
-0.1754613
-0.1694791
-0.1602601
-0.1640965
-0.1754645
-0.1770551
-0.1712441
-0.1717677
-0.1744663
-0.1654556
-0.1474557
-0.1304098
-0.1062271
-0.0553525
0.0341709
0.1691942
0.3470315
0.5236511
0.6102535
0.5341136
0.2973423
-0.0338553
-0.3771685
-0.6632590
-0.8526399
-0.9528402
-1.0054404
-1.0422183
-1.0673070
-1.0821707
-1.0983763
-1.1168502
-1.1221636
-1.1081968
-1.0868135
-1.0648897
-1.0353789
-0.9944086
-0.9441362
-0.8775444
-0.7841609
-0.6713900
-0.5583598
-0.4514873
-0.3482207
-0.2589608
-0.1998626
-0.1669210
-0.1392814
-0.1047183
-0.0644492
-0.0218510
0.0150496
0.0310505
0.0233866
0.0135098
0.0221822
0.0448596
0.0670444
0.0886974
0.1164891
0.1466426
0.1722183
0.1947634
0.2161163
0.2329886
0.2499322
0.2809991
0.3283718
0.3757461
0.4110067
0.4384883
0.4632984
0.4833718
0.5034427
0.5368534
0.5858903
0.6368113
0.6785163
0.7105233
0.7325430
0.7443193
0.7552707
0.7757997
0.8000092
0.8143642
0.8200494
0.8283523
0.8378297
0.8348750
0.8140520
0.7817667
0.7445071
0.7080098
0.6806389
0.6621636
0.6364082
0.5890612
0.5254098
0.4597858
0.3986208
0.3446072
0.3034901
0.2735122
0.2409695
0.1990271
0.1592506
0.1338203
0.1185185
0.1027216
0.0838443
0.0638213
0.0435550
0.0270266
0.0186262
0.0129283
0.0007781
-0.0130884
-0.0146910
-0.0046232
0.0000413
-0.0097431
-0.0248144
-0.0343544
-0.0374456
-0.0366318
-0.0339428
-0.0339107
-0.0385969
-0.0416624
-0.0383723
-0.0359657
-0.0417103
-0.0478239
-0.0422315
-0.0272254
-0.0132765
-0.0015175
0.0131788
0.0280717
0.0351828
0.0332072
0.0266408
0.0190856
0.0147561
0.0175859
0.0218039
0.0141180
-0.0077969
-0.0305549
-0.0449065
-0.0570746
-0.0734926
-0.0881623
-0.0937528
-0.0938816
-0.0971289
-0.1081532
-0.1281782
-0.1536711
-0.1728637
-0.1756560
-0.1683899
-0.1668992
-0.1749023
-0.1819050
-0.1817943
-0.1800521
-0.1826152
-0.1898120
-0.2004565
-0.2108303
-0.2121884
-0.2004873
-0.1854344
-0.1794758
-0.1816881
-0.1806071
-0.1643240
-0.1168193
-0.0154969
0.1478520
0.3418171
0.5000236
0.5528960
0.4597528
0.2284498
-0.0834527
-0.3964409
-0.6525980
-0.8350971
-0.9510076
-1.0117046
-1.0343999
-1.0440691
-1.0585018
-1.0766172
-1.0875899
-1.0851493
-1.0707209
-1.0515902
-1.0377029
-1.0304894
-1.0139836
-0.9675326
-0.8880651
-0.7902687
-0.6868620
-0.5809063
-0.4760835
-0.3807144
-0.2997290
-0.2324573
-0.1781770
-0.1354209
-0.0984681
-0.0636008
-0.0356345
-0.0196395
-0.0102951
0.0023875
0.0217550
0.0462194
0.0752698
0.1055423
0.1283179
0.1401246
0.1498270
0.1676217
0.1933195
0.2215197
0.2502740
0.2780496
0.3003756
0.3166920
0.3340521
0.3587841
0.3903547
0.4256834
0.4617237
0.4927377
0.5149104
0.5353422
0.5662162
0.6080692
0.6485078
0.6785575
0.7002938
0.7177025
0.7306268
0.7392315
0.7450288
0.7461267
0.7390462
0.7250291
0.7080764
0.6890827
0.6680334
0.6470302
0.6235784
0.5872653
0.5332299
0.4742493
0.4292357
0.4023539
0.3809134
0.3502114
0.3045235
0.2491421
0.1983416
0.1660409
0.1522221
0.1429079
0.1267894
0.1051877
0.0833053
0.0615776
0.0406375
0.0255497
0.0188233
0.0158692
0.0116566
0.0056893
-0.0018254
-0.0116109
-0.0215841
-0.0287484
-0.0352489
-0.0447279
-0.0531650
-0.0525240
-0.0439423
-0.0387869
-0.0459303
-0.0644243
-0.0867645
-0.1020603
-0.0995449
-0.0789503
-0.0563503
-0.0511102
-0.0668914
-0.0903947
-0.1057196
-0.1051810
-0.0917276
-0.0778555
-0.0774471
-0.0917137
-0.1069322
-0.1108300
-0.1056348
-0.1004126
-0.0979397
-0.0956369
-0.0932332
-0.0927005
-0.0945898
-0.0985833
-0.1034641
-0.1047626
-0.0985372
-0.0887503
-0.0834954
-0.0826029
-0.0772094
-0.0633297
-0.0474213
-0.0362263
-0.0288536
-0.0211893
-0.0114802
-0.0001076
0.0104211
0.0153472
0.0131376
0.0095148
0.0099313
0.0105308
0.0033064
-0.0126085
-0.0316192
-0.0499763
-0.0657435
-0.0740758
-0.0713970
-0.0631110
-0.0604552
-0.0703548
-0.0917560
-0.1182106
-0.1402355
-0.1500396
-0.1486394
-0.1444522
-0.1424216
-0.1404709
-0.1386719
-0.1430333
-0.1551594
-0.1658600
-0.1652657
-0.1541239
-0.1405577
-0.1304029
-0.1238498
-0.1159591
-0.0960229
-0.0489935
0.0397618
0.1783510
0.3564476
0.5289659
0.6188606
0.5575105
0.3357788
0.0149426
-0.3138625
-0.5817277
-0.7657218
-0.8797779
-0.9501487
-0.9947608
-1.0200127
-1.0317953
-1.0406440
-1.0519253
-1.0588187
-1.0528122
-1.0362389
-1.0168759
-0.9940288
-0.9576117
-0.8992867
-0.8195174
-0.7259926
-0.6288102
-0.5342687
-0.4409947
-0.3461934
-0.2567304
-0.1870730
-0.1430316
-0.1138780
-0.0844472
-0.0501752
-0.0176648
0.0045188
0.0136594
0.0165939
0.0266798
0.0516564
0.0840208
0.1091633
0.1230229
0.1354409
0.1561332
0.1840501
0.2112946
0.2318334
0.2458625
0.2601734
0.2835663
0.3176825
0.3540050
0.3837985
0.4079738
0.4328498
0.4605242
0.4893537
0.5201678
0.5552664
0.5932908
0.6302794
0.6638660
0.6929104
0.7163838
0.7363360
0.7582575
0.7845872
0.8106658
0.8293156
0.8359630
0.8287354
0.8095814
0.7869641
0.7705503
0.7598817
0.7437894
0.7138979
0.6736586
0.6316286
0.5908378
0.5476269
0.4977270
0.4421870
0.3894473
0.3496551
0.3227745
0.2951373
0.2540623
0.2041403
0.1624013
0.1383788
0.1254153
0.1112689
0.0914235
0.0715906
0.0610386
0.0627772
0.0676805
0.0612691
0.0399890
0.0174207
0.0100102
0.0193747
0.0322141
0.0343506
0.0215244
0.0003509
-0.0173001
-0.0238120
-0.0227177
-0.0234302
-0.0282939
-0.0300915
-0.0241636
-0.0167788
-0.0176545
-0.0283562
-0.0410803
-0.0456346
-0.0362532
-0.0156361
0.0060939
0.0195714
0.0237982
0.0232018
0.0197237
0.0132609
0.0079296
0.0104324
0.0211374
0.0317679
0.0325069
0.0181138
-0.0108287
-0.0471467
-0.0784017
-0.0946033
-0.0959124
-0.0909589
-0.0892213
-0.0966054
-0.1141219
-0.1365759
-0.1553563
-0.1662566
-0.1721818
-0.1761386
-0.1762638
-0.1713926
-0.1669473
-0.1702422
-0.1820368
-0.1956612
-0.2023322
-0.1964247
-0.1800535
-0.1646097
-0.1630154
-0.1767877
-0.1931219
-0.1967577
-0.1827818
-0.1569096
-0.1243017
-0.0766563
0.0097823
0.1539995
0.3356896
0.4819472
0.5032840
0.3563457
0.0762116
-0.2500190
-0.5400331
-0.7552712
-0.9001639
-0.9952990
-1.0540551
-1.0816659
-1.0881009
-1.0904367
-1.0986813
-1.1067098
-1.1037484
-1.0902682
-1.0755237
-1.0616537
-1.0367895
-0.9845287
-0.8978276
-0.7852829
-0.6662930
-0.5581328
-0.4653141
-0.3822116
-0.3049672
-0.2363924
-0.1790691
-0.1298055
-0.0840788
-0.0423159
-0.0093840
0.0098040
0.0140948
0.0094008
0.0082892
0.0214508
0.0481999
0.0787393
0.1058840
0.1307226
0.1569758
0.1844574
0.2093653
0.2284069
0.2426588
0.2592297
0.2870615
0.3277674
0.3723540
0.4102926
0.4399948
0.4674036
0.4971324
0.5290878
0.5615279
0.5928992
0.6214898
0.6464125
0.6683182
0.6878447
0.7053827
0.7230264
0.7429394
0.7621782
0.7734149
0.7733466
0.7665570
0.7582279
0.7464375
0.7248753
0.6911495
0.6501967
0.6106164
0.5778008
0.5485908
0.5133803
0.4665443
0.4139026
0.3662491
0.3268014
0.2899371
0.2517850
0.2163257
0.1893350
0.1700160
0.1504527
0.1221268
0.0837794
0.0445860
0.0175261
0.0067913
0.0036177
-0.0028313
-0.0133224
-0.0209267
-0.0227311
-0.0240767
-0.0315482
-0.0453584
-0.0591236
-0.0659328
-0.0654849
-0.0654903
-0.0736801
-0.0883021
-0.1002392
-0.1051990
-0.1088665
-0.1175185
-0.1279019
-0.1304115
-0.1206306
-0.1053472
-0.0977482
-0.1063181
-0.1260873
-0.1414876
-0.1413504
-0.1307989
-0.1245430
-0.1289311
-0.1356599
-0.1342042
-0.1255830
-0.1207628
-0.1273695
-0.1401979
-0.1453687
-0.1347755
-0.1163668
-0.1071420
-0.1145332
-0.1284828
-0.1346347
-0.1309020
-0.1259204
-0.1242465
-0.1198860
-0.1050522
-0.0808372
-0.0573615
-0.0445991
-0.0431748
-0.0438448
-0.0370890
-0.0230894
-0.0102183
-0.0044677
-0.0044655
-0.0072993
-0.0140242
-0.0265783
-0.0427533
-0.0573053
-0.0663747
-0.0695362
-0.0697682
-0.0723732
-0.0812766
-0.0949911
-0.1080625
-0.1171649
-0.1241153
-0.1328047
-0.1447047
-0.1569407
-0.1637544
-0.1619767
-0.1569226
-0.1593489
-0.1723572
-0.1841850
-0.1801285
-0.1611672
-0.1446824
-0.1446035
-0.1548789
-0.1559140
-0.1359186
-0.1017037
-0.0643817
-0.0143778
0.0813749
0.2450803
0.4458505
0.5986672
0.6160888
0.4681111
0.1975653
-0.1149502
-0.3989657
-0.6185856
-0.7679327
-0.8555918
-0.8963150
-0.9117382
-0.9274438
-0.9592633
-1.0012864
-1.0325241
-1.0379403
-1.0213560
-0.9983246
-0.9799852
-0.9641891
-0.9384962
-0.8901897
-0.8159235
-0.7235008
-0.6240339
-0.5233629
-0.4226662
-0.3255772
-0.2407899
-0.1765303
-0.1335372
-0.1033517
-0.0735965
-0.0376829
-0.0012730
0.0230804
0.0300867
0.0288649
0.0340839
0.0520874
0.0779483
0.1037509
0.1263017
0.1475300
0.1703240
0.1948298
0.2184735
0.2399236
0.2621992
0.2896770
0.3221468
0.3544254
0.3821458
0.4054243
0.4268317
0.4490336
0.4751452
0.5080410
0.5474174
0.5892922
0.6294954
0.6665007
0.7009063
0.7338251
0.7655329
0.7939124
0.8148229
0.8261809
0.8312422
0.8355804
0.8407693
0.8425458
0.8349601
0.8155804
0.7879287
0.7596915
0.7362115
0.7137886
0.6816276
0.6332194
0.5746460
0.5193268
0.4754462
0.4403127
0.4058348
0.3673113
0.3270871
0.2909035
0.2609125
0.2328829
0.2016657
0.1687314
0.1416414
0.1256749
0.1182720
0.1120240
0.1007187
0.0823809
0.0597630
0.0393800
0.0276103
0.0255874
0.0283433
0.0292430
0.0245581
0.0146275
0.0027572
-0.0068587
-0.0118555
-0.0129319
-0.0121961
-0.0114906
-0.0130841
-0.0196764
-0.0311957
-0.0428152
-0.0486985
-0.0473707
-0.0419877
-0.0365724
-0.0338674
-0.0354731
-0.0411494
-0.0475253
-0.0490010
-0.0409152
-0.0228685
-0.0004743
0.0166607
0.0217335
0.0171915
0.0129614
0.0171526
0.0294024
0.0430917
0.0515213
0.0510966
0.0412274
0.0236542
0.0016267
-0.0211324
-0.0408171
-0.0540510
-0.0598563
-0.0610377
-0.0622208
-0.0667469
-0.0763871
-0.0923660
-0.1137929
-0.1355481
-0.1508385
-0.1569710
-0.1572865
-0.1571490
-0.1592351
-0.1627445
-0.1658337
-0.1680584
-0.1703180
-0.1723098
-0.1712330
-0.1652423
-0.1579397
-0.1560469
-0.1610846
-0.1661447
-0.1627629
-0.1474860
-0.1172811
-0.0602542
0.0414361
0.1918358
0.3608457
0.4854383
0.4987263
0.3687568
0.1179620
-0.1907886
-0.4877127
-0.7234490
-0.8782037
-0.9586041
-0.9896292
-1.0021312
-1.0181569
-1.0427779
-1.0682116
-1.0851263
-1.0907236
-1.0879734
-1.0785990
-1.0577073
-1.0166591
-0.9521455
-0.8713169
-0.7862782
-0.7035973
-0.6200267
-0.5281399
-0.4258449
-0.3216053
-0.2310026
-0.1662947
-0.1272823
-0.1026745
-0.0810210
-0.0591258
-0.0392750
-0.0211600
-0.0002575
0.0255332
0.0505146
0.0652738
0.0673892
0.0674355
0.0817520
0.1167347
0.1607255
0.1939065
0.2069950
0.2091069
0.2176792
0.2427805
0.2810563
0.3215367
0.3550221
0.3794297
0.3990454
0.4198378
0.4449316
0.4734126
0.5023629
0.5298680
0.5569093
0.5863580
0.6186107
0.6479912
0.6662698
0.6721168
0.6752871
0.6878236
0.7104378
0.7297688
0.7304374
0.7093345
0.6777581
0.6500967
0.6308292
0.6124335
0.5852498
0.5478597
0.5067983
0.4677055
0.4298475
0.3898409
0.3478762
0.3080809
0.2738262
0.2444378
0.2162037
0.1854797
0.1510594
0.1146898
0.0799916
0.0508779
0.0302691
0.0187944
0.0137385
0.0100758
0.0038427
-0.0056125
-0.0170425
-0.0294793
-0.0414483
-0.0494899
-0.0507585
-0.0479281
-0.0490328
-0.0600681
-0.0778460
-0.0916350
-0.0929053
-0.0835907
-0.0742255
-0.0735535
-0.0805401
-0.0873075
-0.0888831
-0.0879138
-0.0897521
-0.0955564
-0.1018319
-0.1049977
-0.1041992
-0.1004167
-0.0953039
-0.0915999
-0.0929985
-0.1016988
-0.1155023
-0.1281010
-0.1336164
-0.1315858
-0.1268873
-0.1240979
-0.1226966
-0.1189125
-0.1115413
-0.1040149
-0.1003323
-0.1003009
-0.0994507
-0.0927901
-0.0781926
-0.0572181
-0.0340707
-0.0140145
-0.0016127
0.0015338
-0.0011600
-0.0021216
0.0049041
0.0185855
0.0301711
0.0314835
0.0224032
0.0091675
-0.0041157
-0.0197837
-0.0410832
-0.0637684
-0.0763358
-0.0709855
-0.0542895
-0.0447901
-0.0578705
-0.0925456
-0.1333645
-0.1642150
-0.1789744
-0.1803532
-0.1729892
-0.1607460
-0.1489001
-0.1443636
-0.1510570
-0.1657659
-0.1803909
-0.1887572
-0.1903381
-0.1870961
-0.1785755
-0.1624714
-0.1393681
-0.1124720
-0.0786075
-0.0207240
0.0839567
0.2405194
0.4165436
0.5466364
0.5636940
0.4370185
0.1905868
-0.1109818
-0.3975794
-0.6249349
-0.7837299
-0.8874633
-0.9543232
-0.9970898
-1.0233930
-1.0392689
-1.0494475
-1.0549901
-1.0534873
-1.0435465
-1.0284340
-1.0132063
-0.9974547
-0.9723091
-0.9265350
-0.8562935
-0.7686393
-0.6753517
-0.5836359
-0.4928736
-0.3998242
-0.3061160
-0.2201873
-0.1520480
-0.1062767
-0.0794916
-0.0634614
-0.0502151
-0.0351493
-0.0169166
0.0045044
0.0292820
0.0573393
0.0867567
0.1133053
0.1327167
0.1443642
0.1528790
0.1655459
0.1871721
0.2167261
0.2485968
0.2771546
0.3005853
0.3212883
