0.1281031
0.1620516
0.1951640
0.2252997
0.2537748
0.2833737
0.3167332
0.3558141
0.4010549
0.4500355
0.4977754
0.5398195
0.5755018
0.6075182
0.6379087
0.6652529
0.6868330
0.7032150
0.7189779
0.7375728
0.7559624
0.7661035
0.7628049
0.7494364
0.7344102
0.7216159
0.7054819
0.6768004
0.6333368
0.5833499
0.5376899
0.4989271
0.4595235
0.4111919
0.3552318
0.3024756
0.2627690
0.2352213
0.2095222
0.1766772
0.1377613
0.1020724
0.0776371
0.0643814
0.0561357
0.0477917
0.0394673
0.0341743
0.0328121
0.0323090
0.0284526
0.0200256
0.0102085
0.0042274
0.0051520
0.0107283
0.0137825
0.0071230
-0.0097755
-0.0284476
-0.0376408
-0.0339193
-0.0260386
-0.0270170
-0.0408895
-0.0582816
-0.0663392
-0.0624321
-0.0560457
-0.0564586
-0.0606881
-0.0564916
-0.0375174
-0.0126520
0.0022354
0.0012949
-0.0049473
-0.0010917
0.0167872
0.0376361
0.0472734
0.0416767
0.0282215
0.0160124
0.0074287
-0.0008685
-0.0111166
-0.0209657
-0.0268258
-0.0292245
-0.0338514
-0.0472205
-0.0710941
-0.1005650
-0.1276274
-0.1475805
-0.1624844
-0.1776001
-0.1937714
-0.2045116
-0.2028768
-0.1916855
-0.1843400
-0.1922285
-0.2108136
-0.2210181
-0.2073520
-0.1746796
-0.1448801
-0.1359680
-0.1456879
-0.1556173
-0.1471004
-0.1077158
-0.0230441
0.1270714
0.3491826
0.6048268
0.8029594
0.8390733
0.6603436
0.3057453
-0.1136599
-0.4796512
-0.7269238
-0.8584218
-0.9171639
-0.9466816
-0.9693730
-0.9881577
-0.9986394
-0.9984244
-0.9893271
-0.9750090
-0.9576871
-0.9361752
-0.9062883
-0.8632532
-0.8041235
-0.7282341
-0.6363766
-0.5314476
-0.4210439
-0.3180290
-0.2353531
-0.1780353
-0.1402787
-0.1114587
-0.0850628
-0.0612322
-0.0410865
-0.0208378
0.0060111
0.0402573
0.0730733
0.0934445
0.1004213
0.1062989
0.1257262
0.1617015
0.2035141
0.2384951
0.2643397
0.2891655
0.3209569
0.3592390
0.3976134
0.4324435
0.4664457
0.5032399
0.5405628
0.5714836
0.5926598
0.6094185
0.6308855
0.6601940
0.6906033
0.7117009
0.7190077
0.7171647
0.7139341
0.7116192
0.7048073
0.6865307
0.6561035
0.6203389
0.5871276
0.5582774
0.5286402
0.4916631
0.4454929
0.3941989
0.3439974
0.2989390
0.2601085
0.2277434
0.2022048
0.1819114
0.1615578
0.1349013
0.1009244
0.0668674
0.0435669
0.0362115
0.0389001
0.0386605
0.0260851
0.0032344
-0.0185386
-0.0288791
-0.0271931
-0.0220626
-0.0227671
-0.0314218
-0.0426940
-0.0504511
-0.0543682
-0.0598323
-0.0712406
-0.0859264
-0.0957869
-0.0953807
-0.0877394
-0.0814305
-0.0821240
-0.0877656
-0.0920797
-0.0919683
-0.0905381
-0.0926691
-0.0984547
-0.1023252
-0.0992116
-0.0907890
-0.0843999
-0.0853691
-0.0906563
-0.0903435
-0.0758115
-0.0476249
-0.0164928
0.0039489
0.0072049
-0.0013830
-0.0094432
-0.0077074
0.0033274
0.0153165
0.0197028
0.0138123
0.0007731
-0.0150185
-0.0313406
-0.0473475
-0.0610818
-0.0697812
-0.0731069
-0.0748880
-0.0807645
-0.0944161
-0.1161099
-0.1433310
-0.1710790
-0.1921864
-0.2004162
-0.1959936
-0.1879376
-0.1880778
-0.1999868
-0.2139125
-0.2152505
-0.1997023
-0.1785940
-0.1670100
-0.1675217
-0.1687051
-0.1597413
-0.1408800
-0.1130181
-0.0574992
0.0632570
0.2702010
0.5236181
0.7182896
0.7380672
0.5343372
0.1639571
-0.2467289
-0.5817347
-0.7947303
-0.9087805
-0.9724499
-1.0182881
-1.0532947
-1.0740665
-1.0810692
-1.0786305
-1.0685139
-1.0496175
-1.0234262
-0.9950708
-0.9665867
-0.9312727
-0.8778108
-0.8004479
-0.7040241
-0.5992048
-0.4944645
-0.3936087
-0.2998534
-0.2197961
-0.1613150
-0.1269145
-0.1096294
-0.0962686
-0.0756105
-0.0451274
-0.0117983
0.0133111
0.0238365
0.0246861
0.0302364
0.0535982
0.0955281
0.1436783
0.1833089
0.2091415
0.2275963
0.2490194
0.2787054
0.3146077
0.3514626
0.3852615
0.4141466
0.4376786
0.4575831
0.4784251
0.5045377
0.5349400
0.5631046
0.5837003
0.5987129
0.6146719
0.6335423
0.6483907
0.6498213
0.6364110
0.6172351
0.6031485
0.5961591
0.5885002
0.5718490
0.5455274
0.5147359
0.4829012
0.4487951
0.4110583
0.3723133
0.3366793
0.3046094
0.2726441
0.2385090
0.2046393
0.1754431
0.1519714
0.1311432
0.1105781
0.0920522
0.0778725
0.0647888
0.0454285
0.0180924
-0.0071760
-0.0163974
-0.0068043
0.0076851
0.0079375
-0.0132908
-0.0457058
-0.0718254
-0.0817932
-0.0784333
-0.0703964
-0.0637024
-0.0608908
-0.0650900
-0.0798301
-0.1028642
-0.1227482
-0.1254575
-0.1064783
-0.0766082
-0.0552393
-0.0563498
-0.0785973
-0.1072367
-0.1256886
-0.1268010
-0.1152244
-0.1012234
-0.0930764
-0.0937146
-0.1015035
-0.1122805
-0.1209405
-0.1226260
-0.1141976
-0.0961092
-0.0733025
-0.0532202
-0.0415562
-0.0393144
-0.0434077
-0.0488550
-0.0500532
-0.0421045
-0.0240367
-0.0016663
0.0144853
0.0164367
0.0050656
-0.0109402
-0.0232499
-0.0314877
-0.0420937
-0.0589132
-0.0759868
-0.0821921
-0.0742152
-0.0634293
-0.0676154
-0.0946835
-0.1342634
-0.1654104
-0.1736032
-0.1620445
-0.1474812
-0.1447315
-0.1546147
-0.1663894
-0.1708020
-0.1691856
-0.1693738
-0.1741275
-0.1758005
-0.1638133
-0.1365395
-0.1019997
-0.0624170
0.0012902
0.1210932
0.3063343
0.5108320
0.6402233
0.6050175
0.3814932
0.0314102
-0.3355229
-0.6259328
-0.8050816
-0.8925943
-0.9280723
-0.9417296
-0.9482883
-0.9546014
-0.9640035
-0.9744983
-0.9795483
-0.9750147
-0.9646159
-0.9559342
-0.9500119
-0.9362106
-0.8995347
-0.8339361
-0.7474139
-0.6532727
-0.5579474
-0.4595801
-0.3577005
-0.2605994
-0.1807000
-0.1234755
-0.0827224
-0.0470774
-0.0104836
0.0241004
0.0509098
0.0701900
0.0895267
0.1160300
0.1484101
0.1782411
0.1991090
0.2137488
0.2320254
0.2620666
0.3029643
0.3457951
0.3821772
0.4120069
0.4421850
0.4778796
0.5168083
0.5533432
0.5868528
0.6234791
0.6688397
0.7200247
0.7661407
0.7976024
0.8151650
0.8292943
0.8498822
0.8765972
0.8996314
0.9090829
0.9024440
0.8837875
0.8582488
0.8284482
0.7947655
0.7572766
0.7171124
0.6761541
0.6351901
0.5924672
0.5448399
0.4909647
0.4335106
0.3783506
0.3313814
0.2951283
0.2675513
0.2442460
0.2220105
0.1999183
0.1774455
0.1536941
0.1297143
0.1098703
0.0983755
0.0943430
0.0918480
0.0854055
0.0746470
0.0634716
0.0554419
0.0506456
0.0469853
0.0438371
0.0431549
0.0460492
0.0491380
0.0462655
0.0345335
0.0176853
0.0030419
-0.0043260
-0.0046125
-0.0019810
-0.0009146
-0.0029252
-0.0061238
-0.0081299
-0.0089257
-0.0097288
-0.0092254
-0.0027524
0.0132773
0.0360633
0.0561906
0.0637952
0.0564608
0.0416087
0.0299235
0.0252786
0.0217811
0.0115924
-0.0055077
-0.0220719
-0.0320099
-0.0376507
-0.0469512
-0.0644476
-0.0859118
-0.1024740
-0.1101338
-0.1143687
-0.1240530
-0.1409740
-0.1571444
-0.1633211
-0.1588674
-0.1519398
-0.1505609
-0.1547561
-0.1578267
-0.1551161
-0.1507876
-0.1541481
-0.1678493
-0.1812925
-0.1791353
-0.1568070
-0.1234059
-0.0847409
-0.0240953
0.0933390
0.2867356
0.5221816
0.7089329
0.7440129
0.5776995
0.2490984
-0.1374399
-0.4751028
-0.7070360
-0.8351631
-0.8928963
-0.9135270
-0.9174786
-0.9167922
-0.9205980
-0.9321670
-0.9445856
-0.9462463
-0.9332767
-0.9134800
-0.8950703
-0.8734996
-0.8335000
-0.7650165
-0.6747677
-0.5804743
-0.4946640
-0.4161291
-0.3379212
-0.2615307
-0.1990484
-0.1592385
-0.1344935
-0.1066675
-0.0668124
-0.0253014
0.0004967
0.0069327
0.0094670
0.0270723
0.0632045
0.1036864
0.1328509
0.1495213
0.1653643
0.1892791
0.2180497
0.2443385
0.2696967
0.3040098
0.3518929
0.4043265
0.4467799
0.4741741
0.4953458
0.5225886
0.5585384
0.5948576
0.6233596
0.6457280
0.6698217
0.6975631
0.7203889
0.7282917
0.7208219
0.7067787
0.6943429
0.6838975
0.6702139
0.6494217
0.6225783
0.5927350
0.5596196
0.5189095
0.4680618
0.4121209
0.3616947
0.3243801
0.2986965
0.2760986
0.2479792
0.2116459
0.1718762
0.1372928
0.1136369
0.0994983
0.0887890
0.0769881
0.0640624
0.0518912
0.0406519
0.0284925
0.0142672
0.0002196
-0.0086996
-0.0097772
-0.0074034
-0.0110199
-0.0260160
-0.0470783
-0.0622830
-0.0641131
-0.0560182
-0.0486694
-0.0504010
-0.0607158
-0.0723193
-0.0793222
-0.0828018
-0.0874299
-0.0938767
-0.0974889
-0.0950418
-0.0899014
-0.0884218
-0.0927116
-0.0990989
-0.1033974
-0.1060257
-0.1111574
-0.1208915
-0.1307799
-0.1323773
-0.1211694
-0.1012629
-0.0812757
-0.0664493
-0.0557801
-0.0452580
-0.0316032
-0.0138126
0.0058263
0.0216032
0.0276120
0.0227788
0.0123173
0.0035644
-0.0000128
-0.0015416
-0.0078845
-0.0229580
-0.0430214
-0.0594129
-0.0666623
-0.0671479
-0.0676527
-0.0730676
-0.0841347
-0.0990857
-0.1153561
-0.1305412
-0.1434685
-0.1544485
-0.1639762
-0.1715462
-0.1758348
-0.1754603
-0.1700526
-0.1619363
-0.1562370
-0.1569884
-0.1624288
-0.1657994
-0.1616744
-0.1504559
-0.1356340
-0.1159184
-0.0783881
0.0007922
0.1430961
0.3447267
0.5596897
0.7075021
0.7086973
0.5291049
0.2042117
-0.1748602
-0.5079212
-0.7351902
-0.8563678
-0.9103855
-0.9386650
-0.9622849
-0.9829564
-0.9958968
-0.9996983
-0.9976322
-0.9928149
-0.9830841
-0.9609693
-0.9190259
-0.8553133
-0.7745301
-0.6851085
-0.5946384
-0.5059583
-0.4173324
-0.3281580
-0.2445022
-0.1765560
-0.1295938
-0.0990327
-0.0750564
-0.0506105
-0.0246294
0.0002667
0.0216076
0.0393620
0.0554607
0.0714406
0.0874782
0.1043179
0.1245334
0.1500002
0.1791042
0.2085525
0.2374254
0.2675221
0.3001765
0.3347504
0.3702911
0.4071099
0.4463343
0.4882774
0.5307900
0.5693701
0.6007936
0.6274544
0.6560164
0.6900527
0.7252745
0.7533568
0.7692680
0.7738834
0.7712210
0.7649486
0.7566342
0.7455976
0.7300592
0.7083437
0.6787446
0.6396390
0.5919082
0.5406323
0.4916784
0.4463946
0.4020644
0.3577472
0.3167302
0.2819415
0.2511481
0.2187791
0.1824093
0.1468151
0.1209117
0.1090556
0.1046693
0.0945853
0.0717419
0.0423386
0.0187568
0.0071276
0.0040442
0.0033845
0.0024067
0.0011186
-0.0009519
-0.0054774
-0.0135651
-0.0242094
-0.0350368
-0.0448553
-0.0542803
-0.0623148
-0.0641416
-0.0565530
-0.0458684
-0.0454338
-0.0618550
-0.0860982
-0.1014884
-0.0998399
-0.0877952
-0.0779606
-0.0757089
-0.0753649
-0.0690595
-0.0580026
-0.0521219
-0.0570028
-0.0642296
-0.0589394
-0.0364917
-0.0080844
0.0103563
0.0119683
0.0018848
-0.0097943
-0.0164430
-0.0188701
-0.0232782
-0.0353302
-0.0553382
-0.0779999
-0.0955086
-0.1020661
-0.0990105
-0.0964322
-0.1057199
-0.1276177
-0.1502990
-0.1622333
-0.1648330
-0.1692741
-0.1826105
-0.2007566
-0.2147695
-0.2205534
-0.2208387
-0.2191359
-0.2143806
-0.2038042
-0.1908085
-0.1857513
-0.1947030
-0.2083768
-0.2053334
-0.1647250
-0.0731048
0.0751166
0.2693483
0.4665081
0.5903304
0.5641040
0.3601507
0.0260011
-0.3382269
-0.6372501
-0.8293748
-0.9309555
-0.9814773
-1.0078526
-1.0176072
-1.0134314
-1.0034006
-0.9975722
-1.0011785
-1.0126500
-1.0246488
-1.0260670
-1.0064548
-0.9617967
-0.8972784
-0.8244362
-0.7533337
-0.6839653
-0.6054547
-0.5081127
-0.3981785
-0.2970366
-0.2229666
-0.1755553
-0.1397388
-0.1025940
-0.0637285
-0.0309340
-0.0085137
0.0091881
0.0322981
0.0634857
0.0941504
0.1153253
0.1302390
0.1514896
0.1862681
0.2290406
0.2695505
0.3039922
0.3367159
0.3736917
0.4159854
0.4586743
0.4959773
0.5278973
0.5602174
0.5966339
0.6332263
0.6631728
0.6851572
0.7046732
0.7284591
0.7592051
0.7930446
0.8197807
0.8283660
0.8158683
0.7903152
0.7629571
0.7390743
0.7169973
0.6926888
0.6626851
0.6248509
0.5791579
0.5275058
0.4726652
0.4188654
0.3722064
0.3364412
0.3077244
0.2770919
0.2393113
0.1970417
0.1567981
0.1242319
0.1026632
0.0913163
0.0837343
0.0716986
0.0526719
0.0318684
0.0168545
0.0113572
0.0128900
0.0142348
0.0089374
-0.0022176
-0.0121442
-0.0170927
-0.0221545
-0.0334588
-0.0478365
-0.0553889
-0.0516522
-0.0434067
-0.0422615
-0.0540871
-0.0736247
-0.0884030
-0.0899532
-0.0821051
-0.0760368
-0.0775056
-0.0831577
-0.0892772
-0.0974420
-0.1084205
-0.1161888
-0.1135293
-0.1018184
-0.0916006
-0.0931046
-0.1060398
-0.1175941
-0.1124536
-0.0884176
-0.0608283
-0.0472789
-0.0488695
-0.0510007
-0.0415496
-0.0230318
-0.0071892
-0.0027914
-0.0093354
-0.0187125
-0.0226535
-0.0214327
-0.0246248
-0.0406199
-0.0665966
-0.0910436
-0.1040913
-0.1037120
-0.0959094
-0.0921999
-0.1027626
-0.1272119
-0.1542033
-0.1731717
-0.1837125
-0.1912650
-0.1981113
-0.2024777
-0.2030454
-0.2005351
-0.1970197
-0.1957415
-0.1988029
-0.2034735
-0.2036511
-0.1958414
-0.1810858
-0.1615936
-0.1378407
-0.1042173
-0.0403413
0.0869768
0.2940770
0.5412719
0.7298026
0.7530178
0.5655151
0.2155395
-0.1834143
-0.5201904
-0.7430050
-0.8651357
-0.9250218
-0.9486532
-0.9483566
-0.9399339
-0.9424939
-0.9612312
-0.9815137
-0.9840875
-0.9630414
-0.9293313
-0.8993176
-0.8777697
-0.8500428
-0.7946354
-0.7057813
-0.5996121
-0.4968944
-0.4060626
-0.3252461
-0.2527727
-0.1903994
-0.1414381
-0.1093810
-0.0934248
-0.0832490
-0.0646420
-0.0334071
0.0012665
0.0285522
0.0456779
0.0561159
0.0654439
0.0799969
0.1030712
0.1316133
0.1616556
0.1950801
0.2344934
0.2744071
0.3061850
0.3303253
0.3559163
0.3892161
0.4294970
0.4734660
0.5166564
0.5534617
0.5828004
0.6106638
0.6411681
0.6695783
0.6899658
0.7041110
0.7166233
0.7271322
0.7330268
0.7332567
0.7241035
0.6991628
0.6596616
0.6171687
0.5803411
0.5462741
0.5091048
0.4684650
0.4252921
0.3783964
0.3292567
0.2819322
0.2363387
0.1909489
0.1521403
0.1287552
0.1164687
0.1002835
0.0743206
0.0476040
0.0296751
0.0217721
0.0212821
0.0231631
0.0188722
0.0055379
-0.0072499
-0.0113505
-0.0147546
-0.0290504
-0.0491216
-0.0602899
-0.0595996
-0.0558167
-0.0549423
-0.0588281
-0.0697252
-0.0833827
-0.0875906
-0.0798395
-0.0745571
-0.0812060
-0.0899002
-0.0908943
-0.0911987
-0.0981242
-0.1037996
-0.0996057
-0.0884844
-0.0720546
-0.0462345
-0.0195325
-0.0112786
-0.0209785
-0.0252507
-0.0146421
-0.0050796
-0.0051283
-0.0046697
-0.0035250
-0.0148765
-0.0334096
-0.0401106
-0.0434254
-0.0692813
-0.1064474
-0.1160909
-0.1002348
-0.0983307
-0.1112218
-0.1042675
-0.0951424
-0.1434010
-0.2235746
-0.2139168
-0.0702255
