0.0305600
-0.0112365
-0.0100929
0.0184831
0.0401974
0.0357497
0.0111436
-0.0129499
-0.0194832
-0.0106826
-0.0060401
-0.0191449
-0.0397223
-0.0462248
-0.0324200
-0.0117571
0.0025165
0.0109244
0.0204909
0.0327598
0.0425717
0.0447132
0.0403179
0.0383664
0.0486256
0.0699234
0.0886954
0.0940462
0.0916392
0.0968694
0.1153664
0.1358244
0.1429757
0.1343084
0.1229664
0.1251272
0.1438000
0.1646610
0.1699533
0.1569872
0.1398651
0.1322497
0.1328481
0.1302910
0.1180632
0.1003180
0.0849791
0.0751995
0.0677582
0.0577967
0.0444460
0.0314843
0.0218575
0.0131726
0.0016167
-0.0102365
-0.0137877
-0.0045107
0.0107829
0.0191393
0.0136705
0.0000969
-0.0087187
-0.0056011
0.0028955
0.0031331
-0.0091164
-0.0211926
-0.0164381
0.0060096
0.0284124
0.0328101
0.0196971
0.0065227
0.0085942
0.0232704
0.0341345
0.0307158
0.0219149
0.0267599
0.0518447
0.0819644
0.0958850
0.0890634
0.0771970
0.0778162
0.0917312
0.1042226
0.1031680
0.0935482
0.0920513
0.1072886
0.1282695
0.1356392
0.1232889
0.1045952
0.0960821
0.0988013
0.0992712
0.0871471
0.0678763
0.0563379
0.0597780
0.0697358
0.0720105
0.0630033
0.0530682
0.0529827
0.0605607
0.0640178
0.0570024
0.0459204
0.0413034
0.0450232
0.0485501
0.0430122
0.0288459
0.0146774
0.0076192
0.0067008
0.0071263
0.0091228
0.0184220
0.0364631
0.0537573
0.0576192
0.0468231
0.0351480
0.0376578
0.0537328
0.0658336
0.0570542
0.0299952
0.0060995
0.0044074
0.0222265
0.0395307
0.0418111
0.0342971
0.0315569
0.0368979
0.0377033
0.0222728
-0.0029083
-0.0174093
-0.0090840
0.0114063
0.0219351
0.0139581
0.0015231
0.0029997
0.0180142
0.0284075
0.0218089
0.0079832
0.0075250
0.0269267
0.0502809
0.0572807
0.0458470
0.0327514
0.0322161
0.0389943
0.0367610
0.0209792
0.0069584
0.0124713
0.0364304
0.0595680
0.0652635
0.0551741
0.0431628
0.0378122
0.0349690
0.0268815
0.0143278
0.0064082
0.0093051
0.0187909
0.0253004
0.0239634
0.0172127
0.0093429
0.0024402
-0.0021248
-0.0023367
0.0016238
0.0053581
0.0044773
0.0006714
0.0004370
0.0060966
0.0101426
0.0021368
-0.0175548
-0.0336717
-0.0295024
-0.0049048
0.0221088
0.0335565
0.0289318
0.0217257
0.0203064
0.0173461
0.0009390
-0.0260120
-0.0415472
-0.0222132
0.0337691
0.0984373
0.1260805
0.0737005
-0.0824922
-0.3372341
-0.6524613
-0.9652523
-1.2124715
-1.3614483
-1.4232269
-1.4364132
-1.4368078
-1.4396274
-1.4440227
-1.4456696
-1.4401891
-1.4177478
-1.3626711
-1.2644668
-1.1292861
-0.9773489
-0.8279845
-0.6889654
-0.5605774
-0.4457462
-0.3514990
-0.2811367
-0.2295757
-0.1885593
-0.1541052
-0.1265866
-0.1052886
-0.0865184
-0.0678861
-0.0517102
-0.0415707
-0.0362043
-0.0297259
-0.0189060
-0.0075717
-0.0010020
0.0024611
0.0097047
0.0216619
0.0284423
0.0203271
0.0023600
-0.0074242
0.0031160
0.0260395
0.0417935
0.0412520
0.0350616
0.0388839
0.0528939
0.0615985
0.0545820
0.0414992
0.0413793
0.0595888
0.0820256
0.0933247
0.0944958
0.0975155
0.1062623
0.1111195
0.1047721
0.0967171
0.1047584
0.1328128
0.1642883
0.1812761
0.1856039
0.1942221
0.2149990
0.2355715
0.2407278
0.2350035
0.2393965
0.2654466
0.3002370
0.3216787
0.3242349
0.3227576
0.3313299
0.3456571
0.3511792
0.3446585
0.3399385
0.3503504
0.3712448
0.3853666
0.3832432
0.3719491
0.3628049
0.3566681
0.3463036
0.3301366
0.3166018
0.3128231
0.3136637
0.3066902
0.2870249
0.2628346
0.2445754
0.2323460
0.2177300
0.1968036
0.1760924
0.1633639
0.1562692
0.1447394
0.1238866
0.0998590
0.0812072
0.0680932
0.0538863
0.0362954
0.0224394
0.0207691
0.0303799
0.0415740
0.0466686
0.0469896
0.0479169
0.0502233
0.0500655
0.0466092
0.0451450
0.0507640
0.0619095
0.0729299
0.0810175
0.0870407
0.0904898
0.0887658
0.0839002
0.0857869
0.1027713
0.1287677
0.1455377
0.1421631
0.1294545
0.1288485
0.1462491
0.1632359
0.1592039
0.1385692
0.1281982
0.1462704
0.1801750
0.2006125
0.1945009
0.1769743
0.1699440
0.1757973
0.1784813
0.1678956
0.1544517
0.1550005
0.1692286
0.1778648
0.1654728
0.1389744
0.1190059
0.1157613
0.1191285
0.1132199
0.0953232
0.0765223
0.0660415
0.0605778
0.0510014
0.0358548
0.0237109
0.0223346
0.0296868
0.0380014
0.0439264
0.0504360
0.0591317
0.0654748
0.0645958
0.0592498
0.0577540
0.0637769
0.0717322
0.0744042
0.0728225
0.0749577
0.0846470
0.0956749
0.0994793
0.0963176
0.0942559
0.0968392
0.0969403
0.0869765
0.0725973
0.0698146
0.0862485
0.1094426
0.1186802
0.1079177
0.0924538
0.0905548
0.1015568
0.1069297
0.0935437
0.0713039
0.0634628
0.0804471
0.1076932
0.1211288
0.1116321
0.0910218
0.0755143
0.0681366
0.0596886
0.0439527
0.0270275
0.0200909
0.0257881
0.0351416
0.0377765
0.0321470
0.0242110
0.0187759
0.0160402
0.0165461
0.0249433
0.0447983
0.0704283
0.0880940
0.0882547
0.0758298
0.0655834
0.0663124
0.0715050
0.0678907
0.0524711
0.0376706
0.0376405
0.0515242
0.0638315
0.0618961
0.0498821
0.0428501
0.0481404
0.0564178
0.0532847
0.0377883
0.0253602
0.0306532
0.0498655
0.0636131
0.0576074
0.0374031
0.0206087
0.0165543
0.0174289
0.0102326
-0.0059292
-0.0181001
-0.0148198
0.0002052
0.0122225
0.0117287
0.0031790
-0.0032213
-0.0046714
-0.0068960
-0.0132555
-0.0178896
-0.0128878
0.0000202
0.0094924
0.0075921
-0.0001367
-0.0006606
0.0110304
0.0256490
0.0306730
0.0258973
0.0248430
0.0399613
0.0684493
0.0944344
0.1048588
0.1028082
0.1065926
0.1366613
0.2000189
0.2802602
0.3378778
0.3232999
0.2001995
-0.0320950
-0.3328793
-0.6385805
-0.8950348
-1.0810104
-1.2073311
-1.2966576
-1.3637736
-1.4114464
-1.4393231
-1.4515898
-1.4537585
-1.4431360
-1.4058757
-1.3271977
-1.2064312
-1.0609834
-0.9132790
-0.7732971
-0.6356022
-0.4944572
-0.3596356
-0.2534945
-0.1906883
-0.1625448
-0.1442906
-0.1181542
-0.0872809
-0.0658180
-0.0580277
-0.0515630
-0.0322986
-0.0018741
0.0236578
0.0321847
0.0286491
0.0279195
0.0370978
0.0486733
0.0516637
0.0461199
0.0432602
0.0516943
0.0669785
0.0770012
0.0760634
0.0704839
0.0698903
0.0759558
0.0822990
0.0843738
0.0859450
0.0938861
0.1081466
0.1199279
0.1210925
0.1138373
0.1086367
0.1121410
0.1191225
0.1184796
0.1069120
0.0944425
0.0948725
0.1113173
0.1326505
0.1447804
0.1445892
0.1416322
0.1461697
0.1571693
0.1639147
0.1593886
0.1498938
0.1493870
0.1645036
0.1870677
0.2024811
0.2045338
0.2003048
0.2004391
0.2066917
0.2112425
0.2079715
0.2013905
0.2017287
0.2118309
0.2222085
0.2211116
0.2079753
0.1938788
0.1880349
0.1864919
0.1772542
0.1565595
0.1367424
0.1345981
0.1519488
0.1709122
0.1710833
0.1506538
0.1277937
0.1202850
0.1260931
0.1266419
0.1088626
0.0809582
0.0641186
0.0695539
0.0864878
0.0941027
0.0835337
0.0654631
0.0561725
0.0593738
0.0644539
0.0613144
0.0528613
0.0504393
0.0586420
0.0683631
0.0666081
0.0513575
0.0336793
0.0245406
0.0222906
0.0161304
0.0012871
-0.0132255
-0.0146770
-0.0027157
0.0086782
0.0069754
-0.0037250
-0.0068609
0.0069888
0.0280972
0.0383059
0.0328163
0.0273468
0.0413148
0.0758904
0.1121200
0.1310046
0.1323222
0.1316273
0.1408533
0.1558023
0.1636888
0.1597919
0.1529789
0.1546620
0.1654600
0.1752470
0.1752800
0.1671541
0.1586173
0.1528671
0.1451635
0.1305904
0.1127637
0.1020383
0.1042710
0.1128182
0.1139008
0.1009131
0.0822551
0.0728194
0.0770698
0.0825219
0.0725859
0.0460714
0.0213093
0.0182628
0.0367844
0.0553003
0.0527715
0.0303907
0.0087047
0.0034791
0.0085599
0.0060238
-0.0088990
-0.0191668
-0.0053757
0.0294002
0.0598892
0.0651850
0.0511406
0.0425192
0.0543702
0.0763510
0.0875866
0.0828158
0.0778232
0.0886523
0.1115193
0.1283857
0.1300575
0.1267618
0.1328768
0.1459737
0.1478268
0.1271658
0.0959335
0.0779658
0.0827208
0.0952772
0.0942957
0.0760480
0.0561880
0.0488846
0.0500555
0.0446978
0.0276011
0.0108779
0.0093060
0.0221872
0.0340014
0.0324715
0.0216673
0.0147251
0.0161759
0.0162987
0.0044630
-0.0154701
-0.0274206
-0.0210481
-0.0038755
0.0073483
0.0061298
0.0033905
0.0134792
0.0354659
0.0525034
0.0512626
0.0391023
0.0377445
0.0590253
0.0901726
0.1064359
0.0976472
0.0787442
0.0724579
0.0843909
0.0990382
0.1002655
0.0911358
0.0896142
0.1061837
0.1309611
0.1455660
0.1443594
0.1387847
0.1405384
0.1459524
0.1416304
0.1236424
0.1051330
0.1020199
0.1143050
0.1261619
0.1245962
0.1136341
0.1070544
0.1096834
0.1112813
0.1007044
0.0820692
0.0717094
0.0785598
0.0917732
0.0919342
0.0748554
0.0613651
0.0800369
0.1373248
0.2023948
0.2206037
0.1449027
-0.0383248
-0.3046555
-0.6063843
-0.8937782
-1.1312490
-1.3041830
-1.4174575
-1.4881315
-1.5352755
-1.5710140
-1.5969334
-1.6070375
-1.5937770
-1.5517997
-1.4776092
-1.3686977
-1.2261146
-1.0586486
-0.8823407
-0.7130443
-0.5585015
-0.4185979
-0.2937081
-0.1909719
-0.1197786
-0.0804809
-0.0598245
-0.0404207
-0.0154571
0.0074753
0.0181343
0.0177441
0.0191065
0.0324623
0.0536167
0.0683372
0.0681111
0.0592233
0.0550140
0.0606495
0.0680721
0.0665220
0.0557899
0.0466147
0.0482739
0.0584039
0.0666306
0.0666825
0.0622919
0.0610283
0.0650746
0.0703197
0.0733744
0.0762248
0.0825463
0.0915321
0.0983137
0.1005236
0.1015622
0.1054447
0.1102379
0.1100344
0.1040326
0.1005310
0.1089425
0.1286181
0.1487447
0.1605126
0.1669633
0.1779536
0.1960693
0.2114352
0.2131888
0.2044225
0.2016583
0.2177148
0.2472283
0.2718763
0.2794839
0.2751601
0.2726367
0.2775069
0.2825433
0.2793055
0.2701963
0.2654794
0.2693080
0.2728575
0.2637526
0.2404118
0.2136247
0.1936732
0.1793870
0.1626867
0.1420454
0.1267497
0.1258388
0.1357965
0.1432721
0.1399999
0.1310886
0.1261174
0.1250216
0.1181129
0.1009804
0.0841026
0.0823400
0.0959778
0.1081196
0.1038375
0.0880967
0.0794677
0.0868417
0.0985789
0.0982920
0.0872425
0.0840699
0.1011528
0.1273590
0.1398338
0.1309506
0.1169230
0.1172616
0.1307417
0.1376376
0.1248467
0.1023734
0.0913571
0.0993688
0.1131518
0.1158480
0.1058807
0.0951356
0.0918213
0.0915897
0.0870878
0.0808439
0.0831064
0.0979790
0.1174464
0.1315557
0.1403041
0.1504947
0.1623898
0.1663139
0.1560792
0.1413819
0.1397596
0.1550888
0.1699199
0.1642093
0.1394259
0.1178173
0.1161451
0.1256362
0.1233577
0.1013406
0.0771873
0.0727036
0.0870506
0.0977523
0.0881169
0.0669832
0.0567879
0.0654993
0.0773751
0.0732792
0.0545392
0.0408407
0.0456530
0.0601031
0.0644422
0.0516457
0.0340727
0.0268958
0.0306212
0.0338017
0.0300616
0.0265538
0.0341876
0.0538376
0.0760495
0.0924705
0.1027992
0.1098742
0.1130058
0.1104424
0.1060606
0.1075894
0.1164848
0.1241918
0.1227102
0.1165641
0.1184257
0.1316411
0.1426764
0.1362310
0.1159946
0.1038172
0.1154811
0.1415222
0.1570847
0.1494787
0.1302286
0.1180696
0.1156481
0.1093470
0.0908345
0.0709147
0.0669456
0.0799297
0.0911410
0.0833827
0.0606553
0.0419491
0.0372532
0.0357509
0.0204984
-0.0090865
-0.0347331
-0.0394786
-0.0258027
-0.0108381
-0.0062328
-0.0074055
-0.0031613
0.0086932
0.0194293
0.0218893
0.0203868
0.0258719
0.0432311
0.0660823
0.0836157
0.0898562
0.0857526
0.0755824
0.0646835
0.0595795
0.0656233
0.0815661
0.0982268
0.1061032
0.1050216
0.1037687
0.1085145
0.1136065
0.1073148
0.0871955
0.0663168
0.0607938
0.0716739
0.0827644
0.0783962
0.0612139
0.0489543
0.0534020
0.0659840
0.0671536
0.0489817
0.0248439
0.0150323
0.0248533
0.0398760
0.0426366
0.0308480
0.0171054
0.0127896
0.0164296
0.0191993
0.0185428
0.0220326
0.0370573
0.0599139
0.0782894
0.0843625
0.0828322
0.0845034
0.0934735
0.1033314
0.1065319
0.1050141
0.1085609
0.1222716
0.1381707
0.1419706
0.1284387
0.1079066
0.0955137
0.0945046
0.0928488
0.0781655
0.0543329
0.0394752
0.0456639
0.0631252
0.0686447
0.0503096
0.0203344
0.0003987
-0.0033593
-0.0053357
-0.0194546
-0.0394778
-0.0473728
-0.0398794
-0.0364815
-0.0528154
-0.0706187
-0.0485421
0.0263828
0.1006560
0.0797261
-0.0975915
-0.4053527
-0.7493535
-1.0381992
-1.2379941
-1.3672619
-1.4534343
-1.5038408
-1.5149379
-1.4956194
-1.4695841
-1.4533985
-1.4380582
-1.3967710
-1.3107617
-1.1858185
-1.0443865
-0.9044012
-0.7675667
-0.6269741
-0.4831211
-0.3501709
-0.2460179
-0.1768277
-0.1319584
-0.0942239
-0.0550541
-0.0197312
0.0014883
0.0062124
0.0032892
0.0040386
0.0115228
0.0193365
0.0204175
0.0156471
0.0129845
0.0186043
0.0298262
0.0370975
0.0325912
0.0166711
-0.0035355
-0.0209400
-0.0333697
-0.0422946
-0.0482174
-0.0488502
-0.0424231
-0.0319588
-0.0245502
-0.0250259
-0.0303016
-0.0312106
-0.0211327
-0.0028260
0.0143110
0.0244373
0.0320969
0.0475569
0.0748831
0.1056904
0.1261604
0.1304877
0.1263653
0.1265898
0.1363401
0.1503746
0.1624125
0.1742460
0.1926451
0.2178253
0.2389258
0.2442244
0.2351348
0.2266283
0.2319180
0.2484977
0.2620355
0.2637513
0.2606308
0.2662967
0.2837842
0.3013606
0.3065987
0.3015154
0.3001471
0.3112966
0.3273003
0.3325492
0.3218166
0.3066252
0.3018461
0.3078015
0.3085021
0.2884883
0.2500171
0.2120193
0.1919695
0.1896419
0.1890277
0.1754487
0.1498525
0.1263635
0.1169240
0.1194578
0.1211105
0.1118856
0.0937992
0.0767666
0.0673881
0.0638391
0.0616862
0.0619036
0.0699402
0.0864598
0.1020397
0.1046644
0.0932620
0.0813222
0.0842020
0.1024591
0.1197679
0.1191402
0.1009247
0.0832168
0.0837809
0.1023901
0.1219089
0.1262669
0.1158505
0.1046777
0.1040272
0.1113125
0.1158100
0.1131921
0.1110891
0.1189251
0.1342132
0.1423798
0.1319215
0.1084192
0.0908970
0.0931278
0.1095754
0.1212123
0.1150480
0.0966474
0.0831556
0.0855431
0.0991596
