0.3136454
0.3121957
0.2440623
0.2042641
0.2139122
0.2182302
0.1903708
0.1602062
0.1497904
0.1452655
0.1343239
0.1226083
0.1115388
0.0979245
0.0923881
0.1047714
0.1183167
0.1105069
0.0905935
0.0841693
0.0897184
0.0842233
0.0659831
0.0586387
0.0730211
0.0928031
0.1002675
0.0951389
0.0861139
0.0795143
0.0768379
0.0735635
0.0639286
0.0530790
0.0547738
0.0698747
0.0802437
0.0735788
0.0610064
0.0600380
0.0741271
0.0993211
0.1335972
0.1615000
0.1403933
0.0234675
-0.1990378
-0.4856858
-0.7685140
-0.9930039
-1.1457228
-1.2506935
-1.3361651
-1.4058199
-1.4478615
-1.4649051
-1.4778722
-1.4987556
-1.5142773
-1.5011323
-1.4462681
-1.3484165
-1.2108083
-1.0396158
-0.8455677
-0.6447957
-0.4597431
-0.3138973
-0.2168792
-0.1562531
-0.1111242
-0.0718900
-0.0408205
-0.0181738
0.0023624
0.0253003
0.0478625
0.0633032
0.0666346
0.0597901
0.0535026
0.0588778
0.0740870
0.0860952
0.0893660
0.0943662
0.1107877
0.1300105
0.1340449
0.1188860
0.1005790
0.0976000
0.1117564
0.1278724
0.1315234
0.1259146
0.1274411
0.1425913
0.1564392
0.1523022
0.1372175
0.1348200
0.1534925
0.1755348
0.1824957
0.1793106
0.1842137
0.2013111
0.2141169
0.2076962
0.1905722
0.1881999
0.2134977
0.2495606
0.2687734
0.2665682
0.2647620
0.2787038
0.2948829
0.2921043
0.2753875
0.2724451
0.2968444
0.3286841
0.3379353
0.3192857
0.2960299
0.2909404
0.3002818
0.3015405
0.2845372
0.2658883
0.2668157
0.2833643
0.2901529
0.2728437
0.2446779
0.2266551
0.2217396
0.2168765
0.2044819
0.1921243
0.1906386
0.1988860
0.2038773
0.1954079
0.1781585
0.1664142
0.1668431
0.1712756
0.1693764
0.1632001
0.1628659
0.1706921
0.1771867
0.1731271
0.1598704
0.1463938
0.1401599
0.1421957
0.1483440
0.1537607
0.1565451
0.1567600
0.1530246
0.1437139
0.1322421
0.1265071
0.1303352
0.1390750
0.1463664
0.1513965
0.1559241
0.1578469
0.1530213
0.1425174
0.1337556
0.1332559
0.1397586
0.1455243
0.1448831
0.1409853
0.1415159
0.1467377
0.1464560
0.1335917
0.1169966
0.1129778
0.1245385
0.1370507
0.1369099
0.1276070
0.1225598
0.1264356
0.1299263
0.1229652
0.1083078
0.0986610
0.1014283
0.1104885
0.1154430
0.1150018
0.1149681
0.1147856
0.1059695
0.0877636
0.0752514
0.0828119
0.1036607
0.1157525
0.1082194
0.0933245
0.0886116
0.0936732
0.0920103
0.0753021
0.0582827
0.0631089
0.0906374
0.1154600
0.1139297
0.0913136
0.0735456
0.0750665
0.0847366
0.0850326
0.0754431
0.0701858
0.0777537
0.0905573
0.0951031
0.0874682
0.0761228
0.0710530
0.0731748
0.0764054
0.0787211
0.0867050
0.1067102
0.1344739
0.1576384
0.1685537
0.1723510
0.1821280
0.2065394
0.2406588
0.2686836
0.2785128
0.2749694
0.2751551
0.2883968
0.3047726
0.3079220
0.2964001
0.2858544
0.2889537
0.2981596
0.2925213
0.2608348
0.2146524
0.1762188
0.1553196
0.1424275
0.1255218
0.1074230
0.1002408
0.1058053
0.1105732
0.1021226
0.0838197
0.0685096
0.0620454
0.0591025
0.0542736
0.0511761
0.0568743
0.0692473
0.0750376
0.0638542
0.0421553
0.0282114
0.0319786
0.0445899
0.0506350
0.0463700
0.0404742
0.0392894
0.0382589
0.0296613
0.0143106
0.0021957
0.0023426
0.0134847
0.0244940
0.0236156
0.0082139
-0.0124372
-0.0220285
-0.0065359
0.0338853
0.0744621
0.0680597
-0.0318132
-0.2392120
-0.5215903
-0.8164855
-1.0651026
-1.2382674
-1.3416783
-1.4024597
-1.4474244
-1.4873937
-1.5184215
-1.5360598
-1.5452203
-1.5532166
-1.5536407
-1.5211856
-1.4278031
-1.2676736
-1.0659216
-0.8602146
-0.6739107
-0.5097362
-0.3672293
-0.2564834
-0.1876984
-0.1522722
-0.1248759
-0.0871868
-0.0439673
-0.0123917
0.0002237
0.0029681
0.0073739
0.0136991
0.0153249
0.0135474
0.0203045
0.0426932
0.0698847
0.0825249
0.0747294
0.0604904
0.0566914
0.0655078
0.0770934
0.0846522
0.0903427
0.0973184
0.1025342
0.1010395
0.0947846
0.0924815
0.0992168
0.1092456
0.1130743
0.1111124
0.1149095
0.1317483
0.1522310
0.1592807
0.1490637
0.1373062
0.1423287
0.1649804
0.1885669
0.1977169
0.1944489
0.1942574
0.2075125
0.2275328
0.2389863
0.2363711
0.2301364
0.2335980
0.2477490
0.2622862
0.2694880
0.2726046
0.2794124
0.2900503
0.2942440
0.2823018
0.2586622
0.2416861
0.2464828
0.2678360
0.2834530
0.2758941
0.2494318
0.2237186
0.2127060
0.2124197
0.2091851
0.1970335
0.1843034
0.1824661
0.1906807
0.1949836
0.1837229
0.1606865
0.1403478
0.1323003
0.1339573
0.1374841
0.1393014
0.1411816
0.1449139
0.1484779
0.1470747
0.1371307
0.1201686
0.1037616
0.0978707
0.1077780
0.1283231
0.1453353
0.1461602
0.1318533
0.1175524
0.1169216
0.1263288
0.1289104
0.1158696
0.0990024
0.0977320
0.1160902
0.1378398
0.1449196
0.1363123
0.1259156
0.1244128
0.1281101
0.1270718
0.1202437
0.1172551
0.1249736
0.1373182
0.1418006
0.1333743
0.1179328
0.1040336
0.0960981
0.0954563
0.1022164
0.1129284
0.1198595
0.1170451
0.1068172
0.0972895
0.0926631
0.0886248
0.0796092
0.0690498
0.0679704
0.0811944
0.0983390
0.1034855
0.0934065
0.0809464
0.0783823
0.0822990
0.0795908
0.0660288
0.0530143
0.0545070
0.0708630
0.0883397
0.0933456
0.0847058
0.0718224
0.0634903
0.0610654
0.0615587
0.0631843
0.0654664
0.0667203
0.0655245
0.0640120
0.0655784
0.0685046
0.0657970
0.0541789
0.0410479
0.0386954
0.0509916
0.0682485
0.0772069
0.0751151
0.0710934
0.0727562
0.0752786
0.0686731
0.0551509
0.0522499
0.0739266
0.1122027
0.1442553
0.1579110
0.1639554
0.1798470
0.2058348
0.2243198
0.2239289
0.2176570
0.2300114
0.2664803
0.3031540
0.3118864
0.2919874
0.2695373
0.2650802
0.2698354
0.2589439
0.2235530
0.1818567
0.1574132
0.1527410
0.1492161
0.1309302
0.1026091
0.0813368
0.0746622
0.0730062
0.0642423
0.0498119
0.0417267
0.0462913
0.0564341
0.0605786
0.0545255
0.0425647
0.0305074
0.0214939
0.0173886
0.0197078
0.0269322
0.0332654
0.0336292
0.0299028
0.0285058
0.0299277
0.0247523
0.0056006
-0.0182806
-0.0259494
-0.0081881
0.0188507
0.0293546
0.0153773
-0.0074788
-0.0217746
-0.0274005
-0.0330857
-0.0344684
-0.0144178
0.0262386
0.0437524
-0.0287879
-0.2269160
-0.5193469
-0.8287992
-1.0867027
-1.2681571
-1.3838041
-1.4531521
-1.4916152
-1.5135079
-1.5329142
-1.5560461
-1.5768877
-1.5841819
-1.5703466
-1.5296002
-1.4495660
-1.3135879
-1.1187478
-0.8905425
-0.6728847
-0.4992590
-0.3742253
-0.2826203
-0.2114776
-0.1585383
-0.1228568
-0.0958007
-0.0661369
-0.0315865
-0.0009157
0.0163137
0.0197869
0.0170801
0.0146308
0.0136008
0.0146995
0.0223520
0.0397500
0.0613416
0.0755367
0.0767233
0.0712802
0.0691662
0.0721553
0.0743062
0.0732645
0.0759376
0.0895196
0.1091963
0.1202084
0.1144401
0.1014040
0.0980011
0.1082366
0.1189461
0.1180913
0.1119197
0.1176924
0.1409913
0.1674326
0.1795307
0.1765684
0.1724732
0.1762074
0.1812555
0.1774878
0.1686255
0.1710108
0.1940021
0.2269537
0.2498242
0.2541407
0.2486681
0.2455398
0.2473184
0.2502333
0.2542724
0.2632478
0.2758921
0.2836591
0.2807264
0.2725523
0.2694965
0.2723017
0.2692540
0.2513825
0.2274242
0.2171808
0.2281427
0.2439877
0.2416213
0.2177239
0.1921367
0.1833992
0.1864933
0.1800971
0.1541892
0.1242315
0.1146588
0.1309702
0.1528441
0.1557963
0.1360864
0.1114436
0.0998113
0.1025095
0.1087630
0.1111255
0.1117783
0.1157660
0.1233917
0.1306922
0.1342167
0.1330017
0.1274222
0.1188501
0.1106081
0.1068623
0.1087271
0.1123557
0.1130976
0.1116742
0.1136162
0.1209691
0.1270307
0.1231053
0.1103822
0.1012123
0.1062073
0.1219479
0.1343420
0.1340631
0.1261589
0.1228686
0.1282684
0.1329970
0.1258219
0.1086837
0.0966895
0.1018873
0.1195473
0.1331174
0.1316116
0.1190515
0.1067381
0.0999956
0.0954428
0.0896072
0.0856705
0.0892157
0.0992617
0.1072657
0.1059821
0.0967330
0.0861768
0.0784408
0.0738169
0.0734178
0.0793520
0.0885797
0.0919535
0.0844526
0.0739345
0.0733221
0.0830810
0.0875903
0.0738936
0.0508915
0.0424369
0.0593453
0.0844809
0.0917127
0.0768947
0.0617917
0.0653967
0.0795282
0.0803519
0.0604142
0.0393419
0.0400951
0.0619133
0.0829303
0.0861012
0.0752171
0.0649479
0.0623007
0.0628837
0.0616641
0.0601636
0.0619735
0.0670966
0.0746692
0.0873909
0.1074874
0.1297027
0.1451316
0.1538857
0.1677151
0.1949908
0.2269925
0.2463568
0.2490287
0.2504127
0.2656308
0.2887872
0.2992073
0.2878950
0.2701647
0.2673383
0.2803661
0.2888198
0.2756527
0.2453371
0.2139022
0.1877328
0.1606802
0.1304774
0.1078829
0.1038861
0.1128098
0.1156928
0.1009032
0.0761953
0.0581410
0.0534748
0.0548403
0.0530818
0.0482873
0.0468509
0.0515356
0.0582961
0.0614054
0.0578625
0.0472503
0.0318490
0.0183632
0.0150201
0.0228612
0.0321226
0.0319586
0.0234316
0.0179789
0.0213800
0.0242994
0.0140631
-0.0061512
-0.0173699
-0.0077395
0.0096978
0.0099769
-0.0122223
-0.0313080
-0.0178429
0.0235292
0.0471186
-0.0020402
-0.1499040
-0.3812955
-0.6547571
-0.9234308
-1.1486010
-1.3083246
-1.4037727
-1.4566335
-1.4931502
-1.5256655
-1.5493978
-1.5568388
-1.5511070
-1.5406349
-1.5218904
-1.4738515
-1.3744236
-1.2214700
-1.0351087
-0.8407063
-0.6537150
-0.4815802
-0.3344738
-0.2263928
-0.1628567
-0.1310290
-0.1072689
-0.0763310
-0.0413589
-0.0140783
0.0017394
0.0132626
0.0263849
0.0365792
0.0359943
0.0270999
0.0235224
0.0352403
0.0562827
0.0709625
0.0717231
0.0668217
0.0685640
0.0774133
0.0825457
0.0778689
0.0719541
0.0781996
0.0977190
0.1170542
0.1234399
0.1182960
0.1132475
0.1155206
0.1212289
0.1231369
0.1214796
0.1243405
0.1379334
0.1586886
0.1757621
0.1806157
0.1740261
0.1651181
0.1644376
0.1764901
0.1967468
0.2156627
0.2269926
0.2324426
0.2372803
0.2422977
0.2432088
0.2391525
0.2383671
0.2509268
0.2755377
0.2973745
0.3019489
0.2899782
0.2757595
0.2708530
0.2725344
0.2703386
0.2613768
0.2544237
0.2576871
0.2663801
0.2663271
0.2493547
0.2220612
0.1987335
0.1880027
0.1877802
0.1910057
0.1929140
0.1919867
0.1865794
0.1741632
0.1551854
0.1361144
0.1261020
0.1292428
0.1402875
0.1485813
0.1466665
0.1357602
0.1237677
0.1181179
0.1197426
0.1234172
0.1240457
0.1224298
0.1239605
0.1311784
0.1386814
0.1371497
0.1232978
0.1053110
0.0970483
0.1055589
0.1239342
0.1371699
0.1359245
0.1245730
0.1154955
0.1160524
0.1223355
0.1258015
0.1243334
0.1245631
0.1325905
0.1440635
0.1463439
0.1321613
0.1098019
0.0968264
0.1026261
0.1191428
0.1306236
0.1309387
0.1279429
0.1304352
0.1348622
0.1291607
0.1095423
0.0891150
0.0860510
0.1035874
0.1250815
0.1307491
0.1176132
0.1004866
0.0940617
0.0976357
0.0993638
0.0929627
0.0857227
0.0883743
0.0997449
0.1056707
0.0947875
0.0731062
0.0592913
0.0647127
0.0811869
0.0911337
0.0879266
0.0815158
0.0829154
0.0882612
0.0839141
0.0665580
0.0515283
0.0564098
0.0789655
0.0976137
0.0955029
0.0791272
0.0684880
0.0715808
0.0757730
0.0664591
0.0480365
0.0397913
0.0521707
0.0736597
0.0839961
0.0764178
0.0624484
0.0563220
0.0602396
0.0671353
0.0738112
0.0858207
0.1087436
0.1387355
0.1649968
0.1807178
0.1891754
0.1990258
0.2155551
0.2370478
0.2578628
0.2735007
0.2832597
0.2892957
0.2933747
0.2942561
0.2886455
0.2752847
0.2575159
0.2404201
0.2250889
0.2071382
0.1822779
0.1526983
0.1259272
0.1069303
0.0936204
0.0820886
0.0741964
0.0754508
0.0842179
0.0877016
0.0739467
0.0473756
0.0270489
0.0263860
0.0376455
0.0412028
0.0297093
0.0174526
0.0222901
0.0419373
0.0546841
0.0446539
0.0205719
0.0049523
0.0080449
0.0192871
0.0246690
0.0244421
0.0275332
0.0330675
0.0278408
0.0054957
-0.0195295
-0.0259827
-0.0125045
-0.0011598
-0.0093544
-0.0243930
-0.0163486
0.0207434
0.0464681
-0.0010209
-0.1564255
-0.4024394
-0.6864889
-0.9546907
-1.1719818
-1.3237111
-1.4128400
-1.4585033
-1.4879409
-1.5197275
-1.5525248
-1.5725873
-1.5717352
-1.5537129
-1.5213923
-1.4627539
-1.3564223
-1.1931938
-0.9895649
-0.7783942
-0.5877761
-0.4296101
-0.3044469
-0.2108300
-0.1472729
-0.1085638
-0.0852616
-0.0685763
-0.0541703
-0.0402055
-0.0237147
-0.0019689
0.0221928
0.0394870
0.0420754
0.0329116
0.0251234
0.0301855
0.0469015
0.0633730
0.0699339
0.0685586
0.0683983
0.0735530
0.0784614
0.0765984
0.0709328
0.0718401
0.0843823
0.1013834
0.1117239
0.1132467
0.1135075
0.1181463
0.1234610
0.1234415
0.1206518
0.1244270
0.1379583
0.1527158
0.1593389
0.1603520
0.1659270
0.1775668
0.1836022
0.1756627
0.1646183
0.1715217
0.2017424
0.2355998
0.2497221
0.2431251
0.2349528
0.2380435
0.2443350
0.2410364
0.2334939
0.2409970
0.2695288
0.2989750
0.3044350
0.2851869
0.2636037
0.2561848
0.2557541
0.2473043
0.2330722
0.2303327
0.2447384
0.2576350
0.2474162
0.2174645
0.1924878
0.1869837
0.1875464
0.1727697
0.1441773
0.1264998
0.1361848
0.1591901
0.1669971
0.1500159
0.1260668
0.1154008
0.1166205
0.1138640
0.1026121
0.0977557
0.1130690
0.1400685
0.1549328
0.1452731
0.1232243
0.1095719
0.1102124
0.1139217
0.1112470
0.1076796
0.1140261
0.1283676
0.1351326
0.1236725
0.1025241
0.0906890
0.0966445
0.1109907
0.1203832
0.1231933
0.1268081
0.1325198
0.1310260
0.1161840
0.0976738
0.0925639
0.1043807
0.1176428
0.1172564
0.1082789
0.1087615
0.1235503
0.1343396
0.1219888
0.0937936
0.0787082
0.0934169
0.1211669
0.1310287
0.1141559
0.0918181
0.0865001
0.0945708
0.0951030
0.0806251
0.0675180
0.0730042
0.0912441
0.1011263
0.0942180
0.0842438
0.0859145
0.0934433
0.0889256
0.0688249
0.0514676
0.0545028
0.0724656
0.0843093
0.0800235
0.0704694
0.0688715
0.0714266
0.0644108
0.0470810
0.0369588
0.0482065
0.0714494
0.0828456
