0.0856596
0.1472993
0.0957253
0.0727921
0.1066351
0.1116649
0.0740084
0.0691799
0.1128836
0.1363329
0.1121973
0.0898809
0.0979106
0.1064109
0.0955917
0.0837502
0.0810859
0.0791515
0.0850907
0.1106604
0.1345934
0.1276911
0.1041833
0.0992322
0.1095689
0.1048760
0.0843684
0.0748172
0.0826373
0.0898769
0.0891825
0.0874626
0.0841827
0.0755198
0.0692687
0.0719255
0.0749552
0.0730533
0.0771779
0.0912702
0.0981014
0.0871994
0.0743386
0.0744894
0.0776941
0.0703724
0.0594385
0.0571875
0.0608405
0.0629166
0.0654802
0.0713982
0.0759689
0.0755677
0.0709403
0.0594289
0.0406205
0.0292265
0.0414944
0.0680450
0.0817347
0.0740982
0.0630238
0.0625544
0.0658553
0.0616885
0.0502311
0.0389711
0.0356866
0.0452283
0.0623283
0.0716727
0.0659064
0.0565781
0.0560461
0.0584185
0.0520148
0.0406133
0.0369471
0.0433099
0.0531305
0.0644114
0.0780834
0.0894848
0.0935746
0.0936957
0.0967714
0.1056421
0.1214489
0.1450402
0.1711189
0.1904398
0.2017761
0.2117706
0.2212522
0.2248635
0.2267649
0.2412488
0.2715357
0.3007378
0.3106508
0.3001058
0.2804036
0.2612165
0.2439638
0.2220811
0.1876875
0.1445658
0.1109153
0.0999416
0.1018700
0.0960831
0.0771913
0.0572122
0.0450579
0.0365992
0.0247732
0.0094332
-0.0034465
-0.0063950
0.0035448
0.0187460
0.0254529
0.0187710
0.0073273
-0.0005813
-0.0067329
-0.0138934
-0.0172761
-0.0129508
-0.0064031
-0.0046682
-0.0068204
-0.0094320
-0.0149750
-0.0274510
-0.0441166
-0.0574653
-0.0632601
-0.0646022
-0.0704933
-0.0883225
-0.1120263
-0.1208695
-0.0993872
-0.0585919
-0.0309760
-0.0479067
-0.1295551
-0.2880661
-0.5199516
-0.7903630
-1.0402905
-1.2224418
-1.3305905
-1.3932411
-1.4422410
-1.4877181
-1.5193617
-1.5288865
-1.5265103
-1.5279057
-1.5258015
-1.4874588
-1.3877472
-1.2359513
-1.0621821
-0.8862916
-0.7110924
-0.5402109
-0.3891821
-0.2764114
-0.2081433
-0.1726526
-0.1477608
-0.1173094
-0.0828004
-0.0567048
-0.0447473
-0.0394876
-0.0307161
-0.0156905
0.0012307
0.0127132
0.0123345
0.0014707
-0.0076170
-0.0029053
0.0129578
0.0265540
0.0316495
0.0346725
0.0412430
0.0462885
0.0419869
0.0303153
0.0231944
0.0309383
0.0513549
0.0706392
0.0775270
0.0762678
0.0800502
0.0909522
0.0956832
0.0862202
0.0752738
0.0817966
0.1067013
0.1329547
0.1472364
0.1522732
0.1575494
0.1654644
0.1703429
0.1688607
0.1681610
0.1802802
0.2068071
0.2333405
0.2449488
0.2441469
0.2455471
0.2544318
0.2610931
0.2581622
0.2532102
0.2585697
0.2751047
0.2916524
0.2972067
0.2900694
0.2772824
0.2674022
0.2629170
0.2597256
0.2546939
0.2509603
0.2530849
0.2597317
0.2643392
0.2603509
0.2436804
0.2154046
0.1863978
0.1732601
0.1819860
0.1985245
0.2024385
0.1884088
0.1686002
0.1556306
0.1497936
0.1437050
0.1343672
0.1273230
0.1292026
0.1380605
0.1444323
0.1436007
0.1420124
0.1459258
0.1483156
0.1374730
0.1181244
0.1117946
0.1307561
0.1603239
0.1746874
0.1657949
0.1493320
0.1435842
0.1489119
0.1509259
0.1414068
0.1307672
0.1354242
0.1548772
0.1694044
0.1637024
0.1452105
0.1324481
0.1314543
0.1333435
0.1320799
0.1333474
0.1432123
0.1559718
0.1588907
0.1469323
0.1292019
0.1197439
0.1226533
0.1286862
0.1286057
0.1264208
0.1328635
0.1466153
0.1512460
0.1351490
0.1077820
0.0897615
0.0902598
0.0999654
0.1049940
0.1026079
0.1015818
0.1087897
0.1181147
0.1160653
0.0993607
0.0819148
0.0792166
0.0892403
0.0961462
0.0916035
0.0839374
0.0841028
0.0899636
0.0897048
0.0777902
0.0628035
0.0586424
0.0692811
0.0839602
0.0890975
0.0836732
0.0786526
0.0810590
0.0850337
0.0822125
0.0751162
0.0738021
0.0818901
0.0920497
0.0950276
0.0889271
0.0793158
0.0728041
0.0709485
0.0699261
0.0669830
0.0662504
0.0746248
0.0913721
0.1060984
0.1095117
0.1037444
0.1001756
0.1087544
0.1302036
0.1566421
0.1790274
0.1949860
0.2086151
0.2219372
0.2304851
0.2314612
0.2325861
0.2454221
0.2699826
0.2926711
0.3012396
0.2962613
0.2849728
0.2685196
0.2408685
0.2003628
0.1580946
0.1304168
0.1219549
0.1196113
0.1075551
0.0857589
0.0670109
0.0562615
0.0429513
0.0188717
-0.0049346
-0.0092088
0.0078900
0.0254684
0.0225896
0.0008065
-0.0195762
-0.0232568
-0.0156280
-0.0133670
-0.0225504
-0.0316755
-0.0280239
-0.0151720
-0.0082750
-0.0147792
-0.0270883
-0.0343410
-0.0344804
-0.0323800
-0.0315011
-0.0312341
-0.0299941
-0.0282632
-0.0294170
-0.0375678
-0.0516949
-0.0606214
-0.0471198
-0.0027778
0.0558697
0.0842461
0.0287692
-0.1385193
-0.3950553
-0.6778394
-0.9235798
-1.1031115
-1.2225175
-1.3011109
-1.3548600
-1.3954165
-1.4328991
-1.4728240
-1.5113329
-1.5360530
-1.5327434
-1.4918408
-1.4095395
-1.2847588
-1.1196963
-0.9267940
-0.7319154
-0.5632005
-0.4335695
-0.3363231
-0.2582033
-0.1933615
-0.1440344
-0.1121372
-0.0936430
-0.0802512
-0.0652855
-0.0484621
-0.0344601
-0.0257222
-0.0182485
-0.0070713
0.0055495
0.0114628
0.0068260
-0.0020328
-0.0045917
0.0030959
0.0146894
0.0209617
0.0208702
0.0233284
0.0352356
0.0494243
0.0505941
0.0352404
0.0198100
0.0238276
0.0478224
0.0732696
0.0833649
0.0790226
0.0737569
0.0769543
0.0854271
0.0909174
0.0928412
0.1001071
0.1193649
0.1447245
0.1627829
0.1667119
0.1618530
0.1581709
0.1613838
0.1718235
0.1875327
0.2059644
0.2244285
0.2403390
0.2506411
0.2522652
0.2458419
0.2386128
0.2403178
0.2545579
0.2751037
0.2909656
0.2946581
0.2867670
0.2742853
0.2643466
0.2587608
0.2550416
0.2520281
0.2512814
0.2517140
0.2466114
0.2299258
0.2046011
0.1815618
0.1698418
0.1686186
0.1688377
0.1625072
0.1509351
0.1429215
0.1430700
0.1434800
0.1314969
0.1066180
0.0852183
0.0849471
0.1058889
0.1297225
0.1372673
0.1257052
0.1088581
0.1015767
0.1050273
0.1087336
0.1063439
0.1048201
0.1143191
0.1316660
0.1399752
0.1265702
0.0981852
0.0759350
0.0755853
0.0933693
0.1110208
0.1145445
0.1070852
0.1019059
0.1043030
0.1054589
0.0961492
0.0816395
0.0773247
0.0903008
0.1098956
0.1181832
0.1080132
0.0892742
0.0779203
0.0800571
0.0879064
0.0910518
0.0886189
0.0875813
0.0911083
0.0936452
0.0886328
0.0772141
0.0669139
0.0637948
0.0678363
0.0745339
0.0790596
0.0791635
0.0752145
0.0682903
0.0593779
0.0507993
0.0464548
0.0486453
0.0555304
0.0632629
0.0693315
0.0720699
0.0690124
0.0594691
0.0484770
0.0445389
0.0515732
0.0641946
0.0720590
0.0690053
0.0582308
0.0486605
0.0459009
0.0472913
0.0469908
0.0447759
0.0465598
0.0555340
0.0660327
0.0685137
0.0593922
0.0447649
0.0355914
0.0394087
0.0541955
0.0688642
0.0718734
0.0616144
0.0477396
0.0411282
0.0433909
0.0474591
0.0478330
0.0482389
0.0573945
0.0769052
0.0957616
0.1006587
0.0923356
0.0874960
0.1014276
0.1314503
0.1612750
0.1795339
0.1889864
0.1980303
0.2092710
0.2197333
0.2289145
0.2415176
0.2608531
0.2817413
0.2927067
0.2862599
0.2659794
0.2422850
0.2221902
0.2048437
0.1859839
0.1637931
0.1401959
0.1189957
0.1030244
0.0905500
0.0746556
0.0502474
0.0230930
0.0075425
0.0114619
0.0257091
0.0328650
0.0260325
0.0148454
0.0113022
0.0133797
0.0077539
-0.0108137
-0.0284842
-0.0265187
-0.0050461
0.0144756
0.0132990
-0.0041548
-0.0192875
-0.0239487
-0.0269217
-0.0357972
-0.0424428
-0.0337673
-0.0128808
-0.0004577
-0.0120391
-0.0391801
-0.0586928
-0.0585967
-0.0472709
-0.0347825
-0.0155070
0.0170281
0.0376323
-0.0127759
-0.1812520
-0.4522403
-0.7495243
-0.9929515
-1.1535626
-1.2561470
-1.3371093
-1.4085762
-1.4623868
-1.4966801
-1.5251683
-1.5584342
-1.5859485
-1.5845238
-1.5406386
-1.4562705
-1.3347281
-1.1727798
-0.9739070
-0.7630778
-0.5774960
-0.4393007
-0.3413988
-0.2625936
-0.1927696
-0.1382684
-0.1045749
-0.0828639
-0.0599310
-0.0366121
-0.0261736
-0.0326785
-0.0402179
-0.0306367
-0.0067520
0.0112723
0.0121238
0.0068654
0.0122776
0.0274047
0.0349992
0.0256515
0.0121610
0.0144786
0.0343823
0.0531657
0.0555583
0.0480431
0.0475266
0.0571778
0.0634106
0.0573096
0.0493033
0.0562319
0.0788320
0.1000178
0.1054597
0.0994098
0.0970467
0.1053353
0.1171306
0.1241452
0.1297218
0.1437901
0.1673695
0.1886992
0.1970617
0.1957578
0.1970963
0.2070779
0.2201566
0.2289842
0.2344616
0.2435832
0.2595151
0.2766268
0.2857083
0.2831347
0.2743330
0.2683475
0.2695814
0.2751912
0.2795596
0.2796951
0.2762955
0.2713067
0.2654521
0.2576676
0.2468832
0.2348582
0.2262919
0.2242684
0.2260247
0.2256728
0.2213484
0.2168155
0.2146095
0.2103602
0.1973306
0.1764505
0.1588403
0.1560045
0.1676474
0.1810215
0.1834938
0.1745043
0.1631618
0.1554070
0.1481559
0.1378357
0.1298807
0.1339088
0.1499996
0.1652368
0.1666463
0.1549996
0.1427471
0.1391663
0.1409606
0.1391176
0.1325576
0.1305109
0.1397632
0.1531830
0.1557742
0.1421942
0.1240135
0.1174987
0.1268950
0.1422732
0.1518279
0.1526804
0.1496122
0.1467929
0.1436714
0.1384712
0.1326449
0.1292814
0.1278127
0.1238355
0.1161806
0.1115298
0.1179085
0.1334703
0.1454681
0.1427429
0.1278461
0.1145515
0.1133093
0.1208082
0.1250723
0.1200514
0.1124729
0.1122341
0.1178996
0.1165268
0.0999018
0.0772961
0.0675394
0.0788142
0.1001891
0.1144276
0.1160356
0.1135655
0.1153803
0.1179299
0.1114998
0.0956004
0.0829106
0.0849505
0.0974714
0.1054513
0.1018286
0.0950260
0.0952749
0.0989940
0.0934653
0.0762821
0.0631140
0.0713713
0.0984490
0.1217450
0.1221013
0.1034614
0.0855183
0.0794132
0.0775043
0.0690195
0.0587344
0.0623172
0.0844331
0.1095465
0.1184133
0.1094633
0.0986925
0.0997452
0.1098156
0.1175778
0.1207885
0.1300342
0.1542790
0.1879195
0.2166019
0.2336940
0.2455479
0.2600914
0.2761545
0.2881171
0.2973620
0.3124708
0.3368241
0.3605842
0.3688150
0.3566325
0.3332217
0.3102733
0.2894761
0.2644757
0.2338269
0.2066746
0.1922927
0.1869318
0.1764886
0.1531244
0.1250830
0.1072109
0.1041623
0.1069774
0.1062707
0.1044194
0.1106566
0.1249123
0.1320093
0.1168369
0.0844083
0.0592254
0.0611881
0.0844893
0.1042157
0.1030662
0.0874020
0.0758548
0.0763656
0.0791346
0.0718669
0.0569558
0.0492231
0.0573996
0.0725825
0.0779099
0.0668767
0.0473159
0.0276415
0.0055499
-0.0243637
-0.0537573
-0.0587510
-0.0219407
0.0407869
0.0768931
0.0262218
-0.1382799
-0.3909848
-0.6705054
-0.9174057
-1.1019450
-1.2250006
-1.3012795
-1.3453485
-1.3701753
-1.3904882
-1.4188615
-1.4545765
-1.4786978
-1.4654045
-1.4008444
-1.2898878
-1.1449109
-0.9733333
-0.7812168
-0.5862654
-0.4177935
-0.2971690
-0.2199401
-0.1625518
-0.1077095
-0.0590657
-0.0286647
-0.0147799
-0.0000646
0.0268347
0.0551794
0.0647490
0.0523222
0.0374524
0.0394337
0.0552643
0.0666205
0.0651314
0.0619979
0.0703509
0.0853682
0.0894775
0.0761448
0.0607946
0.0637033
0.0859153
0.1083472
0.1145084
0.1076795
0.1024103
0.1044556
0.1063424
0.1019507
0.0975613
0.1037643
0.1202554
0.1349360
0.1386294
0.1358039
0.1375662
0.1468806
0.1558394
0.1581837
0.1594400
0.1701403
0.1909197
0.2100637
0.2174448
0.2162767
0.2170678
0.2226651
0.2253794
0.2203070
0.2162726
0.2279535
0.2571928
0.2868625
0.2968187
0.2847088
0.2675253
0.2622214
0.2684770
0.2730681
0.2680533
0.2590684
0.2549024
0.2541781
0.2471523
0.2294935
0.2093129
0.1980448
0.1966582
0.1945993
0.1829942
0.1658421
0.1551805
0.1560301
0.1597773
0.1541810
0.1375855
0.1203234
0.1127771
0.1152605
0.1206838
0.1242612
0.1271265
0.1305047
0.1302064
0.1206872
0.1043354
0.0926641
0.0949504
0.1069683
0.1149059
0.1113652
0.1038988
0.1047115
0.1141091
0.1189936
0.1090322
0.0905684
0.0807461
0.0887302
0.1065841
0.1197878
0.1228976
0.1209842
0.1179688
0.1105591
0.0967534
0.0849291
0.0871618
0.1034250
0.1187750
0.1196984
0.1094107
0.1021754
0.1043464
0.1073819
0.1015550
0.0908870
0.0882611
0.0970828
0.1050085
0.0994334
0.0843927
0.0756538
0.0800824
0.0870743
0.0836438
0.0725586
0.0689395
0.0800625
0.0953355
0.0991418
0.0891214
0.0767603
0.0715086
0.0703577
0.0655197
0.0579058
0.0571471
0.0680947
0.0823719
0.0867496
0.0777832
0.0644824
0.0569739
0.0563625
0.0571839
0.0565257
0.0569256
0.0606056
0.0644033
0.0627296
0.0545085
0.0448392
0.0392076
0.0377918
0.0371762
0.0368114
0.0408269
0.0516719
0.0635165
0.0652629
0.0518411
0.0315016
0.0197785
0.0250969
0.0407549
0.0520104
0.0510516
0.0438991
0.0420582
0.0489697
0.0572007
0.0593733
0.0591498
0.0684168
0.0934878
0.1265284
0.1525412
0.1642544
0.1682633
0.1761027
0.1914362
0.2085035
0.2224414
0.2368483
0.2576402
0.2809945
0.2926470
0.2822145
0.2559029
0.2308347
0.2163408
0.2046089
0.1824322
0.1494438
0.1194655
0.1029290
0.0934213
0.0769361
0.0523767
0.0353981
0.0384980
0.0525756
0.0554112
0.0381208
0.0160864
0.0095663
0.0180624
0.0211747
0.0052590
-0.0177778
-0.0236775
-0.0051903
0.0182984
0.0223512
0.0040806
-0.0170466
-0.0229486
-0.0159430
-0.0122558
-0.0205617
-0.0318341
-0.0311993
-0.0167535
-0.0035182
-0.0081070
-0.0309750
-0.0557025
-0.0660051
-0.0609574
-0.0503958
-0.0363444
-0.0061147
0.0479046
0.1003147
0.0927667
-0.0266203
-0.2575886
-0.5418316
-0.8048592
-1.0050986
-1.1457221
-1.2483809
-1.3261967
-1.3830512
-1.4270580
-1.4710312
-1.5174236
-1.5509549
-1.5523135
-1.5161945
-1.4500445
-1.3564211
-1.2251044
-1.0485446
-0.8421687
-0.6423133
-0.4811032
-0.3653589
-0.2809139
-0.2134952
-0.1609433
-0.1265288
-0.1069487
-0.0916184
-0.0725047
-0.0507981
-0.0328507
-0.0218262
-0.0151504
-0.0090849
-0.0034103
-0.0006125
-0.0012744
-0.0014641
0.0046017
0.0187980
0.0357711
0.0461489
0.0445921
0.0352580
0.0281777
0.0291847
0.0344455
0.0367984
0.0367925
0.0437147
0.0631491
0.0860060
0.0951255
0.0845483
