0.1178184
0.0714280
0.0920257
0.0996114
0.0689831
0.0436976
0.0503854
0.0711661
0.0914699
0.1141730
0.1294647
0.1220437
0.1069834
0.1140600
0.1368091
0.1358133
0.0927559
0.0284880
-0.0306571
-0.0744416
-0.0996087
-0.1083363
-0.1162086
-0.1396441
-0.1776459
-0.2240576
-0.2904342
-0.3956818
-0.5375326
-0.6923629
-0.8394280
-0.9715413
-1.0886491
-1.1944360
-1.2927246
-1.3763996
-1.4285747
-1.4444556
-1.4405227
-1.4299334
-1.3990833
-1.3216135
-1.1893398
-1.0206666
-0.8458591
-0.6908274
-0.5662667
-0.4644792
-0.3724076
-0.2907202
-0.2313701
-0.1945213
-0.1602488
-0.1090635
-0.0421982
0.0221690
0.0649495
0.0771123
0.0647339
0.0462870
0.0370908
0.0346301
0.0259266
0.0086261
-0.0037226
0.0026139
0.0280325
0.0609954
0.0860327
0.0922994
0.0816210
0.0666021
0.0549996
0.0398211
0.0121793
-0.0201919
-0.0367380
-0.0259682
0.0025648
0.0273681
0.0325252
0.0193661
0.0048911
0.0058276
0.0217535
0.0380308
0.0464743
0.0556632
0.0772507
0.1096389
0.1408181
0.1618049
0.1718446
0.1744768
0.1732552
0.1690360
0.1593419
0.1432904
0.1276374
0.1234570
0.1356511
0.1590959
0.1843928
0.2030768
0.2091865
0.2027060
0.1917121
0.1850265
0.1819832
0.1743599
0.1585487
0.1411600
0.1324439
0.1376675
0.1537148
0.1702453
0.1757582
0.1668247
0.1506491
0.1361431
0.1252798
0.1163965
0.1121719
0.1188022
0.1381283
0.1637698
0.1842674
0.1895356
0.1782277
0.1608752
0.1515219
0.1531405
0.1547469
0.1459266
0.1313620
0.1283015
0.1512338
0.1990639
0.2534998
0.2895320
0.2928318
0.2703567
0.2423006
0.2231145
0.2125318
0.2037028
0.1948186
0.1911636
0.1987842
0.2170693
0.2359878
0.2422935
0.2319318
0.2151932
0.2060244
0.2073416
0.2105825
0.2086393
0.2050164
0.2099168
0.2296523
0.2593411
0.2845492
0.2924052
0.2837735
0.2725973
0.2706264
0.2746108
0.2712170
0.2533822
0.2300168
0.2204557
0.2388427
0.2800158
0.3194683
0.3316907
0.3122812
0.2806842
0.2599801
0.2562814
0.2585860
0.2548883
0.2453627
0.2410535
0.2514050
0.2731059
0.2923468
0.2999099
0.3023297
0.3144389
0.3411109
0.3697078
0.3809683
0.3654501
0.3306076
0.2949848
0.2745524
0.2707719
0.2712598
0.2640535
0.2506365
0.2428967
0.2485476
0.2626113
0.2732066
0.2735660
0.2679264
0.2659358
0.2704473
0.2715197
0.2558822
0.2235311
0.1915074
0.1786841
0.1887356
0.2094717
0.2260229
0.2324806
0.2334077
0.2374312
0.2487742
0.2628768
0.2699369
0.2629130
0.2419482
0.2125842
0.1819679
0.1558951
0.1365477
0.1230212
0.1159879
0.1203071
0.1391515
0.1659804
0.1870640
0.1940606
0.1916544
0.1908845
0.1959661
0.1989437
0.1878256
0.1608214
0.1321437
0.1206153
0.1302214
0.1436961
0.1378416
0.1045017
0.0553563
0.0081195
-0.0301238
-0.0683951
-0.1243208
-0.2108446
-0.3276235
-0.4639175
-0.6086031
-0.7554691
-0.8995230
-1.0326651
-1.1463570
-1.2376037
-1.3104550
-1.3714911
-1.4230228
-1.4582886
-1.4628720
-1.4236393
-1.3387755
-1.2195579
-1.0829843
-0.9433536
-0.8089148
-0.6829932
-0.5672855
-0.4650272
-0.3799000
-0.3098685
-0.2440568
-0.1707507
-0.0906830
-0.0201961
0.0214864
0.0293854
0.0179739
0.0090994
0.0130324
0.0209583
0.0179818
0.0035645
-0.0047451
0.0097292
0.0434142
0.0762554
0.0937162
0.1006862
0.1121153
0.1323671
0.1469146
0.1361635
0.0974139
0.0510060
0.0224985
0.0194602
0.0280009
0.0310379
0.0260536
0.0240877
0.0349271
0.0558177
0.0733946
0.0754674
0.0623215
0.0475457
0.0464981
0.0625429
0.0845019
0.0975533
0.0966263
0.0903377
0.0927184
0.1095102
0.1306882
0.1376304
0.1202422
0.0873057
0.0588383
0.0486887
0.0552506
0.0671497
0.0750983
0.0782012
0.0809241
0.0853422
0.0870482
0.0797326
0.0637561
0.0481506
0.0426950
0.0487888
0.0587672
0.0632318
0.0589670
0.0515365
0.0508704
0.0625338
0.0821764
0.0996087
0.1086476
0.1111341
0.1105876
0.1044275
0.0855509
0.0525611
0.0174647
0.0006453
0.0142937
0.0487200
0.0778533
0.0830551
0.0724995
0.0741456
0.1076170
0.1635426
0.2109354
0.2242978
0.2040515
0.1723166
0.1501286
0.1393534
0.1268100
0.1040820
0.0796415
0.0701309
0.0824123
0.1068359
0.1270150
0.1339098
0.1309179
0.1275704
0.1292487
0.1328354
0.1323986
0.1284419
0.1296416
0.1443956
0.1714866
0.1998145
0.2169953
0.2186178
0.2105381
0.2024374
0.1980835
0.1919488
0.1766222
0.1532146
0.1324187
0.1245819
0.1299379
0.1391917
0.1430046
0.1407253
0.1401964
0.1485248
0.1628340
0.1719523
0.1689688
0.1604186
0.1596745
0.1709890
0.1832832
0.1821649
0.1673099
0.1553472
0.1633150
0.1889770
0.2098374
0.2044486
0.1743382
0.1419066
0.1263107
0.1252594
0.1229011
0.1119586
0.1024784
0.1080238
0.1276034
0.1454580
0.1491377
0.1448198
0.1510670
0.1764557
0.2063682
0.2155075
0.1934043
0.1549922
0.1256452
0.1179753
0.1237251
0.1257036
0.1156145
0.1011525
0.0973310
0.1110110
0.1333168
0.1470423
0.1417375
0.1223034
0.1038826
0.0981945
0.1031897
0.1054447
0.0944079
0.0752803
0.0657028
0.0775082
0.1031820
0.1232500
0.1267385
0.1212654
0.1216563
0.1309429
0.1359557
0.1229065
0.0953816
0.0733373
0.0726628
0.0882769
0.1009349
0.0998132
0.0936616
0.0979005
0.1147972
0.1309034
0.1333531
0.1243354
0.1168910
0.1178851
0.1188249
0.1061830
0.0799557
0.0581224
0.0598659
0.0855087
0.1156809
0.1301777
0.1254649
0.1136379
0.1071018
0.1065563
0.1035433
0.0928383
0.0804128
0.0779698
0.0901413
0.1092176
0.1235465
0.1292385
0.1313101
0.1340992
0.1337096
0.1219742
0.0974579
0.0706586
0.0562100
0.0590317
0.0696370
0.0752835
0.0751547
0.0813932
0.1039255
0.1368391
0.1622389
0.1665954
0.1511176
0.1265316
0.1007938
0.0745420
0.0482077
0.0298957
0.0315070
0.0552820
0.0871505
0.1077101
0.1106734
0.1081588
0.1163822
0.1372101
0.1551506
0.1527383
0.1287669
0.1009674
0.0894188
0.0963348
0.1032535
0.0900512
0.0568662
0.0257119
0.0194061
0.0391005
0.0631924
0.0689329
0.0552217
0.0431302
0.0528579
0.0812463
0.1047045
0.1046925
0.0871002
0.0739577
0.0780036
0.0896074
0.0901795
0.0759111
0.0645546
0.0768479
0.1121619
0.1451787
0.1483899
0.1172034
0.0718780
0.0363297
0.0178191
0.0072319
-0.0045258
-0.0138527
-0.0081992
0.0192058
0.0596001
0.0942206
0.1096769
0.1074505
0.0983822
0.0896126
0.0788673
0.0611652
0.0387788
0.0227577
0.0242379
0.0443891
0.0731885
0.0983344
0.1149026
0.1255967
0.1328871
0.1344275
0.1281666
0.1196464
0.1200761
0.1353835
0.1584656
0.1744029
0.1745227
0.1650568
0.1606806
0.1690691
0.1835579
0.1929722
0.1972713
0.2092854
0.2389401
0.2783780
0.3065986
0.3097465
0.2947695
0.2810837
0.2790545
0.2788782
0.2623695
0.2245530
0.1804410
0.1493240
0.1350708
0.1247796
0.1055391
0.0787113
0.0566251
0.0479195
0.0486919
0.0477267
0.0387092
0.0265696
0.0222843
0.0318613
0.0498695
0.0625716
0.0573502
0.0314500
-0.0056124
-0.0382711
-0.0564067
-0.0625182
-0.0666367
-0.0737424
-0.0785557
-0.0747737
-0.0673540
-0.0710784
-0.0948459
-0.1295434
-0.1550003
-0.1602119
-0.1550757
-0.1605114
-0.1884767
-0.2353285
-0.2954358
-0.3760883
-0.4924982
-0.6469917
-0.8173618
-0.9695710
-1.0825749
-1.1609812
-1.2256482
-1.2938163
-1.3667746
-1.4323386
-1.4756931
-1.4881678
-1.4693418
-1.4242977
-1.3589185
-1.2753210
-1.1709500
-1.0442854
-0.9030932
-0.7651159
-0.6471145
-0.5519633
-0.4678283
-0.3814715
-0.2927681
-0.2160583
-0.1669460
-0.1473562
-0.1435004
-0.1386422
-0.1272891
-0.1160453
-0.1113682
-0.1091130
-0.0980399
-0.0731173
-0.0435964
-0.0265873
-0.0318413
-0.0523147
-0.0697355
-0.0700241
-0.0540439
-0.0344259
-0.0232461
-0.0227534
-0.0258694
-0.0236397
-0.0129400
0.0007859
0.0079218
0.0036270
-0.0063979
-0.0101245
-0.0008728
0.0148437
0.0222269
0.0124992
-0.0068893
-0.0171546
-0.0051374
0.0234888
0.0482832
0.0520592
0.0354169
0.0144142
0.0051839
0.0107471
0.0210168
0.0241618
0.0183085
0.0130428
0.0192930
0.0371316
0.0537987
0.0547338
0.0373929
0.0145585
0.0036948
0.0118095
0.0295423
0.0401564
0.0352452
0.0218762
0.0138639
0.0161740
0.0188833
0.0071771
-0.0226729
-0.0573525
-0.0768907
-0.0722492
-0.0536709
-0.0412229
-0.0460706
-0.0608643
-0.0686148
-0.0600648
-0.0413029
-0.0252069
-0.0177861
-0.0140716
-0.0059525
0.0084911
0.0244056
0.0372359
0.0477491
0.0593588
0.0727930
0.0857692
0.0966845
0.1050395
0.1076357
0.0985632
0.0769709
0.0535277
0.0440634
0.0537846
0.0696826
0.0725196
0.0577836
0.0424483
0.0479016
0.0761368
0.1057753
0.1135371
0.0979867
0.0796234
0.0783113
0.0937414
0.1090596
0.1110314
0.1038005
0.1030614
0.1189709
0.1459567
0.1682431
0.1737744
0.1629372
0.1460531
0.1344008
0.1325909
0.1363202
0.1360246
0.1249681
0.1067115
0.0944966
0.1005339
0.1239280
0.1495645
0.1604504
0.1523385
0.1365859
0.1284296
0.1321748
0.1379538
0.1330930
0.1162458
0.0999506
0.0995592
0.1197016
0.1502370
0.1738292
0.1781713
0.1638911
0.1429694
0.1290893
0.1274378
0.1322153
0.1335210
0.1269192
0.1169771
0.1120295
0.1154805
0.1220181
0.1225338
0.1131371
0.0994529
0.0920501
0.0975223
0.1132059
0.1293141
0.1361492
0.1311122
0.1205606
0.1145546
0.1180420
0.1262082
0.1288991
0.1203828
0.1051529
0.0941826
0.0952065
0.1062721
0.1187989
0.1272665
0.1357045
0.1537495
0.1855750
0.2228394
0.2493932
0.2542998
0.2418133
0.2291865
0.2333327
0.2573927
0.2894572
0.3151061
0.3315733
0.3488735
0.3765224
0.4099899
0.4316473
0.4258760
0.3933232
0.3501517
0.3133735
0.2873223
0.2644911
0.2381705
0.2118988
0.1955532
0.1936961
0.1997268
0.2014526
0.1910763
0.1696918
0.1439348
0.1201322
0.1016289
0.0897718
0.0851092
0.0866884
0.0912119
0.0944721
0.0939522
0.0893023
0.0803411
0.0660407
0.0466522
0.0263364
0.0121251
0.0088477
0.0142627
0.0193107
0.0145219
-0.0021113
-0.0231879
-0.0388701
-0.0467457
-0.0543252
-0.0707133
-0.0957426
-0.1187958
-0.1305059
-0.1369490
-0.1615797
-0.2305071
-0.3527380
-0.5126620
-0.6808455
-0.8325329
-0.9582493
-1.0609510
-1.1466602
-1.2183388
-1.2764960
-1.3228693
-1.3611981
-1.3924661
-1.4084936
-1.3917712
-1.3254849
-1.2075849
-1.0563997
-0.9008195
-0.7619439
-0.6421005
-0.5311534
-0.4232692
-0.3264190
-0.2543682
-0.2098808
-0.1777409
-0.1359560
-0.0747206
-0.0053425
0.0486745
0.0703641
0.0622711
0.0434912
0.0337709
0.0384359
0.0472233
0.0475105
0.0388777
0.0346227
0.0487027
0.0812382
0.1173176
0.1401841
0.1448578
0.1382632
0.1274810
0.1110972
0.0840075
0.0491930
0.0213583
0.0167210
0.0388552
0.0748020
0.1053603
0.1201955
0.1245844
0.1325379
0.1529375
0.1808380
0.2009775
0.2000026
0.1772150
0.1455489
0.1224140
0.1176642
0.1278567
0.1407836
0.1461090
0.1436177
0.1431561
0.1566668
0.1879958
0.2280473
0.2601649
0.2729202
0.2695095
0.2638295
0.2656176
0.2694443
0.2600655
0.2298074
0.1897012
0.1612972
0.1565168
0.1667925
0.1735795
0.1687786
0.1621730
0.1678420
0.1860090
0.2018828
0.2025928
0.1919470
0.1857423
0.1933862
0.2070905
0.2104152
0.1956023
0.1701883
0.1472292
0.1324011
0.1225136
0.1138464
0.1071932
0.1038686
0.1011538
0.0959896
0.0920593
0.0982132
0.1171846
0.1385638
0.1475164
0.1414416
0.1346156
0.1432077
0.1668887
0.1890108
0.1958269
0.1917230
0.1917607
0.2007415
0.2049749
0.1875418
0.1492057
0.1103815
0.0920101
0.0969244
0.1109965
0.1201193
0.1231269
0.1285505
0.1422094
0.1602057
0.1725816
0.1714619
0.1565551
0.1362073
0.1240743
0.1309141
0.1551117
0.1812931
0.1922730
0.1851192
0.1741230
0.1752548
0.1875846
0.1925066
0.1730176
0.1328133
0.0945434
0.0791619
0.0882068
0.1059895
0.1163899
0.1155423
0.1100317
0.1068799
0.1071034
0.1069606
0.1028267
0.0949369
0.0882195
0.0897514
0.1032457
0.1240306
0.1400798
0.1405263
0.1247296
0.1022170
0.0824748
0.0655069
0.0445098
0.0182032
-0.0021359
-0.0009830
0.0255807
0.0639744
0.0942228
0.1064872
0.1060603
0.1032023
0.1005259
0.0919484
0.0732272
0.0511596
0.0406262
0.0522664
0.0831061
0.1185789
0.1430601
0.1493918
0.1405675
0.1240674
0.1047984
0.0829622
0.0584193
0.0364503
0.0274501
0.0389371
0.0675384
0.1006590
0.1279728
0.1510076
0.1793327
0.2163926
0.2513791
0.2685987
0.2655853
0.2588100
0.2680417
0.2951454
0.3212039
0.3261412
0.3094903
0.2894183
0.2817291
0.2829913
0.2766423
0.2543499
0.2276031
0.2158736
0.2243879
0.2363050
0.2281959
0.1925497
0.1441391
0.1047190
0.0827565
0.0687394
0.0495432
0.0256458
0.0123803
0.0232155
0.0523240
0.0756081
0.0710208
0.0386087
-0.0001828
-0.0236044
-0.0293143
-0.0320381
-0.0423082
-0.0508469
-0.0377692
0.0022830
0.0477597
0.0668350
0.0468471
0.0047420
-0.0327985
-0.0568099
-0.0800679
-0.1142576
-0.1485580
-0.1566741
-0.1262827
-0.0782242
-0.0535027
-0.0816743
-0.1634401
-0.2820584
-0.4254348
-0.5918569
-0.7755933
-0.9542591
-1.0974227
-1.1896393
-1.2427965
-1.2834881
-1.3281205
-1.3709595
-1.3951657
-1.3920014
-1.3665532
-1.3258137
-1.2657135
-1.1740126
-1.0463556
-0.8965546
-0.7483077
-0.6169893
-0.5017710
-0.3960866
-0.3024136
-0.2321234
-0.1899794
-0.1632741
-0.1315424
-0.0875413
-0.0445362
-0.0197818
-0.0129771
-0.0059022
0.0153591
0.0422355
0.0527345
0.0386531
0.0188846
0.0216487
0.0545791
0.0963226
0.1188919
0.1151427
0.1011383
0.0932887
0.0888989
0.0729652
0.0419021
0.0146087
0.0160393
0.0505206
0.0945823
0.1180875
0.1117285
0.0924550
0.0826925
0.0870818
0.0916141
0.0841156
0.0713252
0.0725299
0.0971142
0.1322145
0.1553427
0.1581225
0.1542397
0.1626510
0.1853167
0.2044710
0.2015131
0.1755012
0.1417514
0.1152466
0.0993313
0.0900510
0.0860035
0.0893326
0.0987388
0.1075025
0.1115825
0.1165516
0.1313760
0.1546192
0.1711489
