0.0417587
0.0371104
0.0344413
0.0423468
0.0599948
0.0762407
0.0818268
0.0804911
0.0851105
0.1025441
0.1248892
0.1381136
0.1386892
0.1387556
0.1529321
0.1811315
0.2070030
0.2143975
0.2039493
0.1916859
0.1916845
0.2022347
0.2101880
0.2073139
0.1996163
0.1996824
0.2117390
0.2265681
0.2312876
0.2223050
0.2074676
0.1966819
0.1926128
0.1908989
0.1871405
0.1811555
0.1745463
0.1667504
0.1556062
0.1411527
0.1265370
0.1140840
0.1018418
0.0860829
0.0674624
0.0527776
0.0486835
0.0537619
0.0586163
0.0551509
0.0452265
0.0386788
0.0423356
0.0521829
0.0578370
0.0547688
0.0505593
0.0575068
0.0789843
0.1043815
0.1185890
0.1162304
0.1056909
0.0992405
0.1005721
0.1031500
0.1000767
0.0934589
0.0925849
0.1033572
0.1211443
0.1349467
0.1379906
0.1331700
0.1281478
0.1264991
0.1249427
0.1190699
0.1102931
0.1056964
0.1106595
0.1223074
0.1312645
0.1304266
0.1216410
0.1128733
0.1086068
0.1042289
0.0915205
0.0699132
0.0504777
0.0463429
0.0583454
0.0715796
0.0682793
0.0449612
0.0161128
0.0001219
0.0018122
0.0094893
0.0088094
-0.0017857
-0.0099776
-0.0028220
0.0201599
0.0468883
0.0642428
0.0688212
0.0671702
0.0673059
0.0712784
0.0756700
0.0777910
0.0799160
0.0869930
0.1006316
0.1160803
0.1257826
0.1262814
0.1214460
0.1183387
0.1197288
0.1213564
0.1173674
0.1081615
0.1014753
0.1045622
0.1156200
0.1244163
0.1224288
0.1118054
0.1027518
0.1015128
0.1025558
0.0950019
0.0771046
0.0617532
0.0645122
0.0856959
0.1067120
0.1068040
0.0836745
0.0557367
0.0427195
0.0450600
0.0444142
0.0246910
-0.0095611
-0.0373887
-0.0430118
-0.0309295
-0.0192207
-0.0201098
-0.0292380
-0.0333334
-0.0255596
-0.0114640
-0.0007997
0.0040356
0.0100885
0.0250793
0.0478565
0.0681579
0.0757982
0.0701436
0.0605722
0.0571747
0.0605605
0.0613756
0.0509969
0.0325277
0.0192392
0.0206270
0.0312274
0.0358990
0.0267168
0.0120117
0.0061716
0.0117368
0.0157071
0.0057505
-0.0126890
-0.0201684
-0.0053023
0.0205009
0.0339550
0.0246720
0.0052787
-0.0043326
0.0005114
0.0059835
-0.0021526
-0.0215855
-0.0369453
-0.0380011
-0.0306607
-0.0291143
-0.0396905
-0.0548561
-0.0624012
-0.0580158
-0.0479198
-0.0406159
-0.0374900
-0.0311743
-0.0124262
0.0206757
0.0591378
0.0890456
0.1029872
0.1062605
0.1105221
0.1203738
0.1276557
0.1212657
0.1024158
0.0869247
0.0895130
0.1066528
0.1184679
0.1093873
0.0848567
0.0648279
0.0613808
0.0662777
0.0622540
0.0440209
0.0245095
0.0200322
0.0320510
0.0456706
0.0452335
0.0293137
0.0100818
-0.0000929
0.0003838
0.0038530
0.0031811
-0.0016575
-0.0059835
-0.0074567
-0.0095777
-0.0181176
-0.0343936
-0.0526147
-0.0646778
-0.0679347
-0.0674392
-0.0693847
-0.0723576
-0.0665371
-0.0430959
-0.0047787
0.0336630
0.0568445
0.0615847
0.0587731
0.0622401
0.0754572
0.0891079
0.0915660
0.0813132
0.0686762
0.0653252
0.0722315
0.0781926
0.0705616
0.0476983
0.0207572
0.0030153
-0.0024113
-0.0041689
-0.0126653
-0.0293343
-0.0458404
-0.0530650
-0.0503409
-0.0462396
-0.0508626
-0.0671927
-0.0891957
-0.1077108
-0.1181474
-0.1229727
-0.1274244
-0.1332972
-0.1370869
-0.1342189
-0.1247799
-0.1142064
-0.1075190
-0.1033997
-0.0956166
-0.0809351
-0.0639583
-0.0520523
-0.0458490
-0.0375237
-0.0203797
0.0012454
0.0148219
0.0136581
0.0058515
0.0060869
0.0186161
0.0322426
0.0351327
0.0322428
0.0425110
0.0765715
0.1209389
0.1489167
0.1469821
0.1264963
0.1083457
0.1011461
0.1007474
0.1101466
0.1497429
0.2363576
0.3487397
0.4206123
0.3784816
0.1943871
-0.0939055
-0.4114621
-0.6944432
-0.9168597
-1.0824861
-1.2020508
-1.2817186
-1.3282938
-1.3563228
-1.3829566
-1.4134719
-1.4331109
-1.4158921
-1.3444674
-1.2240850
-1.0785861
-0.9322207
-0.7936966
-0.6567871
-0.5159646
-0.3803238
-0.2704383
-0.2007465
-0.1658310
-0.1449814
-0.1201209
-0.0889306
-0.0614006
-0.0456208
-0.0384020
-0.0294356
-0.0129088
0.0065142
0.0192129
0.0208535
0.0163492
0.0143206
0.0189137
0.0274355
0.0351299
0.0410019
0.0481692
0.0586699
0.0692224
0.0737407
0.0702777
0.0637641
0.0601870
0.0586743
0.0517159
0.0345770
0.0133432
0.0012758
0.0058441
0.0199984
0.0280836
0.0215700
0.0083475
0.0049317
0.0189652
0.0405493
0.0521725
0.0471890
0.0373865
0.0413313
0.0651725
0.0957882
0.1138821
0.1137687
0.1087989
0.1162904
0.1385181
0.1611366
0.1706231
0.1702811
0.1761187
0.1975801
0.2257554
0.2427543
0.2411543
0.2308442
0.2257258
0.2268418
0.2226861
0.2061550
0.1865433
0.1805435
0.1921282
0.2056174
0.2013340
0.1769171
0.1505104
0.1420215
0.1526040
0.1643298
0.1602028
0.1428387
0.1317549
0.1424422
0.1698104
0.1931970
0.1967145
0.1832724
0.1687326
0.1639942
0.1645430
0.1579034
0.1397831
0.1203609
0.1133880
0.1205171
0.1290249
0.1257375
0.1112479
0.0983809
0.0971390
0.1035607
0.1049741
0.0952465
0.0822700
0.0789156
0.0880175
0.0991876
0.1012159
0.0949158
0.0908558
0.0952682
0.1019541
0.1001594
0.0884226
0.0770825
0.0759949
0.0820808
0.0820770
0.0680899
0.0477825
0.0364693
0.0397573
0.0473489
0.0458751
0.0358195
0.0323460
0.0485730
0.0802522
0.1093045
0.1225067
0.1247466
0.1322283
0.1533240
0.1787909
0.1925714
0.1906832
0.1862261
0.1946839
0.2164489
0.2362084
0.2392421
0.2260947
0.2099842
0.2010888
0.1960298
0.1841088
0.1621295
0.1396731
0.1283877
0.1283801
0.1282940
0.1188185
0.1032136
0.0925814
0.0922073
0.0955833
0.0930517
0.0843124
0.0791727
0.0850259
0.0964198
0.1007067
0.0939944
0.0873142
0.0935637
0.1099445
0.1180565
0.1037470
0.0746258
0.0541895
0.0575752
0.0754722
0.0844905
0.0726246
0.0510794
0.0395820
0.0434543
0.0498037
0.0461200
0.0372947
0.0401092
0.0625790
0.0935406
0.1146332
0.1199628
0.1204282
0.1285431
0.1425750
0.1489955
0.1397731
0.1230770
0.1142639
0.1181667
0.1238751
0.1175943
0.0978511
0.0757580
0.0614259
0.0533528
0.0430720
0.0286113
0.0192928
0.0246100
0.0402886
0.0500860
0.0434542
0.0283546
0.0224813
0.0320637
0.0436198
0.0395275
0.0197512
0.0037502
0.0091845
0.0316285
0.0493490
0.0481512
0.0371478
0.0368248
0.0541563
0.0748436
0.0810812
0.0722151
0.0637169
0.0675673
0.0787915
0.0832736
0.0754129
0.0636033
0.0582767
0.0594003
0.0600724
0.0605639
0.0719054
0.1013292
0.1376633
0.1583061
0.1531744
0.1374043
0.1352311
0.1517221
0.1656415
0.1538009
0.1197862
0.0923769
0.0932403
0.1112362
0.1151018
0.0905238
0.0566805
0.0420122
0.0506987
0.0641844
0.0769482
0.1178860
0.2206125
0.3683024
0.4779430
0.4538835
0.2654932
-0.0272113
-0.3250080
-0.5648402
-0.7470738
-0.9004433
-1.0353626
-1.1368483
-1.1935599
-1.2190477
-1.2380928
-1.2568820
-1.2541393
-1.2035510
-1.1012426
-0.9683834
-0.8295314
-0.6939030
-0.5590133
-0.4270541
-0.3110451
-0.2238912
-0.1654370
-0.1234626
-0.0865915
-0.0537455
-0.0303326
-0.0172930
-0.0069429
0.0091305
0.0298371
0.0450995
0.0472969
0.0402261
0.0348735
0.0369000
0.0402289
0.0340511
0.0158697
-0.0034029
-0.0085764
0.0048449
0.0254302
0.0367793
0.0336197
0.0256970
0.0255999
0.0348062
0.0436362
0.0442179
0.0407490
0.0449031
0.0615860
0.0818277
0.0918802
0.0884040
0.0815363
0.0819762
0.0882770
0.0903408
0.0841016
0.0779180
0.0822081
0.0955662
0.1050475
0.1005950
0.0862336
0.0746128
0.0717974
0.0713809
0.0655554
0.0588112
0.0653741
0.0918395
0.1264815
0.1497967
0.1548600
0.1537613
0.1627793
0.1834994
0.2011677
0.2017920
0.1886339
0.1794683
0.1874210
0.2067039
0.2189606
0.2124442
0.1925219
0.1735544
0.1635014
0.1583855
0.1502090
0.1372969
0.1256579
0.1212308
0.1225659
0.1221203
0.1142494
0.1006342
0.0876020
0.0793790
0.0747752
0.0694807
0.0605335
0.0491512
0.0400293
0.0369513
0.0378420
0.0350597
0.0226544
0.0035495
-0.0123840
-0.0187096
-0.0200313
-0.0273392
-0.0448115
-0.0623768
-0.0639439
-0.0444686
-0.0173881
-0.0025792
-0.0067498
-0.0177635
-0.0189527
-0.0069532
0.0063197
0.0082817
0.0001097
-0.0040976
0.0079823
0.0336544
0.0571641
0.0651048
0.0592817
0.0535785
0.0587818
0.0721704
0.0825614
0.0842008
0.0838028
0.0929397
0.1139547
0.1353299
0.1430546
0.1361986
0.1282444
0.1312591
0.1410965
0.1418860
0.1253926
0.1028182
0.0949860
0.1110920
0.1385917
0.1548313
0.1484071
0.1285381
0.1137912
0.1132448
0.1197335
0.1197245
0.1067042
0.0847064
0.0620527
0.0441724
0.0314859
0.0219318
0.0147563
0.0119645
0.0156075
0.0233859
0.0281418
0.0236287
0.0117330
0.0031733
0.0088543
0.0285939
0.0489055
0.0546114
0.0439828
0.0304591
0.0275247
0.0337021
0.0356060
0.0252214
0.0102262
0.0052518
0.0150807
0.0293197
0.0337733
0.0250526
0.0125530
0.0068436
0.0083909
0.0088516
0.0017243
-0.0108458
-0.0215007
-0.0251525
-0.0223477
-0.0176692
-0.0163460
-0.0205854
-0.0272208
-0.0300208
-0.0263672
-0.0212098
-0.0222401
-0.0304680
-0.0371884
-0.0322832
-0.0160261
-0.0011647
-0.0011067
-0.0156103
-0.0301717
-0.0310876
-0.0196802
-0.0095371
-0.0106034
-0.0186750
-0.0208676
-0.0091957
0.0121966
0.0316135
0.0401694
0.0382850
0.0333236
0.0315799
0.0327570
0.0318333
0.0253851
0.0158581
0.0104593
0.0159116
0.0328200
0.0543582
0.0716446
0.0814231
0.0876443
0.0948034
0.1010826
0.0997999
0.0875598
0.0698333
0.0576393
0.0577527
0.0651763
0.0658593
0.0490415
0.0181574
-0.0113282
-0.0260252
-0.0267932
-0.0270385
-0.0390716
-0.0614421
-0.0791479
-0.0774662
-0.0570724
-0.0347366
-0.0271514
-0.0343128
-0.0408944
-0.0340654
-0.0172973
-0.0047810
-0.0036004
-0.0044407
0.0081028
0.0365749
0.0648880
0.0741827
0.0637089
0.0523246
0.0578108
0.0776657
0.0932147
0.0910440
0.0769057
0.0682950
0.0760114
0.0943191
0.1078703
0.1066210
0.0937673
0.0802361
0.0729539
0.0689694
0.0598481
0.0409730
0.0179125
0.0048066
0.0139186
0.0428964
0.0729134
0.0839371
0.0736447
0.0582646
0.0531790
0.0571569
0.0615584
0.0741747
0.1244990
0.2336959
0.3742203
0.4651069
0.4203697
0.2134092
-0.1016934
-0.4316586
-0.7072377
-0.9117432
-1.0613804
-1.1717128
-1.2465908
-1.2907151
-1.3203698
-1.3542936
-1.3934981
-1.4140218
-1.3842037
-1.2914014
-1.1519241
-0.9956362
-0.8428251
-0.6959743
-0.5505588
-0.4102163
-0.2903038
-0.2067763
-0.1615668
-0.1396788
-0.1220817
-0.1013685
-0.0836100
-0.0759276
-0.0754713
-0.0718253
-0.0582139
-0.0385891
-0.0241343
-0.0232048
-0.0337569
-0.0449647
-0.0465248
-0.0365192
-0.0204513
-0.0039443
0.0126522
0.0335225
0.0623640
0.0969434
0.1276558
0.1435419
0.1422872
0.1334402
0.1292074
0.1319960
0.1329559
0.1232304
0.1052317
0.0917071
0.0933066
0.1070285
0.1179206
0.1136442
0.0969366
0.0818952
0.0784903
0.0836917
0.0883462
0.0891805
0.0912576
0.1001473
0.1144341
0.1264010
0.1294334
0.1247359
0.1204479
0.1232437
0.1309791
0.1346930
0.1278279
0.1128169
0.0992792
0.0964881
0.1059602
0.1193499
0.1246687
0.1171060
0.1036483
0.0954154
0.0961957
0.1006327
0.1030360
0.1050671
0.1136425
0.1325040
0.1568564
0.1766274
0.1854982
0.1863681
0.1865276
0.1877998
0.1842534
0.1708375
0.1516940
0.1374000
0.1345444
0.1391186
0.1396187
0.1267441
0.1019132
0.0767048
0.0619712
0.0569625
0.0513767
0.0388766
0.0258637
0.0246228
0.0387853
0.0575513
0.0650838
0.0558952
0.0406393
0.0350750
0.0426531
0.0505033
0.0447539
0.0272479
0.0131788
0.0131682
0.0219730
0.0257566
0.0173383
0.0024271
-0.0078936
-0.0092154
-0.0075673
-0.0105664
-0.0158468
-0.0114921
0.0104948
0.0436490
0.0723985
0.0868107
0.0903789
0.0943749
0.1060867
0.1219732
0.1317581
0.1300898
0.1235474
0.1235581
0.1323805
0.1396230
0.1341079
0.1162508
0.0965945
0.0841245
0.0783166
0.0720177
0.0606194
0.0477218
0.0408939
0.0417721
0.0430494
0.0375794
0.0278673
0.0223322
0.0232743
0.0235211
0.0162441
0.0046273
-0.0005622
0.0076528
0.0241693
0.0352139
0.0315751
0.0188488
0.0118556
0.0174673
0.0262973
0.0244823
0.0111511
0.0000803
0.0044828
0.0230429
0.0412901
0.0455479
0.0357313
0.0246323
0.0239672
0.0324537
0.0402058
0.0430793
0.0470333
0.0573703
0.0696405
0.0752008
0.0724743
0.0683224
0.0688198
0.0714124
0.0673337
0.0520140
0.0324124
0.0211592
0.0218369
0.0237665
0.0153651
-0.0006169
-0.0114344
-0.0127293
-0.0152279
-0.0303051
-0.0532710
-0.0652649
-0.0521231
-0.0204463
0.0064546
0.0107642
-0.0019832
-0.0106570
-0.0040701
0.0072646
0.0077013
-0.0018307
-0.0056081
0.0061011
0.0249382
0.0340096
0.0257679
0.0089840
-0.0009616
0.0020553
0.0099511
0.0120912
0.0084364
0.0066345
0.0090984
0.0110242
0.0114446
0.0172348
0.0318415
0.0465277
0.0491792
0.0397597
0.0323175
0.0406044
0.0624644
0.0796410
0.0758129
0.0554392
0.0397598
0.0409484
0.0464831
0.0361881
0.0101009
-0.0106201
-0.0102961
0.0026952
0.0071186
-0.0063701
-0.0254437
-0.0305647
-0.0180108
-0.0057930
-0.0126347
-0.0330425
-0.0417814
-0.0250900
0.0020841
0.0156447
0.0108338
0.0026812
0.0030862
0.0070360
0.0018462
-0.0155737
-0.0330535
-0.0350576
-0.0208753
-0.0079410
-0.0127290
-0.0316005
-0.0473915
-0.0515724
-0.0499189
-0.0477656
-0.0417129
-0.0283399
-0.0109961
0.0057428
0.0206120
0.0317078
0.0347214
0.0281138
0.0159862
0.0051171
0.0016910
0.0078284
0.0173222
0.0194436
0.0116029
0.0019222
-0.0056359
-0.0188760
-0.0415468
-0.0602120
-0.0596432
-0.0445847
-0.0336423
-0.0358901
-0.0442364
-0.0484074
-0.0457478
-0.0418855
-0.0451820
-0.0554465
-0.0575773
-0.0375881
-0.0064235
0.0076575
-0.0052897
-0.0256722
-0.0343121
-0.0351901
-0.0404649
-0.0509794
-0.0608657
-0.0656065
-0.0590598
-0.0390763
-0.0191976
-0.0148874
-0.0171816
-0.0043497
0.0206387
0.0346135
0.0364775
0.0486298
0.0733368
0.0894397
0.0975909
0.1181401
0.1314323
0.0802042
-0.0378087
