0.5906904
0.6382032
0.6831704
0.7125949
0.7274317
0.7451078
0.7805228
0.8272084
0.8619333
0.8686835
0.8543972
0.8383521
0.8286337
0.8142410
0.7816164
0.7341911
0.6900895
0.6604596
0.6351506
0.5938026
0.5295920
0.4575816
0.3981702
0.3556381
0.3167899
0.2700960
0.2216439
0.1889096
0.1801578
0.1840087
0.1812393
0.1647102
0.1443399
0.1322974
0.1269809
0.1151788
0.0894503
0.0591844
0.0412916
0.0410521
0.0458186
0.0392962
0.0196774
0.0002804
-0.0076063
-0.0083894
-0.0154259
-0.0324394
-0.0469701
-0.0451858
-0.0303361
-0.0214103
-0.0322177
-0.0554834
-0.0713481
-0.0705735
-0.0649345
-0.0724938
-0.0955338
-0.1175541
-0.1225375
-0.1129192
-0.1049246
-0.1079557
-0.1136886
-0.1075342
-0.0872382
-0.0654898
-0.0542543
-0.0511557
-0.0447173
-0.0311066
-0.0208511
-0.0270558
-0.0500014
-0.0772619
-0.0986315
-0.1166604
-0.1398699
-0.1683135
-0.1908583
-0.1981953
-0.1951600
-0.1964390
-0.2102691
-0.2296291
-0.2414852
-0.2428835
-0.2443705
-0.2564348
-0.2752912
-0.2855388
-0.2772408
-0.2576572
-0.2440044
-0.2457035
-0.2562262
-0.2626909
-0.2608073
-0.2577497
-0.2609196
-0.2674217
-0.2674998
-0.2574679
-0.2455465
-0.2426471
-0.2490902
-0.2536729
-0.2462737
-0.2284573
-0.2094783
-0.1936576
-0.1756749
-0.1497825
-0.1208826
-0.1025529
-0.1032643
-0.1172929
-0.1317180
-0.1409853
-0.1507576
-0.1663962
-0.1816586
-0.1835257
-0.1680824
-0.1468879
-0.1340498
-0.1285042
-0.1131774
-0.0727872
-0.0088867
0.0665664
0.1510873
0.2585191
0.4006823
0.5630299
0.7029878
0.7737776
0.7470843
0.6127846
0.3668956
0.0157937
-0.3993493
-0.7900487
-1.0512727
-1.1225687
-1.0271363
-0.8503188
-0.6760699
-0.5392314
-0.4303390
-0.3337076
-0.2518165
-0.1955752
-0.1630207
-0.1373171
-0.1053010
-0.0715141
-0.0505006
-0.0481219
-0.0549402
-0.0582877
-0.0566607
-0.0585846
-0.0684489
-0.0780292
-0.0748501
-0.0574935
-0.0393854
-0.0359728
-0.0488998
-0.0639309
-0.0648131
-0.0490162
-0.0295230
-0.0210132
-0.0247181
-0.0274877
-0.0155090
0.0121153
0.0435586
0.0665155
0.0789093
0.0881117
0.1019334
0.1224028
0.1482585
0.1809503
0.2248802
0.2805614
0.3396084
0.3895260
0.4243599
0.4493174
0.4739723
0.5018404
0.5280879
0.5476123
0.5638470
0.5874698
0.6252182
0.6708570
0.7094971
0.7320723
0.7442857
0.7594202
0.7827488
0.8054931
0.8155684
0.8127641
0.8102631
0.8195156
0.8349299
0.8365964
0.8098903
0.7610250
0.7108743
0.6736332
0.6442264
0.6077881
0.5587715
0.5072940
0.4668194
0.4389839
0.4131061
0.3797620
0.3419113
0.3109704
0.2932786
0.2832780
0.2710073
0.2542109
0.2405622
0.2380876
0.2453263
0.2516062
0.2460856
0.2264200
0.2000260
0.1777194
0.1648964
0.1571158
0.1440646
0.1193251
0.0877049
0.0626717
0.0544976
0.0592421
0.0603632
0.0438070
0.0123455
-0.0169089
-0.0305690
-0.0329423
-0.0398427
-0.0593929
-0.0822321
-0.0923211
-0.0854838
-0.0742738
-0.0739902
-0.0863821
-0.0997241
-0.1041705
-0.1030814
-0.1066193
-0.1165289
-0.1219857
-0.1118843
-0.0881564
-0.0640537
-0.0501129
-0.0444429
-0.0375711
-0.0251319
-0.0137445
-0.0137684
-0.0272288
-0.0444341
-0.0532454
-0.0511628
-0.0476221
-0.0545582
-0.0749886
-0.1004636
-0.1194361
-0.1286485
-0.1364475
-0.1538390
-0.1816731
-0.2080772
-0.2203506
-0.2190234
-0.2182014
-0.2311707
-0.2566713
-0.2805620
-0.2910071
-0.2909568
-0.2944690
-0.3105457
-0.3318385
-0.3406160
-0.3255862
-0.2918296
-0.2548717
-0.2271365
-0.2105565
-0.1997481
-0.1895759
-0.1794667
-0.1720657
-0.1689922
-0.1682266
-0.1656442
-0.1591225
-0.1511986
-0.1476326
-0.1526558
-0.1645506
-0.1760331
-0.1807293
-0.1801685
-0.1826296
-0.1931196
-0.2056995
-0.2088223
-0.1989562
-0.1863297
-0.1848637
-0.1970340
-0.2109919
-0.2137958
-0.2061851
-0.2016512
-0.2096194
-0.2212438
-0.2146130
-0.1743319
-0.1038026
-0.0173963
0.0770591
0.1855889
0.3185383
0.4751812
0.6363800
0.7687705
0.8342614
0.7985942
0.6391978
0.3557827
-0.0187011
-0.4174554
-0.7582017
-0.9746852
-1.0429184
-0.9864012
-0.8588699
-0.7161314
-0.5930329
-0.4973770
-0.4212795
-0.3580139
-0.3095169
-0.2803802
-0.2678549
-0.2602727
-0.2464416
-0.2264033
-0.2112793
-0.2104486
-0.2189043
-0.2197840
-0.2010587
-0.1681962
-0.1382233
-0.1221272
-0.1157010
-0.1080204
-0.0960302
-0.0877257
-0.0906077
-0.0995506
-0.0994976
-0.0814798
-0.0538309
-0.0344985
-0.0322157
-0.0379309
-0.0358779
-0.0208451
-0.0023637
0.0072511
0.0067523
0.0073205
0.0211557
0.0496496
0.0829800
0.1106261
0.1310194
0.1506460
0.1754452
0.2048583
0.2336861
0.2579934
0.2792008
0.3038329
0.3392923
0.3881775
0.4456357
0.5025894
0.5520473
0.5926323
0.6268692
0.6570140
0.6826996
0.7024357
0.7172245
0.7315306
0.7486427
0.7647041
0.7697125
0.7566809
0.7292937
0.6987350
0.6725835
0.6476299
0.6140539
0.5666650
0.5118976
0.4629073
0.4266826
0.3963390
0.3577888
0.3046786
0.2457504
0.1967153
0.1652055
0.1439269
0.1183873
0.0816552
0.0418216
0.0140750
0.0047969
0.0050959
0.0019515
-0.0058089
-0.0065216
0.0083029
0.0303714
0.0408135
0.0303153
0.0103008
0.0012508
0.0097810
0.0202194
0.0116332
-0.0181657
-0.0497628
-0.0643295
-0.0646709
-0.0704980
-0.0943875
-0.1266953
-0.1455597
-0.1396610
-0.1193574
-0.1059259
-0.1112775
-0.1288651
-0.1434964
-0.1477706
-0.1475301
-0.1528819
-0.1668673
-0.1834039
-0.1942184
-0.1967879
-0.1966892
-0.2027493
-0.2187113
-0.2390668
-0.2540086
-0.2588103
-0.2572620
-0.2554808
-0.2536375
-0.2452704
-0.2253515
-0.1988653
-0.1801286
-0.1813657
-0.2010322
-0.2251820
-0.2420205
-0.2538176
-0.2723407
-0.3032762
-0.3379125
-0.3613012
-0.3674485
-0.3651543
-0.3684518
-0.3816022
-0.3947721
-0.3957273
-0.3846366
-0.3743422
-0.3753264
-0.3834731
-0.3853060
-0.3740598
-0.3577826
-0.3509668
-0.3595264
-0.3750573
-0.3839758
-0.3816516
-0.3762901
-0.3784772
-0.3886497
-0.3968712
-0.3942213
-0.3821707
-0.3706863
-0.3688644
-0.3773522
-0.3880312
-0.3909913
-0.3839195
-0.3753867
-0.3769629
-0.3903221
-0.4025818
-0.3960947
-0.3644733
-0.3197646
-0.2830170
-0.2659636
-0.2615315
-0.2533431
-0.2336297
-0.2084121
-0.1841059
-0.1532741
-0.0980700
-0.0070424
0.1148655
0.2530137
0.3958337
0.5374081
0.6665793
0.7551011
0.7603294
0.6453762
0.4032376
0.0673485
-0.2977193
-0.6186866
-0.8385709
-0.9349225
-0.9230195
-0.8418704
-0.7330476
-0.6270866
-0.5414972
-0.4825095
-0.4452703
-0.4168223
-0.3855858
-0.3510260
-0.3234704
-0.3129432
-0.3174800
-0.3231691
-0.3170674
-0.2998045
-0.2834186
-0.2764497
-0.2740690
-0.2648840
-0.2451562
-0.2230657
-0.2094058
-0.2065741
-0.2070708
-0.2014093
-0.1872164
-0.1711112
-0.1612884
-0.1579469
-0.1520643
-0.1344917
-0.1056521
-0.0756553
-0.0551969
-0.0461499
-0.0401139
-0.0264054
-0.0026487
0.0229639
0.0414461
0.0542304
0.0718981
0.1015166
0.1382914
0.1716139
0.1977016
0.2240019
0.2607212
0.3086363
0.3562411
0.3904669
0.4107522
0.4305767
0.4632203
0.5072529
0.5482843
0.5742497
0.5865643
0.5963818
0.6123097
0.6329166
0.6504305
0.6607249
0.6685260
0.6814190
0.6990452
0.7106981
0.7049278
0.6800606
0.6442581
0.6068741
0.5710177
0.5330860
0.4880477
0.4360100
0.3844040
0.3424515
0.3123953
0.2870279
0.2566084
0.2176598
0.1751280
0.1374011
0.1097213
0.0914787
0.0794214
0.0731401
0.0753169
0.0848126
0.0918583
0.0846300
0.0615767
0.0341864
0.0154398
0.0064785
-0.0038911
-0.0262146
-0.0571577
-0.0803514
-0.0825460
-0.0691036
-0.0602928
-0.0700435
-0.0907822
-0.1024903
-0.0955882
-0.0813577
-0.0791594
-0.0955934
-0.1176913
-0.1264659
-0.1166031
-0.1018089
-0.0999527
-0.1144231
-0.1327741
-0.1431009
-0.1476423
-0.1582780
-0.1812269
-0.2089342
-0.2267018
-0.2263333
-0.2135765
-0.2019776
-0.1985848
-0.1967637
-0.1852258
-0.1632376
-0.1433775
-0.1381999
-0.1467700
-0.1563691
-0.1567454
-0.1513578
-0.1539194
-0.1733506
-0.2028089
-0.2258934
-0.2343129
-0.2362923
-0.2450998
-0.2619445
-0.2742909
-0.2706707
-0.2538687
-0.2386709
-0.2381465
-0.2524178
-0.2699110
-0.2793326
-0.2801125
-0.2802196
-0.2847239
-0.2897254
-0.2886345
-0.2815511
-0.2759756
-0.2792532
-0.2917342
-0.3066990
-0.3164246
-0.3189919
-0.3186952
-0.3183873
-0.3127637
-0.2928027
-0.2575849
-0.2187894
-0.1917376
-0.1830299
-0.1872372
-0.1940923
-0.1983586
-0.2035725
-0.2160772
-0.2351215
-0.2507749
-0.2535680
-0.2445328
-0.2329306
-0.2250239
-0.2181558
-0.2058128
-0.1855219
-0.1600920
-0.1314121
-0.0935720
-0.0335179
0.0589295
0.1812292
0.3205707
0.4661142
0.6139025
0.7554818
0.8633192
0.8921059
0.7985197
0.5656729
0.2174776
-0.1842103
-0.5587586
-0.8336878
-0.9673146
-0.9593333
-0.8473721
-0.6896099
-0.5383702
-0.4192332
-0.3301652
-0.2582955
-0.1968162
-0.1491128
-0.1220644
-0.1170732
-0.1256545
-0.1337307
-0.1327077
-0.1265955
-0.1259668
-0.1345074
-0.1434490
-0.1399485
-0.1201760
-0.0941675
-0.0776972
-0.0777496
-0.0855250
-0.0859229
-0.0743528
-0.0606108
-0.0545021
-0.0521750
-0.0412900
-0.0175853
0.0087828
0.0240946
0.0254272
0.0230181
0.0292796
0.0464105
0.0658136
0.0798961
0.0917002
0.1097445
0.1354016
0.1610026
0.1814695
0.2028471
0.2360151
0.2839936
0.3378304
0.3845530
0.4188711
0.4479475
0.4839164
0.5301320
0.5761412
0.6087173
0.6265357
0.6406966
0.6615911
0.6890982
0.7162284
0.7391708
0.7617620
0.7904102
0.8249162
0.8551711
0.8692425
0.8650453
0.8508819
0.8334810
0.8098828
0.7742665
0.7290462
0.6841053
0.6457319
0.6099988
0.5677791
0.5149183
0.4572365
0.4052907
0.3632467
0.3240864
0.2785646
0.2280353
0.1841763
0.1554710
0.1384079
0.1240166
0.1094345
0.0998066
0.1000476
0.1071075
0.1113195
0.1062623
0.0970533
0.0954906
0.1046537
0.1121389
0.1036451
0.0812205
0.0618106
0.0572100
0.0609135
0.0575451
0.0424858
0.0289118
0.0344196
0.0608300
0.0890322
0.0969059
0.0822326
0.0638081
0.0589564
0.0651370
0.0668720
0.0560080
0.0396328
0.0298285
0.0305332
0.0350057
0.0337535
0.0240512
0.0115025
0.0017600
-0.0074197
-0.0226405
-0.0443897
-0.0647124
-0.0761553
-0.0789883
-0.0780353
-0.0755200
-0.0687984
-0.0536589
-0.0299372
-0.0055793
0.0066755
0.0006005
-0.0159904
-0.0287526
-0.0319286
-0.0330707
-0.0431767
-0.0651222
-0.0914524
-0.1108986
-0.1174359
-0.1149370
-0.1122175
-0.1126031
-0.1109087
-0.1022339
-0.0900182
-0.0821171
-0.0818047
-0.0864010
-0.0928473
-0.1009485
-0.1115507
-0.1234068
-0.1316427
-0.1302390
-0.1191714
-0.1085649
-0.1105681
-0.1254350
-0.1402884
-0.1442076
-0.1407627
-0.1427088
-0.1567414
-0.1758596
-0.1857193
-0.1782781
-0.1608614
-0.1508979
-0.1589588
-0.1777880
-0.1906967
-0.1889643
-0.1773728
-0.1648380
-0.1549881
-0.1457770
-0.1340915
-0.1204148
-0.1112382
-0.1149240
-0.1316752
-0.1497079
-0.1559150
-0.1495682
-0.1417837
-0.1419042
-0.1472539
-0.1461683
-0.1300236
-0.1035202
-0.0829661
-0.0809944
-0.0925000
-0.1001172
-0.0945954
-0.0842850
-0.0821657
-0.0890681
-0.0936673
-0.0851097
-0.0616621
-0.0292101
0.0059238
0.0439786
0.0925892
0.1592655
0.2441434
0.3432093
0.4566052
0.5874344
0.7300876
0.8612020
0.9404144
0.9186735
0.7551394
0.4428159
0.0274740
-0.4009955
-0.7446226
-0.9379926
-0.9710088
-0.8846461
-0.7428024
-0.5972789
-0.4708277
-0.3667041
-0.2854668
-0.2283397
-0.1912795
-0.1651513
-0.1426922
-0.1222458
-0.1057489
-0.0949698
-0.0877595
-0.0773933
-0.0594096
-0.0395559
-0.0291596
-0.0305294
-0.0328835
-0.0262038
-0.0141630
-0.0091246
-0.0171035
-0.0304660
-0.0340538
-0.0185862
0.0092055
0.0307704
0.0338714
0.0252363
0.0210719
0.0276728
0.0375488
0.0426723
0.0440688
0.0484626
0.0620596
0.0881249
0.1249938
0.1653726
0.2012989
0.2300124
0.2532328
0.2735616
0.2946418
0.3211342
0.3542967
0.3904936
0.4272476
0.4666701
0.5094146
0.5501014
0.5834067
0.6109637
0.6382632
0.6680907
0.6998854
0.7317907
0.7612085
0.7875042
0.8151128
0.8482152
0.8811832
0.9012357
0.9030605
0.8945389
0.8852946
0.8751281
0.8563708
0.8232777
0.7775833
0.7282715
0.6851403
0.6481435
0.6048532
0.5441306
0.4708244
0.4015602
0.3481706
0.3105991
0.2825088
0.2568150
0.2285196
0.1994337
0.1782931
0.1701762
0.1682768
0.1617532
0.1486579
0.1354597
0.1267553
0.1207074
0.1122646
0.0975934
0.0788421
0.0662462
0.0693051
0.0830723
0.0900912
0.0795727
0.0583848
0.0403760
0.0320105
0.0312011
0.0322161
0.0279335
0.0144591
-0.0026004
-0.0121559
-0.0103364
-0.0043124
-0.0034361
-0.0122266
-0.0303521
-0.0520189
-0.0673231
-0.0729758
-0.0802466
-0.1030946
-0.1389686
-0.1695788
-0.1801539
-0.1714901
-0.1556671
-0.1468360
-0.1525128
-0.1659329
-0.1698010
-0.1543653
-0.1286946
-0.1093382
-0.1034602
-0.1078768
-0.1165638
-0.1221415
-0.1177094
-0.1051444
-0.0956321
-0.0961228
-0.1018159
-0.1061972
-0.1096866
-0.1135145
-0.1147285
-0.1134621
-0.1167835
-0.1293752
-0.1466735
-0.1604164
-0.1649452
-0.1584265
-0.1465056
-0.1433432
-0.1581884
-0.1818302
-0.1972716
-0.2017758
-0.2063090
-0.2161293
-0.2263065
-0.2350650
-0.2467530
-0.2607082
-0.2694883
-0.2690784
-0.2617069
-0.2502099
-0.2376212
-0.2282051
-0.2211509
-0.2091992
-0.1905158
-0.1734184
-0.1625912
-0.1524397
-0.1422154
-0.1428458
-0.1566855
-0.1647639
-0.1494238
-0.1197263
-0.1010252
-0.1067790
-0.1298138
-0.1530123
-0.1620384
-0.1569058
-0.1548085
-0.1707202
-0.1950594
-0.2053610
-0.1986241
-0.1925863
-0.1952261
-0.1958876
-0.1896481
-0.1874484
-0.1958416
-0.2059509
-0.2079187
-0.2007475
-0.1864065
-0.1683082
-0.1518659
-0.1309648
-0.0813907
0.0141914
0.1436671
0.2856841
0.4380270
0.6017574
0.7489381
0.8307967
0.8092612
0.6640841
0.3910045
0.0230186
-0.3595521
-0.6686811
-0.8558946
-0.9152594
-0.8674420
-0.7586403
-0.6451520
-0.5523674
-0.4680852
-0.3881074
-0.3352707
-0.3177045
-0.3073726
-0.2820043
-0.2526523
-0.2320415
-0.2148167
-0.2041623
-0.2141282
-0.2327490
-0.2316613
-0.2213958
-0.2397960
-0.2778672
-0.2843477
-0.2533572
-0.2326003
-0.2349384
-0.2262121
-0.2099935
-0.2259304
-0.2519240
-0.2239110
-0.1715022
-0.1921698
-0.2470413
-0.1442302
0.1841107
