-0.4545993
-0.4751710
-0.4019025
-0.3496877
-0.3508207
-0.3495042
-0.3175699
-0.2831525
-0.2612636
-0.2361713
-0.2092744
-0.2004077
-0.2032056
-0.1925966
-0.1735914
-0.1750058
-0.1983277
-0.2164354
-0.2201601
-0.2265898
-0.2430286
-0.2574592
-0.2633967
-0.2650405
-0.2607730
-0.2466102
-0.2308364
-0.2228289
-0.2143933
-0.1927170
-0.1634026
-0.1412776
-0.1271475
-0.1113901
-0.0915775
-0.0708511
-0.0486029
-0.0266796
-0.0137857
-0.0103431
-0.0003143
0.0287494
0.0675359
0.0978435
0.1138395
0.1217128
0.1287649
0.1408629
0.1605850
0.1815489
0.1945616
0.2031942
0.2212515
0.2509750
0.2764529
0.2831017
0.2718682
0.2501675
0.2202547
0.1812046
0.1336963
0.0803066
0.0279087
-0.0120223
-0.0348164
-0.0519832
-0.0786458
-0.1134875
-0.1417662
-0.1565948
-0.1666006
-0.1828741
-0.2069488
-0.2309630
-0.2432752
-0.2368410
-0.2185033
-0.2062217
-0.2108049
-0.2244838
-0.2327092
-0.2312312
-0.2254886
-0.2197684
-0.2145495
-0.2097715
-0.2041416
-0.1949345
-0.1829241
-0.1730922
-0.1673046
-0.1618365
-0.1549193
-0.1502392
-0.1496206
-0.1482556
-0.1403153
-0.1242692
-0.1012452
-0.0737548
-0.0463304
-0.0201277
0.0146314
0.0742298
0.1674228
0.2897971
0.4300693
0.5739126
0.7002284
0.7800738
0.7829658
0.6859338
0.4847649
0.2061566
-0.0928350
-0.3475698
-0.5150695
-0.5858892
-0.5770867
-0.5206448
-0.4522370
-0.3980364
-0.3661933
-0.3507808
-0.3421820
-0.3336575
-0.3238895
-0.3172742
-0.3180300
-0.3213215
-0.3150467
-0.2937853
-0.2662187
-0.2448321
-0.2321568
-0.2207803
-0.2037679
-0.1819998
-0.1632292
-0.1549734
-0.1559808
-0.1554366
-0.1445776
-0.1280473
-0.1184970
-0.1206508
-0.1268800
-0.1286861
-0.1258266
-0.1219668
-0.1165556
-0.1044163
-0.0819046
-0.0528601
-0.0288809
-0.0206809
-0.0261349
-0.0298274
-0.0185010
0.0054306
0.0295684
0.0476614
0.0649961
0.0894318
0.1220018
0.1563332
0.1845962
0.2044510
0.2210377
0.2399264
0.2577081
0.2639030
0.2541209
0.2368105
0.2238112
0.2177137
0.2116424
0.1986093
0.1780299
0.1548483
0.1344147
0.1174195
0.0999272
0.0798918
0.0614844
0.0486047
0.0354234
0.0096132
-0.0333259
-0.0832079
-0.1243944
-0.1492325
-0.1618377
-0.1714743
-0.1830180
-0.1923865
-0.1918526
-0.1809004
-0.1692443
-0.1664719
-0.1714991
-0.1760773
-0.1764107
-0.1765088
-0.1806918
-0.1869566
-0.1886726
-0.1812804
-0.1675286
-0.1563661
-0.1546528
-0.1595032
-0.1618493
-0.1582692
-0.1549708
-0.1579019
-0.1632838
-0.1619272
-0.1505494
-0.1349348
-0.1222917
-0.1127763
-0.0993696
-0.0768402
-0.0513410
-0.0383787
-0.0475299
-0.0705994
-0.0897153
-0.0970742
-0.1018057
-0.1163547
-0.1408886
-0.1639627
-0.1759084
-0.1785389
-0.1815795
-0.1904841
-0.1992126
-0.1974380
-0.1848386
-0.1738015
-0.1751659
-0.1852704
-0.1918081
-0.1899423
-0.1867676
-0.1898005
-0.1961749
-0.1958364
-0.1837289
-0.1666728
-0.1571025
-0.1597535
-0.1663391
-0.1657409
-0.1577363
-0.1520038
-0.1537065
-0.1561323
-0.1504632
-0.1380094
-0.1280424
-0.1256002
-0.1258021
-0.1204121
-0.1073723
-0.0923857
-0.0812430
-0.0720827
-0.0581273
-0.0390459
-0.0255603
-0.0283065
-0.0440247
-0.0582088
-0.0617285
-0.0600338
-0.0642274
-0.0767462
-0.0888593
-0.0911595
-0.0841018
-0.0769128
-0.0761472
-0.0775528
-0.0725004
-0.0616808
-0.0567058
-0.0651331
-0.0786196
-0.0815246
-0.0696030
-0.0547437
-0.0504691
-0.0567731
-0.0617226
-0.0564808
-0.0456994
-0.0410028
-0.0450498
-0.0463734
-0.0333400
-0.0099928
0.0084739
0.0163125
0.0267462
0.0575741
0.1119482
0.1786064
0.2493845
0.3306997
0.4346536
0.5600207
0.6849005
0.7795821
0.8245623
0.8124886
0.7349786
0.5788784
0.3460512
0.0755004
-0.1647154
-0.3161205
-0.3638329
-0.3359815
-0.2747542
-0.2090489
-0.1492139
-0.0985237
-0.0618227
-0.0413306
-0.0297399
-0.0152588
0.0049738
0.0216253
0.0261639
0.0230230
0.0245025
0.0357434
0.0495454
0.0563321
0.0557007
0.0562207
0.0651065
0.0803545
0.0944585
0.1049140
0.1175251
0.1371737
0.1585480
0.1710828
0.1726944
0.1734242
0.1834978
0.2014452
0.2169862
0.2237941
0.2263625
0.2340669
0.2502625
0.2689840
0.2831397
0.2945092
0.3124981
0.3422053
0.3771531
0.4065451
0.4272350
0.4449076
0.4649717
0.4869069
0.5084121
0.5313804
0.5607242
0.5977526
0.6369665
0.6712663
0.7002223
0.7304222
0.7651434
0.7959437
0.8097620
0.8052844
0.7971772
0.8004104
0.8129989
0.8181778
0.8028630
0.7705679
0.7354627
0.7063020
0.6788049
0.6441537
0.6024777
0.5642614
0.5376194
0.5179768
0.4938872
0.4610830
0.4263891
0.3980647
0.3768341
0.3581380
0.3398923
0.3248943
0.3162521
0.3127485
0.3098519
0.3049509
0.3001330
0.2984303
0.2983972
0.2955103
0.2895851
0.2872912
0.2946048
0.3088180
0.3211660
0.3266702
0.3287197
0.3338945
0.3444694
0.3570166
0.3675496
0.3768344
0.3896040
0.4084683
0.4307828
0.4543422
0.4858683
0.5406066
0.6313904
0.7579802
0.9057373
1.0515452
1.1700222
1.2368506
1.2302130
1.1332893
0.9414242
0.6731097
0.3749926
0.1098377
-0.0702987
-0.1481382
-0.1449504
-0.1019784
-0.0541626
-0.0155374
0.0154660
0.0412014
0.0584705
0.0654057
0.0683116
0.0766855
0.0927169
0.1095404
0.1199218
0.1236288
0.1254649
0.1286879
0.1327226
0.1369358
0.1442475
0.1585479
0.1781785
0.1945787
0.2001782
0.1967834
0.1931001
0.1939802
0.1956042
0.1925808
0.1865095
0.1845041
0.1905565
0.2013546
0.2111376
0.2187559
0.2281019
0.2414274
0.2542884
0.2600596
0.2598059
0.2640789
0.2818029
0.3092555
0.3339993
0.3494746
0.3617011
0.3801444
0.4053056
0.4286301
0.4437889
0.4545340
0.4693005
0.4893724
0.5057728
0.5094242
0.5016678
0.4910180
0.4806670
0.4646006
0.4380545
0.4070350
0.3826016
0.3673331
0.3523320
0.3284632
0.2968914
0.2660294
0.2399459
0.2134833
0.1802181
0.1428578
0.1120742
0.0943376
0.0840789
0.0703492
0.0491264
0.0257113
0.0061498
-0.0093735
-0.0238161
-0.0379393
-0.0504987
-0.0619705
-0.0750488
-0.0910291
-0.1073345
-0.1198366
-0.1274455
-0.1332588
-0.1403745
-0.1476262
-0.1515193
-0.1522546
-0.1549384
-0.1632193
-0.1739027
-0.1803214
-0.1798833
-0.1756525
-0.1707352
-0.1638564
-0.1518497
-0.1352201
-0.1193296
-0.1094147
-0.1053506
-0.1029316
-0.1004380
-0.1015098
-0.1094679
-0.1207059
-0.1275443
-0.1277477
-0.1273812
-0.1325802
-0.1417899
-0.1493444
-0.1548555
-0.1645549
-0.1819876
-0.2005464
-0.2090798
-0.2052958
-0.2002929
-0.2068171
-0.2244213
-0.2403554
-0.2456737
-0.2456796
-0.2510583
-0.2623397
-0.2691960
-0.2651204
-0.2570765
-0.2573272
-0.2686996
-0.2822392
-0.2892592
-0.2916510
-0.2974699
-0.3082208
-0.3152149
-0.3105085
-0.2979945
-0.2891042
-0.2882234
-0.2874277
-0.2777028
-0.2614663
-0.2499876
-0.2498652
-0.2562577
-0.2604361
-0.2609894
-0.2647286
-0.2769739
-0.2938963
-0.3067758
-0.3128508
-0.3185027
-0.3301204
-0.3446093
-0.3525405
-0.3501061
-0.3443221
-0.3451651
-0.3550407
-0.3679887
-0.3779168
-0.3850109
-0.3932639
-0.4032110
-0.4094633
-0.4067074
-0.3970616
-0.3891100
-0.3890068
-0.3943690
-0.3981232
-0.3967043
-0.3924811
-0.3889207
-0.3856810
-0.3791397
-0.3666955
-0.3497578
-0.3325043
-0.3178871
-0.3052113
-0.2917414
-0.2753658
-0.2535767
-0.2196185
-0.1621228
-0.0712520
0.0536539
0.2018844
0.3556510
0.4959031
0.6044097
0.6615905
0.6455316
0.5389046
0.3428779
0.0865337
-0.1797289
-0.4047790
-0.5567743
-0.6302712
-0.6403893
-0.6120073
-0.5704356
-0.5349524
-0.5145051
-0.5065701
-0.5016616
-0.4926231
-0.4813097
-0.4751400
-0.4767307
-0.4794228
-0.4751785
-0.4650945
-0.4584571
-0.4607534
-0.4655595
-0.4608616
-0.4427785
-0.4204201
-0.4057099
-0.3999320
-0.3933731
-0.3787638
-0.3612259
-0.3508649
-0.3469210
-0.3350881
-0.3037040
-0.2596269
-0.2235293
-0.2089469
-0.2088807
-0.2048452
-0.1875436
-0.1657406
-0.1541019
-0.1551864
-0.1571049
-0.1488448
-0.1335237
-0.1231934
-0.1227664
-0.1238593
-0.1154806
-0.0970852
-0.0779390
-0.0647271
-0.0531535
-0.0333857
-0.0023293
0.0321228
0.0598492
0.0794107
0.0977897
0.1199625
0.1420909
0.1565900
0.1615018
0.1619310
0.1626952
0.1622641
0.1551651
0.1391508
0.1183260
0.0986900
0.0814113
0.0619910
0.0367680
0.0090681
-0.0129114
-0.0244355
-0.0290219
-0.0343927
-0.0447260
-0.0577201
-0.0687171
-0.0766931
-0.0856177
-0.0997265
-0.1179367
-0.1342723
-0.1445876
-0.1517009
-0.1622131
-0.1785929
-0.1962912
-0.2093225
-0.2173143
-0.2256198
-0.2385659
-0.2537902
-0.2644025
-0.2668697
-0.2654664
-0.2674640
-0.2744147
-0.2804050
-0.2797855
-0.2747094
-0.2729570
-0.2787710
-0.2876407
-0.2906521
-0.2831852
-0.2689337
-0.2558310
-0.2485373
-0.2449970
-0.2398228
-0.2298500
-0.2153603
-0.1961793
-0.1677920
-0.1219782
-0.0514648
0.0452137
0.1622767
0.2896629
0.4169670
0.5324016
0.6159864
0.6361821
0.5609133
0.3806338
0.1253113
-0.1423556
-0.3564738
-0.4798058
-0.5156763
-0.4948270
-0.4518508
-0.4099007
-0.3792348
-0.3616260
-0.3532337
-0.3473435
-0.3398738
-0.3334646
-0.3340570
-0.3427026
-0.3526935
-0.3564069
-0.3539790
-0.3528203
-0.3576005
-0.3624474
-0.3558662
-0.3341626
-0.3076793
-0.2911961
-0.2887170
-0.2902960
-0.2842386
-0.2696619
-0.2550140
-0.2459129
-0.2377783
-0.2215568
-0.1948135
-0.1646657
-0.1391714
-0.1176677
-0.0920294
-0.0576710
-0.0207580
0.0077804
0.0246631
0.0382581
0.0594108
0.0897008
0.1200589
0.1405798
0.1504301
0.1574405
0.1686048
0.1826492
0.1931389
0.1978553
0.2023716
0.2129786
0.2276660
0.2364859
0.2311151
0.2125117
0.1881853
0.1627513
0.1329333
0.0930415
0.0447908
-0.0005789
-0.0319047
-0.0494341
-0.0645996
-0.0877148
-0.1171882
-0.1421313
-0.1548606
-0.1590749
-0.1650300
-0.1776148
-0.1907964
-0.1946554
-0.1869744
-0.1758496
-0.1701111
-0.1690205
-0.1637534
-0.1487732
-0.1291753
-0.1152437
-0.1108996
-0.1096530
-0.1026664
-0.0895963
-0.0796563
-0.0814147
-0.0930511
-0.1047159
-0.1103463
-0.1145374
-0.1258355
-0.1445414
-0.1600803
-0.1616941
-0.1505906
-0.1398893
-0.1420801
-0.1571646
-0.1738712
-0.1821744
-0.1830491
-0.1849349
-0.1921052
-0.1993714
-0.1990620
-0.1909026
-0.1824221
-0.1797423
-0.1802911
-0.1762970
-0.1648364
-0.1522128
-0.1468340
-0.1485260
-0.1472293
-0.1333548
-0.1078664
-0.0801376
-0.0562490
-0.0313549
0.0061633
0.0652095
0.1482328
0.2553141
0.3878912
0.5445042
0.7109862
0.8554716
0.9357075
0.9156298
0.7812271
0.5482792
0.2606763
-0.0201288
-0.2343219
-0.3467715
-0.3616233
-0.3168040
-0.2598516
-0.2213448
-0.2043853
-0.1952254
-0.1827749
-0.1688473
-0.1620027
-0.1647786
-0.1694750
-0.1663715
-0.1539553
-0.1396327
-0.1311243
-0.1286896
-0.1260935
-0.1180620
-0.1054892
-0.0930859
-0.0830132
-0.0723062
-0.0568069
-0.0363025
-0.0146129
0.0048302
0.0221464
0.0396978
0.0588566
0.0789116
0.0989046
0.1199202
0.1451421
0.1772823
0.2156705
0.2559146
0.2926008
0.3224240
0.3450637
0.3618985
0.3746182
0.3850139
0.3954108
0.4084387
0.4255565
0.4454541
0.4645307
0.4799615
0.4923826
0.5047480
0.5183893
0.5312381
0.5406329
0.5470011
0.5532935
0.5604109
0.5641680
0.5579836
0.5389998
0.5110446
0.4808938
0.4518305
0.4219454
0.3891137
0.3562125
0.3295769
0.3121748
0.2998253
0.2852918
0.2657606
0.2454272
0.2306496
0.2234122
0.2204597
0.2187391
0.2202021
0.2295659
0.2473342
0.2668482
0.2796979
0.2834608
0.2825862
0.2815417
0.2787974
0.2691938
0.2519788
0.2344311
0.2254565
0.2254422
0.2243550
0.2116901
0.1878892
0.1640673
0.1499694
0.1439399
0.1363397
0.1219151
0.1062851
0.0990561
0.1019813
0.1063766
0.1031032
0.0934727
0.0879363
0.0936134
0.1051365
0.1097393
0.1009614
0.0855569
0.0763985
0.0798485
0.0910111
0.1003849
0.1032926
0.1022187
0.1014997
0.1022275
0.1034908
0.1071854
0.1189099
0.1427637
0.1761112
0.2108500
0.2400911
0.2633089
0.2856658
0.3140158
0.3546365
0.4138972
0.4982464
0.6100201
0.7406924
0.8675205
0.9578150
0.9790535
0.9095899
0.7466978
0.5112673
0.2469750
0.0096642
-0.1530794
-0.2226098
-0.2158709
-0.1716094
-0.1254643
-0.0925569
-0.0692550
-0.0481904
-0.0296246
-0.0190227
-0.0172229
-0.0170308
-0.0107061
0.0011230
0.0103050
0.0110856
0.0074940
0.0093457
0.0211945
0.0370297
0.0472620
0.0502952
0.0552152
0.0720180
0.1001400
0.1280915
0.1445307
0.1486896
0.1493843
0.1545569
0.1630790
0.1673285
0.1629942
0.1548593
0.1521520
0.1588628
0.1699035
0.1771073
0.1780204
0.1777778
0.1825681
0.1925616
0.2024054
0.2085510
0.2146403
0.2280867
0.2512604
0.2777121
0.2986651
0.3127370
0.3272404
0.3489394
0.3750138
0.3954473
0.4047307
0.4090724
0.4196034
0.4383970
0.4536703
0.4510178
0.4288106
0.4000971
0.3785214
0.3645392
0.3477412
0.3215819
0.2920381
0.2697359
0.2558018
0.2394685
0.2107905
0.1728893
0.1384743
0.1148060
0.0957793
0.0709941
0.0402436
0.0148142
0.0035562
0.0010868
-0.0068378
-0.0269242
-0.0507004
-0.0648387
-0.0670934
-0.0689939
-0.0822999
-0.1052038
-0.1241414
-0.1286729
-0.1221992
-0.1169981
-0.1204325
-0.1283604
-0.1321093
-0.1295120
-0.1268968
-0.1304876
-0.1381093
-0.1413354
-0.1357122
-0.1269217
-0.1250419
-0.1328783
-0.1418839
-0.1411305
-0.1297494
-0.1186345
-0.1189356
-0.1299010
-0.1396612
-0.1381431
-0.1277873
-0.1205034
-0.1250224
-0.1391530
-0.1546318
-0.1670965
-0.1787678
-0.1920193
-0.2038648
-0.2093366
-0.2091503
-0.2108699
-0.2211159
-0.2382102
-0.2545390
-0.2657973
-0.2755423
-0.2893468
-0.3061085
-0.3179155
-0.3191490
-0.3135892
-0.3104091
-0.3137162
-0.3184469
-0.3175802
-0.3115452
-0.3079542
-0.3118511
-0.3186018
-0.3185168
-0.3078451
-0.2927276
-0.2812772
-0.2738117
-0.2637262
-0.2479746
-0.2334200
-0.2299472
-0.2381130
-0.2469937
-0.2460467
-0.2372795
-0.2328342
-0.2405307
-0.2548264
-0.2642420
-0.2659582
-0.2692011
-0.2829228
-0.3031387
-0.3161053
-0.3139487
-0.3037862
-0.2993502
-0.3055790
-0.3147430
-0.3177201
-0.3153240
-0.3155518
-0.3212878
-0.3251471
-0.3184281
-0.3025116
-0.2877130
-0.2808636
-0.2776312
-0.2695110
-0.2561236
-0.2459504
-0.2432205
-0.2372748
-0.2092866
-0.1503035
-0.0696414
0.0170554
0.1066429
