-0.1816532
-0.1901611
-0.2053594
-0.2120518
-0.2027220
-0.1848387
-0.1718482
-0.1694081
-0.1721974
-0.1730608
-0.1721942
-0.1753982
-0.1843178
-0.1912624
-0.1857095
-0.1657530
-0.1415940
-0.1266126
-0.1250771
-0.1292541
-0.1287344
-0.1220289
-0.1183705
-0.1280070
-0.1510052
-0.1758292
-0.1890898
-0.1872022
-0.1793188
-0.1792252
-0.1936617
-0.2172864
-0.2383811
-0.2498109
-0.2549398
-0.2628171
-0.2774200
-0.2921591
-0.2960068
-0.2853953
-0.2691060
-0.2601531
-0.2628731
-0.2693889
-0.2695638
-0.2630385
-0.2591124
-0.2643748
-0.2729408
-0.2716737
-0.2550767
-0.2325279
-0.2188656
-0.2185183
-0.2209861
-0.2127089
-0.1920054
-0.1706519
-0.1608223
-0.1620780
-0.1623628
-0.1513222
-0.1314582
-0.1158467
-0.1154752
-0.1291567
-0.1453616
-0.1532968
-0.1521858
-0.1501877
-0.1546573
-0.1637089
-0.1675038
-0.1578092
-0.1358963
-0.1104515
-0.0874834
-0.0626709
-0.0241397
0.0375569
0.1234601
0.2307439
0.3612807
0.5212649
0.7078265
0.8942484
1.0303755
1.0626206
0.9607424
0.7332037
0.4230712
0.0905877
-0.2059494
-0.4239077
-0.5438817
-0.5717165
-0.5337722
-0.4651276
-0.3952359
-0.3387708
-0.2963029
-0.2623117
-0.2333683
-0.2106541
-0.1963953
-0.1888995
-0.1819044
-0.1697577
-0.1536514
-0.1419113
-0.1425538
-0.1546244
-0.1674581
-0.1700443
-0.1621227
-0.1553670
-0.1618668
-0.1805172
-0.1957572
-0.1915337
-0.1672203
-0.1390379
-0.1249516
-0.1282253
-0.1362034
-0.1347009
-0.1219990
-0.1076644
-0.0989267
-0.0915069
-0.0760217
-0.0517339
-0.0297804
-0.0206950
-0.0211379
-0.0169354
0.0000523
0.0214366
0.0318519
0.0283343
0.0265719
0.0454571
0.0866888
0.1326438
0.1651800
0.1842186
0.2056741
0.2422575
0.2894476
0.3315262
0.3593911
0.3799544
0.4078057
0.4492063
0.4953773
0.5311778
0.5494622
0.5566049
0.5645215
0.5781904
0.5914493
0.5946639
0.5856757
0.5724043
0.5642421
0.5611404
0.5522552
0.5264738
0.4841703
0.4373079
0.3972787
0.3637092
0.3267541
0.2802757
0.2308828
0.1922847
0.1707489
0.1575014
0.1367180
0.1010244
0.0581885
0.0220831
-0.0019935
-0.0216665
-0.0472361
-0.0785774
-0.1036386
-0.1101681
-0.0983133
-0.0810009
-0.0717042
-0.0722660
-0.0734559
-0.0673487
-0.0575098
-0.0552065
-0.0657614
-0.0808218
-0.0859845
-0.0759252
-0.0606029
-0.0557298
-0.0675687
-0.0878185
-0.1031318
-0.1083563
-0.1097012
-0.1159660
-0.1284947
-0.1401527
-0.1429076
-0.1355788
-0.1249097
-0.1198553
-0.1241320
-0.1332252
-0.1389152
-0.1377644
-0.1350224
-0.1388381
-0.1502401
-0.1605237
-0.1605061
-0.1519714
-0.1472331
-0.1554651
-0.1710517
-0.1788978
-0.1719516
-0.1599436
-0.1574750
-0.1651862
-0.1677648
-0.1525909
-0.1268632
-0.1119201
-0.1206142
-0.1437708
-0.1609209
-0.1624069
-0.1578726
-0.1629524
-0.1807555
-0.1989601
-0.2040045
-0.1950961
-0.1834523
-0.1801295
-0.1866793
-0.1967055
-0.2039583
-0.2079091
-0.2124611
-0.2203174
-0.2288415
-0.2315899
-0.2244325
-0.2104107
-0.1980759
-0.1942425
-0.1979837
-0.2021022
-0.2011203
-0.1975669
-0.1988722
-0.2068390
-0.2113203
-0.1973554
-0.1606220
-0.1150387
-0.0826519
-0.0742953
-0.0801605
-0.0802450
-0.0644885
-0.0419567
-0.0293134
-0.0308613
-0.0321398
-0.0143563
0.0268881
0.0803819
0.1369785
0.2051214
0.3053050
0.4486822
0.6228317
0.7987783
0.9486153
1.0519623
1.0859095
1.0177190
0.8205790
0.5049132
0.1327998
-0.2065895
-0.4448470
-0.5658594
-0.5975750
-0.5783657
-0.5316475
-0.4665628
-0.3928154
-0.3266792
-0.2812308
-0.2551301
-0.2355294
-0.2124469
-0.1879944
-0.1707869
-0.1635548
-0.1587682
-0.1467501
-0.1267904
-0.1089950
-0.1044721
-0.1136298
-0.1249774
-0.1265171
-0.1181556
-0.1114278
-0.1160178
-0.1274721
-0.1302591
-0.1142014
-0.0870874
-0.0688124
-0.0716092
-0.0871306
-0.0952767
-0.0858121
-0.0685308
-0.0603072
-0.0642803
-0.0655567
-0.0481271
-0.0129900
0.0232847
0.0473484
0.0633747
0.0865449
0.1234073
0.1622101
0.1853013
0.1900582
0.1940473
0.2174418
0.2615637
0.3070468
0.3336169
0.3402962
0.3449461
0.3644499
0.3973392
0.4275186
0.4441115
0.4542987
0.4744178
0.5102439
0.5497994
0.5765307
0.5866605
0.5907757
0.5991235
0.6086433
0.6067301
0.5870248
0.5586881
0.5378007
0.5298022
0.5225599
0.4983330
0.4521419
0.3972311
0.3523443
0.3242324
0.3028828
0.2737157
0.2340436
0.1965343
0.1754075
0.1698388
0.1633485
0.1408724
0.1047314
0.0712322
0.0517121
0.0399832
0.0209593
-0.0092694
-0.0356590
-0.0394165
-0.0202714
0.0000341
-0.0012205
-0.0248928
-0.0509413
-0.0614308
-0.0586629
-0.0585993
-0.0694323
-0.0814914
-0.0797518
-0.0632242
-0.0477871
-0.0486688
-0.0630009
-0.0734143
-0.0688776
-0.0577312
-0.0566078
-0.0682684
-0.0756603
-0.0607176
-0.0268378
0.0013777
0.0023302
-0.0204291
-0.0427505
-0.0465353
-0.0387993
-0.0416407
-0.0650576
-0.0945075
-0.1073720
-0.0983716
-0.0845441
-0.0855453
-0.1030827
-0.1220184
-0.1294727
-0.1287206
-0.1327377
-0.1467624
-0.1614803
-0.1646887
-0.1565918
-0.1499498
-0.1554086
-0.1700400
-0.1820513
-0.1848350
-0.1836066
-0.1877405
-0.1983312
-0.2053844
-0.1981224
-0.1770732
-0.1540993
-0.1400907
-0.1346305
-0.1295941
-0.1215868
-0.1175011
-0.1262735
-0.1467144
-0.1659443
-0.1710599
-0.1620640
-0.1522657
-0.1551950
-0.1714406
-0.1890754
-0.1965404
-0.1936233
-0.1895278
-0.1918681
-0.1990443
-0.2030727
-0.1988516
-0.1901682
-0.1861411
-0.1911604
-0.1989472
-0.1983581
-0.1856817
-0.1694753
-0.1614556
-0.1631542
-0.1636312
-0.1513910
-0.1275094
-0.1051360
-0.0955457
-0.0966181
-0.0974182
-0.0931594
-0.0911784
-0.0994603
-0.1125155
-0.1143099
-0.0964770
-0.0696604
-0.0532625
-0.0547611
-0.0620790
-0.0571897
-0.0349656
-0.0057887
0.0206556
0.0512682
0.1064108
0.2012795
0.3327672
0.4848144
0.6427650
0.7980728
0.9380683
1.0338395
1.0428399
0.9298374
0.6927835
0.3732051
0.0406922
-0.2387056
-0.4278722
-0.5230088
-0.5412598
-0.5066788
-0.4439564
-0.3770178
-0.3248384
-0.2935725
-0.2735858
-0.2492358
-0.2156056
-0.1849998
-0.1741282
-0.1848278
-0.2003672
-0.2023555
-0.1894733
-0.1771235
-0.1787757
-0.1900806
-0.1935027
-0.1782656
-0.1528707
-0.1354709
-0.1332185
-0.1351636
-0.1268012
-0.1076047
-0.0898352
-0.0812524
-0.0743782
-0.0558298
-0.0238785
0.0076019
0.0241666
0.0273137
0.0325274
0.0503863
0.0730894
0.0831954
0.0747724
0.0619117
0.0647239
0.0891506
0.1224341
0.1470711
0.1570809
0.1608444
0.1700574
0.1874917
0.2059148
0.2181897
0.2266703
0.2412371
0.2684377
0.3040330
0.3369466
0.3602466
0.3778783
0.4001357
0.4318431
0.4655027
0.4882154
0.4965199
0.5025331
0.5228222
0.5610831
0.6033185
0.6303688
0.6342995
0.6226712
0.6082388
0.5955705
0.5777625
0.5456440
0.4992447
0.4495141
0.4091486
0.3823444
0.3625694
0.3385638
0.3028587
0.2570900
0.2105256
0.1723130
0.1440340
0.1203384
0.0969543
0.0762974
0.0637103
0.0591668
0.0551038
0.0439131
0.0270940
0.0149717
0.0153971
0.0231502
0.0233931
0.0073604
-0.0171859
-0.0335076
-0.0330298
-0.0226193
-0.0153365
-0.0171081
-0.0239638
-0.0302916
-0.0366633
-0.0480726
-0.0652814
-0.0803626
-0.0832206
-0.0726937
-0.0591715
-0.0548915
-0.0625049
-0.0741092
-0.0806657
-0.0812488
-0.0833111
-0.0944133
-0.1134287
-0.1299462
-0.1333417
-0.1229293
-0.1086750
-0.1019761
-0.1064445
-0.1170880
-0.1265113
-0.1312189
-0.1331864
-0.1362959
-0.1410115
-0.1428507
-0.1373026
-0.1263834
-0.1188512
-0.1227546
-0.1378361
-0.1557361
-0.1681071
-0.1749040
-0.1840674
-0.2014915
-0.2214563
-0.2299557
-0.2197673
-0.2005112
-0.1905751
-0.1987983
-0.2162685
-0.2268998
-0.2245270
-0.2181843
-0.2207557
-0.2336976
-0.2445103
-0.2399766
-0.2205499
-0.1996837
-0.1894745
-0.1896888
-0.1915735
-0.1893747
-0.1851933
-0.1832866
-0.1825601
-0.1767465
-0.1623790
-0.1454451
-0.1376285
-0.1441119
-0.1564466
-0.1605533
-0.1523575
-0.1431160
-0.1476465
-0.1681415
-0.1908207
-0.1987215
-0.1878899
-0.1713034
-0.1665886
-0.1794931
-0.1997373
-0.2128947
-0.2147313
-0.2131047
-0.2176708
-0.2297837
-0.2418154
-0.2446809
-0.2362599
-0.2234649
-0.2154108
-0.2134692
-0.2088693
-0.1915840
-0.1611843
-0.1273409
-0.0991191
-0.0745152
-0.0414087
0.0106762
0.0803974
0.1582278
0.2412490
0.3412091
0.4728401
0.6329189
0.7936279
0.9173547
0.9748017
0.9477151
0.8213187
0.5868046
0.2603879
-0.1008786
-0.4126460
-0.6067430
-0.6712555
-0.6499327
-0.6005078
-0.5523550
-0.5017520
-0.4398541
-0.3756584
-0.3296767
-0.3115930
-0.3107850
-0.3094283
-0.3012265
-0.2942914
-0.2964623
-0.3020162
-0.2964159
-0.2729294
-0.2401094
-0.2115694
-0.1921258
-0.1769036
-0.1615026
-0.1485885
-0.1436707
-0.1467243
-0.1498091
-0.1435737
-0.1264698
-0.1071277
-0.0964254
-0.0969728
-0.1012989
-0.1002524
-0.0918171
-0.0814459
-0.0749433
-0.0715060
-0.0635387
-0.0442402
-0.0163268
0.0083125
0.0199054
0.0208826
0.0221088
0.0296815
0.0391748
0.0443326
0.0482835
0.0622659
0.0925165
0.1307633
0.1608650
0.1760450
0.1870018
0.2093298
0.2437483
0.2741837
0.2880100
0.2937487
0.3132776
0.3572532
0.4128919
0.4575388
0.4814554
0.4946269
0.5117714
0.5337042
0.5464469
0.5387297
0.5166079
0.4972240
0.4895071
0.4852584
0.4697227
0.4369609
0.3929014
0.3464960
0.3015333
0.2569292
0.2125737
0.1729140
0.1436214
0.1247307
0.1089199
0.0882592
0.0616730
0.0339300
0.0081756
-0.0180116
-0.0486802
-0.0829453
-0.1129189
-0.1287505
-0.1277975
-0.1197649
-0.1201987
-0.1361239
-0.1591334
-0.1750266
-0.1794394
-0.1812591
-0.1904602
-0.2051342
-0.2126585
-0.2039995
-0.1856044
-0.1746345
-0.1809380
-0.1960050
-0.2032534
-0.1980573
-0.1923716
-0.1980041
-0.2102187
-0.2123941
-0.1954551
-0.1687094
-0.1504160
-0.1494287
-0.1578685
-0.1621402
-0.1592959
-0.1592975
-0.1704278
-0.1866979
-0.1941364
-0.1881768
-0.1798864
-0.1835729
-0.2011128
-0.2204100
-0.2283498
-0.2242560
-0.2204815
-0.2293334
-0.2496029
-0.2677016
-0.2725884
-0.2670891
-0.2628662
-0.2668368
-0.2757300
-0.2829375
-0.2871682
-0.2928688
-0.3029361
-0.3123443
-0.3109728
-0.2946049
-0.2718758
-0.2568342
-0.2542045
-0.2553926
-0.2501151
-0.2382003
-0.2271762
-0.2209227
-0.2149342
-0.2033932
-0.1884672
-0.1799960
-0.1846515
-0.1967088
-0.2033248
-0.2005329
-0.1998226
-0.2140272
-0.2386521
-0.2535586
-0.2449825
-0.2217302
-0.2064439
-0.2122571
-0.2304894
-0.2417303
-0.2377338
-0.2300184
-0.2349754
-0.2525082
-0.2647512
-0.2576360
-0.2384574
-0.2269795
-0.2314218
-0.2390256
-0.2315925
-0.2068025
-0.1812755
-0.1724533
-0.1790105
-0.1815947
-0.1641391
-0.1318170
-0.1043160
-0.0929927
-0.0901912
-0.0817802
-0.0640314
-0.0437794
-0.0249259
0.0003812
0.0467849
0.1242300
0.2322999
0.3651511
0.5196758
0.6944896
0.8776874
1.0371853
1.1274109
1.1087317
0.9648055
0.7097948
0.3863492
0.0546413
-0.2268095
-0.4199673
-0.5152120
-0.5277091
-0.4886017
-0.4335585
-0.3889070
-0.3616126
-0.3413761
-0.3138776
-0.2747608
-0.2340641
-0.2077227
-0.2024974
-0.2087985
-0.2109030
-0.2043341
-0.1992491
-0.2055087
-0.2189899
-0.2260705
-0.2189776
-0.2031426
-0.1902347
-0.1863850
-0.1875368
-0.1856771
-0.1789294
-0.1734629
-0.1741411
-0.1763767
-0.1713295
-0.1574798
-0.1418277
-0.1294586
-0.1170640
-0.0989965
-0.0764575
-0.0575947
-0.0484512
-0.0445023
-0.0323834
-0.0027584
0.0376527
0.0703074
0.0835882
0.0843302
0.0876310
0.0985261
0.1088490
0.1111310
0.1103753
0.1198898
0.1468015
0.1830437
0.2121648
0.2267045
0.2372329
0.2601557
0.2970449
0.3318240
0.3505538
0.3587523
0.3747958
0.4087466
0.4515898
0.4848216
0.4985128
0.4996050
0.5023613
0.5108983
0.5141563
0.5007318
0.4751732
0.4536636
0.4442771
0.4375275
0.4179840
0.3809130
0.3352787
0.2927830
0.2559489
0.2171438
0.1700275
0.1211512
0.0857313
0.0694927
0.0593440
0.0371009
-0.0001259
-0.0383680
-0.0641879
-0.0784408
-0.0919954
-0.1111027
-0.1291752
-0.1339425
-0.1232503
-0.1110821
-0.1134503
-0.1295201
-0.1432592
-0.1446945
-0.1418658
-0.1475236
-0.1603376
-0.1664931
-0.1582799
-0.1451392
-0.1439201
-0.1594194
-0.1771195
-0.1785806
-0.1643200
-0.1553390
-0.1669584
-0.1866247
-0.1871490
-0.1610052
-0.1318051
-0.1284564
-0.1543629
-0.1865969
-0.2021674
-0.2006205
-0.2000406
-0.2126742
-0.2287045
-0.2288584
-0.2112553
-0.1966296
-0.2029406
-0.2230830
-0.2358051
-0.2336934
-0.2304856
-0.2407953
-0.2604309
-0.2703910
-0.2579869
-0.2313837
-0.2115892
-0.2097145
-0.2160504
-0.2158812
-0.2114077
-0.2179333
-0.2384578
-0.2539456
-0.2449840
-0.2157181
-0.1890608
-0.1814978
-0.1882676
-0.1924939
-0.1852385
-0.1748684
-0.1756387
-0.1880730
-0.1963155
-0.1882498
-0.1717926
-0.1639766
-0.1687026
-0.1749509
-0.1750298
-0.1742075
-0.1802574
-0.1909379
-0.1956473
-0.1869698
-0.1695047
-0.1576692
-0.1622407
-0.1780010
-0.1889820
-0.1873617
-0.1808038
-0.1781080
-0.1752491
-0.1615626
-0.1340125
-0.0989001
-0.0630376
-0.0278678
0.0114054
0.0650449
0.1444763
0.2565613
0.4040333
0.5879540
0.7992495
1.0046131
1.1491784
1.1803427
1.0711336
0.8283072
0.4909805
0.1235468
-0.2027529
-0.4345326
-0.5510734
-0.5646285
-0.5127913
-0.4423645
-0.3853047
-0.3457774
-0.3137761
-0.2867925
-0.2707176
-0.2650164
-0.2592603
-0.2450931
-0.2244331
-0.2060502
-0.1984639
-0.2034625
-0.2127822
-0.2154786
-0.2113309
-0.2099920
-0.2140752
-0.2132585
-0.2005153
-0.1831907
-0.1699812
-0.1567301
-0.1347331
-0.1061759
-0.0825027
-0.0713264
-0.0696567
-0.0660185
-0.0484497
-0.0171655
0.0113501
0.0215881
0.0184347
0.0186143
0.0261345
0.0310198
0.0309113
0.0368550
0.0553057
0.0792771
0.1005860
0.1186654
0.1352229
0.1506264
0.1660922
0.1814618
0.1943157
0.2088463
0.2371257
0.2809219
0.3225364
0.3467686
0.3611668
0.3803172
0.4023407
0.4179922
0.4320908
0.4577213
0.4967469
0.5402863
0.5800474
0.6086150
0.6204282
0.6215896
0.6239696
0.6228123
0.6002671
0.5581968
0.5221927
0.5029257
0.4807634
0.4405313
0.3928743
0.3483062
0.2999327
0.2458343
0.1995359
0.1662711
0.1374749
0.1146349
0.1048828
0.0920549
0.0546076
0.0113678
-0.0023974
-0.0024273
-0.0343436
-0.0845184
-0.0923351
-0.0617638
-0.0643468
-0.1005039
-0.0641528
0.0925039
