0.1406053
0.1263132
0.1062412
0.0823806
0.0637877
0.0532733
0.0430795
0.0255021
0.0043107
-0.0087877
-0.0089864
-0.0056027
-0.0118607
-0.0295495
-0.0475785
-0.0559273
-0.0572293
-0.0618685
-0.0738680
-0.0860742
-0.0901426
-0.0874265
-0.0866008
-0.0921499
-0.0996336
-0.1034796
-0.1055673
-0.1121971
-0.1237629
-0.1321198
-0.1302466
-0.1215126
-0.1156913
-0.1166176
-0.1180444
-0.1134981
-0.1067565
-0.1079813
-0.1195103
-0.1300239
-0.1261681
-0.1083638
-0.0912703
-0.0878521
-0.0961043
-0.1038469
-0.1044007
-0.1031391
-0.1076996
-0.1159649
-0.1182139
-0.1106042
-0.1018825
-0.1039453
-0.1180280
-0.1340614
-0.1435963
-0.1492884
-0.1590510
-0.1735430
-0.1842475
-0.1847477
-0.1797835
-0.1795729
-0.1868761
-0.1943368
-0.1958835
-0.1966179
-0.2069241
-0.2274657
-0.2448080
-0.2448191
-0.2284530
-0.2109131
-0.2052620
-0.2099845
-0.2141622
-0.2120858
-0.2088636
-0.2115067
-0.2184113
-0.2209317
-0.2142786
-0.2031668
-0.1951003
-0.1904494
-0.1824361
-0.1671303
-0.1504251
-0.1423878
-0.1451444
-0.1490742
-0.1427934
-0.1260378
-0.1105696
-0.1076611
-0.1161538
-0.1245749
-0.1246824
-0.1206413
-0.1231523
-0.1354736
-0.1479297
-0.1477805
-0.1333655
-0.1162094
-0.1085430
-0.1104549
-0.1109699
-0.1007179
-0.0803977
-0.0549583
-0.0211856
0.0354669
0.1300996
0.2654389
0.4303209
0.6086067
0.7851721
0.9407373
1.0434681
1.0524201
0.9367944
0.6978853
0.3762381
0.0385270
-0.2467105
-0.4314955
-0.5016231
-0.4783365
-0.4071089
-0.3353234
-0.2891569
-0.2652476
-0.2441148
-0.2137152
-0.1814866
-0.1644664
-0.1695374
-0.1855827
-0.1954139
-0.1933267
-0.1887581
-0.1931638
-0.2060437
-0.2157169
-0.2127449
-0.2000799
-0.1891243
-0.1873727
-0.1918329
-0.1945431
-0.1926097
-0.1909894
-0.1952993
-0.2033599
-0.2055185
-0.1941019
-0.1721212
-0.1514395
-0.1412938
-0.1386712
-0.1311231
-0.1098901
-0.0794365
-0.0522640
-0.0339286
-0.0152730
0.0179692
0.0678588
0.1191324
0.1535439
0.1685981
0.1795825
0.2022551
0.2357981
0.2654916
0.2815594
0.2916290
0.3119287
0.3478326
0.3871999
0.4146171
0.4294960
0.4463049
0.4766436
0.5146536
0.5432620
0.5538625
0.5560082
0.5655714
0.5853451
0.6008652
0.5961098
0.5705090
0.5378149
0.5091735
0.4808477
0.4405291
0.3839404
0.3220890
0.2713199
0.2380860
0.2151716
0.1920272
0.1664127
0.1448340
0.1330517
0.1284888
0.1227343
0.1104303
0.0944355
0.0820894
0.0769828
0.0748024
0.0672746
0.0501338
0.0271572
0.0062422
-0.0083893
-0.0195937
-0.0326151
-0.0476613
-0.0586761
-0.0604987
-0.0564734
-0.0569286
-0.0688514
-0.0878795
-0.1023592
-0.1059291
-0.1047091
-0.1104733
-0.1270201
-0.1451604
-0.1523193
-0.1462231
-0.1375454
-0.1389320
-0.1529530
-0.1720081
-0.1889823
-0.2052511
-0.2264785
-0.2517066
-0.2696610
-0.2679783
-0.2457770
-0.2155181
-0.1917050
-0.1783795
-0.1683507
-0.1539449
-0.1367458
-0.1257254
-0.1265601
-0.1345787
-0.1392515
-0.1350330
-0.1265866
-0.1231340
-0.1287187
-0.1389799
-0.1471052
-0.1515434
-0.1568582
-0.1673020
-0.1807794
-0.1902063
-0.1909799
-0.1864695
-0.1853909
-0.1934846
-0.2079801
-0.2205279
-0.2255960
-0.2257468
-0.2284460
-0.2378397
-0.2502611
-0.2583270
-0.2591137
-0.2572092
-0.2591033
-0.2654596
-0.2705170
-0.2694653
-0.2647533
-0.2630713
-0.2659480
-0.2653641
-0.2507877
-0.2206314
-0.1850647
-0.1563523
-0.1372889
-0.1208017
-0.1008762
-0.0816546
-0.0737198
-0.0817366
-0.0978515
-0.1087067
-0.1084777
-0.1037760
-0.1055599
-0.1174271
-0.1329494
-0.1439658
-0.1494611
-0.1546284
-0.1616648
-0.1638694
-0.1509474
-0.1199002
-0.0780850
-0.0328862
0.0216614
0.1051084
0.2342327
0.4053602
0.5935712
0.7685753
0.9076489
0.9902270
0.9842294
0.8503856
0.5739381
0.1979784
-0.1800809
-0.4577569
-0.5864612
-0.5913609
-0.5380186
-0.4792527
-0.4284836
-0.3741876
-0.3100759
-0.2475126
-0.2027539
-0.1792084
-0.1658029
-0.1510500
-0.1350825
-0.1263788
-0.1284153
-0.1326731
-0.1266916
-0.1084264
-0.0904246
-0.0880363
-0.1036135
-0.1238201
-0.1334107
-0.1307567
-0.1281394
-0.1365959
-0.1525157
-0.1613019
-0.1538606
-0.1368980
-0.1253908
-0.1264415
-0.1332189
-0.1348928
-0.1294480
-0.1239279
-0.1228973
-0.1203145
-0.1053840
-0.0756237
-0.0414428
-0.0163979
-0.0039394
0.0047066
0.0199100
0.0429118
0.0668387
0.0871846
0.1088769
0.1416096
0.1888176
0.2428061
0.2915637
0.3297943
0.3621288
0.3953779
0.4291563
0.4560547
0.4713206
0.4804991
0.4952300
0.5208267
0.5490979
0.5647499
0.5591596
0.5373890
0.5116280
0.4886184
0.4643910
0.4309979
0.3869614
0.3400527
0.3001805
0.2705806
0.2461649
0.2195447
0.1877237
0.1530729
0.1190279
0.0863041
0.0539557
0.0233556
-0.0006539
-0.0139404
-0.0182477
-0.0208459
-0.0279822
-0.0389788
-0.0479474
-0.0517368
-0.0549887
-0.0655538
-0.0844977
-0.1022748
-0.1068405
-0.0958968
-0.0797589
-0.0710885
-0.0723607
-0.0745260
-0.0678419
-0.0526701
-0.0387960
-0.0348488
-0.0397301
-0.0448175
-0.0436571
-0.0384265
-0.0369016
-0.0440109
-0.0569944
-0.0685329
-0.0740054
-0.0755485
-0.0792181
-0.0882479
-0.0991971
-0.1051824
-0.1032476
-0.0980655
-0.0975152
-0.1046498
-0.1151330
-0.1232530
-0.1293841
-0.1395396
-0.1568743
-0.1752193
-0.1834373
-0.1771062
-0.1647286
-0.1607352
-0.1719328
-0.1914278
-0.2060114
-0.2088403
-0.2046120
-0.2031828
-0.2091279
-0.2174739
-0.2188069
-0.2081742
-0.1894429
-0.1715453
-0.1606240
-0.1556701
-0.1514840
-0.1452691
-0.1395229
-0.1381549
-0.1405836
-0.1411890
-0.1354003
-0.1254641
-0.1186427
-0.1194802
-0.1253505
-0.1308098
-0.1352422
-0.1438264
-0.1600780
-0.1790765
-0.1903339
-0.1880687
-0.1777399
-0.1713835
-0.1762559
-0.1883110
-0.1968994
-0.1956471
-0.1886100
-0.1859115
-0.1933854
-0.2062355
-0.2128067
-0.2052082
-0.1869746
-0.1702174
-0.1646160
-0.1691213
-0.1748747
-0.1756587
-0.1734585
-0.1725516
-0.1700405
-0.1560646
-0.1252305
-0.0856203
-0.0526729
-0.0330524
-0.0171582
0.0100452
0.0527789
0.1038784
0.1620990
0.2450758
0.3775126
0.5632360
0.7714409
0.9532677
1.0700852
1.1022734
1.0340176
0.8432821
0.5225658
0.1150085
-0.2795877
-0.5520261
-0.6515673
-0.6139160
-0.5237517
-0.4484746
-0.4031722
-0.3689667
-0.3326473
-0.3027189
-0.2923217
-0.2974196
-0.2981566
-0.2797552
-0.2470039
-0.2167815
-0.1994338
-0.1902095
-0.1775954
-0.1565210
-0.1321706
-0.1129418
-0.1018623
-0.0945945
-0.0841735
-0.0672705
-0.0470160
-0.0307080
-0.0242970
-0.0278393
-0.0356603
-0.0412954
-0.0428174
-0.0432856
-0.0456940
-0.0479896
-0.0443919
-0.0323631
-0.0173578
-0.0089948
-0.0118358
-0.0205778
-0.0249451
-0.0188418
-0.0038678
0.0157561
0.0396960
0.0711022
0.1101907
0.1509603
0.1865100
0.2167647
0.2480935
0.2842521
0.3201596
0.3476763
0.3673258
0.3910345
0.4307705
0.4852545
0.5402768
0.5827394
0.6124874
0.6386537
0.6656261
0.6858348
0.6878732
0.6698105
0.6416186
0.6140449
0.5871483
0.5514497
0.4998798
0.4371504
0.3767980
0.3293936
0.2939974
0.2610373
0.2231838
0.1830316
0.1498989
0.1292884
0.1162082
0.0996600
0.0738505
0.0441841
0.0212557
0.0092077
0.0017019
-0.0094305
-0.0229138
-0.0282847
-0.0185607
-0.0006070
0.0098924
0.0040107
-0.0119243
-0.0244166
-0.0275669
-0.0272392
-0.0306795
-0.0354062
-0.0318002
-0.0163904
0.0012261
0.0076604
0.0008169
-0.0076131
-0.0058249
0.0043730
0.0100628
0.0026557
-0.0123938
-0.0229844
-0.0255493
-0.0295124
-0.0456491
-0.0725070
-0.0974225
-0.1109675
-0.1173749
-0.1284850
-0.1487658
-0.1694516
-0.1785002
-0.1743195
-0.1673997
-0.1685436
-0.1775207
-0.1847187
-0.1832045
-0.1770894
-0.1767819
-0.1867678
-0.1998520
-0.2043505
-0.1963969
-0.1842747
-0.1804550
-0.1896634
-0.2048028
-0.2142403
-0.2126230
-0.2042406
-0.1961173
-0.1890964
-0.1771378
-0.1554354
-0.1276783
-0.1038539
-0.0911021
-0.0880895
-0.0889230
-0.0912130
-0.0981101
-0.1118517
-0.1275071
-0.1361760
-0.1350214
-0.1315851
-0.1355455
-0.1468604
-0.1551818
-0.1525036
-0.1441770
-0.1439982
-0.1577449
-0.1744346
-0.1770387
-0.1618275
-0.1440763
-0.1423229
-0.1583021
-0.1756502
-0.1790629
-0.1714950
-0.1692935
-0.1814742
-0.1980396
-0.2010722
-0.1852640
-0.1639776
-0.1545808
-0.1607647
-0.1715263
-0.1754872
-0.1717566
-0.1654908
-0.1570804
-0.1409619
-0.1151569
-0.0871589
-0.0669761
-0.0562760
-0.0483302
-0.0388663
-0.0328282
-0.0369105
-0.0465505
-0.0443363
-0.0132399
0.0506128
0.1407864
0.2545344
0.3988217
0.5784308
0.7781935
0.9590952
1.0728698
1.0814282
0.9672442
0.7351545
0.4140805
0.0590946
-0.2569792
-0.4692940
-0.5521121
-0.5306992
-0.4608769
-0.3911929
-0.3388135
-0.2961996
-0.2553916
-0.2221542
-0.2075261
-0.2108901
-0.2169327
-0.2109608
-0.1944577
-0.1818107
-0.1813301
-0.1831341
-0.1693203
-0.1353732
-0.0975258
-0.0767145
-0.0772736
-0.0846058
-0.0836030
-0.0755732
-0.0741205
-0.0859864
-0.1006752
-0.1017218
-0.0860385
-0.0678542
-0.0624680
-0.0694003
-0.0746079
-0.0677319
-0.0527749
-0.0402570
-0.0322671
-0.0195993
0.0059629
0.0400605
0.0694126
0.0862627
0.0961873
0.1104522
0.1331283
0.1587836
0.1822609
0.2066841
0.2389833
0.2790509
0.3171048
0.3435957
0.3603242
0.3794157
0.4105451
0.4504050
0.4864440
0.5111327
0.5307379
0.5581112
0.5970150
0.6356766
0.6573652
0.6566474
0.6434040
0.6303201
0.6181616
0.5957671
0.5548746
0.5023133
0.4544432
0.4195420
0.3888983
0.3476631
0.2928711
0.2373383
0.1952760
0.1672101
0.1417226
0.1106941
0.0790413
0.0576757
0.0491167
0.0436129
0.0301468
0.0083891
-0.0128206
-0.0274350
-0.0387487
-0.0526912
-0.0677295
-0.0753848
-0.0711022
-0.0614714
-0.0579410
-0.0637350
-0.0694225
-0.0630367
-0.0437212
-0.0232769
-0.0136077
-0.0144666
-0.0155317
-0.0098433
-0.0024316
-0.0042901
-0.0194282
-0.0403222
-0.0565386
-0.0659247
-0.0753040
-0.0903087
-0.1069213
-0.1153581
-0.1120074
-0.1049152
-0.1056635
-0.1169642
-0.1306252
-0.1380609
-0.1405518
-0.1469969
-0.1619137
-0.1781520
-0.1836743
-0.1753825
-0.1638858
-0.1626505
-0.1733387
-0.1846365
-0.1864802
-0.1828306
-0.1871213
-0.2049866
-0.2246452
-0.2273709
-0.2075721
-0.1801943
-0.1662503
-0.1714208
-0.1810125
-0.1768880
-0.1575092
-0.1389408
-0.1364939
-0.1482032
-0.1581008
-0.1544237
-0.1421519
-0.1369083
-0.1479067
-0.1685822
-0.1842504
-0.1876208
-0.1852259
-0.1886651
-0.2013285
-0.2152269
-0.2203935
-0.2157674
-0.2099697
-0.2117504
-0.2204711
-0.2267162
-0.2226859
-0.2113899
-0.2039674
-0.2068537
-0.2124682
-0.2045928
-0.1739852
-0.1277625
-0.0812857
-0.0390980
0.0160095
0.1128941
0.2681860
0.4702301
0.6849461
0.8752112
1.0127216
1.0733713
1.0297164
0.8596193
0.5707889
0.2178863
-0.1113346
-0.3385574
-0.4359569
-0.4336594
-0.3892573
-0.3466870
-0.3171387
-0.2906068
-0.2593081
-0.2291544
-0.2124925
-0.2140541
-0.2257622
-0.2348262
-0.2358473
-0.2342717
-0.2381280
-0.2474823
-0.2532227
-0.2465450
-0.2290541
-0.2125633
-0.2080126
-0.2143498
-0.2193483
-0.2126440
-0.1974953
-0.1876187
-0.1915010
-0.2015319
-0.2007822
-0.1804755
-0.1490932
-0.1234507
-0.1117836
-0.1068859
-0.0956746
-0.0736530
-0.0482740
-0.0287219
-0.0151916
-0.0000669
0.0218408
0.0471137
0.0682021
0.0819574
0.0923339
0.1055233
0.1237332
0.1437415
0.1609124
0.1745926
0.1899091
0.2140636
0.2499280
0.2923261
0.3306951
0.3569137
0.3721262
0.3856272
0.4052704
0.4283963
0.4438869
0.4445732
0.4364353
0.4332690
0.4417515
0.4531271
0.4507779
0.4260011
0.3859726
0.3462377
0.3159788
0.2914555
0.2638123
0.2315143
0.2028763
0.1861421
0.1790468
0.1698268
0.1483505
0.1153977
0.0808770
0.0534390
0.0323775
0.0100670
-0.0179947
-0.0468497
-0.0667516
-0.0737006
-0.0741885
-0.0792001
-0.0938949
-0.1130594
-0.1262769
-0.1278857
-0.1224807
-0.1204140
-0.1273002
-0.1381946
-0.1427269
-0.1357810
-0.1225600
-0.1134110
-0.1144037
-0.1229721
-0.1320139
-0.1374852
-0.1414062
-0.1472753
-0.1534952
-0.1529846
-0.1399709
-0.1164539
-0.0913749
-0.0736905
-0.0662156
-0.0653293
-0.0660729
-0.0677060
-0.0741814
-0.0886725
-0.1081078
-0.1246280
-0.1331581
-0.1367131
-0.1433281
-0.1577586
-0.1764271
-0.1906252
-0.1951323
-0.1941094
-0.1979201
-0.2130108
-0.2346522
-0.2502519
-0.2503573
-0.2369812
-0.2220136
-0.2175110
-0.2259968
-0.2388712
-0.2447907
-0.2406702
-0.2341672
-0.2345720
-0.2418589
-0.2460332
-0.2374549
-0.2170516
-0.1960230
-0.1855609
-0.1866808
-0.1900143
-0.1856122
-0.1723761
-0.1569946
-0.1441191
-0.1295489
-0.1042941
-0.0647309
-0.0175214
0.0266589
0.0658836
0.1144895
0.1960051
0.3246750
0.4916151
0.6692050
0.8283789
0.9490260
1.0128173
0.9911490
0.8505617
0.5807673
0.2227953
-0.1340770
-0.3948300
-0.5119878
-0.5069879
-0.4436027
-0.3796777
-0.3379890
-0.3120577
-0.2894801
-0.2672013
-0.2499022
-0.2407152
-0.2367174
-0.2325587
-0.2260732
-0.2191604
-0.2143765
-0.2123274
-0.2115393
-0.2084203
-0.1975477
-0.1754473
-0.1459639
-0.1195325
-0.1042680
-0.0981925
-0.0921992
-0.0807459
-0.0681549
-0.0636182
-0.0704779
-0.0815399
-0.0860720
-0.0812517
-0.0747668
-0.0749968
-0.0807238
-0.0832193
-0.0774949
-0.0680983
-0.0629974
-0.0640788
-0.0650819
-0.0579183
-0.0401220
-0.0163352
0.0073155
0.0299620
0.0559985
0.0881195
0.1223887
0.1520797
0.1755025
0.1983771
0.2288436
0.2708897
0.3214424
0.3724862
0.4168238
0.4530716
0.4847493
0.5143091
0.5393918
0.5555414
0.5612290
0.5594973
0.5556252
0.5528964
0.5486304
0.5344670
0.5035146
0.4583872
0.4098458
0.3660115
0.3245978
0.2772781
0.2209166
0.1636019
0.1194084
0.0958793
0.0853856
0.0705286
0.0406977
0.0025167
-0.0283303
-0.0443494
-0.0525309
-0.0646904
-0.0851471
-0.1080090
-0.1238974
-0.1290509
-0.1293169
-0.1343902
-0.1465624
-0.1565624
-0.1524321
-0.1313747
-0.1018460
-0.0762761
-0.0627313
-0.0599412
-0.0579676
-0.0472374
-0.0301485
-0.0209889
-0.0312292
-0.0569093
-0.0826160
-0.0955388
-0.0944548
-0.0884450
-0.0883713
-0.0963134
-0.1028415
-0.0987635
-0.0887856
-0.0868970
-0.0980951
-0.1129167
-0.1218154
-0.1263085
-0.1326071
-0.1420433
-0.1514340
-0.1563842
-0.1525878
-0.1416390
-0.1358094
-0.1463314
-0.1660528
-0.1771160
-0.1782823
-0.1880187
-0.2136210
