-0.3585596
-0.3985494
-0.3613146
-0.3409185
-0.3601626
-0.3723200
-0.3621102
-0.3596033
-0.3702656
-0.3667742
-0.3476073
-0.3424769
-0.3583086
-0.3700032
-0.3660127
-0.3605133
-0.3603213
-0.3572679
-0.3529443
-0.3579873
-0.3676294
-0.3662115
-0.3536685
-0.3433972
-0.3388426
-0.3343189
-0.3319673
-0.3363153
-0.3392935
-0.3309456
-0.3180043
-0.3137029
-0.3165581
-0.3155225
-0.3081883
-0.2990193
-0.2878183
-0.2736245
-0.2621512
-0.2575813
-0.2545955
-0.2473948
-0.2375676
-0.2260148
-0.2084467
-0.1862403
-0.1695973
-0.1616997
-0.1509389
-0.1269425
-0.0946146
-0.0656303
-0.0448973
-0.0304252
-0.0178220
-0.0010429
0.0230450
0.0484483
0.0662684
0.0774302
0.0905757
0.1083473
0.1257551
0.1409739
0.1566772
0.1707093
0.1760911
0.1713302
0.1620627
0.1520358
0.1396762
0.1229755
0.1015991
0.0759923
0.0497139
0.0290293
0.0145524
-0.0021300
-0.0274559
-0.0564221
-0.0802221
-0.0980517
-0.1147753
-0.1318545
-0.1474053
-0.1612992
-0.1741264
-0.1841294
-0.1896412
-0.1917298
-0.1919680
-0.1914792
-0.1933961
-0.2006942
-0.2101741
-0.2147977
-0.2136216
-0.2131349
-0.2172976
-0.2228110
-0.2257813
-0.2263970
-0.2251658
-0.2209132
-0.2148537
-0.2113975
-0.2127354
-0.2162656
-0.2181186
-0.2163193
-0.2114695
-0.2073663
-0.2084638
-0.2129189
-0.2116760
-0.1996365
-0.1844535
-0.1782327
-0.1828593
-0.1892860
-0.1894993
-0.1839004
-0.1782905
-0.1781350
-0.1846743
-0.1932161
-0.1965253
-0.1921827
-0.1847533
-0.1796286
-0.1780584
-0.1791970
-0.1823721
-0.1854648
-0.1857428
-0.1845335
-0.1866366
-0.1928908
-0.1975981
-0.1955893
-0.1881629
-0.1803559
-0.1759257
-0.1762110
-0.1801273
-0.1838938
-0.1838906
-0.1807038
-0.1779808
-0.1777197
-0.1793333
-0.1819198
-0.1839067
-0.1819732
-0.1744801
-0.1649988
-0.1586961
-0.1562498
-0.1546105
-0.1520904
-0.1490497
-0.1451334
-0.1395142
-0.1326847
-0.1249899
-0.1148576
-0.1012879
-0.0866118
-0.0743627
-0.0658036
-0.0600618
-0.0556218
-0.0505820
-0.0442822
-0.0398150
-0.0414361
-0.0478662
-0.0517789
-0.0482362
-0.0409235
-0.0381300
-0.0446303
-0.0583485
-0.0725357
-0.0808304
-0.0830341
-0.0862486
-0.0974632
-0.1149523
-0.1299312
-0.1364653
-0.1365223
-0.1355545
-0.1367238
-0.1398138
-0.1427022
-0.1432205
-0.1414851
-0.1402173
-0.1412469
-0.1427684
-0.1416266
-0.1366771
-0.1283709
-0.1176100
-0.1072562
-0.1017662
-0.1018981
-0.1018956
-0.0955182
-0.0836501
-0.0727834
-0.0664641
-0.0605480
-0.0469195
-0.0209400
0.0149315
0.0564504
0.1089313
0.1913305
0.3226986
0.5014864
0.7010719
0.8877216
1.0405248
1.1522637
1.2143820
1.2064825
1.1048476
0.9056441
0.6426016
0.3787306
0.1728614
0.0478953
-0.0121860
-0.0387412
-0.0541574
-0.0651279
-0.0700378
-0.0682125
-0.0637609
-0.0628223
-0.0677791
-0.0752572
-0.0805413
-0.0825060
-0.0832239
-0.0847544
-0.0878361
-0.0916121
-0.0928650
-0.0878568
-0.0773260
-0.0678190
-0.0654613
-0.0693418
-0.0728550
-0.0707505
-0.0637519
-0.0572746
-0.0561983
-0.0595578
-0.0603047
-0.0524023
-0.0383950
-0.0274857
-0.0254623
-0.0287817
-0.0292396
-0.0223260
-0.0103726
0.0005413
0.0062335
0.0086506
0.0146322
0.0288936
0.0485214
0.0661356
0.0779148
0.0865445
0.0969335
0.1113224
0.1283514
0.1449431
0.1591904
0.1727101
0.1895316
0.2114835
0.2357432
0.2582253
0.2781221
0.2977795
0.3195284
0.3439993
0.3699741
0.3944143
0.4142843
0.4301091
0.4464864
0.4674378
0.4919449
0.5148373
0.5310718
0.5388719
0.5403256
0.5394337
0.5379920
0.5331052
0.5205710
0.5009234
0.4799534
0.4625506
0.4477746
0.4306505
0.4075181
0.3794354
0.3515519
0.3288944
0.3114342
0.2938903
0.2719890
0.2481982
0.2294259
0.2196321
0.2164782
0.2145374
0.2098407
0.2018415
0.1930432
0.1867927
0.1841070
0.1826976
0.1797537
0.1750130
0.1705904
0.1689176
0.1712836
0.1766773
0.1812561
0.1809310
0.1758946
0.1711136
0.1710018
0.1747500
0.1779046
0.1774087
0.1743229
0.1726819
0.1760906
0.1841329
0.1918652
0.1944032
0.1923809
0.1913585
0.1954278
0.2027537
0.2077677
0.2067275
0.2012506
0.1974608
0.2010579
0.2115967
0.2219061
0.2247026
0.2197108
0.2133025
0.2117933
0.2161438
0.2220860
0.2238389
0.2187073
0.2099800
0.2048343
0.2077151
0.2159078
0.2225821
0.2235971
0.2204334
0.2173461
0.2168589
0.2176890
0.2165127
0.2122519
0.2085223
0.2105036
0.2191163
0.2296593
0.2364349
0.2373271
0.2339861
0.2297396
0.2278382
0.2294506
0.2320877
0.2315799
0.2270249
0.2230009
0.2258483
0.2377817
0.2545866
0.2688838
0.2765078
0.2805597
0.2882076
0.3022238
0.3167697
0.3234184
0.3208029
0.3165125
0.3196343
0.3327123
0.3504345
0.3644773
0.3697082
0.3672025
0.3619262
0.3574803
0.3534517
0.3475588
0.3388577
0.3284121
0.3183992
0.3112297
0.3077660
0.3052365
0.2985231
0.2852260
0.2687863
0.2554212
0.2483003
0.2451873
0.2411551
0.2333424
0.2238248
0.2179462
0.2189683
0.2243601
0.2282233
0.2271273
0.2226161
0.2186342
0.2179851
0.2207898
0.2245133
0.2255312
0.2225313
0.2188815
0.2203704
0.2299951
0.2453458
0.2609099
0.2726714
0.2816313
0.2942610
0.3192253
0.3627413
0.4273547
0.5152013
0.6303464
0.7754035
0.9450416
1.1224691
1.2810375
1.3893106
1.4183051
1.3499952
1.1848103
0.9454256
0.6743992
0.4231545
0.2335129
0.1213297
0.0743810
0.0659030
0.0717617
0.0789155
0.0838052
0.0870043
0.0893113
0.0905855
0.0904140
0.0887704
0.0856865
0.0811386
0.0760566
0.0725034
0.0714674
0.0710004
0.0679976
0.0616397
0.0539650
0.0474311
0.0430284
0.0402426
0.0375150
0.0331717
0.0273974
0.0231255
0.0234210
0.0275414
0.0305681
0.0277027
0.0190439
0.0100363
0.0066492
0.0093930
0.0125880
0.0108687
0.0061485
0.0061885
0.0156868
0.0305219
0.0418768
0.0448796
0.0423130
0.0410522
0.0460569
0.0570436
0.0696119
0.0793884
0.0856002
0.0911458
0.0998849
0.1141345
0.1337415
0.1563209
0.1787596
0.1996718
0.2203418
0.2425844
0.2661955
0.2893336
0.3106729
0.3300839
0.3480076
0.3656468
0.3851415
0.4075758
0.4305081
0.4489728
0.4597608
0.4641087
0.4654748
0.4646583
0.4576738
0.4394883
0.4105015
0.3782407
0.3507730
0.3284994
0.3043339
0.2723657
0.2343999
0.1970856
0.1645036
0.1352108
0.1054190
0.0732392
0.0400670
0.0093242
-0.0156787
-0.0335031
-0.0453639
-0.0547820
-0.0659335
-0.0808242
-0.0973443
-0.1112138
-0.1209023
-0.1296343
-0.1412018
-0.1547357
-0.1654807
-0.1704115
-0.1712608
-0.1719045
-0.1744596
-0.1785229
-0.1828898
-0.1868796
-0.1902897
-0.1929717
-0.1951257
-0.1980883
-0.2039350
-0.2130940
-0.2225424
-0.2279167
-0.2280250
-0.2261979
-0.2266044
-0.2302254
-0.2349938
-0.2387891
-0.2414814
-0.2448223
-0.2509337
-0.2599958
-0.2686876
-0.2718556
-0.2670746
-0.2577446
-0.2511235
-0.2527465
-0.2620767
-0.2731059
-0.2796295
-0.2807027
-0.2808832
-0.2848474
-0.2924002
-0.2993367
-0.3022398
-0.3012573
-0.2989589
-0.2981495
-0.3006448
-0.3064573
-0.3134981
-0.3189654
-0.3217424
-0.3233133
-0.3261751
-0.3312674
-0.3366548
-0.3388543
-0.3362483
-0.3313557
-0.3287433
-0.3301939
-0.3329054
-0.3332154
-0.3312360
-0.3305966
-0.3336272
-0.3375185
-0.3358094
-0.3243676
-0.3065055
-0.2915419
-0.2868228
-0.2907871
-0.2947838
-0.2918621
-0.2828700
-0.2740321
-0.2701540
-0.2709938
-0.2730371
-0.2732954
-0.2713746
-0.2689713
-0.2684012
-0.2718368
-0.2809423
-0.2955797
-0.3125210
-0.3270889
-0.3374684
-0.3465823
-0.3582749
-0.3720294
-0.3828809
-0.3867549
-0.3850986
-0.3840995
-0.3895684
-0.4019571
-0.4155422
-0.4228631
-0.4211121
-0.4146660
-0.4110802
-0.4142558
-0.4211278
-0.4246301
-0.4201139
-0.4095691
-0.3997129
-0.3955684
-0.3960736
-0.3963068
-0.3931240
-0.3872540
-0.3803604
-0.3721107
-0.3607557
-0.3449297
-0.3235761
-0.2947511
-0.2553391
-0.2013070
-0.1273029
-0.0266380
0.1061632
0.2704443
0.4556295
0.6421375
0.8062542
0.9238516
0.9701484
0.9209791
0.7634936
0.5128664
0.2181731
-0.0551159
-0.2569599
-0.3745912
-0.4287178
-0.4509806
-0.4627749
-0.4694513
-0.4681815
-0.4579176
-0.4426410
-0.4284342
-0.4198887
-0.4185936
-0.4227569
-0.4278456
-0.4295209
-0.4273506
-0.4250324
-0.4261588
-0.4301768
-0.4330128
-0.4312495
-0.4253121
-0.4189763
-0.4160622
-0.4172093
-0.4195488
-0.4197042
-0.4171890
-0.4146757
-0.4149818
-0.4179158
-0.4198190
-0.4161578
-0.4053985
-0.3910781
-0.3795047
-0.3743532
-0.3733905
-0.3709619
-0.3635803
-0.3528016
-0.3430655
-0.3372070
-0.3336460
-0.3274145
-0.3144012
-0.2953664
-0.2756815
-0.2605519
-0.2504324
-0.2412402
-0.2287306
-0.2124021
-0.1954410
-0.1811447
-0.1692184
-0.1554921
-0.1355926
-0.1090959
-0.0800844
-0.0539205
-0.0335422
-0.0178834
-0.0027362
0.0162875
0.0398440
0.0633470
0.0806676
0.0903551
0.0975760
0.1088875
0.1250441
0.1395049
0.1443345
0.1375336
0.1243657
0.1113840
0.0996178
0.0843784
0.0615947
0.0330795
0.0049308
-0.0182779
-0.0368173
-0.0541801
-0.0735117
-0.0954840
-0.1183969
-0.1397043
-0.1577829
-0.1727402
-0.1859035
-0.1987576
-0.2119687
-0.2245596
-0.2339350
-0.2377968
-0.2369230
-0.2356599
-0.2386936
-0.2468431
-0.2560720
-0.2609580
-0.2596777
-0.2558434
-0.2549174
-0.2582908
-0.2614256
-0.2587058
-0.2498069
-0.2402223
-0.2355158
-0.2361358
-0.2381695
-0.2381244
-0.2360646
-0.2343751
-0.2343009
-0.2341962
-0.2312081
-0.2244064
-0.2158993
-0.2089459
-0.2054205
-0.2050162
-0.2060600
-0.2067457
-0.2064047
-0.2062761
-0.2084419
-0.2131188
-0.2172475
-0.2167112
-0.2103701
-0.2017072
-0.1961980
-0.1966536
-0.2007231
-0.2031314
-0.2010307
-0.1972564
-0.1976154
-0.2045582
-0.2139606
-0.2186269
-0.2149857
-0.2063963
-0.2001160
-0.2008335
-0.2065947
-0.2109001
-0.2091498
-0.2031730
-0.1992806
-0.2019412
-0.2094802
-0.2156112
-0.2148294
-0.2068218
-0.1965023
-0.1898592
-0.1891631
-0.1917970
-0.1935894
-0.1929704
-0.1917427
-0.1922996
-0.1945965
-0.1956810
-0.1919597
-0.1823750
-0.1698522
-0.1592734
-0.1532891
-0.1499845
-0.1450238
-0.1362186
-0.1257582
-0.1176475
-0.1127960
-0.1069913
-0.0947562
-0.0759580
-0.0578962
-0.0493332
-0.0520222
-0.0590555
-0.0621331
-0.0598242
-0.0581011
-0.0632679
-0.0751724
-0.0873943
-0.0936123
-0.0935911
-0.0931722
-0.0987327
-0.1116564
-0.1276437
-0.1407029
-0.1479444
-0.1514999
-0.1562508
-0.1648801
-0.1744267
-0.1784149
-0.1735111
-0.1638493
-0.1575555
-0.1586167
-0.1630171
-0.1635408
-0.1579181
-0.1512877
-0.1502500
-0.1550444
-0.1585367
-0.1532717
-0.1388830
-0.1219305
-0.1089677
-0.1007340
-0.0928382
-0.0806352
-0.0627055
-0.0402052
-0.0130315
0.0245638
0.0853110
0.1840052
0.3275164
0.5070113
0.7000974
0.8821565
1.0362253
1.1510709
1.2100949
1.1867536
1.0587257
0.8326435
0.5549836
0.2934705
0.1009018
-0.0093891
-0.0587193
-0.0782338
-0.0878139
-0.0928682
-0.0937254
-0.0933959
-0.0964800
-0.1038350
-0.1111248
-0.1130455
-0.1082105
-0.0999636
-0.0933610
-0.0914831
-0.0935447
-0.0958350
-0.0951726
-0.0922911
-0.0914054
-0.0953945
-0.1013577
-0.1020722
-0.0929527
-0.0776249
-0.0656784
-0.0638751
-0.0694496
-0.0728841
-0.0677620
-0.0571717
-0.0495528
-0.0488094
-0.0499927
-0.0450831
-0.0318062
-0.0157289
-0.0041499
0.0009718
0.0039033
0.0100011
0.0205947
0.0327380
0.0429122
0.0502981
0.0571147
0.0669733
0.0827741
0.1045491
0.1282869
0.1479062
0.1602315
0.1684827
0.1798649
0.1989099
0.2233863
0.2472069
0.2672291
0.2865623
0.3107216
0.3407914
0.3712749
0.3953104
0.4116353
0.4255788
0.4430979
0.4645390
0.4846602
0.4983492
0.5057522
0.5116807
0.5200665
0.5290548
0.5318710
0.5230699
0.5041227
0.4824407
0.4644176
0.4493705
0.4306270
0.4029405
0.3689431
0.3378631
0.3171471
0.3050981
0.2923155
0.2709250
0.2422490
0.2151327
0.1970955
0.1876566
0.1800716
0.1687209
0.1543605
0.1425624
0.1376730
0.1385176
0.1397330
0.1368741
0.1301260
0.1234221
0.1203289
0.1206067
0.1203649
0.1157465
0.1070933
0.0995229
0.0985424
0.1044270
0.1113047
0.1125925
0.1074883
0.1015352
0.1003632
0.1032484
0.1037646
0.0973098
0.0873423
0.0828657
0.0892058
0.1020581
0.1115079
0.1115856
0.1050208
0.0989077
0.0971497
0.0978974
0.0973421
0.0943518
0.0909590
0.0894161
0.0899840
0.0915088
0.0929451
0.0935698
0.0924737
0.0892061
0.0850840
0.0826389
0.0828143
0.0831959
0.0801533
0.0731227
0.0662068
0.0647748
0.0700951
0.0774654
0.0802082
0.0760199
0.0692198
0.0660901
0.0678512
0.0690337
0.0636237
0.0525789
0.0440901
0.0455240
0.0553780
0.0641802
0.0638133
0.0554116
0.0474656
0.0467021
0.0520561
0.0576473
0.0599680
0.0607209
0.0634769
0.0697381
0.0789154
0.0903539
0.1033526
0.1154043
0.1225554
0.1231711
0.1209368
0.1224327
0.1306755
0.1415024
0.1473183
0.1446197
0.1373035
0.1323619
0.1327579
0.1348139
0.1322071
0.1220648
0.1073034
0.0935340
0.0839113
0.0767697
0.0679233
0.0550857
0.0401510
0.0275088
0.0203630
0.0184081
0.0184299
0.0168061
0.0118229
0.0044100
-0.0028220
-0.0074890
-0.0092009
-0.0100233
-0.0128609
-0.0185009
-0.0239586
-0.0245247
-0.0183836
-0.0091464
-0.0029207
-0.0022961
-0.0035355
-0.0002839
0.0099238
0.0233366
0.0344611
0.0425706
0.0532484
0.0735521
0.1066625
0.1523963
0.2128024
0.2954961
0.4093747
0.5558549
0.7239393
0.8932883
1.0409854
1.1448894
1.1827035
1.1335475
0.9877242
0.7599580
0.4929752
0.2430984
0.0549565
-0.0567854
-0.1062066
-0.1194432
-0.1177492
-0.1116581
-0.1049769
-0.0997953
-0.0971485
-0.0956374
-0.0924535
-0.0866853
-0.0808119
-0.0783368
-0.0803826
-0.0850894
-0.0899017
-0.0936640
-0.0966264
-0.0994323
-0.1026383
-0.1064903
-0.1101343
-0.1111879
-0.1074058
-0.0997133
-0.0929809
-0.0923174
-0.0979615
-0.1046443
-0.1069645
-0.1051350
-0.1043381
-0.1081304
-0.1135647
-0.1139255
-0.1060328
-0.0937384
-0.0838958
-0.0798267
-0.0795125
-0.0793323
-0.0777366
-0.0746797
-0.0691458
-0.0594721
-0.0463563
-0.0336225
-0.0243027
-0.0163938
-0.0042145
0.0153291
0.0388213
0.0597172
0.0752746
0.0890006
0.1060673
0.1274995
0.1498876
0.1702802
0.1899666
0.2130130
0.2420067
0.2759451
