-0.1787698
-0.1883096
-0.1901966
-0.1917798
-0.2008030
-0.2180225
-0.2363589
-0.2474070
-0.2491595
-0.2476031
-0.2506196
-0.2600336
-0.2695481
-0.2706236
-0.2605679
-0.2450892
-0.2332806
-0.2302830
-0.2342534
-0.2392076
-0.2399764
-0.2350549
-0.2263138
-0.2169704
-0.2092015
-0.2022668
-0.1923621
-0.1751808
-0.1498137
-0.1200419
-0.0900622
-0.0568565
-0.0060907
0.0829198
0.2250205
0.4186023
0.6449972
0.8780527
1.0948162
1.2770569
1.4029605
1.4407665
1.3578836
1.1447975
0.8347429
0.4977005
0.2073476
0.0046098
-0.1141137
-0.1780627
-0.2134039
-0.2302730
-0.2309000
-0.2223993
-0.2174194
-0.2238039
-0.2377341
-0.2490056
-0.2518973
-0.2496585
-0.2494698
-0.2550244
-0.2640694
-0.2712022
-0.2718752
-0.2650407
-0.2541377
-0.2457701
-0.2453906
-0.2524418
-0.2600879
-0.2613062
-0.2557578
-0.2497564
-0.2490078
-0.2523390
-0.2534325
-0.2478875
-0.2371567
-0.2258819
-0.2173348
-0.2122898
-0.2104973
-0.2108083
-0.2099326
-0.2036992
-0.1915455
-0.1787998
-0.1719766
-0.1709053
-0.1672195
-0.1525526
-0.1279606
-0.1035795
-0.0884972
-0.0821307
-0.0761925
-0.0638581
-0.0455166
-0.0260509
-0.0084925
0.0086546
0.0289069
0.0541348
0.0833595
0.1138843
0.1428590
0.1685003
0.1910788
0.2129436
0.2366293
0.2622117
0.2868791
0.3076976
0.3246350
0.3403820
0.3573386
0.3751792
0.3910314
0.4012305
0.4030211
0.3958452
0.3819362
0.3650693
0.3473766
0.3270157
0.3000653
0.2658931
0.2302866
0.2015336
0.1822288
0.1657383
0.1424079
0.1095985
0.0744405
0.0461133
0.0265106
0.0096634
-0.0103488
-0.0327372
-0.0516819
-0.0631310
-0.0683880
-0.0713364
-0.0740543
-0.0763876
-0.0787306
-0.0828779
-0.0892990
-0.0952489
-0.0975629
-0.0970918
-0.0984410
-0.1043395
-0.1113218
-0.1124941
-0.1048928
-0.0934377
-0.0869776
-0.0901642
-0.0991076
-0.1050313
-0.1024228
-0.0939862
-0.0878939
-0.0900497
-0.0984338
-0.1045707
-0.1009725
-0.0881495
-0.0746983
-0.0698801
-0.0754128
-0.0844493
-0.0885896
-0.0856001
-0.0804163
-0.0795475
-0.0851350
-0.0937306
-0.0995557
-0.0987680
-0.0918171
-0.0829918
-0.0777160
-0.0789952
-0.0851518
-0.0909695
-0.0922162
-0.0898824
-0.0894464
-0.0950087
-0.1042519
-0.1100964
-0.1076754
-0.0992797
-0.0923329
-0.0928516
-0.1006871
-0.1102139
-0.1151704
-0.1135660
-0.1090329
-0.1076736
-0.1127405
-0.1213343
-0.1262179
-0.1219538
-0.1103336
-0.0994940
-0.0965105
-0.1005070
-0.1038635
-0.1004987
-0.0919115
-0.0843043
-0.0807838
-0.0779845
-0.0703296
-0.0560995
-0.0385063
-0.0218285
-0.0080260
0.0027914
0.0103289
0.0142782
0.0161183
0.0185002
0.0215302
0.0211103
0.0133401
0.0006823
-0.0084729
-0.0080037
-0.0011980
0.0016298
-0.0070787
-0.0251937
-0.0436941
-0.0557462
-0.0626330
-0.0711072
-0.0857620
-0.1044012
-0.1202159
-0.1275753
-0.1260932
-0.1206491
-0.1180645
-0.1222253
-0.1306483
-0.1360586
-0.1329921
-0.1235807
-0.1160084
-0.1163454
-0.1219779
-0.1237468
-0.1149740
-0.0982484
-0.0829846
-0.0763258
-0.0768335
-0.0769126
-0.0701930
-0.0557558
-0.0364263
-0.0149308
0.0088154
0.0400821
0.0915398
0.1813836
0.3243897
0.5205385
0.7509716
0.9858075
1.1968846
1.3632214
1.4650868
1.4768789
1.3732604
1.1496377
0.8396710
0.5100375
0.2311021
0.0436718
-0.0542960
-0.0938256
-0.1079175
-0.1133605
-0.1124279
-0.1063248
-0.1029388
-0.1108296
-0.1285607
-0.1438471
-0.1450442
-0.1328913
-0.1198858
-0.1180579
-0.1280304
-0.1402317
-0.1456811
-0.1439711
-0.1407872
-0.1401962
-0.1417060
-0.1437084
-0.1462132
-0.1487978
-0.1484303
-0.1423313
-0.1327592
-0.1263836
-0.1274286
-0.1323374
-0.1328580
-0.1248093
-0.1127882
-0.1052933
-0.1056667
-0.1089728
-0.1075812
-0.0981906
-0.0829618
-0.0659441
-0.0504817
-0.0389864
-0.0321626
-0.0273683
-0.0195914
-0.0059527
0.0109990
0.0258514
0.0367119
0.0482537
0.0673160
0.0953081
0.1259394
0.1512775
0.1695102
0.1857847
0.2059513
0.2310517
0.2579768
0.2835902
0.3070845
0.3296574
0.3536110
0.3813693
0.4135638
0.4471985
0.4763996
0.4962108
0.5064489
0.5117982
0.5173697
0.5234869
0.5249132
0.5156534
0.4947095
0.4673464
0.4411437
0.4203717
0.4025645
0.3797597
0.3448124
0.2988384
0.2522124
0.2158201
0.1901218
0.1642298
0.1276017
0.0827035
0.0446644
0.0270617
0.0279379
0.0308859
0.0207731
-0.0020729
-0.0239906
-0.0333426
-0.0320142
-0.0317574
-0.0414184
-0.0591409
-0.0756956
-0.0833984
-0.0819094
-0.0771556
-0.0757454
-0.0800360
-0.0875271
-0.0941091
-0.0977060
-0.0994646
-0.1021539
-0.1072180
-0.1128102
-0.1149543
-0.1113781
-0.1042548
-0.0987402
-0.0988562
-0.1047592
-0.1129709
-0.1184215
-0.1174698
-0.1111071
-0.1054873
-0.1073815
-0.1175122
-0.1286389
-0.1314314
-0.1230718
-0.1101896
-0.1028774
-0.1053539
-0.1127362
-0.1174221
-0.1179340
-0.1199682
-0.1286362
-0.1414759
-0.1503704
-0.1495908
-0.1409912
-0.1319013
-0.1288427
-0.1328008
-0.1394047
-0.1433654
-0.1432263
-0.1422648
-0.1450416
-0.1530435
-0.1631012
-0.1695656
-0.1686527
-0.1617733
-0.1546802
-0.1525732
-0.1558232
-0.1606931
-0.1636801
-0.1643578
-0.1644912
-0.1656136
-0.1674805
-0.1678766
-0.1638604
-0.1542756
-0.1415403
-0.1303003
-0.1235614
-0.1199080
-0.1146606
-0.1043311
-0.0906373
-0.0798398
-0.0768426
-0.0795016
-0.0798842
-0.0720348
-0.0579393
-0.0453485
-0.0405502
-0.0439050
-0.0514451
-0.0594647
-0.0675856
-0.0782316
-0.0934832
-0.1123200
-0.1308100
-0.1448242
-0.1527024
-0.1562447
-0.1599027
-0.1680404
-0.1811401
-0.1944943
-0.2021716
-0.2031313
-0.2026955
-0.2072367
-0.2174890
-0.2272583
-0.2288318
-0.2202855
-0.2079707
-0.2011900
-0.2035379
-0.2096795
-0.2111488
-0.2047706
-0.1947469
-0.1872806
-0.1843500
-0.1823508
-0.1754512
-0.1600293
-0.1369038
-0.1100690
-0.0829884
-0.0547764
-0.0179921
0.0407824
0.1360526
0.2749322
0.4511111
0.6478133
0.8471624
1.0347323
1.1930828
1.2926494
1.2947080
1.1708103
0.9263053
0.6083543
0.2883472
0.0284561
-0.1442408
-0.2388663
-0.2813552
-0.2941668
-0.2896612
-0.2752185
-0.2588614
-0.2483150
-0.2460313
-0.2475742
-0.2468860
-0.2433035
-0.2418473
-0.2460148
-0.2522843
-0.2537842
-0.2485456
-0.2418715
-0.2402438
-0.2444131
-0.2491712
-0.2491830
-0.2444696
-0.2403074
-0.2419396
-0.2494779
-0.2579506
-0.2617258
-0.2583413
-0.2490718
-0.2377502
-0.2291471
-0.2263025
-0.2279738
-0.2295330
-0.2274048
-0.2222297
-0.2172137
-0.2139682
-0.2104705
-0.2028608
-0.1892844
-0.1723977
-0.1576558
-0.1481451
-0.1413128
-0.1318796
-0.1178884
-0.1026323
-0.0902553
-0.0802885
-0.0670746
-0.0446733
-0.0128577
0.0214532
0.0496942
0.0696658
0.0876935
0.1120053
0.1443303
0.1786539
0.2076638
0.2297166
0.2500853
0.2760737
0.3102134
0.3473595
0.3788253
0.3999262
0.4131143
0.4236498
0.4332156
0.4382953
0.4339611
0.4187323
0.3964198
0.3734056
0.3530216
0.3320851
0.3039511
0.2657586
0.2222259
0.1818287
0.1493189
0.1218081
0.0919719
0.0558269
0.0180221
-0.0115605
-0.0277997
-0.0362348
-0.0473987
-0.0656730
-0.0855398
-0.0988950
-0.1042738
-0.1080533
-0.1174344
-0.1329036
-0.1474623
-0.1533326
-0.1496292
-0.1431886
-0.1418315
-0.1474074
-0.1553633
-0.1599968
-0.1598739
-0.1592694
-0.1644205
-0.1766195
-0.1884069
-0.1888029
-0.1743317
-0.1540905
-0.1422311
-0.1452966
-0.1573828
-0.1670999
-0.1684600
-0.1651415
-0.1647507
-0.1695766
-0.1740163
-0.1715290
-0.1626309
-0.1542156
-0.1516544
-0.1537498
-0.1556919
-0.1551183
-0.1543861
-0.1576825
-0.1662272
-0.1758279
-0.1795557
-0.1739171
-0.1625355
-0.1533106
-0.1521324
-0.1591494
-0.1694989
-0.1766571
-0.1767755
-0.1719423
-0.1688162
-0.1722636
-0.1800805
-0.1849530
-0.1818633
-0.1732767
-0.1671798
-0.1698676
-0.1798816
-0.1890696
-0.1906194
-0.1860272
-0.1829814
-0.1865563
-0.1941429
-0.1991154
-0.1975064
-0.1905323
-0.1825602
-0.1777530
-0.1772171
-0.1779819
-0.1753560
-0.1672657
-0.1562015
-0.1466603
-0.1407249
-0.1358190
-0.1266933
-0.1106897
-0.0917489
-0.0778612
-0.0730856
-0.0730660
-0.0701190
-0.0620871
-0.0544480
-0.0539842
-0.0618338
-0.0726511
-0.0795755
-0.0803483
-0.0794244
-0.0836713
-0.0953563
-0.1099742
-0.1213654
-0.1278782
-0.1329134
-0.1407578
-0.1528597
-0.1669813
-0.1786880
-0.1842983
-0.1835795
-0.1798177
-0.1773045
-0.1787188
-0.1836645
-0.1883628
-0.1879568
-0.1816323
-0.1751691
-0.1755627
-0.1823316
-0.1864949
-0.1796044
-0.1625619
-0.1444697
-0.1335289
-0.1296326
-0.1251796
-0.1125296
-0.0906906
-0.0646987
-0.0386551
-0.0097612
0.0319883
0.1006052
0.2097351
0.3656790
0.5597741
0.7687876
0.9667043
1.1364464
1.2674886
1.3424613
1.3316061
1.2076986
0.9720850
0.6679911
0.3651223
0.1241818
-0.0310054
-0.1130405
-0.1488173
-0.1597928
-0.1581360
-0.1515588
-0.1455540
-0.1424977
-0.1423133
-0.1444832
-0.1482746
-0.1515230
-0.1507748
-0.1436833
-0.1319019
-0.1214093
-0.1181970
-0.1222040
-0.1266842
-0.1252937
-0.1189146
-0.1137529
-0.1137009
-0.1166923
-0.1178775
-0.1141087
-0.1055608
-0.0951577
-0.0868140
-0.0827875
-0.0821076
-0.0817825
-0.0792230
-0.0736824
-0.0667420
-0.0615746
-0.0597165
-0.0578037
-0.0497954
-0.0340374
-0.0163704
-0.0043569
0.0006324
0.0043079
0.0133611
0.0294458
0.0483663
0.0644422
0.0761644
0.0875993
0.1036597
0.1249056
0.1484751
0.1728633
0.1989298
0.2264756
0.2530615
0.2772749
0.3009298
0.3266773
0.3545690
0.3818419
0.4057176
0.4264931
0.4480891
0.4744419
0.5045329
0.5323167
0.5526357
0.5656341
0.5741617
0.5791074
0.5795767
0.5757450
0.5683692
0.5561463
0.5365497
0.5099401
0.4812368
0.4564868
0.4374611
0.4192903
0.3943226
0.3601720
0.3237671
0.2951972
0.2772607
0.2632689
0.2453386
0.2221836
0.1982078
0.1780862
0.1639912
0.1558176
0.1516720
0.1485342
0.1436162
0.1354959
0.1248297
0.1147231
0.1089158
0.1076612
0.1064548
0.1010745
0.0931154
0.0882478
0.0895384
0.0945870
0.0986571
0.0985824
0.0942764
0.0886484
0.0857975
0.0874445
0.0911174
0.0928055
0.0908887
0.0869870
0.0843101
0.0858339
0.0922301
0.1003825
0.1054881
0.1056560
0.1031261
0.1007947
0.0997953
0.1007123
0.1038576
0.1068774
0.1051323
0.0970163
0.0874071
0.0837376
0.0889261
0.0986585
0.1048964
0.1022822
0.0924866
0.0822856
0.0765554
0.0741138
0.0713746
0.0677122
0.0645959
0.0616089
0.0573244
0.0532581
0.0527560
0.0554655
0.0562975
0.0512597
0.0424606
0.0361087
0.0359523
0.0389205
0.0377952
0.0295480
0.0204832
0.0202288
0.0301758
0.0413086
0.0448233
0.0412546
0.0369334
0.0352316
0.0351547
0.0363352
0.0408880
0.0497705
0.0597353
0.0654772
0.0653950
0.0651871
0.0737789
0.0935331
0.1158279
0.1292299
0.1311950
0.1286631
0.1281998
0.1296677
0.1294796
0.1256786
0.1185247
0.1093260
0.1002975
0.0935814
0.0891995
0.0847822
0.0772692
0.0644544
0.0464341
0.0268042
0.0104547
-0.0016797
-0.0137541
-0.0290461
-0.0451258
-0.0572256
-0.0640771
-0.0676562
-0.0691171
-0.0680950
-0.0651186
-0.0623002
-0.0617609
-0.0639782
-0.0667147
-0.0660330
-0.0609063
-0.0564821
-0.0588776
-0.0658619
-0.0667181
-0.0535284
-0.0299850
-0.0073046
0.0066411
0.0133890
0.0216337
0.0403476
0.0733691
0.1215618
0.1915641
0.2993074
0.4595283
0.6707609
0.9127466
1.1571777
1.3770558
1.5462095
1.6356048
1.6162786
1.4715686
1.2131196
0.8878352
0.5635642
0.2984480
0.1174305
0.0130456
-0.0376449
-0.0585523
-0.0683764
-0.0780200
-0.0904415
-0.1042413
-0.1174413
-0.1281562
-0.1349637
-0.1389378
-0.1436102
-0.1515398
-0.1623102
-0.1737728
-0.1827090
-0.1849472
-0.1790562
-0.1704373
-0.1676028
-0.1731922
-0.1818872
-0.1876301
-0.1893885
-0.1895358
-0.1904196
-0.1933181
-0.1975416
-0.1999056
-0.1975876
-0.1914372
-0.1844342
-0.1781457
-0.1731063
-0.1705472
-0.1703288
-0.1690457
-0.1638844
-0.1568841
-0.1519891
-0.1492962
-0.1451934
-0.1366659
-0.1230769
-0.1058167
-0.0885115
-0.0751271
-0.0655489
-0.0553601
-0.0415122
-0.0251436
-0.0076185
0.0119477
0.0332359
0.0532711
0.0713435
0.0918762
0.1194572
0.1531373
0.1870431
0.2146267
0.2326813
0.2446464
0.2594785
0.2829362
0.3100044
0.3301136
0.3395323
0.3442613
0.3512420
0.3613795
0.3707678
0.3739062
0.3656631
0.3445467
0.3148382
0.2830995
0.2532332
0.2262325
0.2013177
0.1745345
0.1406673
0.1011584
0.0664512
0.0451844
0.0334159
0.0189800
-0.0055162
-0.0372761
-0.0679399
-0.0902761
-0.1029898
-0.1117786
-0.1234223
-0.1377118
-0.1485781
-0.1533083
-0.1553714
-0.1575315
-0.1586773
-0.1593645
-0.1639788
-0.1741730
-0.1850876
-0.1910241
-0.1915293
-0.1906804
-0.1934495
-0.2021581
-0.2126305
-0.2155875
-0.2069543
-0.1949379
-0.1912261
-0.1971454
-0.2045407
-0.2080502
-0.2095388
-0.2118158
-0.2148958
-0.2182506
-0.2214617
-0.2230017
-0.2218726
-0.2187948
-0.2136160
-0.2055897
-0.1986657
-0.2004151
-0.2114561
-0.2219241
-0.2234272
-0.2191496
-0.2175159
-0.2214025
-0.2282237
-0.2351629
-0.2395327
-0.2386419
-0.2334323
-0.2287292
-0.2280672
-0.2320810
-0.2410606
-0.2525884
-0.2581394
-0.2513109
-0.2397318
-0.2390630
-0.2531680
-0.2685627
-0.2705633
-0.2581343
-0.2420724
-0.2348877
-0.2419017
-0.2559383
-0.2622182
-0.2544214
-0.2428893
-0.2408579
-0.2474050
-0.2513830
-0.2467002
-0.2351103
-0.2192652
-0.2024901
-0.1912087
-0.1886335
-0.1890545
-0.1847866
-0.1747499
-0.1618951
-0.1488626
-0.1404077
-0.1412831
-0.1464025
-0.1424421
-0.1251345
-0.1062241
-0.0984427
-0.1028884
-0.1149261
-0.1313980
-0.1473779
-0.1567855
-0.1611444
-0.1683943
-0.1804953
-0.1919407
-0.2009100
-0.2106441
-0.2204031
-0.2274204
-0.2363154
-0.2530579
-0.2714674
-0.2798314
-0.2788449
-0.2790886
-0.2838546
-0.2883968
-0.2917270
-0.2946994
-0.2916557
-0.2785822
-0.2639280
-0.2578862
-0.2581289
-0.2581536
-0.2591104
-0.2607526
-0.2542055
-0.2380799
-0.2270102
-0.2287012
-0.2276229
-0.2070016
-0.1716479
-0.1348118
-0.0987381
-0.0595625
-0.0109046
0.0685370
0.2062337
0.4004932
0.6161356
0.8239724
1.0163165
1.1751504
1.2595465
1.2387574
1.1093996
0.8777248
0.5664267
0.2436045
-0.0059603
-0.1540826
-0.2337300
-0.2710854
-0.2686236
-0.2528097
-0.2631287
-0.2832757
-0.2634293
-0.2236587
-0.2384695
-0.2915515
-0.2587481
-0.0944738
