0.5312483
0.5313303
0.4382170
0.3738147
0.3599422
0.3285476
0.2635899
0.2172630
0.2049434
0.1847049
0.1393858
0.0985657
0.0768616
0.0562581
0.0312972
0.0158817
0.0052982
-0.0195657
-0.0518044
-0.0654583
-0.0596165
-0.0573773
-0.0660505
-0.0733253
-0.0768111
-0.0852640
-0.0964806
-0.1016434
-0.1040332
-0.1095585
-0.1094587
-0.0954922
-0.0804806
-0.0812488
-0.0923426
-0.0971744
-0.0941926
-0.0934304
-0.0976580
-0.1028872
-0.1071377
-0.1062457
-0.0932576
-0.0728834
-0.0628762
-0.0706757
-0.0823821
-0.0839866
-0.0792961
-0.0782407
-0.0815014
-0.0850157
-0.0871802
-0.0853538
-0.0772620
-0.0698051
-0.0737374
-0.0868589
-0.0957170
-0.0960033
-0.0975372
-0.1067110
-0.1170763
-0.1200921
-0.1145714
-0.1044979
-0.0966220
-0.0985446
-0.1098395
-0.1184947
-0.1160317
-0.1114542
-0.1191322
-0.1373370
-0.1503720
-0.1487951
-0.1374509
-0.1267324
-0.1245771
-0.1331873
-0.1458334
-0.1511004
-0.1466839
-0.1435647
-0.1507421
-0.1624125
-0.1664435
-0.1593029
-0.1471415
-0.1381988
-0.1383380
-0.1473449
-0.1561701
-0.1550873
-0.1471903
-0.1453546
-0.1529538
-0.1568132
-0.1437319
-0.1166468
-0.0905704
-0.0782444
-0.0815389
-0.0908623
-0.0918655
-0.0783979
-0.0590710
-0.0462211
-0.0407273
-0.0341063
-0.0225101
-0.0105481
-0.0032249
-0.0019815
-0.0072483
-0.0177449
-0.0287539
-0.0375393
-0.0485702
-0.0672475
-0.0903922
-0.1086423
-0.1168895
-0.1185074
-0.1215944
-0.1335078
-0.1548755
-0.1763987
-0.1868830
-0.1872750
-0.1904779
-0.2036508
-0.2174379
-0.2179650
-0.2043995
-0.1894968
-0.1859865
-0.1955854
-0.2083139
-0.2109094
-0.1993635
-0.1837813
-0.1770243
-0.1792846
-0.1790672
-0.1683458
-0.1500260
-0.1303378
-0.1106331
-0.0879224
-0.0577255
-0.0143522
0.0485476
0.1376721
0.2619954
0.4306585
0.6425716
0.8791698
1.1118215
1.3141355
1.4624032
1.5279045
1.4787869
1.2961666
0.9924248
0.6186768
0.2532980
-0.0295598
-0.1953268
-0.2602450
-0.2690416
-0.2618408
-0.2574208
-0.2561935
-0.2511695
-0.2389048
-0.2250626
-0.2190887
-0.2229156
-0.2282415
-0.2261020
-0.2157188
-0.2031926
-0.1953384
-0.1954258
-0.2008829
-0.2044831
-0.2016048
-0.1965074
-0.1973979
-0.2052328
-0.2115668
-0.2078728
-0.1937549
-0.1764848
-0.1656133
-0.1665878
-0.1756542
-0.1820494
-0.1788533
-0.1703741
-0.1653625
-0.1648899
-0.1613607
-0.1487300
-0.1299845
-0.1144490
-0.1092737
-0.1123364
-0.1127923
-0.1015146
-0.0820684
-0.0674132
-0.0638547
-0.0626397
-0.0504505
-0.0245163
0.0060761
0.0313287
0.0494963
0.0671435
0.0921120
0.1251368
0.1581424
0.1831449
0.2025464
0.2271960
0.2640343
0.3089769
0.3521080
0.3865385
0.4122799
0.4351081
0.4618860
0.4937686
0.5239760
0.5451315
0.5581716
0.5706940
0.5868417
0.6018944
0.6068000
0.5959662
0.5714112
0.5410789
0.5117050
0.4818970
0.4446994
0.3987396
0.3532055
0.3181660
0.2923965
0.2647506
0.2266861
0.1807681
0.1374778
0.1051790
0.0822974
0.0589348
0.0280146
-0.0053486
-0.0287216
-0.0369170
-0.0379463
-0.0433184
-0.0561009
-0.0704932
-0.0802253
-0.0849742
-0.0896939
-0.0985814
-0.1091446
-0.1135115
-0.1077826
-0.0984509
-0.0959181
-0.1023056
-0.1094695
-0.1092530
-0.1024417
-0.0969170
-0.0990378
-0.1069902
-0.1114343
-0.1039233
-0.0863501
-0.0704167
-0.0657468
-0.0703581
-0.0750832
-0.0751494
-0.0741277
-0.0774917
-0.0852031
-0.0908846
-0.0875931
-0.0754442
-0.0636161
-0.0622879
-0.0717251
-0.0820158
-0.0847225
-0.0819329
-0.0822163
-0.0902031
-0.1019975
-0.1091045
-0.1057799
-0.0944205
-0.0846327
-0.0851350
-0.0956788
-0.1081009
-0.1150981
-0.1163474
-0.1167712
-0.1211227
-0.1297659
-0.1375507
-0.1376886
-0.1293099
-0.1203204
-0.1198344
-0.1282024
-0.1372843
-0.1403397
-0.1389891
-0.1400632
-0.1473308
-0.1567342
-0.1595405
-0.1513959
-0.1385912
-0.1329092
-0.1388826
-0.1486795
-0.1516681
-0.1467785
-0.1426712
-0.1468458
-0.1569240
-0.1625606
-0.1552624
-0.1371106
-0.1197583
-0.1131542
-0.1153488
-0.1156174
-0.1073980
-0.0949384
-0.0864225
-0.0837338
-0.0809092
-0.0709672
-0.0528698
-0.0326551
-0.0180887
-0.0114004
-0.0078779
-0.0027801
0.0018877
0.0000050
-0.0101289
-0.0228278
-0.0309004
-0.0327659
-0.0338078
-0.0417856
-0.0598845
-0.0827784
-0.1008155
-0.1099905
-0.1166801
-0.1304790
-0.1530410
-0.1756958
-0.1877006
-0.1860531
-0.1782401
-0.1759793
-0.1846914
-0.1982937
-0.2059053
-0.2040771
-0.1999874
-0.2016006
-0.2075091
-0.2088466
-0.1997960
-0.1839942
-0.1706702
-0.1653447
-0.1644822
-0.1597234
-0.1474629
-0.1321484
-0.1182647
-0.1014301
-0.0712640
-0.0217657
0.0466925
0.1375191
0.2654351
0.4483244
0.6892375
0.9659632
1.2380037
1.4638819
1.6123695
1.6595568
1.5828832
1.3698881
1.0400710
0.6547493
0.2958218
0.0263545
-0.1351987
-0.2104437
-0.2367729
-0.2444637
-0.2475785
-0.2479211
-0.2436813
-0.2349927
-0.2248166
-0.2176756
-0.2171202
-0.2221778
-0.2269720
-0.2268690
-0.2247999
-0.2277715
-0.2362599
-0.2411109
-0.2337814
-0.2173157
-0.2038969
-0.2018869
-0.2076399
-0.2109632
-0.2075138
-0.2037527
-0.2080677
-0.2181253
-0.2209022
-0.2073182
-0.1839441
-0.1666398
-0.1637897
-0.1692415
-0.1713320
-0.1652843
-0.1557389
-0.1496250
-0.1483629
-0.1465553
-0.1375734
-0.1202879
-0.1001602
-0.0840431
-0.0746534
-0.0694061
-0.0626439
-0.0491161
-0.0279936
-0.0044320
0.0152842
0.0315845
0.0524344
0.0844013
0.1244072
0.1624164
0.1916893
0.2148455
0.2399610
0.2717487
0.3071389
0.3397945
0.3684325
0.3985839
0.4347584
0.4730258
0.5045790
0.5261164
0.5432761
0.5627658
0.5834639
0.5970479
0.5967820
0.5847504
0.5700810
0.5594559
0.5493769
0.5293238
0.4934344
0.4474713
0.4027798
0.3647709
0.3292727
0.2893211
0.2434625
0.1974173
0.1588814
0.1307569
0.1088943
0.0866179
0.0613200
0.0356987
0.0129559
-0.0070323
-0.0260389
-0.0439021
-0.0580373
-0.0658129
-0.0670226
-0.0650781
-0.0657940
-0.0731390
-0.0852707
-0.0959592
-0.1007538
-0.1010525
-0.1017887
-0.1058407
-0.1108832
-0.1113746
-0.1042188
-0.0931122
-0.0861780
-0.0879767
-0.0948718
-0.0998973
-0.1010386
-0.1022298
-0.1064880
-0.1108529
-0.1094755
-0.1006373
-0.0894503
-0.0832236
-0.0842082
-0.0876813
-0.0882037
-0.0868886
-0.0899136
-0.0993607
-0.1085051
-0.1085465
-0.0987289
-0.0876300
-0.0846790
-0.0915806
-0.1017314
-0.1071360
-0.1060579
-0.1042931
-0.1087023
-0.1196031
-0.1301331
-0.1328546
-0.1263000
-0.1157676
-0.1090744
-0.1108826
-0.1191413
-0.1268329
-0.1287147
-0.1265670
-0.1265837
-0.1316921
-0.1380057
-0.1392228
-0.1334097
-0.1250520
-0.1209801
-0.1241809
-0.1311511
-0.1357587
-0.1360286
-0.1360399
-0.1402610
-0.1472183
-0.1504104
-0.1452899
-0.1343411
-0.1252756
-0.1243846
-0.1309402
-0.1379105
-0.1391800
-0.1361960
-0.1358792
-0.1412673
-0.1460056
-0.1398866
-0.1195253
-0.0926308
-0.0717851
-0.0639793
-0.0653914
-0.0659335
-0.0591081
-0.0470821
-0.0358099
-0.0267756
-0.0159133
-0.0005140
0.0154157
0.0241753
0.0219066
0.0121906
0.0022309
-0.0044227
-0.0112544
-0.0241420
-0.0430757
-0.0600852
-0.0671326
-0.0655050
-0.0656221
-0.0771600
-0.0999909
-0.1246652
-0.1412609
-0.1481818
-0.1527913
-0.1629790
-0.1780197
-0.1889161
-0.1883238
-0.1788041
-0.1701192
-0.1692357
-0.1742543
-0.1778669
-0.1756842
-0.1706044
-0.1687197
-0.1710724
-0.1709849
-0.1612719
-0.1432424
-0.1256772
-0.1140104
-0.1029565
-0.0819651
-0.0467095
-0.0019418
0.0490683
0.1171519
0.2259061
0.3935287
0.6141024
0.8583184
1.0936260
1.3007901
1.4673712
1.5676876
1.5584029
1.4036079
1.1098988
0.7377943
0.3754285
0.0935003
-0.0842498
-0.1762660
-0.2157711
-0.2279467
-0.2263284
-0.2201888
-0.2178776
-0.2229816
-0.2313328
-0.2347564
-0.2287216
-0.2168077
-0.2077378
-0.2074130
-0.2136422
-0.2191649
-0.2195234
-0.2167285
-0.2152079
-0.2160033
-0.2161986
-0.2132073
-0.2082040
-0.2049147
-0.2052958
-0.2069664
-0.2057706
-0.2010091
-0.1966967
-0.1964025
-0.1979561
-0.1953089
-0.1856115
-0.1727164
-0.1631043
-0.1593549
-0.1581853
-0.1544405
-0.1466611
-0.1385601
-0.1344621
-0.1331939
-0.1277247
-0.1120395
-0.0879231
-0.0638425
-0.0470058
-0.0369458
-0.0267715
-0.0103698
0.0117197
0.0338681
0.0529907
0.0734600
0.1025451
0.1411503
0.1815329
0.2154449
0.2427704
0.2701950
0.3022092
0.3358692
0.3654651
0.3911016
0.4203550
0.4598429
0.5057696
0.5453690
0.5693124
0.5811988
0.5923734
0.6077508
0.6194428
0.6155938
0.5939741
0.5650744
0.5416551
0.5261141
0.5088818
0.4792755
0.4368344
0.3906242
0.3480824
0.3075139
0.2632694
0.2160486
0.1743707
0.1450364
0.1244947
0.1019242
0.0709396
0.0367051
0.0099628
-0.0058180
-0.0191805
-0.0406887
-0.0692653
-0.0916278
-0.0966250
-0.0882227
-0.0821682
-0.0900682
-0.1081405
-0.1220093
-0.1219183
-0.1125630
-0.1076347
-0.1150449
-0.1287390
-0.1358189
-0.1306234
-0.1200879
-0.1154733
-0.1207430
-0.1299407
-0.1347614
-0.1330718
-0.1295621
-0.1288572
-0.1296202
-0.1267737
-0.1189016
-0.1110243
-0.1087933
-0.1116714
-0.1140915
-0.1128636
-0.1110309
-0.1134229
-0.1197577
-0.1239237
-0.1206623
-0.1122319
-0.1070745
-0.1110935
-0.1211256
-0.1285674
-0.1292830
-0.1279989
-0.1319632
-0.1416825
-0.1497242
-0.1488348
-0.1402739
-0.1332508
-0.1356012
-0.1451655
-0.1516013
-0.1477846
-0.1384957
-0.1357401
-0.1451155
-0.1587609
-0.1634171
-0.1548560
-0.1426551
-0.1399956
-0.1496083
-0.1613675
-0.1643489
-0.1595988
-0.1584074
-0.1678139
-0.1809491
-0.1843598
-0.1736577
-0.1587797
-0.1530531
-0.1592578
-0.1682337
-0.1703857
-0.1663245
-0.1648672
-0.1713499
-0.1801893
-0.1805689
-0.1685972
-0.1516598
-0.1402331
-0.1371239
-0.1360468
-0.1297670
-0.1178301
-0.1058622
-0.0982358
-0.0926476
-0.0827283
-0.0658426
-0.0469854
-0.0338234
-0.0285945
-0.0266438
-0.0231882
-0.0198247
-0.0229784
-0.0362380
-0.0552141
-0.0705159
-0.0760869
-0.0748467
-0.0760862
-0.0871025
-0.1072081
-0.1293887
-0.1469531
-0.1585717
-0.1681127
-0.1804431
-0.1965997
-0.2120143
-0.2199233
-0.2176940
-0.2099454
-0.2047834
-0.2067623
-0.2136763
-0.2198690
-0.2220254
-0.2215523
-0.2215778
-0.2221286
-0.2191492
-0.2090745
-0.1939326
-0.1803684
-0.1727018
-0.1676200
-0.1569040
-0.1357259
-0.1074848
-0.0788411
-0.0482167
0.0010508
0.0938091
0.2458812
0.4514403
0.6865347
0.9238386
1.1423754
1.3231830
1.4391820
1.4551240
1.3435894
1.1062893
0.7827406
0.4373120
0.1326494
-0.0928047
-0.2312336
-0.2975791
-0.3168939
-0.3138708
-0.3061380
-0.3012775
-0.2980499
-0.2913654
-0.2784091
-0.2622042
-0.2499275
-0.2468703
-0.2512592
-0.2554593
-0.2531404
-0.2454185
-0.2396083
-0.2417091
-0.2500087
-0.2561115
-0.2527306
-0.2409264
-0.2293429
-0.2256983
-0.2293349
-0.2329318
-0.2311326
-0.2259149
-0.2228271
-0.2232121
-0.2218404
-0.2126871
-0.1963400
-0.1806802
-0.1735366
-0.1747080
-0.1759739
-0.1695062
-0.1559190
-0.1434210
-0.1390267
-0.1408924
-0.1393262
-0.1254631
-0.0995231
-0.0708812
-0.0496385
-0.0377363
-0.0283917
-0.0138851
0.0071969
0.0307041
0.0533779
0.0768919
0.1055036
0.1409437
0.1803090
0.2185878
0.2526619
0.2828341
0.3110736
0.3385618
0.3651689
0.3907082
0.4160183
0.4428007
0.4724536
0.5043437
0.5345464
0.5570430
0.5677861
0.5681126
0.5632252
0.5565374
0.5458682
0.5259261
0.4947623
0.4574508
0.4226552
0.3946371
0.3684499
0.3341216
0.2869298
0.2335708
0.1869697
0.1541008
0.1292313
0.1001221
0.0614107
0.0213752
-0.0056897
-0.0143965
-0.0148269
-0.0230316
-0.0450685
-0.0716834
-0.0891156
-0.0937549
-0.0948300
-0.1032190
-0.1192711
-0.1325315
-0.1331237
-0.1226525
-0.1133108
-0.1159781
-0.1294039
-0.1415879
-0.1419813
-0.1320277
-0.1233784
-0.1257082
-0.1365075
-0.1432797
-0.1361639
-0.1181691
-0.1022405
-0.0981405
-0.1032430
-0.1069478
-0.1030910
-0.0961968
-0.0952151
-0.1026342
-0.1112364
-0.1116432
-0.1021972
-0.0907391
-0.0866634
-0.0917498
-0.0992413
-0.1016308
-0.0985098
-0.0964103
-0.1014969
-0.1130417
-0.1239887
-0.1275039
-0.1229751
-0.1160480
-0.1132611
-0.1167735
-0.1238132
-0.1302262
-0.1339930
-0.1360264
-0.1386997
-0.1435368
-0.1492550
-0.1518664
-0.1479930
-0.1390878
-0.1316259
-0.1316205
-0.1386233
-0.1461659
-0.1488629
-0.1483442
-0.1507647
-0.1583076
-0.1649415
-0.1625307
-0.1509329
-0.1399258
-0.1397710
-0.1506908
-0.1629719
-0.1671863
-0.1631495
-0.1587771
-0.1612701
-0.1699833
-0.1772818
-0.1757812
-0.1651855
-0.1527996
-0.1472466
-0.1507722
-0.1571324
-0.1574903
-0.1491410
-0.1382070
-0.1326649
-0.1325367
-0.1285957
-0.1124198
-0.0870898
-0.0655900
-0.0575204
-0.0587732
-0.0561318
-0.0418942
-0.0222844
-0.0105275
-0.0125190
-0.0208265
-0.0232059
-0.0159321
-0.0074664
-0.0090745
-0.0231724
-0.0417960
-0.0557995
-0.0641145
-0.0735587
-0.0904824
-0.1136337
-0.1353230
-0.1489393
-0.1547633
-0.1585495
-0.1651803
-0.1743198
-0.1819754
-0.1854078
-0.1861095
-0.1883763
-0.1951996
-0.2050314
-0.2121426
-0.2107972
-0.2002789
-0.1862370
-0.1763750
-0.1738815
-0.1748350
-0.1723758
-0.1635872
-0.1518877
-0.1422000
-0.1340552
-0.1204193
-0.0937087
-0.0518736
0.0032084
0.0739921
0.1727626
0.3167451
0.5154958
0.7611245
1.0292693
1.2883702
1.5072719
1.6547318
1.6960791
1.5992067
1.3541540
0.9932825
0.5908981
0.2342750
-0.0171703
-0.1552209
-0.2128262
-0.2324624
-0.2401890
-0.2423162
-0.2381834
-0.2307800
-0.2259595
-0.2263689
-0.2297748
-0.2327735
-0.2339478
-0.2334050
-0.2315302
-0.2295596
-0.2299491
-0.2339078
-0.2384287
-0.2378386
-0.2298668
-0.2193694
-0.2141486
-0.2166829
-0.2214204
-0.2212343
-0.2155289
-0.2103336
-0.2104718
-0.2133829
-0.2118368
-0.2020621
-0.1878901
-0.1766746
-0.1719704
-0.1707441
-0.1672894
-0.1590874
-0.1487142
-0.1405921
-0.1363305
-0.1330521
-0.1258342
-0.1118474
-0.0927236
-0.0733356
-0.0579906
-0.0470495
-0.0367057
-0.0221810
-0.0017674
0.0217702
0.0440006
0.0637595
0.0855082
0.1158329
0.1563972
0.2004851
0.2380327
0.2651469
0.2879691
0.3158298
0.3507845
0.3856715
0.4134459
0.4368365
0.4661359
0.5067640
0.5509988
0.5840828
0.5982907
0.5993571
0.5987577
0.6013063
0.6015037
0.5908922
0.5669737
0.5348235
0.5018376
0.4719676
0.4437625
0.4122001
0.3727325
0.3256043
0.2771290
0.2352252
0.2019555
0.1710008
