-0.1896765
-0.2789024
-0.1544010
-0.0904727
-0.1383341
-0.1442921
-0.0678258
-0.0224789
-0.0448230
-0.0483596
-0.0012178
0.0325190
0.0321083
0.0500418
0.0985316
0.1326973
0.1479248
0.1849659
0.2417466
0.2764050
0.2902908
0.3218295
0.3695392
0.3992119
0.4128186
0.4390380
0.4724629
0.4872500
0.4920574
0.5119122
0.5357375
0.5355802
0.5166024
0.5004902
0.4829030
0.4502188
0.4130579
0.3843717
0.3507005
0.2997270
0.2487622
0.2152096
0.1872534
0.1506077
0.1145268
0.0876612
0.0590963
0.0246344
0.0004672
-0.0084320
-0.0221254
-0.0506262
-0.0752738
-0.0803182
-0.0748779
-0.0718219
-0.0719351
-0.0770336
-0.0918575
-0.1076847
-0.1101352
-0.1050755
-0.1108078
-0.1260368
-0.1327440
-0.1278690
-0.1244307
-0.1247837
-0.1202310
-0.1135840
-0.1159368
-0.1245323
-0.1272772
-0.1245825
-0.1259124
-0.1311213
-0.1337755
-0.1345145
-0.1347508
-0.1284204
-0.1154489
-0.1097735
-0.1185442
-0.1279990
-0.1249623
-0.1170402
-0.1170258
-0.1227849
-0.1263366
-0.1276772
-0.1272505
-0.1198103
-0.1067685
-0.1000349
-0.1044649
-0.1106393
-0.1116112
-0.1121050
-0.1164268
-0.1224005
-0.1301817
-0.1414394
-0.1487236
-0.1425412
-0.1296147
-0.1269744
-0.1375700
-0.1482243
-0.1510793
-0.1507669
-0.1516086
-0.1535234
-0.1589940
-0.1694514
-0.1771694
-0.1740482
-0.1649621
-0.1606514
-0.1626461
-0.1660264
-0.1698652
-0.1741628
-0.1747994
-0.1720046
-0.1744289
-0.1845236
-0.1902673
-0.1822287
-0.1688093
-0.1639362
-0.1686804
-0.1742437
-0.1745146
-0.1683525
-0.1582039
-0.1516957
-0.1548872
-0.1602849
-0.1526671
-0.1299840
-0.1067516
-0.0940419
-0.0882200
-0.0817497
-0.0727620
-0.0616490
-0.0498839
-0.0437556
-0.0481518
-0.0560992
-0.0553329
-0.0452254
-0.0372955
-0.0401656
-0.0530599
-0.0710152
-0.0871875
-0.0944438
-0.0945806
-0.1010428
-0.1224534
-0.1486979
-0.1634788
-0.1655521
-0.1676779
-0.1791125
-0.1977883
-0.2154541
-0.2238123
-0.2207107
-0.2151790
-0.2194093
-0.2316794
-0.2362494
-0.2249599
-0.2090309
-0.2034964
-0.2090266
-0.2152087
-0.2140707
-0.2054325
-0.1955806
-0.1933632
-0.2005898
-0.2055794
-0.1946094
-0.1697281
-0.1456652
-0.1291491
-0.1115658
-0.0824465
-0.0394091
0.0176708
0.0944027
0.2020506
0.3541267
0.5585267
0.8045463
1.0599397
1.2876843
1.4619371
1.5615179
1.5566148
1.4178028
1.1428373
0.7721628
0.3801894
0.0491777
-0.1652011
-0.2600356
-0.2787398
-0.2725713
-0.2671659
-0.2627581
-0.2538820
-0.2409061
-0.2294613
-0.2263432
-0.2330203
-0.2407942
-0.2381883
-0.2252017
-0.2136464
-0.2118101
-0.2161929
-0.2198720
-0.2209985
-0.2209283
-0.2212197
-0.2242045
-0.2301111
-0.2332450
-0.2277279
-0.2168116
-0.2097307
-0.2099205
-0.2128084
-0.2138653
-0.2122212
-0.2080245
-0.2026699
-0.1996528
-0.1993521
-0.1958758
-0.1849365
-0.1713269
-0.1624974
-0.1583322
-0.1532703
-0.1450090
-0.1354912
-0.1265726
-0.1192486
-0.1134109
-0.1048219
-0.0872035
-0.0608783
-0.0341173
-0.0126689
0.0063809
0.0273057
0.0486461
0.0673299
0.0848304
0.1060048
0.1354447
0.1753239
0.2215420
0.2625086
0.2890264
0.3061455
0.3283387
0.3621237
0.4000802
0.4326526
0.4590701
0.4850999
0.5151350
0.5473676
0.5733762
0.5839730
0.5791428
0.5691566
0.5614180
0.5503626
0.5262690
0.4901295
0.4527898
0.4217198
0.3947392
0.3650513
0.3276637
0.2827914
0.2366287
0.1964146
0.1624693
0.1289650
0.0943701
0.0653484
0.0470523
0.0351525
0.0215697
0.0037849
-0.0147948
-0.0298709
-0.0394543
-0.0458093
-0.0550214
-0.0700269
-0.0840109
-0.0866826
-0.0779088
-0.0692041
-0.0705000
-0.0806717
-0.0919297
-0.0984791
-0.0999662
-0.1004779
-0.1043232
-0.1099126
-0.1099572
-0.1015666
-0.0927477
-0.0932326
-0.1016105
-0.1079106
-0.1073113
-0.1051681
-0.1087572
-0.1184376
-0.1268728
-0.1250309
-0.1111378
-0.0951960
-0.0906127
-0.0991003
-0.1085539
-0.1085977
-0.1028948
-0.1021899
-0.1098994
-0.1191360
-0.1210187
-0.1127691
-0.1001965
-0.0938398
-0.0994163
-0.1110780
-0.1176967
-0.1159361
-0.1125364
-0.1136950
-0.1178113
-0.1198129
-0.1176223
-0.1129129
-0.1092404
-0.1098994
-0.1143532
-0.1175807
-0.1165227
-0.1153637
-0.1198469
-0.1280747
-0.1321772
-0.1283297
-0.1206559
-0.1158716
-0.1175830
-0.1246106
-0.1318477
-0.1344328
-0.1334366
-0.1347078
-0.1399193
-0.1429111
-0.1383622
-0.1301068
-0.1264946
-0.1301748
-0.1362143
-0.1384747
-0.1354270
-0.1314491
-0.1331312
-0.1412484
-0.1462985
-0.1367708
-0.1130478
-0.0883994
-0.0745499
-0.0705131
-0.0671588
-0.0585072
-0.0464564
-0.0372578
-0.0344384
-0.0333771
-0.0242877
-0.0040781
0.0165534
0.0228505
0.0122876
-0.0033807
-0.0120344
-0.0130365
-0.0153120
-0.0269977
-0.0469129
-0.0644490
-0.0696703
-0.0654424
-0.0664777
-0.0834421
-0.1111076
-0.1354482
-0.1491018
-0.1558865
-0.1628917
-0.1725848
-0.1816044
-0.1845084
-0.1796796
-0.1725580
-0.1706587
-0.1746299
-0.1775712
-0.1742478
-0.1673084
-0.1630637
-0.1645825
-0.1699495
-0.1736626
-0.1689878
-0.1532626
-0.1326181
-0.1180027
-0.1144686
-0.1158267
-0.1098084
-0.0869937
-0.0465441
0.0042572
0.0593434
0.1276899
0.2350407
0.4039167
0.6295286
0.8790389
1.1151070
1.3160722
1.4713185
1.5604146
1.5434161
1.3808703
1.0730003
0.6814288
0.3042291
0.0196613
-0.1512697
-0.2340714
-0.2643193
-0.2656350
-0.2520612
-0.2358385
-0.2264663
-0.2254348
-0.2261081
-0.2208795
-0.2094176
-0.1990143
-0.1955741
-0.1964156
-0.1951315
-0.1913779
-0.1908070
-0.1961772
-0.2040713
-0.2105856
-0.2146615
-0.2147073
-0.2075938
-0.1940335
-0.1814386
-0.1780970
-0.1851209
-0.1950837
-0.1984911
-0.1926839
-0.1850834
-0.1854191
-0.1933715
-0.1971452
-0.1870058
-0.1671296
-0.1504816
-0.1444988
-0.1456522
-0.1460498
-0.1412205
-0.1322637
-0.1236613
-0.1187548
-0.1155929
-0.1081362
-0.0926974
-0.0716976
-0.0502993
-0.0313675
-0.0143032
0.0036685
0.0256273
0.0517568
0.0778774
0.1003136
0.1221288
0.1504350
0.1868590
0.2249146
0.2583007
0.2880996
0.3197854
0.3558252
0.3932045
0.4268283
0.4543421
0.4783146
0.5034455
0.5311186
0.5582020
0.5817562
0.6015181
0.6155216
0.6174095
0.6029022
0.5767549
0.5482311
0.5202363
0.4872158
0.4441914
0.3946749
0.3484563
0.3125210
0.2841739
0.2532239
0.2124378
0.1658178
0.1243147
0.0935132
0.0688403
0.0432263
0.0153398
-0.0111911
-0.0326596
-0.0470144
-0.0540462
-0.0567563
-0.0606202
-0.0691077
-0.0807069
-0.0913122
-0.0986554
-0.1042148
-0.1116038
-0.1222678
-0.1317638
-0.1325987
-0.1234376
-0.1133029
-0.1126474
-0.1213094
-0.1293299
-0.1293556
-0.1243783
-0.1227410
-0.1285605
-0.1380316
-0.1434732
-0.1405969
-0.1325933
-0.1266807
-0.1264804
-0.1293261
-0.1310597
-0.1304580
-0.1279740
-0.1237850
-0.1195176
-0.1189668
-0.1239400
-0.1307799
-0.1332812
-0.1283701
-0.1183083
-0.1091096
-0.1071573
-0.1144124
-0.1253065
-0.1305722
-0.1261085
-0.1172556
-0.1136076
-0.1201440
-0.1327188
-0.1409301
-0.1369248
-0.1239803
-0.1152794
-0.1210741
-0.1375934
-0.1515522
-0.1549282
-0.1519335
-0.1516511
-0.1574680
-0.1648974
-0.1674987
-0.1636058
-0.1579000
-0.1566353
-0.1614224
-0.1686940
-0.1748724
-0.1794660
-0.1827186
-0.1838766
-0.1836490
-0.1848817
-0.1877861
-0.1872247
-0.1785693
-0.1651886
-0.1566960
-0.1591555
-0.1684177
-0.1736131
-0.1673700
-0.1531126
-0.1415982
-0.1390875
-0.1402365
-0.1348911
-0.1204095
-0.1036784
-0.0916124
-0.0840473
-0.0768978
-0.0684334
-0.0603709
-0.0551575
-0.0541107
-0.0569965
-0.0620719
-0.0668690
-0.0693783
-0.0689231
-0.0672649
-0.0690924
-0.0789221
-0.0958595
-0.1135355
-0.1272131
-0.1389248
-0.1533535
-0.1707571
-0.1869251
-0.1987747
-0.2070141
-0.2138620
-0.2206247
-0.2274187
-0.2334831
-0.2375991
-0.2391332
-0.2388309
-0.2386622
-0.2410341
-0.2467169
-0.2518783
-0.2490235
-0.2346978
-0.2160768
-0.2057368
-0.2083545
-0.2154378
-0.2146912
-0.2022712
-0.1844926
-0.1696649
-0.1599972
-0.1502052
-0.1322477
-0.1010023
-0.0550434
0.0082120
0.0966692
0.2212520
0.3892425
0.5989494
0.8375032
1.0814511
1.3011567
1.4669833
1.5511926
1.5261299
1.3699483
1.0851479
0.7147912
0.3349663
0.0224238
-0.1799152
-0.2755921
-0.3003671
-0.2953806
-0.2872443
-0.2844195
-0.2842509
-0.2803604
-0.2678031
-0.2482360
-0.2315519
-0.2282013
-0.2378840
-0.2488193
-0.2502076
-0.2431350
-0.2373217
-0.2391472
-0.2452393
-0.2471016
-0.2402250
-0.2283677
-0.2194766
-0.2179436
-0.2214431
-0.2248759
-0.2253604
-0.2227357
-0.2179623
-0.2133113
-0.2119352
-0.2140190
-0.2143549
-0.2069380
-0.1920727
-0.1766861
-0.1673936
-0.1647410
-0.1640710
-0.1605466
-0.1532127
-0.1449860
-0.1387110
-0.1332922
-0.1246209
-0.1103204
-0.0922138
-0.0740264
-0.0582705
-0.0453090
-0.0330977
-0.0173073
0.0056888
0.0344652
0.0629102
0.0863826
0.1065648
0.1295690
0.1602813
0.1986631
0.2398545
0.2772258
0.3068930
0.3306039
0.3541084
0.3823536
0.4156983
0.4494265
0.4767049
0.4943581
0.5073641
0.5252999
0.5512738
0.5754569
0.5828510
0.5677453
0.5383583
0.5071823
0.4789744
0.4489104
0.4107510
0.3651087
0.3193888
0.2802984
0.2477764
0.2170539
0.1850678
0.1525471
0.1208818
0.0906528
0.0637775
0.0432024
0.0282291
0.0129980
-0.0071957
-0.0291715
-0.0442770
-0.0478942
-0.0450660
-0.0459091
-0.0556586
-0.0697213
-0.0791202
-0.0805949
-0.0798677
-0.0844340
-0.0951717
-0.1066591
-0.1137581
-0.1152360
-0.1123677
-0.1076571
-0.1051385
-0.1086192
-0.1178530
-0.1278027
-0.1330146
-0.1325426
-0.1303717
-0.1312106
-0.1356503
-0.1393326
-0.1374864
-0.1303823
-0.1234020
-0.1216538
-0.1256631
-0.1321579
-0.1371256
-0.1378536
-0.1345079
-0.1310039
-0.1322160
-0.1384874
-0.1442658
-0.1440070
-0.1386899
-0.1348982
-0.1376486
-0.1452692
-0.1516763
-0.1533431
-0.1534107
-0.1579915
-0.1682871
-0.1780280
-0.1801212
-0.1746561
-0.1685728
-0.1682819
-0.1744722
-0.1832480
-0.1898168
-0.1912661
-0.1885350
-0.1867174
-0.1915239
-0.2036802
-0.2169565
-0.2226430
-0.2168854
-0.2045026
-0.1955022
-0.1964991
-0.2047796
-0.2114708
-0.2107657
-0.2050114
-0.2007613
-0.2016913
-0.2060771
-0.2092762
-0.2073168
-0.1995665
-0.1896869
-0.1833433
-0.1834683
-0.1876046
-0.1902616
-0.1876690
-0.1803863
-0.1721525
-0.1663107
-0.1625164
-0.1568369
-0.1458095
-0.1303004
-0.1146330
-0.1022971
-0.0934429
-0.0860546
-0.0783233
-0.0702395
-0.0641796
-0.0636545
-0.0700473
-0.0804543
-0.0897085
-0.0946186
-0.0958676
-0.0966015
-0.1001870
-0.1085868
-0.1213946
-0.1363770
-0.1517471
-0.1677410
-0.1853135
-0.2035154
-0.2187538
-0.2268587
-0.2264972
-0.2215376
-0.2195410
-0.2257947
-0.2378400
-0.2471783
-0.2475503
-0.2410489
-0.2355810
-0.2368497
-0.2429277
-0.2458961
-0.2389254
-0.2230556
-0.2072626
-0.2004737
-0.2027772
-0.2052509
-0.1988168
-0.1824569
-0.1623611
-0.1438608
-0.1249563
-0.0974216
-0.0530371
0.0129626
0.1054437
0.2340667
0.4094159
0.6309587
0.8794765
1.1228952
1.3281158
1.4653719
1.5048874
1.4193166
1.1997252
0.8739438
0.5070573
0.1763183
-0.0643472
-0.2041850
-0.2668225
-0.2849441
-0.2818264
-0.2700109
-0.2577878
-0.2510319
-0.2501088
-0.2496977
-0.2444304
-0.2348075
-0.2269264
-0.2260518
-0.2307439
-0.2343441
-0.2327777
-0.2295833
-0.2314826
-0.2394146
-0.2460943
-0.2433386
-0.2308393
-0.2170081
-0.2115025
-0.2168261
-0.2264323
-0.2308043
-0.2259975
-0.2166827
-0.2109597
-0.2123953
-0.2168891
-0.2164377
-0.2058922
-0.1874905
-0.1698075
-0.1612187
-0.1627541
-0.1671645
-0.1656024
-0.1552787
-0.1406804
-0.1281710
-0.1198580
-0.1119347
-0.0983755
-0.0768936
-0.0518670
-0.0307370
-0.0167135
-0.0053563
0.0109233
0.0349703
0.0618973
0.0843126
0.1008074
0.1189292
0.1484455
0.1907776
0.2360736
0.2722336
0.2965857
0.3174125
0.3443015
0.3786711
0.4140442
0.4438778
0.4677767
0.4904968
0.5159342
0.5424854
0.5640839
0.5753509
0.5754148
0.5671221
0.5535501
0.5355693
0.5119059
0.4810694
0.4439341
0.4047654
0.3684910
0.3358470
0.3019695
0.2613226
0.2143612
0.1685302
0.1319887
0.1061395
0.0845388
0.0598577
0.0324349
0.0112462
0.0050774
0.0125729
0.0220646
0.0216963
0.0091981
-0.0081267
-0.0216262
-0.0286975
-0.0330454
-0.0392450
-0.0478327
-0.0556497
-0.0603841
-0.0638402
-0.0701704
-0.0812159
-0.0941817
-0.1040074
-0.1080716
-0.1089193
-0.1121517
-0.1205406
-0.1298697
-0.1320142
-0.1235346
-0.1105813
-0.1036513
-0.1072111
-0.1155240
-0.1191316
-0.1147038
-0.1078347
-0.1063618
-0.1116440
-0.1168923
-0.1138756
-0.1005395
-0.0817798
-0.0636623
-0.0479221
-0.0316423
-0.0107622
0.0169100
0.0521622
0.0986421
0.1678253
0.2784649
0.4466183
0.6717137
0.9311588
1.1898344
1.4154872
1.5839299
1.6696915
1.6375279
1.4548371
1.1242108
0.7074159
0.3095264
0.0249534
-0.1143954
-0.1463369
-0.1378530
-0.1349509
-0.1437506
-0.1490651
-0.1430159
-0.1346043
-0.1368263
-0.1508587
-0.1652571
-0.1685770
-0.1601119
-0.1486180
-0.1431226
-0.1460915
-0.1537373
-0.1607064
-0.1643047
-0.1655636
-0.1671513
-0.1702048
-0.1728843
-0.1719095
-0.1656695
-0.1562476
-0.1485805
-0.1469507
-0.1512118
-0.1562437
-0.1560822
-0.1495807
-0.1420674
-0.1407153
-0.1474391
-0.1559229
-0.1560767
-0.1426021
-0.1200901
-0.0995244
-0.0889912
-0.0872926
-0.0863497
-0.0793779
-0.0664918
-0.0528845
-0.0423557
-0.0328589
-0.0181888
0.0059562
0.0374262
0.0691606
0.0954213
0.1165130
0.1374558
0.1624556
0.1909653
0.2188176
0.2426672
0.2633109
0.2851274
0.3124855
0.3462231
0.3827599
0.4162249
0.4421504
0.4604066
0.4749259
0.4894284
0.5023232
0.5065323
0.4961426
0.4737099
0.4494650
0.4317057
0.4180827
0.3975865
0.3617667
0.3136023
0.2649000
0.2253041
0.1944515
0.1646575
0.1300674
0.0923231
0.0579995
0.0320344
0.0140049
-0.0005207
-0.0161754
-0.0347022
-0.0540211
-0.0697982
-0.0788885
-0.0823149
-0.0849164
-0.0913705
-0.1019967
-0.1123997
-0.1174286
-0.1157188
-0.1106820
-0.1074679
-0.1090409
-0.1145488
-0.1205667
-0.1238659
-0.1240438
-0.1242876
-0.1288858
-0.1385868
-0.1482291
-0.1503823
-0.1426239
-0.1309126
-0.1245877
-0.1276306
-0.1354599
-0.1405833
-0.1405170
-0.1392421
-0.1414693
-0.1471117
-0.1519647
-0.1524298
-0.1481019
-0.1404356
-0.1311559
-0.1228704
-0.1193758
-0.1228946
-0.1308267
-0.1371706
-0.1384669
