-0.2153936
-0.1901813
-0.1614150
-0.1395274
-0.1271944
-0.1187786
-0.1071852
-0.0918556
-0.0796001
-0.0763495
-0.0780997
-0.0722181
-0.0500992
-0.0182751
0.0057742
0.0107297
0.0030650
-0.0008535
0.0061863
0.0154555
0.0189907
0.0331631
0.1008272
0.2635949
0.5264632
0.8451553
1.1444341
1.3492175
1.4071180
1.2985009
1.0423323
0.6984527
0.3544234
0.0909778
-0.0567776
-0.1121082
-0.1302850
-0.1542581
-0.1896369
-0.2165417
-0.2204253
-0.2090227
-0.2015358
-0.2064623
-0.2138126
-0.2085977
-0.1886204
-0.1667982
-0.1571405
-0.1612283
-0.1694189
-0.1732208
-0.1736619
-0.1770932
-0.1850873
-0.1908733
-0.1859413
-0.1688612
-0.1470535
-0.1307868
-0.1260856
-0.1323082
-0.1443926
-0.1564675
-0.1645074
-0.1674280
-0.1663450
-0.1623346
-0.1548235
-0.1429254
-0.1286274
-0.1173456
-0.1135616
-0.1157844
-0.1175146
-0.1143936
-0.1092602
-0.1078799
-0.1092657
-0.1026523
-0.0769436
-0.0336293
0.0115657
0.0415203
0.0519985
0.0524540
0.0535790
0.0563879
0.0547127
0.0465105
0.0391442
0.0415987
0.0527169
0.0598360
0.0506094
0.0257359
-0.0012207
-0.0170917
-0.0217441
-0.0271428
-0.0441913
-0.0712810
-0.0962304
-0.1089775
-0.1113420
-0.1139151
-0.1242413
-0.1395061
-0.1512631
-0.1559864
-0.1589512
-0.1670560
-0.1791860
-0.1856154
-0.1776001
-0.1567729
-0.1342153
-0.1203951
-0.1166410
-0.1164602
-0.1141903
-0.1111766
-0.1131400
-0.1222143
-0.1327837
-0.1361087
-0.1293127
-0.1193216
-0.1170484
-0.1270514
-0.1430361
-0.1541551
-0.1559654
-0.1545786
-0.1593077
-0.1714923
-0.1818054
-0.1794894
-0.1638377
-0.1453942
-0.1353712
-0.1347027
-0.1345574
-0.1273816
-0.1157094
-0.1084735
-0.1089970
-0.1091547
-0.0979814
-0.0759934
-0.0575140
-0.0540980
-0.0532308
-0.0155127
0.1012172
0.3080235
0.5694424
0.8191285
0.9925750
1.0516430
0.9889822
0.8209162
0.5819940
0.3216195
0.0931305
-0.0664290
-0.1517296
-0.1842998
-0.1904696
-0.1830500
-0.1628577
-0.1332792
-0.1070480
-0.0960522
-0.0977214
-0.0969395
-0.0833584
-0.0639917
-0.0553577
-0.0637197
-0.0768494
-0.0777439
-0.0648189
-0.0549239
-0.0650064
-0.0929216
-0.1191958
-0.1279121
-0.1233174
-0.1237424
-0.1400979
-0.1633454
-0.1747777
-0.1670544
-0.1521348
-0.1475829
-0.1573931
-0.1692794
-0.1707987
-0.1645237
-0.1637930
-0.1741729
-0.1837389
-0.1754734
-0.1482159
-0.1208906
-0.1133806
-0.1252122
-0.1367599
-0.1317392
-0.1146494
-0.1027867
-0.1029055
-0.1011975
-0.0792993
-0.0373977
0.0035942
0.0240304
0.0260170
0.0285741
0.0439608
0.0637408
0.0706844
0.0611566
0.0503441
0.0539679
0.0688128
0.0758055
0.0621009
0.0358197
0.0160739
0.0105325
0.0072920
-0.0096990
-0.0403971
-0.0675212
-0.0755867
-0.0679864
-0.0631178
-0.0749369
-0.1000357
-0.1242048
-0.1388706
-0.1482569
-0.1609532
-0.1779167
-0.1913740
-0.1946481
-0.1901467
-0.1862735
-0.1879945
-0.1927069
-0.1953828
-0.1952161
-0.1949176
-0.1942328
-0.1874616
-0.1697762
-0.1449259
-0.1235281
-0.1121801
-0.1059211
-0.0938877
-0.0722585
-0.0489284
-0.0336808
-0.0254362
-0.0122673
0.0159668
0.0594610
0.1178273
0.2074431
0.3624708
0.6083275
0.9261946
1.2419901
1.4556777
1.4929072
1.3427947
1.0582251
0.7240439
0.4178748
0.1856091
0.0374771
-0.0424270
-0.0823162
-0.1094122
-0.1395272
-0.1729114
-0.1992974
-0.2096776
-0.2059904
-0.2002538
-0.2037320
-0.2166102
-0.2287450
-0.2308668
-0.2243102
-0.2187091
-0.2204679
-0.2253375
-0.2236110
-0.2116194
-0.1958846
-0.1852558
-0.1808015
-0.1756922
-0.1649028
-0.1524397
-0.1468108
-0.1500503
-0.1540057
-0.1492443
-0.1365850
-0.1273790
-0.1312843
-0.1448652
-0.1540146
-0.1481988
-0.1315033
-0.1185825
-0.1195082
-0.1293884
-0.1338966
-0.1250867
-0.1104934
-0.1051500
-0.1146421
-0.1279207
-0.1287042
-0.1135239
-0.0959115
-0.0910022
-0.0976260
-0.0992476
-0.0839057
-0.0600176
-0.0480597
-0.0563134
-0.0693194
-0.0643505
-0.0380497
-0.0119327
-0.0092193
-0.0291735
-0.0485767
-0.0485248
-0.0354481
-0.0325317
-0.0524394
-0.0832298
-0.1027453
-0.1034884
-0.0992971
-0.1077225
-0.1296373
-0.1487298
-0.1496322
-0.1336134
-0.1159061
-0.1098153
-0.1152845
-0.1221638
-0.1221327
-0.1159760
-0.1100163
-0.1071805
-0.1024926
-0.0873813
-0.0586801
-0.0239539
0.0024422
0.0104590
0.0033693
-0.0043989
-0.0002385
0.0145671
0.0262667
0.0230854
0.0077177
-0.0061866
-0.0101173
-0.0107994
-0.0216245
-0.0448356
-0.0663551
-0.0712711
-0.0625660
-0.0597807
-0.0771548
-0.1059933
-0.1224840
-0.1129865
-0.0885007
-0.0726672
-0.0777474
-0.0951303
-0.1084392
-0.1118285
-0.1129586
-0.1201176
-0.1305403
-0.1329994
-0.1202061
-0.0968679
-0.0758399
-0.0672484
-0.0706975
-0.0766081
-0.0751360
-0.0652236
-0.0555208
-0.0552735
-0.0635321
-0.0688759
-0.0621586
-0.0495542
-0.0501262
-0.0777025
-0.1251581
-0.1685642
-0.1878965
-0.1830595
-0.1695896
-0.1609384
-0.1575194
-0.1524734
-0.1442378
-0.1399943
-0.1468536
-0.1622839
-0.1753207
-0.1774106
-0.1712947
-0.1684574
-0.1771917
-0.1928394
-0.2004010
-0.1882692
-0.1604029
-0.1342592
-0.1250171
-0.1311493
-0.1365596
-0.1278947
-0.1087706
-0.0949509
-0.0953855
-0.1005975
-0.0923113
-0.0640850
-0.0297464
-0.0099008
-0.0112315
-0.0209423
-0.0216208
-0.0098422
0.0011728
-0.0033283
-0.0235003
-0.0445431
-0.0517374
-0.0448456
-0.0374250
-0.0425407
-0.0597985
-0.0764314
-0.0805158
-0.0724139
-0.0630968
-0.0619991
-0.0677018
-0.0709240
-0.0656241
-0.0557568
-0.0509787
-0.0568471
-0.0699747
-0.0821166
-0.0878936
-0.0884534
-0.0885391
-0.0907231
-0.0924318
-0.0883345
-0.0758227
-0.0584334
-0.0435824
-0.0361657
-0.0341358
-0.0310057
-0.0231824
-0.0140929
-0.0098526
-0.0110046
-0.0103013
0.0000164
0.0194663
0.0393619
0.0516497
0.0562840
0.0590664
0.0633960
0.0662403
0.0636702
0.0615062
0.0824259
0.1636827
0.3435776
0.6381410
1.0163622
1.3918111
1.6479991
1.6938847
1.5165692
1.1906662
0.8335735
0.5398091
0.3432946
0.2279930
0.1640905
0.1320694
0.1206803
0.1158639
0.1017114
0.0725131
0.0378253
0.0114402
-0.0034547
-0.0153404
-0.0312609
-0.0463227
-0.0485347
-0.0328453
-0.0080913
0.0102023
0.0126202
0.0015454
-0.0137026
-0.0255899
-0.0331485
-0.0406362
-0.0526146
-0.0690704
-0.0838469
-0.0883594
-0.0786441
-0.0594318
-0.0403728
-0.0276565
-0.0200381
-0.0134366
-0.0078248
-0.0074088
-0.0139546
-0.0222020
-0.0238542
-0.0158618
-0.0033402
0.0060826
0.0097871
0.0114847
0.0161762
0.0253840
0.0373392
0.0501399
0.0634542
0.0778028
0.0935930
0.1109076
0.1289165
0.1447542
0.1539305
0.1534370
0.1450707
0.1350028
0.1289059
0.1268731
0.1234711
0.1136802
0.0991458
0.0877899
0.0860379
0.0911651
0.0924135
0.0809882
0.0591471
0.0385236
0.0288441
0.0289276
0.0298771
0.0267862
0.0251487
0.0339171
0.0529790
0.0700541
0.0715335
0.0557522
0.0344034
0.0209797
0.0186290
0.0192269
0.0131885
-0.0005221
-0.0133894
-0.0151076
-0.0022047
0.0199374
0.0423563
0.0593965
0.0709742
0.0791982
0.0841717
0.0843251
0.0808517
0.0799183
0.0880143
0.1044184
0.1198992
0.1246316
0.1172930
0.1053090
0.0963951
0.0913852
0.0858977
0.0775532
0.0699022
0.0694459
0.0800508
0.1003273
0.1251516
0.1498451
0.1764578
0.2205701
0.3118344
0.4801281
0.7298468
1.0206259
1.2749839
1.4140705
1.3981483
1.2433657
1.0061625
0.7514191
0.5275265
0.3585991
0.2480208
0.1839528
0.1449590
0.1092238
0.0662269
0.0222917
-0.0068118
-0.0113467
0.0025482
0.0176148
0.0198068
0.0084752
-0.0063121
-0.0152596
-0.0184051
-0.0231777
-0.0352287
-0.0518341
-0.0641034
-0.0652171
-0.0566183
-0.0466984
-0.0435255
-0.0482351
-0.0549993
-0.0575648
-0.0559275
-0.0560589
-0.0624353
-0.0710697
-0.0710110
-0.0538414
-0.0221849
0.0114127
0.0348390
0.0466222
0.0563110
0.0743438
0.1008464
0.1242827
0.1317895
0.1217171
0.1062825
0.1012124
0.1117240
0.1282803
0.1365111
0.1315138
0.1219002
0.1195562
0.1264648
0.1329961
0.1291167
0.1157479
0.1039158
0.1030763
0.1112854
0.1171552
0.1110041
0.0937861
0.0754259
0.0648962
0.0618289
0.0571866
0.0418649
0.0154136
-0.0125540
-0.0295098
-0.0299813
-0.0200255
-0.0121592
-0.0148931
-0.0259198
-0.0347313
-0.0320256
-0.0175766
0.0000435
0.0113992
0.0146459
0.0166142
0.0252363
0.0408281
0.0556322
0.0625077
0.0630662
0.0653470
0.0728950
0.0780378
0.0688474
0.0438296
0.0177670
0.0098516
0.0246957
0.0464345
0.0535134
0.0395964
0.0190263
0.0115344
0.0225018
0.0388537
0.0437240
0.0340180
0.0230379
0.0261834
0.0447631
0.0642188
0.0679791
0.0526015
0.0295548
0.0131497
0.0073943
0.0041456
-0.0069864
-0.0273644
-0.0471898
-0.0537517
-0.0419924
-0.0181877
0.0055081
0.0201195
0.0249500
0.0252983
0.0255309
0.0240716
0.0154566
-0.0020361
-0.0212781
-0.0306902
-0.0253808
-0.0136740
-0.0108666
-0.0250567
-0.0490129
-0.0668578
-0.0694185
-0.0627384
-0.0607765
-0.0697709
-0.0809200
-0.0795169
-0.0610774
-0.0373715
-0.0259431
-0.0339934
-0.0530206
-0.0690283
-0.0769663
-0.0841391
-0.0995603
-0.1215993
-0.1380375
-0.1387046
-0.1267845
-0.1164894
-0.1198010
-0.1362223
-0.1552380
-0.1674415
-0.1721467
-0.1743599
-0.1758291
-0.1709121
-0.1522289
-0.1200157
-0.0848471
-0.0603780
-0.0530744
-0.0586480
-0.0680217
-0.0765898
-0.0877051
-0.1069749
-0.1331519
-0.1556820
-0.1630970
-0.1548899
-0.1441397
-0.1461905
-0.1633633
-0.1816350
-0.1844920
-0.1709770
-0.1584524
-0.1651921
-0.1902747
-0.2133343
-0.2160443
-0.2023783
-0.1948426
-0.2103660
-0.2423393
-0.2681778
-0.2732712
-0.2648646
-0.2618025
-0.2728070
-0.2870703
-0.2858088
-0.2608347
-0.2210994
-0.1833148
-0.1586027
-0.1473172
-0.1431348
-0.1399217
-0.1360557
-0.1347106
-0.1403757
-0.1534927
-0.1676949
-0.1737189
-0.1679718
-0.1572784
-0.1531409
-0.1596749
-0.1682241
-0.1664969
-0.1536345
-0.1431688
-0.1469303
-0.1544942
-0.1300787
-0.0324394
0.1586195
0.4292011
0.7361727
1.0197983
1.2159302
1.2704468
1.1599533
0.9099626
0.5919199
0.2915597
0.0669298
-0.0726581
-0.1526960
-0.2017831
-0.2320993
-0.2443979
-0.2433375
-0.2419808
-0.2510959
-0.2680058
-0.2796896
-0.2772400
-0.2650558
-0.2545533
-0.2507178
-0.2478085
-0.2386112
-0.2251833
-0.2181232
-0.2257180
-0.2455676
-0.2671344
-0.2811273
-0.2856268
-0.2843680
-0.2813204
-0.2778265
-0.2737175
-0.2693994
-0.2664597
-0.2667924
-0.2706519
-0.2742160
-0.2695525
-0.2501575
-0.2190149
-0.1897338
-0.1760569
-0.1788136
-0.1850201
-0.1814446
-0.1679324
-0.1554241
-0.1515500
-0.1515696
-0.1457529
-0.1336259
-0.1263230
-0.1329083
-0.1473896
-0.1533963
-0.1416645
-0.1190965
-0.0986587
-0.0835477
-0.0658878
-0.0411370
-0.0188119
-0.0141217
-0.0290891
-0.0464719
-0.0463430
-0.0280727
-0.0120440
-0.0176823
-0.0423065
-0.0651027
-0.0713149
-0.0682776
-0.0752054
-0.0997570
-0.1291197
-0.1453680
-0.1463991
-0.1478371
-0.1638892
-0.1896462
-0.2055537
-0.1990733
-0.1789105
-0.1660879
-0.1723599
-0.1896191
-0.2006250
-0.1983076
-0.1929813
-0.2004099
-0.2235579
-0.2473149
-0.2523668
-0.2345504
-0.2097493
-0.1989122
-0.2082366
-0.2242641
-0.2279368
-0.2126164
-0.1882293
-0.1689950
-0.1590851
-0.1513902
-0.1388816
-0.1238344
-0.1140408
-0.1120160
-0.1116962
-0.1068007
-0.0997762
-0.0996059
-0.1107952
-0.1266894
-0.1353160
-0.1316314
-0.1227397
-0.1203001
-0.1284328
-0.1402464
-0.1461458
-0.1439757
-0.1399463
-0.1405036
-0.1449966
-0.1469463
-0.1419512
-0.1335294
-0.1303415
-0.1369620
-0.1478219
-0.1520385
-0.1455418
-0.1375439
-0.1427288
-0.1656298
-0.1932723
-0.2050485
-0.1914860
-0.1636251
-0.1430609
-0.1421619
-0.1545425
-0.1649053
-0.1659015
-0.1624537
-0.1600242
-0.1531534
-0.1299991
-0.0886034
-0.0452290
-0.0220135
-0.0227770
-0.0194800
0.0362092
0.1835524
0.4272371
0.7316725
1.0339385
1.2641771
1.3652398
1.3092705
1.1083364
0.8129235
0.4946730
0.2189944
0.0216878
-0.0967216
-0.1568247
-0.1794211
-0.1756082
-0.1531254
-0.1264968
-0.1152860
-0.1300261
-0.1615505
-0.1878031
-0.1939158
-0.1859075
-0.1831771
-0.1968796
-0.2174223
-0.2253101
-0.2135453
-0.1963976
-0.1948427
-0.2151903
-0.2439515
-0.2629438
-0.2671082
-0.2664183
-0.2714799
-0.2796207
-0.2769211
-0.2537499
-0.2163866
-0.1818635
-0.1619339
-0.1534934
-0.1446900
-0.1289009
-0.1114246
-0.1022285
-0.1027767
-0.1015806
-0.0846603
-0.0507131
-0.0139824
0.0096334
0.0185157
0.0256181
0.0429979
0.0680629
0.0865750
0.0886585
0.0799736
0.0756150
0.0832751
0.0944292
0.0935880
0.0750233
0.0479588
0.0253400
0.0103186
-0.0045230
-0.0263892
-0.0534010
-0.0767676
-0.0901831
-0.0958001
-0.1008822
-0.1095128
-0.1188604
-0.1239191
-0.1246695
-0.1272130
-0.1379511
-0.1571443
-0.1774596
-0.1881639
-0.1823638
-0.1628416
-0.1412271
-0.1292419
-0.1287186
-0.1299458
-0.1204649
-0.0962840
-0.0653320
-0.0403491
-0.0280690
-0.0249781
-0.0232789
-0.0195884
-0.0161435
-0.0145338
-0.0122144
-0.0075951
-0.0062396
-0.0176886
-0.0443693
-0.0751784
-0.0927054
-0.0888919
-0.0740015
-0.0684053
-0.0833190
-0.1096957
-0.1279077
-0.1285739
-0.1218096
-0.1249057
-0.1424867
-0.1607258
-0.1612861
-0.1401424
-0.1119877
-0.0956932
-0.0958875
-0.1003196
-0.0956805
-0.0836184
-0.0787021
-0.0914247
-0.1157648
-0.1338975
-0.1317478
-0.1100197
-0.0818258
-0.0605319
-0.0493814
-0.0420341
-0.0318476
-0.0189064
-0.0079719
-0.0018961
0.0013704
0.0064821
0.0166681
0.0307614
0.0428793
0.0461150
0.0382061
0.0235109
0.0088883
-0.0019582
-0.0101401
-0.0187600
-0.0285981
-0.0357499
-0.0342773
-0.0230889
-0.0095281
-0.0031131
-0.0050036
-0.0062268
0.0023123
0.0198655
0.0375603
0.0501335
0.0665443
0.1101215
0.2073278
0.3732114
0.6039535
0.8780359
1.1578563
1.3892455
1.5102844
1.4774602
1.2943936
1.0169621
0.7269247
0.4928087
0.3438482
0.2696774
0.2405348
0.2304285
0.2265200
0.2237246
0.2181844
0.2084707
0.1982646
0.1928729
0.1933003
0.1947011
0.1890531
0.1701230
0.1404482
0.1138684
0.1046804
0.1109421
0.1137808
0.0976981
0.0681933
0.0456592
0.0445096
0.0609530
0.0788386
0.0856414
0.0841921
0.0876853
0.1008471
0.1114076
0.1082084
0.1022727
0.1155462
0.1495350
0.1818285
0.1973125
0.2049101
0.2147288
0.2162304
0.1943599
