-0.0030332
-0.0014115
-0.0162624
-0.0433350
-0.0680450
-0.0829956
-0.0941196
-0.1090964
-0.1245766
-0.1301677
-0.1245552
-0.1214485
-0.1345450
-0.1585638
-0.1717449
-0.1607056
-0.1397042
-0.1396966
-0.1765589
-0.2329355
-0.2740669
-0.2805182
-0.2631097
-0.2467128
-0.2436650
-0.2455213
-0.2378804
-0.2177656
-0.1944162
-0.1761610
-0.1605134
-0.1376328
-0.1012763
-0.0553379
-0.0110643
0.0212713
0.0405350
0.0593192
0.1025248
0.1978868
0.3602071
0.5771234
0.8058837
0.9847421
1.0544988
0.9817652
0.7754089
0.4880227
0.1972331
-0.0280893
-0.1584111
-0.2102558
-0.2244383
-0.2337586
-0.2457265
-0.2505145
-0.2410449
-0.2237197
-0.2115320
-0.2104546
-0.2148653
-0.2154718
-0.2094030
-0.2016604
-0.1980122
-0.1982104
-0.1966705
-0.1892376
-0.1785602
-0.1721624
-0.1746477
-0.1817849
-0.1832520
-0.1726155
-0.1551422
-0.1446209
-0.1503101
-0.1658172
-0.1721198
-0.1543422
-0.1170452
-0.0818042
-0.0676812
-0.0736087
-0.0809049
-0.0733446
-0.0536842
-0.0397229
-0.0450477
-0.0652932
-0.0836524
-0.0882478
-0.0821705
-0.0766971
-0.0773907
-0.0794004
-0.0758496
-0.0677842
-0.0638050
-0.0707283
-0.0864531
-0.1023037
-0.1111874
-0.1127784
-0.1115714
-0.1113249
-0.1119299
-0.1108042
-0.1060902
-0.0983858
-0.0903421
-0.0848659
-0.0824805
-0.0795538
-0.0705473
-0.0543669
-0.0384976
-0.0340961
-0.0447952
-0.0613548
-0.0701162
-0.0676680
-0.0650181
-0.0745922
-0.0933590
-0.1022956
-0.0856266
-0.0498919
-0.0207969
-0.0198291
-0.0455109
-0.0784772
-0.1023155
-0.1161699
-0.1278119
-0.1393159
-0.1435316
-0.1340453
-0.1150874
-0.0992844
-0.0961579
-0.1041771
-0.1137371
-0.1162525
-0.1102568
-0.1011630
-0.0970906
-0.1029293
-0.1136347
-0.1101854
-0.0630872
0.0560019
0.2596522
0.5328960
0.8282205
1.0720025
1.1872849
1.1292308
0.9146015
0.6211043
0.3489830
0.1670806
0.0820598
0.0529384
0.0349341
0.0127316
-0.0023177
0.0004832
0.0118621
0.0098852
-0.0173317
-0.0588281
-0.0907278
-0.0983447
-0.0887940
-0.0827917
-0.0949822
-0.1224322
-0.1510991
-0.1714090
-0.1862099
-0.2040966
-0.2268911
-0.2457863
-0.2509699
-0.2441111
-0.2384665
-0.2445884
-0.2573838
-0.2606803
-0.2454450
-0.2206891
-0.2037770
-0.2010045
-0.2009485
-0.1883388
-0.1624320
-0.1384921
-0.1303279
-0.1341053
-0.1328100
-0.1166427
-0.0952333
-0.0866752
-0.0956417
-0.1056405
-0.0942891
-0.0553281
-0.0049307
0.0330355
0.0474146
0.0462687
0.0447882
0.0485458
0.0497333
0.0390767
0.0189631
0.0027653
0.0011255
0.0099471
0.0127646
-0.0045213
-0.0409202
-0.0822247
-0.1153020
-0.1394039
-0.1624455
-0.1875964
-0.2068181
-0.2093136
-0.1949071
-0.1766857
-0.1694533
-0.1758805
-0.1845573
-0.1820455
-0.1667588
-0.1503437
-0.1451506
-0.1512296
-0.1564944
-0.1489802
-0.1275609
-0.1005381
-0.0750670
-0.0495025
-0.0172386
0.0217203
0.0548803
0.0664492
0.0544450
0.0368909
0.0374971
0.0636499
0.0993984
0.1210265
0.1192587
0.1057537
0.0983833
0.1018376
0.1044470
0.0939091
0.0732268
0.0580702
0.0587781
0.0682348
0.0694394
0.0537192
0.0295535
0.0133906
0.0127317
0.0187228
0.0155645
-0.0027152
-0.0254190
-0.0357783
-0.0278829
-0.0116665
-0.0008516
0.0023422
0.0087443
0.0290301
0.0624854
0.1041580
0.1659373
0.2856341
0.5027322
0.8131158
1.1447543
1.3852650
1.4460595
1.3132285
1.0477224
0.7417761
0.4702928
0.2694825
0.1442860
0.0838520
0.0687489
0.0728094
0.0705937
0.0500095
0.0172582
-0.0130234
-0.0329226
-0.0465728
-0.0620745
-0.0803775
-0.0933238
-0.0930886
-0.0833968
-0.0797424
-0.0959894
-0.1299708
-0.1640101
-0.1814484
-0.1827652
-0.1846312
-0.2025988
-0.2347152
-0.2627821
-0.2706336
-0.2608490
-0.2517332
-0.2574893
-0.2739417
-0.2857483
-0.2850911
-0.2785989
-0.2751680
-0.2713098
-0.2528011
-0.2108454
-0.1535644
-0.0993351
-0.0598402
-0.0325486
-0.0100647
0.0080571
0.0180781
0.0248139
0.0433471
0.0826338
0.1307439
0.1631717
0.1675630
0.1565495
0.1532688
0.1657308
0.1788033
0.1723147
0.1443200
0.1133641
0.0982872
0.0995548
0.1021318
0.0931269
0.0723950
0.0472355
0.0220178
-0.0049422
-0.0372308
-0.0754859
-0.1152312
-0.1477897
-0.1649306
-0.1658432
-0.1605439
-0.1640755
-0.1838266
-0.2112270
-0.2283686
-0.2261997
-0.2157708
-0.2174182
-0.2369689
-0.2561487
-0.2505986
-0.2165040
-0.1755362
-0.1523679
-0.1499565
-0.1493882
-0.1331082
-0.1045241
-0.0812236
-0.0694943
-0.0512668
-0.0020397
0.0788899
0.1620165
0.2148049
0.2325150
0.2382315
0.2534774
0.2738385
0.2772124
0.2554587
0.2346015
0.2611073
0.3674662
0.5494219
0.7697734
0.9746147
1.1048610
1.1072581
0.9567785
0.6805062
0.3548120
0.0665369
-0.1325699
-0.2388173
-0.2712506
-0.2422182
-0.1581759
-0.0446313
0.0447320
0.0587610
-0.0074191
-0.1059730
-0.1799088
-0.2126076
-0.2325409
-0.2733183
-0.3360922
-0.3923472
-0.4172193
-0.4131561
-0.3998746
-0.3860019
-0.3566583
-0.2913730
-0.1924280
-0.0933139
-0.0387618
-0.0539707
-0.1259370
-0.2084178
-0.2488151
-0.2224301
-0.1491143
-0.0747073
-0.0301523
-0.0067126
0.0275247
0.0882675
0.1572245
0.2066622
0.2370549
0.2791094
0.3506471
0.4173124
0.4122948
0.3057468
0.1496162
0.0407594
0.0331467
0.0889503
0.1192979
0.0721565
-0.0211863
-0.0835704
-0.0706736
-0.0112844
0.0262835
0.0013815
-0.0666263
-0.1256797
-0.1407811
-0.1150028
-0.0701158
-0.0175103
0.0470449
0.1224002
0.1824737
0.1859319
0.1120567
-0.0121301
-0.1252110
-0.1773076
-0.1664178
-0.1319451
-0.1136922
-0.1149283
-0.1011449
-0.0332946
0.0945049
0.2447515
0.3602786
0.3995197
0.3561875
0.2558195
0.1398268
0.0481598
0.0048028
0.0096235
0.0417552
0.0747069
0.0944617
0.1078551
0.1337854
0.1827347
0.2419435
0.2805142
0.2695221
0.1985919
0.0801372
-0.0505246
-0.1347789
-0.1038477
0.0833377
0.3981116
0.7388641
0.9853119
1.0736197
1.0269717
0.9125387
0.7690066
0.5820296
0.3334277
0.0639502
-0.1309610
-0.1779259
-0.0952200
0.0199637
0.0741123
0.0471602
-0.0128990
-0.0522943
-0.0604504
-0.0614438
-0.0712913
-0.0763568
-0.0533022
0.0016905
0.0714172
0.1389148
0.1988989
0.2472443
0.2700545
0.2533565
0.2038372
0.1526357
0.1314270
0.1430811
0.1597868
0.1538263
0.1277310
0.1079372
0.1083322
0.1083996
0.0753396
0.0066749
-0.0566442
-0.0653599
-0.0112139
0.0606912
0.0917411
0.0638183
0.0127641
-0.0124103
0.0001309
0.0200143
0.0175182
0.0025261
0.0145592
0.0760312
0.1613558
0.2162997
0.2085788
0.1582837
0.1173882
0.1202284
0.1560476
0.1882250
0.1936019
0.1790057
0.1646429
0.1602313
0.1592026
0.1504785
0.1309665
0.1069159
0.0860323
0.0707346
0.0599521
0.0555797
0.0632632
0.0849263
0.1122653
0.1297650
0.1248440
0.0968296
0.0590581
0.0318857
0.0285297
0.0432746
0.0538103
0.0379050
-0.0093798
-0.0714985
-0.1213515
-0.1402373
-0.1330051
-0.1258773
-0.1431607
-0.1808209
-0.2049880
-0.1821743
-0.1139721
-0.0409300
-0.0091437
-0.0301647
-0.0730769
-0.0966208
-0.0875331
-0.0644025
-0.0467089
-0.0301864
0.0012172
0.0463159
0.0819257
0.0893113
0.0769352
0.0702508
0.0812115
0.0941023
0.0841029
0.0469765
0.0056514
-0.0138282
-0.0087682
0.0012831
-0.0016600
-0.0184829
-0.0405379
-0.0628956
-0.0835956
-0.0952010
-0.0873618
-0.0611864
-0.0360732
-0.0353257
-0.0617899
-0.0906544
-0.0932435
-0.0711936
-0.0614882
-0.0995568
-0.1774922
-0.2462634
-0.2631713
-0.2335758
-0.2024353
-0.2070058
-0.2412476
-0.2648989
-0.2407337
-0.1570352
-0.0157414
0.1880828
0.4585429
0.7662499
1.0349773
1.1761937
1.1440671
0.9592145
0.6853937
0.3900925
0.1236727
-0.0796828
-0.1983817
-0.2292249
-0.1942921
-0.1333814
-0.0817406
-0.0528596
-0.0432115
-0.0497764
-0.0762731
-0.1219912
-0.1722383
-0.2061629
-0.2136537
-0.2027347
-0.1913946
-0.1926794
-0.2054280
-0.2178602
-0.2208462
-0.2175648
-0.2188208
-0.2295452
-0.2420840
-0.2427632
-0.2238933
-0.1909552
-0.1605651
-0.1498504
-0.1635669
-0.1900213
-0.2105435
-0.2131682
-0.1981822
-0.1746796
-0.1547094
-0.1473517
-0.1528641
-0.1618200
-0.1626679
-0.1509009
-0.1302429
-0.1062522
-0.0807043
-0.0521774
-0.0215966
0.0031451
0.0109298
-0.0002394
-0.0161196
-0.0183419
-0.0063315
-0.0013970
-0.0232225
-0.0641951
-0.0928559
-0.0854247
-0.0526026
-0.0323242
-0.0530903
-0.1041304
-0.1452510
-0.1482249
-0.1245408
-0.1086051
-0.1185957
-0.1421957
-0.1592899
-0.1674381
-0.1785375
-0.1963165
-0.2072442
-0.1973504
-0.1735474
-0.1605657
-0.1727275
-0.1931993
-0.1899602
-0.1541244
-0.1144643
-0.1076940
-0.1382203
-0.1734664
-0.1773484
-0.1430977
-0.0939660
-0.0577533
-0.0440152
-0.0440758
-0.0473699
-0.0492593
-0.0365962
0.0300018
0.2041412
0.5082754
0.8931268
1.2438817
1.4362914
1.4048784
1.1762585
0.8459426
0.5186634
0.2588002
0.0821704
-0.0225431
-0.0754467
-0.1011567
-0.1235375
-0.1520458
-0.1750601
-0.1740134
-0.1473972
-0.1194571
-0.1217405
-0.1628263
-0.2168745
-0.2465893
-0.2394105
-0.2175743
-0.2112809
-0.2278925
-0.2517616
-0.2682435
-0.2788388
-0.2929772
-0.3126045
-0.3292549
-0.3343887
-0.3290678
-0.3211415
-0.3131180
-0.2972538
-0.2676559
-0.2352384
-0.2227390
-0.2415021
-0.2776183
-0.3045926
-0.3076750
-0.2942422
-0.2828788
-0.2836995
-0.2874572
-0.2739606
-0.2341301
-0.1836866
-0.1511646
-0.1507568
-0.1687386
-0.1770337
-0.1591939
-0.1247621
-0.1003085
-0.1043865
-0.1287357
-0.1464999
-0.1415130
-0.1254237
-0.1210824
-0.1330428
-0.1429271
-0.1347304
-0.1173619
-0.1165309
-0.1448585
-0.1836715
-0.1985661
-0.1751817
-0.1361997
-0.1171248
-0.1261876
-0.1358369
-0.1163748
-0.0713632
-0.0352266
-0.0398171
-0.0863799
-0.1455683
-0.1804541
-0.1734422
-0.1375487
-0.1032663
-0.0926432
-0.1042590
-0.1205680
-0.1269065
-0.1239606
-0.1242109
-0.1359635
-0.1504941
-0.1490107
-0.1253292
-0.0962006
-0.0821719
-0.0815433
-0.0726045
-0.0428073
-0.0081020
0.0013865
-0.0262001
-0.0660425
-0.0682207
0.0104618
0.1792102
0.4097325
0.6524604
0.8525300
0.9577120
0.9302572
0.7676272
0.5136913
0.2423354
0.0220554
-0.1135364
-0.1731077
-0.1919020
-0.2032429
-0.2175532
-0.2260978
-0.2220029
-0.2119280
-0.2067931
-0.2084316
-0.2105638
-0.2102104
-0.2140121
-0.2323896
-0.2664998
-0.3001190
-0.3085550
-0.2816615
-0.2377003
-0.2094312
-0.2152092
-0.2448127
-0.2702031
-0.2665804
-0.2282147
-0.1726238
-0.1291901
-0.1162804
-0.1264612
-0.1363750
-0.1309462
-0.1158933
-0.1083113
-0.1179475
-0.1367192
-0.1454880
-0.1338464
-0.1137852
-0.1085298
-0.1251926
-0.1438490
-0.1381730
-0.1034578
-0.0603227
-0.0329857
-0.0263532
-0.0227930
-0.0014444
0.0360221
0.0602891
0.0416502
-0.0166600
-0.0789720
-0.1130352
-0.1191929
-0.1211463
-0.1342014
-0.1491606
-0.1473607
-0.1280993
-0.1167407
-0.1398677
-0.1912298
-0.2306341
-0.2244162
-0.1827031
-0.1480730
-0.1494622
-0.1753535
-0.1910022
-0.1728155
-0.1237730
-0.0629900
-0.0074676
0.0343478
0.0540190
0.0367775
-0.0255995
-0.1146148
-0.1889738
-0.2169902
-0.2013760
-0.1677955
-0.1347205
-0.1006676
-0.0568976
-0.0053054
0.0373413
0.0521136
0.0370133
0.0128518
0.0051450
0.0195110
0.0404687
0.0564819
0.0826409
0.1579655
0.3206977
0.5765874
0.8765020
1.1240213
1.2215772
1.1277238
0.8802950
0.5699092
0.2894434
0.0932495
-0.0163334
-0.0727163
-0.1117501
-0.1475378
-0.1739629
-0.1809008
-0.1655571
-0.1357255
-0.1086367
-0.1008629
-0.1119477
-0.1224263
-0.1155294
-0.0977289
-0.0908747
-0.1059624
-0.1306472
-0.1423525
-0.1305446
-0.1062331
-0.0890536
-0.0829440
-0.0688904
-0.0300020
0.0187937
0.0389102
0.0097119
-0.0479895
-0.0951484
-0.1133157
-0.1149109
-0.1210823
-0.1360962
-0.1431904
-0.1245770
-0.0855470
-0.0541307
-0.0520171
-0.0704606
-0.0822206
-0.0733651
-0.0546296
-0.0443109
-0.0494604
-0.0630396
-0.0713397
-0.0641713
-0.0439290
-0.0242397
-0.0156681
-0.0150792
-0.0121665
-0.0018257
0.0134473
0.0273166
0.0315702
0.0215092
0.0046496
-0.0032604
0.0029950
0.0102972
0.0049848
-0.0075464
-0.0087928
0.0096371
0.0334709
0.0363146
0.0045521
-0.0440355
-0.0707632
-0.0546871
-0.0186600
-0.0055144
-0.0287451
-0.0592335
-0.0623871
-0.0355484
-0.0036981
0.0116174
0.0116533
0.0126945
0.0231129
0.0294895
0.0105295
-0.0327117
-0.0694395
-0.0703026
-0.0393809
-0.0062868
0.0071055
0.0031269
0.0005412
0.0251367
0.1048496
0.2584296
0.4804922
0.7362536
0.9680699
1.1112795
1.1209023
0.9969231
0.7826221
0.5356261
0.3040254
0.1239197
0.0182235
-0.0150599
-0.0043049
0.0164120
0.0277568
0.0261921
0.0158041
0.0027614
-0.0108595
-0.0302576
-0.0575921
-0.0802346
-0.0810891
-0.0612543
-0.0411144
-0.0371720
-0.0464160
-0.0529062
-0.0415285
-0.0084776
0.0320543
0.0551245
0.0488157
0.0268736
0.0092475
-0.0024752
-0.0191548
-0.0416772
-0.0587370
-0.0632177
-0.0592663
-0.0556469
-0.0592222
-0.0698737
-0.0769845
-0.0695691
-0.0540529
-0.0492052
-0.0571328
-0.0548207
-0.0260083
0.0104943
0.0172826
-0.0217604
-0.0831052
-0.1187889
-0.0916166
-0.0099907
0.0697591
0.0906249
0.0495173
-0.0048368
-0.0260855
-0.0082731
0.0252546
0.0491699
0.0503171
0.0339394
0.0212417
0.0281924
0.0459729
0.0537054
0.0467408
0.0389369
0.0416559
0.0541261
0.0688642
0.0738936
0.0578791
0.0264505
0.0036909
0.0038970
0.0130337
0.0114711
0.0014285
-0.0033218
-0.0013581
-0.0012706
-0.0072853
-0.0203504
-0.0409052
-0.0600672
-0.0631883
-0.0517208
-0.0446494
-0.0496480
-0.0517529
-0.0392887
-0.0215179
-0.0123504
-0.0149815
-0.0272129
-0.0417540
-0.0397211
-0.0074885
0.0395509
0.0772322
0.1191609
0.2159792
0.4022521
0.6610239
0.9331985
1.1378762
1.1977709
1.0856693
0.8523574
0.5873037
0.3555141
0.1859970
0.0933989
0.0712324
0.0777376
0.0672482
0.0319150
-0.0091331
-0.0439493
-0.0674358
-0.0714966
-0.0630731
-0.0674055
-0.0890296
-0.0999611
-0.0906011
-0.0951548
-0.1387381
-0.1978706
-0.2408731
-0.2663619
-0.2766734
-0.2604965
-0.2286924
-0.2178927
-0.2330939
-0.2380065
-0.2219684
-0.2173281
-0.2336280
-0.2417137
-0.2377815
-0.2477544
-0.2569529
-0.2225339
-0.1655086
-0.1508959
-0.1683201
-0.1472606
-0.0974768
-0.0966036
-0.1273199
-0.0937770
-0.0259029
-0.0639149
-0.1709768
-0.0850316
0.3081352
