-0.2525895
-0.2689294
-0.2778712
-0.2726125
-0.2651129
-0.2717333
-0.2923435
-0.3080108
-0.3013291
-0.2766379
-0.2565338
-0.2579294
-0.2744497
-0.2846883
-0.2763236
-0.2586606
-0.2504147
-0.2579390
-0.2686772
-0.2658375
-0.2464143
-0.2228502
-0.2086126
-0.2052071
-0.2040689
-0.1987073
-0.1920313
-0.1911135
-0.1964238
-0.1982988
-0.1852656
-0.1562241
-0.1239308
-0.1049529
-0.1044319
-0.1103939
-0.1045693
-0.0803091
-0.0493145
-0.0288981
-0.0224033
-0.0146253
0.0111547
0.0527473
0.0891234
0.1024045
0.0973238
0.0954936
0.1107483
0.1341977
0.1463075
0.1413162
0.1347859
0.1453528
0.1723200
0.1952618
0.1956948
0.1757374
0.1535028
0.1423103
0.1379028
0.1264742
0.1021603
0.0738399
0.0551401
0.0500551
0.0494517
0.0406980
0.0196023
-0.0066856
-0.0272109
-0.0371326
-0.0409704
-0.0469665
-0.0584421
-0.0705347
-0.0754527
-0.0709189
-0.0630329
-0.0604707
-0.0662509
-0.0758303
-0.0828170
-0.0849036
-0.0833737
-0.0784936
-0.0683456
-0.0531710
-0.0386216
-0.0317285
-0.0331555
-0.0355604
-0.0314261
-0.0217568
-0.0148723
-0.0159894
-0.0198485
-0.0157620
0.0001242
0.0195218
0.0301832
0.0287105
0.0238091
0.0264935
0.0380747
0.0488747
0.0487698
0.0381173
0.0276428
0.0278087
0.0389466
0.0518535
0.0571278
0.0530026
0.0444775
0.0365774
0.0300118
0.0231638
0.0164612
0.0131026
0.0154176
0.0216841
0.0273657
0.0291100
0.0267196
0.0212867
0.0125932
-0.0004758
-0.0168453
-0.0314489
-0.0376460
-0.0324064
-0.0196118
-0.0079661
-0.0047148
-0.0105510
-0.0203905
-0.0289582
-0.0349669
-0.0392901
-0.0399580
-0.0313953
-0.0105325
0.0170276
0.0397629
0.0511152
0.0565824
0.0673473
0.0863224
0.1033823
0.1074923
0.1027899
0.1084099
0.1392087
0.1877044
0.2283550
0.2409239
0.2279313
0.2078883
0.1936590
0.1813731
0.1611671
0.1343151
0.1144577
0.1113288
0.1175064
0.1150687
0.0947328
0.0652040
0.0425053
0.0324274
0.0260850
0.0123565
-0.0080077
-0.0222775
-0.0187679
0.0016176
0.0267764
0.0450004
0.0553001
0.0693692
0.1077813
0.1958975
0.3590139
0.6109766
0.9353918
1.2715229
1.5238506
1.6021511
1.4723703
1.1812629
0.8315875
0.5232445
0.3045091
0.1671756
0.0791681
0.0182459
-0.0208915
-0.0405481
-0.0501596
-0.0604869
-0.0737006
-0.0851186
-0.0939631
-0.1068736
-0.1281616
-0.1504305
-0.1603710
-0.1545112
-0.1451149
-0.1475445
-0.1636337
-0.1810109
-0.1886819
-0.1892807
-0.1931859
-0.2028601
-0.2080239
-0.1983507
-0.1779247
-0.1629317
-0.1644262
-0.1762837
-0.1823840
-0.1745036
-0.1604941
-0.1542932
-0.1600153
-0.1679510
-0.1658327
-0.1518298
-0.1351857
-0.1253304
-0.1227779
-0.1213837
-0.1173553
-0.1131588
-0.1120607
-0.1112032
-0.1027927
-0.0826512
-0.0559651
-0.0329152
-0.0185982
-0.0084383
0.0059085
0.0272399
0.0508711
0.0716811
0.0907869
0.1132801
0.1400430
0.1645109
0.1792959
0.1849600
0.1896519
0.1989579
0.2079063
0.2058793
0.1900757
0.1715064
0.1645876
0.1707804
0.1754356
0.1628874
0.1333036
0.1018609
0.0811600
0.0676737
0.0483228
0.0190297
-0.0077440
-0.0165735
-0.0080875
-0.0002715
-0.0094860
-0.0329353
-0.0528156
-0.0567378
-0.0503629
-0.0485741
-0.0573062
-0.0679043
-0.0691987
-0.0611133
-0.0533368
-0.0522083
-0.0534161
-0.0498028
-0.0435500
-0.0458221
-0.0627234
-0.0845899
-0.0931168
-0.0799439
-0.0560826
-0.0411607
-0.0438834
-0.0547571
-0.0583582
-0.0508946
-0.0433417
-0.0469498
-0.0580108
-0.0598963
-0.0409667
-0.0086591
0.0163519
0.0203051
0.0094349
0.0022449
0.0098077
0.0256266
0.0354422
0.0347972
0.0337152
0.0434124
0.0614786
0.0737503
0.0707523
0.0587766
0.0522215
0.0566945
0.0634909
0.0618892
0.0536993
0.0516574
0.0632470
0.0799878
0.0861229
0.0768222
0.0637683
0.0610535
0.0685017
0.0727802
0.0647788
0.0517460
0.0490894
0.0615065
0.0761534
0.0764210
0.0605485
0.0435116
0.0401155
0.0490149
0.0558838
0.0512372
0.0416504
0.0418660
0.0581670
0.0827624
0.1045228
0.1216535
0.1406265
0.1637654
0.1827809
0.1885036
0.1858472
0.1939204
0.2273729
0.2785984
0.3220647
0.3376369
0.3276283
0.3095056
0.2945504
0.2782626
0.2524816
0.2219019
0.2025556
0.2031263
0.2124892
0.2100248
0.1871128
0.1542600
0.1264579
0.1063494
0.0860154
0.0628788
0.0470351
0.0496638
0.0678578
0.0861168
0.0929184
0.0914473
0.0923771
0.1017533
0.1242454
0.1796109
0.3064535
0.5358868
0.8529269
1.1841208
1.4292292
1.5138988
1.4230588
1.1963834
0.9001422
0.6003616
0.3478212
0.1701419
0.0672638
0.0154836
-0.0162404
-0.0469894
-0.0775215
-0.1010199
-0.1170678
-0.1328589
-0.1525715
-0.1705983
-0.1784706
-0.1768032
-0.1763591
-0.1858097
-0.2011130
-0.2104565
-0.2095265
-0.2079264
-0.2174597
-0.2360032
-0.2478325
-0.2416765
-0.2249062
-0.2157082
-0.2219626
-0.2324852
-0.2315155
-0.2187150
-0.2099260
-0.2174079
-0.2335581
-0.2382016
-0.2210564
-0.1927852
-0.1723022
-0.1666572
-0.1672470
-0.1642424
-0.1588908
-0.1584961
-0.1627435
-0.1608895
-0.1441837
-0.1175478
-0.0951729
-0.0849394
-0.0805781
-0.0708099
-0.0535463
-0.0371783
-0.0276948
-0.0187185
0.0018933
0.0362822
0.0711993
0.0905751
0.0922401
0.0897703
0.0972346
0.1139162
0.1261187
0.1239130
0.1135369
0.1107070
0.1219640
0.1356128
0.1334762
0.1106730
0.0807600
0.0599728
0.0486070
0.0315870
-0.0016804
-0.0414617
-0.0660478
-0.0663940
-0.0582421
-0.0658067
-0.0947233
-0.1259862
-0.1384093
-0.1329872
-0.1302270
-0.1442781
-0.1655964
-0.1730272
-0.1601405
-0.1434917
-0.1429413
-0.1584176
-0.1713467
-0.1679898
-0.1552066
-0.1499419
-0.1572659
-0.1650059
-0.1603718
-0.1461460
-0.1362718
-0.1379795
-0.1438664
-0.1429762
-0.1350544
-0.1290128
-0.1284160
-0.1245410
-0.1076091
-0.0818558
-0.0634537
-0.0620025
-0.0685927
-0.0664396
-0.0516965
-0.0385263
-0.0415529
-0.0568536
-0.0648615
-0.0521628
-0.0264189
-0.0071334
-0.0041968
-0.0101367
-0.0137240
-0.0155304
-0.0248386
-0.0430452
-0.0571598
-0.0537221
-0.0359649
-0.0216158
-0.0228752
-0.0330788
-0.0368436
-0.0311060
-0.0300189
-0.0462445
-0.0715464
-0.0824177
-0.0663375
-0.0377380
-0.0237758
-0.0359068
-0.0598117
-0.0734995
-0.0704774
-0.0617122
-0.0579465
-0.0565365
-0.0477846
-0.0294377
-0.0092116
0.0064210
0.0198025
0.0351306
0.0484710
0.0518997
0.0482895
0.0549905
0.0864726
0.1345370
0.1716826
0.1769521
0.1558654
0.1318556
0.1196958
0.1119378
0.0928103
0.0608061
0.0317735
0.0195902
0.0192886
0.0132277
-0.0086153
-0.0394650
-0.0665690
-0.0854694
-0.0997767
-0.1102029
-0.1106037
-0.0971190
-0.0768166
-0.0622385
-0.0579078
-0.0563541
-0.0472480
-0.0230194
0.0308548
0.1454860
0.3521419
0.6428183
0.9479775
1.1655485
1.2240889
1.1238523
0.9203598
0.6739922
0.4190237
0.1744961
-0.0322997
-0.1689055
-0.2259993
-0.2323675
-0.2321110
-0.2467753
-0.2646524
-0.2666108
-0.2545496
-0.2486410
-0.2603213
-0.2770771
-0.2780450
-0.2603190
-0.2434741
-0.2474358
-0.2708699
-0.2949388
-0.3054471
-0.3056422
-0.3066538
-0.3113316
-0.3126827
-0.3060863
-0.2966378
-0.2920898
-0.2926368
-0.2921233
-0.2881925
-0.2861608
-0.2904497
-0.2955676
-0.2906779
-0.2737057
-0.2563962
-0.2517030
-0.2581904
-0.2617402
-0.2533097
-0.2401601
-0.2357070
-0.2407614
-0.2404476
-0.2213358
-0.1876996
-0.1568624
-0.1396747
-0.1303206
-0.1172040
-0.0995445
-0.0873551
-0.0850867
-0.0818655
-0.0631531
-0.0296335
0.0018265
0.0175242
0.0222876
0.0314968
0.0504273
0.0675011
0.0697139
0.0600748
0.0545425
0.0622042
0.0737252
0.0724803
0.0540266
0.0297104
0.0114222
-0.0016801
-0.0182102
-0.0402114
-0.0596129
-0.0695135
-0.0741916
-0.0842252
-0.1032372
-0.1235124
-0.1359906
-0.1417021
-0.1499837
-0.1657723
-0.1823350
-0.1888553
-0.1831992
-0.1738527
-0.1695010
-0.1703392
-0.1714855
-0.1720595
-0.1766190
-0.1870082
-0.1962700
-0.1942362
-0.1794237
-0.1627605
-0.1573316
-0.1650599
-0.1755539
-0.1781027
-0.1722719
-0.1653201
-0.1616149
-0.1580442
-0.1497890
-0.1372889
-0.1254990
-0.1180053
-0.1146488
-0.1148689
-0.1201604
-0.1304157
-0.1389445
-0.1354943
-0.1172003
-0.0946917
-0.0831528
-0.0864249
-0.0933544
-0.0922930
-0.0865162
-0.0905594
-0.1106416
-0.1331582
-0.1369829
-0.1169061
-0.0910092
-0.0824122
-0.0956746
-0.1146031
-0.1227859
-0.1213965
-0.1237022
-0.1355478
-0.1475073
-0.1474973
-0.1362375
-0.1260693
-0.1261200
-0.1330004
-0.1370627
-0.1341413
-0.1275619
-0.1197063
-0.1064857
-0.0833367
-0.0544597
-0.0311415
-0.0191379
-0.0107650
0.0071901
0.0382605
0.0715370
0.0924193
0.0961158
0.0896203
0.0823338
0.0773869
0.0722420
0.0646952
0.0549299
0.0419378
0.0220593
-0.0055792
-0.0338734
-0.0525986
-0.0600056
-0.0664016
-0.0830712
-0.1087422
-0.1302801
-0.1373924
-0.1338560
-0.1318646
-0.1366408
-0.1402000
-0.1311656
-0.1060742
-0.0645319
0.0074850
0.1415700
0.3633480
0.6588567
0.9646424
1.1951742
1.2865432
1.2232524
1.0341364
0.7700397
0.4839032
0.2214132
0.0159693
-0.1182718
-0.1905653
-0.2259439
-0.2475317
-0.2633245
-0.2689535
-0.2613275
-0.2474348
-0.2396910
-0.2445073
-0.2571631
-0.2681006
-0.2729826
-0.2751255
-0.2784812
-0.2811572
-0.2784509
-0.2710651
-0.2663726
-0.2697878
-0.2773718
-0.2801116
-0.2752074
-0.2700240
-0.2728574
-0.2811227
-0.2819515
-0.2662776
-0.2406234
-0.2216786
-0.2185943
-0.2235806
-0.2222182
-0.2108728
-0.1999782
-0.1997985
-0.2066913
-0.2064991
-0.1907091
-0.1663759
-0.1485633
-0.1440501
-0.1446853
-0.1375921
-0.1200555
-0.1017164
-0.0919716
-0.0878841
-0.0766460
-0.0493448
-0.0106482
0.0254231
0.0486096
0.0610591
0.0731953
0.0915164
0.1116068
0.1242548
0.1276277
0.1308781
0.1443070
0.1671431
0.1869754
0.1917227
0.1812756
0.1664859
0.1568388
0.1504915
0.1379723
0.1152430
0.0903747
0.0753908
0.0729473
0.0737438
0.0670564
0.0513146
0.0331668
0.0181001
0.0046824
-0.0113352
-0.0290696
-0.0413149
-0.0425619
-0.0368454
-0.0350518
-0.0438260
-0.0590686
-0.0716062
-0.0775865
-0.0810909
-0.0870732
-0.0943431
-0.0970366
-0.0922250
-0.0842377
-0.0802476
-0.0820917
-0.0844775
-0.0824501
-0.0787667
-0.0807183
-0.0893345
-0.0949032
-0.0859576
-0.0622964
-0.0370764
-0.0249236
-0.0281335
-0.0351527
-0.0329309
-0.0201197
-0.0068347
-0.0015425
-0.0007427
0.0061020
0.0226120
0.0397895
0.0455410
0.0380744
0.0276559
0.0249058
0.0290393
0.0296405
0.0203302
0.0082546
0.0070464
0.0206337
0.0375515
0.0432480
0.0355358
0.0247149
0.0195430
0.0173407
0.0100270
-0.0024880
-0.0090758
0.0005058
0.0219085
0.0380129
0.0360306
0.0208583
0.0089709
0.0102266
0.0194075
0.0265912
0.0320496
0.0467392
0.0778989
0.1173346
0.1471876
0.1583444
0.1614313
0.1765604
0.2111023
0.2499198
0.2700747
0.2641175
0.2459624
0.2339002
0.2313849
0.2269098
0.2108635
0.1882858
0.1725309
0.1677287
0.1616181
0.1387430
0.0994410
0.0618746
0.0440083
0.0463136
0.0542302
0.0554002
0.0512283
0.0518903
0.0630800
0.0793935
0.0902592
0.0920749
0.0958833
0.1254198
0.2087587
0.3688105
0.6131997
0.9225277
1.2428794
1.4940083
1.5976669
1.5147265
1.2691055
0.9403567
0.6247577
0.3876569
0.2395916
0.1512403
0.0893407
0.0402076
0.0056540
-0.0142279
-0.0285234
-0.0472501
-0.0703912
-0.0881792
-0.0922515
-0.0848640
-0.0761916
-0.0739868
-0.0780826
-0.0845366
-0.0919237
-0.1018533
-0.1150953
-0.1290508
-0.1384732
-0.1384422
-0.1288209
-0.1170753
-0.1140649
-0.1237545
-0.1377273
-0.1430911
-0.1367966
-0.1297714
-0.1344584
-0.1487455
-0.1554162
-0.1402870
-0.1097959
-0.0863437
-0.0843638
-0.0947820
-0.0972266
-0.0850447
-0.0717446
-0.0715390
-0.0796598
-0.0772397
-0.0539847
-0.0207473
0.0025085
0.0086422
0.0095969
0.0202378
0.0397268
0.0535429
0.0537893
0.0520656
0.0680457
0.1070492
0.1528466
0.1831142
0.1899628
0.1850309
0.1861157
0.1995878
0.2153692
0.2186008
0.2054863
0.1866650
0.1754122
0.1743760
0.1743781
0.1644397
0.1418305
0.1132653
0.0872327
0.0652010
0.0412516
0.0115600
-0.0174341
-0.0340492
-0.0354003
-0.0331466
-0.0424328
-0.0658896
-0.0907638
-0.1025979
-0.1008723
-0.0993982
-0.1098640
-0.1264179
-0.1307625
-0.1143906
-0.0917561
-0.0863703
-0.1045597
-0.1277403
-0.1324104
-0.1151483
-0.0956006
-0.0953806
-0.1155999
-0.1361708
-0.1372306
-0.1196509
-0.1025352
-0.1015847
-0.1135594
-0.1229129
-0.1199442
-0.1093258
-0.1023873
-0.1040445
-0.1078505
-0.1033299
-0.0882836
-0.0728081
-0.0688227
-0.0758153
-0.0804571
-0.0721881
-0.0566672
-0.0506079
-0.0630630
-0.0835292
-0.0904062
-0.0726877
-0.0428692
-0.0255722
-0.0320994
-0.0494479
-0.0572952
-0.0522724
-0.0495670
-0.0612491
-0.0797129
-0.0861930
-0.0727878
-0.0520241
-0.0438480
-0.0547936
-0.0721887
-0.0798904
-0.0771933
-0.0777096
-0.0893995
-0.1014771
-0.0954149
-0.0664465
-0.0298704
-0.0061179
-0.0017167
-0.0047446
0.0021806
0.0242879
0.0502415
0.0665169
0.0746607
0.0898681
0.1212465
0.1575846
0.1760260
0.1637622
0.1296329
0.0952241
0.0751944
0.0655685
0.0513589
0.0255632
-0.0022913
-0.0186981
-0.0236590
-0.0303694
-0.0486041
-0.0739395
-0.0943853
-0.1034293
-0.1046587
-0.1058862
-0.1103891
-0.1137174
-0.1095113
-0.0976447
-0.0820993
-0.0570106
0.0030195
0.1333593
0.3551874
0.6536529
0.9711251
1.2217782
1.3270053
1.2551481
1.0371713
0.7457124
0.4561261
0.2178201
0.0467668
-0.0663847
-0.1409801
-0.1924219
-0.2274967
-0.2481275
-0.2554983
-0.2520593
-0.2445121
-0.2442011
-0.2588184
-0.2831620
-0.3034634
-0.3118958
-0.3123477
-0.3119419
-0.3125970
-0.3123048
-0.3099568
-0.3067965
-0.3051853
-0.3059039
-0.3058473
-0.3019273
-0.2993078
-0.3090451
-0.3312693
-0.3468405
-0.3357159
-0.3019695
-0.2719904
-0.2670876
-0.2830329
-0.2966487
-0.2894385
-0.2658426
-0.2490318
-0.2548789
-0.2707946
-0.2688101
-0.2408817
-0.2095836
-0.1985367
-0.2038385
-0.2034431
-0.1858119
-0.1595494
-0.1399311
-0.1329383
-0.1291381
-0.1112806
-0.0738456
-0.0338236
-0.0117681
-0.0041107
0.0109343
0.0407457
0.0700059
0.0869431
0.0979938
0.1119133
0.1287382
0.1487782
0.1720480
0.1854765
0.1745034
0.1508307
0.1399536
0.1355125
0.1015287
0.0339072
