-0.1127993
-0.1027851
-0.1005138
-0.1102639
-0.1244426
-0.1324719
-0.1315496
-0.1271082
-0.1249209
-0.1261872
-0.1299827
-0.1360828
-0.1423067
-0.1414955
-0.1262847
-0.0988693
-0.0732602
-0.0642764
-0.0736805
-0.0887079
-0.0948420
-0.0890784
-0.0803746
-0.0787008
-0.0852660
-0.0928246
-0.0933397
-0.0844234
-0.0699119
-0.0564416
-0.0497807
-0.0524891
-0.0627968
-0.0750795
-0.0827400
-0.0827127
-0.0783933
-0.0776471
-0.0862098
-0.1016925
-0.1142748
-0.1145972
-0.1020301
-0.0854413
-0.0757876
-0.0777769
-0.0878652
-0.0986792
-0.1043786
-0.1029234
-0.0957292
-0.0863424
-0.0779362
-0.0698861
-0.0568603
-0.0335407
-0.0015959
0.0294567
0.0506055
0.0627481
0.0759935
0.0985438
0.1270266
0.1485324
0.1513517
0.1330538
0.1000486
0.0627992
0.0322687
0.0169899
0.0180729
0.0254040
0.0221463
-0.0024808
-0.0433237
-0.0834345
-0.1093768
-0.1224011
-0.1342942
-0.1530456
-0.1736377
-0.1828325
-0.1722219
-0.1465184
-0.1195791
-0.1015920
-0.0872148
-0.0527573
0.0357180
0.2067399
0.4655813
0.7804642
1.0809820
1.2767498
1.2956431
1.1244009
0.8234642
0.4987887
0.2443628
0.0951193
0.0239285
-0.0200249
-0.0677223
-0.1166029
-0.1492359
-0.1583037
-0.1536843
-0.1511839
-0.1593023
-0.1760616
-0.1940693
-0.2061152
-0.2080654
-0.2005225
-0.1895659
-0.1842757
-0.1906887
-0.2066553
-0.2229277
-0.2303973
-0.2272383
-0.2195673
-0.2152410
-0.2165778
-0.2185287
-0.2137933
-0.2000209
-0.1822437
-0.1683457
-0.1624135
-0.1626104
-0.1645878
-0.1654228
-0.1641382
-0.1605827
-0.1559395
-0.1534956
-0.1558044
-0.1595539
-0.1553719
-0.1360762
-0.1058407
-0.0787818
-0.0662362
-0.0659942
-0.0659535
-0.0581844
-0.0468670
-0.0411044
-0.0422501
-0.0416662
-0.0311260
-0.0123783
0.0055978
0.0172098
0.0252875
0.0352860
0.0471172
0.0551782
0.0562075
0.0547621
0.0590419
0.0714238
0.0845502
0.0879033
0.0784965
0.0649094
0.0603372
0.0706312
0.0879833
0.0963566
0.0847015
0.0565439
0.0268431
0.0085332
0.0015286
-0.0049568
-0.0193816
-0.0379825
-0.0485969
-0.0440647
-0.0306196
-0.0220745
-0.0262186
-0.0382931
-0.0479737
-0.0508828
-0.0515530
-0.0562146
-0.0656830
-0.0763927
-0.0858479
-0.0939112
-0.0990692
-0.0971471
-0.0865887
-0.0737672
-0.0691964
-0.0764297
-0.0866435
-0.0874147
-0.0771043
-0.0675787
-0.0706196
-0.0833480
-0.0902511
-0.0799889
-0.0575520
-0.0381492
-0.0309532
-0.0318148
-0.0317809
-0.0289301
-0.0285794
-0.0333117
-0.0377754
-0.0361437
-0.0319422
-0.0353685
-0.0494956
-0.0628867
-0.0600119
-0.0389755
-0.0158691
-0.0097290
-0.0241190
-0.0449000
-0.0555331
-0.0528206
-0.0473615
-0.0506346
-0.0636950
-0.0778480
-0.0836422
-0.0780328
-0.0650613
-0.0525716
-0.0480338
-0.0542203
-0.0665397
-0.0757071
-0.0757127
-0.0699557
-0.0677752
-0.0731216
-0.0771692
-0.0645836
-0.0289703
0.0183259
0.0565230
0.0735182
0.0759271
0.0817468
0.1039945
0.1407223
0.1779396
0.1999703
0.1988019
0.1781928
0.1516322
0.1343404
0.1325949
0.1382065
0.1347806
0.1123203
0.0766151
0.0429282
0.0198536
0.0013099
-0.0236611
-0.0546733
-0.0772006
-0.0773276
-0.0569921
-0.0322177
-0.0172994
-0.0135657
-0.0135400
-0.0111273
-0.0016123
0.0297726
0.1139083
0.2835144
0.5447035
0.8575512
1.1434727
1.3165519
1.3208529
1.1553289
0.8753509
0.5686947
0.3155036
0.1537950
0.0721498
0.0325726
0.0030335
-0.0260945
-0.0492090
-0.0616382
-0.0667570
-0.0712933
-0.0793338
-0.0921331
-0.1096198
-0.1283635
-0.1401693
-0.1381726
-0.1260774
-0.1173611
-0.1213121
-0.1310886
-0.1298780
-0.1102226
-0.0842274
-0.0716448
-0.0786811
-0.0916603
-0.0925970
-0.0785793
-0.0633030
-0.0604731
-0.0688733
-0.0747689
-0.0665193
-0.0446962
-0.0193841
-0.0006601
0.0079525
0.0094969
0.0094560
0.0112166
0.0141235
0.0155250
0.0149614
0.0160110
0.0231844
0.0367524
0.0513410
0.0604449
0.0623299
0.0609905
0.0615227
0.0656420
0.0719296
0.0786810
0.0847861
0.0889026
0.0905675
0.0926157
0.0997242
0.1124008
0.1239603
0.1265054
0.1202736
0.1144747
0.1170022
0.1246429
0.1262439
0.1162161
0.1024952
0.0985861
0.1081936
0.1204002
0.1211209
0.1073616
0.0883112
0.0736859
0.0638116
0.0516300
0.0321993
0.0085113
-0.0113496
-0.0213940
-0.0221829
-0.0194469
-0.0190931
-0.0230960
-0.0291974
-0.0340275
-0.0367675
-0.0400289
-0.0466502
-0.0551445
-0.0592095
-0.0534949
-0.0402673
-0.0288371
-0.0269655
-0.0331600
-0.0385585
-0.0366029
-0.0300899
-0.0279900
-0.0352263
-0.0461202
-0.0488763
-0.0372177
-0.0173630
-0.0028606
-0.0023675
-0.0125241
-0.0221954
-0.0229611
-0.0159655
-0.0099128
-0.0127889
-0.0244434
-0.0362540
-0.0384526
-0.0290330
-0.0161930
-0.0115765
-0.0199731
-0.0350305
-0.0456867
-0.0475983
-0.0475490
-0.0550299
-0.0696414
-0.0793256
-0.0729585
-0.0536186
-0.0370744
-0.0366458
-0.0508024
-0.0662015
-0.0717738
-0.0685707
-0.0660710
-0.0704451
-0.0777924
-0.0786084
-0.0673666
-0.0470036
-0.0252674
-0.0082488
0.0029596
0.0112664
0.0203145
0.0315181
0.0437765
0.0565572
0.0732535
0.0999848
0.1391584
0.1834949
0.2173386
0.2260237
0.2063812
0.1693097
0.1315080
0.1034150
0.0843038
0.0680145
0.0515089
0.0364927
0.0238590
0.0095158
-0.0122225
-0.0412941
-0.0695106
-0.0870030
-0.0913752
-0.0893635
-0.0883311
-0.0870770
-0.0775964
-0.0566529
-0.0323469
-0.0140847
0.0068263
0.0648068
0.2020059
0.4339237
0.7255190
0.9996661
1.1747758
1.2049467
1.0957028
0.8904623
0.6445497
0.4055954
0.2058632
0.0612612
-0.0279121
-0.0742467
-0.0966532
-0.1112735
-0.1249381
-0.1358085
-0.1403487
-0.1400325
-0.1415528
-0.1508216
-0.1669948
-0.1825949
-0.1902826
-0.1904192
-0.1914493
-0.2010096
-0.2161528
-0.2244178
-0.2166078
-0.1977999
-0.1835085
-0.1843388
-0.1956863
-0.2034202
-0.1989502
-0.1873881
-0.1805319
-0.1829393
-0.1867067
-0.1806833
-0.1634466
-0.1451946
-0.1366972
-0.1380491
-0.1393380
-0.1316248
-0.1161726
-0.1027717
-0.0994189
-0.1039260
-0.1058684
-0.0967706
-0.0780148
-0.0588262
-0.0475092
-0.0451676
-0.0466466
-0.0459099
-0.0408781
-0.0347803
-0.0331146
-0.0378616
-0.0440331
-0.0432362
-0.0321357
-0.0171885
-0.0094622
-0.0136078
-0.0223700
-0.0235502
-0.0131264
-0.0001295
0.0032335
-0.0042725
-0.0108849
-0.0045577
0.0140663
0.0323338
0.0376438
0.0275316
0.0092952
-0.0078551
-0.0200073
-0.0298336
-0.0420974
-0.0576811
-0.0714649
-0.0763265
-0.0701474
-0.0593477
-0.0545574
-0.0610843
-0.0732899
-0.0799654
-0.0763972
-0.0698932
-0.0717043
-0.0840911
-0.0972229
-0.0990144
-0.0867717
-0.0691809
-0.0582721
-0.0596286
-0.0687521
-0.0757384
-0.0742046
-0.0669695
-0.0631659
-0.0688106
-0.0794545
-0.0827730
-0.0702001
-0.0469126
-0.0288441
-0.0277500
-0.0395468
-0.0494363
-0.0484497
-0.0421757
-0.0420966
-0.0513168
-0.0620213
-0.0659043
-0.0633053
-0.0606720
-0.0615685
-0.0632374
-0.0619950
-0.0591484
-0.0594212
-0.0647977
-0.0728885
-0.0815083
-0.0912064
-0.1008836
-0.1039786
-0.0940744
-0.0747898
-0.0598746
-0.0605171
-0.0738761
-0.0864063
-0.0880575
-0.0812549
-0.0756499
-0.0759520
-0.0766438
-0.0682192
-0.0467765
-0.0170371
0.0119861
0.0326912
0.0427148
0.0474068
0.0586237
0.0859557
0.1252556
0.1580803
0.1672047
0.1536277
0.1354353
0.1283227
0.1290611
0.1203845
0.0916040
0.0516084
0.0196760
0.0046383
-0.0041881
-0.0248356
-0.0636432
-0.1092991
-0.1432148
-0.1533786
-0.1404711
-0.1156423
-0.0936876
-0.0843724
-0.0863624
-0.0892982
-0.0824007
-0.0588532
-0.0086185
0.0916172
0.2728274
0.5460836
0.8728783
1.1651366
1.3257805
1.3027456
1.1139932
0.8272266
0.5179620
0.2406359
0.0239143
-0.1229962
-0.2058123
-0.2411824
-0.2482667
-0.2398394
-0.2216628
-0.2002524
-0.1877100
-0.1944548
-0.2168241
-0.2369293
-0.2399500
-0.2309017
-0.2294887
-0.2466612
-0.2700666
-0.2765088
-0.2577591
-0.2303564
-0.2185311
-0.2293919
-0.2471971
-0.2518111
-0.2400579
-0.2266802
-0.2257973
-0.2356028
-0.2427648
-0.2380724
-0.2237234
-0.2069912
-0.1922053
-0.1806696
-0.1741376
-0.1735804
-0.1747618
-0.1693662
-0.1539187
-0.1365926
-0.1309599
-0.1403611
-0.1507713
-0.1435907
-0.1162222
-0.0864118
-0.0740367
-0.0808223
-0.0904336
-0.0868843
-0.0697402
-0.0516334
-0.0442619
-0.0485085
-0.0561545
-0.0580131
-0.0497577
-0.0328000
-0.0131794
0.0004406
0.0020233
-0.0052043
-0.0093945
-0.0016962
0.0124686
0.0175185
0.0050823
-0.0150118
-0.0237743
-0.0128205
0.0065409
0.0143730
0.0014335
-0.0231340
-0.0427658
-0.0503577
-0.0530328
-0.0616669
-0.0788985
-0.0981088
-0.1109491
-0.1133936
-0.1066713
-0.0961697
-0.0894474
-0.0916488
-0.1004096
-0.1065271
-0.1026051
-0.0924817
-0.0904022
-0.1071171
-0.1349955
-0.1500397
-0.1337751
-0.0941678
-0.0610686
-0.0580443
-0.0799943
-0.1004917
-0.0998486
-0.0832115
-0.0710625
-0.0751554
-0.0869866
-0.0898492
-0.0784717
-0.0629436
-0.0543506
-0.0522958
-0.0498330
-0.0462893
-0.0483255
-0.0580761
-0.0667699
-0.0646795
-0.0548516
-0.0515062
-0.0630522
-0.0798928
-0.0832259
-0.0664738
-0.0442987
-0.0370687
-0.0482308
-0.0618571
-0.0630857
-0.0556138
-0.0550922
-0.0683891
-0.0850173
-0.0896555
-0.0790242
-0.0638364
-0.0559561
-0.0568925
-0.0595286
-0.0581451
-0.0530270
-0.0454000
-0.0327685
-0.0132147
0.0082826
0.0237845
0.0338807
0.0504932
0.0843441
0.1310021
0.1726233
0.1941217
0.1959886
0.1902139
0.1847228
0.1744750
0.1498418
0.1122988
0.0775012
0.0603140
0.0587832
0.0557932
0.0361538
0.0002786
-0.0380578
-0.0648841
-0.0768198
-0.0812040
-0.0872129
-0.0967442
-0.1033955
-0.0995662
-0.0838395
-0.0621168
-0.0429604
-0.0304044
-0.0161786
0.0250221
0.1302800
0.3296816
0.6209098
0.9527945
1.2334729
1.3675388
1.3056391
1.0734667
0.7562068
0.4490847
0.2121634
0.0587152
-0.0269653
-0.0674555
-0.0828218
-0.0907456
-0.1045936
-0.1267923
-0.1469627
-0.1524525
-0.1431127
-0.1330912
-0.1359296
-0.1502881
-0.1632527
-0.1659216
-0.1620160
-0.1615084
-0.1693361
-0.1813594
-0.1888528
-0.1853575
-0.1707737
-0.1513151
-0.1361809
-0.1323825
-0.1395575
-0.1484883
-0.1476363
-0.1351218
-0.1234166
-0.1271837
-0.1446491
-0.1552350
-0.1398341
-0.1023821
-0.0679712
-0.0587213
-0.0726973
-0.0871290
-0.0817895
-0.0583535
-0.0362998
-0.0309469
-0.0382765
-0.0420503
-0.0320084
-0.0112850
0.0116855
0.0324520
0.0502490
0.0632404
0.0686246
0.0672752
0.0653800
0.0693678
0.0791112
0.0879007
0.0908978
0.0923846
0.1011229
0.1179600
0.1321655
0.1330669
0.1227257
0.1132040
0.1120178
0.1138543
0.1076695
0.0900629
0.0700912
0.0605824
0.0648337
0.0725864
0.0698687
0.0520932
0.0265515
0.0038079
-0.0106619
-0.0177785
-0.0226122
-0.0320055
-0.0502238
-0.0735504
-0.0906465
-0.0913789
-0.0764082
-0.0578043
-0.0496852
-0.0569888
-0.0723262
-0.0842485
-0.0889101
-0.0922064
-0.1000578
-0.1096494
-0.1128864
-0.1063515
-0.0943325
-0.0829718
-0.0750346
-0.0706126
-0.0696023
-0.0715687
-0.0743471
-0.0746757
-0.0714493
-0.0684923
-0.0720417
-0.0826724
-0.0905084
-0.0828805
-0.0588712
-0.0334330
-0.0241677
-0.0346135
-0.0515691
-0.0577874
-0.0471229
-0.0295965
-0.0227604
-0.0358897
-0.0605723
-0.0774518
-0.0735042
-0.0532705
-0.0342407
-0.0319828
-0.0478011
-0.0682000
-0.0770718
-0.0709845
-0.0623435
-0.0655876
-0.0810895
-0.0951027
-0.0949283
-0.0814346
-0.0667977
-0.0624119
-0.0692070
-0.0776696
-0.0765343
-0.0623444
-0.0412031
-0.0221865
-0.0104873
-0.0057279
-0.0027764
0.0070490
0.0312093
0.0685150
0.1080222
0.1380822
0.1556298
0.1650636
0.1698451
0.1677128
0.1537484
0.1267931
0.0929775
0.0628463
0.0437146
0.0344319
0.0279750
0.0178316
0.0007339
-0.0237680
-0.0521797
-0.0769550
-0.0927027
-0.1029712
-0.1161610
-0.1329707
-0.1417744
-0.1298187
-0.0984311
-0.0654861
-0.0513036
-0.0586849
-0.0627324
-0.0196394
0.1102230
0.3389015
0.6372314
0.9343073
1.1358168
1.1653794
1.0108098
0.7367980
0.4453478
0.2143178
0.0651600
-0.0218913
-0.0726247
-0.1001769
-0.1114379
-0.1185579
-0.1351356
-0.1611985
-0.1801625
-0.1776691
-0.1608187
-0.1516250
-0.1618135
-0.1813185
-0.1931767
-0.1926654
-0.1878506
-0.1868340
-0.1904270
-0.1953804
-0.1991809
-0.1999755
-0.1945656
-0.1803191
-0.1609198
-0.1474973
-0.1485340
-0.1579422
-0.1596924
-0.1482658
-0.1384645
-0.1475759
-0.1707646
-0.1825988
-0.1643352
-0.1243546
-0.0895879
-0.0797029
-0.0909734
-0.1032649
-0.1007718
-0.0852800
-0.0698460
-0.0629367
-0.0622349
-0.0612192
-0.0550558
-0.0399974
-0.0148763
0.0133659
0.0318985
0.0349035
0.0308598
0.0327225
0.0431084
0.0528656
0.0533174
0.0472837
0.0473505
0.0628766
0.0885408
0.1080795
0.1111075
0.1030891
0.0958094
0.0924539
0.0876970
0.0788080
0.0686742
0.0586449
0.0461279
0.0309354
0.0182500
0.0124315
0.0106053
0.0043424
-0.0125474
-0.0372639
-0.0592237
-0.0706756
-0.0760230
-0.0859287
-0.1014416
-0.1106539
-0.1045573
-0.0901887
-0.0829666
-0.0899980
-0.1053135
-0.1181407
-0.1220142
-0.1187398
-0.1166754
-0.1226618
-0.1335552
-0.1383240
-0.1297555
-0.1115678
-0.0941631
-0.0866012
-0.0912563
-0.1014318
-0.1055164
-0.0990680
-0.0914383
-0.0942436
-0.1047437
-0.1080391
-0.0957238
-0.0756276
-0.0623969
-0.0635750
-0.0747292
-0.0836827
-0.0806548
-0.0686565
-0.0621305
-0.0711282
-0.0891810
-0.1006316
-0.0968400
-0.0818171
-0.0664058
-0.0608649
-0.0682267
-0.0806711
-0.0870798
-0.0871085
-0.0914091
-0.1048345
-0.1176069
-0.1182910
-0.1081728
-0.0971438
-0.0917158
-0.0923901
-0.0971447
-0.1024473
-0.1048327
-0.1044517
-0.1039214
-0.1041971
-0.1061025
-0.1123432
-0.1199988
-0.1154447
-0.0887434
-0.0511963
-0.0257904
-0.0198843
-0.0188497
-0.0072161
0.0149264
0.0377320
0.0546594
0.0688110
0.0914524
0.1300745
0.1719057
0.1875690
0.1615846
0.1126100
0.0731481
0.0559027
0.0493442
0.0372619
0.0115892
-0.0252098
-0.0591853
-0.0745127
-0.0733584
-0.0766226
-0.0971363
-0.1239328
-0.1400982
-0.1417662
-0.1325826
-0.1166241
-0.1045467
-0.1074586
-0.1153320
-0.0998996
-0.0453192
0.0460643
0.1830254
0.3895268
0.6629319
0.9477586
1.1610406
1.2302731
1.1192666
0.8585379
0.5519222
0.3075440
0.1506306
0.0390758
-0.0440482
-0.0759376
-0.0722587
-0.0950961
-0.1507857
-0.1586055
-0.0718252
