-0.1883517
-0.2020471
-0.2242327
-0.2513153
-0.2805624
-0.3081582
-0.3285379
-0.3374593
-0.3369734
-0.3362470
-0.3447370
-0.3631972
-0.3828260
-0.3950439
-0.4011918
-0.4098510
-0.4240543
-0.4344164
-0.4284324
-0.4060132
-0.3819449
-0.3708657
-0.3720756
-0.3722495
-0.3620265
-0.3453329
-0.3303821
-0.3156189
-0.2904852
-0.2507283
-0.2075661
-0.1770445
-0.1620726
-0.1503957
-0.1316825
-0.1112758
-0.1012915
-0.0995046
-0.0848350
-0.0395373
0.0262811
0.0788764
0.0928152
0.0761619
0.0604007
0.0661950
0.0831391
0.0848954
0.0608745
0.0285023
0.0140319
0.0252108
0.0457506
0.0548329
0.0476534
0.0351869
0.0271227
0.0200683
0.0043554
-0.0203931
-0.0409427
-0.0436802
-0.0305932
-0.0189988
-0.0238403
-0.0414227
-0.0528696
-0.0441425
-0.0207934
-0.0011742
0.0040337
0.0027003
0.0104734
0.0313258
0.0521425
0.0572880
0.0458386
0.0319077
0.0291227
0.0383655
0.0519864
0.0664896
0.0861219
0.1131612
0.1390388
0.1499716
0.1419777
0.1268844
0.1204956
0.1255389
0.1293067
0.1194620
0.1001170
0.0892309
0.0994599
0.1237437
0.1420094
0.1418140
0.1302488
0.1243919
0.1315769
0.1417468
0.1401452
0.1256264
0.1137104
0.1208061
0.1470923
0.1768068
0.1951069
0.2025408
0.2116269
0.2305377
0.2529830
0.2655204
0.2632048
0.2550690
0.2530650
0.2576813
0.2576084
0.2442729
0.2238890
0.2117300
0.2141985
0.2197790
0.2109683
0.1849976
0.1596793
0.1563816
0.1779119
0.2053580
0.2169994
0.2081345
0.1909484
0.1773505
0.1664814
0.1506453
0.1297922
0.1147540
0.1146199
0.1241592
0.1275018
0.1144873
0.0908222
0.0706946
0.0610220
0.0553280
0.0429753
0.0220222
0.0016538
-0.0065468
0.0022836
0.0249474
0.0544347
0.0832546
0.1041141
0.1110843
0.1025995
0.0831287
0.0605422
0.0410420
0.0263243
0.0147982
0.0043645
-0.0060576
-0.0161619
-0.0239226
-0.0261835
-0.0215907
-0.0137474
-0.0095958
-0.0116683
-0.0103034
0.0161416
0.0921573
0.2340583
0.4432100
0.7020935
0.9695692
1.1799817
1.2583346
1.1553165
0.8837427
0.5252153
0.1924616
-0.0307475
-0.1283890
-0.1425867
-0.1293385
-0.1194187
-0.1125707
-0.0988318
-0.0791097
-0.0657557
-0.0684073
-0.0838015
-0.1000002
-0.1085409
-0.1111530
-0.1154872
-0.1260747
-0.1403691
-0.1532551
-0.1642858
-0.1789281
-0.2012264
-0.2251247
-0.2351234
-0.2186626
-0.1795426
-0.1380321
-0.1151942
-0.1153747
-0.1239608
-0.1226965
-0.1070311
-0.0882489
-0.0794764
-0.0812966
-0.0817750
-0.0692211
-0.0429884
-0.0117749
0.0163541
0.0401851
0.0623344
0.0827812
0.0974789
0.1032273
0.1024859
0.1024581
0.1094518
0.1240141
0.1406512
0.1515624
0.1515783
0.1416615
0.1287258
0.1207218
0.1197620
0.1197889
0.1127545
0.0983403
0.0865549
0.0887075
0.1051910
0.1233045
0.1281997
0.1157791
0.0944090
0.0748913
0.0605241
0.0473158
0.0319067
0.0169616
0.0086479
0.0103456
0.0193895
0.0288595
0.0320224
0.0267148
0.0175141
0.0133553
0.0206186
0.0370692
0.0535318
0.0628875
0.0668392
0.0721667
0.0805260
0.0845711
0.0761139
0.0567237
0.0371378
0.0254042
0.0181608
0.0059913
-0.0136734
-0.0319342
-0.0375311
-0.0287430
-0.0148908
-0.0071162
-0.0091403
-0.0161995
-0.0205587
-0.0173559
-0.0074056
0.0030522
0.0056582
-0.0041264
-0.0223406
-0.0386087
-0.0448932
-0.0426343
-0.0401581
-0.0427604
-0.0467047
-0.0440245
-0.0321865
-0.0170537
-0.0059265
0.0006873
0.0086809
0.0217434
0.0345710
0.0361443
0.0203422
-0.0071311
-0.0332553
-0.0497047
-0.0602908
-0.0758342
-0.1010867
-0.1269338
-0.1366431
-0.1210947
-0.0881956
-0.0562159
-0.0358105
-0.0163362
0.0316662
0.1395475
0.3206651
0.5581215
0.8045328
0.9942247
1.0659130
0.9888964
0.7798070
0.4980107
0.2193963
0.0029780
-0.1300421
-0.1942968
-0.2208752
-0.2358841
-0.2497180
-0.2595220
-0.2586060
-0.2445453
-0.2212563
-0.1956026
-0.1726303
-0.1534717
-0.1369090
-0.1224989
-0.1124452
-0.1107163
-0.1196510
-0.1361740
-0.1512734
-0.1552024
-0.1456616
-0.1313215
-0.1253660
-0.1334563
-0.1479684
-0.1556845
-0.1520414
-0.1465413
-0.1522434
-0.1700920
-0.1860073
-0.1851873
-0.1681885
-0.1504907
-0.1457184
-0.1512602
-0.1520434
-0.1374775
-0.1122690
-0.0896721
-0.0757218
-0.0623001
-0.0361500
0.0065972
0.0557809
0.0963356
0.1211060
0.1353488
0.1505475
0.1746525
0.2069755
0.2404998
0.2684956
0.2898149
0.3087458
0.3297569
0.3518561
0.3678482
0.3695137
0.3542582
0.3272245
0.2969252
0.2685624
0.2414281
0.2125817
0.1824503
0.1560233
0.1381235
0.1276473
0.1169861
0.0979454
0.0691774
0.0381627
0.0151550
0.0039631
-0.0017409
-0.0123435
-0.0317319
-0.0527643
-0.0640088
-0.0616463
-0.0544025
-0.0555659
-0.0693475
-0.0856791
-0.0897141
-0.0766699
-0.0561170
-0.0408470
-0.0326464
-0.0210035
0.0038311
0.0383504
0.0680733
0.0820197
0.0832547
0.0843025
0.0934241
0.1072563
0.1167483
0.1177844
0.1139647
0.1101078
0.1061255
0.0986560
0.0869310
0.0745448
0.0651398
0.0580229
0.0492647
0.0365222
0.0213543
0.0064051
-0.0084162
-0.0253313
-0.0441734
-0.0602359
-0.0686228
-0.0710656
-0.0768780
-0.0952660
-0.1259862
-0.1583210
-0.1804552
-0.1902731
-0.1962186
-0.2066853
-0.2188017
-0.2188273
-0.1944349
-0.1466856
-0.0898802
-0.0392726
0.0032457
0.0552015
0.1471482
0.3055081
0.5313357
0.7868130
1.0018858
1.1033840
1.0519586
0.8629360
0.5969842
0.3286036
0.1148461
-0.0189736
-0.0766358
-0.0810934
-0.0634376
-0.0511530
-0.0576183
-0.0789895
-0.1017107
-0.1150026
-0.1183345
-0.1192932
-0.1259895
-0.1412409
-0.1620451
-0.1828693
-0.1995038
-0.2112091
-0.2201988
-0.2287223
-0.2359641
-0.2382194
-0.2333628
-0.2254444
-0.2235041
-0.2341531
-0.2548025
-0.2747171
-0.2833654
-0.2782635
-0.2652539
-0.2515666
-0.2386248
-0.2215216
-0.1955732
-0.1631654
-0.1333384
-0.1137401
-0.1028027
-0.0903717
-0.0666401
-0.0308001
0.0088805
0.0431522
0.0696039
0.0926066
0.1163873
0.1391596
0.1542400
0.1562758
0.1461986
0.1309726
0.1190227
0.1145824
0.1144688
0.1102233
0.0955120
0.0732496
0.0548893
0.0505953
0.0588455
0.0662941
0.0592588
0.0360818
0.0081017
-0.0115318
-0.0195407
-0.0232403
-0.0310930
-0.0440313
-0.0558883
-0.0607874
-0.0593413
-0.0584187
-0.0653746
-0.0813573
-0.0989897
-0.1074764
-0.1023607
-0.0912157
-0.0879747
-0.0992268
-0.1157775
-0.1197437
-0.1019215
-0.0719766
-0.0498928
-0.0466353
-0.0539882
-0.0538753
-0.0366707
-0.0095339
0.0119843
0.0184983
0.0132862
0.0070397
0.0079690
0.0158837
0.0235554
0.0230620
0.0120005
-0.0052061
-0.0220600
-0.0366293
-0.0533715
-0.0774852
-0.1072327
-0.1332340
-0.1470671
-0.1505949
-0.1552127
-0.1708340
-0.1961838
-0.2208202
-0.2364982
-0.2457882
-0.2593820
-0.2851817
-0.3198277
-0.3504572
-0.3648954
-0.3609895
-0.3469678
-0.3333309
-0.3244804
-0.3175868
-0.3083745
-0.2969652
-0.2879303
-0.2853320
-0.2885250
-0.2929061
-0.2939363
-0.2896309
-0.2797279
-0.2642659
-0.2440216
-0.2213368
-0.1989880
-0.1782567
-0.1591162
-0.1421371
-0.1286888
-0.1186758
-0.1096485
-0.1001156
-0.0935889
-0.0970004
-0.1129891
-0.1341083
-0.1470997
-0.1446836
-0.1323620
-0.1217469
-0.1173394
-0.1123273
-0.0986363
-0.0781103
-0.0580326
-0.0319519
0.0328954
0.1812102
0.4324874
0.7505305
1.0489218
1.2334429
1.2512631
1.1121947
0.8727346
0.6025648
0.3588261
0.1767063
0.0687889
0.0260047
0.0225770
0.0291847
0.0290084
0.0237295
0.0235344
0.0312631
0.0373571
0.0302011
0.0092353
-0.0139995
-0.0271547
-0.0277944
-0.0232814
-0.0223112
-0.0278458
-0.0371122
-0.0462460
-0.0539808
-0.0617282
-0.0715337
-0.0844450
-0.1001396
-0.1173882
-0.1351452
-0.1538089
-0.1749765
-0.1987177
-0.2209511
-0.2351742
-0.2384925
-0.2358437
-0.2367262
-0.2464699
-0.2606491
-0.2689279
-0.2652645
-0.2543814
-0.2473997
-0.2504934
-0.2582334
-0.2588384
-0.2459523
-0.2247671
-0.2067284
-0.1988699
-0.1982480
-0.1958871
-0.1856260
-0.1695307
-0.1552851
-0.1484470
-0.1471937
-0.1446516
-0.1362716
-0.1246191
-0.1166881
-0.1166266
-0.1216523
-0.1257596
-0.1272752
-0.1313869
-0.1439843
-0.1637346
-0.1823440
-0.1933295
-0.1987311
-0.2053744
-0.2153651
-0.2229231
-0.2220728
-0.2164258
-0.2189529
-0.2399858
-0.2746273
-0.3027860
-0.3036246
-0.2722106
-0.2234763
-0.1800876
-0.1552518
-0.1452675
-0.1370312
-0.1221192
-0.1036700
-0.0900020
-0.0827553
-0.0732165
-0.0512099
-0.0163343
0.0213349
0.0513952
0.0722593
0.0902936
0.1131353
0.1479801
0.2078684
0.3163213
0.4980615
0.7556208
1.0480993
1.2932140
1.4001356
1.3174982
1.0662097
0.7326836
0.4230644
0.2071263
0.0900699
0.0299712
-0.0179355
-0.0690087
-0.1117704
-0.1329140
-0.1347647
-0.1305788
-0.1299292
-0.1338460
-0.1424991
-0.1608489
-0.1919177
-0.2267031
-0.2475309
-0.2453112
-0.2307866
-0.2238412
-0.2312551
-0.2390985
-0.2296963
-0.2037244
-0.1815396
-0.1820612
-0.2032599
-0.2257430
-0.2341446
-0.2315992
-0.2322821
-0.2431376
-0.2569811
-0.2630887
-0.2598494
-0.2540094
-0.2501074
-0.2453985
-0.2359061
-0.2235613
-0.2139618
-0.2080731
-0.1998195
-0.1837079
-0.1627972
-0.1456904
-0.1349091
-0.1212597
-0.0930021
-0.0504385
-0.0086127
0.0160278
0.0207173
0.0173608
0.0195175
0.0295197
0.0378554
0.0338370
0.0165593
-0.0037762
-0.0146721
-0.0118812
-0.0023951
0.0022125
-0.0041717
-0.0175295
-0.0284148
-0.0318341
-0.0328062
-0.0413748
-0.0615321
-0.0859774
-0.1030914
-0.1088898
-0.1109077
-0.1199676
-0.1388356
-0.1594091
-0.1707103
-0.1692151
-0.1613065
-0.1560457
-0.1565260
-0.1591267
-0.1604263
-0.1624346
-0.1694495
-0.1809647
-0.1904080
-0.1922338
-0.1890436
-0.1893518
-0.1973401
-0.2064763
-0.2059523
-0.1937406
-0.1802797
-0.1767375
-0.1815010
-0.1823367
-0.1722310
-0.1585821
-0.1533498
-0.1567661
-0.1564438
-0.1442048
-0.1292795
-0.1295779
-0.1500543
-0.1748878
-0.1845560
-0.1777697
-0.1712222
-0.1778003
-0.1913026
-0.1965977
-0.1904247
-0.1848375
-0.1897072
-0.1988577
-0.1986301
-0.1870045
-0.1773003
-0.1809284
-0.1912101
-0.1892056
-0.1645722
-0.1257694
-0.0880649
-0.0554067
-0.0169879
0.0428066
0.1383630
0.2855188
0.4977117
0.7659040
1.0394896
1.2360931
1.2835874
1.1637936
0.9226598
0.6411741
0.3930668
0.2189825
0.1249927
0.0937269
0.0967427
0.1066275
0.1082004
0.1016724
0.0933137
0.0828881
0.0626403
0.0288767
-0.0094015
-0.0373580
-0.0496885
-0.0562073
-0.0706081
-0.0955019
-0.1213533
-0.1398852
-0.1544578
-0.1738868
-0.1980736
-0.2152737
-0.2158270
-0.2051019
-0.1988945
-0.2067998
-0.2235209
-0.2369724
-0.2415153
-0.2406185
-0.2382630
-0.2320279
-0.2167944
-0.1930666
-0.1678548
-0.1467064
-0.1281091
-0.1080924
-0.0877943
-0.0720259
-0.0602151
-0.0434887
-0.0144580
0.0213254
0.0472650
0.0506631
0.0348311
0.0151883
0.0037619
-0.0009743
-0.0085460
-0.0230463
-0.0381202
-0.0452233
-0.0435475
-0.0396759
-0.0396540
-0.0447484
-0.0543733
-0.0689847
-0.0875902
-0.1044585
-0.1122082
-0.1097112
-0.1050943
-0.1083279
-0.1209095
-0.1356286
-0.1477519
-0.1628807
-0.1887615
-0.2195627
-0.2343374
-0.2160743
-0.1711449
-0.1257415
-0.1017797
-0.0983427
-0.0978378
-0.0875341
-0.0707452
-0.0561846
-0.0414448
-0.0134845
0.0339155
0.0895097
0.1366864
0.1734278
0.2129618
0.2626452
0.3084684
0.3272757
0.3139237
0.2903617
0.2840014
0.2994501
0.3162409
0.3145357
0.2974120
0.2835400
0.2819917
0.2833774
0.2792150
0.2839924
0.3310274
0.4462593
0.6281922
0.8487568
1.0632164
1.2153790
1.2453079
1.1145410
0.8407533
0.5073327
0.2237518
0.0593650
0.0065980
0.0059527
0.0049936
-0.0069364
-0.0137239
-0.0077771
-0.0023309
-0.0131986
-0.0388062
-0.0636106
-0.0778796
-0.0877621
-0.1040311
-0.1254853
-0.1392584
-0.1377404
-0.1295527
-0.1294143
-0.1394024
-0.1455119
-0.1339553
-0.1072909
-0.0815463
-0.0685541
-0.0642380
-0.0558112
-0.0388579
-0.0236188
-0.0221844
-0.0317886
-0.0356994
-0.0223210
0.0001618
0.0117441
0.0020599
-0.0193995
-0.0346992
-0.0358810
-0.0295866
-0.0246238
-0.0190274
-0.0028751
0.0268703
0.0591204
0.0796263
0.0868757
0.0924192
0.1053641
0.1214662
0.1304945
0.1313030
0.1347446
0.1506596
0.1749157
0.1924001
0.1931849
0.1833019
0.1771097
0.1800917
0.1832636
0.1762342
0.1620769
0.1549125
0.1635679
0.1817375
0.1955257
0.1979366
0.1936667
0.1907125
0.1901254
0.1859530
0.1746435
0.1614428
0.1548553
0.1559664
0.1568879
0.1504127
0.1375701
0.1232493
0.1071270
0.0832079
0.0489290
0.0119685
-0.0144978
-0.0240350
-0.0236677
-0.0267850
-0.0388585
-0.0522673
-0.0571912
-0.0555157
-0.0596882
-0.0771875
-0.0999102
-0.1118995
-0.1068275
-0.0958377
-0.0972658
-0.1185827
-0.1490018
-0.1708939
-0.1781156
-0.1806798
-0.1905374
-0.2060443
-0.2136719
-0.2032173
-0.1772895
-0.1460841
-0.1173912
-0.0945010
-0.0814458
-0.0848721
-0.1066367
-0.1351571
-0.1497936
-0.1395601
-0.1168733
-0.1071491
-0.1225792
-0.1500077
-0.1670702
-0.1661813
-0.1580640
-0.1539989
-0.1511898
-0.1385529
-0.1137708
-0.0893723
-0.0794897
-0.0831490
-0.0856603
-0.0773722
-0.0651505
-0.0602326
-0.0588166
-0.0435431
-0.0061417
0.0380940
0.0640834
0.0646860
0.0627943
0.0964904
0.1926856
0.3523318
0.5550443
0.7705362
0.9616414
1.0824649
1.0890920
0.9653663
0.7402931
0.4755137
0.2322188
0.0464624
-0.0724251
-0.1304000
-0.1403165
-0.1209248
-0.0960491
-0.0863211
-0.0967440
-0.1142936
-0.1230789
-0.1222567
-0.1243962
-0.1360166
-0.1466224
-0.1411542
-0.1190649
-0.0959546
-0.0874640
-0.0951427
-0.1085727
-0.1194268
-0.1312746
-0.1533464
-0.1849945
-0.2114349
-0.2189060
-0.2104243
-0.2009587
-0.1995492
-0.2030558
-0.2067207
-0.2130150
-0.2269284
-0.2467856
-0.2631826
-0.2668919
-0.2580844
-0.2476277
-0.2462456
-0.2513805
-0.2494139
-0.2332513
-0.2118380
-0.1976978
-0.1906681
-0.1805886
-0.1624756
-0.1420975
-0.1275370
-0.1199147
-0.1124710
-0.0978842
-0.0784737
-0.0672547
-0.0723331
-0.0815826
-0.0733857
-0.0447022
-0.0170335
-0.0093692
-0.0155872
-0.0156437
-0.0010394
0.0177529
0.0238378
0.0102347
-0.0110745
-0.0170432
0.0010324
0.0229747
0.0233645
0.0055206
-0.0067244
-0.0075623
-0.0127157
-0.0216117
-0.0085586
0.0336011
0.0703814
0.0690733
