-0.1557971
-0.1458182
0.0119245
0.1899385
0.3760376
0.6540351
1.0136897
1.3284724
1.5056060
1.5409755
1.4415233
1.2080996
0.8991555
0.6158576
0.4071121
0.2505135
0.1226336
0.0258477
-0.0473949
-0.1146199
-0.1680974
-0.1890035
-0.1914091
-0.2079260
-0.2398759
-0.2624515
-0.2694844
-0.2756465
-0.2850253
-0.2914162
-0.2981707
-0.3079641
-0.3067930
-0.2857591
-0.2636451
-0.2621325
-0.2739821
-0.2789802
-0.2751695
-0.2726026
-0.2721686
-0.2703743
-0.2700878
-0.2703058
-0.2608755
-0.2407975
-0.2252406
-0.2230458
-0.2243290
-0.2194700
-0.2121047
-0.2055223
-0.1956618
-0.1852587
-0.1853383
-0.1945029
-0.1946047
-0.1746288
-0.1439323
-0.1172269
-0.1003735
-0.0924734
-0.0874741
-0.0737636
-0.0465074
-0.0185277
-0.0045083
0.0019097
0.0197474
0.0533909
0.0895465
0.1180104
0.1403364
0.1609047
0.1831927
0.2120319
0.2478458
0.2822575
0.3090156
0.3340668
0.3666485
0.4074225
0.4525641
0.5001733
0.5448540
0.5766452
0.5946138
0.6118404
0.6378087
0.6642679
0.6760697
0.6676726
0.6427917
0.6066462
0.5644993
0.5197456
0.4686804
0.4043901
0.3282391
0.2499272
0.1759326
0.1067863
0.0445254
-0.0083219
-0.0564825
-0.1065017
-0.1529740
-0.1819503
-0.1899109
-0.1895583
-0.1951071
-0.2094627
-0.2258991
-0.2354810
-0.2339919
-0.2275045
-0.2284186
-0.2407083
-0.2537734
-0.2563662
-0.2501442
-0.2429717
-0.2365535
-0.2293676
-0.2250519
-0.2278872
-0.2340424
-0.2358316
-0.2321056
-0.2284033
-0.2292973
-0.2342447
-0.2377307
-0.2321224
-0.2158420
-0.1995249
-0.1967608
-0.2073107
-0.2172238
-0.2169160
-0.2108168
-0.2077132
-0.2106250
-0.2186035
-0.2296308
-0.2380783
-0.2364858
-0.2238337
-0.2078547
-0.1977530
-0.1979150
-0.2070570
-0.2185000
-0.2234695
-0.2199807
-0.2165157
-0.2216266
-0.2327104
-0.2403153
-0.2397958
-0.2330038
-0.2229556
-0.2137383
-0.2117711
-0.2195211
-0.2300535
-0.2340328
-0.2306198
-0.2269663
-0.2289148
-0.2355230
-0.2403902
-0.2364483
-0.2229406
-0.2087598
-0.2041428
-0.2083638
-0.2115753
-0.2091843
-0.2063732
-0.2063073
-0.2025246
-0.1878243
-0.1645234
-0.1408931
-0.1211616
-0.1026531
-0.0806462
-0.0544534
-0.0299163
-0.0145263
-0.0079646
-0.0011953
0.0106191
0.0186434
0.0106342
-0.0123223
-0.0369536
-0.0541785
-0.0671328
-0.0835172
-0.1068052
-0.1357620
-0.1673365
-0.1982640
-0.2260806
-0.2491524
-0.2661407
-0.2781527
-0.2907084
-0.3076264
-0.3217550
-0.3193055
-0.2976011
-0.2722175
-0.2608959
-0.2644102
-0.2679986
-0.2581496
-0.2334768
-0.2014446
-0.1678520
-0.1276307
-0.0630106
0.0490007
0.2260665
0.4739253
0.7804798
1.1069641
1.3883942
1.5569644
1.5757833
1.4535789
1.2316941
0.9622152
0.6935317
0.4618707
0.2849747
0.1613420
0.0764967
0.0121543
-0.0449714
-0.0976982
-0.1413317
-0.1732308
-0.1970910
-0.2170294
-0.2328552
-0.2446983
-0.2569421
-0.2718460
-0.2828263
-0.2805805
-0.2653027
-0.2485681
-0.2429117
-0.2510584
-0.2640063
-0.2687091
-0.2599805
-0.2458889
-0.2392273
-0.2436991
-0.2514913
-0.2534548
-0.2467937
-0.2331634
-0.2157180
-0.2000334
-0.1923234
-0.1930877
-0.1953063
-0.1913438
-0.1803121
-0.1682725
-0.1626578
-0.1653403
-0.1688593
-0.1613702
-0.1387474
-0.1103045
-0.0891601
-0.0786073
-0.0713503
-0.0598246
-0.0427296
-0.0229068
-0.0036764
0.0127201
0.0267326
0.0423070
0.0644077
0.0955379
0.1343129
0.1753034
0.2108168
0.2372026
0.2604066
0.2904892
0.3286222
0.3644887
0.3898673
0.4104529
0.4396731
0.4829969
0.5322576
0.5747671
0.6054528
0.6297566
0.6553777
0.6819512
0.7008133
0.7054156
0.6977534
0.6810464
0.6506955
0.5998812
0.5329458
0.4653706
0.4080268
0.3562877
0.2973069
0.2251008
0.1465596
0.0746061
0.0170903
-0.0281147
-0.0678135
-0.1045954
-0.1352235
-0.1569616
-0.1711216
-0.1792887
-0.1811389
-0.1790659
-0.1803039
-0.1894948
-0.2016010
-0.2069933
-0.2030085
-0.1972077
-0.1991377
-0.2104004
-0.2224596
-0.2238864
-0.2111849
-0.1927469
-0.1806433
-0.1790343
-0.1826689
-0.1851585
-0.1846731
-0.1822090
-0.1794022
-0.1792007
-0.1842255
-0.1921536
-0.1956293
-0.1892040
-0.1755071
-0.1637920
-0.1626407
-0.1728158
-0.1858346
-0.1911696
-0.1868887
-0.1816321
-0.1840992
-0.1927824
-0.1987895
-0.1966314
-0.1888527
-0.1815838
-0.1790695
-0.1818080
-0.1868697
-0.1899558
-0.1891735
-0.1870026
-0.1878933
-0.1943890
-0.2050975
-0.2144082
-0.2147374
-0.2028714
-0.1854189
-0.1748143
-0.1778911
-0.1900643
-0.2013013
-0.2053890
-0.2030844
-0.1996022
-0.2003633
-0.2063457
-0.2119875
-0.2098405
-0.1988091
-0.1862933
-0.1808965
-0.1833631
-0.1846899
-0.1732760
-0.1459804
-0.1133479
-0.0911359
-0.0838487
-0.0788148
-0.0600367
-0.0264338
0.0072345
0.0264828
0.0301708
0.0275401
0.0260352
0.0240041
0.0142657
-0.0067342
-0.0346059
-0.0624961
-0.0889791
-0.1173122
-0.1477066
-0.1753390
-0.1976319
-0.2187682
-0.2432538
-0.2677682
-0.2836302
-0.2870107
-0.2839562
-0.2844425
-0.2919222
-0.2990203
-0.2945345
-0.2756869
-0.2521306
-0.2358823
-0.2284718
-0.2202916
-0.2008324
-0.1654443
-0.1118447
-0.0332130
0.0844806
0.2593720
0.5041656
0.8106681
1.1373055
1.4134968
1.5650811
1.5486910
1.3748094
1.1038389
0.8148828
0.5666584
0.3776411
0.2359413
0.1234587
0.0317239
-0.0381603
-0.0842094
-0.1113721
-0.1321508
-0.1582516
-0.1902380
-0.2173195
-0.2295558
-0.2293458
-0.2292826
-0.2393790
-0.2574773
-0.2716908
-0.2719255
-0.2598422
-0.2475493
-0.2457195
-0.2536010
-0.2616134
-0.2619646
-0.2544626
-0.2439708
-0.2362985
-0.2359670
-0.2430495
-0.2503491
-0.2471477
-0.2289699
-0.2032994
-0.1841511
-0.1801434
-0.1869203
-0.1908480
-0.1814671
-0.1615098
-0.1438951
-0.1382328
-0.1414973
-0.1421875
-0.1312838
-0.1083569
-0.0803243
-0.0567775
-0.0438164
-0.0385863
-0.0304554
-0.0106298
0.0188429
0.0471452
0.0661867
0.0794265
0.0988290
0.1324462
0.1747496
0.2109066
0.2324740
0.2474339
0.2716984
0.3112427
0.3560287
0.3918812
0.4150422
0.4340798
0.4606705
0.5003929
0.5500340
0.6007049
0.6434226
0.6736599
0.6926146
0.7052134
0.7157109
0.7223405
0.7157519
0.6862185
0.6349549
0.5758112
0.5222491
0.4735950
0.4172470
0.3441757
0.2596046
0.1781956
0.1108621
0.0570629
0.0087296
-0.0395544
-0.0848043
-0.1196453
-0.1402982
-0.1490930
-0.1508091
-0.1499545
-0.1513743
-0.1591484
-0.1725151
-0.1853214
-0.1920731
-0.1936401
-0.1953954
-0.2003290
-0.2052381
-0.2039183
-0.1942584
-0.1822573
-0.1775947
-0.1835671
-0.1923591
-0.1926623
-0.1821341
-0.1705467
-0.1700932
-0.1831865
-0.1992470
-0.2028486
-0.1867609
-0.1593575
-0.1387847
-0.1376478
-0.1525838
-0.1689481
-0.1748912
-0.1705606
-0.1654742
-0.1685924
-0.1798785
-0.1899971
-0.1890327
-0.1767966
-0.1638583
-0.1612427
-0.1695407
-0.1788929
-0.1792530
-0.1703766
-0.1622523
-0.1653981
-0.1795927
-0.1926203
-0.1919264
-0.1775395
-0.1618821
-0.1570973
-0.1645540
-0.1764380
-0.1845355
-0.1862632
-0.1845475
-0.1840765
-0.1871212
-0.1915641
-0.1926593
-0.1870688
-0.1758253
-0.1641864
-0.1581789
-0.1592256
-0.1613545
-0.1558383
-0.1403069
-0.1215508
-0.1071795
-0.0959599
-0.0793080
-0.0522427
-0.0204732
0.0043325
0.0156054
0.0179787
0.0225025
0.0352356
0.0503404
0.0552340
0.0427588
0.0174659
-0.0098016
-0.0319348
-0.0503207
-0.0719825
-0.1029350
-0.1424679
-0.1824321
-0.2130403
-0.2306973
-0.2403231
-0.2500660
-0.2638715
-0.2781824
-0.2847443
-0.2777134
-0.2600609
-0.2425899
-0.2343615
-0.2336240
-0.2297494
-0.2144509
-0.1896003
-0.1632268
-0.1383153
-0.1053057
-0.0443095
0.0658821
0.2396085
0.4808617
0.7802398
1.1073198
1.4048802
1.5999675
1.6352721
1.5015677
1.2454065
0.9450707
0.6720798
0.4633197
0.3178446
0.2141981
0.1315922
0.0599945
-0.0023689
-0.0548949
-0.0971261
-0.1292800
-0.1532948
-0.1726910
-0.1897995
-0.2033900
-0.2102503
-0.2096409
-0.2060340
-0.2066056
-0.2145438
-0.2246158
-0.2276088
-0.2209740
-0.2132376
-0.2147878
-0.2247594
-0.2303669
-0.2204858
-0.1979853
-0.1771984
-0.1700601
-0.1757522
-0.1834694
-0.1840347
-0.1778679
-0.1718459
-0.1702504
-0.1706677
-0.1678531
-0.1587149
-0.1431376
-0.1232743
-0.1042115
-0.0927695
-0.0917713
-0.0951666
-0.0914376
-0.0738084
-0.0473238
-0.0251325
-0.0163899
-0.0165624
-0.0101952
0.0148311
0.0550387
0.0941880
0.1188302
0.1305248
0.1427622
0.1668978
0.2015685
0.2354742
0.2602948
0.2804699
0.3089145
0.3524355
0.4031577
0.4463496
0.4757557
0.4988538
0.5272877
0.5647074
0.6047681
0.6388490
0.6637279
0.6822266
0.6983275
0.7128886
0.7233825
0.7255130
0.7137777
0.6825990
0.6306696
0.5647556
0.4959432
0.4299685
0.3629806
0.2888458
0.2093331
0.1347565
0.0748043
0.0304663
-0.0049974
-0.0388278
-0.0732843
-0.1060122
-0.1336613
-0.1541168
-0.1666261
-0.1725442
-0.1765394
-0.1840049
-0.1945890
-0.2001906
-0.1934157
-0.1783670
-0.1693695
-0.1766149
-0.1946139
-0.2072814
-0.2046423
-0.1931753
-0.1887430
-0.1995134
-0.2168919
-0.2241923
-0.2136724
-0.1935136
-0.1781682
-0.1741692
-0.1766214
-0.1774263
-0.1740592
-0.1703000
-0.1706128
-0.1752587
-0.1806523
-0.1834668
-0.1832199
-0.1805245
-0.1746160
-0.1652050
-0.1565836
-0.1563948
-0.1676345
-0.1830767
-0.1907396
-0.1862117
-0.1783314
-0.1805841
-0.1959261
-0.2114192
-0.2105124
-0.1914787
-0.1712542
-0.1684911
-0.1838942
-0.2002349
-0.2017780
-0.1906031
-0.1823041
-0.1879352
-0.2029956
-0.2139211
-0.2127605
-0.2036684
-0.1960893
-0.1946489
-0.1973079
-0.2008891
-0.2041857
-0.2053372
-0.2008073
-0.1906188
-0.1823784
-0.1850643
-0.1971784
-0.2038899
-0.1892778
-0.1523725
-0.1100691
-0.0826975
-0.0758570
-0.0765350
-0.0671875
-0.0428708
-0.0141530
0.0050784
0.0103182
0.0075762
0.0051180
0.0059351
0.0068627
0.0026151
-0.0101255
-0.0316863
-0.0608043
-0.0955201
-0.1325161
-0.1674182
-0.1976995
-0.2248453
-0.2516248
-0.2766525
-0.2932739
-0.2955231
-0.2854082
-0.2733999
-0.2703705
-0.2779665
-0.2870595
-0.2867281
-0.2748810
-0.2589385
-0.2460847
-0.2348899
-0.2175543
-0.1879712
-0.1442162
-0.0828365
0.0066381
0.1393991
0.3272619
0.5716344
0.8597381
1.1607311
1.4221981
1.5772557
1.5716082
1.3998079
1.1196951
0.8235105
0.5830740
0.4143458
0.2893260
0.1774048
0.0737207
-0.0074735
-0.0579279
-0.0880438
-0.1161266
-0.1506417
-0.1860505
-0.2133666
-0.2299101
-0.2380462
-0.2391703
-0.2334392
-0.2244698
-0.2199588
-0.2253256
-0.2376995
-0.2477447
-0.2480822
-0.2403041
-0.2337763
-0.2366670
-0.2471943
-0.2541044
-0.2470635
-0.2271484
-0.2066345
-0.1978604
-0.2020338
-0.2089057
-0.2074015
-0.1963001
-0.1840372
-0.1784669
-0.1785949
-0.1774066
-0.1708823
-0.1611468
-0.1507969
-0.1377765
-0.1186275
-0.0954611
-0.0762973
-0.0669093
-0.0635401
-0.0557818
-0.0374637
-0.0135631
0.0053263
0.0153284
0.0242198
0.0430280
0.0741816
0.1097835
0.1408035
0.1655984
0.1890065
0.2154727
0.2452451
0.2767109
0.3098394
0.3454213
0.3816410
0.4141490
0.4414274
0.4688688
0.5046146
0.5503359
0.5978631
0.6363907
0.6621582
0.6797556
0.6945789
0.7056894
0.7063976
0.6906785
0.6582045
0.6137308
0.5630077
0.5100099
0.4568488
0.4036294
0.3470660
0.2814634
0.2047915
0.1247816
0.0562673
0.0093115
-0.0205338
-0.0484300
-0.0851485
-0.1256781
-0.1539853
-0.1599242
-0.1507722
-0.1447496
-0.1533601
-0.1717791
-0.1867610
-0.1912784
-0.1891721
-0.1873963
-0.1880830
-0.1896634
-0.1924191
-0.1986449
-0.2068209
-0.2091933
-0.1989529
-0.1800976
-0.1669266
-0.1707049
-0.1871858
-0.1999112
-0.1969056
-0.1826940
-0.1727302
-0.1770118
-0.1905561
-0.1994513
-0.1945875
-0.1790434
-0.1635649
-0.1566891
-0.1594261
-0.1674085
-0.1755626
-0.1804421
-0.1808141
-0.1786552
-0.1789177
-0.1854484
-0.1958911
-0.2021457
-0.1976196
-0.1840008
-0.1700320
-0.1635825
-0.1654599
-0.1707369
-0.1747732
-0.1768264
-0.1785076
-0.1809351
-0.1845499
-0.1899642
-0.1963427
-0.1991989
-0.1930511
-0.1783148
-0.1637981
-0.1594576
-0.1664254
-0.1760952
-0.1796871
-0.1771393
-0.1754208
-0.1794326
-0.1868990
-0.1923507
-0.1934216
-0.1908897
-0.1841189
-0.1709376
-0.1539714
-0.1434309
-0.1482227
-0.1634731
-0.1711953
-0.1571663
-0.1263299
-0.0982389
-0.0862647
-0.0834607
-0.0709237
-0.0391308
0.0016288
0.0326264
0.0459399
0.0499368
0.0567721
0.0681822
0.0752687
0.0696660
0.0516020
0.0274241
0.0026756
-0.0206432
-0.0422458
-0.0624885
-0.0838227
-0.1107359
-0.1453319
-0.1826575
-0.2126702
-0.2289099
-0.2349542
-0.2407029
-0.2518831
-0.2643248
-0.2690577
-0.2618848
-0.2469142
-0.2315436
-0.2196798
-0.2100015
-0.1989026
-0.1831595
-0.1599291
-0.1262009
-0.0792369
-0.0151013
0.0772531
0.2206251
0.4414219
0.7460538
1.0977455
1.4172300
1.6149887
1.6362629
1.4880855
1.2309755
0.9438039
0.6868635
0.4845154
0.3315980
0.2121873
0.1153472
0.0392709
-0.0147400
-0.0502643
-0.0773641
-0.1059731
-0.1377938
-0.1657680
-0.1825904
-0.1895571
-0.1959763
-0.2094169
-0.2272805
-0.2390390
-0.2370327
-0.2243951
-0.2117860
-0.2069180
-0.2085160
-0.2104722
-0.2097560
-0.2082333
-0.2077053
-0.2064832
-0.2026337
-0.1986523
-0.1995809
-0.2056139
-0.2088672
-0.2001472
-0.1792764
-0.1570418
-0.1455977
-0.1472329
-0.1533145
-0.1537403
-0.1461296
-0.1357828
-0.1284513
-0.1245377
-0.1195516
-0.1084729
-0.0894697
-0.0649808
-0.0404394
-0.0212266
-0.0089587
0.0003622
0.0138810
0.0359496
0.0636451
0.0886911
0.1050658
0.1152931
0.1287987
0.1535228
0.1890681
0.2279457
0.2628515
0.2921710
0.3190689
0.3470175
0.3774381
0.4107785
0.4473765
0.4857334
0.5212687
0.5496746
0.5726582
0.5984409
0.6339055
0.6757935
0.7112252
0.7278860
0.7230540
0.7022464
0.6706589
0.6282540
0.5732890
0.5079412
0.4379719
0.3674564
0.2965348
0.2253858
0.1581028
0.0997697
0.0500144
0.0026521
-0.0462687
-0.0917284
-0.1240195
-0.1402314
-0.1490913
-0.1624309
-0.1826643
-0.2007521
-0.2067235
-0.2003205
-0.1902791
-0.1849383
-0.1859341
-0.1904351
-0.1959881
-0.2010593
-0.2031652
-0.2005693
-0.1965319
-0.1983679
-0.2091254
-0.2212812
-0.2223332
-0.2081817
-0.1889972
-0.1796317
-0.1847992
-0.1956732
-0.2009029
-0.1983641
-0.1946893
-0.1955243
-0.1996319
-0.2026905
-0.2035143
-0.2040337
-0.2046723
-0.2031133
-0.1984163
