0.1397542
0.1687017
0.2187033
0.2749720
0.3175154
0.3398846
0.3551735
0.3838400
0.4349965
0.4985296
0.5546541
0.5908733
0.6099018
0.6218977
0.6303599
0.6270651
0.6013957
0.5538109
0.4984244
0.4508895
0.4134902
0.3729895
0.3141462
0.2356153
0.1520713
0.0803779
0.0242893
-0.0261873
-0.0803787
-0.1336350
-0.1702946
-0.1800619
-0.1696995
-0.1569524
-0.1535432
-0.1561302
-0.1544575
-0.1460896
-0.1403818
-0.1478324
-0.1677721
-0.1879491
-0.1951684
-0.1850672
-0.1628233
-0.1374431
-0.1165350
-0.1041699
-0.1003389
-0.1014817
-0.1030613
-0.1029474
-0.1021046
-0.1018149
-0.1013976
-0.0997528
-0.0981229
-0.0990297
-0.1019644
-0.1023654
-0.0970250
-0.0896393
-0.0880558
-0.0945682
-0.1004440
-0.0923164
-0.0645338
-0.0244037
0.0149305
0.0460037
0.0712717
0.0971032
0.1249494
0.1487455
0.1604664
0.1577744
0.1459375
0.1317364
0.1152025
0.0883472
0.0439499
-0.0138050
-0.0695106
-0.1101710
-0.1389082
-0.1722166
-0.2209557
-0.2748792
-0.3091915
-0.3081884
-0.2812362
-0.2537490
-0.2429818
-0.2445788
-0.2426579
-0.2293754
-0.2102703
-0.1894499
-0.1525456
-0.0682750
0.0904718
0.3245282
0.6027321
0.8732167
1.0802499
1.1781337
1.1425112
0.9803629
0.7329384
0.4632951
0.2298223
0.0610434
-0.0505561
-0.1320423
-0.2055025
-0.2750351
-0.3323239
-0.3708932
-0.3938035
-0.4090465
-0.4200857
-0.4227659
-0.4117461
-0.3890372
-0.3651476
-0.3513893
-0.3511449
-0.3586371
-0.3657950
-0.3699673
-0.3752041
-0.3866082
-0.4036045
-0.4184122
-0.4211042
-0.4070680
-0.3807650
-0.3526170
-0.3313579
-0.3180408
-0.3066317
-0.2901706
-0.2660728
-0.2353226
-0.1978079
-0.1513808
-0.0976633
-0.0473101
-0.0149267
-0.0051306
-0.0043190
0.0099675
0.0488876
0.1022295
0.1504171
0.1863037
0.2222243
0.2735082
0.3370496
0.3907365
0.4164000
0.4210616
0.4315115
0.4667030
0.5177670
0.5573767
0.5677155
0.5562484
0.5431043
0.5358999
0.5209297
0.4798372
0.4116945
0.3352365
0.2696672
0.2166852
0.1635299
0.1018080
0.0395057
-0.0071029
-0.0315237
-0.0445457
-0.0634154
-0.0949154
-0.1299253
-0.1538519
-0.1613041
-0.1607716
-0.1661465
-0.1839617
-0.2075727
-0.2225089
-0.2181319
-0.1961461
-0.1691631
-0.1507520
-0.1458298
-0.1496611
-0.1549731
-0.1587593
-0.1619479
-0.1640935
-0.1608755
-0.1480906
-0.1274284
-0.1068384
-0.0944844
-0.0925975
-0.0974775
-0.1049079
-0.1146018
-0.1289344
-0.1475628
-0.1637488
-0.1668277
-0.1499328
-0.1167817
-0.0804263
-0.0529438
-0.0344898
-0.0130631
0.0231462
0.0726768
0.1209493
0.1537698
0.1694043
0.1762036
0.1797322
0.1754174
0.1551533
0.1184457
0.0731559
0.0250771
-0.0287836
-0.0923346
-0.1567576
-0.2000676
-0.2049994
-0.1779682
-0.1478118
-0.1429829
-0.1680948
-0.2015462
-0.2153453
-0.1978988
-0.1599447
-0.1214203
-0.0940178
-0.0746582
-0.0512981
-0.0103271
0.0632949
0.1893397
0.3868175
0.6547898
0.9527766
1.2037234
1.3284850
1.2914926
1.1214884
0.8889630
0.6593553
0.4613329
0.2918832
0.1433281
0.0199832
-0.0699373
-0.1310356
-0.1815623
-0.2354196
-0.2867958
-0.3167157
-0.3150229
-0.2930917
-0.2733808
-0.2683437
-0.2721730
-0.2727977
-0.2683055
-0.2682054
-0.2788690
-0.2916177
-0.2891927
-0.2647907
-0.2321664
-0.2139125
-0.2188927
-0.2323789
-0.2297088
-0.2000393
-0.1566606
-0.1241549
-0.1154780
-0.1209464
-0.1184307
-0.0936012
-0.0511018
-0.0081966
0.0208598
0.0351372
0.0449341
0.0617268
0.0898268
0.1260439
0.1660965
0.2107575
0.2652100
0.3318417
0.4038734
0.4673687
0.5112297
0.5362800
0.5544298
0.5781733
0.6103816
0.6441339
0.6716615
0.6917187
0.7071669
0.7167290
0.7122056
0.6858334
0.6396462
0.5851888
0.5324709
0.4799582
0.4176541
0.3413836
0.2628604
0.2028572
0.1726063
0.1623638
0.1496138
0.1189394
0.0737758
0.0298038
-0.0009640
-0.0186263
-0.0300443
-0.0385001
-0.0404460
-0.0314263
-0.0129718
0.0070746
0.0197380
0.0195291
0.0057458
-0.0175809
-0.0419861
-0.0573025
-0.0575949
-0.0458251
-0.0317945
-0.0242763
-0.0248063
-0.0290459
-0.0332753
-0.0380692
-0.0451613
-0.0523026
-0.0535722
-0.0453218
-0.0300555
-0.0130291
0.0036197
0.0207804
0.0365346
0.0441827
0.0400431
0.0334302
0.0451550
0.0916725
0.1685869
0.2504401
0.3085209
0.3305453
0.3247180
0.3069708
0.2859532
0.2595117
0.2224272
0.1746166
0.1213617
0.0669523
0.0096229
-0.0561218
-0.1310787
-0.2045454
-0.2565184
-0.2687505
-0.2366660
-0.1734143
-0.1037493
-0.0521546
-0.0317693
-0.0393359
-0.0590445
-0.0742080
-0.0795609
-0.0832062
-0.0930802
-0.0978536
-0.0627672
0.0484483
0.2401907
0.4710674
0.6756698
0.8042450
0.8453190
0.8152390
0.7321875
0.6036548
0.4360859
0.2493271
0.0753977
-0.0589634
-0.1481937
-0.2070284
-0.2553016
-0.3031618
-0.3476539
-0.3798357
-0.3946986
-0.3969228
-0.3990610
-0.4128999
-0.4398891
-0.4690238
-0.4852587
-0.4814549
-0.4628155
-0.4402694
-0.4206536
-0.4043369
-0.3918732
-0.3901780
-0.4083014
-0.4449301
-0.4815192
-0.4918975
-0.4624008
-0.4037912
-0.3424629
-0.2983736
-0.2703456
-0.2422081
-0.2027783
-0.1592314
-0.1304410
-0.1273589
-0.1404612
-0.1465509
-0.1277167
-0.0846316
-0.0336858
0.0074456
0.0330588
0.0518523
0.0778547
0.1174757
0.1633507
0.2007311
0.2215658
0.2336310
0.2552628
0.2991393
0.3596424
0.4161201
0.4495424
0.4568661
0.4498672
0.4409887
0.4309590
0.4093538
0.3657581
0.3003749
0.2252268
0.1555488
0.0984901
0.0486448
-0.0049828
-0.0662374
-0.1258014
-0.1691173
-0.1912085
-0.2029070
-0.2208918
-0.2511865
-0.2836318
-0.3033736
-0.3064209
-0.3018158
-0.2990311
-0.2968116
-0.2871677
-0.2689338
-0.2533834
-0.2538938
-0.2701353
-0.2835519
-0.2699640
-0.2195945
-0.1483306
-0.0901050
-0.0739001
-0.1013213
-0.1429207
-0.1591657
-0.1316291
-0.0783310
-0.0381514
-0.0371178
-0.0678676
-0.1010311
-0.1144095
-0.1085171
-0.0950972
-0.0768338
-0.0441709
0.0082978
0.0678361
0.1105636
0.1230091
0.1152817
0.1123694
0.1325706
0.1727900
0.2112239
0.2226330
0.1951820
0.1402392
0.0893477
0.0762008
0.1116243
0.1704989
0.2053512
0.1794147
0.0929941
-0.0179012
-0.1073147
-0.1475001
-0.1404750
-0.1105391
-0.0873943
-0.0900548
-0.1177041
-0.1516241
-0.1690359
-0.1607699
-0.1376392
-0.1180102
-0.1081959
-0.0960810
-0.0635251
-0.0012123
0.0916243
0.2188373
0.3901188
0.6046345
0.8303535
1.0042091
1.0609631
0.9714449
0.7611522
0.4963158
0.2492809
0.0664550
-0.0447152
-0.1071246
-0.1519727
-0.1974441
-0.2417433
-0.2738749
-0.2903652
-0.3007261
-0.3167618
-0.3386784
-0.3544226
-0.3536439
-0.3408710
-0.3326625
-0.3408319
-0.3596277
-0.3711415
-0.3635351
-0.3428153
-0.3262866
-0.3252173
-0.3338312
-0.3335442
-0.3073178
-0.2527222
-0.1850766
-0.1283867
-0.0989713
-0.0930954
-0.0902473
-0.0729556
-0.0474142
-0.0427477
-0.0829622
-0.1547751
-0.2063055
-0.1859723
-0.0882483
0.0399679
0.1415817
0.1988240
0.2405429
0.3026066
0.3861942
0.4587446
0.4935595
0.5010781
0.5157677
0.5548214
0.5980248
0.6131060
0.5967312
0.5821894
0.6033936
0.6553954
0.6955215
0.6835841
0.6176666
0.5297938
0.4514160
0.3890766
0.3333564
0.2829391
0.2504547
0.2436203
0.2480777
0.2359981
0.1919175
0.1263170
0.0626226
0.0138486
-0.0253701
-0.0655865
-0.1065444
-0.1377138
-0.1532497
-0.1614654
-0.1758166
-0.1975346
-0.2112312
-0.2002494
-0.1655618
-0.1275334
-0.1084389
-0.1139361
-0.1319528
-0.1482405
-0.1603058
-0.1747586
-0.1935374
-0.2078228
-0.2079565
-0.1962655
-0.1852475
-0.1824111
-0.1806558
-0.1664809
-0.1362116
-0.1008706
-0.0745165
-0.0605785
-0.0520326
-0.0433913
-0.0380055
-0.0411681
-0.0487082
-0.0469373
-0.0249867
0.0150310
0.0606392
0.0988066
0.1215466
0.1254414
0.1113126
0.0857467
0.0589232
0.0365742
0.0139148
-0.0194103
-0.0664734
-0.1167379
-0.1553001
-0.1784962
-0.1975559
-0.2252218
-0.2608942
-0.2917704
-0.3078500
-0.3125298
-0.3172443
-0.3277107
-0.3372280
-0.3328732
-0.3072464
-0.2648375
-0.2179993
-0.1754635
-0.1310313
-0.0605206
0.0681591
0.2737264
0.5400633
0.8107582
1.0087924
1.0725111
0.9852882
0.7807374
0.5233588
0.2788477
0.0897326
-0.0344661
-0.1108405
-0.1658200
-0.2176726
-0.2687829
-0.3103487
-0.3337086
-0.3392443
-0.3371021
-0.3406700
-0.3585563
-0.3902680
-0.4269399
-0.4562354
-0.4700413
-0.4709699
-0.4709316
-0.4798649
-0.4940501
-0.4972398
-0.4757136
-0.4326074
-0.3865558
-0.3559737
-0.3448758
-0.3434165
-0.3402851
-0.3325755
-0.3238088
-0.3155174
-0.3041423
-0.2859938
-0.2620294
-0.2361907
-0.2112121
-0.1880820
-0.1676822
-0.1494537
-0.1283796
-0.0966976
-0.0508723
0.0044518
0.0617152
0.1192847
0.1819815
0.2505210
0.3122203
0.3471718
0.3469921
0.3260268
0.3105411
0.3161303
0.3376520
0.3613499
0.3835547
0.4148063
0.4664948
0.5355540
0.6022290
0.6414121
0.6366008
0.5862968
0.5012015
0.3971525
0.2887805
0.1859198
0.0935148
0.0147951
-0.0457535
-0.0844599
-0.1046505
-0.1187591
-0.1408625
-0.1756699
-0.2155751
-0.2490991
-0.2719410
-0.2896943
-0.3100935
-0.3327363
-0.3467594
-0.3399211
-0.3114391
-0.2759802
-0.2534167
-0.2524149
-0.2627307
-0.2645326
-0.2480644
-0.2256655
-0.2221538
-0.2495701
-0.2909731
-0.3126955
-0.2956394
-0.2541142
-0.2221532
-0.2210197
-0.2405966
-0.2518664
-0.2359113
-0.1999777
-0.1665811
-0.1497591
-0.1439491
-0.1347464
-0.1164840
-0.0966238
-0.0845623
-0.0798321
-0.0729447
-0.0568408
-0.0361649
-0.0245768
-0.0323922
-0.0567868
-0.0849021
-0.1069970
-0.1258413
-0.1528390
-0.1960141
-0.2524730
-0.3110596
-0.3602396
-0.3936686
-0.4107948
-0.4146279
-0.4094677
-0.3993574
-0.3867222
-0.3717784
-0.3542260
-0.3358815
-0.3196502
-0.3039967
-0.2801609
-0.2383722
-0.1764981
-0.0976943
0.0032449
0.1462878
0.3490875
0.5962259
0.8259886
0.9559303
0.9330525
0.7679069
0.5233664
0.2699108
0.0486585
-0.1300642
-0.2646725
-0.3491899
-0.3822421
-0.3805048
-0.3740269
-0.3843916
-0.4085112
-0.4261488
-0.4239380
-0.4105955
-0.4074195
-0.4252233
-0.4529976
-0.4689756
-0.4601795
-0.4308853
-0.3960420
-0.3700162
-0.3598930
-0.3642498
-0.3750146
-0.3815943
-0.3766767
-0.3607807
-0.3414508
-0.3261862
-0.3144912
-0.2972259
-0.2651573
-0.2186206
-0.1687682
-0.1300449
-0.1112451
-0.1107968
-0.1172141
-0.1147522
-0.0929397
-0.0535030
-0.0072337
0.0373025
0.0813991
0.1315763
0.1880566
0.2403908
0.2771616
0.3003211
0.3266867
0.3711166
0.4279763
0.4734936
0.4898058
0.4852145
0.4872898
0.5152802
0.5607133
0.5951689
0.5955853
0.5617268
0.5111688
0.4603490
0.4120057
0.3592149
0.2972312
0.2286342
0.1592911
0.0939658
0.0366248
-0.0089451
-0.0419878
-0.0672238
-0.0921155
-0.1210624
-0.1522810
-0.1794864
-0.1960488
-0.1986697
-0.1891107
-0.1738212
-0.1617480
-0.1602813
-0.1703053
-0.1845405
-0.1933101
-0.1940270
-0.1936233
-0.1995044
-0.2091749
-0.2115376
-0.1987809
-0.1751966
-0.1537445
-0.1449897
-0.1494452
-0.1590396
-0.1644459
-0.1608708
-0.1484011
-0.1296601
-0.1090048
-0.0924000
-0.0846123
-0.0855463
-0.0910506
-0.0973472
-0.1019933
-0.0999698
-0.0830330
-0.0472430
-0.0006505
0.0401436
0.0632644
0.0708917
0.0741154
0.0785633
0.0771350
0.0592763
0.0265829
-0.0053468
-0.0237408
-0.0347956
-0.0579699
-0.1028047
-0.1541937
-0.1834394
-0.1752032
-0.1447294
-0.1284985
-0.1544773
-0.2167553
-0.2779291
-0.2988673
-0.2691751
-0.2101789
-0.1490288
-0.0901853
-0.0114241
0.1134652
0.2887123
0.4925194
0.6959263
0.8804643
1.0341538
1.1353334
1.1518431
1.0636252
0.8846965
0.6586375
0.4319845
0.2326622
0.0702408
-0.0512503
-0.1274319
-0.1605024
-0.1662878
-0.1673634
-0.1760902
-0.1865804
-0.1859434
-0.1718554
-0.1560635
-0.1516054
-0.1603531
-0.1738879
-0.1836927
-0.1885701
-0.1930688
-0.2002531
-0.2071934
-0.2088829
-0.2065425
-0.2091416
-0.2237452
-0.2449306
-0.2565242
-0.2453203
-0.2133920
-0.1773792
-0.1550733
-0.1501383
-0.1483396
-0.1302267
-0.0897643
-0.0410538
-0.0066271
0.0011247
-0.0105224
-0.0195120
-0.0030417
0.0483587
0.1258761
0.2107699
0.2890569
0.3589534
0.4254729
0.4901642
0.5470016
0.5872783
0.6080426
0.6159267
0.6217026
0.6303625
0.6386014
0.6436197
0.6503644
0.6635895
0.6725570
0.6512086
0.5810458
0.4748224
0.3728265
0.3096292
0.2814297
0.2487785
0.1770467
0.0759223
-0.0048249
-0.0215210
0.0228676
0.0839870
0.1163359
0.1049710
0.0635137
0.0117128
-0.0401079
-0.0885414
-0.1271028
-0.1451535
-0.1389950
-0.1211559
-0.1134811
-0.1285457
-0.1587079
-0.1837778
-0.1888236
-0.1761702
-0.1628191
-0.1652204
-0.1830627
-0.1981796
-0.1930033
-0.1702793
-0.1505813
-0.1491305
-0.1587796
-0.1585257
-0.1369629
-0.1045745
-0.0823941
-0.0796704
-0.0847887
-0.0801074
-0.0638237
-0.0514352
-0.0535431
-0.0583517
-0.0429277
-0.0004272
0.0497197
0.0800201
0.0802577
0.0637365
0.0503179
0.0449870
0.0342820
0.0042263
-0.0412284
-0.0842397
-0.1148982
-0.1427132
-0.1832235
-0.2373557
-0.2881649
-0.3163700
-0.3166609
-0.3004896
-0.2855015
-0.2818709
-0.2872817
-0.2934681
-0.2946211
-0.2880473
-0.2709649
-0.2416663
-0.2008870
-0.1446930
-0.0560402
0.0883215
0.2960613
0.5430970
0.7780050
0.9422496
0.9931560
0.9198518
0.7460851
0.5193119
0.2933025
0.1120918
-0.0025294
-0.0568077
-0.0773175
-0.0922503
-0.1172901
-0.1551789
-0.2005700
-0.2424021
-0.2696640
-0.2825792
-0.2949596
-0.3192327
-0.3508159
-0.3726320
-0.3748576
-0.3664969
-0.3664310
-0.3838969
-0.4086981
-0.4231883
-0.4247439
-0.4298622
-0.4488243
-0.4614091
-0.4308007
-0.3447444
-0.2344458
-0.1490050
-0.1165802
-0.1311395
-0.1676602
-0.2033008
-0.2269282
-0.2345168
-0.2204556
-0.1787292
-0.1137768
-0.0428544
0.0182976
0.0671313
0.1065565
0.1332516
0.1433136
0.1449146
0.1551728
0.1857317
0.2375417
0.3054457
0.3796764
0.4456863
0.4906105
0.5108249
0.5125991
0.5102841
0.5230303
0.5610378
0.6093139
0.6351288
0.6181631
0.5658457
0.4973075
0.4255648
0.3595654
0.3071089
0.2651741
0.2183071
0.1549098
0.0771966
-0.0062283
-0.0843804
-0.1407462
-0.1649357
-0.1700425
-0.1792521
-0.1941384
-0.1985078
-0.1927229
-0.1946787
-0.2052147
-0.2086791
-0.2140216
-0.2518626
-0.3137082
-0.3392678
-0.2945461
