-0.2634847
-0.2431254
-0.2349650
-0.2447487
-0.2556828
-0.2487475
-0.2242192
-0.2004039
-0.1935646
-0.2033713
-0.2181007
-0.2288693
-0.2341684
-0.2324761
-0.2177206
-0.1870152
-0.1504611
-0.1265888
-0.1244091
-0.1323447
-0.1291978
-0.1066258
-0.0773962
-0.0590957
-0.0519465
-0.0372120
0.0010809
0.0561944
0.1043030
0.1299466
0.1423538
0.1641841
0.2061426
0.2567429
0.2980626
0.3279515
0.3624905
0.4164820
0.4853923
0.5496477
0.5955359
0.6281237
0.6621962
0.7036026
0.7437800
0.7728814
0.7937687
0.8185914
0.8519567
0.8818794
0.8903776
0.8713215
0.8340841
0.7890996
0.7339628
0.6580210
0.5599142
0.4554419
0.3644667
0.2918249
0.2253497
0.1532413
0.0790771
0.0161342
-0.0307646
-0.0717661
-0.1178864
-0.1643353
-0.1936457
-0.1965163
-0.1853687
-0.1832904
-0.2005083
-0.2256874
-0.2414830
-0.2448519
-0.2479443
-0.2599189
-0.2730829
-0.2706548
-0.2467968
-0.2150300
-0.1952560
-0.1944510
-0.2023967
-0.2054785
-0.2011687
-0.1969015
-0.1969305
-0.1948811
-0.1815599
-0.1580098
-0.1370152
-0.1302824
-0.1360851
-0.1420369
-0.1398997
-0.1349541
-0.1386824
-0.1534714
-0.1681187
-0.1703207
-0.1614148
-0.1550625
-0.1608251
-0.1726812
-0.1772572
-0.1722109
-0.1714765
-0.1889205
-0.2186823
-0.2367032
-0.2245039
-0.1895732
-0.1587689
-0.1511152
-0.1599705
-0.1638135
-0.1521510
-0.1366425
-0.1359922
-0.1536271
-0.1739785
-0.1801332
-0.1712954
-0.1607662
-0.1592050
-0.1641646
-0.1669239
-0.1654542
-0.1659752
-0.1720449
-0.1771884
-0.1721738
-0.1578615
-0.1461313
-0.1464134
-0.1545277
-0.1585179
-0.1546092
-0.1526401
-0.1629490
-0.1809703
-0.1904315
-0.1829868
-0.1695120
-0.1666769
-0.1738988
-0.1705233
-0.1396549
-0.0907942
-0.0521503
-0.0393073
-0.0367654
-0.0151669
0.0350225
0.0924410
0.1287032
0.1383569
0.1401370
0.1505327
0.1635024
0.1601544
0.1338220
0.0981729
0.0694820
0.0469896
0.0159914
-0.0316463
-0.0862074
-0.1315964
-0.1638121
-0.1926097
-0.2249848
-0.2528286
-0.2617339
-0.2503074
-0.2349758
-0.2329284
-0.2433227
-0.2493671
-0.2383599
-0.2152235
-0.1937125
-0.1766761
-0.1489052
-0.0893457
0.0141328
0.1646792
0.3656351
0.6183972
0.9035427
1.1676752
1.3410071
1.3788584
1.2898757
1.1232940
0.9290054
0.7306434
0.5334087
0.3477236
0.1949929
0.0886214
0.0172456
-0.0447833
-0.1098076
-0.1655678
-0.1942532
-0.1980141
-0.1991288
-0.2152385
-0.2409937
-0.2581652
-0.2599494
-0.2584641
-0.2672465
-0.2824824
-0.2872574
-0.2728981
-0.2499003
-0.2352063
-0.2331094
-0.2338486
-0.2293874
-0.2237832
-0.2248420
-0.2301026
-0.2274239
-0.2099301
-0.1854715
-0.1679061
-0.1611058
-0.1556916
-0.1419484
-0.1218608
-0.1049163
-0.0937943
-0.0793902
-0.0523200
-0.0160790
0.0156674
0.0349056
0.0486555
0.0705293
0.1051765
0.1443803
0.1785794
0.2089915
0.2457320
0.2950313
0.3517426
0.4059988
0.4547885
0.5035481
0.5567399
0.6111274
0.6611853
0.7087099
0.7620890
0.8242161
0.8840255
0.9238487
0.9358530
0.9287702
0.9163625
0.9005088
0.8688933
0.8103060
0.7291255
0.6413727
0.5575968
0.4740693
0.3825753
0.2852202
0.1950119
0.1220601
0.0636365
0.0106073
-0.0388785
-0.0768680
-0.0977254
-0.1086880
-0.1242341
-0.1508664
-0.1816096
-0.2064228
-0.2237571
-0.2384704
-0.2514002
-0.2570298
-0.2526302
-0.2448651
-0.2433756
-0.2497241
-0.2569896
-0.2604342
-0.2639254
-0.2725231
-0.2815849
-0.2792064
-0.2612294
-0.2392806
-0.2293038
-0.2336595
-0.2396724
-0.2366467
-0.2290473
-0.2288574
-0.2380819
-0.2452391
-0.2405040
-0.2290366
-0.2242768
-0.2294835
-0.2318918
-0.2182486
-0.1926220
-0.1733006
-0.1717282
-0.1796175
-0.1801015
-0.1681010
-0.1543668
-0.1502732
-0.1550351
-0.1611196
-0.1674436
-0.1801915
-0.2000658
-0.2152224
-0.2125016
-0.1943016
-0.1786486
-0.1802731
-0.1953349
-0.2085869
-0.2130028
-0.2161035
-0.2257850
-0.2361964
-0.2335292
-0.2142127
-0.1915721
-0.1824575
-0.1904711
-0.2048277
-0.2134621
-0.2135512
-0.2094657
-0.2048333
-0.1998127
-0.1942083
-0.1889220
-0.1836054
-0.1766864
-0.1702256
-0.1716051
-0.1854367
-0.2037592
-0.2090898
-0.1904398
-0.1546722
-0.1193889
-0.0953901
-0.0788593
-0.0607626
-0.0399914
-0.0234691
-0.0141028
-0.0035135
0.0195599
0.0550806
0.0902123
0.1132722
0.1260422
0.1395586
0.1596930
0.1808033
0.1937888
0.1963255
0.1920067
0.1810909
0.1567712
0.1132086
0.0552512
-0.0038934
-0.0558261
-0.1045367
-0.1574587
-0.2103967
-0.2464297
-0.2525538
-0.2352212
-0.2160790
-0.2121109
-0.2217860
-0.2307844
-0.2286103
-0.2169464
-0.2022645
-0.1838721
-0.1522341
-0.0976234
-0.0155506
0.0986922
0.2565056
0.4692901
0.7310181
1.0087858
1.2540439
1.4255030
1.5033286
1.4857257
1.3786420
1.1939238
0.9562214
0.7037546
0.4735187
0.2826072
0.1262825
-0.0045599
-0.1075878
-0.1738044
-0.2052375
-0.2210690
-0.2424344
-0.2733636
-0.3007273
-0.3131759
-0.3160705
-0.3243912
-0.3428915
-0.3589859
-0.3580311
-0.3419182
-0.3272563
-0.3255760
-0.3308881
-0.3297082
-0.3194760
-0.3114206
-0.3148080
-0.3232293
-0.3206711
-0.3003108
-0.2730665
-0.2551976
-0.2499514
-0.2457279
-0.2324757
-0.2148424
-0.2049855
-0.2044994
-0.1991161
-0.1736921
-0.1297940
-0.0851566
-0.0556254
-0.0398265
-0.0229959
0.0053883
0.0406991
0.0710954
0.0939699
0.1206115
0.1634762
0.2216619
0.2818181
0.3328324
0.3770139
0.4256115
0.4845657
0.5468776
0.6003869
0.6423725
0.6838418
0.7373170
0.8013566
0.8598434
0.8970630
0.9110153
0.9101331
0.8988079
0.8699630
0.8137395
0.7317929
0.6394759
0.5519511
0.4699465
0.3827399
0.2855213
0.1895491
0.1114994
0.0547831
0.0064742
-0.0459300
-0.0986197
-0.1360175
-0.1502528
-0.1521358
-0.1603788
-0.1815574
-0.2044208
-0.2152209
-0.2153109
-0.2194147
-0.2370081
-0.2601978
-0.2727186
-0.2682416
-0.2561020
-0.2496000
-0.2524919
-0.2588030
-0.2634574
-0.2689601
-0.2798127
-0.2927053
-0.2968071
-0.2859975
-0.2682538
-0.2588146
-0.2635776
-0.2725080
-0.2714951
-0.2588239
-0.2469111
-0.2473886
-0.2568419
-0.2597497
-0.2456751
-0.2211842
-0.2025441
-0.1978605
-0.2002238
-0.1994643
-0.1962000
-0.1995061
-0.2120495
-0.2234572
-0.2215573
-0.2074623
-0.1952022
-0.1957502
-0.2045996
-0.2081221
-0.2011552
-0.1938028
-0.1980752
-0.2107945
-0.2153648
-0.2016451
-0.1794324
-0.1683244
-0.1760442
-0.1911490
-0.1978983
-0.1946027
-0.1936290
-0.2037161
-0.2166746
-0.2159568
-0.1981056
-0.1804711
-0.1831993
-0.2052775
-0.2239188
-0.2196597
-0.1983402
-0.1842152
-0.1920525
-0.2101504
-0.2135343
-0.1924353
-0.1638388
-0.1528514
-0.1651476
-0.1821441
-0.1836165
-0.1700726
-0.1588990
-0.1610612
-0.1674243
-0.1598461
-0.1322946
-0.0974077
-0.0722760
-0.0604466
-0.0502295
-0.0303916
-0.0043561
0.0142313
0.0193675
0.0220739
0.0391001
0.0734476
0.1091694
0.1269557
0.1239256
0.1158397
0.1181631
0.1260845
0.1172595
0.0770262
0.0182770
-0.0289052
-0.0484350
-0.0550385
-0.0769504
-0.1239045
-0.1762251
-0.2063867
-0.2083739
-0.2025069
-0.2111459
-0.2328944
-0.2441397
-0.2255795
-0.1834281
-0.1423723
-0.1197564
-0.1089929
-0.0864378
-0.0304769
0.0673403
0.2071530
0.3920346
0.6290752
0.9139350
1.2123228
1.4611090
1.5963582
1.5883387
1.4543550
1.2404995
0.9917874
0.7372808
0.4970349
0.2932327
0.1457024
0.0550912
-0.0025159
-0.0562364
-0.1145884
-0.1629536
-0.1870684
-0.1934016
-0.2020694
-0.2228045
-0.2445029
-0.2505321
-0.2402017
-0.2301567
-0.2344533
-0.2481613
-0.2549284
-0.2486896
-0.2412852
-0.2459103
-0.2583321
-0.2610128
-0.2451078
-0.2221275
-0.2107054
-0.2150202
-0.2206619
-0.2121412
-0.1911438
-0.1742719
-0.1728279
-0.1782790
-0.1708109
-0.1411213
-0.0999869
-0.0655929
-0.0450358
-0.0307310
-0.0124026
0.0115077
0.0347935
0.0531233
0.0705969
0.0963126
0.1350098
0.1822232
0.2293575
0.2726101
0.3155659
0.3636843
0.4181663
0.4754773
0.5313876
0.5848248
0.6382524
0.6941343
0.7508241
0.8033419
0.8493800
0.8923860
0.9351149
0.9701996
0.9813819
0.9578347
0.9071519
0.8512270
0.8061984
0.7654844
0.7048025
0.6071899
0.4833555
0.3644994
0.2738090
0.2073801
0.1445458
0.0737211
0.0041476
-0.0469579
-0.0745114
-0.0905982
-0.1109801
-0.1392355
-0.1656063
-0.1805046
-0.1862818
-0.1938425
-0.2094458
-0.2280164
-0.2395482
-0.2395258
-0.2323839
-0.2268256
-0.2287728
-0.2375337
-0.2479174
-0.2564348
-0.2647322
-0.2753855
-0.2851780
-0.2859562
-0.2740680
-0.2572286
-0.2489330
-0.2545483
-0.2640106
-0.2612009
-0.2424630
-0.2236140
-0.2240693
-0.2435006
-0.2592795
-0.2506039
-0.2219064
-0.1975267
-0.1944864
-0.2060795
-0.2139551
-0.2115428
-0.2100455
-0.2211656
-0.2392220
-0.2459075
-0.2327352
-0.2128679
-0.2061219
-0.2154704
-0.2252515
-0.2229925
-0.2156498
-0.2191834
-0.2358698
-0.2490614
-0.2422653
-0.2194289
-0.2020713
-0.2059085
-0.2235769
-0.2338128
-0.2267754
-0.2153455
-0.2187813
-0.2390745
-0.2586937
-0.2610096
-0.2480197
-0.2362319
-0.2382682
-0.2512845
-0.2625774
-0.2639735
-0.2589237
-0.2554498
-0.2544075
-0.2478609
-0.2294565
-0.2035141
-0.1820126
-0.1740497
-0.1793570
-0.1902042
-0.1979801
-0.1996006
-0.1995586
-0.2047160
-0.2152454
-0.2215486
-0.2125931
-0.1883506
-0.1629643
-0.1533098
-0.1620567
-0.1722000
-0.1620522
-0.1284441
-0.0923544
-0.0769761
-0.0811970
-0.0802335
-0.0538590
-0.0091127
0.0285187
0.0436634
0.0463176
0.0585344
0.0897365
0.1282242
0.1557937
0.1655799
0.1617803
0.1454051
0.1090135
0.0492219
-0.0214845
-0.0826127
-0.1249176
-0.1569520
-0.1914969
-0.2290322
-0.2569787
-0.2642136
-0.2542286
-0.2424379
-0.2400707
-0.2423137
-0.2346288
-0.2101229
-0.1772198
-0.1486950
-0.1251081
-0.0901327
-0.0202535
0.1020301
0.2816598
0.5125118
0.7805995
1.0620368
1.3179559
1.4986265
1.5633896
1.5032575
1.3447348
1.1308251
0.8976162
0.6655343
0.4463004
0.2524060
0.0972196
-0.0142295
-0.0920158
-0.1542155
-0.2102880
-0.2534575
-0.2721102
-0.2668983
-0.2530758
-0.2463837
-0.2499827
-0.2563574
-0.2598948
-0.2648935
-0.2794982
-0.3020749
-0.3173971
-0.3110169
-0.2870433
-0.2663430
-0.2646782
-0.2765037
-0.2837398
-0.2775117
-0.2661624
-0.2616854
-0.2626813
-0.2546835
-0.2278881
-0.1914698
-0.1657454
-0.1591452
-0.1578700
-0.1428099
-0.1132638
-0.0867017
-0.0748684
-0.0676041
-0.0449414
-0.0014781
0.0471513
0.0828745
0.1063723
0.1356097
0.1826615
0.2365272
0.2749448
0.2930534
0.3129463
0.3598689
0.4332498
0.5078202
0.5622728
0.6005227
0.6427705
0.6999198
0.7611895
0.8073407
0.8331975
0.8529740
0.8814838
0.9135698
0.9275721
0.9089963
0.8649720
0.8126917
0.7579619
0.6898782
0.5961193
0.4807487
0.3656702
0.2733992
0.2070181
0.1482251
0.0776671
-0.0035664
-0.0757197
-0.1230472
-0.1505627
-0.1765204
-0.2108950
-0.2441465
-0.2580863
-0.2476333
-0.2299647
-0.2287191
-0.2488068
-0.2716539
-0.2782322
-0.2718424
-0.2720417
-0.2884381
-0.3082083
-0.3119480
-0.2972159
-0.2819760
-0.2848142
-0.3044401
-0.3213378
-0.3197121
-0.3039368
-0.2899125
-0.2838526
-0.2772902
-0.2633797
-0.2492748
-0.2466392
-0.2548481
-0.2607832
-0.2548502
-0.2419728
-0.2345427
-0.2365612
-0.2378972
-0.2262616
-0.2037039
-0.1867019
-0.1874615
-0.1993183
-0.2056614
-0.2006440
-0.1944329
-0.1979807
-0.2090219
-0.2158998
-0.2116242
-0.2011178
-0.1954448
-0.2002088
-0.2100897
-0.2157252
-0.2154725
-0.2171076
-0.2266407
-0.2393760
-0.2453370
-0.2409541
-0.2319217
-0.2261534
-0.2269067
-0.2317251
-0.2357635
-0.2365657
-0.2359609
-0.2356210
-0.2316088
-0.2178821
-0.1964768
-0.1794618
-0.1774802
-0.1889720
-0.2033052
-0.2124737
-0.2173477
-0.2234736
-0.2323918
-0.2378099
-0.2321609
-0.2178908
-0.2083742
-0.2132433
-0.2254429
-0.2288651
-0.2181218
-0.2044713
-0.2006746
-0.2047424
-0.2013553
-0.1776169
-0.1364880
-0.0954351
-0.0708731
-0.0627983
-0.0563666
-0.0392370
-0.0138064
0.0093909
0.0255248
0.0385213
0.0537984
0.0729423
0.0940929
0.1136567
0.1281884
0.1369565
0.1422241
0.1464687
0.1506756
0.1541152
0.1517896
0.1330476
0.0894397
0.0263448
-0.0384075
-0.0906451
-0.1310510
-0.1681672
-0.2041928
-0.2311613
-0.2398484
-0.2306894
-0.2157884
-0.2087070
-0.2109875
-0.2114002
-0.2004541
-0.1809244
-0.1593677
-0.1320185
-0.0863727
-0.0133915
0.0912633
0.2377834
0.4429233
0.7116156
1.0173411
1.3032967
1.5069487
1.5903725
1.5530073
1.4181341
1.2110803
0.9549384
0.6821875
0.4346599
0.2417996
0.1033471
0.0001796
-0.0805527
-0.1358540
-0.1590406
-0.1553502
-0.1442541
-0.1465584
-0.1676165
-0.1941431
-0.2106669
-0.2171289
-0.2250801
-0.2390271
-0.2503262
-0.2506905
-0.2436299
-0.2387874
-0.2400055
-0.2425491
-0.2399956
-0.2325175
-0.2285464
-0.2353811
-0.2466412
-0.2451321
-0.2234752
-0.1959860
-0.1820122
-0.1816445
-0.1774316
-0.1585738
-0.1338360
-0.1183203
-0.1134470
-0.1036528
-0.0726466
-0.0228917
0.0233944
0.0474594
0.0566218
0.0754005
0.1137454
0.1552485
0.1815922
0.1980501
0.2259995
0.2763964
0.3391215
0.3959764
0.4384999
0.4738737
0.5156727
0.5685799
0.6246603
0.6775653
0.7340876
0.8022529
0.8721132
0.9218011
0.9442403
0.9564649
0.9778623
1.0059784
1.0172154
0.9880287
0.9159392
0.8231300
0.7365051
0.6607287
0.5765995
0.4704646
0.3558523
0.2566710
0.1774769
0.1035815
0.0265593
-0.0434529
-0.0916075
-0.1162727
-0.1314855
-0.1537129
-0.1843015
-0.2064520
-0.2070587
-0.1998653
-0.2133707
-0.2527965
-0.2890386
-0.2929614
-0.2684347
-0.2430300
-0.2363475
-0.2461362
-0.2579406
-0.2608499
-0.2575004
-0.2601698
-0.2723973
-0.2787063
-0.2629669
-0.2327554
-0.2116462
-0.2098857
-0.2172756
-0.2228196
-0.2255765
-0.2267407
-0.2260474
-0.2262712
-0.2288197
-0.2264207
-0.2113083
-0.1869646
-0.1620336
-0.1402241
-0.1266737
-0.1325018
-0.1581216
-0.1825316
-0.1847947
-0.1673251
-0.1457057
-0.1280355
-0.1172377
-0.1188501
-0.1314680
-0.1429474
-0.1486950
-0.1586692
-0.1761074
-0.1882663
-0.1885190
-0.1863596
-0.1860506
-0.1797442
-0.1708175
-0.1759313
-0.1938659
-0.2024908
-0.1967881
-0.1976980
-0.2136785
-0.2275888
-0.2294071
-0.2253470
-0.2110369
-0.1789304
-0.1533183
-0.1658777
-0.1956231
-0.1944158
-0.1724080
-0.1825688
-0.2155019
-0.2038623
-0.1529277
-0.1596301
-0.2538537
