-0.1125403
-0.1266887
-0.1621053
-0.1852487
-0.1845746
-0.1728590
-0.1664544
-0.1717951
-0.1848219
-0.1936413
-0.1869398
-0.1689708
-0.1612978
-0.1794290
-0.2104775
-0.2239988
-0.2046826
-0.1666446
-0.1359082
-0.1262373
-0.1325683
-0.1407250
-0.1401842
-0.1309489
-0.1209617
-0.1166806
-0.1163390
-0.1123771
-0.0984977
-0.0742198
-0.0462612
-0.0266477
-0.0242945
-0.0345173
-0.0405471
-0.0301539
-0.0086581
0.0088004
0.0161230
0.0223892
0.0389729
0.0648712
0.0875204
0.0972448
0.0988409
0.1073274
0.1320366
0.1666330
0.1962495
0.2126474
0.2199295
0.2275419
0.2423557
0.2670518
0.3001109
0.3343597
0.3597172
0.3722375
0.3798031
0.3953562
0.4232464
0.4536556
0.4721831
0.4756587
0.4776614
0.4961957
0.5345005
0.5750643
0.5940671
0.5814129
0.5462633
0.5049213
0.4653832
0.4227563
0.3674637
0.2976985
0.2246857
0.1647788
0.1247793
0.0955116
0.0613130
0.0155919
-0.0339068
-0.0741503
-0.0991111
-0.1134217
-0.1263719
-0.1438897
-0.1653516
-0.1855700
-0.1981634
-0.1984788
-0.1872610
-0.1734078
-0.1697393
-0.1812889
-0.1981756
-0.2047779
-0.1975461
-0.1896752
-0.1948045
-0.2087420
-0.2123902
-0.1936641
-0.1628000
-0.1428012
-0.1456433
-0.1611372
-0.1703544
-0.1670211
-0.1619469
-0.1670491
-0.1798931
-0.1869054
-0.1792376
-0.1617098
-0.1467055
-0.1424986
-0.1479457
-0.1556172
-0.1583032
-0.1540011
-0.1468759
-0.1437867
-0.1487154
-0.1593222
-0.1684446
-0.1695074
-0.1616161
-0.1500855
-0.1419514
-0.1406707
-0.1446220
-0.1495917
-0.1520764
-0.1514594
-0.1507238
-0.1543124
-0.1626427
-0.1680879
-0.1590388
-0.1306321
-0.0914582
-0.0581137
-0.0419818
-0.0404702
-0.0401957
-0.0286709
-0.0043356
0.0232837
0.0431718
0.0537248
0.0650159
0.0896141
0.1292505
0.1694366
0.1888315
0.1770453
0.1443040
0.1116198
0.0897620
0.0690704
0.0316936
-0.0270584
-0.0916532
-0.1403945
-0.1646166
-0.1737968
-0.1841190
-0.2039165
-0.2291662
-0.2501365
-0.2607290
-0.2627378
-0.2636865
-0.2709401
-0.2852005
-0.2974656
-0.2941697
-0.2695486
-0.2344332
-0.2099706
-0.2092269
-0.2244851
-0.2341551
-0.2228692
-0.1940262
-0.1616004
-0.1292858
-0.0782695
0.0227455
0.1925068
0.4181198
0.6566790
0.8542798
0.9677820
0.9781371
0.8931271
0.7416246
0.5618747
0.3880982
0.2416628
0.1303573
0.0530591
0.0038670
-0.0269086
-0.0517660
-0.0810440
-0.1160690
-0.1482585
-0.1680111
-0.1755978
-0.1816330
-0.1954741
-0.2143364
-0.2256506
-0.2200644
-0.2009795
-0.1814477
-0.1729704
-0.1774024
-0.1878590
-0.1954941
-0.1955678
-0.1893067
-0.1820521
-0.1791954
-0.1814371
-0.1826412
-0.1739306
-0.1523827
-0.1259583
-0.1079964
-0.1054120
-0.1122872
-0.1153464
-0.1058833
-0.0870961
-0.0706918
-0.0658557
-0.0698595
-0.0689357
-0.0502074
-0.0150371
0.0193927
0.0341612
0.0266429
0.0144529
0.0192679
0.0452764
0.0748281
0.0873613
0.0822711
0.0806773
0.1035538
0.1496398
0.1963035
0.2212877
0.2224000
0.2169798
0.2244391
0.2496436
0.2810025
0.3026348
0.3089170
0.3094848
0.3212720
0.3542973
0.4027279
0.4489269
0.4776614
0.4881651
0.4927292
0.5031863
0.5190576
0.5292453
0.5244254
0.5063725
0.4850089
0.4673195
0.4495499
0.4197911
0.3684524
0.2976690
0.2214576
0.1557967
0.1066639
0.0667202
0.0241196
-0.0245278
-0.0697317
-0.0982473
-0.1070304
-0.1074335
-0.1145956
-0.1330008
-0.1537247
-0.1658238
-0.1684868
-0.1705618
-0.1792442
-0.1915597
-0.1977751
-0.1919542
-0.1778525
-0.1647158
-0.1587142
-0.1592080
-0.1621117
-0.1645820
-0.1657336
-0.1650155
-0.1626832
-0.1616893
-0.1659672
-0.1745972
-0.1791707
-0.1705522
-0.1499755
-0.1314541
-0.1297111
-0.1445569
-0.1596508
-0.1597262
-0.1484844
-0.1454545
-0.1626694
-0.1871783
-0.1918898
-0.1654701
-0.1279435
-0.1122858
-0.1303799
-0.1608394
-0.1729664
-0.1604122
-0.1464111
-0.1546107
-0.1795500
-0.1917918
-0.1722768
-0.1358528
-0.1163598
-0.1303582
-0.1606364
-0.1767853
-0.1679470
-0.1512195
-0.1488922
-0.1622710
-0.1707613
-0.1546659
-0.1153021
-0.0725399
-0.0456836
-0.0381594
-0.0379372
-0.0293194
-0.0051329
0.0282976
0.0560772
0.0673173
0.0664407
0.0716694
0.0985650
0.1425511
0.1790076
0.1836672
0.1542501
0.1110765
0.0756490
0.0497386
0.0168406
-0.0367885
-0.1051463
-0.1671488
-0.2061247
-0.2229390
-0.2312253
-0.2428335
-0.2590965
-0.2740479
-0.2828728
-0.2861837
-0.2879234
-0.2914533
-0.2977175
-0.3048759
-0.3080423
-0.3009114
-0.2809653
-0.2542310
-0.2324403
-0.2223848
-0.2177820
-0.2037571
-0.1703376
-0.1193101
-0.0544519
0.0350954
0.1765198
0.3903490
0.6596375
0.9215261
1.0950035
1.1269192
1.0217185
0.8338284
0.6310558
0.4571393
0.3183670
0.1987358
0.0866719
-0.0106368
-0.0763845
-0.1054599
-0.1149075
-0.1314849
-0.1679842
-0.2124241
-0.2416809
-0.2457612
-0.2374992
-0.2379221
-0.2536628
-0.2709183
-0.2716650
-0.2535547
-0.2320868
-0.2240715
-0.2312078
-0.2407175
-0.2405148
-0.2315222
-0.2245707
-0.2269067
-0.2338219
-0.2337293
-0.2197805
-0.1954923
-0.1704446
-0.1526299
-0.1445473
-0.1434919
-0.1432800
-0.1371993
-0.1229557
-0.1061941
-0.0967512
-0.0982175
-0.1012107
-0.0903445
-0.0605783
-0.0254671
-0.0056753
-0.0077890
-0.0164421
-0.0097494
0.0178176
0.0498589
0.0657200
0.0622511
0.0569192
0.0700995
0.1056462
0.1489056
0.1822453
0.2011199
0.2153600
0.2367540
0.2669939
0.2975235
0.3197292
0.3343742
0.3512274
0.3797437
0.4198133
0.4612676
0.4926332
0.5109691
0.5236386
0.5406464
0.5650249
0.5900604
0.6052119
0.6046244
0.5905312
0.5693364
0.5450275
0.5162783
0.4791108
0.4315308
0.3756645
0.3163045
0.2578652
0.2020864
0.1478313
0.0933255
0.0395901
-0.0079209
-0.0418939
-0.0587213
-0.0624223
-0.0629229
-0.0693200
-0.0834076
-0.0991727
-0.1091222
-0.1118545
-0.1133805
-0.1202650
-0.1311949
-0.1364117
-0.1273808
-0.1078514
-0.0936873
-0.0987332
-0.1196421
-0.1368710
-0.1337585
-0.1147616
-0.1019066
-0.1111505
-0.1338502
-0.1448197
-0.1294237
-0.1001144
-0.0837142
-0.0931732
-0.1148938
-0.1251001
-0.1162176
-0.1038628
-0.1079116
-0.1299548
-0.1516174
-0.1536380
-0.1341206
-0.1084948
-0.0945614
-0.0987727
-0.1142525
-0.1282448
-0.1310904
-0.1217096
-0.1080993
-0.1021691
-0.1103678
-0.1266960
-0.1361482
-0.1281667
-0.1078075
-0.0919185
-0.0926789
-0.1056053
-0.1153738
-0.1131563
-0.1058602
-0.1065383
-0.1166831
-0.1209020
-0.1012942
-0.0570183
-0.0080397
0.0218671
0.0263670
0.0214357
0.0298879
0.0610487
0.1042585
0.1406554
0.1609182
0.1723363
0.1892994
0.2169432
0.2441941
0.2534452
0.2374852
0.2064118
0.1768923
0.1543613
0.1268278
0.0776969
0.0052412
-0.0714163
-0.1269125
-0.1511131
-0.1567151
-0.1662503
-0.1917742
-0.2262647
-0.2530528
-0.2626072
-0.2607065
-0.2614350
-0.2726302
-0.2879119
-0.2929558
-0.2800182
-0.2564240
-0.2382463
-0.2350684
-0.2409712
-0.2406873
-0.2239386
-0.1919756
-0.1485725
-0.0851808
0.0222421
0.1981338
0.4456106
0.7361198
1.0175946
1.2334698
1.3406763
1.3208294
1.1846133
0.9692017
0.7271100
0.5080758
0.3416248
0.2298209
0.1539527
0.0900462
0.0233878
-0.0455717
-0.1056281
-0.1457046
-0.1649721
-0.1748963
-0.1908026
-0.2190649
-0.2511497
-0.2708796
-0.2692437
-0.2533053
-0.2406197
-0.2440076
-0.2607288
-0.2760917
-0.2778950
-0.2677618
-0.2584917
-0.2602689
-0.2695647
-0.2719998
-0.2567300
-0.2283410
-0.2040771
-0.1981786
-0.2081499
-0.2168478
-0.2091288
-0.1868601
-0.1670111
-0.1643040
-0.1756336
-0.1818806
-0.1654990
-0.1269280
-0.0844033
-0.0578558
-0.0522089
-0.0549645
-0.0489753
-0.0276660
0.0009604
0.0238644
0.0361496
0.0456255
0.0651673
0.1005811
0.1454128
0.1870732
0.2177630
0.2397548
0.2611378
0.2875498
0.3179247
0.3468648
0.3701608
0.3887839
0.4090117
0.4386464
0.4811001
0.5312495
0.5774089
0.6096464
0.6280805
0.6429358
0.6650856
0.6955733
0.7243129
0.7389985
0.7350526
0.7174081
0.6941164
0.6690794
0.6397405
0.5997039
0.5433339
0.4700392
0.3863398
0.3035749
0.2314140
0.1719020
0.1200199
0.0711158
0.0278565
-0.0014545
-0.0127455
-0.0141359
-0.0221903
-0.0480832
-0.0865895
-0.1196885
-0.1328478
-0.1288280
-0.1248843
-0.1350142
-0.1546594
-0.1642956
-0.1495761
-0.1176370
-0.0919663
-0.0905144
-0.1096267
-0.1298445
-0.1360648
-0.1304802
-0.1266738
-0.1339303
-0.1487821
-0.1599732
-0.1587623
-0.1444493
-0.1233329
-0.1051270
-0.0989117
-0.1080896
-0.1266352
-0.1419322
-0.1447523
-0.1378486
-0.1334812
-0.1409966
-0.1568400
-0.1676121
-0.1632948
-0.1472366
-0.1330169
-0.1316786
-0.1420612
-0.1532533
-0.1559904
-0.1515562
-0.1499915
-0.1600547
-0.1806587
-0.2011644
-0.2095074
-0.2010502
-0.1817340
-0.1640555
-0.1587259
-0.1667487
-0.1770497
-0.1731166
-0.1461846
-0.1046921
-0.0691196
-0.0534883
-0.0501944
-0.0351513
0.0092471
0.0757261
0.1376685
0.1733591
0.1842448
0.1897118
0.2058953
0.2307945
0.2481951
0.2427158
0.2105335
0.1594411
0.1028573
0.0532634
0.0161722
-0.0138403
-0.0501254
-0.1025401
-0.1663895
-0.2239912
-0.2596596
-0.2737210
-0.2808161
-0.2942977
-0.3134423
-0.3263851
-0.3240854
-0.3097476
-0.2951647
-0.2901045
-0.2958597
-0.3065531
-0.3138137
-0.3108963
-0.2962281
-0.2755177
-0.2583265
-0.2479906
-0.2324510
-0.1863224
-0.0848957
0.0814304
0.3035991
0.5597799
0.8200136
1.0451626
1.1888312
1.2121113
1.1060034
0.9026881
0.6625705
0.4447905
0.2825213
0.1775706
0.1114108
0.0604348
0.0071624
-0.0538973
-0.1158159
-0.1656011
-0.1952345
-0.2091193
-0.2203211
-0.2382862
-0.2602217
-0.2750928
-0.2757427
-0.2662122
-0.2574483
-0.2573681
-0.2657181
-0.2768646
-0.2851708
-0.2876133
-0.2839576
-0.2770483
-0.2724880
-0.2749789
-0.2826634
-0.2859162
-0.2747082
-0.2491843
-0.2222536
-0.2094187
-0.2145030
-0.2256607
-0.2265743
-0.2121792
-0.1930542
-0.1838118
-0.1872593
-0.1907131
-0.1784282
-0.1473282
-0.1098779
-0.0817640
-0.0679037
-0.0607586
-0.0503725
-0.0334752
-0.0128174
0.0089890
0.0316458
0.0540198
0.0731573
0.0893960
0.1104273
0.1453446
0.1924722
0.2362284
0.2608515
0.2682217
0.2786000
0.3104100
0.3600228
0.4047465
0.4270258
0.4335794
0.4483763
0.4873805
0.5425912
0.5913570
0.6188818
0.6295390
0.6377929
0.6518858
0.6675687
0.6744252
0.6644596
0.6351800
0.5890600
0.5333107
0.4782488
0.4311038
0.3890966
0.3405709
0.2761296
0.1995592
0.1263981
0.0705532
0.0324641
0.0006570
-0.0358123
-0.0770132
-0.1129329
-0.1327497
-0.1337409
-0.1238610
-0.1173381
-0.1255931
-0.1482882
-0.1718741
-0.1800517
-0.1695920
-0.1559069
-0.1593968
-0.1836780
-0.2088319
-0.2096587
-0.1816891
-0.1471292
-0.1334241
-0.1469335
-0.1691905
-0.1777418
-0.1675908
-0.1518356
-0.1451977
-0.1507838
-0.1617997
-0.1710148
-0.1753663
-0.1738152
-0.1658421
-0.1540972
-0.1459374
-0.1488034
-0.1631715
-0.1813251
-0.1939220
-0.1976138
-0.1965383
-0.1975058
-0.2039862
-0.2132335
-0.2178823
-0.2114831
-0.1952037
-0.1799452
-0.1793948
-0.1978402
-0.2244120
-0.2416093
-0.2413807
-0.2323652
-0.2299942
-0.2396384
-0.2508614
-0.2484638
-0.2275816
-0.1969437
-0.1689961
-0.1494404
-0.1362024
-0.1249171
-0.1122092
-0.0947652
-0.0694258
-0.0365265
-0.0011439
0.0321606
0.0656986
0.1062859
0.1541840
0.1964531
0.2156046
0.2065108
0.1823008
0.1606431
0.1447204
0.1206560
0.0747200
0.0105569
-0.0533415
-0.1024974
-0.1396269
-0.1779061
-0.2238474
-0.2701674
-0.3052371
-0.3258318
-0.3382012
-0.3487855
-0.3579204
-0.3632278
-0.3652816
-0.3663497
-0.3647834
-0.3550835
-0.3356536
-0.3140167
-0.3007540
-0.2979077
-0.2958480
-0.2827161
-0.2545858
-0.2132369
-0.1540822
-0.0596905
0.0915430
0.3088293
0.5788870
0.8677155
1.1287063
1.3120833
1.3774482
1.3101254
1.1323007
0.8965314
0.6613974
0.4656179
0.3187398
0.2107892
0.1275340
0.0583982
-0.0034398
-0.0615657
-0.1147983
-0.1579595
-0.1874398
-0.2063595
-0.2226202
-0.2411860
-0.2592222
-0.2695694
-0.2684343
-0.2590827
-0.2488306
-0.2437307
-0.2457079
-0.2524128
-0.2582348
-0.2570585
-0.2473940
-0.2359925
-0.2339165
-0.2457721
-0.2624562
-0.2670339
-0.2499659
-0.2185565
-0.1906351
-0.1790773
-0.1825957
-0.1898794
-0.1900974
-0.1793942
-0.1608811
-0.1418677
-0.1300782
-0.1279617
-0.1281328
-0.1169445
-0.0867409
-0.0452135
-0.0097494
0.0092560
0.0179753
0.0307742
0.0543866
0.0834216
0.1103958
0.1350430
0.1610069
0.1874070
0.2100084
0.2312142
0.2625373
0.3117585
0.3696401
0.4156096
0.4389221
0.4505339
0.4707070
0.5070730
0.5491491
0.5836660
0.6094706
0.6343499
0.6618927
0.6883394
0.7123052
0.7401788
0.7762824
0.8106503
0.8238577
0.8063353
0.7683681
0.7269191
0.6852714
0.6316697
0.5587659
0.4779448
0.4085007
0.3546148
0.3004025
0.2313766
0.1564188
0.1015892
0.0807801
0.0774662
0.0602944
0.0159809
-0.0374390
-0.0713841
-0.0771442
-0.0718738
-0.0757479
-0.0890809
-0.0962258
-0.0895605
-0.0824536
-0.0938755
-0.1225806
-0.1431130
-0.1313523
-0.0920984
-0.0568986
-0.0530618
-0.0773211
-0.1023656
-0.1075059
-0.0986792
-0.0971017
-0.1124099
-0.1322678
-0.1388781
-0.1307842
-0.1236534
-0.1301760
-0.1440374
-0.1471110
-0.1310378
-0.1079582
-0.0985253
-0.1112251
-0.1353726
-0.1534374
-0.1576833
-0.1542249
-0.1534753
-0.1596250
-0.1693861
-0.1779445
-0.1833648
-0.1854385
-0.1829766
-0.1747006
-0.1629778
-0.1549098
-0.1577104
-0.1720797
-0.1905450
-0.2034145
-0.2071552
-0.2068973
-0.2103124
-0.2191053
-0.2270692
-0.2265303
-0.2157207
-0.1990611
-0.1812147
-0.1629807
-0.1434528
-0.1236391
-0.1050213
-0.0851048
-0.0583845
-0.0244827
0.0068574
0.0239379
0.0284879
0.0397755
0.0782792
0.1431585
0.2078357
0.2407522
0.2318133
0.1987616
0.1683799
0.1519826
0.1379195
0.1053672
0.0444323
-0.0350752
-0.1115160
-0.1675144
-0.2010979
-0.2240506
-0.2499321
-0.2822812
-0.3131730
-0.3328782
-0.3406778
-0.3456179
-0.3564051
-0.3713026
-0.3791396
-0.3707447
-0.3489232
-0.3265367
-0.3145998
-0.3124418
-0.3095823
-0.2968802
-0.2750870
-0.2514973
-0.2274053
-0.1887811
-0.1103010
0.0294042
0.2335697
0.4844369
0.7505588
0.9952209
1.1807783
1.2730631
1.2517113
1.1229730
0.9229448
0.7036685
0.5093286
0.3591647
0.2476460
0.1579358
