0.0523453
0.0349489
0.0099353
0.0054074
0.0133288
0.0043896
-0.0303490
-0.0737483
-0.1104216
-0.1394122
-0.1625875
-0.1794336
-0.1941909
-0.2135686
-0.2354613
-0.2503388
-0.2541425
-0.2509968
-0.2442581
-0.2339120
-0.2222563
-0.2137237
-0.2084022
-0.2016095
-0.1896657
-0.1718509
-0.1485067
-0.1208519
-0.0886263
-0.0421676
0.0401721
0.1802610
0.3853705
0.6451188
0.9355200
1.2185203
1.4418503
1.5519533
1.5174100
1.3465132
1.0872119
0.8083868
0.5697270
0.3967539
0.2788424
0.1900088
0.1116537
0.0397181
-0.0213782
-0.0668970
-0.0968592
-0.1168574
-0.1337552
-0.1503496
-0.1656839
-0.1793862
-0.1919562
-0.2010056
-0.2020430
-0.1950288
-0.1869824
-0.1856484
-0.1918070
-0.1989403
-0.1997850
-0.1933664
-0.1864873
-0.1872921
-0.1959394
-0.2030022
-0.1989884
-0.1840527
-0.1663243
-0.1525915
-0.1436347
-0.1372552
-0.1318950
-0.1267298
-0.1209527
-0.1143471
-0.1077749
-0.1024325
-0.0981095
-0.0913987
-0.0766476
-0.0516288
-0.0229216
-0.0024030
0.0041450
0.0035575
0.0085781
0.0254069
0.0488767
0.0687836
0.0798626
0.0863535
0.0976591
0.1192612
0.1480056
0.1766987
0.2019587
0.2256880
0.2501903
0.2753620
0.3011287
0.3293225
0.3611518
0.3944954
0.4257761
0.4544109
0.4844015
0.5208819
0.5645394
0.6094304
0.6473113
0.6745968
0.6940745
0.7095903
0.7208958
0.7244910
0.7171431
0.6967579
0.6621311
0.6151113
0.5621924
0.5104244
0.4604899
0.4056420
0.3392163
0.2632867
0.1892330
0.1289694
0.0850417
0.0495894
0.0133697
-0.0250751
-0.0598798
-0.0855744
-0.1017408
-0.1108991
-0.1155749
-0.1187155
-0.1239476
-0.1326617
-0.1418688
-0.1472872
-0.1487360
-0.1509494
-0.1581226
-0.1681185
-0.1734650
-0.1692905
-0.1597846
-0.1548675
-0.1598484
-0.1702035
-0.1776441
-0.1791896
-0.1780975
-0.1777460
-0.1783267
-0.1796534
-0.1834749
-0.1904761
-0.1964969
-0.1949089
-0.1842331
-0.1722707
-0.1702502
-0.1815316
-0.1972405
-0.2049946
-0.2017199
-0.1960374
-0.1980691
-0.2091393
-0.2220951
-0.2292465
-0.2282250
-0.2218991
-0.2153374
-0.2128355
-0.2156910
-0.2215045
-0.2261474
-0.2275881
-0.2283588
-0.2336284
-0.2455567
-0.2593500
-0.2664357
-0.2627477
-0.2530476
-0.2460166
-0.2460909
-0.2514251
-0.2583992
-0.2652563
-0.2712519
-0.2752306
-0.2769741
-0.2786003
-0.2823569
-0.2867595
-0.2866491
-0.2787699
-0.2671138
-0.2606544
-0.2640738
-0.2717035
-0.2730772
-0.2647831
-0.2545423
-0.2523922
-0.2596126
-0.2679575
-0.2684680
-0.2589768
-0.2436287
-0.2276941
-0.2139735
-0.2026452
-0.1923044
-0.1805561
-0.1652034
-0.1468497
-0.1301019
-0.1195668
-0.1130159
-0.1006085
-0.0744300
-0.0393425
-0.0116860
-0.0050965
-0.0179300
-0.0356132
-0.0453596
-0.0484290
-0.0583683
-0.0873971
-0.1338756
-0.1823993
-0.2161507
-0.2300313
-0.2333343
-0.2409015
-0.2610239
-0.2895077
-0.3139196
-0.3245057
-0.3226950
-0.3193104
-0.3238777
-0.3354507
-0.3437607
-0.3387891
-0.3191854
-0.2924707
-0.2680107
-0.2493380
-0.2320766
-0.2082094
-0.1709123
-0.1133911
-0.0225393
0.1234779
0.3453986
0.6430761
0.9792051
1.2819373
1.4711296
1.4955855
1.3578670
1.1102729
0.8261463
0.5666703
0.3619842
0.2120856
0.1009331
0.0126658
-0.0594291
-0.1145412
-0.1520984
-0.1771935
-0.1986743
-0.2224793
-0.2473362
-0.2675090
-0.2800202
-0.2884676
-0.2986474
-0.3107972
-0.3182172
-0.3148581
-0.3032535
-0.2932843
-0.2929061
-0.3007857
-0.3080709
-0.3069453
-0.2976927
-0.2880876
-0.2860167
-0.2921583
-0.2992669
-0.2983402
-0.2858809
-0.2662977
-0.2481872
-0.2378381
-0.2349211
-0.2336299
-0.2281479
-0.2173717
-0.2047512
-0.1943166
-0.1871520
-0.1806609
-0.1701608
-0.1521172
-0.1279349
-0.1048920
-0.0911620
-0.0879314
-0.0868540
-0.0771284
-0.0559866
-0.0313443
-0.0128437
-0.0004620
0.0162589
0.0465027
0.0869358
0.1242805
0.1490041
0.1641902
0.1801393
0.2028213
0.2301209
0.2578981
0.2858000
0.3158067
0.3479115
0.3804739
0.4144615
0.4539080
0.4998020
0.5450577
0.5791429
0.5988563
0.6118138
0.6265294
0.6402941
0.6404501
0.6185375
0.5802622
0.5389722
0.5004327
0.4568790
0.3968507
0.3190635
0.2348746
0.1576061
0.0914149
0.0314440
-0.0269277
-0.0816151
-0.1266174
-0.1585940
-0.1789161
-0.1908534
-0.1975708
-0.2030197
-0.2119029
-0.2262126
-0.2421143
-0.2525336
-0.2544924
-0.2533612
-0.2578394
-0.2696305
-0.2795148
-0.2761242
-0.2590660
-0.2412557
-0.2364532
-0.2451690
-0.2546632
-0.2531080
-0.2422177
-0.2346060
-0.2391409
-0.2506690
-0.2554725
-0.2462437
-0.2297824
-0.2191952
-0.2201668
-0.2268268
-0.2303686
-0.2288770
-0.2273069
-0.2296736
-0.2341035
-0.2361751
-0.2350806
-0.2341598
-0.2352889
-0.2351630
-0.2294711
-0.2201825
-0.2156632
-0.2217177
-0.2340497
-0.2422324
-0.2413260
-0.2373109
-0.2395430
-0.2489834
-0.2561305
-0.2513875
-0.2362173
-0.2223800
-0.2200206
-0.2279398
-0.2364350
-0.2383671
-0.2354627
-0.2340540
-0.2371387
-0.2420056
-0.2440779
-0.2408560
-0.2323412
-0.2200623
-0.2073469
-0.1994088
-0.2003174
-0.2081844
-0.2145389
-0.2112739
-0.1994873
-0.1898444
-0.1919222
-0.2030593
-0.2093584
-0.1985720
-0.1714453
-0.1401533
-0.1166387
-0.1032877
-0.0939366
-0.0817064
-0.0647121
-0.0455213
-0.0276957
-0.0138771
-0.0052953
-0.0005306
0.0050582
0.0157076
0.0290746
0.0351173
0.0239388
-0.0044206
-0.0392691
-0.0692317
-0.0924284
-0.1161552
-0.1471282
-0.1833723
-0.2160516
-0.2379253
-0.2484844
-0.2514069
-0.2497038
-0.2450582
-0.2400831
-0.2377043
-0.2373285
-0.2340656
-0.2241040
-0.2101279
-0.1988706
-0.1923119
-0.1828823
-0.1593138
-0.1168833
-0.0591245
0.0131209
0.1139491
0.2702477
0.5024565
0.8022985
1.1248203
1.4007296
1.5621906
1.5700645
1.4308181
1.1938792
0.9280950
0.6893641
0.5000042
0.3526970
0.2318575
0.1315341
0.0554146
0.0043820
-0.0309655
-0.0638210
-0.0994440
-0.1325267
-0.1557342
-0.1682004
-0.1748508
-0.1800056
-0.1843561
-0.1875034
-0.1904390
-0.1941530
-0.1975272
-0.1988416
-0.1991157
-0.2015986
-0.2066135
-0.2085286
-0.2005617
-0.1830442
-0.1647692
-0.1545583
-0.1525092
-0.1511130
-0.1442328
-0.1329285
-0.1225087
-0.1163773
-0.1142235
-0.1143070
-0.1144794
-0.1107441
-0.0979308
-0.0747898
-0.0481030
-0.0288255
-0.0221070
-0.0218481
-0.0167844
-0.0019150
0.0173772
0.0324782
0.0410631
0.0487448
0.0627948
0.0858178
0.1148507
0.1445518
0.1706600
0.1919819
0.2108105
0.2314303
0.2568797
0.2862701
0.3156003
0.3418358
0.3660643
0.3922061
0.4230554
0.4584720
0.4969392
0.5368477
0.5754922
0.6091838
0.6371909
0.6647858
0.6985185
0.7364965
0.7660358
0.7750001
0.7658470
0.7548017
0.7540340
0.7557129
0.7372031
0.6835532
0.6031424
0.5195774
0.4496002
0.3911543
0.3318751
0.2650421
0.1953772
0.1325819
0.0835429
0.0504436
0.0317375
0.0217167
0.0110511
-0.0077937
-0.0336320
-0.0566625
-0.0678144
-0.0682207
-0.0680627
-0.0755918
-0.0884386
-0.0965921
-0.0931422
-0.0810306
-0.0697129
-0.0664416
-0.0707729
-0.0762511
-0.0767886
-0.0721804
-0.0681850
-0.0708514
-0.0800031
-0.0883149
-0.0875111
-0.0760313
-0.0607557
-0.0512535
-0.0522721
-0.0611944
-0.0715513
-0.0781876
-0.0798956
-0.0791658
-0.0803987
-0.0867989
-0.0967795
-0.1036012
-0.1010495
-0.0908576
-0.0829724
-0.0863582
-0.0997308
-0.1131073
-0.1187859
-0.1190978
-0.1222758
-0.1320890
-0.1437010
-0.1497130
-0.1480459
-0.1425529
-0.1376168
-0.1348597
-0.1349325
-0.1390921
-0.1466440
-0.1527783
-0.1527393
-0.1488349
-0.1501174
-0.1622285
-0.1784361
-0.1839811
-0.1711075
-0.1486959
-0.1349449
-0.1398692
-0.1559422
-0.1666981
-0.1637581
-0.1541015
-0.1507802
-0.1583128
-0.1685293
-0.1699049
-0.1589708
-0.1418806
-0.1262910
-0.1138012
-0.1007616
-0.0846489
-0.0673447
-0.0518960
-0.0381887
-0.0237589
-0.0081186
0.0061979
0.0177130
0.0291410
0.0442370
0.0617255
0.0742944
0.0746286
0.0617146
0.0404702
0.0160075
-0.0102284
-0.0386841
-0.0680935
-0.0954291
-0.1189971
-0.1398147
-0.1594390
-0.1778120
-0.1941434
-0.2086303
-0.2215694
-0.2312511
-0.2349574
-0.2329826
-0.2300352
-0.2305809
-0.2327516
-0.2286207
-0.2118571
-0.1847535
-0.1563882
-0.1329569
-0.1095737
-0.0708702
0.0015792
0.1225080
0.3005726
0.5368801
0.8197664
1.1172949
1.3756407
1.5315038
1.5380446
1.3913564
1.1382238
0.8548626
0.6076376
0.4230234
0.2880743
0.1771506
0.0789477
0.0009837
-0.0471378
-0.0702124
-0.0859219
-0.1090512
-0.1398997
-0.1683479
-0.1867274
-0.1967267
-0.2049553
-0.2148547
-0.2243200
-0.2296623
-0.2296882
-0.2256799
-0.2191204
-0.2110501
-0.2034756
-0.1997256
-0.2018996
-0.2079695
-0.2126519
-0.2121696
-0.2079728
-0.2048649
-0.2050424
-0.2046196
-0.1972207
-0.1816303
-0.1651643
-0.1578114
-0.1620357
-0.1691174
-0.1671140
-0.1528623
-0.1351309
-0.1251960
-0.1249075
-0.1249422
-0.1145559
-0.0920471
-0.0655029
-0.0444543
-0.0317906
-0.0231146
-0.0121053
0.0043644
0.0250117
0.0459376
0.0634819
0.0772233
0.0915673
0.1134202
0.1462809
0.1860121
0.2235415
0.2527865
0.2758650
0.3001133
0.3301908
0.3636514
0.3943174
0.4194650
0.4431819
0.4726082
0.5110515
0.5547262
0.5958916
0.6289810
0.6539026
0.6737617
0.6895892
0.6975093
0.6914676
0.6689600
0.6337251
0.5923296
0.5482317
0.4996051
0.4427276
0.3767493
0.3052153
0.2341024
0.1690146
0.1130375
0.0652979
0.0212855
-0.0234265
-0.0676911
-0.1032709
-0.1212021
-0.1215190
-0.1159622
-0.1188714
-0.1343218
-0.1529966
-0.1625329
-0.1604332
-0.1559853
-0.1598899
-0.1731311
-0.1862207
-0.1884736
-0.1776355
-0.1613916
-0.1505880
-0.1507019
-0.1583501
-0.1648768
-0.1636748
-0.1554308
-0.1472244
-0.1462095
-0.1531582
-0.1615596
-0.1632339
-0.1555019
-0.1435518
-0.1360582
-0.1379295
-0.1462077
-0.1525555
-0.1506860
-0.1426907
-0.1380023
-0.1445842
-0.1600650
-0.1723111
-0.1703293
-0.1552130
-0.1397408
-0.1366464
-0.1474254
-0.1626604
-0.1723311
-0.1746306
-0.1750420
-0.1788198
-0.1859176
-0.1924226
-0.1947877
-0.1920516
-0.1856510
-0.1787308
-0.1750283
-0.1765407
-0.1816630
-0.1867046
-0.1900339
-0.1939182
-0.2010277
-0.2093340
-0.2121754
-0.2048222
-0.1907965
-0.1803288
-0.1814610
-0.1925163
-0.2036428
-0.2059557
-0.1994017
-0.1921626
-0.1926507
-0.2016355
-0.2114519
-0.2127992
-0.2029296
-0.1877307
-0.1758332
-0.1705043
-0.1671204
-0.1582178
-0.1406976
-0.1183768
-0.0982354
-0.0842927
-0.0741755
-0.0607905
-0.0381013
-0.0072710
0.0219106
0.0372085
0.0341261
0.0206825
0.0102634
0.0079597
0.0047065
-0.0130109
-0.0474578
-0.0857058
-0.1126700
-0.1266782
-0.1400110
-0.1643962
-0.1983968
-0.2300392
-0.2497101
-0.2580467
-0.2619357
-0.2660373
-0.2698754
-0.2711145
-0.2684935
-0.2612621
-0.2484363
-0.2305671
-0.2110869
-0.1936075
-0.1775025
-0.1574546
-0.1274490
-0.0829754
-0.0170771
0.0851210
0.2441342
0.4730176
0.7611542
1.0672046
1.3282221
1.4819820
1.4918914
1.3620185
1.1342587
0.8689555
0.6199173
0.4178489
0.2692068
0.1657762
0.0945141
0.0419994
-0.0038628
-0.0505473
-0.0973538
-0.1369446
-0.1631368
-0.1782645
-0.1920317
-0.2119638
-0.2350220
-0.2498170
-0.2481173
-0.2340447
-0.2210840
-0.2196614
-0.2280287
-0.2355423
-0.2342624
-0.2265399
-0.2213245
-0.2239864
-0.2305248
-0.2316804
-0.2222985
-0.2066491
-0.1948611
-0.1939297
-0.2013524
-0.2070929
-0.2025500
-0.1888241
-0.1761938
-0.1740822
-0.1805659
-0.1826160
-0.1683874
-0.1397877
-0.1118834
-0.0988496
-0.1005888
-0.1037647
-0.0958620
-0.0773688
-0.0596960
-0.0517734
-0.0498164
-0.0407999
-0.0156926
0.0212221
0.0561866
0.0789144
0.0918240
0.1066972
0.1323856
0.1660654
0.1970024
0.2188925
0.2375295
0.2650988
0.3067839
0.3542130
0.3933330
0.4186475
0.4385529
0.4659045
0.5038934
0.5425270
0.5697100
0.5850767
0.6013185
0.6307601
0.6708033
0.7036031
0.7108000
0.6885600
0.6481044
0.6023359
0.5534585
0.4943985
0.4210772
0.3408433
0.2674824
0.2087457
0.1603292
0.1122235
0.0596456
0.0070615
-0.0373442
-0.0695844
-0.0924541
-0.1118200
-0.1311095
-0.1485848
-0.1591144
-0.1592193
-0.1517156
-0.1453899
-0.1483718
-0.1603516
-0.1719058
-0.1732976
-0.1646591
-0.1564221
-0.1585380
-0.1696180
-0.1779285
-0.1734941
-0.1584614
-0.1448562
-0.1423655
-0.1489602
-0.1537990
-0.1492133
-0.1395210
-0.1374180
-0.1507938
-0.1727754
-0.1858287
-0.1775377
-0.1532795
-0.1324994
-0.1310038
-0.1464501
-0.1618057
-0.1631333
-0.1530079
-0.1460125
-0.1524701
-0.1684965
-0.1817328
-0.1842907
-0.1785300
-0.1720217
-0.1701212
-0.1739217
-0.1822009
-0.1922482
-0.1996351
-0.2008443
-0.1979444
-0.1984767
-0.2075645
-0.2201405
-0.2240049
-0.2126463
-0.1938152
-0.1830735
-0.1886312
-0.2040885
-0.2164021
-0.2190904
-0.2162902
-0.2155400
-0.2195177
-0.2252384
-0.2285834
-0.2273154
-0.2208451
-0.2101346
-0.1988420
-0.1924272
-0.1938353
-0.2001943
-0.2051560
-0.2045148
-0.1984099
-0.1884131
-0.1749433
-0.1589904
-0.1442539
-0.1340859
-0.1258738
-0.1116620
-0.0869938
-0.0578774
-0.0358230
-0.0254224
-0.0196056
-0.0091951
0.0047196
0.0112401
0.0025578
-0.0170249
-0.0372268
-0.0547805
-0.0764039
-0.1082551
-0.1459154
-0.1779200
-0.1982857
-0.2124466
-0.2299289
-0.2533805
-0.2766315
-0.2922483
-0.2984466
-0.2985234
-0.2962318
-0.2935918
-0.2916510
-0.2902942
-0.2865636
-0.2753918
-0.2540174
-0.2251055
-0.1937202
-0.1607525
-0.1198772
-0.0600199
0.0318468
0.1708666
0.3720180
0.6385093
0.9456484
1.2366808
1.4416852
1.5101793
1.4340427
1.2455616
0.9967835
0.7381591
0.5073081
0.3255619
0.1968382
0.1095726
0.0448917
-0.0120616
-0.0661041
-0.1150228
-0.1558543
-0.1869373
-0.2061469
-0.2116149
-0.2064903
-0.2009179
-0.2055199
-0.2215206
-0.2389987
-0.2467093
-0.2433031
-0.2375930
-0.2380167
-0.2435707
-0.2459321
-0.2392049
-0.2260000
-0.2142798
-0.2098935
-0.2125522
-0.2172834
-0.2181521
-0.2115534
-0.1986589
-0.1858571
-0.1808321
-0.1853368
-0.1913317
-0.1864573
-0.1655656
-0.1369872
-0.1160402
-0.1113179
-0.1172563
-0.1201901
-0.1113904
-0.0941217
-0.0786193
-0.0709511
-0.0668619
-0.0560685
-0.0324600
-0.0004015
0.0289812
0.0483183
0.0612380
0.0787171
0.1075454
0.1426458
0.1719498
0.1894929
0.2029564
0.2270639
0.2691435
0.3215659
0.3684903
0.3997116
0.4182014
0.4355481
0.4613452
