-0.1569836
-0.2197150
-0.2812460
-0.2882128
-0.2299501
-0.1450239
-0.0802592
-0.0481135
-0.0248103
0.0156789
0.0726381
0.1235852
0.1522848
0.1670380
0.1919367
0.2435569
0.3171611
0.3927345
0.4512418
0.4853662
0.4983915
0.4969299
0.4864666
0.4726858
0.4638338
0.4676285
0.4824974
0.4916371
0.4695705
0.4001488
0.2915487
0.1735250
0.0781083
0.0207338
-0.0032401
-0.0084922
-0.0095417
-0.0180241
-0.0424791
-0.0839839
-0.1315053
-0.1669996
-0.1804176
-0.1799989
-0.1846906
-0.2050596
-0.2332817
-0.2525335
-0.2534669
-0.2390679
-0.2160910
-0.1878172
-0.1577152
-0.1357864
-0.1344499
-0.1556036
-0.1847602
-0.2019194
-0.1987634
-0.1831768
-0.1667964
-0.1515605
-0.1316019
-0.1069140
-0.0903988
-0.0982178
-0.1333314
-0.1795987
-0.2123242
-0.2154576
-0.1910840
-0.1547043
-0.1215115
-0.0954163
-0.0695723
-0.0370122
-0.0009901
0.0254260
0.0313921
0.0211503
0.0138315
0.0273279
0.0605660
0.0935718
0.1080244
0.1076038
0.1144049
0.1420218
0.1729262
0.1670747
0.0980237
-0.0176190
-0.1288338
-0.1915263
-0.2028607
-0.1954214
-0.2006126
-0.2219691
-0.2434456
-0.2558017
-0.2670026
-0.2874923
-0.3130513
-0.3274188
-0.3193567
-0.2923189
-0.2583677
-0.2291210
-0.2148487
-0.2231765
-0.2451349
-0.2403489
-0.1503766
0.0555169
0.3421450
0.6218796
0.8127564
0.8859870
0.8618296
0.7712111
0.6316043
0.4566252
0.2729070
0.1134968
-0.0059791
-0.0966546
-0.1788369
-0.2604090
-0.3363277
-0.4023167
-0.4575308
-0.4929550
-0.4898737
-0.4412271
-0.3719340
-0.3268708
-0.3326336
-0.3737021
-0.4095773
-0.4140314
-0.3956735
-0.3832683
-0.3970053
-0.4351568
-0.4816800
-0.5188429
-0.5336542
-0.5221962
-0.4949461
-0.4733436
-0.4711848
-0.4768817
-0.4609731
-0.4073962
-0.3358223
-0.2878078
-0.2887509
-0.3250787
-0.3599905
-0.3698683
-0.3623880
-0.3587561
-0.3624607
-0.3510190
-0.2998115
-0.2104333
-0.1123459
-0.0374931
0.0048616
0.0299307
0.0580398
0.0945192
0.1265364
0.1377570
0.1261100
0.1080239
0.1055076
0.1280958
0.1656397
0.1980695
0.2137092
0.2192266
0.2298380
0.2478015
0.2534356
0.2230051
0.1561180
0.0795383
0.0195744
-0.0260831
-0.0833446
-0.1687243
-0.2671726
-0.3468559
-0.3931730
-0.4216744
-0.4555340
-0.4967886
-0.5273998
-0.5364019
-0.5345922
-0.5362206
-0.5346518
-0.5097415
-0.4614199
-0.4245911
-0.4392745
-0.5048513
-0.5704834
-0.5771599
-0.5119404
-0.4213584
-0.3716293
-0.3942699
-0.4650877
-0.5279021
-0.5355070
-0.4762108
-0.3756126
-0.2797462
-0.2295035
-0.2389482
-0.2913249
-0.3553038
-0.4063205
-0.4348542
-0.4396545
-0.4193543
-0.3736598
-0.3110028
-0.2505289
-0.2120488
-0.2017324
-0.2077226
-0.2099149
-0.1936297
-0.1560198
-0.1050517
-0.0556490
-0.0225083
-0.0096907
-0.0064285
0.0022483
0.0190381
0.0317433
0.0289575
0.0150934
0.0053518
0.0054462
0.0005177
-0.0309468
-0.0910213
-0.1537919
-0.1872470
-0.1838907
-0.1669573
-0.1666959
-0.1940307
-0.2370273
-0.2764197
-0.2998526
-0.3050812
-0.2972151
-0.2853354
-0.2777144
-0.2755604
-0.2701706
-0.2482624
-0.2030301
-0.1405194
-0.0721066
0.0021773
0.1011113
0.2482710
0.4472419
0.6693788
0.8645377
0.9845153
1.0030439
0.9235016
0.7730745
0.5878113
0.3983517
0.2247877
0.0793403
-0.0310915
-0.1060585
-0.1527781
-0.1834989
-0.2092010
-0.2332358
-0.2502924
-0.2535428
-0.2442827
-0.2332827
-0.2315129
-0.2408004
-0.2544059
-0.2650511
-0.2713366
-0.2779553
-0.2904217
-0.3073957
-0.3171587
-0.3048652
-0.2669384
-0.2182759
-0.1830128
-0.1763548
-0.1936001
-0.2150789
-0.2221955
-0.2111252
-0.1925269
-0.1783969
-0.1702954
-0.1605095
-0.1414033
-0.1106064
-0.0698984
-0.0247812
0.0145042
0.0374004
0.0429832
0.0446003
0.0612749
0.1018141
0.1560413
0.2028372
0.2302336
0.2490062
0.2833488
0.3449297
0.4174546
0.4699640
0.4858505
0.4780540
0.4766675
0.5022852
0.5495885
0.5951061
0.6212656
0.6326517
0.6468857
0.6698437
0.6834925
0.6604705
0.5896255
0.4870471
0.3844993
0.3073398
0.2592473
0.2237146
0.1796438
0.1177167
0.0450461
-0.0221383
-0.0691908
-0.0912065
-0.0964723
-0.1016200
-0.1185789
-0.1445660
-0.1670158
-0.1783522
-0.1829283
-0.1888693
-0.1964674
-0.1976974
-0.1874566
-0.1735491
-0.1721784
-0.1902353
-0.2132874
-0.2170071
-0.1934130
-0.1615649
-0.1478629
-0.1580442
-0.1730832
-0.1718057
-0.1532345
-0.1355752
-0.1356170
-0.1509863
-0.1629757
-0.1563844
-0.1350307
-0.1165611
-0.1139035
-0.1243999
-0.1351143
-0.1342177
-0.1177301
-0.0905796
-0.0628247
-0.0408959
-0.0207114
0.0070981
0.0431033
0.0736873
0.0837966
0.0750258
0.0682534
0.0854439
0.1270077
0.1682205
0.1816489
0.1642227
0.1385728
0.1257980
0.1215264
0.1031948
0.0576184
-0.0043271
-0.0592058
-0.0920297
-0.1060598
-0.1168458
-0.1386686
-0.1739965
-0.2129611
-0.2420199
-0.2539678
-0.2522025
-0.2475199
-0.2489770
-0.2542617
-0.2500099
-0.2260733
-0.1890301
-0.1555625
-0.1301048
-0.0932086
-0.0143514
0.1266201
0.3301313
0.5794080
0.8425238
1.0720882
1.2130796
1.2247579
1.1057480
0.9001668
0.6728059
0.4702749
0.3027700
0.1605707
0.0406366
-0.0484514
-0.1022577
-0.1306589
-0.1496890
-0.1683725
-0.1861395
-0.2000705
-0.2115956
-0.2258385
-0.2451096
-0.2646311
-0.2770968
-0.2812890
-0.2828744
-0.2858852
-0.2871814
-0.2812904
-0.2676525
-0.2511612
-0.2381835
-0.2331054
-0.2349793
-0.2355359
-0.2243425
-0.1993508
-0.1705234
-0.1505157
-0.1424700
-0.1376879
-0.1241969
-0.0980426
-0.0681733
-0.0493262
-0.0470044
-0.0495584
-0.0377344
-0.0020368
0.0505702
0.1045272
0.1470217
0.1747433
0.1954964
0.2230597
0.2653571
0.3160201
0.3600081
0.3882500
0.4058376
0.4271240
0.4640258
0.5165010
0.5716383
0.6137344
0.6379618
0.6534048
0.6716388
0.6939851
0.7100915
0.7056968
0.6715216
0.6100348
0.5368373
0.4717122
0.4241718
0.3883471
0.3525074
0.3107585
0.2647355
0.2178581
0.1706500
0.1203159
0.0644438
0.0069301
-0.0407977
-0.0683511
-0.0768515
-0.0783227
-0.0846698
-0.0989423
-0.1152655
-0.1237513
-0.1175986
-0.1006920
-0.0881834
-0.0949906
-0.1219822
-0.1544929
-0.1734105
-0.1672375
-0.1379516
-0.0999464
-0.0712978
-0.0609711
-0.0634301
-0.0665674
-0.0633433
-0.0554046
-0.0494879
-0.0526516
-0.0671775
-0.0869017
-0.1015484
-0.1078768
-0.1141790
-0.1305655
-0.1554947
-0.1729955
-0.1628498
-0.1161607
-0.0458520
0.0185933
0.0528595
0.0573534
0.0535583
0.0620273
0.0876378
0.1241134
0.1646462
0.2045575
0.2383055
0.2587745
0.2603069
0.2428608
0.2134988
0.1809161
0.1459661
0.1005232
0.0394352
-0.0287328
-0.0868264
-0.1236274
-0.1412183
-0.1514990
-0.1686627
-0.2004288
-0.2402656
-0.2696671
-0.2737687
-0.2561021
-0.2362830
-0.2328405
-0.2467405
-0.2577171
-0.2370057
-0.1701363
-0.0703667
0.0354568
0.1390541
0.2663541
0.4560873
0.7187905
1.0113090
1.2476979
1.3425297
1.2608503
1.0389130
0.7580254
0.4943442
0.2868187
0.1397148
0.0410136
-0.0248518
-0.0727545
-0.1153913
-0.1616192
-0.2131137
-0.2612399
-0.2916642
-0.2976851
-0.2882559
-0.2795159
-0.2799840
-0.2865735
-0.2917063
-0.2902849
-0.2826432
-0.2750052
-0.2746576
-0.2807813
-0.2825054
-0.2700183
-0.2461061
-0.2240671
-0.2156739
-0.2218433
-0.2317207
-0.2301819
-0.2109806
-0.1843848
-0.1676242
-0.1663100
-0.1696080
-0.1645407
-0.1493848
-0.1309246
-0.1138835
-0.0964169
-0.0731295
-0.0408272
-0.0032270
0.0309419
0.0580331
0.0862694
0.1276539
0.1835983
0.2427068
0.2919220
0.3261581
0.3489671
0.3684314
0.3910231
0.4155406
0.4350947
0.4486149
0.4667537
0.5008218
0.5477214
0.5903807
0.6115539
0.6042301
0.5718981
0.5233623
0.4660185
0.4015006
0.3292648
0.2544822
0.1878031
0.1359289
0.0970921
0.0667844
0.0418396
0.0170913
-0.0147204
-0.0550171
-0.0956956
-0.1272639
-0.1482422
-0.1648420
-0.1837188
-0.2050185
-0.2198999
-0.2170575
-0.1964899
-0.1745613
-0.1688995
-0.1791645
-0.1890886
-0.1871144
-0.1788365
-0.1785875
-0.1933817
-0.2150798
-0.2250977
-0.2089275
-0.1703503
-0.1297364
-0.1051278
-0.0976983
-0.0982403
-0.1022714
-0.1129695
-0.1329576
-0.1591265
-0.1837717
-0.1972583
-0.1924743
-0.1703314
-0.1389865
-0.1063065
-0.0761217
-0.0511119
-0.0325558
-0.0157974
0.0068269
0.0356743
0.0627234
0.0837596
0.1055603
0.1369690
0.1764537
0.2107931
0.2237150
0.2069161
0.1672701
0.1221870
0.0826967
0.0426200
-0.0095698
-0.0698682
-0.1172170
-0.1339173
-0.1232842
-0.1074246
-0.1101683
-0.1384439
-0.1755385
-0.1960615
-0.1926382
-0.1843177
-0.1935876
-0.2192287
-0.2377339
-0.2280634
-0.1893874
-0.1372944
-0.0869727
-0.0363601
0.0391788
0.1724272
0.3783503
0.6389082
0.9083186
1.1276187
1.2407097
1.2156217
1.0634429
0.8339884
0.5866988
0.3635175
0.1833177
0.0494834
-0.0433934
-0.1048995
-0.1451981
-0.1745752
-0.2018823
-0.2275524
-0.2415875
-0.2367828
-0.2228091
-0.2194125
-0.2359267
-0.2638192
-0.2880261
-0.2988833
-0.2944520
-0.2787847
-0.2589680
-0.2398185
-0.2219115
-0.2063299
-0.1969314
-0.1949067
-0.1965068
-0.1996261
-0.2060765
-0.2131294
-0.2106619
-0.1933474
-0.1694023
-0.1501717
-0.1356026
-0.1162535
-0.0863889
-0.0504898
-0.0193413
-0.0015574
0.0049137
0.0136558
0.0372479
0.0736377
0.1101667
0.1396294
0.1653134
0.1921860
0.2224670
0.2592808
0.3044798
0.3514312
0.3888256
0.4136864
0.4336913
0.4556773
0.4782205
0.4960733
0.5065050
0.5113355
0.5164101
0.5265877
0.5372690
0.5345822
0.5080714
0.4590011
0.3938301
0.3179621
0.2410173
0.1778517
0.1338992
0.0953202
0.0435680
-0.0229163
-0.0879706
-0.1353899
-0.1623038
-0.1784182
-0.1960289
-0.2182088
-0.2360316
-0.2416902
-0.2426563
-0.2546061
-0.2804842
-0.3057862
-0.3154698
-0.3067356
-0.2851107
-0.2586693
-0.2381651
-0.2325827
-0.2401805
-0.2499905
-0.2538351
-0.2520310
-0.2488296
-0.2486178
-0.2543218
-0.2625818
-0.2632933
-0.2512850
-0.2356146
-0.2303022
-0.2389916
-0.2547746
-0.2703064
-0.2813720
-0.2858455
-0.2865316
-0.2902563
-0.2974958
-0.2978920
-0.2821156
-0.2532771
-0.2220483
-0.1965698
-0.1808122
-0.1747361
-0.1710290
-0.1594004
-0.1392857
-0.1215676
-0.1138855
-0.1111480
-0.1034998
-0.0867972
-0.0638995
-0.0438331
-0.0409428
-0.0660691
-0.1162266
-0.1788628
-0.2445828
-0.3081832
-0.3616215
-0.3983538
-0.4235775
-0.4482842
-0.4724225
-0.4838313
-0.4747719
-0.4519855
-0.4306421
-0.4235493
-0.4327115
-0.4456029
-0.4446633
-0.4263591
-0.4041974
-0.3860853
-0.3560094
-0.2854672
-0.1558737
0.0357606
0.2806077
0.5533303
0.8080012
0.9904412
1.0585378
0.9955302
0.8168147
0.5695882
0.3151545
0.1007193
-0.0538177
-0.1488699
-0.1986260
-0.2297320
-0.2681472
-0.3184376
-0.3639056
-0.3899603
-0.3991133
-0.4030153
-0.4104621
-0.4242392
-0.4398039
-0.4463571
-0.4378925
-0.4224449
-0.4126731
-0.4104489
-0.4089877
-0.4051902
-0.4002907
-0.3938049
-0.3870950
-0.3870600
-0.3952002
-0.3981453
-0.3800541
-0.3411510
-0.2964139
-0.2610647
-0.2431648
-0.2420270
-0.2460412
-0.2396432
-0.2195945
-0.1975657
-0.1824479
-0.1693071
-0.1491344
-0.1179989
-0.0731286
-0.0140097
0.0464730
0.0855911
0.0944239
0.0895477
0.0957325
0.1239959
0.1679938
0.2130233
0.2480080
0.2770439
0.3167845
0.3730173
0.4255828
0.4502006
0.4505215
0.4528752
0.4717649
0.4955393
0.5046311
0.4901987
0.4559128
0.4134229
0.3751437
0.3426137
0.3047941
0.2538096
0.1950435
0.1354089
0.0727008
0.0058049
-0.0555580
-0.1017715
-0.1345881
-0.1589159
-0.1737388
-0.1789401
-0.1797187
-0.1766756
-0.1634694
-0.1416021
-0.1252413
-0.1238771
-0.1311552
-0.1365007
-0.1368522
-0.1329392
-0.1250816
-0.1153216
-0.1037528
-0.0845247
-0.0582076
-0.0439462
-0.0617651
-0.1038374
-0.1403092
-0.1537473
-0.1529525
-0.1541853
-0.1635730
-0.1762843
-0.1794366
-0.1587991
-0.1154196
-0.0716965
-0.0498575
-0.0501583
-0.0591634
-0.0686569
-0.0748019
-0.0708713
-0.0551815
-0.0364527
-0.0190713
0.0064756
0.0474839
0.0948085
0.1350021
0.1651513
0.1874543
0.2022797
0.2141112
0.2300226
0.2451959
0.2447577
0.2261957
0.2048339
0.1917956
0.1814567
0.1642157
0.1365446
0.0971628
0.0496557
0.0087216
-0.0136847
-0.0274293
-0.0517077
-0.0860215
-0.1122792
-0.1224873
-0.1246674
-0.1241631
-0.1186007
-0.1095878
-0.1025097
-0.0970646
-0.0905227
-0.0829115
-0.0662940
-0.0193452
0.0743371
0.2141403
0.3980089
0.6288798
0.8866859
1.1113726
1.2365527
1.2338095
1.1162356
0.9178468
0.6840358
0.4629693
0.2850399
0.1550529
0.0674039
0.0138228
-0.0241347
-0.0660344
-0.1090345
-0.1338726
-0.1380831
-0.1412052
-0.1545243
-0.1695705
-0.1794563
-0.1878298
-0.1942522
-0.1934507
-0.1899265
-0.1917351
-0.1918399
-0.1775789
-0.1547716
-0.1407963
-0.1394443
-0.1429610
-0.1493171
-0.1557837
-0.1474889
-0.1163674
-0.0805984
-0.0630187
-0.0616636
-0.0607170
-0.0555566
-0.0484232
-0.0367836
-0.0239789
-0.0219895
-0.0267515
-0.0127841
0.0305688
0.0804167
0.1135898
0.1346555
0.1565857
0.1792968
0.2015298
0.2288367
0.2577469
0.2766114
0.2899684
0.3158157
0.3543886
0.3882988
0.4153803
0.4501419
0.4920718
0.5248486
0.5460573
0.5652669
0.5766488
0.5676046
0.5487891
0.5399376
0.5314986
0.4946275
0.4230895
0.3354494
0.2476891
0.1725597
0.1277221
0.1121347
0.0931911
0.0484930
-0.0004953
-0.0248118
-0.0317044
-0.0429956
-0.0589853
-0.0733945
-0.0937459
-0.1184176
-0.1250586
-0.1080252
-0.0945995
-0.1019871
-0.1138936
-0.1174389
-0.1225895
-0.1296223
-0.1226831
-0.1099153
-0.1212394
-0.1526530
-0.1632768
-0.1405764
-0.1186959
-0.1226730
-0.1432816
-0.1697670
-0.1962980
-0.1991514
-0.1623620
-0.1195202
-0.1146669
-0.1342187
-0.1349450
-0.1196290
-0.1219376
-0.1382744
-0.1401038
-0.1307233
-0.1266940
-0.1117888
-0.0716170
-0.0387257
-0.0413071
-0.0482291
-0.0252482
0.0032549
0.0078790
0.0117537
0.0353445
0.0488594
0.0374511
0.0398825
0.0654331
0.0559760
-0.0119256
-0.0784058
-0.1083010
-0.1469666
-0.2163412
-0.2667234
-0.2820667
-0.3123253
-0.3565913
-0.3486373
-0.2981419
-0.2961745
-0.3458916
-0.3549342
-0.3222883
-0.3406623
-0.3914737
-0.3587316
-0.2673021
-0.2536376
-0.2802914
-0.1769189
0.0116221
0.0785115
0.1035463
0.4023529
0.8882089
0.9787003
0.4185230
