0.1649806
0.1529626
0.1360148
0.1095342
0.0781025
0.0497622
0.0273938
0.0069002
-0.0166007
-0.0421681
-0.0633577
-0.0747831
-0.0776503
-0.0785196
-0.0828081
-0.0897457
-0.0937850
-0.0910253
-0.0842661
-0.0813506
-0.0876961
-0.0999609
-0.1077541
-0.1030541
-0.0887368
-0.0770774
-0.0784248
-0.0907813
-0.1011992
-0.0982546
-0.0831363
-0.0679498
-0.0631083
-0.0670751
-0.0689399
-0.0604816
-0.0445810
-0.0314418
-0.0275214
-0.0295223
-0.0295210
-0.0247455
-0.0206083
-0.0236099
-0.0325860
-0.0389832
-0.0364410
-0.0285697
-0.0252499
-0.0313851
-0.0417494
-0.0484139
-0.0509067
-0.0549366
-0.0609458
-0.0600668
-0.0481796
-0.0427994
-0.0754419
-0.1560051
-0.2431020
-0.2584805
-0.1412765
0.1070583
0.4295261
0.7592221
1.0505201
1.2660011
1.3495835
1.2386356
0.9206585
0.4771279
0.0559050
-0.2174160
-0.3138855
-0.2973077
-0.2538666
-0.2260533
-0.2054201
-0.1726918
-0.1318454
-0.1048720
-0.1033979
-0.1149065
-0.1179149
-0.1058267
-0.0924261
-0.0952573
-0.1166315
-0.1414512
-0.1516131
-0.1413809
-0.1203308
-0.1036853
-0.0997528
-0.1043763
-0.1059586
-0.0969521
-0.0823590
-0.0767180
-0.0903247
-0.1169779
-0.1369263
-0.1346905
-0.1144585
-0.0956252
-0.0915201
-0.0943731
-0.0846477
-0.0554717
-0.0237364
-0.0130045
-0.0263457
-0.0409136
-0.0322259
-0.0011691
0.0276661
0.0349276
0.0292212
0.0369684
0.0712906
0.1166899
0.1476812
0.1590643
0.1713602
0.2043100
0.2494616
0.2744235
0.2547006
0.1976321
0.1330003
0.0829921
0.0454362
0.0058680
-0.0398217
-0.0798734
-0.1026720
-0.1125605
-0.1255070
-0.1500767
-0.1767340
-0.1882881
-0.1797561
-0.1656007
-0.1664672
-0.1892105
-0.2201863
-0.2377522
-0.2312425
-0.2086145
-0.1870524
-0.1771406
-0.1758956
-0.1735184
-0.1647915
-0.1528491
-0.1428644
-0.1346048
-0.1232778
-0.1075117
-0.0940594
-0.0920770
-0.1024466
-0.1147856
-0.1170930
-0.1083885
-0.1001797
-0.1042080
-0.1191914
-0.1311234
-0.1275824
-0.1112884
-0.0982025
-0.1014259
-0.1176468
-0.1309882
-0.1307055
-0.1235200
-0.1262228
-0.1456165
-0.1679122
-0.1708529
-0.1472241
-0.1145457
-0.0991128
-0.1101456
-0.1314348
-0.1394208
-0.1277212
-0.1113841
-0.1075126
-0.1154541
-0.1189684
-0.1065165
-0.0853313
-0.0734205
-0.0797346
-0.0954789
-0.1052896
-0.1039242
-0.0993525
-0.1006648
-0.1067764
-0.1090386
-0.1029664
-0.0939924
-0.0908057
-0.0952433
-0.1011124
-0.1028351
-0.1028779
-0.1084409
-0.1208837
-0.1308741
-0.1266425
-0.1071981
-0.0848051
-0.0722144
-0.0690047
-0.0647512
-0.0570221
-0.0607138
-0.0906260
-0.1311344
-0.1294255
-0.0294963
0.1820238
0.4663068
0.7693335
1.0601339
1.3210143
1.5018188
1.5062924
1.2537978
0.7707338
0.2139086
-0.2174398
-0.4129652
-0.4095521
-0.3302937
-0.2721753
-0.2490440
-0.2256967
-0.1841204
-0.1454284
-0.1363333
-0.1525813
-0.1646350
-0.1536050
-0.1312655
-0.1223978
-0.1342158
-0.1497320
-0.1499160
-0.1354611
-0.1226291
-0.1209469
-0.1215345
-0.1096443
-0.0845582
-0.0619152
-0.0560988
-0.0645512
-0.0726201
-0.0720622
-0.0701289
-0.0784051
-0.0958083
-0.1074830
-0.1017263
-0.0845004
-0.0734423
-0.0779847
-0.0890602
-0.0903780
-0.0776741
-0.0633764
-0.0616183
-0.0711450
-0.0755480
-0.0604352
-0.0285763
0.0030976
0.0207315
0.0263690
0.0336870
0.0527760
0.0807451
0.1070215
0.1259045
0.1419577
0.1625414
0.1861775
0.2003052
0.1920901
0.1614491
0.1221627
0.0893184
0.0662413
0.0446935
0.0174404
-0.0113536
-0.0298513
-0.0324659
-0.0282587
-0.0334112
-0.0546652
-0.0814495
-0.0961718
-0.0926517
-0.0830454
-0.0852970
-0.1040734
-0.1255162
-0.1316281
-0.1191282
-0.1026601
-0.0989429
-0.1091674
-0.1189098
-0.1152218
-0.1010748
-0.0906084
-0.0912235
-0.0939629
-0.0836723
-0.0571599
-0.0283882
-0.0147914
-0.0200733
-0.0321034
-0.0370443
-0.0332050
-0.0299915
-0.0351549
-0.0458782
-0.0528325
-0.0508629
-0.0440477
-0.0410519
-0.0469826
-0.0595037
-0.0714181
-0.0767806
-0.0759269
-0.0755395
-0.0828021
-0.0977184
-0.1110380
-0.1117119
-0.0982334
-0.0820726
-0.0776731
-0.0880923
-0.1019865
-0.1061312
-0.0995546
-0.0928188
-0.0936528
-0.0968599
-0.0910230
-0.0734894
-0.0547948
-0.0468896
-0.0496435
-0.0521717
-0.0471353
-0.0401276
-0.0424777
-0.0565339
-0.0717617
-0.0762916
-0.0696153
-0.0617353
-0.0613362
-0.0676189
-0.0736090
-0.0745484
-0.0715945
-0.0693786
-0.0724699
-0.0833827
-0.1005809
-0.1168229
-0.1220844
-0.1120377
-0.0941847
-0.0824090
-0.0830597
-0.0880657
-0.0847598
-0.0718888
-0.0619680
-0.0658814
-0.0781124
-0.0813576
-0.0660410
-0.0419672
-0.0283843
-0.0338404
-0.0484525
-0.0562474
-0.0525637
-0.0472105
-0.0515183
-0.0651097
-0.0765775
-0.0757272
-0.0636772
-0.0514692
-0.0498985
-0.0602243
-0.0734390
-0.0786029
-0.0732812
-0.0663994
-0.0697450
-0.0854872
-0.1023967
-0.1056411
-0.0910266
-0.0693112
-0.0561028
-0.0577900
-0.0678224
-0.0760642
-0.0798146
-0.0843538
-0.0937416
-0.1033994
-0.1028339
-0.0852743
-0.0547023
-0.0243650
-0.0081034
-0.0105966
-0.0236875
-0.0327623
-0.0293843
-0.0190488
-0.0149606
-0.0219520
-0.0273758
-0.0123665
0.0240523
0.0540272
0.0414697
-0.0198819
-0.0892377
-0.1050890
-0.0328651
0.1140399
0.3010788
0.5143958
0.7645530
1.0407517
1.2666589
1.3207865
1.1231862
0.7149190
0.2501814
-0.1018268
-0.2630459
-0.2730358
-0.2262042
-0.1890712
-0.1697922
-0.1479833
-0.1161461
-0.0884290
-0.0793540
-0.0861599
-0.0947299
-0.0966737
-0.0951137
-0.0954664
-0.0961580
-0.0905677
-0.0754577
-0.0549661
-0.0370389
-0.0274372
-0.0264463
-0.0295091
-0.0309399
-0.0287007
-0.0264335
-0.0297028
-0.0389166
-0.0465588
-0.0435108
-0.0291089
-0.0134622
-0.0077794
-0.0126139
-0.0176806
-0.0137711
-0.0026774
0.0063460
0.0084049
0.0085367
0.0153456
0.0313599
0.0510108
0.0669803
0.0769668
0.0844781
0.0945567
0.1093812
0.1269174
0.1425668
0.1527601
0.1590486
0.1692855
0.1922928
0.2284063
0.2655699
0.2878004
0.2891803
0.2780314
0.2656093
0.2518051
0.2247586
0.1756798
0.1125249
0.0568244
0.0260228
0.0190827
0.0193769
0.0107924
-0.0095298
-0.0326994
-0.0491751
-0.0571306
-0.0617184
-0.0686205
-0.0787193
-0.0878312
-0.0909904
-0.0873512
-0.0811174
-0.0775940
-0.0786642
-0.0824350
-0.0864804
-0.0900127
-0.0927071
-0.0929216
-0.0886235
-0.0800801
-0.0704465
-0.0629008
-0.0576841
-0.0527558
-0.0468306
-0.0402897
-0.0333177
-0.0259406
-0.0217234
-0.0285666
-0.0506588
-0.0785688
-0.0922222
-0.0790105
-0.0489694
-0.0279090
-0.0327634
-0.0548349
-0.0696396
-0.0631502
-0.0459231
-0.0400821
-0.0543843
-0.0751724
-0.0820077
-0.0691621
-0.0497637
-0.0407734
-0.0470720
-0.0603014
-0.0701665
-0.0744195
-0.0782629
-0.0860169
-0.0947942
-0.0966174
-0.0864801
-0.0681759
-0.0522871
-0.0481609
-0.0566582
-0.0695096
-0.0760429
-0.0721874
-0.0638714
-0.0609599
-0.0670643
-0.0756836
-0.0771509
-0.0693303
-0.0607011
-0.0621853
-0.0756525
-0.0908975
-0.0950584
-0.0856935
-0.0737153
-0.0720017
-0.0812275
-0.0886578
-0.0819834
-0.0633917
-0.0482346
-0.0491805
-0.0626334
-0.0722989
-0.0666173
-0.0513327
-0.0430943
-0.0509312
-0.0663347
-0.0727737
-0.0632575
-0.0466015
-0.0374604
-0.0427449
-0.0578015
-0.0728648
-0.0810955
-0.0818345
-0.0792965
-0.0792347
-0.0847453
-0.0927455
-0.0948873
-0.0847984
-0.0659976
-0.0508822
-0.0495723
-0.0602169
-0.0718510
-0.0755554
-0.0701835
-0.0588175
-0.0458877
-0.0404869
-0.0556457
-0.0936833
-0.1293992
-0.1156961
-0.0155425
0.1694949
0.4054435
0.6579277
0.9066767
1.1202720
1.2271566
1.1392524
0.8282411
0.3809465
-0.0365541
-0.2873307
-0.3479798
-0.2958868
-0.2246143
-0.1760184
-0.1428140
-0.1130354
-0.0939163
-0.0949125
-0.1051875
-0.1014836
-0.0759550
-0.0458258
-0.0321133
-0.0354510
-0.0388785
-0.0313335
-0.0207593
-0.0217079
-0.0347876
-0.0436136
-0.0325045
-0.0041417
0.0224268
0.0306025
0.0214474
0.0104428
0.0112654
0.0238968
0.0370801
0.0400867
0.0321060
0.0222366
0.0214385
0.0334347
0.0520224
0.0670218
0.0735046
0.0759229
0.0834840
0.1008819
0.1226074
0.1367686
0.1366633
0.1299101
0.1344171
0.1622126
0.2062355
0.2447955
0.2611479
0.2593330
0.2601276
0.2804621
0.3163698
0.3465784
0.3532542
0.3384670
0.3192279
0.3071915
0.2957908
0.2686130
0.2189357
0.1588736
0.1088315
0.0787406
0.0601951
0.0369253
0.0024291
-0.0335501
-0.0560678
-0.0610567
-0.0589697
-0.0630362
-0.0759957
-0.0893125
-0.0940833
-0.0909008
-0.0886241
-0.0944568
-0.1064601
-0.1161280
-0.1172698
-0.1111876
-0.1039399
-0.1008695
-0.1041658
-0.1126876
-0.1214626
-0.1230459
-0.1134421
-0.0978485
-0.0877507
-0.0896414
-0.0971581
-0.0968028
-0.0824673
-0.0627876
-0.0521675
-0.0550628
-0.0620851
-0.0630197
-0.0606106
-0.0671073
-0.0872497
-0.1092240
-0.1155660
-0.1014428
-0.0795119
-0.0671826
-0.0712345
-0.0848183
-0.0966115
-0.1005420
-0.0976211
-0.0920365
-0.0881244
-0.0896055
-0.0975081
-0.1070322
-0.1093454
-0.0998847
-0.0841619
-0.0722886
-0.0675184
-0.0632486
-0.0529709
-0.0407315
-0.0380519
-0.0496029
-0.0644888
-0.0651176
-0.0458549
-0.0210053
-0.0119170
-0.0262738
-0.0519024
-0.0707928
-0.0764051
-0.0758764
-0.0780616
-0.0833084
-0.0855671
-0.0819087
-0.0773206
-0.0793760
-0.0891376
-0.0991695
-0.1017869
-0.0984984
-0.0992173
-0.1111589
-0.1293915
-0.1396095
-0.1309747
-0.1068429
-0.0829858
-0.0741678
-0.0812145
-0.0914858
-0.0927919
-0.0860310
-0.0826082
-0.0898585
-0.1013537
-0.1029979
-0.0879954
-0.0645525
-0.0483316
-0.0475578
-0.0562326
-0.0624273
-0.0622439
-0.0636547
-0.0762059
-0.0988346
-0.1193109
-0.1250006
-0.1135025
-0.0939843
-0.0792837
-0.0754720
-0.0772716
-0.0743044
-0.0641774
-0.0596867
-0.0794388
-0.1259298
-0.1701126
-0.1606076
-0.0553760
0.1497341
0.4218489
0.7182126
1.0061976
1.2510348
1.3902632
1.3411852
1.0571174
0.5878768
0.0794738
-0.3028139
-0.4716453
-0.4569469
-0.3604885
-0.2726198
-0.2229260
-0.1934010
-0.1621202
-0.1288158
-0.1069233
-0.1033068
-0.1103345
-0.1142260
-0.1076162
-0.0946803
-0.0860882
-0.0891614
-0.1016118
-0.1137448
-0.1167091
-0.1095271
-0.0989594
-0.0922975
-0.0898399
-0.0852927
-0.0745428
-0.0624226
-0.0577645
-0.0617886
-0.0651361
-0.0588255
-0.0459582
-0.0389617
-0.0447048
-0.0547172
-0.0522613
-0.0292212
0.0053164
0.0342708
0.0495236
0.0578666
0.0703495
0.0890690
0.1068714
0.1177924
0.1238176
0.1313880
0.1447895
0.1643585
0.1885028
0.2148277
0.2400024
0.2611269
0.2784763
0.2955790
0.3141431
0.3282484
0.3262705
0.3018517
0.2623548
0.2225819
0.1888513
0.1527357
0.1033106
0.0431861
-0.0116571
-0.0479439
-0.0676896
-0.0831734
-0.1013029
-0.1158756
-0.1163698
-0.1026621
-0.0880291
-0.0863933
-0.0985034
-0.1126965
-0.1181167
-0.1148038
-0.1113056
-0.1149172
-0.1244829
-0.1307449
-0.1237432
-0.1024597
-0.0781380
-0.0658461
-0.0707730
-0.0835329
-0.0903576
-0.0875749
-0.0844680
-0.0910331
-0.1042056
-0.1092154
-0.0964162
-0.0744934
-0.0627296
-0.0697947
-0.0844771
-0.0897056
-0.0820592
-0.0731955
-0.0737344
-0.0809190
-0.0836888
-0.0765031
-0.0648159
-0.0572906
-0.0556578
-0.0546941
-0.0514044
-0.0504533
-0.0578696
-0.0712888
-0.0803476
-0.0774029
-0.0654192
-0.0545279
-0.0526647
-0.0599289
-0.0697086
-0.0739735
-0.0691529
-0.0588120
-0.0506511
-0.0501557
-0.0565528
-0.0640399
-0.0665101
-0.0621997
-0.0549181
-0.0503002
-0.0503897
-0.0530694
-0.0571757
-0.0654404
-0.0797364
-0.0949589
-0.1014348
-0.0947159
-0.0813783
-0.0735450
-0.0772098
-0.0861255
-0.0881570
-0.0785805
-0.0659063
-0.0622487
-0.0685785
-0.0731462
-0.0657736
-0.0504560
-0.0409710
-0.0454710
-0.0582414
-0.0668762
-0.0658845
-0.0619305
-0.0651197
-0.0756277
-0.0812136
-0.0700802
-0.0452343
-0.0233658
-0.0188594
-0.0303269
-0.0432610
-0.0450724
-0.0374689
-0.0340286
-0.0441946
-0.0598544
-0.0621810
-0.0455625
-0.0310787
-0.0475479
-0.0948173
-0.1294258
-0.0929235
0.0423147
0.2550362
0.5011471
0.7516333
0.9956378
1.2035320
1.3004055
1.2004123
0.8845420
0.4435784
0.0321619
-0.2314560
-0.3309079
-0.3311500
-0.3044432
-0.2771985
-0.2375799
-0.1778548
-0.1171476
-0.0830610
-0.0814899
-0.0932094
-0.0980089
-0.0945303
-0.0950532
-0.1069797
-0.1236423
-0.1311169
-0.1212017
-0.0985189
-0.0765196
-0.0661344
-0.0672719
-0.0707336
-0.0675590
-0.0564849
-0.0440821
-0.0385695
-0.0417178
-0.0457406
-0.0404607
-0.0251734
-0.0107096
-0.0070390
-0.0111142
-0.0107429
0.0001900
0.0139066
0.0173855
0.0078072
-0.0015828
0.0075554
0.0400363
0.0802859
0.1071032
0.1154527
0.1202220
0.1376068
0.1668299
0.1930156
0.2057169
0.2113643
0.2271906
0.2634939
0.3116689
0.3503798
0.3644977
0.3567007
0.3393160
0.3180916
0.2885037
0.2465959
0.1977421
0.1528855
0.1190672
0.0949600
0.0738921
0.0505853
0.0259790
0.0052758
-0.0091754
-0.0213790
-0.0370027
-0.0571618
-0.0779519
-0.0934722
-0.0980120
-0.0892016
-0.0723340
-0.0587910
-0.0563633
-0.0622673
-0.0680558
-0.0696918
-0.0702434
-0.0737778
-0.0787685
-0.0778074
-0.0647088
-0.0437023
-0.0296666
-0.0342358
-0.0510903
-0.0600013
-0.0479977
-0.0237694
-0.0092975
-0.0186382
-0.0446471
-0.0643565
-0.0586970
-0.0306289
-0.0033646
0.0025888
-0.0103440
-0.0226783
-0.0218384
-0.0151189
-0.0190795
-0.0406268
-0.0694448
-0.0866654
-0.0814426
-0.0610785
-0.0438712
-0.0408874
-0.0472742
-0.0521652
-0.0518576
-0.0500413
-0.0502706
-0.0533065
-0.0583931
-0.0622266
-0.0591857
-0.0471486
-0.0319035
-0.0229086
-0.0252818
-0.0359581
-0.0451668
-0.0429257
-0.0292027
-0.0170226
-0.0188733
-0.0296212
-0.0303860
-0.0114316
0.0154980
0.0303053
0.0245718
0.0065175
-0.0090329
-0.0137754
-0.0125716
-0.0171711
-0.0306146
-0.0409899
-0.0358173
-0.0190804
-0.0071028
-0.0101024
-0.0243666
-0.0396086
-0.0472100
-0.0444906
-0.0378804
-0.0385856
-0.0485803
-0.0550701
-0.0456670
-0.0246657
-0.0076013
-0.0041324
-0.0120106
-0.0224260
-0.0259346
-0.0194474
-0.0119797
-0.0158353
-0.0283810
-0.0327014
-0.0207746
-0.0043265
0.0026622
-0.0001620
-0.0066501
-0.0137457
-0.0178159
-0.0148269
-0.0098591
-0.0127896
-0.0204072
-0.0182168
-0.0032112
0.0121575
0.0201555
0.0222238
0.0142323
-0.0072822
-0.0245922
-0.0156752
0.0065777
0.0084933
-0.0068034
-0.0004696
0.0310210
0.0365157
-0.0113272
