-0.1304048
-0.1649021
-0.1501952
-0.1480416
-0.1699801
-0.1789913
-0.1667825
-0.1648993
-0.1853917
-0.2040736
-0.2042563
-0.1955754
-0.1878238
-0.1802180
-0.1768439
-0.1834357
-0.1901767
-0.1836206
-0.1723210
-0.1758284
-0.1918472
-0.1980916
-0.1843637
-0.1617230
-0.1420752
-0.1273433
-0.1167220
-0.1085172
-0.0969399
-0.0797822
-0.0651049
-0.0592305
-0.0540840
-0.0370587
-0.0068412
0.0300792
0.0706117
0.1128219
0.1502090
0.1778219
0.1973829
0.2088539
0.2051173
0.1831547
0.1530585
0.1279629
0.1105426
0.0948137
0.0752424
0.0500901
0.0222918
0.0000549
-0.0102538
-0.0137234
-0.0217527
-0.0357763
-0.0444753
-0.0392112
-0.0244122
-0.0108317
-0.0057433
-0.0108528
-0.0224086
-0.0319084
-0.0331603
-0.0297614
-0.0304966
-0.0378100
-0.0458331
-0.0482620
-0.0430189
-0.0315294
-0.0191443
-0.0138359
-0.0184782
-0.0262508
-0.0286202
-0.0254335
-0.0226721
-0.0235383
-0.0265997
-0.0294924
-0.0296024
-0.0240258
-0.0133762
-0.0031446
0.0022987
0.0044860
0.0069924
0.0098713
0.0103380
0.0062681
-0.0020830
-0.0105577
-0.0115933
-0.0016241
0.0115782
0.0152683
0.0071126
-0.0018156
-0.0018554
0.0030137
0.0013328
-0.0111278
-0.0263331
-0.0325595
-0.0268465
-0.0191380
-0.0223511
-0.0370825
-0.0497086
-0.0487424
-0.0388312
-0.0332752
-0.0362136
-0.0393320
-0.0350629
-0.0260226
-0.0199323
-0.0198611
-0.0217410
-0.0198722
-0.0140020
-0.0107378
-0.0164242
-0.0288985
-0.0395800
-0.0439935
-0.0455534
-0.0474668
-0.0464821
-0.0385598
-0.0268221
-0.0192844
-0.0202238
-0.0266517
-0.0321398
-0.0325111
-0.0290897
-0.0270555
-0.0290418
-0.0308063
-0.0261227
-0.0158886
-0.0090545
-0.0137397
-0.0294892
-0.0478515
-0.0582396
-0.0546186
-0.0401057
-0.0244437
-0.0137980
-0.0045240
0.0084216
0.0177689
0.0054485
-0.0372384
-0.0913596
-0.1151809
-0.0711149
0.0481450
0.2196301
0.4182397
0.6420615
0.8992772
1.1628713
1.3458158
1.3392505
1.0921244
0.6632374
0.1971646
-0.1593394
-0.3363947
-0.3595290
-0.3045736
-0.2364661
-0.1820076
-0.1427954
-0.1165370
-0.1021771
-0.0950273
-0.0876620
-0.0768433
-0.0662276
-0.0614331
-0.0634028
-0.0668721
-0.0657880
-0.0605997
-0.0585176
-0.0647193
-0.0749327
-0.0796179
-0.0747103
-0.0654137
-0.0598044
-0.0612769
-0.0669503
-0.0709799
-0.0693285
-0.0631010
-0.0573172
-0.0557519
-0.0581146
-0.0629266
-0.0706040
-0.0813980
-0.0920599
-0.0972568
-0.0937894
-0.0819930
-0.0640639
-0.0423817
-0.0183766
0.0081119
0.0372517
0.0662749
0.0897969
0.1045097
0.1130389
0.1227879
0.1410524
0.1691538
0.1984004
0.2130454
0.2020677
0.1699155
0.1329186
0.1035117
0.0800386
0.0532736
0.0205231
-0.0094637
-0.0256054
-0.0270535
-0.0253044
-0.0328092
-0.0501833
-0.0670100
-0.0753106
-0.0784064
-0.0844109
-0.0949586
-0.1049441
-0.1113597
-0.1166897
-0.1225032
-0.1240297
-0.1145244
-0.0945271
-0.0747096
-0.0678823
-0.0773404
-0.0936120
-0.1037008
-0.1028265
-0.0956770
-0.0878264
-0.0799682
-0.0712080
-0.0639831
-0.0628533
-0.0698125
-0.0822948
-0.0946076
-0.1007811
-0.0983628
-0.0911969
-0.0869023
-0.0892790
-0.0932270
-0.0890875
-0.0741453
-0.0606541
-0.0695561
-0.1095783
-0.1578825
-0.1642093
-0.0814480
0.1030721
0.3645044
0.6641807
0.9698417
1.2496473
1.4515672
1.5016335
1.3395979
0.9713311
0.4909758
0.0428251
-0.2557375
-0.3719247
-0.3546922
-0.2838188
-0.2179490
-0.1760025
-0.1505651
-0.1302146
-0.1113926
-0.0966689
-0.0885098
-0.0871478
-0.0919555
-0.1011790
-0.1103210
-0.1140044
-0.1109163
-0.1052963
-0.1025036
-0.1041613
-0.1080030
-0.1111027
-0.1126942
-0.1147838
-0.1200955
-0.1283960
-0.1350899
-0.1349216
-0.1273309
-0.1173167
-0.1112139
-0.1121845
-0.1185804
-0.1248117
-0.1242369
-0.1133342
-0.0940380
-0.0718042
-0.0516093
-0.0357187
-0.0237190
-0.0133278
-0.0017512
0.0129242
0.0321857
0.0587090
0.0950648
0.1389481
0.1810282
0.2100529
0.2208838
0.2171848
0.2063427
0.1918697
0.1705935
0.1378692
0.0962143
0.0572930
0.0325989
0.0219320
0.0136025
-0.0028759
-0.0261839
-0.0465178
-0.0578501
-0.0645521
-0.0752702
-0.0913404
-0.1032884
-0.1008210
-0.0861725
-0.0746080
-0.0793412
-0.0973974
-0.1131996
-0.1157780
-0.1096444
-0.1078620
-0.1164897
-0.1278053
-0.1288662
-0.1156374
-0.0973722
-0.0864556
-0.0852614
-0.0852442
-0.0785819
-0.0672471
-0.0587423
-0.0555737
-0.0524720
-0.0438147
-0.0310366
-0.0214010
-0.0203424
-0.0260416
-0.0315586
-0.0316772
-0.0273806
-0.0249666
-0.0330298
-0.0592923
-0.1038056
-0.1487626
-0.1567677
-0.0882409
0.0725633
0.3086876
0.5879995
0.8840583
1.1713913
1.3995599
1.4854479
1.3540848
1.0058569
0.5461550
0.1352346
-0.1103344
-0.1824146
-0.1599099
-0.1301343
-0.1282687
-0.1386887
-0.1364657
-0.1186544
-0.1009887
-0.0961325
-0.1019822
-0.1091177
-0.1135125
-0.1188136
-0.1287024
-0.1412008
-0.1509579
-0.1544103
-0.1517602
-0.1460978
-0.1419049
-0.1426468
-0.1480034
-0.1540875
-0.1574737
-0.1584327
-0.1593677
-0.1606954
-0.1593364
-0.1514399
-0.1363744
-0.1179376
-0.1013231
-0.0887457
-0.0786548
-0.0693744
-0.0618358
-0.0570115
-0.0516484
-0.0393661
-0.0173722
0.0087911
0.0286577
0.0362231
0.0368443
0.0442001
0.0680528
0.1035977
0.1343249
0.1473339
0.1453667
0.1421775
0.1463866
0.1518124
0.1445145
0.1183548
0.0823262
0.0521693
0.0355758
0.0270962
0.0177471
0.0069590
0.0019592
0.0061101
0.0121443
0.0095626
-0.0030473
-0.0159761
-0.0189304
-0.0119710
-0.0050586
-0.0072758
-0.0175899
-0.0267931
-0.0275888
-0.0209075
-0.0122070
-0.0043847
0.0032023
0.0101940
0.0132462
0.0094930
0.0000135
-0.0111597
-0.0200847
-0.0238980
-0.0202479
-0.0084905
0.0071996
0.0173993
0.0135834
-0.0028587
-0.0189542
-0.0208326
-0.0072429
0.0094954
0.0170130
0.0152310
0.0134508
0.0171712
0.0212836
0.0168280
0.0018343
-0.0166385
-0.0304806
-0.0381694
-0.0432077
-0.0465089
-0.0436550
-0.0313218
-0.0142800
-0.0027819
-0.0026535
-0.0099810
-0.0161994
-0.0169352
-0.0152907
-0.0179278
-0.0288528
-0.0457805
-0.0610710
-0.0666668
-0.0600990
-0.0473422
-0.0397304
-0.0459602
-0.0644940
-0.0833609
-0.0896215
-0.0810000
-0.0678139
-0.0624115
-0.0672391
-0.0742724
-0.0754431
-0.0719305
-0.0726791
-0.0844337
-0.1037459
-0.1190798
-0.1212689
-0.1120216
-0.1017706
-0.0994377
-0.1053055
-0.1137140
-0.1205552
-0.1262323
-0.1319230
-0.1354104
-0.1325948
-0.1233090
-0.1140467
-0.1127787
-0.1204351
-0.1290438
-0.1296006
-0.1207576
-0.1083181
-0.0974654
-0.0882520
-0.0788042
-0.0699735
-0.0649268
-0.0655595
-0.0712855
-0.0807517
-0.0923774
-0.1023379
-0.1042468
-0.0943335
-0.0780708
-0.0688256
-0.0760281
-0.0941435
-0.1062317
-0.1002499
-0.0806589
-0.0632499
-0.0609736
-0.0768112
-0.1071581
-0.1452211
-0.1777087
-0.1823468
-0.1366499
-0.0337651
0.1125416
0.2837665
0.4779355
0.7075413
0.9668109
1.1993705
1.3081668
1.2132700
0.9140113
0.5017166
0.1098356
-0.1600295
-0.2820358
-0.2958361
-0.2623540
-0.2251628
-0.2001189
-0.1861848
-0.1781008
-0.1716193
-0.1647168
-0.1586260
-0.1569030
-0.1611337
-0.1673743
-0.1684872
-0.1613804
-0.1517914
-0.1502886
-0.1617750
-0.1787759
-0.1865548
-0.1760767
-0.1520383
-0.1283755
-0.1167270
-0.1189780
-0.1287381
-0.1379716
-0.1426128
-0.1438092
-0.1450263
-0.1478484
-0.1500216
-0.1472914
-0.1374190
-0.1231049
-0.1111284
-0.1073887
-0.1113283
-0.1154351
-0.1117503
-0.0995053
-0.0855148
-0.0763473
-0.0705296
-0.0593010
-0.0356115
-0.0025041
0.0281346
0.0465853
0.0554788
0.0672760
0.0897443
0.1147822
0.1245067
0.1097491
0.0809390
0.0584491
0.0518635
0.0503348
0.0347710
-0.0010070
-0.0430531
-0.0716490
-0.0807748
-0.0812965
-0.0864977
-0.0987326
-0.1117299
-0.1219449
-0.1325909
-0.1463339
-0.1584603
-0.1609292
-0.1526044
-0.1423481
-0.1401724
-0.1465148
-0.1524367
-0.1503260
-0.1418041
-0.1336282
-0.1281633
-0.1213650
-0.1100446
-0.0975732
-0.0902437
-0.0897045
-0.0916238
-0.0917300
-0.0907706
-0.0920087
-0.0949732
-0.0941358
-0.0848785
-0.0695481
-0.0559535
-0.0501296
-0.0519756
-0.0575649
-0.0632104
-0.0663602
-0.0652757
-0.0608241
-0.0576335
-0.0600059
-0.0656387
-0.0661077
-0.0562891
-0.0425578
-0.0385096
-0.0508205
-0.0709336
-0.0834918
-0.0831571
-0.0801871
-0.0873857
-0.1037227
-0.1147687
-0.1098065
-0.0950100
-0.0870223
-0.0948427
-0.1109079
-0.1203976
-0.1170011
-0.1076340
-0.1024542
-0.1029403
-0.1015989
-0.0923587
-0.0785214
-0.0693128
-0.0702277
-0.0784976
-0.0871125
-0.0909869
-0.0889798
-0.0823285
-0.0732545
-0.0646368
-0.0588858
-0.0557120
-0.0515639
-0.0429680
-0.0312226
-0.0226386
-0.0225257
-0.0291767
-0.0355592
-0.0374998
-0.0385652
-0.0454286
-0.0591726
-0.0727981
-0.0776948
-0.0719711
-0.0623347
-0.0581973
-0.0636713
-0.0742419
-0.0804731
-0.0755164
-0.0607593
-0.0456353
-0.0413155
-0.0519192
-0.0697303
-0.0796954
-0.0712183
-0.0473763
-0.0226750
-0.0112207
-0.0163681
-0.0305308
-0.0434484
-0.0501740
-0.0521531
-0.0522626
-0.0501769
-0.0431964
-0.0311115
-0.0188048
-0.0129019
-0.0159492
-0.0245698
-0.0334217
-0.0404199
-0.0477139
-0.0577370
-0.0689436
-0.0763105
-0.0764787
-0.0717847
-0.0682699
-0.0698759
-0.0755269
-0.0815402
-0.0848920
-0.0833069
-0.0747861
-0.0610385
-0.0520163
-0.0623266
-0.0963607
-0.1341580
-0.1362338
-0.0700273
0.0648157
0.2403211
0.4323342
0.6443522
0.8886868
1.1378156
1.3018809
1.2730862
1.0110021
0.5924836
0.1734408
-0.1109877
-0.2244544
-0.2249915
-0.1954063
-0.1790821
-0.1716041
-0.1557451
-0.1314611
-0.1132105
-0.1092349
-0.1122193
-0.1099047
-0.0994470
-0.0884472
-0.0840539
-0.0848207
-0.0842283
-0.0798251
-0.0764150
-0.0803687
-0.0924767
-0.1068213
-0.1155084
-0.1140937
-0.1039031
-0.0907755
-0.0814968
-0.0799055
-0.0849367
-0.0918074
-0.0954456
-0.0938659
-0.0893309
-0.0864574
-0.0884698
-0.0943993
-0.0994904
-0.0985454
-0.0897554
-0.0762587
-0.0639226
-0.0564028
-0.0515952
-0.0436619
-0.0294383
-0.0120912
0.0031937
0.0172132
0.0383783
0.0742171
0.1210451
0.1637026
0.1873304
0.1899683
0.1829478
0.1784702
0.1773955
0.1698713
0.1473064
0.1124553
0.0777080
0.0545920
0.0450035
0.0409556
0.0315553
0.0113702
-0.0155292
-0.0386572
-0.0494650
-0.0486498
-0.0458740
-0.0511851
-0.0653373
-0.0785855
-0.0803197
-0.0705878
-0.0610828
-0.0633468
-0.0761864
-0.0862611
-0.0819918
-0.0662878
-0.0544803
-0.0592367
-0.0776548
-0.0935560
-0.0927773
-0.0763429
-0.0587308
-0.0536271
-0.0617369
-0.0719212
-0.0727941
-0.0626198
-0.0491567
-0.0414331
-0.0414523
-0.0423180
-0.0341156
-0.0138509
0.0078116
0.0105090
-0.0196202
-0.0712062
-0.1036053
-0.0670451
0.0653531
0.2812783
0.5438478
0.8198022
1.0874997
1.3148210
1.4382971
1.3832507
1.1226453
0.7217298
0.3159190
0.0289489
-0.1013454
-0.1263240
-0.1229207
-0.1283274
-0.1306980
-0.1100663
-0.0753286
-0.0580231
-0.0769210
-0.1170619
-0.1453230
-0.1428414
-0.1196536
-0.0999318
-0.0971735
-0.1047755
-0.1073099
-0.0970720
-0.0795781
-0.0661638
-0.0635034
-0.0693318
-0.0760482
-0.0777169
-0.0744740
-0.0709477
-0.0703805
-0.0702157
-0.0638919
-0.0476407
-0.0256933
-0.0080874
-0.0021349
-0.0053959
-0.0076192
-0.0006090
0.0136979
0.0256720
0.0288368
0.0276821
0.0338038
0.0539897
0.0825421
0.1060790
0.1164046
0.1186041
0.1259983
0.1467757
0.1755092
0.1975891
0.2015758
0.1874698
0.1642539
0.1407243
0.1186840
0.0938218
0.0621954
0.0258463
-0.0074617
-0.0299426
-0.0397850
-0.0422140
-0.0447238
-0.0505936
-0.0564562
-0.0564474
-0.0493469
-0.0414415
-0.0412875
-0.0510157
-0.0633938
-0.0684594
-0.0633407
-0.0551377
-0.0536852
-0.0612443
-0.0693045
-0.0659918
-0.0475651
-0.0232191
-0.0078095
-0.0079853
-0.0144600
-0.0097173
0.0128825
0.0359614
0.0280239
-0.0255720
-0.0964320
-0.1205495
-0.0398416
0.1569002
0.4312146
0.7299698
1.0181393
1.2740562
1.4586441
1.5058094
1.3611401
1.0387257
0.6359952
0.2818215
0.0588057
-0.0339181
-0.0523479
-0.0503934
-0.0479549
-0.0413107
-0.0287936
-0.0196115
-0.0225153
-0.0344647
-0.0439960
-0.0435738
-0.0362680
-0.0312478
-0.0348182
-0.0455012
-0.0555195
-0.0564741
-0.0461114
-0.0319310
-0.0269842
-0.0387091
-0.0604952
-0.0761929
-0.0752025
-0.0628951
-0.0545454
-0.0588691
-0.0692894
-0.0724576
-0.0637997
-0.0520236
-0.0478777
-0.0511370
-0.0514663
-0.0416297
-0.0265414
-0.0170826
-0.0164307
-0.0156428
-0.0038546
0.0190173
0.0419339
0.0551577
0.0614614
0.0738709
0.1026404
0.1452239
0.1887555
0.2210768
0.2388080
0.2460242
0.2472083
0.2423798
0.2284098
0.2043046
0.1751504
0.1506391
0.1384711
0.1378847
0.1397691
0.1345252
0.1208064
0.1061722
0.0984265
0.0968115
0.0932715
0.0829764
0.0719014
0.0715167
0.0854529
0.1033704
0.1099736
0.0998863
0.0822752
0.0707679
0.0703150
0.0746459
0.0750226
0.0692543
0.0619551
0.0580388
0.0577534
0.0575980
0.0543442
0.0476227
0.0398102
0.0343339
0.0332342
0.0351107
0.0359847
0.0339305
0.0329498
0.0398272
0.0550511
0.0680609
0.0649447
0.0426786
0.0141727
-0.0034013
-0.0057319
-0.0051952
-0.0166491
-0.0407278
-0.0631777
-0.0706961
-0.0654067
-0.0623770
-0.0739120
-0.0981344
-0.1230371
-0.1398187
-0.1506339
-0.1636688
-0.1823234
-0.2005010
-0.2086258
-0.2037027
-0.1928606
-0.1866912
-0.1891905
-0.1946364
-0.1945415
-0.1870681
-0.1784232
-0.1745243
-0.1726565
-0.1637545
-0.1439771
-0.1223079
-0.1137318
-0.1236265
-0.1403885
-0.1457575
-0.1330208
-0.1138271
-0.1059517
-0.1147252
-0.1276765
-0.1278169
-0.1112936
-0.0910124
-0.0832489
-0.0921324
-0.1080066
-0.1195842
-0.1249002
-0.1288787
-0.1322742
-0.1279315
-0.1117747
-0.0961859
-0.1058041
-0.1526523
-0.2133557
-0.2359072
-0.1760218
-0.0296053
0.1726362
0.4028768
0.6613014
0.9526420
1.2335399
1.3942027
1.3151409
0.9638376
0.4440780
-0.0567712
-0.3855156
-0.5086251
-0.5002203
-0.4578109
-0.4287115
-0.4036070
-0.3608611
-0.3038772
-0.2574173
-0.2393272
-0.2445736
-0.2555731
-0.2613351
-0.2633429
-0.2663461
-0.2690857
-0.2659422
-0.2552452
-0.2429125
-0.2369996
-0.2392834
-0.2427469
-0.2376290
-0.2206281
-0.1988674
-0.1844300
-0.1835215
-0.1900451
-0.1906000
-0.1773385
-0.1561858
-0.1410747
-0.1391203
-0.1425531
-0.1371937
-0.1188267
-0.0985623
