-0.0633382
-0.0477233
-0.0510731
-0.0769766
-0.1075232
-0.1228261
-0.1190668
-0.1069522
-0.0973114
-0.0927187
-0.0914135
-0.0929818
-0.0967569
-0.0980327
-0.0912697
-0.0777390
-0.0661443
-0.0633259
-0.0665070
-0.0674817
-0.0632061
-0.0587587
-0.0597013
-0.0655460
-0.0731489
-0.0830004
-0.0966932
-0.1083469
-0.1050883
-0.0813136
-0.0503767
-0.0359332
-0.0492266
-0.0780219
-0.1007349
-0.1093092
-0.1143716
-0.1285004
-0.1491439
-0.1604222
-0.1489074
-0.1146962
-0.0696587
-0.0304516
-0.0135225
-0.0293262
-0.0734233
-0.1233366
-0.1512592
-0.1456103
-0.1199779
-0.0986482
-0.0937267
-0.0977671
-0.0965451
-0.0841763
-0.0646528
-0.0439133
-0.0262587
-0.0178378
-0.0275424
-0.0602080
-0.1093228
-0.1564391
-0.1736389
-0.1240251
0.0319614
0.3124658
0.6816304
1.0423411
1.2780043
1.3214141
1.1952831
0.9892853
0.7949715
0.6539579
0.5543334
0.4632541
0.3597447
0.2454916
0.1367081
0.0503671
-0.0061331
-0.0377515
-0.0557514
-0.0675521
-0.0726564
-0.0692379
-0.0623112
-0.0609638
-0.0668236
-0.0702911
-0.0630242
-0.0523221
-0.0565559
-0.0831850
-0.1152942
-0.1257686
-0.1056061
-0.0743124
-0.0598499
-0.0702943
-0.0878462
-0.0894273
-0.0694363
-0.0415781
-0.0223213
-0.0165249
-0.0183754
-0.0216497
-0.0255759
-0.0312963
-0.0356273
-0.0308140
-0.0116140
0.0170981
0.0406466
0.0448203
0.0283755
0.0059550
-0.0029457
0.0102854
0.0378120
0.0648299
0.0833404
0.0959813
0.1083084
0.1209712
0.1308465
0.1369206
0.1410998
0.1432533
0.1395617
0.1286957
0.1176051
0.1167926
0.1283966
0.1414480
0.1413015
0.1229327
0.0930041
0.0598664
0.0254961
-0.0104510
-0.0415258
-0.0551192
-0.0453237
-0.0235308
-0.0124474
-0.0271407
-0.0615152
-0.0936071
-0.1045337
-0.0937592
-0.0782179
-0.0775681
-0.0983019
-0.1286181
-0.1470279
-0.1380510
-0.1039439
-0.0642779
-0.0434208
-0.0543588
-0.0900116
-0.1279993
-0.1453613
-0.1330338
-0.1006022
-0.0687816
-0.0551245
-0.0627271
-0.0797631
-0.0901205
-0.0867088
-0.0761979
-0.0709217
-0.0754333
-0.0807033
-0.0720227
-0.0433939
-0.0046567
0.0254685
0.0337484
0.0210987
-0.0009458
-0.0205078
-0.0323050
-0.0371104
-0.0376407
-0.0360549
-0.0337851
-0.0316129
-0.0295927
-0.0281374
-0.0296238
-0.0374463
-0.0517964
-0.0668663
-0.0747199
-0.0735299
-0.0706520
-0.0750202
-0.0863328
-0.0944685
-0.0914789
-0.0820944
-0.0784841
-0.0840902
-0.0868901
-0.0729528
-0.0457427
-0.0267555
-0.0336890
-0.0603569
-0.0828228
-0.0857919
-0.0782023
-0.0792402
-0.0922228
-0.0992207
-0.0836164
-0.0524088
-0.0297289
-0.0288597
-0.0372199
-0.0329576
-0.0127536
0.0031299
-0.0057594
-0.0368285
-0.0681612
-0.0823087
-0.0808781
-0.0757639
-0.0728710
-0.0698332
-0.0664387
-0.0688230
-0.0797223
-0.0895651
-0.0841439
-0.0619959
-0.0394729
-0.0351737
-0.0508506
-0.0704734
-0.0774757
-0.0700001
-0.0591683
-0.0565026
-0.0659643
-0.0851278
-0.1078009
-0.1239029
-0.1226472
-0.1027037
-0.0793098
-0.0750716
-0.0985269
-0.1326393
-0.1486341
-0.1329387
-0.0985950
-0.0688180
-0.0519956
-0.0371852
-0.0145886
0.0049698
-0.0026207
-0.0464187
-0.1033296
-0.1342186
-0.1189369
-0.0743787
-0.0371502
-0.0296810
-0.0446654
-0.0606221
-0.0669587
-0.0695093
-0.0743975
-0.0754275
-0.0636773
-0.0460217
-0.0442815
-0.0706225
-0.1081742
-0.1231598
-0.0955002
-0.0288963
0.0733797
0.2323394
0.4748110
0.7821980
1.0666735
1.2167750
1.1794103
0.9993426
0.7774003
0.5914331
0.4560258
0.3468054
0.2467818
0.1622307
0.1035281
0.0662642
0.0365581
0.0078175
-0.0152247
-0.0273835
-0.0314937
-0.0349572
-0.0429851
-0.0580858
-0.0818759
-0.1117608
-0.1369223
-0.1438441
-0.1287311
-0.1013321
-0.0740925
-0.0514123
-0.0347354
-0.0352263
-0.0702275
-0.1391807
-0.2076146
-0.2277227
-0.1826367
-0.1070008
-0.0563619
-0.0549734
-0.0785080
-0.0893390
-0.0813473
-0.0813705
-0.1078257
-0.1393149
-0.1340178
-0.0789666
-0.0109864
0.0173869
-0.0093908
-0.0559411
-0.0738811
-0.0478151
-0.0011642
0.0371796
0.0619633
0.0852009
0.1097633
0.1206670
0.1052956
0.0750918
0.0590967
0.0750126
0.1112464
0.1399729
0.1446769
0.1310251
0.1130193
0.0958470
0.0761788
0.0543945
0.0381363
0.0315011
0.0263641
0.0103790
-0.0170523
-0.0419656
-0.0514435
-0.0491698
-0.0517610
-0.0701407
-0.0980439
-0.1200213
-0.1275891
-0.1246763
-0.1195734
-0.1167960
-0.1178758
-0.1246208
-0.1358168
-0.1417152
-0.1283213
-0.0916503
-0.0460758
-0.0143596
-0.0082051
-0.0204819
-0.0368027
-0.0511023
-0.0664981
-0.0831617
-0.0922291
-0.0859551
-0.0712278
-0.0673513
-0.0883073
-0.1290930
-0.1703628
-0.1939909
-0.1927725
-0.1695982
-0.1349781
-0.1076875
-0.1103617
-0.1532062
-0.2174167
-0.2605568
-0.2484918
-0.1873439
-0.1215990
-0.0954770
-0.1135468
-0.1398744
-0.1365808
-0.1025001
-0.0731052
-0.0830759
-0.1305944
-0.1791324
-0.1927985
-0.1675467
-0.1279738
-0.0984423
-0.0833817
-0.0758619
-0.0766563
-0.0942535
-0.1245085
-0.1403549
-0.1139210
-0.0515299
0.0015892
0.0008867
-0.0517594
-0.1065411
-0.1123790
-0.0628727
0.0043539
0.0471948
0.0510760
0.0260271
-0.0134119
-0.0556564
-0.0864068
-0.0917608
-0.0746205
-0.0601174
-0.0728864
-0.1077883
-0.1321969
-0.1230963
-0.0967989
-0.0936719
-0.1333074
-0.1914512
-0.2236978
-0.2068042
-0.1536752
-0.0949445
-0.0558747
-0.0498052
-0.0798505
-0.1348869
-0.1870293
-0.2065420
-0.1874988
-0.1552062
-0.1413300
-0.1512663
-0.1608419
-0.1465000
-0.1137482
-0.0908332
-0.0944972
-0.1041086
-0.0690650
0.0582692
0.2893573
0.5851954
0.8672224
1.0503635
1.0847532
0.9822325
0.8072671
0.6356934
0.5106373
0.4272518
0.3531315
0.2629635
0.1590427
0.0654397
0.0050209
-0.0209902
-0.0348425
-0.0629569
-0.1101871
-0.1516903
-0.1548535
-0.1146045
-0.0664654
-0.0587948
-0.1074411
-0.1782596
-0.2173824
-0.2000202
-0.1490756
-0.1071734
-0.0946683
-0.0978886
-0.0947867
-0.0832396
-0.0785604
-0.0871758
-0.0925860
-0.0730720
-0.0303898
0.0056074
0.0039693
-0.0366168
-0.0846586
-0.1024158
-0.0763747
-0.0258250
0.0141808
0.0193326
-0.0074010
-0.0393269
-0.0469505
-0.0217822
0.0164481
0.0380847
0.0326121
0.0193927
0.0267342
0.0600674
0.0943127
0.1002539
0.0765744
0.0520697
0.0554035
0.0854867
0.1141594
0.1168226
0.0968490
0.0783858
0.0779935
0.0876383
0.0864855
0.0657282
0.0372182
0.0168226
0.0032850
-0.0210752
-0.0670244
-0.1199034
-0.1506908
-0.1473374
-0.1298945
-0.1281352
-0.1449101
-0.1497170
-0.1147022
-0.0538327
-0.0174280
-0.0429359
-0.1141459
-0.1744449
-0.1811281
-0.1435887
-0.1079116
-0.1093997
-0.1448955
-0.1876749
-0.2187472
-0.2372997
-0.2461228
-0.2389398
-0.2089331
-0.1664497
-0.1401222
-0.1545816
-0.2053516
-0.2567365
-0.2675070
-0.2238414
-0.1521673
-0.1004789
-0.1015383
-0.1465138
-0.1916438
-0.1953420
-0.1557114
-0.1134774
-0.1139140
-0.1616612
-0.2132208
-0.2167086
-0.1603723
-0.0819179
-0.0312863
-0.0265989
-0.0462905
-0.0590603
-0.0547893
-0.0450611
-0.0405438
-0.0370139
-0.0255390
-0.0093872
-0.0029748
-0.0137201
-0.0311160
-0.0384192
-0.0333582
-0.0321086
-0.0502981
-0.0823461
-0.1036480
-0.0951089
-0.0642325
-0.0396654
-0.0441789
-0.0738541
-0.1040789
-0.1146203
-0.1076616
-0.1022885
-0.1134054
-0.1360159
-0.1466237
-0.1157458
-0.0191863
0.1552428
0.3997435
0.6769220
0.9213746
1.0644801
1.0725890
0.9684310
0.8139913
0.6668853
0.5472035
0.4409914
0.3309153
0.2208790
0.1321681
0.0800140
0.0575210
0.0422923
0.0163710
-0.0204797
-0.0538680
-0.0687167
-0.0627360
-0.0506369
-0.0552793
-0.0895742
-0.1423259
-0.1825521
-0.1827891
-0.1427728
-0.0914219
-0.0638947
-0.0739230
-0.1057689
-0.1310450
-0.1332420
-0.1186923
-0.1075749
-0.1151920
-0.1385939
-0.1579623
-0.1524772
-0.1196438
-0.0807431
-0.0635461
-0.0757403
-0.0962784
-0.0962839
-0.0688001
-0.0350558
-0.0204803
-0.0278933
-0.0375928
-0.0319524
-0.0143963
-0.0017396
-0.0017128
-0.0031917
0.0115880
0.0494084
0.1011123
0.1485711
0.1727564
0.1604085
0.1132090
0.0541175
0.0175230
0.0234226
0.0585632
0.0869679
0.0823892
0.0496280
0.0129395
-0.0132407
-0.0368315
-0.0712071
-0.1122547
-0.1391425
-0.1382194
-0.1208367
-0.1136135
-0.1321881
-0.1668870
-0.1934788
-0.1958117
-0.1785792
-0.1614749
-0.1627783
-0.1859411
-0.2171480
-0.2337247
-0.2183917
-0.1721519
-0.1175694
-0.0870531
-0.1005555
-0.1483595
-0.1948846
-0.2039078
-0.1663703
-0.1075780
-0.0669286
-0.0669368
-0.0980728
-0.1315967
-0.1462961
-0.1427901
-0.1342952
-0.1286957
-0.1235354
-0.1163640
-0.1130513
-0.1211759
-0.1372300
-0.1461496
-0.1365370
-0.1140889
-0.0963064
-0.0941977
-0.1032937
-0.1145099
-0.1289742
-0.1548756
-0.1889425
-0.2088794
-0.1925761
-0.1456266
-0.1039228
-0.1034345
-0.1461170
-0.1966776
-0.2135584
-0.1839154
-0.1311959
-0.0926244
-0.0900738
-0.1175203
-0.1493809
-0.1595658
-0.1393648
-0.1045731
-0.0848545
-0.0986945
-0.1335763
-0.1533128
-0.1308565
-0.0761381
-0.0289962
-0.0217259
-0.0484863
-0.0727912
-0.0645082
-0.0274262
0.0091316
0.0211338
0.0083675
-0.0143208
-0.0354054
-0.0519224
-0.0620544
-0.0617525
-0.0510804
-0.0381683
-0.0317347
-0.0316141
-0.0317542
-0.0324665
-0.0431568
-0.0680434
-0.0932494
-0.0973028
-0.0775935
-0.0592862
-0.0698879
-0.1064098
-0.1352992
-0.1256775
-0.0734687
0.0133765
0.1439656
0.3399337
0.5926348
0.8345909
0.9724558
0.9597358
0.8355167
0.6864072
0.5709936
0.4845353
0.3923928
0.2839383
0.1842248
0.1188644
0.0825409
0.0497037
0.0098993
-0.0185985
-0.0138755
0.0166085
0.0357287
0.0124377
-0.0443799
-0.0913830
-0.0917262
-0.0503287
-0.0084311
-0.0041080
-0.0383654
-0.0783021
-0.0906936
-0.0709117
-0.0406230
-0.0220836
-0.0194803
-0.0247474
-0.0340844
-0.0510160
-0.0738779
-0.0888614
-0.0821627
-0.0571943
-0.0335504
-0.0266456
-0.0316898
-0.0309572
-0.0151699
0.0066379
0.0192820
0.0189991
0.0149240
0.0155358
0.0203108
0.0270152
0.0412775
0.0718167
0.1164980
0.1593879
0.1851892
0.1939111
0.1977244
0.2046957
0.2104171
0.2077242
0.2009677
0.2047863
0.2267204
0.2544679
0.2647007
0.2450138
0.2051581
0.1668133
0.1449087
0.1390059
0.1383339
0.1309868
0.1097716
0.0748771
0.0345617
0.0016697
-0.0148766
-0.0178376
-0.0200528
-0.0323750
-0.0520113
-0.0643500
-0.0580515
-0.0378611
-0.0211303
-0.0217311
-0.0379221
-0.0546819
-0.0559136
-0.0353716
-0.0000432
0.0337279
0.0487945
0.0372759
0.0072641
-0.0196527
-0.0218500
0.0054945
0.0448136
0.0700260
0.0693793
0.0550654
0.0493680
0.0620123
0.0825495
0.0940933
0.0914109
0.0836611
0.0811090
0.0831305
0.0817885
0.0753703
0.0732514
0.0839583
0.1006126
0.1037121
0.0813771
0.0453868
0.0241731
0.0378565
0.0786509
0.1151859
0.1180349
0.0847526
0.0416099
0.0190128
0.0231147
0.0321127
0.0221496
-0.0038452
-0.0166083
0.0071414
0.0539079
0.0802143
0.0547803
-0.0070360
-0.0554377
-0.0540247
-0.0121054
0.0314176
0.0498057
0.0474676
0.0409143
0.0332553
0.0160229
-0.0082515
-0.0176330
0.0076382
0.0584609
0.0997686
0.1032196
0.0736374
0.0405893
0.0278166
0.0359247
0.0520413
0.0671055
0.0796892
0.0892418
0.0934438
0.0918990
0.0869218
0.0794921
0.0689410
0.0588863
0.0589431
0.0759335
0.1080412
0.1589582
0.2601754
0.4623346
0.7802724
1.1401416
1.4010123
1.4559473
1.3217174
1.1210052
0.9691008
0.8805086
0.7875740
0.6387624
0.4624113
0.3319260
0.2838375
0.2852779
0.2790115
0.2435150
0.1998852
0.1710761
0.1525368
0.1260208
0.0886639
0.0574423
0.0489693
0.0638458
0.0899015
0.1122164
0.1179906
0.1007510
0.0688455
0.0473934
0.0609118
0.1074857
0.1551247
0.1729939
0.1672030
0.1764228
0.2246376
0.2828483
0.2889756
0.2109307
0.0857195
-0.0094290
-0.0253264
0.0204257
0.0695713
0.0822282
0.0673392
0.0589908
0.0726053
0.0927173
0.1019055
0.1097426
0.1425658
0.2058555
0.2670167
0.2832345
0.2455711
0.1901359
0.1628809
0.1754891
0.1991001
0.2000562
0.1758199
0.1526484
0.1535283
0.1765047
0.2034250
0.2195113
0.2182522
0.1945927
0.1462126
0.0849271
0.0378147
0.0263364
0.0425415
0.0529038
0.0320319
-0.0096089
-0.0386383
-0.0399059
-0.0349391
-0.0509083
-0.0773882
-0.0706378
-0.0094699
0.0629055
0.0708273
-0.0114736
-0.1170898
-0.1410130
-0.0454158
0.0946173
0.1597894
0.1021022
-0.0141086
-0.0858822
-0.0747688
-0.0287567
-0.0120828
-0.0339072
-0.0544399
-0.0473772
-0.0351974
-0.0566676
-0.1126038
-0.1596704
-0.1587673
-0.1169831
-0.0741784
-0.0568277
-0.0576649
-0.0577786
-0.0520312
-0.0443747
-0.0294898
0.0047274
0.0549471
0.0945761
0.0969342
0.0634134
0.0213231
-0.0066680
-0.0233818
-0.0425799
-0.0605594
-0.0555599
-0.0193574
0.0215499
0.0283396
-0.0077929
-0.0550316
-0.0748576
-0.0594260
-0.0310615
-0.0110646
0.0010166
0.0150792
0.0262262
0.0145068
-0.0274854
-0.0751754
-0.0918768
-0.0700720
-0.0442711
-0.0560120
-0.1088793
-0.1634686
-0.1757780
-0.1364919
-0.0736425
-0.0228195
0.0015222
0.0086069
0.0132712
0.0211341
0.0293767
0.0329145
0.0238948
-0.0090741
-0.0702337
-0.1429726
-0.1946858
-0.2020697
-0.1715132
-0.1330743
-0.1156320
-0.1278593
-0.1590614
-0.1932049
-0.2198636
-0.2334933
-0.2284677
-0.2027217
-0.1679837
-0.1486679
-0.1615174
-0.1952363
-0.2157125
-0.1963515
-0.1458392
-0.1064726
-0.1206465
-0.1906789
-0.2689111
-0.2948565
-0.2506299
-0.1799630
-0.1482057
-0.1818614
-0.2462602
-0.2775487
-0.2318896
-0.1059475
0.0810030
0.3127499
0.5746693
0.8275994
0.9982191
1.0154053
0.8660522
0.6131613
0.3560276
0.1704875
0.0773923
0.0506506
0.0446831
0.0196682
-0.0446038
-0.1452259
-0.2584537
-0.3483292
-0.3861554
-0.3728243
-0.3406988
-0.3262094
-0.3396738
-0.3643899
-0.3808048
-0.3845908
-0.3833905
-0.3845990
-0.3895576
-0.3968355
-0.4086536
-0.4306205
-0.4598690
-0.4758355
-0.4554807
-0.4043844
-0.3626986
-0.3678423
-0.4124438
-0.4468675
-0.4254379
-0.3508697
-0.2766384
-0.2625507
-0.3169673
-0.3803861
-0.3772390
-0.2905960
-0.1804281
-0.1270863
-0.1635297
-0.2575930
-0.3418104
-0.3575910
-0.2918371
-0.1862712
-0.1047628
-0.0843983
-0.1197858
-0.1843756
-0.2468864
-0.2731881
-0.2447629
-0.1846401
-0.1384638
-0.1190466
-0.0957609
-0.0498548
